-4
-4
22
66
-9
24
30
28
77
51
60
46
39
96
94
77
45
20
73
85
140
83
6
-12
39
65
84
104
-20
28
22
-7
83
80
2
56
35
49
76
54
67
45
85
71
58
46
69
78
19
6
59
71
50
39
-26
18
5
39
120
41
-2
-51
54
90
55
0
-17
-1
70
126
116
88
70
20
70
174
47
63
-9
46
125
97
103
41
3
8
115
142
81
38
25
61
93
154
93
41
64
72
68
83
115
71
28
133
100
-2
76
116
2
10
56
33
53
-14
46
17
42
36
63
45
60
-23
47
97
39
28
-43
14
-3
70
89
27
-34
48
66
66
-15
-38
36
139
86
-58
-139
-21
125
79
52
-85
-81
24
26
147
74
-36
-82
19
49
50
-85
-70
9
36
69
-10
-31
-18
-11
-20
72
38
39
40
29
9
42
53
0
22
34
54
46
-4
63
46
-77
-92
82
160
-62
-124
-96
-48
-2
56
85
18
-46
-28
10
57
-10
-106
-58
24
55
73
24
11
-44
-68
-8
76
42
-76
24
-11
133
125
-67
-62
-58
4
77
50
-69
-79
-51
6
150
-83
-117
56
38
-19
109
85
-113
-15
-70
83
84
-84
-55
6
-50
204
-10
-93
-19
-32
133
148
-154
-50
3
29
40
5
0
-4
-62
-34
105
27
-53
-84
-18
194
65
-99
-209
-59
70
135
-10
-67
-38
-24
113
14
-54
-9
28
62
21
-5
75
-24
16
-31
-8
19
0
86
82
-104
145
128
-29
-86
-98
-38
177
51
37
82
-139
22
77
-44
-20
-14
-70
-60
236
78
-16
-66
-127
181
249
-13
51
-124
-80
23
-34
87
-165
-143
-7
247
117
-53
-105
-101
-46
-41
-83
56
78
-42
-144
45
-15
20
-61
-100
61
-5
79
-108
-10
-67
-68
-114
-44
86
-44
-147
52
145
43
-37
-45
34
-59
70
37
34
-167
0
196
51
2
-72
-151
-9
52
214
26
-144
72
-95
32
-72
19
128
-53
-67
-55
14
-21
-71
-10
-2
48
70
87
-226
8
9
64
121
-14
-105
-145
99
66
146
-14
-119
-76
112
108
-78
-202
-46
228
-38
-218
-28
-51
-21
235
-88
-86
97
50
148
-169
-115
-82
221
93
-40
-69
-198
179
131
112
-167
-145
-66
101
263
61
-63
-263
-9
266
99
-250
-62
-132
146
159
129
129
-324
145
73
190
-79
-105
-48
-35
45
10
50
37
-203
39
54
-81
-10
-167
65
-107
-47
-238
-4
149
-77
-45
-48
-50
22
90
77
-95
-281
16
256
60
30
-354
-247
152
-26
61
-337
-286
-12
254
99
-243
8
-351
16
52
-149
-206
0
-33
-161
-171
-17
-152
-217
-4
192
86
-369
-139
35
66
-75
-156
-243
169
187
-85
-407
-42
259
129
-167
-203
34
117
190
-263
-154
-76
-10
59
-193
-33
-327
-14
138
111
-160
-285
-263
105
232
-234
-162
-167
55
197
-198
-277
-275
199
175
-138
-213
-189
28
36
419
-284
-329
-157
299
233
-183
-84
-98
277
183
-115
-252
19
73
40
181
-209
-44
-173
-162
-99
57
33
-258
-142
-73
131
-70
-159
-59
-68
253
-119
-211
61
-29
-62
-121
4
-177
-124
257
220
-89
-373
87
-6
46
-148
-163
-42
89
139
-178
-37
-272
-101
234
-88
-98
-213
85
-60
12
131
-198
175
-158
-98
240
15
-113
177
-112
41
23
-40
61
-88
-58
135
-24
22
-82
-63
163
-4
136
-171
135
-11
-53
-167
147
-70
-35
108
-84
81
-317
327
-8
-60
-132
-118
249
-69
81
-415
127
127
-34
205
12
158
-212
167
-16
-155
113
-82
-195
161
58
-158
-106
36
346
-43
-108
52
-42
129
-151
21
161
255
183
-260
-11
-14
65
372
-197
-71
7
83
39
-35
-60
140
135
8
-90
74
188
148
25
-455
59
23
8
-307
167
262
-6
184
-171
187
333
-146
-145
16
635
-100
-256
-233
204
388
-9
-213
-174
211
118
153
284
-355
-139
472
45
-3
-90
138
186
-131
-466
15
179
218
-209
-2
277
238
61
-416
254
-109
288
-148
-174
71
138
138
-135
-195
-185
124
132
88
-18
-203
-82
281
31
-159
-433
21
221
159
-95
70
296
-71
87
-72
133
-53
190
-211
-102
43
-229
297
-97
-135
-131
-38
300
199
44
-235
-21
472
-363
-171
-207
87
247
-220
183
-52
-185
-34
230
-22
-308
71
253
-179
-250
3
121
-156
154
115
-687
237
256
-130
-90
178
341
-336
-338
304
281
-69
-116
-443
107
440
-19
-331
-57
39
-20
-172
-235
-82
-82
180
113
-33
-265
31
188
-294
206
-129
-526
266
247
-57
-32
13
14
358
-330
-354
121
39
31
16
-143
-120
507
-132
-236
-279
254
454
-59
-245
-24
-57
157
243
8
-655
-173
21
632
242
-891
-17
136
73
90
108
-243
123
-87
-366
56
327
175
-184
-407
245
-106
121
-109
3
21
-275
126
-13
23
-176
-71
-51
-425
211
573
-29
-132
-229
128
561
-108
-332
-265
228
748
-490
-111
-186
262
104
-507
48
64
375
-353
-250
-314
167
640
174
-566
-888
1065
97
-607
-188
579
90
-341
-153
-151
-32
132
698
5
-777
387
73
50
126
-86
-155
1
99
-50
-95
-191
485
140
-344
-500
11
672
-352
5
-35
179
19
-193
-175
317
-176
248
-6
-590
225
493
373
-481
-240
-70
145
354
209
-237
-847
549
254
-194
-786
21
1130
-569
-588
93
718
160
-752
422
320
95
-120
-539
229
-113
83
-478
-229
425
563
75
-1029
-191
535
342
-56
-140
-42
-162
268
506
-741
-430
859
208
-574
396
6
-145
-566
-97
544
401
-52
-92
141
39
-467
453
-35
-588
114
381
-88
123
-13
-507
275
409
-115
-729
96
1109
182
-710
-413
421
514
-63
161
-543
-43
752
286
-945
-564
1142
-102
-419
939
-28
-926
-544
861
1063
-958
-768
522
378
-361
273
-255
-267
48
-81
368
-90
316
83
-449
305
782
-228
-1148
150
1192
18
-1608
-367
667
219
325
-224
-420
353
335
417
-495
-818
125
471
185
-755
-567
451
-154
741
319
-1279
396
248
560
-128
-450
599
-396
-187
522
299
-400
-216
860
-69
-715
272
296
-518
-279
328
251
-738
24
275
-118
-35
-483
139
-238
-403
1144
-481
-825
384
844
213
-806
33
696
14
-1048
1023
632
-1162
-776
1565
254
-1280
171
-83
570
-223
-594
-100
-84
1009
118
-1410
-668
970
704
-842
-968
689
1173
190
-1256
18
1190
227
-148
-722
-286
1636
241
-1104
-278
856
76
-618
-620
1610
821
-1969
469
732
-65
-692
-77
17
714
331
-852
525
-326
-132
868
-681
-61
920
-268
-253
-356
416
637
-782
-373
284
220
983
-575
-1238
711
701
-16
-1326
-258
1210
164
-917
-838
350
800
-294
-298
-474
450
-658
-124
788
-1471
702
206
-1130
979
295
-664
-372
354
394
-21
-774
-738
313
214
568
-1205
-381
490
441
-181
-213
561
-1183
1158
3
-805
-10
-561
1539
-209
-380
81
82
122
539
-863
754
767
-486
-360
269
817
-311
-634
151
798
-94
-994
-150
385
486
215
-883
293
-123
204
-349
379
-175
-426
889
402
-727
-783
93
524
173
-804
535
270
-867
656
48
-233
217
-1221
40
1691
-173
-1602
8
678
70
-278
-547
-15
193
802
-567
-553
545
321
-253
-97
758
-447
55
449
1025
932
-1021
-414
912
-473
-487
564
-8
-48
-77
278
251
-727
-502
101
349
-397
11
844
-380
-105
-430
231
301
-899
-2
1293
181
-296
396
439
-490
-100
655
-245
-415
-142
551
6
-883
666
-159
-624
475
262
286
-481
-297
367
-95
-565
-415
434
-824
231
1021
-424
-475
188
-735
316
899
-720
-357
-185
412
850
-602
-1433
-181
545
336
-105
389
-640
-360
880
-137
-641
-491
-609
611
341
-308
-748
535
262
-139
-537
-698
909
-1320
40
758
407
-409
-556
795
800
149
-765
-458
1132
408
256
-15
-862
-907
483
1004
184
-98
-311
-347
257
37
-1185
369
-177
-376
298
-503
156
30
518
233
-251
710
-1361
-288
1193
555
-1131
-455
1010
735
-723
-888
1637
-350
31
-316
-76
332
-656
-378
377
286
-806
-215
455
469
-422
-227
-73
-77
-264
-443
-139
468
-728
-324
187
88
-303
-776
-34
784
-34
-355
712
177
-181
223
-80
-1005
-378
532
624
-691
-542
653
396
-533
-517
-139
-300
-657
574
-227
-386
-17
-343
139
-604
-223
423
-296
127
659
697
29
-551
-66
229
-185
348
378
-311
-840
1000
440
-1096
-713
297
633
-463
-702
491
625
-189
-30
577
337
158
-115
349
151
-699
-137
158
-80
-681
-307
-579
-469
294
-387
-767
97
415
-6
-365
108
-9
-308
-372
136
157
-1024
-137
923
427
-1123
-1564
180
394
-423
-200
647
277
-127
-680
-286
322
-794
-433
1119
873
-256
-891
-239
-253
-485
188
160
-261
-298
587
278
-621
-751
-95
1
-404
-384
154
-407
-265
17
5
-208
-115
-229
616
719
-188
-127
12
-265
-489
470
222
87
1069
1130
466
-161
197
-221
-150
436
-77
50
-243
-182
-462
-582
-731
-962
54
319
190
169
643
935
-129
-388
-7
699
433
284
697
656
248
371
514
131
-182
-295
352
-1
101
2
-549
-600
-252
-311
-1061
-776
52
597
275
295
203
143
48
222
384
-203
112
86
216
256
-848
-635
-27
2
-645
-908
7
-242
-363
112
-27
-176
-596
-788
-580
-275
-509
-403
-385
-470
-508
-536
-605
-626
-323
-144
198
175
200
49
1
308
338
635
619
955
1283
1185
1083
1153
1277
1152
1022
1132
1426
1268
1158
1121
1117
815
360
768
731
738
858
742
829
710
477
265
353
220
307
442
499
441
66
333
3
-93
200
173
156
9
231
56
-116
-476
-775
-738
-1020
-1043
-1155
-1207
-1697
-1906
-1640
-1790
-2358
-2793
-2826
-2696
-2686
-2739
-2641
-2368
-2802
-2701
-2246
-2423
-3079
-3564
-3768
-4380
-4993
-4875
-1880
2562
4395
2421
220
1462
3943
3830
1669
1479
3745
5649
5899
5651
4605
2102
-50
147
1811
1912
127
-958
-128
1123
480
-1425
-2515
-1776
-87
1539
2763
3296
2877
2718
3275
3609
3252
2441
2537
3777
4642
4494
3252
1909
827
654
928
681
368
281
511
651
389
-478
-1720
-2394
-2003
-1030
-648
-1186
-1756
-2251
-2440
-2626
-2936
-3170
-3009
-2082
-954
-724
-1735
-2631
-2858
-3002
-3414
-3750
-3697
-3671
-3891
-4049
-3943
-4210
-4747
-5271
-5539
-5723
-4446
-208
4545
5425
2132
-112
1948
4989
4819
2875
3029
5390
7236
7165
5949
3750
788
-1297
-755
1130
1253
-967
-2830
-2172
-1008
-1778
-4308
-5662
-4473
-1557
1696
3801
4022
3196
3741
5189
5608
4930
4216
4608
5829
6830
6688
4889
2125
111
-73
513
384
-191
-684
-707
-248
-309
-1479
-3009
-3595
-2783
-1130
57
15
-758
-1408
-1550
-1311
-1419
-1835
-1770
-1000
22
462
-215
-1863
-3330
-4017
-3954
-3726
-3851
-4660
-5536
-6363
-6797
-6795
-6939
-6843
-6612
-6462
-5638
-3890
-924
2799
4884
4063
1984
2400
5627
8119
7617
5947
6338
8206
8481
6699
4023
1607
-81
-911
-690
-443
-1574
-3922
-5673
-5494
-4576
-4701
-5497
-5300
-3018
95
2251
2684
2721
3590
5508
7611
8346
8333
7957
7289
6905
6562
5732
3909
1768
801
828
922
-202
-1990
-3010
-3342
-2725
-2261
-2411
-2692
-2659
-2032
-1258
-746
-889
-1392
-1318
-636
329
778
443
-76
-260
-56
93
-197
-1119
-1864
-2155
-2675
-3585
-4593
-5744
-6814
-8065
-8513
-7795
-7005
-7027
-7712
-7311
-5850
-3949
-1541
1878
5247
5972
4091
3584
6439
9516
9249
6848
6360
8377
9444
7518
4140
1552
-46
-1578
-2689
-2818
-3015
-4614
-6793
-7444
-6269
-5365
-5745
-6100
-4548
-1257
1792
3459
3738
3760
4338
5833
7608
9356
10020
8933
7392
6500
6090
4901
2581
643
119
586
564
-372
-2024
-3852
-4456
-3856
-2913
-2255
-2058
-1895
-1203
-441
-223
-624
-1139
-924
120
1204
1705
1664
1192
532
151
-133
-835
-1503
-1721
-1726
-2337
-4175
-6034
-6557
-7035
-8522
-9813
-9648
-8402
-7273
-6944
-6703
-5853
-4747
-2840
1227
5917
7643
5464
3376
5473
9909
11236
8379
5949
7014
8943
8173
4801
1563
-472
-2411
-4069
-4354
-3751
-4397
-6851
-8841
-8141
-5821
-4938
-5717
-5644
-3202
509
3609
5281
5596
5111
4893
6115
8474
10319
10231
8478
6602
5778
5342
3949
1559
-488
-891
-158
162
-665
-2424
-4236
-4917
-4158
-2743
-1605
-1113
-1090
-910
-346
138
210
0
6
738
2075
2947
2689
1673
468
-213
-488
-640
-830
-1446
-2459
-3642
-4935
-6358
-7559
-8674
-9760
-10260
-9788
-8721
-8117
-8272
-7752
-5781
-3318
-1655
-213
3063
7080
8589
6797
5156
7290
10634
10960
8401
6636
7522
7796
5053
1178
-1065
-1770
-3220
-5297
-6078
-5521
-5640
-7539
-9280
-8619
-6232
-4610
-4227
-3191
-482
2451
4074
5013
6241
7034
6809
6849
8314
10416
10632
8357
5642
4194
3799
2824
1289
-183
-877
-1097
-1527
-2192
-2961
-3923
-4650
-4239
-2801
-1138
-442
-712
-1032
-769
-16
662
1205
1677
2190
2539
2424
2078
1597
765
-367
-920
-752
-595
-1507
-3515
-5197
-6036
-6772
-7672
-8342
-8882
-9555
-10083
-9629
-8478
-7307
-6611
-5582
-3637
-1850
-693
1795
6578
10505
9691
5348
4218
8531
12740
11346
6825
5117
6590
6638
3100
-796
-2224
-2779
-4831
-6770
-6339
-4749
-5348
-8661
-10642
-8353
-4281
-2568
-3134
-2613
281
3414
4689
5580
7477
8478
7333
6322
8050
10761
10720
7330
4137
3641
4159
3324
1328
-461
-1476
-2066
-2563
-2822
-2957
-3514
-4389
-4367
-2949
-1074
-293
-840
-1461
-825
649
1880
2407
2369
2247
2289
2284
2236
2027
1406
517
-342
-656
-892
-1833
-3493
-5322
-6429
-6962
-7580
-8095
-8393
-8696
-9272
-9845
-9609
-8498
-6931
-4895
-2087
55
551
1240
4885
9257
9584
5720
3877
7953
12898
12337
7436
4479
5242
5536
2554
-953
-1647
-1229
-3208
-6747
-7922
-6088
-5232
-7846
-10626
-9089
-4414
-1671
-2396
-3109
-1004
2247
3960
4770
6809
9255
9343
7330
6774
8654
10066
8940
6273
4724
4671
4238
2293
-225
-1680
-2031
-2153
-2719
-3282
-3135
-3065
-3901
-4391
-3424
-1475
-130
-154
-168
782
1952
2466
2329
2299
2715
3190
3080
2481
2153
1803
893
-397
-1432
-1826
-2075
-3119
-4918
-6529
-7416
-7921
-8107
-8087
-8081
-8507
-9371
-9876
-9149
-7169
-4537
-2019
-294
528
1535
4438
7690
8462
6264
4769
6850
10500
11317
8748
5952
4996
4355
2241
-23
-768
-758
-2337
-5278
-6848
-6002
-5086
-6362
-8521
-8300
-5361
-2698
-2089
-2157
-1005
1062
2476
3466
5980
9004
9430
6805
4964
6497
8910
9112
7190
5381
4526
3628
2167
1008
-52
-1103
-1904
-2196
-2079
-1931
-1903
-2809
-3933
-3772
-1951
173
794
314
153
709
1397
1828
2276
2491
2369
2223
2038
1825
1406
614
-320
-1141
-1431
-1420
-1911
-3349
-5070
-6216
-6758
-7223
-7641
-7732
-7724
-7582
-7513
-7985
-8477
-7846
-5520
-3081
-2057
-1081
2224
6477
7539
4302
1782
4360
9561
11547
8989
6298
6441
7276
5695
2633
1150
1654
1171
-1529
-3934
-3857
-3024
-4531
-7679
-8879
-6542
-3596
-3113
-4308
-4360
-2600
-785
121
1316
4232
7024
6891
4598
3854
6200
8745
8840
7451
6739
6897
6089
4102
2316
1538
1378
893
93
-705
-1285
-1915
-3281
-4731
-4693
-2935
-1259
-1330
-2320
-2455
-1668
-923
-589
-17
1116
1948
1962
1603
1466
1482
1575
1849
1989
1776
988
-194
-1725
-3062
-3867
-4355
-4904
-6158
-7735
-8897
-9200
-9113
-9172
-9208
-8442
-6825
-5608
-5914
-6120
-2831
3493
7561
5356
479
827
7466
12805
11318
6756
6163
9258
10091
6649
3338
3510
4178
1714
-2192
-3125
-1357
-1339
-5174
-9238
-9192
-6016
-4113
-5209
-6583
-5715
-3532
-2071
-805
1373
3443
3725
3231
4637
7617
9705
9587
8199
7209
7083
7651
7980
6758
4091
1764
1258
1313
453
-1126
-2579
-3652
-4614
-4912
-4239
-3484
-3566
-4078
-3934
-2922
-1637
-435
296
392
610
1631
3148
3761
2951
1961
2028
2517
2511
2077
1562
709
-1031
-3236
-5020
-5988
-6279
-6639
-7411
-8532
-9414
-9661
-9641
-9839
-9363
-7509
-5232
-4153
-3175
-61
3880
4597
1484
-148
4017
10349
12125
8916
6134
7301
9250
8241
5208
3652
4064
3884
1791
-672
-1562
-1793
-3141
-5643
-7069
-6273
-4707
-4443
-5331
-5885
-5287
-4083
-2348
346
2664
2830
1511
1356
3539
6387
8128
8594
8066
6883
5844
6079
6800
6211
4241
2820
2689
2443
1138
-637
-2073
-3116
-3683
-3173
-2006
-1633
-2471
-3584
-3840
-3167
-1819
-254
628
382
-157
90
997
1258
725
482
812
907
495
-86
-889
-2043
-3302
-3740
-3432
-3396
-4115
-5104
-6060
-7120
-7953
-8041
-7279
-6343
-5584
-4537
-2356
419
1482
-478
-3562
-3338
1841
7725
8958
5645
2923
3959
6422
6688
5037
4159
4846
5381
4621
3218
1864
501
-824
-1869
-2254
-2006
-1660
-1837
-2935
-4494
-5157
-4280
-2688
-1683
-1419
-1102
-380
464
1128
1891
3183
4514
5153
5025
4742
4935
5612
6118
5841
4835
3921
3679
3615
2773
1124
-307
-648
-222
-162
-1000
-2313
-3250
-3438
-3051
-2430
-1854
-1565
-1544
-1673
-1850
-1656
-1347
-967
-538
-30
354
258
-467
-1101
-1301
-1478
-1328
-1113
-1026
-1512
-2526
-3722
-4615
-4657
-4404
-4560
-4697
-4408
-3998
-4233
-5068
-4716
-2294
359
312
-2115
-3253
-666
3404
4939
3362
1729
2525
4730
6018
5556
4384
3705
3812
4194
4287
3689
2396
1108
287
-37
-393
-952
-1523
-1839
-2102
-2764
-3408
-3175
-1816
-149
404
-125
-648
-113
1109
2231
2721
2812
3051
3738
4580
4838
4120
2927
2590
3169
3785
3363
2134
864
-53
-505
-613
-610
-864
-1317
-1727
-1820
-1760
-1747
-1706
-1611
-1476
-1411
-1129
-456
-1001
-1665
-1278
-462
-138
-316
-794
-614
-313
-461
-896
-1637
-1423
-1194
-1329
-1881
-2411
-2644
-3130
-3591
-4109
-4423
-4038
-3370
-3034
-3101
-2724
-1978
-1528
-1665
-1767
-1096
41
1084
1920
2590
2906
2830
2796
3163
3806
4185
4059
3700
3496
3486
3302
2740
1786
1002
665
608
370
17
-208
-425
-751
-1145
-1285
-1053
-594
-117
358
752
774
475
337
540
1083
1784
2326
2415
2169
1837
1766
1746
1531
1344
1326
1471
1355
904
401
119
-58
-232
-356
-240
-74
12
-491
-1186
-1307
-1238
-1021
-1125
-1216
-934
-647
-726
-1151
-1216
-991
-776
-876
-1129
-1039
-645
-513
-989
-1536
-1680
-1656
-1500
-1559
-1920
-2307
-2571
-2598
-2683
-2769
-2889
-2792
-2307
-1660
-1295
-1446
-1731
-1662
-999
-119
509
775
950
1216
1586
1924
2133
2206
2146
2240
2634
3033
3053
2518
1882
1634
1684
1621
1335
979
742
620
496
369
172
-31
-239
-300
55
541
783
533
82
-29
293
701
832
834
862
877
830
823
813
767
756
640
579
558
514
290
254
322
403
404
61
-300
-326
-103
-43
-205
-387
-439
-285
-146
-224
-328
-311
-264
-337
-452
-511
-496
-412
-297
-330
-502
-689
-828
-777
-703
-759
-962
-1124
-1225
-1292
-1357
-1444
-1495
-1577
-1668
-1711
-1631
-1398
-1349
-1446
-1524
-1446
-1252
-1119
-1040
-940
-814
-736
-673
-514
-175
164
270
311
421
661
878
972
951
940
1026
1191
1389
1507
1501
1347
1261
1278
1357
1474
1369
1161
1049
1146
1249
1215
1021
817
760
766
790
746
686
673
680
721
693
627
565
546
562
585
655
690
660
516
393
329
317
215
38
-5
-23
0
-65
-205
-413
-591
-687
-705
-712
-722
-724
-740
-766
-843
-897
-812
-758
-745
-719
-613
-466
-439
-572
-702
-646
-494
-374
-379
-427
-499
-619
-732
-858
-913
-919
-949
-1027
-1206
-1335
-1342
-1296
-1348
-1480
-1427
-1201
-998
-1000
-1042
-886
-504
-106
121
239
380
632
890
1111
1290
1392
1420
1386
1378
1388
1410
1321
1129
1006
1000
1018
982
846
643
501
392
368
469
615
625
448
404
553
764
815
739
680
760
912
984
961
888
847
824
818
763
622
487
301
157
88
41
-92
-304
-474
-592
-678
-778
-857
-921
-898
-831
-751
-611
-569
-540
-473
-319
-166
-84
-53
4
113
186
200
139
129
115
2
-195
-445
-551
-617
-795
-1069
-1277
-1359
-1410
-1504
-1635
-1649
-1553
-1404
-1287
-1227
-1104
-915
-665
-447
-254
-117
42
182
290
389
467
523
457
429
495
506
463
317
229
236
265
202
104
41
11
-29
-51
28
125
220
203
173
275
467
676
784
800
876
1055
1259
1403
1447
1447
1423
1362
1380
1445
1458
1382
1129
846
646
571
482
251
-64
-278
-292
-246
-323
-552
-781
-835
-693
-410
-243
-261
-342
-334
-176
79
227
206
147
161
274
349
379
297
55
-110
-170
-95
-41
-183
-413
-558
-561
-536
-549
-611
-607
-595
-549
-528
-536
-508
-542
-588
-594
-503
-382
-328
-382
-488
-576
-624
-632
-627
-584
-556
-646
-711
-702
-577
-517
-587
-709
-732
-628
-537
-505
-515
-422
-279
-136
-94
-105
-29
118
330
455
601
763
911
1047
1174
1300
1374
1416
1416
1491
1618
1705
1729
1613
1465
1339
1279
1206
1099
896
650
484
399
346
186
-19
-218
-364
-375
-348
-359
-433
-475
-439
-346
-264
-246
-240
-237
-166
-63
84
239
311
390
377
376
408
423
416
378
351
372
404
306
47
-250
-343
-287
-309
-419
-574
-623
-654
-719
-787
-763
-707
-713
-742
-736
-626
-513
-500
-587
-671
-580
-468
-421
-444
-492
-550
-686
-864
-972
-971
-994
-1101
-1241
-1239
-1145
-1100
-1097
-1191
-1153
-982
-700
-419
-182
22
206
447
758
1104
1363
1555
1682
1769
1898
1998
2003
1922
1795
1672
1553
1415
1179
867
546
349
224
82
-152
-394
-462
-503
-561
-655
-617
-443
-306
-251
-175
43
324
499
546
626
781
943
1113
1145
1134
1078
970
794
594
459
371
265
39
-203
-363
-429
-522
-684
-771
-867
-901
-853
-720
-541
-441
-405
-395
-302
-128
32
69
66
88
119
219
182
18
-185
-346
-484
-633
-807
-1020
-1203
-1358
-1522
-1642
-1681
-1652
-1687
-1691
-1687
-1539
-1275
-994
-752
-520
-233
65
364
590
821
1065
1273
1378
1341
1353
1384
1380
1277
1091
908
701
475
289
129
-43
-269
-488
-574
-557
-607
-648
-686
-551
-310
-113
19
139
360
615
821
943
1073
1217
1380
1420
1378
1438
1463
1347
1085
829
707
659
517
235
-36
-206
-269
-385
-540
-633
-649
-544
-512
-512
-479
-358
-246
-158
-92
-28
123
230
313
269
172
77
44
131
74
-105
-363
-569
-717
-881
-1018
-1128
-1209
-1301
-1386
-1381
-1286
-1253
-1320
-1276
-1105
-801
-484
-252
-90
65
235
396
592
807
999
1065
1060
1021
941
926
830
646
446
273
141
-10
-181
-346
-480
-591
-653
-687
-666
-666
-742
-703
-606
-395
-177
-28
30
119
270
428
528
564
644
733
850
903
858
785
654
540
476
434
379
291
180
78
5
-45
-46
-48
-51
-68
-91
10
115
213
256
255
249
275
345
422
424
342
259
183
146
119
33
-39
-212
-390
-546
-633
-670
-707
-741
-828
-900
-923
-885
-848
-766
-671
-625
-520
-395
-208
-55
11
19
110
298
476
564
548
524
504
509
463
380
383
375
307
146
6
-72
-77
-97
-163
-235
-238
-172
-180
-226
-291
-302
-152
-56
19
92
167
243
232
174
141
222
304
344
297
275
282
217
153
12
-20
40
64
-30
-144
-186
-151
-151
-187
-155
-84
28
82
43
77
146
264
364
366
340
335
367
398
375
257
128
56
84
115
-17
-203
-354
-419
-410
-451
-546
-582
-548
-493
-479
-467
-411
-368
-284
-205
-149
-18
65
114
111
112
144
225
321
353
307
236
193
169
180
171
123
130
95
32
-88
-161
-156
-136
-159
-196
-153
-66
-5
-44
-76
-41
-5
85
168
243
287
280
248
253
276
269
229
188
184
195
175
62
-115
-209
-277
-302
-334
-388
-402
-414
-413
-423
-418
-392
-354
-250
-100
-3
30
104
170
237
290
300
305
335
335
277
175
75
20
-34
-66
-118
-259
-373
-473
-478
-430
-404
-424
-464
-420
-298
-184
-156
-144
-92
34
125
122
167
204
246
236
240
291
335
325
265
223
190
176
135
140
178
123
83
3
-30
-51
-59
-38
-42
-19
2
55
108
134
122
176
254
308
394
411
403
410
424
413
376
334
290
229
137
55
-18
-74
-163
-297
-346
-412
-514
-609
-624
-550
-483
-494
-514
-427
-317
-210
-158
-76
23
84
195
248
314
360
392
386
339
308
255
196
114
33
-32
-82
-175
-351
-427
-412
-355
-358
-395
-393
-349
-304
-293
-254
-170
-55
-6
55
143
181
259
254
239
277
361
407
366
318
282
255
192
139
99
110
72
-67
-109
-156
-202
-260
-322
-317
-267
-202
-145
-77
-11
41
76
187
317
374
468
522
541
529
502
469
456
401
318
249
188
117
-57
-249
-366
-425
-393
-464
-569
-609
-600
-599
-627
-608
-491
-325
-255
-218
-175
-33
103
128
170
233
333
404
398
314
221
172
131
97
27
-17
-104
-202
-285
-390
-362
-345
-341
-350
-334
-284
-219
-143
-99
-32
63
206
313
390
433
434
492
499
520
538
529
479
380
256
174
92
3
-88
-178
-194
-252
-381
-441
-475
-459
-431
-410
-385
-292
-141
-32
7
36
158
302
435
504
510
558
558
564
569
550
455
332
249
197
136
10
-136
-267
-324
-393
-498
-518
-541
-541
-543
-525
-487
-408
-306
-231
-145
-97
-37
11
104
201
225
274
263
270
244
149
42
-36
-56
-66
-103
-206
-295
-374
-408
-415
-448
-409
-389
-349
-300
-214
-123
-41
12
65
171
285
394
437
449
468
432
447
396
340
300
221
126
56
5
-66
-135
-211
-231
-258
-273
-302
-316
-216
-169
-157
-175
-112
9
134
187
171
219
298
397
429
423
427
404
422
342
280
242
198
102
-27
-121
-165
-189
-309
-434
-492
-458
-433
-492
-477
-437
-370
-336
-343
-313
-224
-113
-65
-26
30
120
173
205
204
169
220
227
219
197
141
92
37
-8
-64
-111
-129
-126
-149
-160
-171
-213
-186
-197
-164
-90
21
113
136
135
144
183
211
250
254
308
352
312
252
171
149
129
105
96
127
144
99
18
-27
-21
9
64
114
148
221
226
194
172
201
264
265
261
267
319
349
306
230
228
243
181
164
89
53
12
-37
-81
-140
-179
-223
-278
-336
-330
-312
-266
-256
-308
-293
-290
-262
-225
-177
-133
-100
-87
-57
-20
3
41
84
175
232
206
218
220
226
204
182
178
180
174
118
72
26
36
4
37
40
62
64
52
8
86
198
577
1736
1014
-508
-319
1538
2120
300
-845
552
1452
438
-244
574
1130
1066
709
-326
-585
205
534
93
-69
64
231
578
488
-80
-145
-32
-14
200
594
58
-137
-273
-253
384
261
180
577
2086
2237
-702
-1760
798
1219
211
738
675
-152
-241
144
35
-649
-353
732
1788
1267
431
-118
-1248
-699
909
1276
305
-139
-619
-1900
-1559
-523
-834
-1215
-705
-774
-817
-732
-707
-860
-997
-436
374
371
-202
-202
116
246
264
761
1292
1050
594
526
871
924
740
822
1013
1029
874
783
526
417
414
149
587
908
488
-52
-318
-258
84
240
301
307
46
-56
215
395
165
433
810
799
757
262
194
379
85
-203
44
107
-490
-979
-1395
-1752
-2116
-2539
-2450
-2590
-3191
-3599
-3898
-4060
-4249
-4487
-4825
-4916
-5110
-5482
-5464
-5879
-6248
-5938
-4572
-2319
-343
-66
-1580
-3011
-2555
58
2860
4203
4504
3860
2445
1779
2869
4814
5611
4847
4122
4160
4420
3967
3095
2481
2211
2169
2532
2958
2169
295
-1237
-1065
367
1449
1356
213
-1142
-1858
-1242
119
1182
1247
570
29
70
464
996
1274
944
427
561
734
122
-1047
-2082
-2822
-2896
-2598
-2913
-3923
-5932
-7576
-8301
-8221
-7743
-7801
-9059
-10604
-9527
-5553
-1596
-1551
-5146
-7214
-4869
-267
3352
5229
5363
3830
2079
2711
6499
9924
10015
7847
6424
6482
6497
5892
5256
4813
3769
2588
2589
3161
2017
-994
-2976
-2318
-458
332
-344
-1661
-3110
-3881
-2843
-254
1803
1672
219
-339
733
2349
3687
4438
4522
4064
3737
4125
4626
4369
3300
2384
2075
1866
1089
-366
-2393
-4409
-5084
-4905
-4908
-6075
-7851
-9582
-11132
-12016
-12195
-11490
-11059
-11925
-10631
-5118
-77
-1512
-7526
-10140
-4497
4684
9227
8714
6614
4200
2360
4080
9892
14864
14125
9107
6187
6950
7341
6264
5756
5987
4976
2610
1458
2124
972
-2993
-4608
-1539
1652
1287
-1695
-4434
-5019
-3908
-1448
2156
3946
1698
-1484
-1495
1259
4102
5639
5776
5150
4002
3227
3868
4881
4541
3343
2541
1828
720
-866
-2665
-4396
-5771
-6264
-5726
-6383
-8919
-11671
-12866
-13490
-13716
-13164
-10726
-5485
-1748
-3272
-8606
-11186
-7237
1271
7787
8431
6038
3906
3092
4514
8356
12560
14118
12092
8998
8031
8061
6857
5844
6443
7289
5926
3111
1305
268
-2133
-4290
-2196
1579
1690
-2270
-5977
-6412
-4597
-2515
199
2988
2272
-1557
-3085
-32
3899
5615
5684
5782
5632
4156
3099
4409
6125
5616
3967
2912
1978
49
-2378
-4044
-4318
-4461
-5234
-6990
-9447
-12168
-13511
-13966
-13995
-13769
-12316
-8268
-4393
-4554
-9227
-12513
-9569
-1232
6112
7709
5113
2357
1513
3160
7560
12632
14892
12917
8777
6592
7104
7911
8062
8159
8060
6136
2942
644
98
-492
-1647
-1157
763
819
-2417
-5805
-6260
-4252
-1960
417
2320
1339
-2250
-3891
-823
3767
6022
5749
5064
4298
2808
2406
4644
7066
6553
3836
1822
1060
37
-1523
-2500
-2820
-3970
-6129
-8093
-9129
-10508
-12166
-13580
-14262
-13695
-12427
-9048
-5116
-4439
-8918
-13175
-10742
-2032
6082
7445
4001
854
546
2831
7557
12875
14945
12155
7113
5122
7254
9558
9739
8551
7159
5239
2775
1206
1337
1303
-254
-980
-87
-70
-2447
-5308
-5797
-3648
-1445
-313
193
-735
-3040
-3672
-526
3695
5673
4815
3177
2464
2607
3837
6036
7660
6667
3807
1450
930
1363
1044
225
-1321
-3522
-5834
-7376
-8253
-8892
-9863
-11198
-13005
-14790
-15333
-12635
-6687
-2921
-5536
-12100
-14279
-8349
1037
6238
5409
2265
-67
-203
3027
9183
13983
13393
8728
5244
5958
8280
9196
8926
8258
6721
4108
2124
2111
2241
574
-1024
-8
1531
217
-3347
-5592
-4682
-2446
-732
780
991
-1535
-4454
-3456
1272
5121
5373
3446
1940
1487
1998
4105
6709
7092
4375
1270
273
966
1226
178
-1328
-3202
-5234
-6937
-7799
-8673
-9945
-11817
-13620
-14385
-12656
-7439
-3092
-5100
-12615
-16160
-10296
-398
4915
4154
1427
-887
-2308
-182
7194
14190
13867
7835
3819
5230
7722
8403
9224
10229
8434
3853
1305
2662
3775
1753
-181
1022
2023
-652
-4490
-5187
-3395
-2034
-1538
-461
16
-2258
-5121
-3864
1210
4860
4726
2948
1790
1457
1982
4293
7528
8578
5994
2454
965
1627
2605
2679
1714
-511
-3206
-5520
-6519
-6547
-6601
-7718
-10060
-13160
-14987
-14653
-11443
-6031
-2689
-5371
-12578
-15846
-10040
-53
5485
4554
1360
-687
-1547
366
6645
13206
13932
8722
4179
4848
7443
8439
8740
9464
8590
4770
1499
1649
2737
1658
337
1562
2554
-284
-4483
-5554
-3305
-1026
-41
782
371
-2494
-5141
-3082
2435
5721
4967
2755
1275
830
1671
4353
7439
7443
3943
497
-229
679
1113
792
-289
-2549
-5449
-7587
-7960
-7974
-8666
-10328
-12342
-14470
-14035
-8329
-2228
-3227
-11577
-16880
-11515
-1262
4140
3402
1374
-168
-2378
-2072
4809
13335
14484
8023
2680
3930
7143
8129
8794
10226
9008
3763
164
2028
4882
3421
213
514
2444
604
-3652
-4483
-1901
-385
-986
-505
869
-513
-4005
-3845
1493
5912
5336
2656
1681
1876
2017
3526
6933
8815
6102
1268
-563
1371
3349
3061
1390
-787
-3272
-5676
-6656
-5633
-5075
-6661
-9979
-13005
-14055
-13739
-10504
-4931
-2140
-5809
-13456
-15905
-9115
-56
4166
3096
475
-1386
-2884
-1090
5407
11843
12495
7425
3112
3380
5703
7406
8519
9411
8274
4150
739
1214
3162
3388
2501
2722
2335
-764
-4054
-3916
-472
1482
954
369
-516
-2620
-3755
-961
3739
5650
3718
1291
779
1534
2823
5431
7668
6795
3234
436
781
2532
3061
2130
634
-1735
-4527
-6239
-6159
-5545
-6352
-8358
-11025
-12966
-13869
-11669
-5496
-1458
-4644
-12417
-15366
-9173
-123
4221
3437
1196
-1081
-3183
-1245
5949
12368
11779
5741
1265
1969
4661
6528
8076
8408
5542
489
-1606
725
3212
2737
1218
895
340
-1989
-3097
-1398
898
1209
242
438
810
-108
-987
809
4314
5690
4377
2848
2268
2492
3426
5240
6992
6375
3418
471
60
1698
3013
2300
-153
-2919
-4578
-5131
-4895
-4606
-5136
-7209
-10185
-11843
-11445
-10552
-10397
-7536
-2217
-1024
-8075
-15609
-12410
-611
7387
6050
1093
-1580
-3124
-3270
2611
12266
15439
7673
-2217
-3223
3013
7680
8653
8456
6200
129
-5061
-2868
4254
7339
3634
-933
-1761
-1540
-2335
-1214
2621
4602
1810
-1600
-1292
897
1453
1511
3955
6156
4449
820
230
2975
5224
5494
5307
4853
2874
126
-478
1697
3644
2586
-712
-3807
-5029
-4980
-4481
-4356
-4507
-6134
-9701
-12930
-12983
-10169
-8160
-5871
-2867
-2650
-8554
-15135
-12159
-316
8298
6642
-143
-3554
-3385
-1706
3675
11869
14629
7192
-2942
-4388
2756
8853
9793
7792
4521
-769
-4860
-2171
4883
7995
4149
-1006
-2297
-1660
-1389
341
3799
5167
2129
-1412
-1303
981
2433
3358
5200
5850
3192
250
812
3905
5886
5765
5046
3740
1613
-91
334
2113
2992
1395
-1627
-4449
-5588
-5208
-4609
-4654
-5435
-7836
-10853
-12874
-12270
-9798
-5154
-875
-2056
-9025
-14728
-11408
-1404
6229
6509
1663
-3225
-5285
-3084
3950
11426
12387
5349
-2573
-3774
1224
6637
9288
8287
3619
-2519
-5052
-1048
5042
7291
4530
308
-2256
-2726
-1115
2328
5305
5084
1660
-1231
-821
1397
3180
4417
5450
5032
2343
186
1356
4520
6218
5361
3976
2902
1556
318
695
2386
2932
879
-2217
-4000
-4308
-4298
-4552
-4569
-4918
-6613
-9500
-11732
-11430
-9348
-5702
-1848
-1617
-6774
-13225
-12397
-3538
5039
6606
2243
-2754
-5098
-3974
1768
9504
12457
6919
-1913
-4992
-375
6050
9433
8594
4171
-1736
-5116
-2161
4691
8254
5617
306
-2720
-2643
-898
2442
5350
4851
1048
-2245
-1465
1345
3078
3554
3905
3544
1369
-179
1297
3961
4905
4186
3586
3120
1926
756
811
1883
2310
1199
-844
-2765
-3891
-4195
-4146
-4300
-4708
-5969
-8072
-10247
-10533
-8813
-4923
-1554
-2214
-7522
-12201
-9858
-1861
4485
5070
1241
-2877
-4888
-3110
3093
9692
10415
4045
-2733
-3509
1069
6152
8843
7686
2885
-2732
-4109
382
5995
7230
3712
-204
-2038
-1713
392
3544
5264
3465
-110
-1585
85
2305
2991
3030
3393
3032
1377
492
1756
3667
4106
3460
3080
2655
1475
200
250
1373
1801
397
-1965
-3656
-4362
-4568
-4774
-4722
-4983
-6412
-8801
-10333
-9629
-5788
-1822
-1722
-6173
-10460
-9092
-3083
2216
3823
2016
-1195
-3865
-3142
2223
8148
8922
4081
-956
-1743
968
4540
7418
7538
3602
-1475
-2957
747
5236
5960
3457
713
-686
-1084
91
2893
4647
3209
250
-838
666
2075
2094
2049
2843
3111
1863
931
1708
2864
2965
2743
3332
3577
2256
418
-52
977
1579
668
-1042
-2360
-3273
-4102
-4688
-4507
-4347
-5298
-7496
-8815
-8352
-5918
-3408
-2958
-5180
-8106
-8203
-4544
-3
2390
1431
-1439
-3496
-2848
1046
5407
6894
4270
181
-1608
26
3536
6515
6815
3817
-104
-1581
561
4055
5567
4224
1459
-504
-665
790
2969
3991
2768
600
-264
915
2241
2290
1709
1717
2162
2115
1939
2364
2639
2068
1772
2773
3869
3123
1093
-124
191
860
742
-101
-1316
-2844
-4379
-4826
-3999
-3449
-4327
-6566
-8030
-7871
-6331
-4080
-2828
-3690
-6300
-7819
-5682
-1339
1611
1476
-604
-2288
-2400
-410
3009
5468
4776
1557
-906
-326
2365
4722
5327
3861
1445
-274
26
2199
4121
3972
1856
-163
-367
656
1893
2652
2449
1328
163
456
1700
2287
1692
1004
1369
1973
2123
2159
2228
2007
1586
1919
2963
3186
2093
619
-2
207
405
209
-485
-1660
-2935
-3811
-3881
-3297
-3186
-4149
-5813
-6651
-6193
-4799
-3419
-3004
-4087
-5839
-5952
-3670
-651
785
191
-1125
-1868
-1522
218
2546
3770
2682
488
-446
529
2369
3657
3734
2690
1213
421
980
2428
3339
2891
1497
650
877
1436
1904
2148
1964
1432
1172
1746
2166
1775
960
839
1553
2211
2352
1988
1530
1128
1254
2196
3168
3110
1734
193
-403
11
722
742
-195
-1634
-2967
-3630
-3323
-2506
-2281
-3521
-5364
-6193
-5672
-4416
-3296
-3019
-4058
-5615
-5717
-3587
-841
366
-220
-1310
-1816
-1351
127
2125
3060
2177
495
-218
654
2207
3183
3112
2259
1387
1127
1617
2517
2804
2215
1415
1250
1673
1953
1831
1531
1407
1537
1871
2262
2134
1377
516
498
1389
2241
2384
1689
891
691
1220
2127
2786
2654
1668
363
-272
143
903
917
-50
-1287
-2282
-2671
-2469
-1889
-1824
-2869
-4319
-5063
-4835
-4167
-3638
-3428
-3931
-4815
-5092
-4024
-2133
-974
-928
-1388
-1599
-1393
-758
235
1069
1132
396
-224
38
1021
1746
1922
1866
1743
1446
1322
1863
2358
2248
1712
1647
1952
2043
1997
1957
2042
2074
2077
2311
2247
1802
1181
1014
1557
2185
2400
1989
1462
1247
1534
2217
2837
2855
2052
903
163
281
803
956
332
-703
-1829
-2430
-2311
-1843
-1732
-2550
-3721
-4615
-4741
-4421
-4131
-3976
-4180
-4658
-4901
-4359
-3163
-2131
-1646
-1610
-1626
-1497
-1254
-821
-343
92
111
-44
90
521
947
1188
1420
1669
1771
1703
1732
1835
1926
1814
1800
2050
2244
2227
2135
2212
2328
2401
2465
2389
2119
1716
1600
1843
2163
2260
2018
1845
1741
1782
1985
2337
2502
2122
1362
748
632
731
645
230
-421
-1083
-1646
-1715
-1557
-1685
-2258
-3119
-3618
-3709
-3739
-3901
-4225
-4493
-4586
-4448
-3950
-3321
-2864
-2593
-2368
-2057
-1715
-1448
-1273
-1151
-1050
-846
-543
-216
39
210
489
829
1138
1464
1695
1861
1829
1711
1678
1907
2252
2373
2400
2391
2448
2481
2548
2687
2639
2468
2223
2121
2124
2025
1920
1853
1803
1766
1677
1731
1831
1749
1532
1287
1094
888
592
266
-64
-370
-766
-1111
-1235
-1371
-1686
-2133
-2476
-2719
-2926
-3173
-3521
-3888
-4174
-4261
-4153
-3929
-3670
-3420
-3123
-2674
-2229
-1906
-1692
-1600
-1425
-1197
-1043
-817
-602
-307
-87
126
467
821
1164
1371
1530
1665
1693
1663
1742
1985
2267
2446
2509
2609
2760
2863
2880
2941
2971
2900
2673
2407
2288
2207
2204
2137
2018
1970
1874
1840
1846
1811
1604
1293
998
746
475
156
-193
-564
-939
-1295
-1570
-1695
-1940
-2263
-2599
-2855
-3053
-3370
-3743
-4056
-4214
-4300
-4278
-4115
-3772
-3401
-3065
-2612
-2196
-1928
-1786
-1669
-1474
-1263
-1098
-952
-767
-531
-315
-40
346
771
1091
1280
1359
1463
1625
1797
1995
2299
2594
2759
2844
2950
3155
3323
3381
3364
3257
3102
2839
2601
2484
2470
2379
2177
1993
1870
1783
1741
1770
1687
1449
1007
559
389
243
68
-285
-707
-1132
-1497
-1696
-1768
-1804
-2029
-2543
-3065
-3315
-3405
-3527
-3714
-3962
-4241
-4346
-4189
-3708
-3044
-2588
-2403
-2399
-2302
-2009
-1639
-1208
-1042
-1166
-1226
-1109
-692
-210
245
627
883
1064
1180
1390
1670
1873
2056
2291
2603
2756
2830
2950
3170
3404
3480
3507
3417
3188
2871
2664
2713
2758
2630
2339
2034
1875
1860
1940
1966
1844
1548
1133
869
697
512
297
-25
-467
-982
-1331
-1524
-1619
-1663
-2029
-2520
-2978
-3254
-3392
-3461
-3597
-3914
-4223
-4435
-4398
-3994
-3357
-2784
-2492
-2392
-2347
-2071
-1585
-1128
-884
-912
-1017
-1026
-766
-314
180
597
892
1041
1076
1239
1532
1866
2122
2289
2399
2471
2506
2677
2978
3262
3353
3255
3159
2976
2748
2665
2770
2851
2607
2181
1815
1714
1808
1937
1997
1721
1292
852
683
693
499
261
-159
-632
-1102
-1485
-1626
-1662
-1755
-2078
-2557
-2922
-3102
-3218
-3330
-3486
-3756
-3988
-4188
-4144
-3871
-3402
-2862
-2522
-2266
-2115
-1917
-1581
-1176
-836
-765
-856
-927
-737
-356
64
498
857
1007
1053
1182
1483
1881
2150
2373
2483
2537
2550
2667
3015
3302
3384
3229
3066
2898
2776
2761
2846
2843
2532
2119
1864
1837
1860
1772
1737
1569
1235
901
704
655
480
171
-189
-512
-882
-1264
-1465
-1545
-1706
-2047
-2334
-2522
-2722
-3037
-3324
-3469
-3497
-3658
-3846
-3916
-3824
-3531
-3236
-2766
-2342
-2108
-1980
-1868
-1482
-1060
-893
-980
-1073
-946
-646
-285
167
551
730
752
837
1171
1688
2072
2225
2251
2217
2285
2501
2827
3167
3285
3199
3016
2908
2902
2896
2864
2859
2728
2412
2087
1899
1841
1793
1747
1650
1445
1124
812
566
413
250
-30
-331
-801
-1227
-1520
-1667
-1731
-1996
-2319
-2592
-2809
-3031
-3224
-3360
-3455
-3558
-3751
-3872
-3812
-3602
-3318
-2939
-2593
-2279
-2053
-1831
-1514
-1157
-926
-952
-997
-953
-745
-337
77
381
528
654
859
1224
1689
2105
2387
2475
2452
2455
2591
2832
2990
3076
3016
2893
2791
2706
2707
2723
2694
2516
2241
1953
1752
1646
1599
1485
1300
1129
876
662
455
337
232
70
-292
-736
-1038
-1237
-1282
-1462
-1797
-2108
-2364
-2465
-2577
-2742
-2980
-3189
-3358
-3448
-3454
-3388
-3264
-3132
-2897
-2633
-2286
-1977
-1698
-1418
-1212
-993
-895
-801
-716
-448
-79
273
496
576
765
1043
1495
1954
2248
2427
2441
2433
2529
2679
2867
2949
2875
2781
2666
2644
2626
2585
2610
2543
2351
2130
1888
1765
1669
1563
1429
1240
1028
765
562
405
271
109
-179
-529
-924
-1165
-1286
-1407
-1612
-1966
-2371
-2594
-2603
-2582
-2684
-2921
-3189
-3396
-3384
-3274
-3110
-2926
-2875
-2804
-2605
-2195
-1820
-1484
-1228
-1032
-837
-738
-632
-505
-262
22
222
464
632
796
1036
1402
1863
2245
2434
2459
2413
2388
2465
2604
2720
2708
2538
2464
2484
2533
2518
2476
2478
2372
2129
1879
1722
1612
1459
1233
1131
1007
721
480
310
246
106
-147
-546
-868
-1032
-1195
-1373
-1601
-1892
-2236
-2458
-2442
-2467
-2563
-2791
-3063
-3146
-3153
-3039
-2896
-2827
-2775
-2717
-2469
-2059
-1736
-1477
-1264
-1005
-757
-656
-507
-342
-77
164
359
608
790
993
1217
1572
2023
2334
2482
2477
2436
2382
2305
2361
2487
2504
2412
2241
2217
2263
2276
2278
2209
2093
1872
1564
1428
1337
1208
1049
889
715
498
311
168
78
-50
-312
-620
-860
-1078
-1261
-1421
-1650
-1873
-2132
-2354
-2426
-2434
-2440
-2565
-2773
-2916
-2935
-2817
-2687
-2519
-2452
-2353
-2106
-1849
-1543
-1255
-992
-741
-590
-443
-361
-223
31
240
490
649
791
1060
1352
1716
1972
2166
2269
2230
2203
2109
2067
2050
2038
2042
2010
1994
1903
1922
1902
1826
1726
1587
1446
1292
1136
999
860
702
524
327
205
84
-53
-158
-340
-578
-861
-1075
-1194
-1315
-1478
-1713
-1933
-2095
-2204
-2303
-2329
-2390
-2522
-2644
-2816
-2774
-2664
-2504
-2314
-2160
-1967
-1809
-1530
-1195
-873
-541
-281
-66
41
162
371
658
985
1232
1389
1623
1846
2050
2204
2313
2420
2387
2308
2231
2103
1991
1827
1760
1786
1772
1703
1615
1521
1414
1256
1122
1093
1032
914
684
497
424
332
257
159
138
3
-153
-256
-357
-477
-691
-893
-1107
-1308
-1485
-1722
-1886
-1985
-2094
-2229
-2370
-2404
-2455
-2591
-2619
-2571
-2485
-2295
-2063
-1810
-1600
-1450
-1198
-902
-480
-152
65
279
442
615
782
1067
1382
1615
1792
1952
2094
2137
2178
2161
2141
2106
2043
1923
1773
1599
1425
1371
1415
1452
1381
1210
1026
868
823
773
746
682
532
353
220
182
172
139
31
-49
-175
-250
-389
-587
-701
-904
-1107
-1306
-1467
-1649
-1798
-1894
-2002
-2063
-2181
-2284
-2371
-2360
-2389
-2432
-2294
-2209
-1981
-1698
-1396
-1167
-975
-727
-451
-86
235
508
731
964
1138
1308
1544
1764
1983
2160
2248
2227
2137
2008
1949
1957
1956
1911
1766
1589
1382
1204
1210
1237
1231
1064
810
581
397
324
300
224
127
-64
-240
-291
-363
-371
-343
-365
-415
-586
-695
-809
-886
-990
-1133
-1196
-1367
-1524
-1661
-1679
-1658
-1766
-1825
-1919
-1977
-2013
-2029
-1990
-1904
-1773
-1626
-1395
-1111
-813
-558
-309
-22
184
478
767
1031
1253
1364
1479
1555
1666
1822
1973
2094
2124
2062
1949
1808
1696
1700
1713
1627
1398
1104
847
739
684
631
543
347
87
-166
-271
-299
-343
-357
-455
-577
-715
-768
-725
-639
-631
-673
-735
-804
-853
-933
-944
-978
-1055
-1131
-1307
-1399
-1448
-1494
-1477
-1545
-1651
-1711
-1731
-1698
-1627
-1472
-1295
-1168
-1022
-826
-592
-286
28
231
370
529
731
936
1183
1390
1542
1615
1630
1671
1726
1925
2071
2101
1994
1789
1572
1456
1449
1460
1384
1147
859
598
488
489
475
422
202
-45
-258
-358
-343
-363
-367
-420
-613
-754
-785
-719
-627
-649
-734
-803
-883
-940
-980
-974
-1007
-1089
-1171
-1207
-1247
-1335
-1352
-1369
-1332
-1350
-1391
-1299
-1208
-1128
-990
-801
-600
-435
-334
-127
148
420
589
676
799
941
1104
1332
1508
1616
1604
1547
1532
1616
1776
1859
1832
1636
1423
1269
1241
1287
1240
1138
895
664
513
444
407
386
279
37
-184
-345
-412
-428
-485
-571
-674
-718
-771
-799
-771
-758
-819
-896
-974
-976
-972
-1081
-1124
-1189
-1203
-1247
-1308
-1212
-1206
-1217
-1240
-1283
-1254
-1132
-1019
-920
-821
-705
-581
-486
-304
-73
120
335
456
576
668
749
914
1117
1270
1325
1322
1288
1280
1310
1412
1520
1535
1462
1272
1113
1046
1050
1028
961
801
616
426
294
253
231
200
63
-144
-249
-293
-286
-330
-446
-526
-553
-593
-646
-700
-736
-785
-916
-952
-899
-893
-945
-1016
-1055
-1143
-1177
-1107
-994
-984
-1049
-1094
-1106
-1066
-1044
-877
-724
-645
-592
-557
-407
-267
-101
65
266
404
477
546
604
732
859
1022
1087
1070
1072
1014
1042
1098
1171
1213
1151
1030
897
834
821
850
840
774
626
426
388
417
454
394
250
108
27
-43
-88
-118
-160
-301
-477
-529
-487
-506
-542
-635
-740
-828
-906
-877
-781
-744
-872
-1030
-1071
-974
-953
-871
-767
-735
-766
-838
-836
-704
-552
-460
-461
-453
-362
-259
-232
-148
19
198
266
227
314
366
432
516
643
731
740
706
676
710
730
789
783
831
809
689
673
702
769
745
699
653
577
501
524
535
461
336
232
232
258
239
211
49
-129
-153
-38
88
98
-16
-168
-264
-309
-342
-335
-236
-314
-652
-872
-821
-701
-687
-687
-681
-712
-768
-823
-754
-618
-494
-550
-592
-565
-566
-475
-412
-269
-182
-170
-177
-129
-21
53
134
240
311
293
322
431
483
540
531
560
591
557
522
563
621
653
652
581
564
563
568
575
557
580
497
388
328
380
444
404
284
129
34
-25
36
57
-19
-155
-303
-333
-395
-365
-334
-294
-323
-440
-553
-547
-367
-304
-406
-458
-383
-301
-331
-337
-298
-197
-213
-324
-343
-354
-319
-285
-236
-251
-281
-337
-330
-256
-254
-245
-253
-179
-146
-122
-96
-50
-7
22
38
60
126
173
202
210
218
294
301
302
349
428
468
455
451
473
484
488
471
477
432
598
686
773
643
603
471
280
60
-100
-120
-95
-31
2
109
98
112
118
177
214
230
191
93
-56
-113
-129
-132
-199
-246
-328
-368
-388
-343
-327
-361
-361
-398
-431
-413
-349
-315
-306
-351
-247
12
236
335
411
446
330
138
31
-80
-225
-276
-252
-200
-214
-135
-20
91
107
117
113
131
109
76
154
257
301
261
242
243
191
153
235
330
230
69
-37
5
65
28
83
94
71
-40
-108
-93
-22
3
-53
-163
-220
-204
-227
-210
-210
-250
-284
-382
-378
-302
-235
-198
-205
-255
-246
-224
-151
-65
-27
-62
-110
-168
-27
26
48
86
84
14
-1
22
93
112
83
90
44
77
190
191
185
190
196
234
290
303
301
289
293
358
310
237
265
301
292
193
191
174
157
54
-46
-76
7
-15
-103
67
264
252
82
166
80
-102
-392
-579
-600
-429
-388
-374
-410
-202
-255
-301
-317
-262
-511
-529
-551
-517
-347
-297
-272
-365
-262
-93
-163
-234
-170
41
-49
-251
-74
99
159
-47
153
249
217
-35
104
406
276
210
348
462
533
317
175
555
491
211
372
520
236
174
301
275
276
273
64
119
229
-128
-271
326
419
-307
-399
23
72
-348
-234
-86
-39
-207
-511
-368
79
-125
-693
-298
65
-290
-519
-476
-271
-184
-560
-723
-29
115
-522
-519
16
-142
-348
-293
-55
219
264
-253
149
286
2
186
248
174
180
172
111
145
469
522
208
49
126
282
54
214
611
498
360
378
168
21
325
170
73
127
257
98
11
-438
-72
188
-320
-282
-335
-285
-146
-196
-455
-335
-173
-412
-582
-374
-262
-251
-276
-273
-252
-236
-293
-419
-124
118
-106
-106
-70
-193
-61
86
-55
-308
-280
321
427
-84
-107
245
475
312
-250
-186
892
467
-90
327
497
352
-67
-82
736
904
-82
-160
642
521
79
172
556
477
-100
-22
227
405
-53
42
288
128
-88
-436
-171
48
-90
-304
-265
-182
-171
-730
-675
-35
-255
-415
-329
-834
-547
-50
-572
-709
-74
-71
-601
-559
-354
-65
222
-137
-566
-93
362
-245
-576
-674
516
536
-299
-29
161
253
293
-99
-46
527
488
-9
543
614
-66
455
705
262
130
486
558
391
287
528
419
138
329
385
415
414
29
-49
554
127
-291
230
200
-488
317
15
-693
-244
168
-478
-682
-28
-308
-606
-644
-433
-95
-853
-1035
-49
52
-867
-690
-82
-501
-323
-355
-358
-264
-42
-459
-545
321
-32
-1044
67
458
-163
-376
-252
696
256
-349
441
478
396
33
-131
459
804
257
-103
461
1054
345
-237
252
913
892
-355
-115
1135
346
-463
396
592
-297
-302
173
615
206
-502
-123
565
-275
-648
-7
349
-467
-725
-127
-395
-407
-676
-326
270
-396
-931
-613
-200
-326
-718
-434
-118
20
-428
-551
-303
-428
-306
78
332
-413
-377
179
-163
-289
175
401
-131
-306
113
-107
145
526
139
-104
-69
486
471
132
-41
447
625
219
677
278
137
325
426
89
305
788
196
161
228
-78
216
225
-119
10
253
173
-115
-239
-100
-122
-563
-619
-222
245
-618
-313
-51
-871
-1232
137
210
-1549
-343
419
-351
-964
-616
-435
-254
-612
-222
25
-239
72
-507
-1058
-71
405
-346
-446
-180
483
20
-555
213
-152
-148
836
296
-260
1006
591
-218
118
212
838
139
-142
546
1279
587
214
126
223
773
57
113
167
900
145
-373
766
260
-330
-677
-56
434
334
-570
-485
940
-905
-1185
314
-124
-663
-418
-23
-262
-573
-489
-813
-774
-63
-321
-429
-432
-451
-39
-341
-349
-365
-136
43
-435
-684
442
772
-1030
-647
459
124
-386
-199
482
170
-20
356
-175
239
185
-323
424
595
681
641
-142
359
1159
-196
59
1004
846
607
520
389
112
557
-66
-235
789
927
345
-98
267
139
-194
-20
-74
-208
-285
-11
-191
-187
-202
-752
-619
9
-292
-591
-11
-403
-284
310
-543
-983
-386
-14
-237
-424
-146
536
-294
-590
-88
406
-613
-1025
213
-72
-174
104
107
-474
-285
-83
255
6
-129
421
855
-66
-1071
771
1311
256
53
582
1335
704
-260
432
1225
445
-63
783
1119
195
-323
695
918
494
170
253
401
-228
630
29
-671
-316
306
82
-114
-527
-385
-269
-384
-837
-351
409
-134
-712
-833
275
335
-1305
-976
550
64
-1430
-125
435
-902
-585
81
-198
-243
-741
-301
401
-152
-625
-455
333
-417
-552
173
236
-837
-299
1324
-82
-308
44
422
270
270
430
480
650
183
209
537
822
824
-37
-122
1206
1022
-237
-205
579
1082
588
-704
-48
1062
147
-329
-360
-63
384
-205
-473
-387
-505
-368
-526
-545
-548
-243
-97
-318
-1018
-460
250
-404
-840
-642
-92
-243
-298
-1004
-149
397
-577
-494
365
-638
-384
4
-601
-164
358
21
-879
-118
99
-128
56
102
290
28
362
-86
24
531
492
-80
661
882
255
966
240
100
349
858
818
67
891
734
142
24
477
840
-188
-430
862
1120
-425
-543
-67
106
-82
-738
147
-66
-599
-291
-834
-642
-302
-492
-1018
-356
200
-667
-754
-897
-370
-301
-177
-564
-937
-212
52
-108
-451
-686
-3
0
-1002
-321
-72
617
116
-1412
-154
1128
-67
-1492
392
1176
-8
-285
32
807
700
2
-66
776
1393
589
-646
1338
1943
-189
-172
1270
1312
643
688
-107
476
1482
-173
134
1210
257
-461
282
857
171
-863
-458
684
1
-594
-832
-83
561
-1017
-692
256
-188
-749
-1088
-261
460
-648
-1205
-608
291
-124
-854
-849
85
59
-644
-461
47
-214
-412
-239
-197
493
108
-1017
-355
718
12
-355
292
160
743
-100
-115
1334
417
-449
459
1474
978
-181
93
978
998
76
94
1071
951
768
22
298
1256
548
-721
-70
1183
1152
-173
-713
699
236
-36
-486
-877
579
575
-1447
-432
788
-566
-1188
-559
-586
-266
-208
-1608
497
578
-1780
-1140
232
-898
-688
551
-712
-552
357
-983
-1268
181
396
-852
-536
790
287
-643
-395
-73
105
219
-180
-535
1102
634
-1032
283
1446
430
-809
557
1185
737
864
-105
101
1074
642
-35
196
1781
698
-350
854
787
134
24
301
804
409
82
338
-78
113
-489
362
21
-792
-68
-4
-550
-628
-233
-638
-560
-296
-308
-1016
-464
-258
-718
-539
-338
-303
-501
-783
-258
-189
-223
-272
-211
-605
221
318
-773
-156
-87
-362
249
408
18
-293
224
953
-696
-374
1972
28
-603
777
1106
707
-361
120
960
722
604
190
266
1647
447
-30
156
894
1617
63
-470
1173
1845
-679
-706
886
877
-651
-62
548
298
-72
-747
-144
115
-533
-1001
211
-260
-1334
-417
176
-458
-1229
-164
-436
-956
-569
150
-47
-1122
-847
489
-164
-1606
-169
803
-873
-533
-51
125
261
-752
-422
916
-298
-293
962
232
-580
64
735
584
-462
-90
1444
233
251
604
885
675
-322
686
1241
424
154
716
1286
433
-36
357
1180
923
-388
288
622
693
116
-395
-25
369
396
-858
-141
922
-272
-978
-425
19
-41
-170
-1086
-498
-23
-724
-652
-813
-34
130
-986
-506
-428
111
-368
-1017
-78
-200
-222
-175
-270
312
-336
-728
-154
462
-52
189
-200
-365
883
-258
-436
538
188
163
759
446
-275
377
1053
105
366
938
751
908
707
-121
558
1219
773
151
54
1251
830
-586
143
604
516
423
-673
-628
988
1128
-1245
-273
393
360
-351
-755
-264
-213
396
-627
-1308
523
141
-588
-713
-854
142
-39
-264
-1090
-360
601
-836
-1099
110
8
-596
-667
363
-71
-800
322
245
-883
94
873
-26
-217
451
344
393
440
-829
558
1282
-121
182
1356
327
-91
518
212
993
694
-392
967
1054
133
-121
478
671
317
91
884
125
298
377
-654
93
1278
-91
-1406
697
309
-149
-469
-935
643
-59
-984
-205
273
-399
-932
-721
-45
271
-437
-949
-661
-33
-309
-938
-583
-313
-113
-406
-809
-552
675
-194
-732
211
435
55
-378
96
219
300
-104
98
-170
307
384
312
899
468
240
246
838
553
-195
178
1233
421
439
152
341
777
102
285
801
1262
-48
-156
718
671
-332
-332
533
-55
140
11
278
-101
-427
-320
-118
193
-607
-309
-828
-74
68
-1183
-694
112
32
-978
-819
316
208
-1029
-834
29
114
-498
-1043
-262
722
-128
-854
-305
414
-105
-353
-106
294
303
-219
-472
210
835
82
-691
315
1242
-104
20
630
819
488
-163
83
1075
948
-367
-62
1493
687
-241
190
736
183
-90
664
-27
658
317
-378
-156
430
367
-827
-345
132
112
-214
-358
-749
-999
41
99
-539
-388
189
-692
-680
-80
-456
-603
-445
-221
-618
106
-669
-922
-295
105
-221
-173
-650
-49
671
-327
-1063
73
419
-879
-134
742
390
-285
-151
272
391
316
70
-105
521
811
37
258
634
150
855
511
405
786
424
145
676
533
-356
314
868
184
333
147
-384
320
605
-358
80
210
-486
88
-493
-452
-13
236
-378
-1072
-405
448
-43
-1669
-660
346
347
-558
-1329
-209
537
-399
-1035
-217
623
-268
-1209
-189
-170
-275
-810
-765
466
-118
-630
49
-12
-333
85
975
963
586
-121
585
754
987
231
-634
39
1269
545
-599
728
462
111
415
107
-92
257
680
184
75
350
-250
-243
701
101
-486
434
658
-830
-291
624
101
-296
-805
-41
124
-357
-365
-450
-350
-53
-393
-890
-750
-258
-190
-511
-656
-557
-617
-290
-469
-590
-542
-302
-102
-470
-693
-182
-280
-705
-173
-272
279
75
-148
-144
120
196
194
-22
-73
83
351
401
275
594
184
-192
278
448
496
776
69
-44
225
672
511
289
-155
-300
700
947
-355
-583
692
11
-264
517
119
-614
188
304
-658
-69
785
-220
-1084
-369
454
10
-174
-958
-521
254
-201
-972
-362
232
-595
-827
-485
470
-46
-747
-458
253
16
-668
58
339
-329
-459
-69
755
-283
-625
-218
1009
374
-324
-859
310
1410
-169
-230
380
771
-339
438
818
243
117
93
557
523
446
463
224
-200
-62
989
538
-357
161
450
290
66
-87
84
37
229
158
-177
-88
121
-135
-396
39
-338
-382
-161
241
-443
-522
-96
-554
-308
231
-198
-926
-286
-113
-283
-533
-313
16
4
-472
-541
91
170
-94
-700
-379
366
-102
-666
12
328
-36
161
198
209
225
266
342
254
-1
333
576
231
154
257
-6
330
535
354
383
-221
75
435
613
-99
-248
106
194
431
264
-142
-568
228
569
-131
-636
-385
384
-51
-695
-730
-332
192
-459
-779
-303
368
74
-834
-929
-84
476
-667
-710
-674
-271
42
-356
-829
-497
-281
-42
489
-731
-1289
589
889
-707
-511
-7
154
9
23
-111
-212
675
269
-270
101
517
316
-354
398
83
-54
464
529
-307
19
901
707
-409
-408
783
629
-118
-135
579
367
-166
-66
112
315
-27
-312
316
-265
-256
-310
-161
-59
-431
-425
-56
451
-755
-988
-19
193
-721
-622
-351
-434
-216
-278
-342
-456
-599
288
245
-629
-770
-152
163
-378
-421
-335
-197
102
-53
-327
-225
228
72
-460
-564
141
436
137
-59
-519
-37
809
689
-641
-505
845
458
11
-100
499
388
98
-91
51
423
322
52
-88
117
24
-225
93
588
-96
-591
484
326
-383
-735
-204
583
75
-246
-280
-120
472
116
-332
-437
-443
108
-288
-817
-74
406
-359
-989
-495
177
-45
-420
-435
426
215
-640
-412
254
-74
-384
14
-97
-213
106
486
-119
-692
65
408
87
-355
254
467
360
-187
-52
913
582
-213
9
734
551
309
355
154
-5
320
400
-170
101
252
214
374
431
128
-297
313
335
-6
-317
56
437
15
-480
-150
477
-306
-486
-53
-189
133
-198
-220
60
-343
-240
197
-267
-384
182
-14
12
196
-308
-498
-174
70
-90
-42
35
-157
-152
-9
-149
-161
135
-54
-419
137
445
212
214
-169
117
649
377
-251
23
715
556
38
-388
252
325
517
391
-296
225
597
483
19
263
116
35
487
-139
171
367
-99
-154
76
-31
-384
56
-400
-286
258
-31
-355
-214
133
-271
-167
-109
-377
-243
219
-18
-469
-492
86
308
-419
-695
-471
528
350
-504
-683
-15
485
-260
-532
-490
76
571
-137
-480
36
267
264
-211
-505
313
646
240
-319
262
538
264
-4
6
170
603
468
163
119
71
267
118
-195
140
329
33
270
257
-29
-15
205
159
-88
57
-38
275
357
-170
-132
-207
-157
-151
-222
-175
5
-37
-135
-453
-584
-118
-554
-498
-289
15
-65
-293
-104
-102
-345
-383
-140
-176
45
73
-238
-162
-57
59
-575
-98
57
1
89
265
281
-100
-329
-59
487
106
-64
45
364
254
203
178
-167
158
115
336
227
38
887
569
-291
-108
859
372
-656
-55
739
242
187
-35
-365
160
70
-250
-46
-199
15
88
-136
-53
-379
-304
-315
-170
-159
-197
-125
-284
-127
-408
-292
-193
-136
-191
-608
-28
532
-116
-358
-371
-443
-26
397
-155
-196
-37
174
-85
-6
191
-79
-385
192
226
239
195
-73
215
79
178
241
216
194
114
266
611
572
-261
-271
88
424
319
-176
-25
370
301
51
136
245
199
41
63
-145
273
532
-241
-405
-187
299
125
-705
-143
-46
128
53
6
-623
-535
79
356
-413
-606
-157
21
90
-417
-421
-463
16
-111
-413
36
124
-111
-347
174
124
-26
32
-255
4
452
317
-321
-16
245
270
111
160
282
290
424
449
171
-52
223
109
476
147
30
376
400
99
-133
492
532
-87
-157
279
582
164
44
-62
-121
-170
200
18
-189
60
-74
-117
-174
12
-250
-350
-224
-196
-206
117
-198
-648
-279
296
-159
-763
-340
276
114
-299
-217
94
72
-153
-379
131
409
0
-450
-35
436
337
-40
-529
232
472
229
142
13
-289
-10
608
262
125
-1
163
540
486
274
169
327
242
284
183
114
105
104
127
424
292
87
-18
-344
99
338
333
-87
-324
-312
50
31
-362
-376
-159
-62
-184
-6
-160
-450
-524
-190
-187
-268
-148
-563
-183
71
4
-298
-542
-303
-43
-128
-146
-361
-502
157
73
-324
-30
72
-40
130
231
-76
74
230
152
5
-115
55
277
425
108
34
229
319
60
87
364
418
274
197
152
17
398
322
52
-123
223
341
191
-51
67
124
-137
102
178
-102
-344
-188
-78
0
-207
-160
-197
-364
-112
-80
86
-284
-423
-3
142
-93
-364
-288
-108
-159
-158
-110
-258
-269
-116
-109
-204
-117
-180
-169
-210
-220
262
-66
-74
-231
-308
198
252
209
77
55
244
457
323
20
96
380
502
359
110
140
448
458
73
135
267
220
264
38
135
340
218
-54
-31
252
74
-182
-181
109
-5
-153
54
-100
-168
-240
15
49
-79
-118
-255
-16
-47
-54
-83
-232
-118
-19
11
-293
-216
-93
90
-5
-181
-206
-86
-101
-23
-128
49
178
-20
-106
49
-93
30
131
87
225
217
180
53
321
190
130
314
208
485
302
117
17
371
255
140
351
158
206
164
96
190
250
181
-73
28
190
118
-36
-144
-51
-45
124
-130
-230
93
-7
47
-240
-25
-111
-283
-128
-101
-154
33
-93
-321
-276
8
147
-374
-456
35
65
-71
-412
-354
-87
77
19
-223
-206
-124
205
385
-97
-337
24
504
554
0
-77
52
289
223
185
136
25
54
345
351
303
247
26
144
346
418
210
-7
68
69
93
355
284
-18
-104
30
-14
182
161
-172
-316
-56
-13
59
-262
-497
-343
65
59
-330
-246
-195
-38
-211
-200
-201
-264
-193
-128
-79
-133
-220
-238
-16
-16
-307
-199
126
131
-145
-159
-28
-64
-45
20
-69
17
206
91
79
69
155
-3
43
256
183
138
159
153
247
150
225
265
119
87
289
387
115
131
77
174
138
213
214
38
31
-14
95
249
159
-120
-254
73
134
-1
-45
-249
-296
-294
117
-29
-432
-296
-159
-101
-133
-223
-264
-308
-217
-135
2
-35
-309
-408
-50
-29
-140
-136
-400
-147
14
-5
-103
-34
-6
153
185
-140
-73
87
143
31
-40
199
274
91
-50
112
106
112
116
166
251
149
148
47
122
97
-28
-40
140
294
32
-167
95
199
-23
-158
-190
-4
153
80
-130
-309
-280
-205
-164
-298
-158
-34
-289
-232
-172
-50
-211
-186
-206
-124
-74
-44
-61
-160
-260
-365
-190
44
104
-98
-188
-117
-38
32
-87
-171
-58
152
211
199
-36
-95
-7
125
110
5
129
326
314
36
38
165
165
231
159
284
165
132
199
38
14
45
141
244
-22
-38
170
19
12
-66
-142
54
89
-63
-128
-127
-174
-193
-47
-56
-254
-220
-68
-170
-139
-236
-173
-32
19
-2
-163
-129
-4
42
-49
-70
-153
-100
110
9
-29
-160
-156
14
85
45
-120
-22
52
152
273
82
-49
30
254
367
213
66
208
399
308
12
73
249
240
168
76
-39
227
386
67
-122
134
276
94
-23
-33
112
309
129
-155
-133
19
-55
-98
-21
-62
-74
-134
-74
-200
-157
-147
-172
-215
-173
-25
-173
-17
-75
-254
-261
-116
-86
-104
-125
-145
-50
-156
-167
-173
-239
-68
60
37
53
85
54
-14
109
170
217
137
70
207
345
371
257
45
96
259
243
147
185
186
86
73
117
229
49
-9
-17
130
182
139
93
18
62
52
36
-79
-96
-69
-62
-14
50
-29
-154
-164
-70
-53
-196
-164
-63
-141
-155
-193
-140
-121
-201
-206
-208
-143
-44
-88
-63
42
-24
-116
-77
-148
-90
127
241
78
4
31
160
109
46
37
115
199
290
191
72
70
205
252
49
183
195
220
134
90
162
96
84
-63
-44
130
214
139
92
11
-66
39
12
-42
-83
41
53
14
-32
-119
-82
-98
-57
-90
-50
-58
-181
-73
-133
-217
-386
-146
-103
-134
-160
-228
-93
13
-67
-244
-210
-56
64
5
-88
-46
27
29
-11
-39
0
90
79
59
9
-12
152
182
132
121
76
70
166
171
49
88
136
180
177
26
58
126
101
107
36
44
42
77
61
67
-23
-74
-51
-4
-32
-120
-110
-60
-9
-55
-130
-91
-160
-103
-75
-63
-131
-79
-70
-217
-192
-113
-24
-140
-136
-211
-216
-69
-7
-117
-221
-144
5
36
-91
-220
-149
-5
48
-2
-13
105
59
94
136
39
99
209
208
168
227
223
173
181
130
72
117
337
294
209
115
55
181
180
179
67
12
28
111
15
-61
-51
-51
42
75
82
-20
-74
-24
-59
-117
-63
-67
-150
-168
-130
-133
-139
-78
-105
-144
-122
-75
-102
-203
-153
-163
-112
-41
-50
-150
-48
-27
-43
-4
-9
-38
-121
-61
99
153
20
-38
