-3
22
30
-8
1
0
-24
15
-4
6
18
60
21
-13
6
10
7
-15
18
13
12
7
11
49
19
-7
3
14
-50
-47
-1
-10
12
8
-18
-60
-77
-47
-6
34
-38
-78
-70
-18
-34
-54
-32
-37
-43
-47
27
21
-33
-66
-97
-54
-22
15
-7
-14
22
31
14
42
54
-32
-33
-13
76
76
3
-1
-9
-4
-25
-19
-26
-34
-7
88
27
-57
-17
70
87
-26
-72
67
128
36
-15
40
126
78
-27
-43
-8
10
-50
-85
-2
54
-31
-112
-83
62
9
-125
-89
-41
13
19
-22
-31
4
5
-16
36
-8
-47
-86
-2
48
16
-45
-39
36
-34
-20
12
-49
-49
-17
-13
-22
-49
-48
-41
-10
6
-105
-67
22
33
-56
-35
29
-27
50
7
-35
46
79
-33
-85
6
20
14
-46
-30
47
-9
-77
6
9
-22
-35
-67
-33
39
-15
-51
61
24
-77
-25
49
57
-4
26
110
83
-28
68
92
-6
-71
16
112
-46
10
43
-28
-27
-9
55
-50
-3
61
100
-25
-92
95
62
-121
-134
103
68
-130
32
131
-5
-35
56
-35
-26
-3
17
-23
-87
6
-13
-134
-5
105
55
-13
-28
30
2
-96
-135
-64
-30
-50
-98
-67
-54
-66
2
-135
-166
37
16
-125
-119
3
58
-96
-39
32
-123
-115
-120
-76
-56
-94
35
41
6
-39
-62
-38
-93
-190
4
38
-109
-7
54
-49
-46
-63
-125
-38
-12
-84
-53
-51
-71
-53
-6
-117
-163
-149
-20
-20
-53
61
-73
46
56
-106
-35
11
-28
-140
1
-41
-20
-43
-104
64
44
-96
-143
-31
-47
-14
-82
-92
-9
-135
-97
27
-88
-161
-22
-21
33
-34
-42
17
49
12
9
-26
-22
36
-9
-33
-104
75
-46
-52
-10
-20
-1
-90
-72
66
129
-120
-2
-17
67
78
-160
-115
20
20
-150
-45
4
67
100
-77
-5
-15
36
-2
-99
68
78
93
16
-22
-8
31
4
-157
-27
111
91
-131
-3
98
75
-143
-170
106
118
-119
-141
9
101
94
-207
-23
119
-69
-48
-34
-33
12
37
-91
4
15
65
-21
-128
-22
34
22
-33
93
-102
-28
22
-17
-125
-53
-37
44
70
-143
150
43
-111
-28
61
-99
-47
-8
65
-21
-38
52
81
-17
-93
141
52
20
-8
82
141
49
34
47
-12
23
90
-56
-191
25
85
26
-66
74
293
66
-25
-182
11
277
-24
-275
-74
219
17
-156
-108
279
22
-203
-103
232
110
-273
-72
187
271
-169
-225
1
100
-176
-100
-89
-65
129
-120
-150
-42
98
-177
-148
156
88
7
-202
35
428
-106
-228
-70
150
31
-48
-24
-104
-12
-2
-132
-185
46
202
45
-38
145
110
120
-120
-84
224
34
-66
-102
84
57
-86
-293
21
12
10
-47
-158
-64
141
297
-65
-71
65
41
-5
73
-27
29
-14
2
108
-157
-267
-159
-29
-59
-248
-93
52
54
-245
-141
185
-153
-34
-89
14
-21
-89
-114
-1
240
-153
-132
33
86
-107
-170
35
243
-135
-445
161
207
-103
-167
-205
-96
99
-27
-185
71
-49
116
-18
-255
63
122
-13
-32
180
55
-121
33
136
186
-114
-92
-49
53
123
8
-84
89
191
-125
-149
147
76
-192
-81
212
61
-186
-91
72
61
27
-216
25
-40
-142
2
-163
-70
-113
100
100
-77
79
60
54
-45
164
-37
-204
145
101
-80
-174
170
191
-53
-79
87
261
-91
-179
34
291
118
-187
-67
169
268
-100
-172
-22
150
184
-189
32
301
195
-57
-4
313
192
18
-187
86
150
-131
-284
62
127
-95
-24
-17
177
-10
-43
142
77
-85
27
78
129
162
-29
97
28
25
48
-127
34
168
23
-77
70
-9
-127
-138
-49
-125
98
157
-131
21
-46
-144
-9
-158
35
5
128
20
-178
213
240
150
-94
193
146
-218
-269
-43
164
-162
-312
111
185
-114
-157
-6
84
-129
-63
36
24
145
-185
-163
-8
-3
-35
-159
17
170
-99
-269
77
261
-368
-151
212
194
-250
-582
86
93
-94
-222
19
-60
-27
-59
-72
-3
-252
-91
-228
-50
13
-89
-42
-116
172
38
-181
-68
186
155
-68
-201
100
73
-179
-201
6
-74
-169
-109
-95
127
-19
49
-115
-152
197
-56
-173
-40
112
72
-58
52
93
-188
8
-67
-81
-136
-19
-80
-78
99
-87
105
45
6
-22
-136
-152
-25
232
-182
-43
60
24
309
91
-192
32
193
-147
-284
53
98
-111
-274
70
165
-142
-138
73
179
-270
-157
88
78
-153
-116
156
284
-7
-224
94
291
81
-93
-34
200
385
-176
-382
157
-73
-42
-98
1
53
7
-14
-194
57
9
-129
51
68
14
71
218
-120
-55
108
59
22
-4
-79
-62
63
-167
-98
-61
102
-116
-180
115
-43
-188
65
307
-147
-178
154
331
-295
-81
49
31
125
-131
-130
163
12
-104
44
-277
-192
182
161
-182
-205
111
120
49
-157
61
29
-105
144
74
-174
55
82
-357
65
-50
-134
89
-124
-85
111
-17
-80
-80
152
118
184
-52
-243
3
36
114
-270
198
196
-109
334
69
-118
162
235
-104
-56
4
-103
-120
-126
171
128
-101
-237
237
316
-256
-193
170
298
-187
-349
213
345
-94
-321
185
174
90
-94
-32
154
250
-16
-60
99
-31
223
-186
-176
87
206
255
-401
-183
382
282
-495
-211
118
180
-46
-285
155
155
159
-212
20
255
-203
48
143
260
175
-23
161
119
49
-268
-221
118
182
-11
-239
70
354
182
-10
-134
194
236
131
-216
230
348
-165
-322
-12
368
-262
-68
-81
180
431
-225
-151
348
194
338
-178
-206
109
471
-82
-372
152
458
-26
-423
-20
266
197
-338
-73
312
19
-252
67
-102
-18
161
41
-19
13
426
119
-239
-73
296
-164
9
271
27
-194
-104
336
96
-466
52
247
55
-3
362
325
-155
33
20
-154
-289
-138
195
-172
-371
161
640
-156
-318
-54
420
13
-421
373
145
-51
-205
80
103
23
-174
191
253
-91
181
-252
-58
419
-309
-215
354
422
-417
-597
475
268
-409
-256
227
342
-393
-244
305
40
-235
152
-118
-25
327
-182
-354
174
334
-22
-624
-41
558
-187
-589
75
556
-113
-340
56
527
-161
-327
104
-57
41
-8
-40
-216
-163
444
81
-358
149
74
-147
-175
99
58
-219
104
204
-272
-5
269
-146
-336
-42
443
-195
-116
122
40
-58
-78
-44
-274
-17
242
289
-368
-55
507
-3
-434
28
-1
-190
91
245
50
-416
-81
394
38
-431
45
507
-318
-116
138
-316
171
136
39
-361
45
224
32
10
207
157
-425
47
122
-224
12
266
-211
-104
280
207
-373
-67
182
130
165
-419
-110
278
120
-252
-171
167
405
-84
-55
9
-97
528
-368
-280
84
278
244
-250
-57
-146
120
60
-44
6
69
-74
-211
333
76
-215
62
52
-92
-110
246
94
-263
-14
352
67
-180
-282
403
422
-453
-283
400
352
-14
-264
190
249
32
-78
54
3
132
-56
-178
112
387
21
-47
246
185
-261
-356
16
218
252
-185
-70
403
337
-291
-165
57
207
-62
-283
165
365
100
-541
36
554
-45
-269
155
386
-233
-65
242
400
-520
-440
511
635
-389
-636
396
269
-49
-248
-47
556
-165
-223
479
-370
-135
250
-112
-191
92
413
495
-284
-185
244
-309
-123
-111
291
-88
-42
-56
113
153
-106
-43
-33
205
-202
324
-127
-504
302
141
-289
-80
12
35
-157
137
313
-198
-145
112
239
26
125
-215
190
252
16
-202
-189
152
331
-313
-358
255
581
-219
-839
645
846
-110
-355
-72
408
436
-383
-36
297
-139
443
88
44
323
-534
285
464
-591
32
502
42
-331
67
263
249
-518
193
458
-70
-135
-119
425
-302
159
496
-233
114
-122
661
-43
-67
87
360
-295
-392
896
88
-191
-1
353
-111
-518
501
0
-171
-171
532
304
-414
167
-45
-238
-81
513
162
44
-212
308
321
-554
-194
390
55
-391
286
363
-165
379
245
-393
-186
529
205
-646
-290
622
571
-554
-130
822
-133
-745
212
348
-594
236
189
484
-206
-412
500
-9
-571
158
504
-227
-205
159
528
-42
-534
434
65
-590
345
-81
-40
491
217
-764
158
450
287
-567
-263
751
-691
-460
174
992
-467
-1214
670
619
-225
-706
91
-9
-211
543
128
-447
-244
28
559
-256
-283
190
528
256
-1157
-70
520
-611
-65
-155
607
612
-624
70
-40
26
-202
-113
-686
-155
802
-834
-461
747
-50
-14
346
-625
-37
501
52
-657
-173
428
656
-499
-469
653
252
-438
-188
-498
440
615
-981
374
874
-446
-677
-97
480
144
-334
111
293
6
-387
-114
-334
167
384
-118
76
-83
479
-207
-168
-161
86
438
-643
-161
806
404
-1108
-313
812
-56
-930
264
698
-240
-596
522
742
-417
-262
197
-530
-276
1210
-471
-726
545
388
254
-824
-106
977
-151
-1027
239
936
-855
-74
324
635
-213
-947
761
250
-52
-119
-166
82
-10
157
22
-224
-257
71
409
-781
183
510
-1166
23
862
341
-890
584
953
-453
-621
1
844
226
-664
320
210
-684
260
442
-962
82
871
-533
139
-62
548
-91
-1234
586
658
-356
-875
494
274
-474
302
166
226
-93
34
215
-331
-121
378
-75
-266
224
651
-889
-297
424
201
-348
-785
1045
606
-851
64
-13
-131
-72
-38
166
-306
658
-136
234
-517
245
683
-612
-488
351
589
-561
-74
-476
714
608
-981
143
182
528
-687
-142
700
-82
-459
-868
934
87
-544
-486
390
996
-1037
-136
149
-130
274
-159
-749
898
914
-1425
-265
738
97
-587
39
501
605
-1315
250
705
-329
-419
235
309
-342
-97
507
177
-583
127
22
-403
-637
604
505
-848
-179
1131
-76
-726
44
443
220
-786
-149
490
395
-738
537
360
-1478
412
522
32
-225
695
-709
-462
1250
-952
-726
36
718
366
-1078
1289
728
-591
-637
622
5
72
-195
-909
1417
-416
-374
-385
-19
513
-442
-56
-93
39
80
501
-532
-104
756
-1006
-170
571
59
509
-784
60
797
-424
-215
-692
209
53
146
370
-725
838
-149
-465
134
-122
-696
-662
495
370
219
-600
266
806
-598
-70
393
-13
155
-247
459
-349
289
129
-11
142
-190
307
-796
388
231
107
53
-870
391
322
-345
-611
629
44
-958
747
318
-248
-918
-192
666
-485
-259
311
1035
-435
-354
1071
-557
-771
2
730
114
-168
324
571
-276
-328
310
-269
-1268
254
1036
-916
52
786
86
-880
-241
602
-489
-747
519
783
-259
-194
636
409
-1412
-304
745
150
-1118
174
1731
557
-1247
-613
1226
-620
-917
281
145
114
18
-592
711
286
-1178
402
396
-531
171
138
-852
-340
1028
-202
-913
733
852
-373
69
380
-408
-359
409
18
310
-17
-903
423
88
-291
-16
169
199
-222
-498
306
518
-1275
3
323
-917
324
124
-453
10
790
-114
-507
397
92
147
-561
119
462
-205
-413
138
1162
-221
-531
1085
429
-1277
-614
1088
-39
-1412
-772
797
295
-1425
131
822
129
-853
226
1273
-100
-791
-303
497
405
280
-93
-25
662
115
-348
-764
-20
124
-611
41
101
4
-217
-686
79
1052
-53
-1428
327
1701
152
-623
416
201
-748
-994
1228
-217
-1415
75
1234
623
-1784
306
1438
-423
-1024
408
988
-886
-671
761
170
-31
-503
486
14
-587
658
850
-546
-651
1018
126
-1187
-306
677
-394
-561
53
768
-210
-568
1163
776
-620
-628
947
-383
-1232
-144
-71
-230
-148
346
-544
-657
768
258
-1011
269
1649
724
-1060
22
1946
-357
-1675
163
1036
-193
-841
-153
301
483
-1057
-1088
555
-53
-801
195
653
-17
-401
-75
242
-458
-638
-584
-46
654
327
123
-135
468
466
-525
-703
97
189
-3
284
325
-148
-498
-244
133
163
-289
-503
493
710
-840
-163
14
-384
-483
-414
598
169
-523
675
916
-619
-364
66
-310
-270
-176
555
632
-218
-690
-354
-107
-124
-221
-43
676
-39
-341
438
232
-617
-707
157
738
-219
-513
110
13
58
-112
-650
-180
-12
-132
471
262
-429
-257
-45
304
107
-750
22
101
-205
132
64
-270
-373
-167
112
54
41
103
-68
277
362
-182
-623
-253
181
289
63
109
386
-299
-516
-399
-283
-869
-239
831
224
-57
90
255
-215
-170
238
349
140
12
361
348
-230
-429
-361
-120
172
-35
-314
-66
-35
-192
24
-37
-189
-321
-390
47
200
-290
-292
280
49
-246
-91
150
-103
-177
486
571
170
-119
1
114
-60
109
-83
-205
157
141
-234
-369
-366
-356
-215
-83
-34
-110
-249
-191
-104
-339
-384
-211
29
147
179
266
246
-36
-88
54
167
78
-56
129
171
95
93
-41
-157
-211
-113
-29
77
138
-132
-204
-196
-196
-192
-193
-153
-328
-290
170
177
-265
-345
-68
113
1
186
366
203
84
134
185
71
-118
-125
97
152
24
20
20
-108
-118
-9
16
-99
-42
-39
105
146
-33
-187
-148
-14
-28
34
34
180
85
-139
60
106
-99
-181
35
283
184
18
151
119
-60
-49
75
60
89
75
48
9
-73
-150
-190
-218
-249
-33
92
0
-34
22
-39
-28
8
15
-5
31
80
62
91
92
117
-37
-72
51
181
225
185
181
256
183
-37
-28
143
153
207
290
203
113
94
-50
-95
27
107
167
107
183
224
65
-170
-250
-209
-244
-247
-163
-82
-181
-275
-299
-330
-304
-272
-199
-66
94
167
229
268
214
195
285
486
585
647
739
808
861
769
720
701
712
747
779
723
681
607
482
433
398
412
303
274
287
336
308
220
168
178
170
135
253
147
41
2
37
98
-32
-111
-127
-100
-222
-353
-442
-685
-734
-838
-944
-1006
-1139
-1227
-1388
-1448
-1359
-1255
-1331
-1334
-1176
-1089
-1174
-1130
-978
-1008
-1016
-820
-673
-773
-799
-589
-545
-750
-852
-672
-479
-446
-432
-19
480
564
567
686
867
1128
1171
1195
1421
1612
1683
1602
1627
1576
1279
1010
1106
1313
1230
1106
1253
1459
1299
1069
1077
1240
1274
1374
1618
1836
1852
1733
1690
1626
1564
1478
1434
1470
1497
1504
1268
1096
929
783
653
543
552
488
368
203
133
-100
-447
-550
-588
-684
-747
-700
-827
-1070
-1350
-1481
-1406
-1440
-1504
-1621
-1719
-1877
-2099
-2221
-2399
-2479
-2424
-2157
-2072
-2256
-2448
-2501
-2747
-3280
-3152
-2277
-1529
-1563
-2046
-2401
-2552
-1758
918
4007
4479
2040
150
1757
4651
4852
2437
1141
2988
5408
5244
2995
754
-238
-459
-547
-257
231
-32
-1486
-2680
-2438
-1495
-1459
-2499
-2771
-1193
1321
2490
2036
1603
2253
3131
3454
4068
4973
5009
4066
3503
3895
4041
2983
1336
669
881
1108
744
-179
-1072
-1531
-1652
-1521
-1085
-900
-1152
-1220
-638
-82
-123
-463
-508
5
751
1240
1126
614
211
34
2
66
177
-113
-697
-1161
-1272
-1380
-2074
-2855
-3190
-3064
-2954
-3120
-3505
-3842
-3820
-3670
-3459
-3316
-3212
-3256
-3328
-2959
-2118
-1282
-1147
-1432
-1135
386
2882
4745
4503
2650
1621
2734
4465
4557
3032
2272
2984
3805
3071
1140
-446
-1197
-1543
-1714
-1399
-866
-1149
-2514
-3601
-3263
-2049
-1400
-1677
-1660
-435
1516
2838
2819
2333
2999
4341
4744
4425
4626
5028
4423
3253
2949
3194
2528
972
-40
-2
62
-465
-1213
-1776
-1821
-1593
-1588
-1599
-1294
-1007
-978
-684
-77
339
402
249
346
768
1087
888
558
377
177
168
54
-348
-666
-1027
-1443
-1731
-1840
-2065
-2426
-2837
-3140
-3064
-2918
-3081
-3434
-3596
-3590
-3417
-2966
-2619
-2628
-2671
-2581
-2321
-1868
-1557
-1660
-1821
-1279
356
2551
3977
3466
1808
986
1838
3154
3310
2424
2130
2942
3410
2437
713
-572
-1055
-1108
-1118
-921
-584
-781
-1989
-3113
-3058
-2077
-1448
-1565
-1506
-599
726
1461
1863
2588
3117
3077
3240
4154
4914
4842
4105
3489
3413
3315
2740
1885
991
317
106
-14
-377
-843
-1326
-1751
-1771
-1355
-1075
-1122
-1218
-1081
-603
-38
190
187
282
348
430
595
646
594
416
160
-3
-20
-336
-943
-1481
-1711
-1598
-1537
-1882
-2446
-2801
-3155
-3454
-3371
-3125
-3146
-3677
-4126
-4010
-3607
-3343
-3267
-3092
-2759
-2387
-2170
-2198
-2353
-2011
-694
1456
3841
4842
3544
1455
1081
2736
4119
3699
2760
3159
4184
3830
1735
-401
-1112
-953
-1003
-1354
-1244
-890
-1461
-3083
-4239
-3648
-2232
-1680
-1946
-1376
300
1323
895
520
2036
4127
4337
3281
3719
5614
6035
4507
3261
3444
3649
2873
1777
1233
983
282
-545
-1117
-1359
-1515
-1902
-2465
-2352
-1482
-850
-969
-1190
-844
-201
161
325
723
1205
1262
952
961
1137
1026
719
277
-90
-291
-637
-1264
-1769
-2002
-2240
-2703
-3040
-2963
-2867
-3331
-3940
-3886
-3295
-2873
-2938
-3204
-3324
-3080
-2633
-2336
-2117
-1905
-1631
-1429
-1342
-1388
-1576
-1571
-905
695
2683
3746
2967
1141
237
1110
2607
3047
2449
2332
3118
3321
1903
34
-725
-391
-60
-315
-511
-278
-389
-1626
-3011
-3158
-2112
-1201
-1241
-1487
-796
437
739
-24
-37
1963
4552
5129
3828
3323
4255
4467
3454
3072
3887
4247
3198
1948
1523
1163
153
-798
-1042
-786
-580
-810
-1434
-1899
-1662
-1204
-1071
-1108
-845
-161
369
369
364
618
608
296
258
544
735
437
-126
-573
-784
-1047
-1423
-1604
-1674
-1917
-2344
-2720
-2887
-2854
-2997
-3442
-3649
-3451
-3327
-3366
-3330
-3134
-3003
-2977
-2850
-2388
-1854
-1675
-1757
-1813
-1921
-1934
-893
1534
4106
4744
2884
590
397
2190
3626
3428
2883
3495
4380
3646
1255
-745
-851
10
300
-143
-391
-394
-912
-2289
-3488
-3229
-1869
-972
-1268
-1349
-182
1093
970
-260
-501
1166
3621
5270
5480
4872
4056
3381
3019
3245
3886
4243
3741
2559
1684
1119
233
-1042
-1793
-1434
-684
-394
-792
-1451
-1937
-1966
-1619
-1172
-780
-344
376
958
1043
713
365
143
114
489
1082
1342
992
156
-859
-1493
-1511
-1213
-1113
-1494
-2036
-2347
-2479
-2682
-2989
-3232
-3269
-3118
-2873
-2715
-2813
-2874
-2805
-2583
-2271
-2121
-1939
-1653
-1265
-1066
-1093
-1299
-1520
-1372
-350
1581
3440
3895
2474
507
65
1327
2776
3070
2672
2861
3337
2828
1098
-346
-429
267
574
394
277
189
-331
-1571
-2579
-2533
-1611
-875
-843
-898
-410
212
34
-777
-977
418
2686
4192
4282
3514
2839
2613
2897
3507
4047
4191
3773
3043
2278
1630
983
450
48
-47
256
263
-407
-1476
-2094
-2002
-1668
-1463
-1333
-996
-531
-242
-358
-637
-864
-845
-380
290
933
1152
794
61
-689
-905
-554
-119
-106
-532
-1023
-1306
-1547
-2047
-2582
-2932
-2886
-2625
-2414
-2496
-2997
-3566
-3715
-3355
-2786
-2390
-2227
-1964
-1627
-1438
-1475
-1678
-1746
-1532
-879
366
2190
3791
3840
2090
115
25
1783
3528
3685
2984
3033
3460
2913
1015
-557
-489
745
1562
1276
561
7
-508
-1545
-2502
-2495
-1489
-452
-301
-525
-396
-188
-620
-1426
-1372
76
2405
4433
4961
3753
2108
1693
2553
3689
4227
4396
4438
3996
2926
1812
1090
501
210
491
886
637
-342
-1517
-2251
-2436
-2331
-1901
-1344
-1065
-1001
-819
-699
-1061
-1552
-1362
-392
603
1050
890
455
-125
-711
-766
-295
40
-20
-210
-530
-950
-1383
-1786
-2183
-2549
-2587
-2314
-2004
-2012
-2595
-3083
-3136
-2934
-2697
-2331
-2022
-1946
-1766
-1530
-1393
-1509
-1740
-1789
-1371
-363
1065
2676
3409
2431
358
-682
561
2692
3717
3307
2809
3024
3051
1917
295
-244
647
1862
2032
1172
316
-158
-804
-1841
-2370
-1804
-707
-160
-367
-689
-811
-1050
-1667
-1840
-961
527
1965
3105
3511
2712
1470
1271
2458
3664
4008
3970
4082
3936
3004
1905
1238
788
482
706
1040
657
-491
-1638
-2137
-2221
-2237
-2006
-1465
-1010
-984
-1080
-1156
-1386
-1568
-1123
-109
769
968
660
311
-89
-502
-569
-322
5
195
237
-139
-768
-1235
-1861
-2135
-1822
-1443
-1269
-1179
-1385
-1939
-2416
-2334
-1693
-1429
-1429
-1246
-877
-894
-1320
-1510
-1381
-1095
-992
-1176
-1345
-1135
-418
571
1225
899
-126
-862
-611
489
1581
1925
1795
1774
1956
1924
1351
828
1007
1739
2371
2362
1960
1490
984
380
-69
-77
326
620
490
154
-234
-583
-1013
-1329
-1168
-496
347
969
1244
1107
741
584
987
1709
2300
2674
2852
2832
2459
1910
1532
1244
1072
1061
1208
1085
476
-353
-1003
-1338
-1367
-1163
-935
-674
-630
-775
-891
-1032
-1227
-1255
-1184
-687
206
317
62
-492
-693
-633
-536
-201
-70
-32
51
-29
-337
-611
-654
-612
-644
-658
-633
-465
-633
-1093
-1316
-1327
-1200
-1216
-1264
-1110
-1173
-1150
-1297
-1529
-1597
-1524
-1135
-890
-895
-1281
-1623
-1467
-990
-362
193
406
235
-295
-652
-405
240
760
939
1071
1324
1537
1444
1192
985
1072
1510
1968
2199
2075
1686
1196
718
409
350
450
643
744
688
462
-15
-482
-599
-406
-14
414
757
752
463
136
-8
80
214
370
575
805
850
562
188
-117
-146
45
286
497
544
377
73
-186
-258
-165
-1
132
159
109
45
-74
-232
-262
-168
-62
68
168
101
33
30
76
-15
-98
-70
-23
95
47
-87
-304
-427
-465
-487
-482
-495
-533
-558
-562
-641
-749
-825
-792
-613
-486
-440
-458
-486
-458
-472
-479
-470
-434
-395
-402
-451
-499
-516
-624
-750
-852
-812
-657
-571
-541
-491
-399
-369
-449
-502
-385
-131
124
259
304
403
451
429
425
533
679
749
760
791
870
927
900
767
663
603
582
653
675
667
616
545
494
486
495
485
460
463
548
615
670
680
622
619
604
667
738
766
765
759
773
711
592
458
394
351
406
466
374
242
91
-14
-84
-107
-141
-193
-230
-220
-167
-217
-303
-361
-340
-298
-301
-234
-205
-191
-214
-234
-202
-152
-61
15
34
31
-3
-57
-99
-108
-122
-128
-209
-244
-284
-369
-472
-574
-632
-681
-738
-802
-832
-848
-823
-872
-965
-937
-812
-663
-619
-561
-486
-421
-345
-281
-203
-145
-83
-52
0
22
-45
-71
-167
-248
-324
-348
-291
-238
-220
-254
-298
-312
-246
-180
-101
9
106
267
383
477
541
586
662
757
834
882
918
929
917
923
958
960
893
855
791
760
707
622
544
482
470
480
482
411
310
216
221
245
174
118
18
-45
-121
-173
-196
-243
-287
-302
-285
-286
-302
-351
-371
-368
-333
-208
-163
-125
-95
-75
-70
-46
-17
6
73
122
164
102
16
-47
-129
-88
-95
-152
-285
-401
-441
-490
-569
-647
-629
-612
-625
-629
-564
-489
-526
-536
-520
-390
-254
-226
-215
-196
-131
-79
-82
-163
-199
-213
-223
-284
-362
-318
-301
-335
-449
-485
-446
-387
-376
-408
-387
-304
-213
-204
-133
-33
29
118
130
187
235
251
285
366
450
477
515
507
491
475
536
555
492
520
542
614
647
626
591
555
552
592
648
643
583
486
467
466
392
341
284
279
305
285
200
77
6
-26
-66
-102
-99
-116
-137
-164
-207
-207
-212
-190
-198
-220
-205
-139
-117
-134
-138
-98
-51
-31
-37
-74
-124
-111
-119
-123
-140
-142
-139
-166
-176
-184
-164
-168
-140
-87
-19
-24
-99
-103
-127
-83
-34
18
-6
-91
-133
-174
-205
-246
-272
-312
-264
-193
-193
-167
-190
-166
-153
-154
-117
-40
46
114
162
178
208
219
234
227
201
236
235
203
123
90
44
-5
-3
-12
-23
-71
-98
-124
-83
-43
-45
4
63
149
221
271
260
276
314
370
436
448
432
398
442
427
313
251
184
154
119
97
60
-15
-91
-150
-151
-111
-49
-54
-29
-7
-32
2
34
111
138
163
193
248
277
224
180
126
91
51
40
33
-35
-82
-140
-149
-172
-222
-282
-278
-226
-200
-169
-131
-123
-131
-89
-76
-107
-103
-132
-126
-95
-68
-60
-80
-112
-126
-96
-72
-50
-68
-41
-30
-79
-49
-16
11
-18
-28
-25
-5
5
-18
-36
-33
-13
-46
-61
-117
-175
-155
-180
-181
-171
-136
-117
-133
-159
-175
-146
-141
-113
-83
10
98
70
27
-51
-69
-66
-15
14
-6
-24
-44
-53
-92
-142
-187
-170
-145
-146
-65
-1
49
65
43
33
97
191
244
273
296
336
361
380
349
253
259
281
290
227
125
23
-51
-118
-192
-218
-248
-260
-286
-290
-315
-377
-383
-412
-411
-341
-219
-146
-141
-135
-132
-92
-41
28
76
123
158
128
149
127
123
116
127
152
155
112
33
-32
-73
-80
-96
-62
-61
-145
-170
-229
-276
-302
-300
-281
-248
-231
-252
-253
-256
-218
-202
-147
-128
-158
-86
-33
-22
-75
-67
-26
15
42
34
17
-13
-43
-129
-145
-134
-165
-147
-196
-237
-267
-281
-313
-301
-259
-212
-160
-143
-120
-112
-44
20
28
96
156
231
255
247
236
263
286
301
320
313
276
210
186
146
61
22
9
-1
-26
-87
-141
-176
-197
-210
-254
-283
-276
-271
-248
-287
-343
-321
-296
-268
-250
-258
-268
-238
-224
-189
-142
-91
-26
18
63
90
64
71
62
115
174
198
203
170
134
55
4
-33
-40
-56
-48
-44
-152
-206
-259
-293
-299
-270
-210
-181
-186
-209
-228
-219
-175
-115
-43
11
29
81
76
27
-19
-25
-2
25
65
63
31
-48
-109
-157
-171
-150
-154
-103
-130
-186
-235
-265
-238
-197
-121
-41
3
18
31
40
66
71
49
128
190
226
205
196
158
90
42
29
70
77
71
14
-8
-65
-155
-147
-159
-190
-198
-172
-167
-179
-195
-192
-183
-179
-152
-127
-69
-66
-118
-138
-135
-102
-108
-104
-107
-93
-100
-152
-178
-235
-259
-260
-201
-155
-198
-205
-238
-233
-228
-200
-172
-150
-125
-90
-60
-74
-92
-98
-56
-68
-100
-49
-17
3
-53
-121
-141
-158
-140
-144
-149
-125
-79
-76
-85
-97
-145
-110
-93
-59
-29
-21
-33
-54
-87
-81
-46
-58
-53
-92
-92
-65
-74
-65
-65
-59
-45
-9
-13
-30
-28
9
67
94
79
39
45
59
0
2
-29
-30
-30
-54
-88
-110
-155
-205
-229
-234
-188
-179
-155
-171
-197
-121
-106
-72
-57
-14
16
13
24
31
39
51
59
22
38
16
-47
-87
-141
-189
-241
-283
-322
-370
-412
-420
-412
-414
-400
-422
-402
-376
-365
-314
-298
-251
-236
-215
-204
-176
-138
-107
-97
-129
-116
-132
-113
-121
-192
-167
-172
-157
-174
-187
-220
-253
-264
-272
-244
-250
-248
-251
-212
-186
-217
-223
-227
-204
-177
-156
-143
-119
-126
-139
-152
-139
-132
-119
-91
-106
-164
-134
-114
-124
-158
-161
-138
-121
-130
-173
-173
-162
-142
-167
-171
-156
-167
-115
-98
-86
-67
-40
-32
-58
-62
-25
14
18
24
8
34
44
-16
-5
-31
-71
-94
-93
-76
-72
-84
-109
-149
-159
-158
-175
-159
-152
-188
-175
-163
-156
-150
-149
-143
-109
-88
-111
-133
-134
-98
-67
-28
-43
-119
-117
-98
-48
-37
-34
-41
-79
-88
-92
-83
-94
-101
-138
-146
-142
-189
-221
-278
-293
-278
-263
-287
-321
-338
-347
-337
-327
-305
-292
-264
-244
-253
-193
-185
-163
-161
-150
-112
-86
-72
-79
-101
-117
-108
-117
-84
-77
-138
-152
-188
-201
-216
-217
-203
-185
-169
-173
-182
-187
-176
-161
-115
-69
-74
-21
-25
-33
-34
-17
9
22
39
32
51
66
58
15
-30
-38
-58
-25
-26
-35
-51
-83
-97
-115
-116
-115
-80
-57
-40
-35
-14
-8
-52
-31
-20
13
7
-2
22
36
27
20
4
-14
-10
-3
29
11
-52
-48
-48
-46
-69
-86
-108
-133
-178
-233
-247
-230
-213
-241
-253
-239
-269
-250
-282
-309
-288
-253
-224
-194
-180
-184
-186
-206
-181
-152
-94
-65
-88
-75
-116
-150
-164
-153
-125
-94
-90
-101
-129
-169
-163
-174
-156
-118
-109
-68
-64
-76
-77
-85
-105
-119
-95
-58
-39
-59
-87
-102
-84
-80
-128
-123
-106
-95
-91
-113
-148
-153
-144
-109
-88
-58
-52
-32
11
28
10
37
36
49
66
81
82
85
71
50
31
3
5
9
14
-25
-90
-68
-47
-42
-54
-65
-83
-81
-62
-57
-60
-58
-15
2
26
23
-37
-26
-48
-62
-62
-63
-71
-80
-112
-141
-173
-177
-156
-189
-169
-166
-177
-162
-185
-179
-145
-118
-105
-99
-93
-83
-85
-103
-129
-146
-129
-127
-173
-179
-195
-202
-225
-243
-260
-270
-255
-243
-242
-243
-234
-247
-237
-227
-247
-209
-204
-201
-193
-185
-189
-184
-181
-193
-186
-157
-115
-129
-111
-110
-141
-102
-89
-62
-33
-29
-31
-36
-35
-25
-4
-5
2
3
15
10
-52
-63
-92
-105
-113
-99
-93
-106
-144
-170
-184
-188
-168
-176
-149
-131
-140
-92
-59
-46
-45
-54
-16
29
33
8
-6
13
42
31
38
19
-42
-43
-64
-72
-107
-110
-112
-133
-154
-175
-178
-197
-193
-180
-118
-88
-127
-126
-165
-154
-115
-99
-87
-100
-92
-89
-87
-91
-103
-143
-135
-85
-106
-111
-163
-179
-159
-167
-190
-194
-191
-201
-208
-225
-223
-238
-220
-203
-244
-188
-163
-167
-182
-189
-163
-145
-108
-64
-36
-32
-13
-11
43
73
30
75
103
131
125
97
59
13
-22
-49
-57
-73
-96
-146
-173
-185
-230
-231
-261
-261
-251
-233
-229
-221
-207
-192
-147
-112
-68
-28
30
38
20
75
113
121
117
121
124
121
91
53
40
28
0
-51
-58
-75
-138
-125
-153
-165
-172
-165
-180
-188
-165
-142
-112
-94
-78
-84
-48
-8
-32
-13
-13
-7
12
4
-1
-8
-6
-29
-48
-35
-7
-21
-36
-18
-58
-57
-64
-51
-58
475
549
-279
-863
-460
564
247
-514
-318
103
171
-150
-347
-66
137
18
492
717
321
74
287
668
504
152
212
372
212
125
166
114
4
-101
122
302
132
-23
-43
-138
-22
-127
-355
-400
38
969
520
-557
-289
910
822
-445
16
1009
373
-235
322
847
1179
1114
255
470
1378
1130
841
638
1051
1063
-508
-304
569
156
-389
-248
-300
-735
-642
-567
-682
-1522
-921
12
-159
-271
-770
-1015
-989
-1004
-601
-75
39
-439
-850
-756
-590
-700
-628
-110
-71
-331
-271
-223
-244
-438
-366
-174
112
257
259
334
63
-132
-152
255
534
663
745
368
259
306
418
494
710
797
744
648
582
594
295
270
423
556
545
419
257
42
-102
-166
-106
-17
-26
-81
-143
-431
-515
-447
-489
-601
-579
-595
-798
-910
-1070
-1209
-1355
-1416
-1555
-1776
-1947
-2245
-2526
-2807
-2944
-3044
-3262
-3499
-3577
-3700
-3878
-3958
-4095
-4071
-3975
-4121
-4319
-4690
-4572
-2795
-75
1472
587
-1534
-2359
-742
1813
3621
4392
4228
3215
2015
1936
3036
4138
3999
3108
2705
2601
1954
685
-419
-773
-632
-570
-503
-683
-1647
-3101
-4025
-3350
-1274
685
1231
770
-75
-737
-350
1328
3364
4479
4212
3318
2863
2828
2850
3235
3785
3820
3332
2643
1927
1076
114
-382
-57
399
101
-940
-2270
-3343
-3820
-3364
-2401
-1886
-2494
-3858
-4805
-4815
-4202
-3584
-2990
-2832
-3323
-3967
-4336
-4446
-4768
-4806
-4102
-2609
-1516
-2049
-3445
-3275
-726
1838
2074
274
-538
1029
3077
3935
4035
4228
4089
3393
2976
3798
4938
4688
2979
1744
1928
2247
1591
341
-570
-929
-1284
-1762
-1919
-1906
-2383
-3289
-3640
-2976
-1928
-1432
-1653
-1833
-694
1226
2239
2552
3023
3790
4339
4812
5381
5856
5847
5219
5017
5419
5169
3913
2978
2527
1858
1140
621
162
-503
-1506
-2404
-2436
-2131
-2398
-2816
-2822
-2846
-2992
-2819
-2352
-2082
-2215
-2645
-2751
-2517
-2481
-2705
-2645
-2658
-3130
-3570
-3836
-4224
-4905
-4811
-3616
-2483
-2423
-2508
-1298
-38
-682
-2144
-1129
2175
4383
4012
3144
3523
4104
3769
3763
5309
6801
6075
4019
2975
3144
3067
2148
1458
1416
1120
-126
-1547
-2388
-2725
-2886
-3044
-2927
-2752
-2618
-3009
-3487
-3220
-1964
-320
515
1350
2580
3123
2739
3023
4529
5952
6572
6244
5905
5631
4782
4150
4543
4672
3643
2405
1479
651
-138
-879
-1329
-1276
-1594
-2566
-3018
-3048
-3392
-3476
-2979
-2418
-2198
-2479
-3004
-3226
-3130
-3079
-2657
-2118
-2217
-3101
-3856
-4216
-4562
-4736
-4394
-3250
-2521
-3407
-4713
-3581
-549
849
-603
-2300
-1177
1729
3449
3233
3282
4010
3878
3120
3567
5457
6620
5543
3326
2557
3308
3579
2741
1554
809
409
-367
-1622
-2409
-2296
-2371
-3314
-4231
-4021
-2987
-2824
-3940
-4431
-2876
-661
283
668
1812
2572
2012
1949
4002
6574
7215
5978
5033
5170
5007
4539
5094
5574
4311
2208
1019
849
680
-48
-825
-995
-1492
-2704
-3409
-3193
-3178
-3435
-3145
-2621
-2375
-2858
-3555
-3646
-3173
-2936
-2758
-2475
-2777
-3693
-4420
-4374
-4017
-3995
-4227
-3934
-3362
-3789
-4661
-3376
-237
1108
-807
-2886
-1631
1691
3385
3049
3275
4214
3974
2773
3201
5486
6808
5572
3488
3040
3707
3546
2461
1645
1267
803
-202
-1454
-2145
-2310
-2621
-3396
-3982
-3758
-3070
-3163
-4206
-4591
-3286
-1592
-516
777
2217
2365
1212
1137
3536
6448
7282
6371
5444
4769
4191
4476
5816
6365
4798
2389
1032
818
813
567
288
-324
-1569
-2785
-3069
-2761
-2825
-3106
-2952
-2561
-2710
-3281
-3699
-3744
-3638
-3463
-2958
-2608
-3179
-4508
-5259
-5004
-4459
-4232
-4013
-3656
-3790
-4552
-4585
-2401
300
634
-1242
-2093
-105
2475
3046
2594
3422
4793
4615
3498
3908
5778
6362
4757
3377
3767
4403
3421
1724
1039
1175
695
-620
-1623
-1887
-2196
-3190
-4088
-4120
-3477
-3089
-3586
-4240
-4033
-2710
-1129
-202
358
1202
1823
2037
2761
4168
5294
5514
5220
5199
5456
5257
4778
4736
4564
3709
2855
2289
1617
835
174
-298
-643
-1291
-2224
-2704
-2963
-3418
-3592
-3249
-3112
-3611
-4343
-4673
-4474
-4127
-4120
-4139
-4197
-4772
-5494
-5552
-4744
-3985
-3876
-4317
-4536
-4171
-2724
-311
863
-617
-2854
-2014
1849
4698
4389
3367
3678
3842
2985
3501
6516
8625
6753
3152
2162
3793
4575
3568
2844
2771
1542
-1047
-2487
-1735
-742
-1541
-3226
-3938
-3773
-3818
-4319
-4299
-3566
-2810
-2304
-1360
147
993
639
513
1779
3666
4870
5266
5295
4937
4209
4083
5212
6209
5595
3916
2636
2069
1697
1535
1571
1180
-178
-1909
-2682
-2450
-2352
-2782
-3174
-3417
-3854
-4344
-4415
-4083
-4092
-4457
-4479
-3947
-3871
-4472
-4963
-4927
-4588
-4184
-3525
-3130
-3422
-4237
-4106
-1888
492
734
-740
-1435
-274
1478
2595
3457
4513
4568
3106
2183
3652
6013
6644
5460
4050
3499
3156
2654
2773
3321
2906
1050
-844
-1609
-1410
-1264
-1648
-2275
-2853
-3323
-3728
-3772
-3244
-1919
-557
-275
-802
-963
-289
768
2139
3563
4393
4116
3135
2907
3747
4759
5175
5131
4489
3062
1880
1789
2318
2393
1594
393
-608
-1457
-2077
-1945
-1532
-1816
-2870
-3715
-3901
-3836
-3827
-3730
-3396
-3397
-4032
-4695
-4600
-4306
-4254
-3855
-3248
-3142
-4003
-4691
-4021
-2200
-597
-355
-946
-1486
-1343
-325
1254
2777
3555
3443
2606
2079
2790
4398
5681
5701
4851
3962
3502
3254
3404
3942
4044
2989
1173
14
-232
-146
-434
-947
-1365
-1994
-2935
-3478
-2988
-2065
-1503
-1348
-1266
-1296
-1352
-755
552
1865
2406
2274
2200
2430
2811
3363
4158
4473
3865
2974
2563
2515
2338
2140
1842
1264
220
-915
-1356
-1152
-1152
-1801
-2391
-2678
-3104
-3547
-3520
-3176
-3049
-3406
-3988
-4239
-4255
-4253
-3962
-3334
-3089
-3494
-4075
-4088
-3233
-1763
-729
-853
-1666
-2043
-1264
211
1436
2111
2496
2240
1338
1208
2623
4449
5136
4499
3580
3153
2997
3144
3951
4744
4193
2361
754
390
777
1018
783
269
-703
-2174
-3084
-2801
-1482
-261
-354
-1500
-2575
-2638
-1779
-50
1890
2639
1801
191
-141
1338
3234
4331
4372
3573
1894
684
1202
2707
3451
2600
896
-561
-1396
-1529
-783
-22
-397
-1996
-3441
-3764
-3408
-2801
-2372
-2339
-3106
-4400
-5110
-4652
-3627
-2948
-2751
-3080
-3919
-4680
-4412
-2816
-1259
-1032
-1974
-2647
-2267
-1345
-313
763
1571
1421
499
134
1223
2923
3812
3706
3198
2771
2546
2774
3601
4450
4381
3257
2021
1570
1897
2266
2216
1687
787
-231
-991
-1049
-495
72
-107
-1070
-1940
-2103
-1660
-944
-10
600
345
-349
-572
223
1299
1946
2231
2240
1763
1100
1225
2089
2532
2161
1526
1005
499
-42
-184
154
62
-767
-1620
-1916
-2018
-2189
-2260
-2257
-2471
-2960
-3356
-3483
-3447
-3413
-3323
-3098
-3223
-3658
-3795
-3279
-2530
-2133
-2166
-2199
-1952
-1562
-1083
-423
353
720
533
343
647
1432
2124
2331
2193
2101
2095
2185
2466
2943
3272
3039
2468
2079
2087
2252
2193
2018
1755
1332
752
398
485
806
855
339
-301
-637
-616
-397
1
368
150
-446
-700
-338
223
562
783
876
550
64
145
839
1360
1246
978
914
680
339
380
766
827
307
-308
-652
-916
-1223
-1307
-1292
-1556
-2103
-2698
-3061
-3335
-3493
-3485
-3481
-3672
-3996
-4062
-3735
-3356
-3146
-2897
-2496
-1899
-1316
-856
-360
-27
166
307
619
1040
1397
1647
1665
1617
1690
1902
2132
2330
2435
2318
2156
1968
1973
2141
2244
2134
1871
1665
1444
1285
1237
1286
1295
1176
949
699
505
387
443
604
669
445
219
79
-13
-48
18
271
348
254
81
32
231
273
302
385
481
416
234
173
163
180
170
102
-75
-309
-571
-842
-1065
-1343
-1598
-1869
-2282
-2783
-3163
-3464
-3693
-3816
-3849
-3841
-3852
-3800
-3655
-3385
-2899
-2360
-1827
-1456
-1258
-1016
-648
-165
348
852
1244
1414
1468
1632
1927
2220
2470
2558
2530
2394
2265
2230
2233
2180
2044
1844
1636
1510
1454
1477
1442
1301
1224
1195
1219
1193
1162
1183
1135
1059
971
889
803
660
510
402
333
274
247
172
29
-84
-110
-151
-214
-265
-241
-259
-416
-555
-622
-550
-496
-547
-573
-684
-814
-973
-1095
-1230
-1438
-1669
-1937
-2283
-2651
-2938
-3182
-3333
-3452
-3524
-3463
-3405
-3271
-3043
-2751
-2422
-2065
-1698
-1435
-1216
-910
-444
88
555
897
1172
1467
1772
2173
2561
2832
2890
2816
2732
2661
2595
2559
2521
2341
2094
1865
1739
1717
1710
1697
1660
1605
1446
1321
1266
1271
1287
1210
1125
962
846
820
802
857
790
696
559
411
311
199
113
-38
-262
-487
-685
-805
-895
-1021
-1204
-1332
-1426
-1531
-1603
-1655
-1717
-1795
-1950
-2111
-2259
-2369
-2455
-2603
-2728
-2885
-2996
-2893
-2696
-2425
-2204
-2058
-1977
-1860
-1637
-1363
-1064
-825
-636
-497
-342
-68
280
766
1191
1460
1625
1748
1960
2217
2459
2604
2626
2547
2462
2374
2354
2383
2347
2295
2134
2036
2000
1998
1991
1874
1740
1603
1472
1386
1296
1230
1173
1154
1061
806
723
740
729
684
535
531
446
154
-38
-155
-263
-455
-719
-947
-1145
-1276
-1451
-1640
-1890
-2145
-2375
-2549
-2614
-2667
-2807
-3045
-3304
-3506
-3550
-3563
-3520
-3302
-3031
-2734
-2474
-2136
-1760
-1373
-983
-678
-441
-241
-35
161
372
611
823
1057
1226
1376
1541
1718
1865
1981
2047
2000
1944
1917
1970
1997
2004
1978
1899
1895
1889
1985
2134
2223
2208
2105
2013
1970
1952
1884
1794
1674
1562
1432
1256
1177
1104
1050
996
894
776
628
448
273
102
-69
-230
-435
-641
-902
-1206
-1383
-1535
-1670
-1897
-2178
-2447
-2690
-2869
-3028
-3187
-3412
-3700
-3989
-4164
-4212
-4148
-3888
-3531
-3125
-2745
-2394
-1983
-1521
-1097
-716
-373
-27
279
514
800
1140
1432
1721
1925
2156
2323
2370
2374
2361
2312
2193
2062
1963
1858
1663
1530
1499
1544
1614
1618
1717
1837
1904
1865
1840
1900
1887
1751
1582
1549
1583
1607
1531
1404
1382
1332
1329
1303
1194
1002
735
474
268
96
-110
-338
-625
-902
-1144
-1356
-1474
-1634
-1830
-2059
-2272
-2494
-2733
-2948
-3139
-3354
-3635
-3873
-4054
-4126
-4117
-3999
-3600
-3149
-2783
-2530
-2240
-1817
-1367
-974
-644
-284
27
292
579
1021
1513
1842
2129
2320
2526
2696
2826
2901
2851
2665
2420
2268
2190
2115
1970
1873
1845
1760
1721
1703
1768
1824
1742
1612
1492
1400
1263
1148
1096
1127
1185
1189
1186
1175
1225
1262
1260
1182
1046
846
679
502
305
95
-145
-373
-672
-915
-1113
-1318
-1458
-1693
-1938
-2184
-2424
-2618
-2789
-2963
-3221
-3541
-3837
-3994
-4035
-3950
-3741
-3413
-3020
-2772
-2576
-2270
-1828
-1414
-1139
-897
-602
-308
-4
370
816
1268
1580
1777
2070
2375
2635
2792
2844
2816
2669
2525
2450
2407
2317
2185
2088
2095
2107
1995
1939
1920
1872
1721
1509
1346
1169
952
772
700
700
679
653
724
798
800
784
744
714
595
447
314
207
49
-194
-406
-563
-746
-950
-1105
-1235
-1417
-1607
-1849
-2061
-2262
-2484
-2699
-2927
-3189
-3477
-3704
-3808
-3814
-3697
-3375
-2983
-2673
-2450
-2233
-1896
-1519
-1210
-983
-736
-454
-175
101
449
855
1246
1595
1927
2223
2514
2672
2738
2767
2762
2764
2751
2735
2676
2596
2568
2623
2680
2710
2686
2545
2359
2065
1790
1555
1289
980
693
488
346
249
217
244
230
188
144
105
63
-54
-207
-353
-467
-626
-790
-902
-1012
-1150
-1308
-1419
-1541
-1661
-1818
-2015
-2149
-2341
-2542
-2751
-2936
-3149
-3363
-3487
-3542
-3502
-3347
-3002
-2596
-2225
-1977
-1773
-1415
-1059
-770
-567
-356
-126
92
320
599
931
1205
1429
1616
1816
1999
2080
2185
2223
2209
2168
2146
2148
2199
2266
2405
2594
2740
2845
2846
2849
2744
2542
2399
2215
1975
1625
1313
1131
1041
956
845
746
610
441
272
160
27
-226
-502
-777
-999
-1223
-1434
-1562
-1626
-1713
-1835
-1933
-1982
-2038
-2164
-2260
-2364
-2520
-2660
-2821
-2948
-3099
-3286
-3438
-3436
-3306
-3094
-2794
-2443
-2113
-1886
-1625
-1280
-909
-561
-334
-109
146
419
688
1030
1376
1661
1867
2048
2241
2339
2388
2379
2317
2274
2165
2100
2087
2101
2125
2176
2327
2453
2511
2446
2344
2231
2066
1885
1639
1478
1281
1118
1025
991
998
1005
992
942
860
710
547
324
127
-101
-413
-695
-1017
-1266
-1484
-1677
-1811
-1898
-1994
-2193
-2383
-2533
-2631
-2739
-2858
-2993
-3138
-3237
-3383
-3459
-3428
-3310
-3146
-2908
-2571
-2223
-1934
-1686
-1409
-1080
-723
-444
-260
-32
178
432
753
1107
1452
1712
1909
2090
2267
2422
2525
2570
2579
2530
2491
2586
2694
2782
2842
2920
2987
3001
2931
2772
2592
2346
2117
1886
1644
1337
974
772
675
629
534
428
328
204
67
-50
-146
-277
-482
-709
-880
-1027
-1240
-1365
-1460
-1526
-1609
-1724
-1803
-1912
-2047
-2188
-2302
-2428
-2588
-2799
-2928
-3027
-3127
-3151
-3176
-3088
-2902
-2603
-2259
-1958
-1716
-1508
-1247
-963
-662
-385
-100
135
278
524
820
1172
1464
1652
1817
1933
2025
2118
2200
2254
2303
2348
2450
2563
2641
2787
2920
3036
3046
2990
2869
2718
2592
2407
2231
1991
1729
1462
1276
1141
968
851
694
518
303
92
-137
-355
-612
-877
-1111
-1341
-1541
-1762
-1877
-1959
-2078
-2119
-2183
-2217
-2262
-2292
-2297
-2298
-2285
-2360
-2404
-2408
-2432
-2428
-2400
-2345
-2297
-2150
-1937
-1627
-1318
-1125
-990
-824
-566
-325
-142
18
184
336
501
701
898
1123
1265
1409
1507
1596
1663
1719
1824
1924
2062
2173
2290
2339
2406
2490
2550
2660
2624
2539
2378
2247
2104
1984
1851
1751
1532
1531
1315
1072
1202
1076
702
565
542
202
-41
-248
-499
-809
-1082
-1361
-1572
-1819
-2060
-2199
-2218
-2321
-2488
-2546
-2651
-2707
-2753
-2745
-2732
-2729
-2753
-2756
-2696
-2630
-2497
-2357
-2150
-1848
-1494
-1089
-800
-580
-356
-53
251
500
720
911
1083
1204
1347
1510
1715
1835
1834
1873
1870
1906
1943
1977
2057
2076
2105
2103
2147
2151
2166
2204
2183
2133
1971
1901
1776
1620
1464
1301
1190
1036
894
772
684
622
551
456
369
240
49
-103
-322
-560
-776
-954
-1127
-1290
-1488
-1699
-1862
-2005
-2078
-2156
-2189
-2266
-2405
-2501
-2586
-2592
-2631
-2622
-2648
-2654
-2645
-2606
-2488
-2330
-2023
-1663
-1269
-993
-810
-556
-238
127
396
640
836
1044
1224
1404
1651
1880
2049
2102
2212
2327
2411
2500
2498
2494
2449
2387
2358
2367
2364
2265
2144
2013
1919
1818
1703
1580
1372
1223
1027
851
710
600
524
437
359
277
197
86
-44
-197
-322
-499
-735
-933
-1180
-1390
-1573
-1727
-1880
-1995
-2086
-2178
-2256
-2347
-2374
-2384
-2369
-2382
-2445
-2414
-2409
-2362
-2313
-2227
-2087
-1960
-1809
-1581
-1243
-876
-587
-381
-149
108
359
620
837
995
1095
1198
1349
1537
1708
1819
1883
2003
2148
2276
2389
2426
2386
2371
2378
2402
2420
2333
2187
2080
1999
1932
1798
1614
1444
1252
1092
924
742
627
444
289
157
90
49
-53
-164
-294
-408
-537
-623
-787
-948
-1095
-1284
-1356
-1522
-1689
-1800
-1914
-1993
-2080
-2143
-2213
-2289
-2367
-2422
-2440
-2388
-2371
-2403
-2374
-2328
-2234
-2148
-2006
-1801
-1500
-1145
-772
-471
-224
65
377
754
1072
1284
1495
1683
1894
2081
2230
2326
2376
2435
2497
2513
2531
2538
2491
2442
2340
2234
2179
2090
1948
1793
1667
1531
1382
1193
1015
875
717
577
428
329
208
66
0
-103
-172
-261
-364
-466
-570
-661
-763
-883
-1029
-1134
-1260
-1347
-1458
-1624
-1674
-1780
-1826
-1870
-1908
-1928
-1954
-1983
-1997
-1994
-2009
-1995
-1980
-1911
-1847
-1812
-1716
-1622
-1491
-1331
-1082
-786
-496
-255
-56
163
415
692
942
1176
1365
1470
1641
1810
2011
2197
2310
2402
2444
2542
2588
2614
2587
2514
2405
2280
2158
1969
1818
1633
1457
1257
1060
847
630
436
236
83
-53
-151
-279
-407
-478
-580
-630
-728
-768
-805
-874
-950
-1024
-1052
-1133
-1215
-1311
-1406
-1510
-1609
-1708
-1815
-1839
-1888
-1936
-1933
-1940
-1944
-1929
-1872
-1805
-1726
-1628
-1525
-1403
-1281
-1164
-1084
-908
-715
-510
-274
-26
231
437
640
856
1043
1219
1355
1459
1578
1655
1697
1794
1879
1944
1982
1984
2017
2030
2012
1978
1967
1920
1843
1771
1708
1640
1475
1359
1196
1063
931
780
641
439
265
98
-57
-223
-364
-503
-616
-737
-899
-1001
-1069
-1086
-1129
-1166
-1202
-1230
-1262
-1274
-1275
-1298
-1333
-1406
-1409
-1407
-1438
-1371
-1344
-1339
-1317
-1288
-1289
-1285
-1208
-1087
-954
-879
-824
-751
-605
-446
-344
-184
-43
109
264
416
578
740
850
961
1095
1243
1384
1490
1591
1639
1627
1675
1684
1681
1646
1583
1487
1390
1289
1176
1087
984
897
760
660
567
435
387
305
240
153
63
-9
-78
-118
-144
-190
-266
-322
-371
-399
-445
-518
-510
-547
-582
-629
-650
-694
-788
-818
-818
-835
-911
-958
-982
-981
-1001
-1050
-960
-909
-908
-912
-870
-762
-703
-636
-565
-469
-389
-320
-245
-95
20
56
151
243
351
391
454
512
570
601
652
708
778
814
827
850
904
888
904
863
869
856
822
776
716
691
635
549
459
401
328
273
225
134
102
17
-87
-153
-183
-235
-299
-343
-388
-403
-423
-462
-514
-494
-450
-476
-461
-449
-390
-347
-330
-327
-349
-351
-338
-345
-400
-423
-426
-405
-392
-418
-354
-337
-334
-339
-319
-291
-291
-253
-234
-209
-194
-156
-134
-55
7
23
80
93
127
152
192
227
241
250
248
262
280
301
293
281
239
165
180
176
164
136
95
72
53
41
49
70
78
44
-2
26
37
17
23
0
-38
-98
-139
-165
-169
-190
-230
-267
-299
-333
-342
-281
-233
-264
-244
-230
-187
-179
-149
-94
-27
-15
8
11
64
27
54
87
369
925
1320
1315
1267
1146
748
272
-135
-335
-582
-648
-504
-178
-92
26
149
516
676
636
544
514
189
-94
-315
-304
-394
-361
-246
3
62
147
160
93
-94
-312
-447
-536
-589
-526
-355
-231
-186
-149
-107
-109
-178
-202
-191
-265
-293
-302
-246
-236
-259
-236
-228
-282
-324
-282
-228
-186
-163
-44
77
88
79
58
48
28
-15
-33
10
42
57
131
186
288
291
329
383
369
361
370
427
425
375
353
386
388
293
160
216
201
78
43
118
-2
-50
-77
-54
-66
-160
-223
-207
-277
-369
-444
-486
-395
-419
-471
-337
-314
-432
-386
-298
-339
-362
-285
-210
-199
-262
-166
-85
-136
-159
-54
-67
-221
-84
43
-59
-90
45
51
-54
-55
64
25
-30
10
70
68
119
132
62
162
300
195
95
179
159
172
197
367
404
373
254
449
568
340
356
427
394
312
397
418
329
128
114
99
17
-61
-92
4
-95
-260
-211
-281
-318
-342
-331
-386
-548
-472
-481
-578
-542
-334
-391
-472
-411
-525
-501
-569
-485
-254
-263
-271
-47
-117
-267
-100
91
153
-111
-119
129
27
-54
2
49
243
42
115
375
255
24
221
221
89
114
381
376
132
400
377
190
7
3
146
257
162
335
433
328
450
180
260
471
129
12
484
432
-7
340
281
57
272
85
-144
107
37
-79
-97
-100
-471
-293
-486
-507
-320
-667
-957
-541
-384
-1081
-990
-650
-647
-709
-826
-628
-355
-603
-821
-327
-226
-477
-393
-226
-34
-15
74
173
178
368
104
179
613
249
216
548
610
265
176
507
583
447
172
305
792
80
156
580
299
468
264
366
283
-10
34
369
190
121
589
410
427
477
89
558
319
-110
480
619
202
-16
264
421
-405
-410
439
3
-528
-7
381
-727
-968
288
-294
-1046
-516
145
-873
-1188
70
-631
-1460
-475
250
-1184
-642
535
-584
-1032
111
283
-683
-493
591
341
-384
-354
572
425
-378
38
858
785
-330
172
1029
313
-241
550
737
365
387
583
914
394
24
523
283
-47
337
666
653
19
487
378
-446
154
293
-164
8
456
307
134
198
-132
-444
1
188
-251
131
386
144
-236
-377
-105
161
-256
-788
466
237
-911
-627
674
46
-1887
-292
551
-1162
-1142
275
-110
-1151
-699
202
-536
-994
-9
121
-210
-393
90
207
-281
-80
242
85
115
146
-218
561
385
-281
489
393
-39
-13
778
350
352
1100
57
-15
920
243
96
733
415
226
651
348
145
129
11
279
355
-86
455
192
-235
254
-38
-100
149
24
-195
66
35
-293
57
-286
-182
201
-426
-337
76
-548
-465
-42
-249
-371
-125
-212
-125
-599
-434
333
-578
-685
-4
-356
-124
-183
-708
353
-244
-663
455
201
-671
219
793
-500
-611
593
366
-421
228
477
111
106
84
305
256
200
-56
181
523
131
-356
656
577
-61
319
2
62
-46
442
156
180
361
147
46
-170
361
128
-181
146
662
-89
-500
394
245
-609
24
150
-241
-161
-131
74
-539
-37
18
-717
-526
91
154
-276
-581
263
128
-541
-713
-187
309
-682
-350
516
-505
-168
347
-429
-476
641
128
-406
87
1019
95
-684
734
475
-511
-208
821
722
-308
-219
1094
208
-503
175
502
198
-158
214
825
359
-669
487
680
-413
-896
716
779
-495
-38
597
252
-223
-380
299
803
-467
131
355
207
230
-415
352
10
-441
-27
316
70
-6
236
41
-308
-127
-167
-140
-33
-551
49
394
-405
-535
-260
-37
-223
-288
-70
-160
-393
10
-24
-393
85
278
-289
341
-52
-368
693
504
-369
195
892
5
16
431
783
489
-165
406
726
562
-326
390
470
87
95
128
483
-100
40
-141
45
96
51
144
-176
66
-161
-268
169
-200
-363
241
150
-58
-50
312
-178
-581
433
255
-23
-304
410
288
-846
26
559
-520
-262
387
-223
-30
88
-491
-156
539
-393
-749
248
56
-548
160
166
-299
-275
-269
-17
-134
-21
24
206
60
21
94
153
-209
-489
466
598
361
98
-135
239
423
-110
212
689
253
241
375
13
707
331
-641
828
640
-729
189
777
-263
140
468
69
70
-415
135
476
-512
-103
409
-589
-588
591
27
-1123
-134
784
-775
-401
627
255
-983
-220
687
-215
-42
135
-126
216
-51
-315
145
247
-304
172
-1
8
442
-527
132
281
-780
137
297
-100
-326
-351
205
-424
-445
448
-74
-277
80
-83
-344
276
178
-430
251
372
-319
332
758
234
-141
-33
754
264
-84
521
558
-17
174
116
77
577
-374
376
726
-478
453
369
-77
23
162
327
-333
-82
191
82
150
-98
-287
232
155
-1012
544
140
-492
25
61
-259
-176
81
-544
-53
-26
-463
-100
94
-308
-38
-72
197
-215
-293
200
-277
-6
380
-95
-204
83
-259
-260
21
-60
-49
465
-255
-567
554
-110
-839
524
100
-423
94
-197
645
-334
-774
913
-91
-463
286
387
12
-308
-103
490
296
-309
18
546
-6
303
307
30
370
501
-34
-159
1197
-438
-235
526
0
408
-295
-141
452
-141
188
36
-65
275
-177
161
47
-517
257
175
-450
-87
135
-24
-244
-604
304
258
-869
-123
412
-407
12
-337
-7
175
-44
-26
-133
-599
-37
438
-161
-612
620
419
-1046
264
551
-413
18
258
6
-237
155
172
-469
-337
147
192
-116
-304
369
113
-280
-223
-60
86
197
-127
8
412
252
216
-718
151
721
-308
-349
573
276
-175
544
25
-94
61
7
141
316
137
63
467
-45
-399
325
174
-876
278
454
-609
8
108
88
-294
-539
247
-340
-144
-50
-265
317
-30
-454
-507
218
-286
-701
-3
363
-374
-618
212
472
-948
-719
443
50
-105
-376
287
84
-70
-495
31
505
-605
75
319
467
-344
-126
435
83
-73
-359
406
254
408
-655
544
916
-1010
-22
943
-230
-411
546
291
3
280
613
-532
-129
178
214
-52
-344
819
566
-618
-278
739
214
-1286
238
1334
-701
-92
700
25
-241
-61
188
-56
-267
125
142
49
-187
-154
134
-92
-317
-16
370
-186
-537
535
-6
-486
-298
-53
72
-130
-47
192
62
-746
-34
180
-468
-534
-205
366
43
-426
250
321
-466
-234
607
-115
-627
757
426
-32
445
137
396
139
-167
240
750
262
-291
553
575
-304
96
-64
-250
687
-4
-130
616
-255
-242
503
-297
-774
843
110
-613
641
-150
-398
-224
725
-512
-449
624
319
-323
-501
440
49
-336
-436
-8
488
-633
-227
246
83
-572
-91
53
-41
258
-622
-128
664
-433
-764
772
11
-511
111
188
-8
-261
136
197
-366
-162
250
-21
-385
-51
212
-57
-157
-462
453
695
-587
120
1380
164
-559
680
935
-382
-147
428
446
138
18
165
547
45
-220
179
97
683
-228
-441
1158
-70
-775
428
598
-555
81
590
-1007
267
357
-1152
-557
668
-72
-405
-290
129
669
-1074
-191
563
30
-326
-49
104
471
258
-1316
607
777
-1111
85
498
-423
-388
169
186
-712
-421
168
524
-711
-444
788
-224
149
-161
116
368
-200
35
413
384
-424
306
12
315
352
-259
418
122
765
74
-131
971
-184
-568
354
847
-251
-12
730
-481
101
578
-587
-955
760
1238
-1538
-222
1327
-481
-888
228
656
11
-944
-107
821
-154
-578
-97
589
-741
-372
720
-418
-148
169
-352
-367
282
-363
85
261
-260
90
-151
83
-418
-422
713
-152
-904
692
436
-652
-275
6
-101
292
-157
-248
163
-307
318
345
-822
-547
1293
-125
-908
977
101
-172
63
-97
472
-293
53
508
-13
853
435
-703
321
627
-488
508
313
26
403
-39
159
-23
-503
-329
515
95
-383
143
414
-817
-87
323
-764
75
-56
-262
16
-106
-48
-973
90
454
-434
-876
491
821
-804
-605
414
337
-759
-666
230
458
-477
-610
570
377
-319
76
-13
111
254
177
-392
59
390
-486
36
-124
414
5
-513
362
330
561
-752
-227
1518
-137
-1465
919
621
-499
-61
775
999
-573
-310
1051
260
-688
264
880
-219
137
165
448
23
-645
346
1288
-898
-657
1809
33
-883
153
757
-391
-1362
713
455
-876
-608
842
-130
-1546
312
483
-775
-635
60
616
-409
-462
424
-129
-307
-528
364
235
-318
23
-64
330
-95
-526
59
358
-73
-332
389
246
-572
245
10
-309
171
317
116
64
429
-61
46
192
292
73
-12
88
91
-21
-304
587
-101
-891
849
723
-1048
100
1076
288
-598
-108
697
327
-374
-648
1260
975
-1318
-567
1705
303
-1001
231
117
279
288
-1262
249
292
-188
-68
-1009
681
218
-1136
-543
222
252
-617
-406
-233
796
-246
-1769
828
1202
-1254
-1004
1279
710
-992
-632
1116
421
-1509
276
1263
-468
-413
331
139
269
-756
-3
1588
-674
-1323
953
989
-545
-954
1078
1542
-1270
-349
1429
-35
-475
351
823
-66
-411
1014
-67
-647
565
237
-402
757
-204
-200
1142
-625
-60
192
-228
478
-213
-319
963
13
-567
359
162
-211
-345
70
338
107
-729
-64
810
-547
-272
156
-329
243
-871
-1085
1154
-98
-1103
243
73
-13
-258
-197
163
290
-478
292
80
-395
560
216
139
49
-14
311
22
-251
189
527
-12
-140
169
577
167
-779
68
1323
-659
-484
985
202
-155
578
-406
415
1002
-499
-363
666
1228
-304
-1176
1216
894
-438
-524
381
784
17
-1052
46
1225
73
-1338
51
1108
-150
-994
176
839
288
-569
-512
1175
362
-1169
163
685
-27
-409
-660
815
165
-747
4
419
501
-960
-301
732
9
-665
-38
-47
121
-237
-865
671
407
-779
187
770
-17
-71
395
-18
122
194
480
335
-181
846
623
-1054
286
1082
-558
-241
702
58
125
395
-371
18
1052
-300
-249
753
-147
284
286
-164
48
387
278
-106
-108
-400
637
101
-545
605
195
-562
-253
367
-312
-190
156
-295
408
-250
-182
25
-167
-313
-484
190
568
-503
-741
273
186
-446
109
-566
413
283
-865
144
382
205
-159
-916
886
940
-1283
-47
853
242
-266
-427
402
279
-329
192
-220
49
375
-397
-75
375
239
-263
233
212
534
116
-424
169
699
188
-466
497
842
-376
332
760
-650
-546
898
567
-806
-52
1498
37
-1186
229
1128
-264
-901
331
902
-119
-1229
-87
970
-591
-769
111
491
54
-565
-898
668
-109
-1107
-91
83
410
-1063
-834
1540
-389
-1416
1073
421
-536
-41
382
133
-445
612
236
-827
452
984
-92
-1126
-5
1190
-35
-948
293
1345
-925
-246
394
183
446
-488
-534
869
498
-627
230
549
-228
186
502
-174
-65
502
607
-371
13
563
203
-69
392
345
-113
154
105
-152
398
-151
591
-169
-194
662
-211
-253
-551
254
64
-309
-342
9
488
-425
-404
-9
6
-156
-445
-106
131
267
-400
-785
241
72
-442
-520
482
566
-937
174
525
-769
-168
713
99
-221
535
700
-449
-494
689
645
-400
-567
1024
533
120
-140
155
574
-148
-47
398
535
-470
-395
760
-231
71
-11
55
513
-144
-135
123
249
-324
281
171
116
691
-552
-48
1070
-325
-146
398
-8
253
159
-152
-179
249
-375
-429
-192
318
266
-975
-159
921
-635
-1089
62
520
-601
-654
699
-36
-787
242
4
-420
-272
238
114
-197
-326
93
660
87
-790
172
1148
-376
-660
508
685
-380
-487
65
751
433
-812
76
1469
-248
-394
788
381
8
-218
144
748
225
-754
223
816
-331
-893
274
537
161
-363
-380
727
376
-1103
-305
811
-347
-226
-597
636
592
-973
-369
661
30
-792
242
236
-29
-205
-352
304
-80
-341
-68
-6
-95
346
-362
-223
96
-180
-727
11
6
-337
-849
-82
368
-747
-716
-73
236
226
-353
-732
648
347
-594
-241
213
344
234
-653
19
341
-104
3
-141
220
610
125
-608
32
272
194
94
-474
483
279
-90
-132
-13
190
-262
59
46
392
-242
-49
244
-461
-318
545
-92
-727
371
638
-713
-955
376
1098
-1029
-929
768
827
-828
-1129
118
694
10
-1510
164
933
-62
-1043
-174
1066
-316
-645
-605
794
-43
-413
224
-119
155
-21
29
-37
1
384
-7
-221
277
532
-353
-591
285
511
-84
-288
203
521
20
-278
263
385
-416
-268
883
189
-223
-61
-117
517
370
-228
-142
619
275
-183
-101
525
817
-879
-197
1212
215
-1392
-41
1564
171
-961
-655
1201
692
-624
-452
679
757
-564
-383
-283
146
-109
-1
-557
-16
730
-620
-476
345
-86
3
38
-380
-147
78
-69
-135
76
-662
187
628
-545
-191
576
238
-257
-317
388
385
-354
18
362
632
-370
-316
445
615
-428
-665
623
692
-276
-549
197
504
180
-618
-477
797
390
-151
-758
410
397
-429
-154
27
247
469
53
-407
251
337
-24
-349
-135
494
398
-651
-158
526
123
-289
-176
336
147
51
-92
-187
380
-95
-358
294
-274
272
-177
-655
865
-57
-502
139
-220
258
98
-413
23
543
-92
-207
348
-359
-4
223
133
-160
-210
-117
408
62
-786
508
478
-26
-348
627
340
-521
321
348
-150
174
-1
-404
597
530
-200
-550
495
157
188
-456
-136
411
-242
-244
233
32
-193
-62
-98
45
634
-173
-716
495
99
-265
109
-71
-389
383
-234
-150
129
90
-412
43
917
-792
-341
403
572
-476
-853
143
881
-204
-854
156
313
387
-620
-398
777
-279
-306
48
151
-283
-546
740
-14
-479
184
-105
-259
-162
-41
-5
-234
-516
265
476
-205
-211
-128
124
543
271
-242
255
154
-76
652
-259
-283
409
587
-33
-194
-186
112
232
34
-152
293
325
16
-250
-39
477
-74
-934
254
1020
-276
-969
535
481
-759
77
-61
264
-346
-384
393
263
-359
-163
49
-432
551
-28
-299
-1
62
255
-73
-419
-218
488
-8
-315
333
217
260
-201
22
-136
315
326
-658
40
584
280
-360
-813
590
611
-722
-82
214
203
254
-386
-421
640
48
-166
14
124
19
450
102
-108
40
644
49
-305
394
423
-444
-340
849
642
-529
-246
508
781
-185
-888
212
919
-111
-956
278
868
-383
-811
586
352
-347
-233
74
-220
49
131
16
-439
-109
313
-371
237
-165
-102
-27
106
53
-197
-154
-31
-17
-266
452
299
-774
-549
840
588
-753
-648
459
928
-374
-562
323
489
-176
-811
969
375
-665
253
607
-246
-379
513
232
-150
-53
44
666
-164
-488
67
406
88
-339
-198
493
129
-154
-78
-51
230
472
111
-468
168
695
379
-370
-125
308
54
218
-437
-192
670
295
-798
-229
283
-72
-53
-592
289
452
-495
32
216
40
-152
-125
-263
376
-226
-274
-130
93
181
-455
-455
57
177
78
160
-128
-498
157
450
-476
-809
444
713
-240
-634
63
941
235
-1207
-277
1398
182
-1081
-205
1063
353
-640
-141
418
415
-172
-18
210
167
115
43
180
401
-624
31
732
-393
72
-97
541
271
-517
200
-42
208
-115
-93
209
-3
-112
254
-191
33
568
-726
-446
853
655
-939
-728
641
623
-479
-877
241
603
-412
-278
300
11
-246
-207
-68
288
-260
-200
-38
-317
565
-40
-386
-100
-424
92
165
143
-166
-272
-314
326
161
-441
-315
195
519
-163
-133
343
-31
-315
71
378
219
126
-534
33
890
-30
-330
-177
84
127
235
40
-89
-357
95
372
-193
68
513
-520
-385
518
330
431
-723
-642
632
674
-85
-693
-105
665
667
-416
-729
-105
324
374
-370
-442
113
311
-428
-448
576
173
-455
-188
229
331
-180
-112
-291
-240
576
-4
-493
137
214
-367
478
217
-236
-135
-183
389
371
-387
-619
466
571
487
-836
-449
664
312
-135
-167
264
204
666
-202
-724
592
353
286
-413
36
950
54
-706
242
493
-169
162
-78
-55
670
350
-841
-216
585
246
-479
-558
502
266
-785
-246
283
23
-349
-260
-308
104
35
-415
-427
586
291
-724
-207
-290
258
411
-242
-469
115
554
-693
-292
170
-25
-77
0
354
-206
-176
201
-665
-288
360
204
-253
-109
-269
408
561
-610
2
246
-259
7
147
-63
340
-316
-303
404
198
-43
-503
47
455
311
-188
-414
119
540
-282
-317
-65
409
45
-334
325
212
-497
-164
195
308
155
-615
-247
455
137
-339
-607
-45
192
-125
8
-557
-229
565
143
-971
-99
375
-551
-84
-28
123
337
-315
-511
570
252
-314
-86
-219
196
604
-238
-226
-242
-247
562
126
-476
54
-112
52
586
-426
-649
8
339
192
-153
-328
406
418
-396
28
513
213
-404
-236
357
590
157
-138
-170
-129
542
435
-307
-498
-88
265
430
-324
-316
146
-279
104
-149
-271
336
104
-526
-325
72
-91
-226
-768
-15
664
-75
-796
-290
241
193
-86
-360
-51
431
-123
-130
78
-200
-146
-105
-55
-131
99
-178
-47
-65
148
-401
-540
392
573
-236
-503
351
665
-250
-306
144
412
64
18
40
-123
284
11
342
-43
-110
-59
378
-52
-238
-33
-2
361
-142
-254
72
103
-77
173
256
-275
332
522
-213
-3
97
33
331
-184
-312
709
127
-688
-393
32
217
-218
-658
-137
435
17
-64
-262
-607
162
-83
-187
-96
-267
-75
321
-51
-302
-258
88
169
-173
217
122
-159
-289
-28
286
-96
-541
-114
560
-62
-587
-228
224
157
-494
40
497
-106
-290
47
297
-68
-542
-240
397
210
-129
-206
-197
19
616
-123
-769
40
198
134
-27
-595
83
492
-22
-78
-127
-129
40
-95
44
131
222
-94
-332
-119
-24
-143
-325
158
216
-246
-175
242
-68
-563
-174
37
341
-153
-256
159
68
11
-749
-26
393
-209
-520
63
511
191
-143
-526
206
548
-742
-591
200
383
0
-385
-148
232
344
-370
-258
-33
223
241
140
-312
16
552
-122
-674
-52
651
97
-242
351
-46
-301
-316
99
63
-302
206
120
-298
-184
491
-240
-277
-91
-105
390
205
-176
-617
53
229
257
-284
-670
63
513
119
-547
-566
212
188
67
-163
22
-46
-84
96
186
-87
-183
-26
43
-162
177
243
-114
-70
-178
531
421
-160
-478
273
515
243
-314
-396
134
322
124
-117
93
308
-56
-231
365
352
-471
119
484
-26
145
185
-182
-444
182
371
64
-251
-222
361
225
-362
-174
120
54
-169
136
-91
-191
-13
224
181
-27
-218
-183
472
-25
-301
-85
-38
89
-72
-132
-1
14
-151
97
93
-150
-125
240
111
-257
-216
268
249
-293
-494
98
433
60
-299
-143
468
291
-231
-302
154
364
96
-71
-99
161
292
191
-145
-295
436
164
-313
-61
165
259
179
-242
-199
537
548
59
-127
-226
-115
-146
-428
-351
-256
-274
-32
91
-275
-361
-37
-187
-133
-34
140
242
-82
-290
55
227
90
69
-30
197
179
38
199
171
-87
-3
280
15
-267
-297
180
235
77
-258
10
52
14
-1
-309
-191
158
262
-50
-290
-21
285
-57
-84
142
93
141
224
107
-84
-83
283
188
-1
-57
-3
27
168
65
-248
-144
80
100
105
-178
-254
160
115
-83
-64
-175
134
190
-289
-121
142
115
-35
-166
-35
397
149
-222
-107
128
28
-51
-9
-29
-28
-21
-49
-26
-52
44
231
109
24
-27
26
163
68
61
-7
78
189
43
85
6
85
-80
-1
202
46
-17
7
243
148
-33
-159
104
186
-20
110
32
-196
-3
187
-89
-90
-193
-37
191
181
134
-72
-64
291
83
-158
32
58
59
322
161
-49
-42
-249
3
122
126
222
-51
3
102
166
34
-379
-176
317
375
-41
-212
36
99
129
53
-134
-145
89
310
130
-48
49
31
5
113
24
-18
251
205
70
59
126
33
-82
20
284
329
136
105
0
201
228
-70
26
114
169
118
59
188
167
132
1
-168
124
141
-7
-44
129
200
177
-50
-96
17
160
189
-80
-2
163
51
45
57
51
42
55
-8
-15
136
2
74
69
-8
134
35
41
102
166
162
3
-50
31
125
-70
118
78
133
-81
-68
204
93
87
-17
-61
50
220
273
16
-28
134
245
93
71
269
123
56
123
114
138
31
78
129
95
-85
44
104
83
6
-98
-133
16
109
-19
-25
-40
77
69
-74
-261
-93
197
84
-199
-39
197
-20
-140
47
162
75
76
30
38
176
279
51
-134
58
155
59
-42
-32
91
155
21
-78
61
122
132
73
-62
149
164
101
16
40
102
270
154
22
184
388
212
-85
-30
16
103
114
-7
14
114
136
32
-62
-210
33
153
73
52
10
-1
42
85
-74
-36
67
101
138
97
-68
-134
61
197
41
34
102
53
82
147
107
-17
110
14
-98
22
-39
-28
76
-35
79
134
28
-22
4
114
168
132
-30
18
-16
110
154
-66
59
327
99
43
149
-19
77
123
38
73
108
17
53
99
74
133
37
-32
61
116
63
63
174
167
126
38
91
79
-50
129
181
88
-58
-4
146
195
-10
-75
48
-7
-50
-2
17
65
108
16
-60
-41
-17
-113
53
235
24
-62
175
61
-29
41
28
32
59
75
82
80
55
120
72
-59
78
135
129
122
-116
83
176
-58
6
68
-25
157
92
-17
54
126
77
69
51
98
224
214
96
90
130
100
16
-5
112
94
140
116
43
91
124
-3
47
26
52
118
76
39
97
97
134
-5
-65
123
146
58
84
16
73
174
30
-1
0
-84
-43
-20
41
131
-47
-88
-54
-51
-44
-162
-139
12
76
87
87
-88
-44
132
157
37
-71
-37
136
168
161
50
-6
72
159
124
87
38
25
70
88
35
-19
-18
27
67
154
70
-23
33
50
82
39
3
-32
65
149
60
50
74
105
138
166
100
138
30
72
172
48
-18
-22
31
18
66
45
28
77
-17
104
45
-40
-77
-80
28
38
31
-17
-51
25
106
-2
-15
18
-49
98
132
48
-17
24
73
51
7
-47
111
65
54
203
173
52
-46
17
27
58
118
138
147
196
154
92
8
-13
44
122
244
195
59
4
138
117
-73
-127
62
87
26
76
32
-31
-19
7
45
35
-12
93
152
74
80
84
145
167
138
97
-15
-46
72
54
45
57
6
-2
11
-33
-54
41
81
98
73
85
100
17
84
137
110
98
35
83
92
51
94
88
-26
56
68
-19
1
18
49
13
3
-58
-92
-17
24
11
-11
78
116
43
65
90
94
141
178
158
140
102
39
100
53
-1
14
73
92
83
55
-33
-44
16
-22
-109
-85
-17
-50
-17
21
34
-11
13
-29
-16
50
60
57
95
109
104
13
-17
70
38
15
12
29
48
100
71
26
39
-21
36
59
-76
-79
-17
-76
-9
9
-5
-3
-4
51
80
25
17
15
20
92
27
39
-3
1
119
-4
-100
42
113
62
28
-11
64
96
62
66
102
111
95
-6
2
84
75
0
-18
-45
-62
-110
-145
-70
-57
-74
-17
-4
-61
-80
-56
-70
-50
-36
-23
23
26
48
41
12
9
48
49
29
65
60
85
74
30
79
118
70
24
60
85
59
33
-29
-44
7
21
-65
-71
-83
-80
0
30
-2
28
21
0
59
22
-47
-76
-2
77
42
1
-32
-26
-37
-59
-112
-122
-56
-43
-24
-82
-96
-68
-84
-94
-115
-107
-129
-88
-76
-37
-24
-68
-20
-11
-24
-29
-23
-64
-46
-27
-75
-55
-57
-22
-9
-57
-69
-76
-91
-115
-121
-109
-64
-74
-79
-48
-106
-133
-124
-94
-23
-26
-58
-3
27
28
51
58
62
37
25
13
-62
