-29
-23
-12
3
-10
-39
-21
1
-5
-59
-36
22
25
-28
-23
41
23
-49
-17
35
12
-6
-22
13
49
-22
-32
-45
-36
-20
-3
-35
-36
-36
-64
-82
-28
12
-22
14
-41
-47
41
-22
-67
-24
63
57
-22
-23
64
89
0
2
19
51
57
-20
-23
-23
25
27
-45
-67
13
66
53
-28
-82
32
73
23
-36
-22
46
81
5
-48
5
122
83
-82
-72
-28
53
20
-99
-36
95
-5
-55
-7
49
1
-7
11
18
37
2
27
82
42
-40
40
39
-8
-14
-8
33
8
26
-33
25
64
7
13
36
67
-3
-9
54
47
79
-28
-10
89
94
32
-77
-30
59
119
13
-52
-12
82
183
-33
-121
50
125
55
8
-5
113
144
9
45
125
165
39
35
106
92
176
-8
-99
136
202
142
-107
-14
182
100
-14
8
84
62
47
143
91
-52
10
75
154
83
47
69
131
120
36
80
128
100
40
-9
182
118
-104
-28
121
93
85
-15
7
157
83
-15
62
115
-1
-49
128
94
-54
-20
54
-2
114
110
-66
102
144
50
26
50
145
164
108
-65
-23
274
195
-88
-58
228
196
2
-181
3
147
119
30
-189
-31
262
79
-204
-61
178
124
-53
-72
-33
140
102
-77
2
68
122
36
-39
67
38
-42
16
99
57
-44
-30
37
126
-54
-3
68
11
109
58
6
-16
49
204
62
-20
3
56
243
30
-96
123
159
-71
24
53
17
69
-37
20
169
156
-19
-46
162
131
54
55
-6
69
165
-21
-17
55
147
20
-72
80
162
103
-122
-130
71
143
-23
-104
10
-74
-4
71
-2
-54
-86
210
71
-55
-32
34
183
150
-107
-37
195
172
70
-169
-130
65
259
86
-155
-120
63
239
34
-200
124
-24
99
56
-24
142
-2
48
107
46
-45
141
3
59
62
46
163
81
-65
88
63
53
47
-155
109
54
-24
-36
8
100
-7
23
22
-21
-27
82
9
-11
-3
-20
103
-46
-46
14
-1
-36
51
-78
96
84
43
-43
-64
68
-9
114
60
-152
-72
112
153
-40
-128
-14
210
162
-46
-231
-5
142
-57
-202
-108
-67
72
-13
-146
-56
-7
174
41
-187
96
141
-33
-70
-92
138
-23
-133
0
-59
83
-81
-77
126
59
45
-72
-91
-38
2
19
-188
-10
71
-64
-38
52
0
-115
52
80
-91
8
53
67
122
-109
-172
285
74
-170
-10
39
158
-4
-91
100
-53
-14
163
-8
-23
136
0
-7
-14
49
-63
-40
-76
-36
137
-164
-70
67
120
-52
-105
107
-35
-18
71
42
-39
-113
-23
164
27
-118
-72
67
166
-149
65
38
-79
43
97
95
-18
-101
29
131
-14
-23
89
89
81
17
2
12
62
130
42
-15
100
99
182
-8
-82
28
99
95
-121
67
100
42
-58
-108
225
57
-151
151
88
-114
39
55
131
59
-157
87
173
-51
-63
3
65
49
-4
-23
56
61
-9
-9
109
82
129
-12
-17
79
205
195
-69
9
-88
55
157
-100
-19
43
101
137
-212
-18
155
-44
6
152
89
94
59
116
135
122
113
-285
8
86
-9
-17
-6
82
122
-42
-59
44
34
72
-65
-5
-156
-1
39
-96
27
-156
-43
178
-66
56
244
4
-30
-3
17
84
-3
16
-8
-4
-170
38
82
-36
-49
72
47
-162
-24
128
-12
3
-57
-19
263
41
-59
34
296
62
-101
181
-68
-178
35
97
152
158
-13
-67
193
57
-4
77
66
-39
12
174
31
-61
-57
-58
223
83
122
-68
-219
204
132
-208
-137
69
162
94
-192
-59
139
-4
-91
90
144
26
7
18
-69
81
-61
35
0
72
57
-47
9
6
7
96
80
60
-65
51
66
-9
-123
44
268
54
38
89
137
-43
119
54
-184
-16
3
-1
-23
-167
91
135
-38
-81
-147
-1
227
-57
-283
-79
-47
248
-97
-462
15
55
-22
130
-54
-182
-212
116
205
-151
-201
36
152
28
-20
95
-72
-226
-20
171
10
-300
14
64
-37
-54
-64
-25
36
135
-97
-30
-144
90
-132
-231
-105
141
151
-160
-39
54
-237
-72
113
137
-58
-193
-15
110
33
-155
51
-136
68
-31
-120
-133
28
195
-165
-76
-27
180
34
-205
181
-28
-215
-4
176
137
-194
-78
35
-44
2
-75
-97
92
73
-1
-148
57
284
-160
-128
115
68
-41
-38
-111
91
73
-34
-52
78
126
77
137
-128
-126
314
-42
-12
-49
-29
59
-18
-117
88
129
-275
-27
166
153
-22
-28
-36
93
-36
-65
-112
247
176
-102
-96
-33
167
82
-384
135
500
-186
-251
176
94
-16
-31
-5
333
-256
-202
312
-17
-2
18
-113
71
289
62
-433
-99
167
38
58
-190
-149
207
29
-104
-152
229
-157
-124
24
75
79
-107
-264
-289
325
-5
-212
-258
159
271
-118
-280
82
298
-35
-414
-67
483
-57
-144
-39
83
156
-197
-185
-65
-31
-35
-156
177
75
-159
-290
-37
252
-76
-343
-136
159
-79
-333
-133
-41
90
-61
-219
-169
50
-7
-191
-98
193
-91
-156
-7
27
-126
-117
-88
-140
11
-126
-353
22
225
-100
-125
-343
2
97
156
-57
-221
297
25
-237
44
201
-31
-390
133
170
-323
-134
-42
284
-85
-141
312
-90
-211
-98
329
159
13
-38
38
59
-173
256
-254
145
-59
-238
449
211
67
-185
5
677
-67
-493
88
241
-201
-186
-474
330
318
-92
-48
-48
187
-96
-45
84
181
270
30
-163
68
220
-229
219
172
-142
-158
15
143
-1
-470
-27
348
135
-333
-543
571
168
-729
-548
355
777
-580
-499
263
261
186
-418
-190
343
217
37
-311
-95
38
294
-195
-509
52
400
-40
-752
61
467
-668
-531
358
-34
280
-106
-373
-7
254
533
-275
-397
231
226
-92
-475
23
446
-238
-491
-90
341
113
-297
-258
-56
297
-224
-335
-158
0
197
-133
109
7
-287
-63
62
-200
1
140
255
-299
-335
311
161
78
-218
-268
-4
-7
-109
-83
253
-16
-190
125
31
-338
-402
158
215
-182
-710
274
468
-452
-955
236
994
-497
-201
278
286
23
-936
28
519
91
-427
-487
83
120
-179
-702
180
-106
234
565
21
-910
-240
571
-249
-50
88
158
-374
-41
624
-509
-522
-74
121
387
-366
-484
-61
1023
-34
-715
157
531
289
-270
-20
-213
257
-177
-321
185
286
329
-365
-360
254
508
-333
-778
327
266
-613
-832
551
582
-337
-567
148
917
135
-911
-529
687
120
227
-354
-534
119
446
261
-492
5
-176
-400
73
-146
349
-147
-359
-153
403
502
-586
-1166
316
1021
-115
-1048
-599
531
613
-281
-726
-233
785
277
-402
285
-209
-252
-129
549
102
-329
67
21
175
447
-73
-532
-269
321
483
593
-538
-1002
635
1098
-355
-710
-377
453
648
-143
0
150
119
-51
-110
213
-69
-428
41
191
363
-128
-681
-352
56
215
-130
-260
210
161
-425
-387
-36
-126
-394
-181
91
330
-248
-458
-275
181
186
-66
-29
199
542
93
-176
62
-51
-196
-88
-117
167
-388
-650
-119
44
-67
102
-8
-64
257
53
-117
-520
-686
-253
263
-200
-215
49
325
119
-165
32
-436
67
555
188
-115
-210
-260
-325
-107
-3
-171
-39
-109
265
69
-180
290
209
-157
62
556
181
-154
51
111
48
-276
-367
-256
-240
-318
136
-17
-405
-135
73
45
-210
-246
-137
214
-7
-189
115
-109
-236
30
112
251
295
238
-116
-312
247
81
-510
-312
24
151
9
-101
-183
-355
-147
-127
-162
-148
-205
-214
-246
-241
38
46
-199
-189
101
395
75
-121
8
187
349
184
260
128
8
-66
-71
-46
-276
-294
-95
-173
-201
-115
-288
-473
-24
297
159
-30
38
82
27
165
218
173
109
287
339
309
286
81
29
289
440
385
124
65
236
266
177
49
73
77
86
266
431
219
-10
32
168
205
221
107
-10
87
217
232
8
-51
110
177
211
274
338
201
222
332
350
206
119
216
264
249
97
78
3
-153
-72
-152
-214
-308
-275
-275
-404
-476
-560
-562
-582
-547
-536
-627
-778
-822
-766
-875
-957
-1027
-1037
-1004
-999
-959
-978
-1056
-1235
-1215
-1073
-1202
-1473
-1588
-1447
-1207
-1026
-1002
-899
-673
-360
-63
109
317
661
1158
1747
2243
2562
2711
2775
2868
3059
3114
3025
2861
2802
2788
2595
2268
1833
1440
1271
1190
1035
846
684
489
400
332
242
202
168
193
327
452
457
377
368
422
539
652
663
570
506
436
381
249
-5
-292
-549
-704
-1012
-1574
-2057
-2402
-2640
-3021
-3391
-3755
-4066
-4308
-4435
-4173
-3927
-3928
-4122
-3946
-3508
-3153
-2930
-2758
-2164
-1174
652
2647
3477
2643
1772
2614
4462
4997
3926
3242
4076
5122
4574
3076
1986
1433
691
-343
-467
34
-329
-1912
-3166
-2763
-1869
-2153
-3270
-3369
-1920
-563
-53
214
841
1632
2117
3115
4268
4587
4285
4225
4813
5275
4989
4407
3885
3452
3029
2450
1698
685
-95
-370
-479
-592
-1024
-1655
-1962
-1752
-1455
-1485
-1555
-1329
-840
-516
-360
-212
-200
-259
-205
-64
-39
-359
-756
-1182
-1577
-1950
-2431
-3137
-3981
-4953
-5326
-5054
-4845
-5296
-6025
-5992
-5431
-4951
-5068
-4856
-3633
-753
2669
4350
3301
1726
2512
5229
6662
5731
4858
5814
7281
6863
4871
3150
2107
786
-912
-1466
-455
-170
-2280
-5075
-5602
-4155
-3711
-5115
-6007
-4413
-1723
-304
-273
45
1323
2337
2789
3893
6152
7550
6779
5520
5836
7047
6875
4825
2957
2678
3021
2578
1159
-264
-1194
-1828
-2365
-2564
-2262
-2158
-2551
-2699
-2045
-1021
-690
-1064
-1234
-630
486
1237
1370
1131
843
706
523
308
-56
-779
-1581
-2159
-2235
-2596
-3731
-5478
-6783
-6915
-6566
-6507
-6806
-6913
-6560
-5924
-5585
-5117
-4397
-2736
650
4261
5882
4758
3697
4979
7237
7481
6086
5692
7099
7747
6030
3580
2113
1098
-1069
-3446
-3710
-2195
-2026
-4456
-6848
-6591
-4985
-4918
-6176
-5923
-3313
-566
469
700
1720
3158
3670
3670
5442
8315
9304
7593
5708
5827
6435
5276
2979
1507
1377
1315
374
-824
-1738
-2436
-3217
-3826
-3218
-1835
-1082
-1381
-1607
-845
262
665
403
403
1057
1993
2551
2417
1983
1346
560
-66
-400
-562
-1081
-1934
-2697
-3298
-4201
-5647
-7045
-8001
-8198
-7891
-7289
-6841
-6505
-6080
-5773
-5510
-4840
-3404
-1402
1662
5087
7226
6865
5152
4900
6490
7510
6572
5445
5876
6797
5718
2716
-73
-1461
-2542
-4177
-5040
-4067
-2883
-3825
-6318
-7355
-5991
-4579
-4568
-4462
-2425
712
2712
2933
2932
3777
4680
4964
5563
7645
9496
8977
6508
4633
4421
4140
2504
621
-133
133
48
-1062
-2409
-3354
-3683
-3732
-3335
-2031
-413
271
-78
-310
322
1202
1457
1369
1666
2476
3056
2875
1968
907
1
-621
-1042
-1296
-1518
-2136
-3191
-4345
-5251
-6052
-6952
-7843
-8138
-7684
-6928
-6544
-6450
-5934
-5218
-4550
-4040
-3227
-1606
1334
5242
8050
7826
5374
4010
5521
7503
7072
5199
4673
5763
5608
2877
-497
-2234
-2884
-4178
-5441
-4779
-2902
-2900
-5622
-8061
-7170
-4562
-3317
-3590
-2644
382
3050
3501
2796
3152
4592
5717
6103
6948
8462
8983
7244
4660
3516
3582
2929
1000
-499
-335
261
-492
-2308
-3487
-3272
-2610
-2306
-1907
-773
480
811
179
-82
694
1591
1673
1383
1707
2419
2517
1494
96
-759
-1035
-1335
-1881
-2152
-2306
-2973
-4290
-5700
-6391
-6653
-7070
-7340
-7027
-6497
-6356
-6486
-6046
-4904
-3892
-3256
-2592
-734
2630
6150
7558
6083
4038
4359
6644
7805
6643
5115
5247
5814
4474
1590
-781
-1671
-2333
-3698
-4482
-3578
-2591
-3788
-6656
-7917
-6062
-3583
-2872
-3094
-1884
798
2488
2319
1929
2889
4549
5454
5804
7214
9119
8933
6182
3385
2990
3762
3199
1446
221
301
382
-880
-2564
-3307
-2895
-2210
-1939
-1385
-133
738
252
-881
-905
567
1848
1990
1587
1659
1994
1812
844
-169
-517
-495
-638
-1196
-1631
-1984
-2838
-4160
-5457
-6000
-5875
-5895
-6264
-6785
-7152
-7049
-6495
-5892
-5342
-4713
-3612
-2033
386
3729
6244
6218
4104
3048
4823
7368
7811
6374
5427
5828
5724
3651
742
-965
-1318
-1689
-2623
-3030
-2676
-3181
-5497
-7745
-7361
-4899
-3006
-2844
-2844
-1561
293
1127
934
1361
3120
5332
6776
7433
7975
8090
6959
5027
3934
4351
4868
4034
2278
1031
586
26
-1295
-2616
-2904
-2049
-1130
-932
-1159
-1182
-1075
-1188
-1198
-443
933
1787
1589
1159
1033
1089
862
367
42
125
378
98
-846
-1997
-2715
-3215
-3898
-4827
-5439
-5618
-6050
-6708
-7314
-7547
-7514
-7070
-6100
-4825
-3816
-2801
-632
2663
5127
4821
2737
2381
5030
7920
8105
6406
5910
6926
6797
4221
1401
677
1237
656
-1068
-2038
-1927
-2559
-5101
-7356
-6796
-4180
-2659
-3397
-4237
-3274
-1446
-696
-845
-81
2320
5112
6761
7248
7042
6610
6053
5430
5238
5801
6346
5711
3799
2009
1281
796
-333
-1643
-1850
-909
-304
-830
-1986
-2734
-2644
-2110
-1487
-792
28
532
332
-295
-467
-9
386
401
300
523
703
327
-635
-1617
-2175
-2360
-2485
-2898
-3730
-4717
-5480
-6186
-6952
-7469
-7305
-6459
-5521
-4872
-4350
-3068
-549
2104
3096
2040
1106
2496
5460
7263
6761
5899
6273
7089
6513
4485
2822
2562
2716
2048
687
-359
-1000
-2274
-4169
-5251
-4623
-3284
-3064
-4006
-4700
-4272
-3254
-2337
-1458
-272
1642
3933
5474
5368
4383
4170
5112
6191
6565
6630
6556
5890
4519
3124
2119
1471
1100
876
599
87
-585
-1413
-2440
-3222
-3169
-2276
-1497
-1397
-1654
-1812
-1817
-1751
-1414
-807
-185
219
400
314
-100
-495
-739
-857
-861
-856
-1018
-1650
-2682
-3794
-4580
-5218
-5682
-5856
-5539
-4979
-4726
-4762
-4467
-2714
-47
1570
809
-675
-118
2682
5011
5086
4200
4579
6148
6726
5333
3582
3146
3721
3804
2867
1796
1114
270
-1246
-2583
-2749
-2059
-1951
-2810
-3735
-3826
-3156
-2512
-2031
-1397
-169
1270
2148
2061
1727
2115
3266
4359
4827
4992
5143
5058
4645
4060
3465
3024
2768
2717
2450
1653
539
-317
-789
-1128
-1564
-1903
-2056
-2069
-2063
-2339
-2593
-2565
-2070
-1451
-1101
-1100
-1073
-939
-896
-968
-981
-774
-499
-440
-724
-1411
-2212
-2713
-3130
-3530
-3686
-3654
-3564
-3677
-4044
-4281
-4005
-2668
-612
802
634
-622
-910
551
2457
3162
2903
3107
4177
5056
4596
3241
2342
2630
3403
3630
3106
2160
1146
92
-783
-1066
-794
-596
-959
-1625
-2048
-2084
-1892
-1498
-865
-234
333
645
762
859
1143
1662
2305
2888
3304
3557
3513
3212
2814
2719
2848
2828
2577
2103
1534
942
369
-7
-231
-529
-880
-1163
-1281
-1360
-1514
-1609
-1595
-1496
-1290
-1059
-1235
-1541
-1465
-1486
-1130
-906
-844
-970
-1173
-1117
-1460
-1831
-2367
-2706
-2738
-2565
-2410
-2575
-2760
-2819
-2820
-2931
-2625
-1480
-149
468
-72
-909
-773
582
1970
2301
2041
2246
2863
3192
2726
2011
1721
2070
2740
3155
2852
1867
724
-2
21
381
583
320
-172
-542
-550
-292
-114
-194
-389
-306
122
562
689
509
468
616
974
1388
1655
1566
1227
1047
1232
1580
1610
1282
907
846
1044
1178
1111
684
380
112
-8
-127
-125
-214
-564
-458
-639
-674
-618
-1154
-1442
-1040
-1401
-1232
-1068
-1152
-1299
-1659
-1620
-1403
-1247
-1494
-1817
-1858
-1765
-1618
-1597
-1572
-1672
-1938
-2113
-1971
-1604
-1165
-650
-287
-344
-713
-880
-469
197
653
808
849
1106
1301
1289
1067
836
927
1426
1973
2181
1852
1226
747
710
1008
1276
1151
880
740
749
736
442
59
-100
113
485
746
608
192
-160
-138
160
400
622
684
658
578
508
533
535
576
798
1106
1228
1143
914
612
500
357
521
574
683
542
198
-68
-339
-359
-399
-358
-481
-550
-600
-698
-959
-1110
-1040
-911
-718
-642
-665
-837
-1054
-1136
-1001
-743
-596
-567
-700
-810
-936
-1064
-1085
-1073
-1012
-904
-719
-513
-480
-691
-1031
-1187
-1055
-765
-611
-647
-802
-913
-772
-563
-426
-414
-368
-146
215
549
662
539
421
495
767
1099
1237
1153
1030
989
1057
1129
1089
926
784
798
894
993
1002
940
880
923
1024
1065
1121
1077
1018
1016
1123
1196
1108
916
792
812
843
801
658
538
453
314
164
-26
-153
-244
-347
-471
-562
-630
-662
-716
-810
-821
-765
-644
-558
-605
-621
-650
-634
-578
-520
-466
-393
-377
-459
-602
-726
-790
-839
-877
-928
-949
-894
-927
-1017
-1135
-1211
-1247
-1253
-1293
-1309
-1303
-1289
-1232
-1209
-1151
-1080
-1015
-837
-611
-359
-173
-47
50
186
341
447
545
616
692
734
801
860
866
894
878
894
928
949
938
939
981
1019
1048
1050
1071
1058
1103
1165
1176
1184
1099
1008
942
904
871
832
755
652
548
469
399
252
130
15
-115
-164
-272
-405
-504
-543
-534
-562
-605
-620
-581
-521
-491
-522
-526
-525
-565
-522
-493
-443
-432
-524
-674
-784
-791
-761
-783
-868
-900
-876
-783
-792
-912
-936
-986
-983
-1005
-1038
-1030
-1043
-1114
-1208
-1252
-1246
-1197
-1144
-1038
-912
-813
-684
-590
-513
-448
-365
-261
-151
-60
16
116
225
331
382
456
521
573
669
698
788
909
1005
1008
965
979
1066
1158
1200
1192
1179
1200
1187
1112
1075
1015
990
970
963
901
782
652
504
409
340
298
184
58
-72
-198
-207
-258
-320
-404
-411
-338
-287
-314
-394
-429
-447
-433
-447
-431
-411
-479
-518
-615
-689
-731
-755
-797
-815
-777
-694
-625
-614
-610
-614
-573
-577
-650
-648
-640
-611
-642
-710
-807
-885
-889
-893
-911
-920
-900
-903
-908
-937
-985
-937
-882
-830
-792
-712
-579
-450
-390
-399
-342
-204
-36
45
144
259
371
524
598
632
666
778
885
970
1022
1060
1079
1075
1040
1001
1018
1059
1042
1069
1060
1047
1029
985
907
798
713
653
614
522
408
300
257
184
34
-65
-161
-200
-236
-270
-330
-400
-488
-549
-555
-584
-633
-714
-737
-717
-756
-761
-817
-848
-803
-706
-559
-455
-392
-358
-335
-330
-323
-283
-216
-161
-221
-263
-307
-341
-394
-488
-560
-585
-528
-509
-588
-743
-824
-822
-755
-762
-860
-826
-738
-641
-645
-679
-641
-533
-426
-330
-204
-49
93
130
160
229
311
457
503
544
608
677
708
673
650
671
714
744
783
810
873
908
870
912
955
992
948
889
842
824
813
752
686
625
578
466
374
299
170
122
13
-99
-193
-274
-326
-432
-532
-608
-631
-635
-647
-717
-764
-785
-791
-670
-563
-459
-384
-334
-295
-236
-193
-141
-88
-51
-11
-7
-4
-30
-137
-216
-284
-276
-219
-222
-314
-433
-480
-484
-503
-580
-630
-595
-467
-397
-454
-479
-479
-402
-334
-277
-196
-75
28
57
56
77
161
208
264
292
292
360
372
355
316
313
334
356
395
423
467
515
553
589
644
692
655
642
618
645
677
683
634
557
508
475
433
349
290
227
231
208
72
-20
-106
-156
-209
-275
-314
-311
-291
-334
-408
-474
-435
-337
-249
-236
-270
-189
-109
-48
-44
-35
6
63
103
114
122
98
42
-67
-72
-11
-3
12
-60
-97
-99
-109
-159
-234
-256
-230
-191
-170
-160
-188
-166
-152
-183
-123
-75
-23
2
8
14
25
56
100
126
116
116
120
177
214
159
153
142
188
243
288
291
289
313
372
426
437
450
431
466
483
446
460
420
393
370
343
297
268
254
214
176
157
165
130
85
39
-28
-14
-43
-68
-71
-72
-73
-102
-137
-122
-69
-78
-78
-73
22
79
21
32
50
111
132
106
87
75
60
29
7
9
50
75
92
93
51
50
-14
-70
-53
8
58
43
2
-10
18
14
-6
-40
3
68
60
80
50
50
69
97
130
154
160
146
144
151
192
202
251
293
283
311
294
298
321
347
374
381
368
354
346
316
275
225
215
209
146
126
80
32
-8
-31
-40
-46
-46
-30
-13
-47
-65
-61
-23
9
-39
-25
3
34
44
16
4
-3
14
38
69
85
87
59
68
91
71
99
54
33
42
59
70
79
96
122
157
177
197
172
143
100
75
161
198
166
89
46
41
39
-3
-70
-96
-92
-87
-130
-140
-135
-142
-126
-109
-55
-4
24
7
16
97
186
252
294
343
356
400
430
421
484
488
471
437
420
391
317
214
121
98
56
3
-87
-142
-156
-223
-231
-259
-259
-249
-247
-263
-280
-257
-216
-193
-199
-193
-193
-140
-121
-158
-136
-127
-101
-81
-54
-26
-16
3
9
34
48
80
116
114
110
72
125
171
203
225
245
291
310
302
259
224
224
265
265
282
264
188
150
72
61
35
-5
-40
-63
-70
-95
-141
-164
-161
-160
-124
-75
-57
-2
7
30
74
144
237
275
310
325
377
424
474
489
490
468
413
412
383
311
213
134
72
36
-17
-97
-181
-210
-201
-238
-275
-301
-327
-278
-306
-331
-317
-245
-169
-175
-213
-221
-167
-138
-146
-169
-136
-82
-95
-71
-81
-83
-79
-85
-94
-78
-29
-20
-24
-56
-42
20
122
176
159
209
253
313
334
337
350
376
400
420
425
377
322
251
220
220
167
144
75
7
-46
-85
-118
-174
-203
-216
-207
-197
-167
-157
-93
-30
-29
48
113
186
231
259
314
378
448
461
436
389
360
329
319
277
146
90
13
-41
-111
-196
-265
-311
-330
-346
-369
-387
-370
-355
-309
-275
-277
-203
-160
-153
-150
-140
-87
-17
19
6
-7
3
19
6
-20
-50
-103
-74
-89
-108
-134
-152
-162
-158
-136
-97
-19
40
84
100
169
241
261
303
317
355
405
434
406
373
350
333
320
283
258
205
181
111
1
-37
-84
-119
-195
-232
-243
-227
-224
-229
-214
-178
-128
-86
8
76
104
162
186
246
326
363
343
304
281
286
286
227
145
53
23
-48
-180
-222
-282
-330
-405
-465
-483
-489
-473
-476
-459
-427
-345
-288
-239
-226
-251
-148
-67
8
48
84
97
104
88
48
25
-12
-29
-56
-56
-90
-197
-249
-304
-323
-343
-327
-279
-225
-196
-180
-152
-93
-3
37
91
147
190
279
302
291
296
330
344
330
302
284
245
177
111
13
-8
-17
-104
-145
-198
-203
-193
-206
-220
-219
-163
-98
-32
13
74
132
208
271
282
338
341
332
299
266
246
221
175
102
24
-62
-135
-226
-275
-324
-438
-464
-483
-510
-516
-520
-519
-483
-417
-362
-311
-277
-218
-124
-23
88
107
194
187
318
401
1020
1869
817
-752
-707
964
1828
974
77
842
1155
-192
-1335
-258
1992
1488
-1433
-2301
267
1483
124
-1226
-367
2028
2813
270
-2237
-774
1884
1555
-125
-489
675
1086
-30
-180
1501
1632
347
104
743
1316
751
-273
-445
413
935
383
169
-586
-701
117
177
-80
157
437
6
143
330
-594
-228
202
-249
-461
-250
-176
-867
-1112
-1153
-1005
-752
-847
-736
-933
-1130
-1158
-1113
-864
-602
-163
-182
-350
-434
-481
-164
237
664
544
433
555
691
594
204
255
535
882
873
353
38
73
-8
1
244
288
-15
-299
-409
-501
-362
-249
-300
-93
6
-194
-285
-353
-585
-542
-189
-49
-270
-728
-1120
-1549
-1699
-1715
-1905
-2077
-2583
-3304
-3742
-3903
-4235
-4460
-4823
-5269
-5740
-6374
-6349
-6135
-5770
-4287
-906
1373
-78
-3542
-4285
-581
3591
4963
4775
4706
3642
1722
1861
4951
7534
6469
4282
4147
4534
3013
1568
2466
3512
2572
1022
935
745
-1193
-2874
-1827
321
439
-807
-1471
-1762
-2724
-2962
-1015
1457
1652
233
-371
57
343
371
1132
2187
2074
718
-424
-675
-888
-1608
-2146
-2267
-2839
-4010
-5304
-6524
-7416
-7867
-7880
-7827
-7428
-6523
-5132
-3825
-3331
-3687
-4070
-3076
-451
2666
4412
4101
3082
2906
3832
5342
6840
7820
7443
5828
4411
4264
4746
4412
3277
2595
2694
2464
1320
167
-470
-470
-142
329
514
-232
-1535
-2217
-1366
80
909
918
669
522
703
1251
2013
2659
2858
2978
3196
3272
2867
2227
1861
1770
1509
935
253
-865
-2211
-3289
-3874
-4255
-5049
-6091
-7158
-8103
-8850
-9180
-9277
-9796
-10012
-8705
-5363
-2057
-1493
-3833
-5957
-4563
-22
4960
7224
6185
4135
3413
4513
6603
8762
10121
9475
7249
5432
5253
5722
5095
3495
2385
2538
3017
2398
252
-2298
-3526
-2355
127
1415
139
-2645
-4537
-4211
-1802
1001
2459
1774
-98
-819
648
2899
4006
3883
3810
4144
4326
4074
3609
3053
2482
1931
1801
1815
1021
-1050
-3691
-5077
-4992
-4396
-4988
-6931
-9013
-10187
-10136
-9784
-9501
-8891
-7685
-5416
-3435
-3052
-4372
-5162
-2823
1671
5385
6290
5468
4883
4729
5098
6766
9690
11448
9903
6606
4747
5228
5778
4934
3675
3199
2992
2027
500
-795
-1793
-2242
-1719
-417
285
-813
-2830
-3944
-3045
-699
1464
2363
1684
485
238
1426
3207
4474
4862
4547
3813
3155
2892
2970
2873
2208
1295
296
-703
-2174
-3820
-5167
-5834
-6046
-6763
-8342
-10115
-10958
-10740
-9657
-8067
-5869
-3995
-3869
-5541
-6674
-4400
473
4479
5344
4085
3304
3923
5234
6769
8493
9717
9180
7199
5466
5219
5562
5113
3991
3134
2912
2117
455
-1209
-1857
-1599
-1209
-1017
-1330
-2310
-3521
-3832
-2890
-1097
425
916
398
-423
-166
1380
3240
4136
4296
4372
4261
3889
3626
4049
4422
4196
3310
2242
1342
111
-1085
-1945
-2332
-2992
-4182
-5659
-7042
-8125
-8853
-9194
-9359
-9569
-9992
-9793
-8553
-6253
-4306
-3847
-4710
-4993
-2833
789
3565
4287
4025
4219
4842
5735
7234
8841
9358
7992
6494
6179
6581
6328
5257
4295
3452
2489
1630
1571
1249
-292
-2017
-2080
-898
-532
-1367
-2245
-2329
-2184
-1674
-366
1006
945
-172
-79
1510
2960
3215
3139
3416
3334
2760
2598
3200
3300
2045
471
-267
-657
-1715
-2987
-3922
-4745
-5983
-7676
-8916
-9870
-10371
-10394
-9244
-7442
-6146
-5732
-6269
-6947
-6680
-3932
536
3875
3964
1830
875
2654
5730
8215
9444
9409
7858
5691
4912
6219
7649
7155
5212
3600
2676
1560
575
305
431
-119
-1139
-1665
-2068
-2892
-3639
-3182
-1798
-755
-586
-792
-1035
-1117
-294
1639
3563
3985
3210
2781
3086
3663
4206
4767
4865
4009
2533
1423
1179
1060
232
-935
-2124
-3338
-4906
-6309
-6746
-6964
-7646
-9130
-10412
-10921
-10641
-9269
-7481
-5770
-5131
-5527
-5812
-5027
-2301
1142
3490
3882
3341
3590
4525
5528
6896
8788
9689
8279
5996
5168
5878
6069
5361
4787
4354
2814
797
62
334
64
-961
-1189
-761
-1063
-2252
-2902
-2137
-1154
-660
-200
524
645
160
369
1791
3369
3754
3401
3169
3185
3036
2838
3217
3526
2671
811
-586
-1156
-1645
-2542
-3469
-4190
-5495
-7342
-8941
-9571
-9519
-9482
-8568
-6894
-5445
-5425
-6725
-7530
-6587
-3262
888
3329
2902
845
-150
1484
4882
8111
9493
8407
5757
3658
3933
6092
7651
7173
5013
2709
1309
910
1396
1813
1529
97
-1510
-2214
-2275
-2183
-2083
-1730
-1322
-1146
-1072
-921
-815
-461
512
2031
3253
3188
2515
2296
2818
3578
4288
4827
4453
2953
1507
1091
1609
1727
898
-573
-2088
-3642
-4853
-5228
-5081
-5324
-6786
-8491
-9781
-10369
-9957
-8321
-6668
-5651
-5593
-5707
-5574
-5401
-3661
-117
3197
3876
2053
1150
2666
4945
6708
7753
8198
7182
4901
3673
4626
6044
6574
5214
3155
1808
884
573
873
1204
242
-1280
-1731
-1492
-1290
-1232
-1060
-757
-450
-80
401
858
1028
1035
1878
3228
3758
3455
2907
2696
2921
3255
3481
3204
2391
853
-623
-1101
-1114
-1627
-2868
-4343
-5760
-6656
-7237
-7913
-8501
-9086
-9139
-8073
-6332
-4697
-4615
-5746
-6538
-5219
-1269
2683
3924
2535
610
439
2329
5037
7491
8054
6056
2836
1304
2849
5233
5764
4205
2009
421
-519
-773
1
1269
1554
136
-1654
-2316
-1831
-1045
-80
1195
1813
1064
-91
-50
1218
2574
3603
4306
4111
2950
1988
2480
3858
4580
4300
3568
2576
1358
620
917
1510
1036
-428
-1869
-2505
-3042
-3944
-4530
-4440
-4649
-5834
-7220
-7801
-8080
-8608
-8655
-7273
-5400
-5295
-5812
-5240
-3479
-2970
-3202
-1305
2093
3553
1985
511
1830
3806
4224
4241
5221
5669
3659
1446
1964
4068
4550
2908
1320
915
488
-260
150
1870
2790
1124
-885
-958
436
1376
1644
2180
2211
1017
-14
927
3025
3615
2685
2195
2524
2486
2028
2464
3446
3214
2031
1542
2019
1963
779
-105
25
35
-945
-2289
-2965
-3351
-4279
-5308
-5655
-5782
-6542
-7971
-8862
-8683
-7866
-6718
-5989
-5295
-4890
-4756
-4753
-4146
-1879
933
2365
1740
544
863
2334
3677
4569
5155
5090
3743
2433
2582
3831
4548
3908
2604
1519
746
527
1127
2148
2328
916
-494
-622
248
966
1192
1482
1284
520
217
1167
2488
2696
2159
2157
2549
2495
2278
2801
3491
3175
2283
2049
2453
2218
1272
722
790
559
-495
-1441
-1724
-2075
-3177
-4171
-4583
-4915
-5884
-6907
-7220
-7387
-7990
-8502
-7844
-6420
-6113
-6104
-5163
-3686
-3505
-4184
-2785
422
2418
1692
505
1268
2709
3227
3707
5131
5786
3997
1839
2104
4075
4844
3892
2750
2062
1202
571
1483
3028
3051
1359
21
195
842
1341
1810
2114
1688
772
699
1656
2319
2108
1779
2108
2420
2168
2046
2233
2395
2054
1733
1959
2121
1469
375
-96
68
-127
-938
-1769
-2513
-3567
-4595
-5076
-5002
-5139
-6114
-7258
-8088
-8433
-8057
-6658
-5439
-5117
-5433
-5260
-4650
-4280
-2946
-541
1486
1431
66
-39
1491
2879
3637
4346
4915
4032
2303
2070
3620
4930
4620
3382
2411
1794
1230
1593
2758
3386
2318
1129
1097
1229
869
790
1913
2538
1727
659
624
1139
1062
1124
2128
2703
1755
523
802
1961
2298
2154
2189
2105
1534
852
881
1204
958
61
-849
-1305
-1644
-2363
-2955
-3505
-4097
-4794
-5473
-5731
-6269
-7236
-8194
-8046
-6710
-5897
-6271
-6300
-5457
-4456
-4513
-4099
-1863
552
1043
-37
33
1626
2798
3080
3833
5055
5043
3490
2770
3934
5277
5265
4433
3930
3384
2475
2229
3244
4198
3288
1467
750
1234
1560
1421
1640
1756
881
-177
65
1245
1439
637
446
1078
1264
785
925
1779
1934
1289
1196
1843
1967
1019
288
472
607
-73
-1024
-1403
-1786
-2845
-3870
-4179
-4214
-4888
-5880
-6509
-6892
-7481
-7921
-7360
-6129
-5554
-5570
-5428
-4769
-4398
-4086
-2524
-177
1213
869
231
843
2120
3025
3788
4747
5258
4320
3257
3601
4940
5634
5055
4258
3858
3399
2651
2545
3272
3625
2490
1198
998
1255
1022
694
1066
1188
511
-116
218
767
466
147
725
1388
1241
934
1468
1963
1681
1420
1866
2331
1986
1193
915
873
510
-105
-587
-908
-1519
-2452
-3220
-3697
-4091
-4559
-5154
-5770
-6311
-6941
-7412
-7345
-6957
-6404
-6441
-6087
-5234
-4456
-4092
-3820
-2421
-511
594
729
954
1802
2527
2900
3725
4946
5426
4712
4183
4588
5321
5314
4964
4757
4405
3748
3156
3147
3202
2882
2102
1614
1420
1299
1027
767
820
700
343
184
455
729
542
383
811
1305
1322
1184
1511
1995
1890
1642
1926
2131
1673
955
731
741
211
-664
-1265
-1648
-2201
-3010
-3528
-3783
-4259
-5100
-5585
-5798
-5992
-6614
-7005
-6908
-6396
-5845
-5640
-4992
-4240
-3707
-3626
-3120
-1507
201
1045
1077
1234
1870
2342
2804
3743
4816
4895
3950
3429
3885
4541
4595
4331
4079
3600
2760
2231
2377
2702
2337
1576
1238
1306
1280
990
1040
1341
1281
968
909
1288
1283
795
815
1485
1900
1602
1343
1606
1743
1457
1424
1778
1730
954
249
186
123
-267
-767
-1099
-1553
-2120
-2533
-2673
-2927
-3495
-3895
-4210
-4258
-4488
-4768
-5124
-5423
-5592
-5488
-5113
-4626
-4297
-3931
-3594
-3118
-2627
-1904
-750
397
1050
1065
1200
1649
2260
2789
3386
3852
3824
3431
3254
3504
3844
3962
3801
3460
2933
2488
2374
2428
2473
2265
1975
1730
1582
1583
1614
1720
1751
1616
1419
1282
1261
1107
970
998
1169
1123
877
755
798
752
585
574
588
369
-84
-300
-379
-654
-1031
-1321
-1421
-1635
-1966
-2196
-2322
-2520
-2796
-2979
-3036
-3209
-3510
-3767
-3828
-3859
-3938
-4016
-3843
-3488
-3288
-3083
-2733
-2199
-1843
-1540
-918
-107
382
543
729
1080
1404
1565
1938
2438
2613
2423
2399
2698
2996
3022
3047
3108
3025
2792
2659
2724
2870
2783
2643
2611
2585
2494
2327
2284
2239
2052
1729
1391
1072
765
469
287
293
177
-80
-299
-355
-399
-431
-376
-325
-425
-679
-844
-839
-777
-755
-851
-962
-1084
-1148
-1118
-1115
-1176
-1281
-1450
-1607
-1734
-1759
-1853
-2121
-2395
-2592
-2750
-2823
-2828
-2743
-2805
-2962
-2884
-2512
-2105
-1912
-1671
-1273
-932
-731
-396
150
514
658
777
1032
1330
1518
1774
2194
2553
2746
2831
2923
3017
3036
3138
3214
3131
2986
2753
2577
2492
2491
2447
2258
1955
1629
1336
1073
809
488
107
-305
-572
-609
-623
-626
-572
-492
-483
-469
-320
-105
-41
-128
-188
-214
-146
-72
-41
6
-44
-151
-217
-218
-239
-346
-568
-875
-1166
-1402
-1602
-1804
-1962
-2173
-2519
-2814
-3059
-3180
-3223
-3258
-3305
-3336
-3248
-3010
-2628
-2214
-1862
-1522
-1113
-703
-347
98
522
919
1212
1499
1796
2073
2316
2525
2741
2844
2890
2868
2838
2723
2533
2402
2212
2000
1821
1716
1576
1415
1243
1123
1020
905
789
624
463
249
43
47
130
239
317
356
394
492
659
858
976
902
750
592
508
428
297
236
155
23
-140
-251
-333
-451
-643
-845
-1044
-1247
-1462
-1702
-1887
-2073
-2245
-2291
-2353
-2453
-2601
-2699
-2761
-2814
-2874
-2941
-2933
-2824
-2614
-2313
-1916
-1539
-1171
-744
-411
-152
93
340
549
642
718
867
1113
1299
1424
1554
1737
1885
1899
1939
1929
1887
1788
1692
1623
1584
1569
1592
1640
1675
1724
1824
1936
1911
1671
1471
1371
1322
1238
1119
1039
951
837
768
826
936
918
677
405
182
-32
-139
-247
-316
-470
-722
-889
-873
-745
-660
-631
-614
-652
-754
-791
-742
-701
-677
-726
-756
-797
-886
-1028
-1140
-1210
-1356
-1609
-1902
-2180
-2466
-2739
-2873
-2884
-2780
-2744
-2720
-2594
-2369
-2108
-1901
-1670
-1390
-1160
-1019
-800
-485
-73
282
555
937
1281
1594
1829
2076
2286
2414
2495
2536
2588
2590
2592
2621
2713
2785
2735
2656
2524
2350
2127
1869
1627
1344
1014
733
518
405
338
293
294
269
181
131
107
130
123
122
107
98
114
140
253
390
531
568
543
482
385
346
241
113
-66
-298
-565
-825
-1053
-1261
-1472
-1699
-1924
-2229
-2559
-2917
-3231
-3408
-3597
-3742
-3834
-3858
-3800
-3699
-3472
-3166
-2800
-2392
-1986
-1605
-1292
-1039
-770
-355
57
399
671
941
1179
1419
1700
2056
2363
2448
2358
2210
2207
2238
2200
2184
2049
1877
1663
1588
1654
1758
1776
1681
1598
1476
1346
1216
1147
1135
1080
1072
1066
1090
1144
1240
1361
1469
1513
1486
1375
1175
1005
886
837
698
407
136
-100
-247
-409
-594
-740
-903
-1090
-1345
-1563
-1703
-1796
-1923
-2007
-2066
-2165
-2191
-2221
-2187
-2152
-2161
-2220
-2307
-2434
-2539
-2602
-2624
-2647
-2681
-2647
-2601
-2518
-2329
-2113
-1818
-1494
-1137
-880
-786
-701
-560
-279
-83
68
199
338
488
581
885
1246
1548
1679
1719
1801
1975
2163
2298
2389
2452
2511
2538
2673
2833
2882
2895
2803
2696
2505
2252
2028
1812
1598
1332
1118
963
808
636
540
524
457
344
177
49
-73
-215
-324
-383
-441
-552
-598
-565
-536
-589
-635
-642
-689
-723
-806
-883
-991
-1146
-1276
-1332
-1328
-1354
-1493
-1634
-1719
-1822
-1896
-1961
-2090
-2252
-2469
-2609
-2645
-2629
-2676
-2716
-2652
-2566
-2466
-2345
-2133
-1953
-1715
-1376
-992
-607
-403
-230
30
391
684
917
1130
1347
1511
1637
1866
2127
2343
2398
2363
2410
2407
2344
2261
2210
2109
1983
1902
1921
1914
1778
1659
1589
1598
1502
1304
1167
1042
904
758
697
680
622
545
469
436
349
239
113
-18
-165
-395
-519
-648
-768
-844
-869
-832
-804
-827
-832
-802
-779
-807
-892
-857
-796
-808
-766
-727
-670
-683
-693
-649
-620
-633
-734
-860
-988
-1082
-1206
-1282
-1321
-1472
-1638
-1774
-1818
-1816
-1822
-1860
-1878
-1900
-1920
-1918
-1789
-1493
-1144
-842
-679
-576
-315
36
356
578
717
854
1018
1175
1421
1725
1942
2057
2069
2156
2290
2323
2333
2195
2043
1895
1765
1709
1627
1514
1341
1173
1007
859
669
467
252
-34
-225
-349
-395
-460
-534
-541
-440
-317
-185
-48
17
71
81
196
326
381
461
507
600
667
743
809
842
817
727
606
498
397
225
52
-124
-355
-534
-738
-871
-992
-1159
-1343
-1462
-1537
-1633
-1755
-1857
-1912
-1962
-1982
-1958
-1952
-1898
-1884
-1841
-1695
-1573
-1470
-1423
-1347
-1277
-1253
-1174
-969
-657
-400
-339
-382
-288
-92
92
174
211
236
225
204
276
453
606
714
727
787
893
898
959
988
1047
1104
1141
1233
1300
1304
1315
1433
1641
1757
1705
1606
1478
1351
1307
1317
1357
1285
1142
1032
1016
1049
1025
971
889
779
653
569
525
386
244
141
143
180
185
157
152
154
183
202
214
232
167
118
24
-88
-150
-241
-311
-429
-583
-753
-926
-1072
-1248
-1430
-1616
-1783
-1970
-2124
-2255
-2382
-2407
-2462
-2512
-2547
-2530
-2470
-2377
-2290
-2214
-2161
-2138
-2056
-1877
-1532
-1127
-760
-514
-416
-252
77
444
710
870
948
1014
1061
1133
1308
1503
1643
1630
1541
1579
1610
1589
1540
1496
1429
1312
1256
1281
1357
1421
1499
1566
1624
1596
1488
1454
1444
1395
1315
1272
1227
1213
1198
1212
1243
1258
1268
1211
1157
1068
879
765
590
417
288
167
65
-70
-171
-233
-286
-350
-451
-561
-639
-751
-807
-787
-764
-746
-802
-843
-819
-737
-673
-649
-671
-756
-845
-944
-1010
-1028
-1115
-1179
-1306
-1445
-1549
-1618
-1692
-1752
-1824
-1884
-1946
-2040
-2047
-2051
-1979
-1927
-1949
-1844
-1684
-1401
-1021
-708
-508
-383
-138
228
511
702
852
982
1087
1167
1289
1552
1692
1692
1641
1677
1754
1760
1733
1636
1530
1346
1226
1208
1292
1376
1322
1302
1253
1207
1200
1197
1200
1154
1068
959
891
881
904
939
1034
1097
1074
1069
1017
986
961
934
875
754
615
475
381
310
246
176
107
32
-116
-199
-243
-290
-374
-486
-575
-648
-728
-790
-844
-892
-931
-1008
-1030
-1031
-1102
-1162
-1254
-1330
-1433
-1527
-1601
-1660
-1708
-1770
-1851
-1904
-1897
-1875
-1844
-1813
-1793
-1734
-1727
-1734
-1727
-1726
-1713
-1680
-1589
-1405
-1148
-839
-559
-395
-253
-71
183
461
594
670
746
828
905
1078
1325
1525
1623
1648
1740
1859
1949
1975
1893
1822
1685
1574
1532
1512
1471
1436
1445
1472
1472
1399
1332
1246
1177
1063
897
825
724
644
584
602
654
688
723
753
772
766
722
642
572
477
340
273
220
160
70
0
-55
-81
-130
-209
-292
-409
-501
-614
-668
-762
-908
-964
-987
-1005
-1022
-1043
-1053
-1058
-1099
-1120
-1141
-1174
-1206
-1262
-1260
-1257
-1312
-1333
-1337
-1322
-1320
-1302
-1264
-1231
-1253
-1280
-1284
-1298
-1291
-1325
-1362
-1378
-1440
-1386
-1275
-1100
-839
-595
-471
-354
-212
11
186
284
388
460
596
688
775
957
1098
1229
1338
1461
1594
1650
1687
1653
1601
1544
1481
1473
1492
1485
1441
1475
1498
1517
1462
1417
1324
1227
1124
1003
922
812
743
686
717
768
754
790
781
793
827
828
800
741
657
577
523
468
437
354
280
186
92
94
30
-31
-152
-285
-396
-486
-557
-621
-690
-776
-886
-983
-1012
-1023
-1092
-1150
-1217
-1313
-1384
-1438
-1505
-1550
-1586
-1649
-1663
-1694
-1675
-1679
-1654
-1607
-1640
-1582
-1580
-1538
-1470
-1405
-1340
-1313
-1286
-1248
-1214
-1186
-1109
-1041
-882
-690
-462
-209
-42
122
260
458
679
863
1018
1102
1202
1285
1402
1551
1714
1845
1858
1893
1922
1988
2007
1978
1917
1827
1691
1546
1435
1310
1203
1105
1032
1004
942
931
883
810
757
686
632
586
477
358
294
284
344
360
361
314
241
256
241
260
241
145
21
-121
-191
-228
-284
-381
-458
-524
-531
-519
-542
-522
-545
-585
-638
-646
-644
-672
-722
-792
-832
-865
-850
-829
-836
-896
-994
-1000
-994
-1003
-1032
-1079
-1144
-1168
-1152
-1096
-1046
-1026
-992
-985
-904
-802
-764
-665
-676
-660
-691
-653
-630
-646
-653
-678
-718
-744
-708
-609
-456
-321
-259
-175
-98
38
173
288
371
395
434
455
509
570
683
771
882
969
1004
1096
1158
1213
1236
1228
1196
1160
1115
1067
1019
982
1014
1021
1057
1060
999
998
904
838
752
663
599
499
449
404
371
366
399
432
488
483
442
420
379
374
363
361
316
244
172
103
82
77
98
80
38
-16
-100
-95
-127
-181
-239
-317
-411
-515
-602
-641
-674
-740
-817
-910
-960
-1004
-1110
-1150
-1216
-1285
-1354
-1398
-1406
-1411
-1402
-1402
-1394
-1353
-1294
-1244
-1135
-1049
-1025
-966
-912
-842
-799
-750
-738
-738
-728
-721
-675
-611
-560
-533
-444
-301
-185
-59
-2
63
151
240
294
380
461
520
547
601
741
867
1010
1069
1051
1094
1104
1125
1151
1150
1104
1037
1001
1000
994
963
914
861
855
828
773
795
769
741
713
691
679
650
632
580
546
508
493
476
474
446
370
370
366
356
359
376
362
362
332
313
287
224
157
64
23
-6
-74
-98
-173
-242
-319
-408
-451
-491
-564
-652
-767
-860
-918
-979
-1004
-1044
-1107
-1123
-1114
-1057
-1027
-1010
-973
-940
-896
-822
-716
-658
-627
-611
-545
-458
-442
-392
-387
-389
-407
-435
-476
-519
-571
-672
-762
-849
-878
-934
-957
-965
-1030
-980
-923
-800
-705
-619
-545
-436
-274
-131
11
136
298
413
533
662
792
980
1077
1151
1213
1299
1367
1431
1515
1544
1518
1439
1383
1330
1304
1258
1174
1158
1083
1019
966
953
919
868
836
790
759
695
663
632
619
591
525
521
510
491
471
471
471
436
371
302
225
126
20
-94
-155
-239
-392
-476
-563
-632
-675
-693
-694
-720
-777
-828
-845
-851
-838
-828
-780
-771
-840
-828
-804
-745
-731
-714
-710
-714
-700
-681
-649
-648
-637
-635
-606
-586
-590
-527
-495
-481
-490
-498
-498
-449
-442
-447
-425
-440
-469
-544
-545
-542
-588
-559
-542
-535
-519
-489
-440
-360
-248
-137
-46
59
143
195
269
385
492
600
651
703
732
769
801
932
1066
1146
1136
1101
1091
1066
1014
923
811
768
715
639
620
627
682
679
673
639
626
563
515
453
464
483
468
503
520
535
509
500
462
421
357
289
225
191
169
159
164
151
47
-9
-79
-140
-211
-305
-377
-420
-428
-445
-406
-351
-270
-242
-212
-161
-168
-132
-151
-121
-90
-97
-129
-138
-125
-138
-127
-146
-205
-324
-409
-480
-586
-624
-686
-741
-822
-914
-972
-1002
-1015
-1004
-961
-946
-923
-903
-837
-787
-770
-671
-646
-623
-614
-601
-574
-541
-480
-426
-341
-297
-281
-282
-249
-186
-158
-80
-62
-35
0
57
104
148
220
315
393
421
479
552
668
741
729
795
831
875
898
943
1009
1060
1075
1081
1108
1142
1168
1174
1216
1213
1139
1097
1035
977
889
817
766
709
638
545
492
447
372
251
196
180
99
40
-13
-16
-8
-22
-71
-91
-99
-143
-194
-213
-170
-167
-182
-206
-227
-188
-200
-194
-184
-199
-227
-279
-284
-295
-275
-301
-316
-341
-367
-428
-509
-502
-514
-512
-503
-488
-532
-559
-548
-519
-483
-478
-481
-464
-399
-379
-406
-374
-337
-291
-337
-388
-410
-402
-410
-477
-510
-565
-623
-696
-732
-720
-761
-793
-862
-903
-920
-915
-898
-865
-796
-740
-682
-609
-457
-288
-121
28
109
275
427
565
665
798
958
1078
1155
1235
1318
1373
1375
1344
1376
1389
1353
1367
1369
1405
1375
1296
1216
1165
1110
994
883
814
783
720
676
612
529
490
361
267
228
235
229
203
180
157
164
142
144
134
108
13
-132
-157
-188
-224
-277
-317
-363
-457
-562
-592
-604
-651
-661
-672
-645
-594
-564
-574
-697
-724
-687
-694
-732
-755
-740
-683
-582
-523
-551
-594
-528
-434
-456
-482
-484
-403
-326
-323
-314
-222
-102
-103
-165
-205
-184
-161
-162
-187
-215
-171
-221
-262
-227
-157
-123
-116
-113
-116
-101
-99
-87
-69
-9
36
30
71
109
169
191
230
286
321
345
349
381
383
376
366
413
457
404
399
392
435
467
456
447
442
415
331
285
312
362
345
308
295
261
269
218
214
231
216
166
95
51
43
19
-16
-11
19
78
52
29
90
152
83
-6
98
215
79
-83
0
103
39
-78
23
76
-23
-21
90
123
119
196
178
29
98
165
218
224
232
254
284
252
76
-20
59
111
-19
-269
-374
-356
-428
-500
-627
-747
-747
-803
-794
-805
-941
-1031
-949
-923
-1039
-1128
-1001
-821
-797
-910
-867
-693
-625
-698
-781
-649
-447
-437
-509
-528
-411
-313
-290
-292
-248
-158
-92
-112
-141
-53
59
157
165
125
212
278
316
336
422
545
606
605
611
687
779
846
844
883
929
936
950
951
983
1006
999
962
940
908
833
749
677
696
682
556
360
245
191
49
-49
-65
23
40
-111
-406
-568
-377
-367
-350
-502
-444
-174
-395
-499
-428
-179
-68
-110
-185
-162
-18
76
-72
-197
-181
-65
113
208
94
39
106
-111
55
241
21
-223
-216
219
157
-79
-83
-147
-134
-210
-300
-82
-37
-47
-165
-60
49
-230
-272
-63
47
-111
-46
-4
-32
-86
-108
-37
-199
-334
-316
-260
-244
-228
-322
-546
-661
-590
-574
-720
-796
-728
-648
-685
-821
-883
-799
-712
-726
-755
-669
-435
-372
-432
-348
-269
-86
-1
16
144
315
456
542
633
640
705
845
915
939
1022
1138
1203
1128
1091
1173
1211
1103
981
899
910
1002
931
739
693
653
618
573
387
562
453
32
198
625
574
-48
-276
177
366
126
-26
11
134
175
22
-235
-122
-100
-191
-285
-277
176
-106
-531
-460
-382
-174
-289
-620
-672
-548
-511
-706
-686
-599
-851
-945
-834
-637
-640
-732
-881
-1085
-807
-427
-499
-863
-761
-594
-403
-132
-364
-534
-233
-53
-19
-94
-104
-61
-119
-168
-108
10
135
143
20
104
76
139
335
289
195
231
395
328
165
179
280
225
211
204
261
295
144
188
206
197
267
266
177
130
218
253
233
188
170
138
105
277
216
206
213
265
153
72
191
118
20
-7
206
271
138
18
-105
0
89
51
-114
-56
11
154
-13
-280
-325
-31
-55
-107
0
-67
143
218
-107
-333
-206
285
327
-169
-351
64
443
218
-227
-279
128
300
269
87
-17
160
357
261
9
14
-6
-16
111
377
123
-224
-76
-58
-177
-310
-353
-163
-83
-88
-385
-555
-398
-348
-414
-626
-560
-246
-100
-325
-689
-568
-606
-604
-401
-297
-298
-303
-150
-298
-359
-185
-84
-165
-66
90
127
235
94
139
196
220
153
154
429
542
300
167
271
342
420
245
-101
189
510
361
97
-10
20
45
209
273
135
163
214
231
312
81
-57
162
267
286
109
72
215
176
31
68
144
153
227
229
166
177
59
-7
-80
-86
-111
-350
-152
-86
-183
-362
-353
-357
-318
-182
-214
-78
-14
-311
-492
-305
-166
172
-93
-351
-37
461
287
-92
-122
161
529
359
359
306
243
507
520
243
36
169
326
408
275
132
88
211
309
-63
-166
61
177
20
-111
-171
-107
-34
-405
-502
-186
-97
-227
-558
-349
48
34
-418
-742
-310
-87
-45
-321
-280
-14
-87
-447
-428
-156
-14
-113
-340
-270
-49
58
-209
-309
-149
-77
-28
-120
-167
48
-25
-67
0
-38
32
76
52
14
208
316
239
197
194
304
309
278
194
316
633
389
57
241
343
439
330
18
-169
24
440
245
-149
-220
24
161
47
-238
-150
-31
-56
-129
-34
-72
-118
-53
-192
-341
-120
199
24
-435
-425
41
100
-279
-503
-530
-177
109
52
-337
-167
-118
-147
64
-193
-295
-58
350
-51
-220
-254
-119
80
-132
-325
-114
214
263
-145
-377
-39
-74
92
212
244
-126
96
262
93
194
-9
86
464
76
-101
113
319
254
-215
-251
54
432
33
-324
-28
272
33
-167
-206
-159
-48
-155
-217
-128
-9
-91
-243
-394
-285
35
-44
-376
-118
-3
-139
-175
-304
-152
-279
-138
104
-126
-226
-173
-28
-164
-302
-121
-19
-20
35
-169
-535
-82
333
34
-359
-155
279
-7
-27
77
65
138
137
85
138
388
329
245
94
245
275
448
615
158
-116
69
427
338
-38
-120
174
234
-42
-262
-255
171
62
-173
-197
-361
-126
-61
-243
-353
-179
-5
-169
-68
10
-312
-397
-313
144
2
-232
-274
-85
206
-62
-432
-318
23
51
-307
-224
19
37
-40
-242
-206
-24
149
68
-275
-229
345
430
-115
-356
10
378
359
231
211
310
471
408
443
339
283
542
568
544
362
131
412
373
226
325
349
67
6
350
309
-63
-200
-93
119
25
-336
-217
-117
-51
-168
-391
-428
-248
-232
-419
-443
-147
-136
-396
-580
-396
-100
-106
-506
-553
-45
-128
-503
-412
-236
-199
-257
-328
-424
-277
-33
-106
-488
-391
69
-13
-253
-336
-160
78
195
36
-184
5
393
348
-106
-72
311
677
598
92
75
492
695
481
330
354
523
732
387
178
306
378
310
387
326
96
191
51
137
126
-145
170
243
-233
-146
-2
-85
33
-174
-314
7
-109
-447
-104
192
-154
-434
-86
263
31
-362
-417
-122
187
-109
-259
6
-179
-184
-38
103
-101
-389
-96
126
31
-58
-228
-53
20
-34
-204
-324
362
529
-185
-462
-10
488
316
-76
-191
46
550
455
-131
-266
188
624
304
63
40
261
353
173
69
224
276
302
157
-190
111
141
31
59
-236
85
-144
-284
-98
-88
103
-369
-307
-172
196
-191
-484
-230
-181
-155
-231
-283
-318
-61
-94
-269
-411
56
-140
-200
-75
-188
169
61
-397
-591
76
319
-222
-285
33
207
76
-58
-228
5
388
75
-42
211
486
108
36
272
332
323
179
298
212
445
513
-45
251
426
38
268
386
415
163
134
402
241
-124
-77
478
340
-207
-96
195
417
-83
-367
-30
128
63
-260
-124
45
25
-268
-217
-22
-292
-281
-227
-47
-97
-305
-269
-94
-279
-335
-333
-64
55
-423
-140
-27
-245
-360
-245
-184
-174
-61
-168
-49
-161
-70
-70
-104
-215
-2
192
-1
162
8
-286
33
293
144
-154
197
228
177
-50
-59
221
292
-36
-139
92
490
361
-133
-231
65
428
430
-91
-353
62
441
227
-269
-203
136
87
-46
-11
0
110
25
171
-252
-309
150
338
-122
-357
9
453
3
-275
17
58
-22
-133
40
34
94
110
-31
-185
-30
51
57
144
51
64
221
98
-183
72
357
15
-65
247
365
200
-171
-15
228
255
18
49
213
330
195
51
72
134
336
-82
-162
232
499
163
-313
-238
219
300
-108
-140
-49
133
128
188
-185
-257
41
142
67
-314
-128
268
159
-129
-324
89
147
-186
-148
156
232
-45
-279
-216
138
-78
-251
12
181
-200
-499
-82
277
-178
-489
-201
153
76
-361
-210
37
-177
99
-85
-168
50
5
79
212
98
-265
101
335
242
-80
-144
176
187
203
-31
-236
198
408
53
50
77
219
107
33
107
25
86
-103
23
-14
125
-14
-53
-116
-86
180
-2
-68
-106
-51
-192
50
175
-128
-130
-6
29
98
63
-375
-121
371
-1
-343
-232
253
258
-40
-312
-148
314
320
-231
-566
333
529
-132
-429
-40
275
267
-99
-400
27
206
282
-247
-193
464
300
-150
-191
-34
149
533
162
-636
-75
770
252
-510
-637
446
700
267
-479
-331
386
501
-81
-561
-228
453
417
-198
-581
-170
133
128
-311
-666
-164
291
97
-536
-453
-278
-315
-255
-34
-86
-516
-287
26
-244
-366
-195
-300
-163
21
-59
-327
-86
-156
-126
-64
-131
-189
18
236
-97
-281
-141
314
168
-410
-137
304
514
-46
-348
298
333
219
-26
-98
280
513
110
38
275
229
318
254
-86
234
513
207
15
116
235
267
278
-66
-283
213
726
177
-476
-76
397
342
48
-314
409
725
-104
-451
96
766
229
-360
39
414
353
110
-368
-178
199
361
-20
-528
-189
-18
300
-194
-483
-421
6
104
-435
-336
-370
-161
248
-67
-655
-396
113
255
-305
-537
-19
5
-220
-266
-50
-355
-6
174
-75
-274
-362
291
122
-288
-441
66
402
-52
-340
-168
264
137
-216
-403
267
278
-57
-274
92
262
-74
165
-84
-129
262
201
128
-95
17
-9
68
504
-97
-419
-139
396
168
-464
-55
155
101
-226
-351
519
233
-283
-171
8
255
144
1
-361
-73
281
194
-61
-204
-89
-104
49
221
170
-351
19
132
-282
-117
13
-55
-131
-171
-62
300
-20
-469
-199
117
74
271
-238
-367
-17
205
-88
-254
-192
-76
89
-12
-194
-70
34
31
-21
-100
-329
26
365
-241
-323
142
247
-55
-308
-129
-72
135
-160
-299
6
82
-34
-292
-226
-54
34
-364
-322
61
38
-150
-376
-353
88
152
-222
-85
-67
71
140
-33
-145
-197
6
215
20
14
-210
179
328
-100
-336
47
185
138
183
-306
-73
196
-94
-242
-124
-30
136
120
-147
-272
4
-7
-91
-151
-108
39
-93
194
-121
-14
-39
-261
-321
-153
41
81
-96
-387
-63
-49
183
-204
-602
140
551
20
-425
-56
200
67
-130
-310
35
114
169
-49
-239
11
-63
169
-103
-639
49
554
195
-440
-233
5
294
330
-30
-460
92
788
278
-71
-415
137
458
216
-206
-34
627
483
-182
-146
227
349
63
-136
129
390
400
-102
-257
-21
173
75
-302
-98
135
126
-189
-27
111
-225
-35
-72
-282
196
386
-281
-571
-216
130
128
-358
-468
97
398
79
-558
-610
251
341
-392
-523
-90
271
89
-320
-565
-356
98
76
-279
-501
-195
61
249
-168
-571
-251
91
-114
-65
175
-171
-422
-48
588
206
-374
-610
226
699
162
-302
-318
375
395
-148
-512
133
602
203
-193
-320
-33
523
327
-338
-213
407
491
180
-61
-65
154
267
237
-162
93
434
319
145
-38
78
272
304
-173
-296
206
455
148
-55
-259
-153
293
86
-358
-297
395
226
-290
-106
-151
224
-247
-408
15
324
8
-367
-134
-193
257
-149
-290
-223
172
311
-331
-74
-108
141
157
-315
-452
204
357
-93
-404
-154
226
51
-225
-293
-122
45
285
-121
-192
119
-39
-315
11
143
-87
-12
62
170
37
-249
-245
-115
180
249
-194
-88
191
380
-80
-303
-240
175
396
-109
-309
-24
407
-115
-262
32
-58
5
213
259
-54
19
-44
-28
97
17
-69
-39
52
-23
-16
136
29
102
-134
-8
94
141
136
-218
151
217
103
40
-7
235
254
-34
194
324
202
-69
1
96
88
175
196
3
19
220
168
-83
-182
43
83
189
211
138
-31
-10
322
196
-41
-249
19
449
329
-415
-270
130
235
-90
-532
-108
78
50
-308
-312
-218
31
65
-544
-443
316
198
-241
-494
106
489
-75
-346
116
330
14
1
220
261
-190
-78
216
98
-51
36
215
15
240
177
-82
-142
152
358
96
-129
-62
210
233
-246
-257
56
139
-137
17
138
-32
112
-225
73
102
142
-189
-222
160
121
128
-89
-304
-87
338
354
-145
-169
214
278
117
-85
21
235
330
-160
-113
32
420
61
-159
-244
55
500
-152
-207
-67
165
103
-65
-173
-217
221
284
160
-130
-13
365
166
49
-25
227
213
310
228
31
148
188
145
247
546
95
-175
98
815
347
-450
-166
452
607
60
-197
-105
269
325
-217
-232
185
61
0
-129
-96
175
-26
-296
-146
194
160
-73
24
-263
-103
-91
-96
95
-263
-102
-253
74
9
-355
-354
-355
241
129
-515
-334
215
117
-225
-592
-571
307
409
-192
-645
-290
385
123
-266
-380
-57
510
265
-169
-191
27
76
351
243
-245
-140
381
789
397
-461
-227
477
393
358
-85
-118
295
595
162
-358
-151
310
490
270
145
172
398
155
58
6
64
252
264
86
53
162
4
104
143
-74
-80
344
561
-180
-302
155
268
-30
-149
50
107
169
-108
-173
-57
-25
-55
-219
-283
-106
-106
-178
-96
-184
-146
-2
-217
-155
109
-45
-2
-46
-57
-104
-104
-48
-18
96
-57
-253
83
345
60
-146
-170
92
100
-47
-58
-157
20
137
-28
0
7
77
-6
-97
-31
85
2
17
-198
-149
-50
118
135
-358
-295
-46
111
-153
-247
-261
78
109
-162
-233
-290
176
-109
-159
-194
-236
221
111
-64
-317
2
227
-89
-275
-143
153
4
-89
-116
-15
104
-40
116
62
39
-95
123
123
-275
-181
79
336
152
-77
-150
-161
170
129
53
-178
18
13
115
154
38
5
-108
205
333
254
39
-134
3
178
437
227
-280
-143
124
410
180
-82
-22
-10
-24
-41
-119
-44
-44
-65
26
-135
-311
-50
190
-16
-134
-63
39
155
-83
-137
9
126
114
39
196
33
-34
-46
-213
2
245
132
-18
-138
-283
-65
494
188
-455
-434
-175
398
270
-402
-415
-19
366
175
-271
-180
47
6
69
67
75
-32
-34
1
-77
115
-69
-241
-10
86
-9
-94
-110
74
23
-67
5
-70
-70
113
141
-160
-309
-118
290
50
-282
-291
-86
182
-47
-314
-107
-118
-71
67
13
-226
-8
143
-134
-223
-84
130
19
-11
-168
13
88
55
-100
-94
20
9
132
213
164
30
-2
-42
156
229
-47
-186
78
378
197
-97
-7
95
221
267
175
-10
132
75
66
73
-80
-70
20
226
282
55
-115
-10
152
-70
110
112
-120
131
198
293
18
-121
-34
85
81
-170
-72
139
-96
-358
-202
43
122
-23
-395
-377
156
201
-123
-262
-129
-29
-152
-297
-241
-102
117
114
-322
-432
-164
199
93
-290
-208
68
109
14
-120
-84
81
83
25
-56
147
224
38
-70
-21
8
122
7
-133
10
32
132
90
-126
-94
130
278
117
-211
-158
316
378
93
-260
-227
185
264
123
-77
25
243
142
-31
-43
157
144
34
-241
-76
136
187
18
-65
108
81
-67
-24
67
22
-80
57
104
73
-44
15
-77
-27
217
142
104
-103
12
151
63
-232
-226
81
140
111
-97
-10
53
-130
-15
-15
-49
14
63
-23
-33
2
-92
19
-148
-2
234
77
-160
-265
-37
35
-89
-218
-254
-44
188
130
-89
-248
-18
215
143
-87
-384
-277
113
165
-23
-201
-190
-114
-17
-69
-149
126
10
19
-70
-20
-5
-31
136
173
251
101
141
170
157
215
-32
-153
-10
271
184
-75
48
234
88
-125
-34
83
96
181
91
-81
49
200
121
-68
-67
167
232
372
302
-45
-28
64
41
15
66
152
90
-152
-83
33
74
-21
-81
22
63
66
-26
-166
-60
-9
-100
-21
3
26
74
25
-180
-37
70
39
59
66
-40
94
76
-41
38
-20
27
55
57
23
-210
-182
66
134
-28
-86
-11
196
106
-27
51
50
131
43
-80
4
81
80
-9
3
39
32
67
-26
-39
-15
15
-28
-28
32
84
53
-80
57
120
13
69
328
383
132
-120
-41
167
178
-24
-92
83
210
41
-120
-404
-297
17
68
23
-30
4
43
-49
-210
-140
-19
80
81
24
16
6
15
61
70
18
-89
-108
-20
178
240
11
-104
-46
4
122
147
51
134
153
179
103
78
52
54
251
129
-11
-15
89
176
109
-4
-43
162
251
96
-53
-72
24
86
102
-56
-100
35
184
205
7
-81
62
123
-30
-67
-6
45
68
22
6
-2
57
45
-42
-135
-258
-61
63
25
-119
-151
-24
-29
-13
-99
-140
-10
132
104
-48
-172
-255
-108
-83
-68
-67
36
58
-13
-40
-99
-159
-50
34
-20
-127
-118
-82
16
65
-84
-92
-34
19
-26
-83
-92
22
32
-10
-19
-130
-166
-76
80
15
-38
51
-199
-279
-306
-227
-86
-141
-114
-1
-18
-68
-91
-111
-96
-98
-116
-31
-54
-123
-155
-109
-45
-9
7
-77
-139
-96
43
-110
-113
-26
51
68
-26
-48
-26
44
71
3
-137
23
63
27
75
187
168
-66
-114
-48
37
-30
-21
-31
34
20
-79
-125
-39
211
199
55
19
38
83
75
10
-1
17
87
132
-80
-217
-143
-59
49
86
26
71
118
7
-137
-229
-259
16
167
-67
-193
-118
15
-78
-218
-173
-53
-52
-73
69
11
-38
-112
-120
-30
32
18
52
102
-25
-141
-89
-111
-50
78
145
133
111
24
-167
-95
20
-6
17
48
92
95
71
-37
-67
-76
-97
-106
-86
-72
-19
35
-10
-17
25
-13
-111
-127
-21
70
217
116
-68
-106
-15
-1
-41
84
156
183
148
87
43
1
66
86
97
131
162
170
89
9
-114
-82
-7
-2
-51
-137
-23
50
-42
-198
-195
-9
219
233
111
89
180
207
93
-39
5
67
129
247
274
232
205
105
14
34
33
34
60
92
73
15
38
11
-32
-71
-83
-76
-15
2
5
64
115
40
-70
-107
-69
76
86
4
-17
122
124
-35
-45
-4
111
153
61
-54
16
25
-9
-35
-86
-67
-22
29
-76
-161
-54
-38
-49
-63
19
-2
-15
-11
-2
34
6
-7
24
126
123
16
45
66
47
-44
-89
-20
97
104
35
27
115
110
10
-38
-72
-63
-7
11
14
52
89
71
23
-1
-20
41
33
40
28
65
132
52
36
55
20
-76
-43
-24
-50
-52
-8
53
78
109
116
145
122
74
98
70
27
1
9
-7
0
0
31
48
20
53
48
49
52
-8
-11
104
239
179
56
-28
-9
39
20
-15
11
118
150
62
-19
-76
-4
7
-40
-77
-33
66
82
37
-34
-21
50
32
-46
16
101
55
42
-40
-56
-34
-82
-116
-94
-10
59
19
-12
5
-52
-96
-109
