-52
7
36
27
-30
-21
0
-6
-6
-23
4
23
2
-53
8
21
-45
4
-9
24
81
-42
-31
59
1
9
27
-12
14
20
4
41
4
-29
11
24
-10
-20
-8
-56
-7
49
-1
-16
39
-4
48
77
-38
9
7
-8
-44
-54
-9
3
-24
-25
82
25
-8
17
0
-5
46
19
-49
-2
28
51
-60
-4
80
1
-3
23
-7
8
86
82
-10
-24
52
111
13
-24
97
83
20
-56
41
102
10
39
13
118
145
36
-35
53
60
83
-14
19
56
61
72
29
123
63
103
84
6
46
65
22
39
57
17
6
95
139
54
-42
148
172
14
19
61
113
41
-23
1
73
32
18
166
47
-33
41
88
82
-7
-28
26
74
34
26
14
5
48
84
76
-17
-33
103
81
-31
22
174
65
43
-30
62
65
43
-95
3
177
60
-35
-68
163
103
-40
-82
126
206
-8
-114
74
206
53
-122
-92
12
133
-22
-79
-20
107
186
-112
-123
134
189
-109
-132
72
221
-12
-137
10
175
54
-117
0
127
96
-69
-31
41
54
0
25
-51
-11
144
13
-123
20
147
120
-129
-148
219
2
-234
-59
71
91
-62
-126
85
179
43
-169
16
176
88
-70
-88
58
84
-5
52
-10
30
152
-19
-15
8
95
26
-57
128
35
19
-96
-30
79
15
-12
-34
50
116
-48
-115
41
21
-3
116
-89
24
174
116
-72
-95
161
139
-59
-84
258
92
-44
107
61
174
103
60
42
25
192
64
2
4
80
206
-116
-37
149
113
48
25
35
-36
17
71
27
-25
44
69
19
-52
-58
130
145
-108
-31
141
304
-21
-197
49
221
125
-175
1
119
184
26
-5
2
34
152
-27
-227
-62
141
-4
-197
-154
145
150
-45
-147
51
75
44
-214
88
143
18
-13
25
126
-20
43
48
58
-8
-38
52
101
-52
-39
118
164
-194
2
194
-160
-107
1
88
106
-98
-123
158
160
-69
-60
137
121
25
-17
82
-48
-27
79
8
-75
12
101
-2
-150
-68
122
87
-140
-234
273
90
-153
-71
-12
194
-1
-52
-57
-53
199
218
-360
-127
255
37
-203
-116
76
227
-189
-137
233
82
-29
-184
-1
77
-47
-35
-55
56
106
-39
-4
76
-88
-9
40
-13
119
5
-77
-28
-7
70
91
-39
186
137
-124
106
58
25
141
-12
-9
108
-20
-17
219
125
-5
178
85
-55
193
88
-96
122
8
-32
38
98
-2
-19
105
90
113
-269
-135
249
49
-81
-143
125
98
-157
75
126
140
-95
38
101
41
47
-34
59
69
12
-139
89
103
64
-21
61
16
100
-163
13
203
39
-34
-31
76
208
-238
-214
332
-90
-217
154
37
29
15
-203
132
-40
-134
113
321
-212
-50
118
97
223
-173
25
258
-68
-92
157
61
37
-109
-172
115
243
-119
-92
188
-163
-116
-120
-87
67
-247
-67
239
-33
-146
-188
139
131
9
-77
93
172
-250
-129
1
224
71
-322
162
178
-124
-196
-44
276
-326
-244
186
192
-198
-116
120
90
-260
-71
219
-202
-269
-76
269
-42
-280
133
297
-246
16
248
166
-159
7
122
131
-45
38
58
-139
-129
-285
109
77
-90
-86
-131
-57
8
135
8
-275
38
141
-102
-269
-83
142
50
-50
78
17
-50
37
37
-184
125
113
-182
-207
411
357
-514
8
105
-122
91
-53
-206
134
193
-154
-132
-49
125
-162
-20
91
-141
-166
260
343
-542
-146
126
291
-230
-244
244
266
-280
-88
10
119
96
-79
89
-414
238
236
-98
91
92
40
-177
236
109
-226
20
102
-79
-208
256
-6
97
1
-247
39
69
135
-314
-58
344
68
-610
-49
500
12
-348
-393
231
323
-24
-487
0
400
81
-303
-324
117
268
72
-100
-353
273
247
-331
22
230
133
-364
-144
77
-32
104
-175
-146
301
204
-412
115
409
-402
-51
139
99
-164
-337
83
502
-20
-268
151
62
-159
-92
159
545
63
-392
3
193
-25
13
-54
-187
187
-18
52
0
-383
202
93
-127
-81
-235
183
149
-78
-81
165
67
76
-39
182
403
-454
-380
194
208
-72
-128
-524
470
306
-380
-249
-35
247
-144
40
-310
172
80
-443
-3
-19
-121
372
286
-540
-13
266
214
-298
-466
289
329
-318
156
119
36
270
-232
-3
77
47
281
10
-416
121
362
-332
-106
561
-178
-149
242
-120
90
-269
-312
244
-20
-196
-150
112
139
-316
-231
193
261
-104
-375
81
472
-95
-240
17
114
414
-241
-228
248
419
-173
-493
281
674
-443
-705
-36
503
-35
-319
-53
-156
311
-36
-126
103
105
-54
-122
-188
108
427
-4
-14
-70
-83
69
-77
548
259
-539
-460
794
97
-559
-147
60
241
-508
97
420
89
-105
-464
247
423
136
-470
-707
534
1057
-757
-661
1001
154
-346
-267
259
500
-319
-245
451
83
-137
17
103
-13
-78
6
-14
438
43
-378
209
-32
171
37
-512
421
540
-269
-463
384
297
-260
-232
-235
274
14
-333
57
7
115
197
-269
204
-125
139
213
-394
141
278
11
-1
-234
316
-82
-656
657
-41
18
-203
75
356
-218
-382
117
393
-430
-484
-87
888
-106
-848
-112
1439
90
-946
-82
178
734
-215
-1001
-150
1621
-684
-1227
639
195
286
216
-1001
5
926
-760
-311
390
165
-147
-294
46
378
-271
-646
166
391
-35
-548
-161
687
210
-721
173
118
51
-259
-698
818
82
-427
181
-106
-223
418
180
-670
-60
-61
-226
172
-117
505
3
-603
-49
568
-227
-141
150
-165
-251
96
-100
-536
18
127
-31
-170
-102
174
-179
-112
202
-302
-637
275
518
-632
-496
311
190
-43
-461
359
381
-575
100
248
-330
-104
287
14
-68
-133
-422
268
-73
-323
57
-17
125
-110
-162
-280
-252
283
585
-766
-961
1270
842
-1153
-341
58
998
-93
-1360
460
940
-257
-944
310
1017
-82
-1142
-311
995
240
-773
-394
74
771
-351
-1278
691
174
-329
260
-139
238
-134
-811
397
343
-324
-85
187
-327
357
371
-909
255
475
160
2
-612
544
335
-845
-65
551
114
-317
-379
265
430
-160
107
260
-132
112
339
123
-735
-251
417
244
-229
-629
369
397
-214
-108
42
263
130
-142
133
138
-628
425
140
-223
400
-39
423
-235
56
193
161
-431
-53
866
-19
-471
-391
420
508
-323
-127
403
-435
-17
-76
-50
511
-107
-406
-153
610
61
-251
-113
233
470
-477
-602
580
854
-569
-798
-124
995
510
-857
-532
687
510
-436
-597
269
860
-582
-623
818
-59
-325
-183
-56
520
-436
-203
821
-285
-287
75
301
-25
9
237
120
156
-557
117
-250
268
305
-144
-512
119
646
90
-471
-22
410
-113
176
-39
176
441
-118
-429
-321
-168
506
-37
-543
291
906
-1045
-311
451
167
1015
-628
-1271
835
65
-390
-57
-191
677
356
-836
-302
1267
-37
-686
-468
-272
950
-213
-974
485
753
-185
-639
572
362
-334
-387
497
95
-112
104
-607
-115
418
-394
-325
555
434
-81
-379
-92
426
-67
-566
-2
1208
218
-1293
-3
1023
401
-1317
-1086
1237
1132
-1890
-1110
1681
865
-930
-1115
736
1082
-658
-804
151
727
0
-969
-660
1016
30
-783
-699
180
673
-6
-306
-10
441
-27
-101
-52
-130
184
108
-412
-201
1142
-76
-986
234
290
220
-964
-488
796
223
-302
-304
378
19
-144
5
-289
165
-794
-91
44
242
221
-323
64
-700
95
172
-226
463
57
-437
721
-655
69
127
-442
360
242
-338
76
420
-1238
245
850
72
-90
-781
10
618
-1104
-945
1113
-472
-413
381
-90
678
-893
-235
1688
-394
-846
362
646
-832
-492
-274
168
413
-952
906
-239
-546
615
5
-82
424
-346
-774
295
699
-498
-1076
1083
863
-590
-506
-421
377
479
-521
137
436
496
-250
-504
601
487
-70
-544
-4
806
-399
-954
-294
-61
941
-726
-386
405
-318
326
30
-839
856
4
-862
456
282
449
-497
-484
294
-57
-233
-164
891
-625
-886
630
-542
-607
-406
-449
820
-317
-1176
-107
978
-287
-1552
796
1097
-343
-517
101
1570
415
-556
555
-285
758
1283
-954
-27
1383
157
-619
-827
52
1863
-796
-1617
2018
248
-1810
1
430
62
-350
-1114
-3
1130
-627
-966
-433
286
988
28
-1315
177
909
160
-337
-480
552
602
-839
340
748
-320
189
-9
112
-367
540
250
24
147
109
99
-916
817
1101
-764
-589
69
1243
356
-1018
436
1705
-767
-1443
1509
1052
-918
-495
1520
1640
-486
-469
1515
618
266
-88
-224
-190
489
54
-924
41
-184
-274
-417
-700
-117
-391
-1171
365
373
-710
-953
26
1063
168
-694
600
318
-343
443
1287
602
-694
-471
664
834
-1030
-369
1459
-20
-1080
901
342
-580
-973
346
1243
-1794
-1281
831
378
-719
-792
-339
892
653
-1432
-341
716
-839
-726
-50
369
45
-634
-493
304
-437
-525
47
918
883
-1053
-535
143
-545
-876
121
650
858
30
-572
-641
158
-243
-697
55
1101
231
-1273
-165
528
-524
-765
467
524
-75
-273
-134
75
65
-999
32
162
-130
309
-320
111
306
-201
-217
215
322
-423
-999
-29
286
-258
-910
-441
-92
81
-1076
-750
508
-22
-357
-283
517
-409
-1030
-5
1021
729
-620
-233
1029
-619
-554
813
569
374
-163
-244
297
-424
-1269
-376
267
321
-399
-679
-877
449
-43
-304
-714
-141
676
364
199
-764
-275
-105
124
-46
532
822
-408
-231
500
364
-787
-1147
561
897
-426
-552
753
-302
-911
-32
955
199
-1202
149
64
613
481
-974
-1259
243
1007
-120
14
-669
-279
647
501
129
-317
-566
89
420
447
42
-1190
-533
220
620
56
-71
-165
-9
233
410
-320
-742
-29
89
694
57
-644
-116
149
570
83
-299
-116
395
318
758
835
-219
-262
-265
269
645
-365
-294
118
554
-210
-1462
-102
604
59
414
717
-216
-437
-196
504
451
-316
-434
239
1122
359
-550
-256
782
765
162
-327
-116
466
147
-337
181
390
-196
-185
36
790
224
-849
-330
858
856
-711
-717
262
76
-335
-328
412
770
-1
-156
554
441
-366
209
609
828
286
-300
411
244
-184
-268
-73
206
377
-17
-99
120
-330
-740
-289
107
205
-386
-649
131
139
-155
-351
277
648
-161
239
429
157
-238
-226
398
319
186
64
510
435
162
33
-50
-63
166
269
321
353
-268
-199
156
344
92
-360
-279
-64
75
425
481
13
158
457
552
529
-35
-73
460
763
290
-99
-196
-91
179
223
396
203
199
86
-117
-99
39
69
-18
639
477
44
-96
-206
-8
129
321
246
357
486
206
-111
-14
-76
192
156
120
324
243
-174
-171
265
92
-238
-80
455
439
-19
-153
109
377
276
254
206
83
-3
12
277
-47
-373
-409
-208
-131
-363
-546
-655
-851
-803
-494
-759
-872
-815
-683
-523
-600
-550
-658
-489
-329
-201
-61
-148
-208
-175
111
308
243
272
551
786
910
955
924
869
865
1105
1241
1220
1155
1018
1136
1240
1133
951
914
1007
1252
1136
878
728
629
638
623
797
658
503
548
648
548
415
333
242
278
359
430
372
262
237
137
58
221
181
55
56
-40
-308
-647
-946
-1238
-1590
-1778
-1982
-2356
-2767
-3009
-3064
-3196
-3545
-3966
-4185
-4114
-3584
-3360
-3760
-4234
-4431
-4730
-5020
-4884
-4435
-3846
-2879
147
3878
4605
1651
-867
798
4524
5605
3969
3779
5687
6700
5282
3834
3305
2134
357
115
2204
3233
819
-2780
-3382
-1610
-899
-2051
-2666
-924
1341
2180
1756
1710
1674
1431
2400
4666
6141
5424
3886
3402
4138
4417
3489
2571
2647
3135
3141
2434
1051
-438
-1350
-1111
-33
506
-117
-1437
-2292
-2298
-2303
-2965
-3594
-3373
-2478
-1802
-1808
-2225
-2955
-3520
-3582
-3191
-2766
-3055
-3865
-4279
-4096
-3827
-4207
-5422
-5995
-5516
-4856
-4308
-3787
-3530
-3316
-3018
-719
2957
4374
2415
492
2278
5982
6981
5017
3734
5060
6648
5828
4193
3519
2676
810
-797
-269
1207
272
-2902
-4586
-3360
-1701
-2285
-3999
-4056
-1485
2071
4104
4094
3130
2409
2679
4252
6060
6727
5958
4948
5116
5983
5719
3654
1310
758
1862
2727
2150
330
-1386
-2059
-1729
-1173
-1255
-2004
-2873
-2905
-2265
-1960
-2639
-3550
-3534
-2588
-1706
-1535
-1925
-2225
-2449
-2779
-2841
-2898
-3251
-3930
-4861
-5263
-4671
-4466
-5359
-6756
-6976
-5900
-5046
-4575
-4347
-3896
-2750
365
4023
5038
2582
597
2686
6871
8166
5963
4554
6056
7405
6014
3725
2886
2369
252
-1886
-1173
828
-206
-4246
-6600
-4865
-2392
-3056
-5270
-5158
-2344
-133
1340
4811
7269
5592
2795
3284
6575
8662
7336
5241
5592
7182
6745
4218
2149
575
-521
-518
442
1067
-105
-2538
-3693
-2759
-1986
-2662
-3797
-3592
-2389
-1862
-1956
-1909
-1794
-2082
-2273
-1490
-219
170
-636
-1606
-1693
-1430
-2493
-4279
-5454
-5807
-5404
-5111
-5571
-6501
-7180
-7380
-6942
-6297
-5686
-5002
-3228
908
4950
5324
2400
683
3508
7689
8450
6665
6287
8306
9206
6836
4076
3279
2464
13
-2069
-1143
711
-712
-4934
-7453
-6187
-4312
-5054
-6600
-5695
-2883
-1113
-54
3361
6779
6394
3877
3579
6252
8748
8449
6846
6780
7667
6861
4605
2884
1488
1
-896
-449
561
261
-1953
-4025
-4246
-3616
-3487
-3672
-3391
-2683
-2475
-2613
-2177
-1671
-2007
-2623
-2082
-502
850
822
-119
-812
-1088
-1950
-3137
-3860
-4296
-4206
-4361
-5384
-6602
-7600
-8363
-8161
-7298
-6639
-6149
-4982
-1082
3971
5440
1988
-1153
1310
6839
9168
7411
6246
8336
10225
8071
4745
3826
3538
1404
-1319
-871
1862
1464
-3497
-7792
-7302
-4727
-4640
-6564
-6319
-3154
219
2365
3369
3596
2716
1558
2445
5734
8873
9092
7067
5872
6382
6551
5068
2509
920
1140
1982
2346
1531
-375
-2714
-4227
-4331
-3423
-2858
-2985
-3289
-3405
-3121
-2954
-3089
-3197
-3265
-2843
-1557
103
1223
717
-912
-1876
-1789
-1532
-2082
-3406
-3885
-3408
-3557
-5241
-7141
-7911
-7804
-7334
-6706
-5878
-4759
-2376
1236
3560
2085
-1157
-860
4045
8293
8159
6295
6838
9167
8851
5635
3518
3629
3343
1359
166
1508
2315
-762
-5696
-7587
-5535
-3837
-4770
-5655
-3895
-985
587
1589
2668
2688
1553
1452
3929
7378
8751
7301
5469
5174
5608
5185
3862
2363
1688
1998
2338
1992
643
-1481
-3447
-4053
-3346
-2474
-2318
-2913
-3614
-4033
-4135
-3833
-3316
-3054
-2911
-2265
-1032
202
415
-592
-1821
-2009
-1678
-1979
-2915
-3735
-4039
-4583
-5347
-5985
-6565
-7119
-7320
-6842
-5724
-4291
-1789
1489
2821
902
-1522
-227
4427
7597
7061
5702
6754
9015
8811
6094
3840
3565
3699
2703
1938
2451
2289
-643
-4679
-6215
-4742
-3179
-3761
-4890
-4124
-2064
-726
1
1487
2799
2689
2232
3407
5890
7591
7058
5494
4923
5489
5876
5184
3742
2343
1917
2142
1976
980
-536
-1919
-2831
-3051
-2675
-2409
-2715
-3541
-4185
-4283
-3873
-3253
-2993
-3051
-2697
-1549
-427
-142
-714
-1327
-1354
-1005
-1194
-1963
-2671
-3011
-3516
-4546
-5569
-5975
-6228
-6631
-6626
-5643
-4406
-3766
-2540
98
2270
1424
-725
-3
4076
7244
6892
5490
6303
8458
8404
5916
3948
4189
4742
3693
2188
1991
2041
67
-3390
-5268
-4223
-2685
-3128
-4450
-4418
-2839
-1435
-250
1567
2702
2122
1232
2073
4380
6240
6259
5216
4685
5067
5542
5187
3751
1913
1359
2106
2660
1982
328
-1392
-2540
-2908
-2631
-2249
-2391
-3206
-3985
-4257
-3857
-3220
-2974
-3189
-3134
-2074
-746
-310
-1052
-2040
-2294
-1763
-1442
-1789
-2199
-2655
-3464
-4453
-5275
-5994
-6359
-6005
-5101
-4041
-3248
-2003
136
1663
680
-1598
-1322
2450
6340
6969
5487
5408
7186
7756
5866
3761
3699
4876
5049
4076
3251
2688
1016
-1918
-4089
-3773
-2055
-1396
-2497
-3737
-3787
-3200
-2896
-2172
-119
2247
3136
2570
2226
2888
3866
4234
4192
4541
5519
6207
5779
4108
2162
1295
1618
2082
1873
1202
391
-632
-1769
-2512
-2628
-2541
-2788
-3169
-3128
-2647
-2288
-2484
-3010
-3118
-2430
-1506
-1184
-1398
-1500
-1337
-1039
-1264
-1785
-2173
-2583
-3415
-4295
-4340
-4022
-4000
-4474
-4817
-4348
-3499
-2965
-2280
-524
1345
1436
-271
-1069
1102
4593
5968
4750
3849
5116
6717
6170
3902
2631
3391
4549
4538
3574
2472
1172
-472
-1910
-2139
-1348
-745
-1037
-1528
-1306
-709
-561
-1165
-1696
-1262
244
1869
2698
2591
2109
1987
2370
2965
3324
3311
3280
3365
3425
3128
2302
1212
419
240
482
697
534
-58
-976
-1776
-2277
-2502
-2875
-2727
-2067
-1575
-994
-1071
-2046
-2979
-3023
-2121
-1174
-841
-908
-1032
-1343
-1698
-2099
-2519
-2741
-2963
-3019
-3095
-3189
-3452
-3328
-2956
-2828
-2696
-2007
-548
594
252
-797
-815
1067
3354
4003
2989
2293
3211
4719
5185
4246
3155
3066
3883
4391
3878
2710
1582
1039
849
598
191
-293
-496
-429
-228
-137
-333
-862
-1450
-1641
-1089
103
1010
1107
668
585
1136
1747
1931
1769
1769
2197
2817
2959
2379
1383
704
918
1464
1519
879
263
-186
-398
-923
-1148
-967
-983
-1148
-1184
-1383
-1807
-1857
-1539
-1587
-1590
-1486
-1038
-505
-916
-1996
-2531
-2179
-1608
-1462
-1772
-1813
-1879
-1933
-2137
-2577
-2749
-2842
-2836
-2853
-2555
-1678
-614
157
138
-567
-1177
-653
845
2169
2601
2384
2545
3349
3977
3570
2496
1947
2589
3838
4575
4141
2695
1183
378
350
667
572
300
188
207
-38
-777
-1766
-2393
-2208
-1156
274
1254
1254
566
-72
-4
497
1065
1531
1998
2345
2455
2257
1812
1252
447
230
802
1530
1564
770
-165
-837
-933
-803
-938
-912
-802
-761
-1021
-1249
-1167
-962
-1106
-1219
-825
-594
-188
-444
-842
-923
-741
-429
-403
-660
-1069
-1262
-1381
-1402
-1378
-1517
-1885
-2130
-2032
-1965
-2067
-2195
-2117
-1609
-846
-247
-153
-551
-721
-113
869
1529
1564
1430
1599
1916
2024
1847
1606
1476
1469
1646
1737
1501
785
-97
-616
-659
-448
-339
-456
-561
-331
104
360
178
-187
-177
462
1322
1786
1701
1466
1470
1756
2022
2066
1819
1514
1458
1626
1605
1214
690
290
189
242
215
-50
-419
-719
-747
-514
-446
-520
-627
-550
-334
-137
-57
-12
43
205
411
566
614
450
153
-24
-41
-46
-139
-405
-715
-930
-1068
-1236
-1391
-1485
-1509
-1520
-1472
-1439
-1410
-1281
-1207
-1090
-951
-717
-478
-313
-252
-301
-369
-394
-408
-427
-424
-471
-590
-655
-755
-844
-966
-1072
-1078
-1040
-937
-781
-539
-302
-118
-9
179
488
768
1095
1337
1602
1892
2177
2344
2345
2297
2246
2239
2177
2032
1811
1660
1490
1201
918
653
497
317
66
-149
-180
-106
-108
-247
-371
-302
-163
-5
110
226
434
560
645
677
750
776
690
528
439
451
350
162
-89
-273
-448
-657
-785
-897
-1005
-1130
-1184
-1111
-990
-951
-941
-829
-612
-339
-193
-120
-97
-157
-142
-138
-215
-385
-529
-658
-778
-948
-1197
-1441
-1648
-1839
-2019
-2083
-2028
-1992
-1882
-1786
-1684
-1514
-1275
-1006
-737
-442
-101
256
630
1014
1274
1422
1450
1386
1440
1514
1549
1480
1298
1153
1040
845
602
363
185
74
-2
92
265
303
266
224
308
474
653
820
1032
1258
1440
1515
1515
1545
1496
1399
1261
1147
1150
1019
763
480
232
-20
-308
-540
-721
-826
-904
-936
-918
-878
-833
-779
-637
-446
-182
48
206
269
335
410
429
390
277
117
-26
-68
-135
-384
-673
-949
-1180
-1370
-1547
-1692
-1777
-1809
-1859
-1893
-1902
-1867
-1774
-1621
-1419
-1175
-857
-618
-457
-326
-208
-110
-29
53
119
139
154
179
67
-127
-360
-503
-519
-594
-669
-691
-581
-484
-499
-571
-457
-184
90
338
547
881
1170
1341
1510
1652
1849
1992
2073
2105
2121
2071
1959
1786
1559
1363
1135
898
664
403
232
56
-91
-183
-213
-218
-255
-227
-139
-22
96
221
353
466
552
490
428
361
309
279
240
162
69
-52
-246
-451
-659
-836
-940
-888
-789
-828
-912
-1004
-1048
-1064
-1038
-925
-772
-561
-313
-116
-54
-80
-202
-237
-215
-234
-185
-240
-350
-538
-730
-925
-1124
-1307
-1460
-1505
-1510
-1475
-1486
-1517
-1527
-1509
-1339
-1166
-933
-657
-367
-129
63
289
481
656
748
846
998
1166
1306
1292
1276
1194
1090
1003
950
925
887
839
786
777
780
748
675
710
804
897
1028
1072
1113
1132
1136
1055
987
957
940
882
732
595
465
330
140
-88
-209
-317
-399
-487
-550
-630
-748
-826
-860
-813
-742
-675
-641
-506
-399
-332
-215
-160
-87
-42
12
68
84
76
80
42
-98
-269
-433
-509
-618
-817
-934
-1005
-998
-1056
-1179
-1286
-1341
-1362
-1348
-1282
-1106
-940
-861
-770
-674
-567
-471
-453
-409
-291
-131
23
110
120
70
7
-9
28
54
100
178
229
315
339
296
223
236
361
551
705
801
894
967
1005
965
946
985
1043
1130
1140
1098
1025
926
812
726
639
550
449
364
334
259
139
-43
-214
-208
-217
-243
-271
-281
-239
-198
-168
-151
-103
-117
-136
-130
-84
-16
-40
-88
-195
-265
-287
-309
-421
-597
-664
-612
-607
-696
-820
-911
-902
-898
-935
-843
-718
-626
-567
-507
-415
-361
-367
-362
-291
-181
-90
-38
39
72
9
-47
-75
-34
-29
-84
-96
-37
-1
-33
-117
-176
-148
-63
27
43
12
73
128
175
183
179
212
287
390
465
496
478
457
423
434
437
418
450
416
388
397
380
326
252
210
214
230
249
288
300
340
361
311
330
323
313
276
263
283
267
199
106
30
-22
-91
-198
-274
-344
-442
-491
-589
-661
-694
-726
-753
-754
-723
-699
-686
-679
-643
-590
-454
-357
-367
-301
-234
-121
-38
5
43
92
136
172
202
189
174
149
190
210
131
113
58
24
6
-24
-36
-63
-94
-121
-146
-171
-168
-217
-223
-173
-119
-25
-24
-24
-2
28
40
39
62
93
145
173
197
174
173
157
123
177
225
269
283
283
262
289
317
332
302
247
241
284
339
296
151
78
53
69
30
-54
-140
-176
-207
-251
-295
-355
-387
-469
-477
-442
-445
-437
-481
-445
-363
-307
-329
-345
-303
-245
-173
-115
-53
-18
33
67
88
151
199
247
289
348
369
335
284
244
248
276
301
286
245
211
167
155
66
19
39
92
129
127
94
70
76
56
60
87
136
157
97
91
78
90
93
75
62
57
69
48
18
-3
-21
-37
26
103
65
17
-53
-48
-32
-12
-35
-54
-27
9
33
13
-8
-47
-34
-7
-19
-21
-65
-78
-73
-85
-106
-123
-122
-122
-123
-114
-127
-162
-161
-154
-176
-151
-140
-110
-88
-70
-52
-37
-13
22
62
80
144
164
149
98
34
97
143
171
137
125
115
90
46
-10
-3
26
69
84
129
158
103
85
67
123
189
235
229
193
196
206
251
241
240
224
257
277
207
160
83
60
65
85
60
-34
-145
-211
-235
-243
-252
-292
-288
-255
-283
-258
-277
-284
-292
-272
-216
-156
-106
-97
-82
-58
-10
29
60
76
33
49
94
141
126
88
71
71
85
69
73
99
154
181
194
212
180
216
227
233
231
227
193
167
144
126
96
33
24
-13
3
-17
-100
-73
-34
-8
-27
-61
-53
-10
28
58
88
123
151
153
171
226
219
267
264
263
277
269
247
186
164
171
172
176
154
80
-2
-84
-174
-154
-163
-199
-243
-269
-280
-289
-293
-312
-308
-286
-245
-223
-182
-180
-244
-234
-200
-134
-89
-84
-92
-105
-80
-34
2
-9
-8
-22
-5
32
28
69
53
67
113
197
207
187
156
110
133
169
217
193
133
139
159
125
67
57
119
152
86
3
22
75
84
7
-74
-57
33
89
12
11
4
-38
-51
-32
29
80
103
84
71
92
134
104
47
46
62
141
133
111
96
51
6
-13
-29
-36
-60
-82
-92
-118
-86
-117
-197
-198
-135
-56
-63
-90
-91
-95
-129
-152
-123
-113
-98
-125
-82
-6
-6
15
-33
-84
-79
-24
16
53
41
32
65
74
40
3
23
55
61
143
130
73
56
14
4
19
24
68
128
168
155
102
136
171
141
184
179
181
166
153
169
180
187
161
134
104
99
71
69
69
54
91
82
99
77
41
12
-5
-11
-10
-8
-38
-56
-123
-149
-153
-183
-182
-213
-187
-133
-50
-33
-118
-179
-168
-97
-62
-103
-112
-51
5
-21
-42
-35
18
25
-13
-23
25
54
-11
-82
-63
19
18
-27
-28
-87
-85
-74
-128
-134
-52
37
15
-77
-91
-94
-170
-219
-189
-91
-34
-61
-35
-3
1
14
33
77
144
213
240
222
170
192
200
218
215
202
289
276
245
198
175
157
120
107
89
104
120
124
71
63
91
72
40
-29
-4
-8
16
23
-49
-104
-121
-116
-152
-202
-173
-89
-74
-66
-44
-75
-107
-126
-152
-175
-119
-29
14
39
60
87
108
93
98
41
40
16
3
31
4
-61
-122
-125
-97
-46
-48
-68
-128
-98
-87
-180
-232
-287
-258
-191
-86
-76
-76
-60
-36
9
21
81
66
80
65
51
107
64
44
77
159
223
232
188
116
51
42
55
41
76
152
143
138
109
84
50
34
51
46
23
22
6
-21
-34
-97
-114
-123
-156
-135
-148
-140
-147
-138
-120
-90
-55
-76
-47
-15
33
64
114
118
47
55
36
36
57
41
5
4
5
-15
2
-35
-114
-189
-220
-216
-249
-218
-235
-217
-188
-144
-125
-140
-193
-197
-133
-104
-73
-89
-17
72
49
54
67
138
143
109
129
232
395
478
629
948
1762
2312
2350
1418
-118
-500
353
1028
869
-34
-681
-314
-86
-388
-461
-403
-176
-122
-184
65
-19
-147
334
818
-256
-439
1016
1852
595
-302
-410
-211
14
356
539
132
-225
-10
610
135
194
-100
131
1279
1955
1612
741
397
-30
934
1017
743
1023
604
573
615
61
-1613
-827
66
391
465
-1149
-1598
-394
-802
-1983
-188
39
-724
-379
-444
-1144
-1556
-1162
-367
284
-90
-51
259
-691
-1468
-243
953
337
109
244
665
188
-614
-52
736
875
536
712
701
245
-192
260
609
527
459
714
900
-23
-453
324
302
-16
700
402
-357
-316
-662
-913
-111
298
-319
-297
-399
-600
-760
-733
-152
37
-441
-692
-419
-538
-401
-798
-660
-224
-584
-719
-872
-1689
-2212
-1877
-1314
-1485
-2501
-2714
-2415
-3039
-2982
-2796
-2878
-2862
-3543
-3553
-3503
-3933
-4037
-4018
-4078
-3794
-2840
-673
851
-956
-3853
-3987
-943
2412
3207
2135
1311
722
502
1806
4180
5469
4595
3234
3635
4445
3639
2813
3186
3925
4104
3383
2744
2251
851
-412
422
2189
2374
620
-1448
-2112
-1651
-688
110
539
-79
-1788
-2238
-1443
-702
-620
-996
-968
-746
-1046
-1936
-2399
-2443
-2991
-2811
-2443
-2903
-4002
-5107
-5581
-4914
-4287
-4470
-4869
-5564
-5342
-2948
-431
-681
-3199
-4604
-2483
1251
3032
2478
1623
1360
1402
2202
4253
6378
6368
4142
2489
3412
5172
5141
3690
2885
3144
3586
3531
3076
2199
817
-6
738
2151
2259
579
-1316
-1588
-407
877
1426
1105
215
-482
-178
1092
2254
2345
1738
1385
1607
2075
2276
1933
1432
933
532
489
516
-192
-1432
-2551
-2921
-3149
-3622
-4170
-5139
-6032
-6727
-7081
-7109
-7531
-8071
-7650
-5943
-3773
-2623
-3618
-5651
-5917
-3086
1253
3909
3393
1298
600
2025
4231
6353
7874
7990
6502
4861
4919
6522
7431
6263
4707
4580
5214
4946
3522
2147
1533
1387
1412
1915
1758
-186
-2571
-3174
-1491
583
873
-482
-1760
-2139
-1687
-277
1431
2199
1584
696
793
1809
2600
2597
2377
2348
2232
1740
1183
746
375
-216
-900
-1573
-2228
-2936
-3953
-5110
-6238
-6971
-7622
-7985
-8065
-7603
-6686
-6082
-6005
-6369
-6486
-5823
-4072
-1562
432
738
-303
-492
1512
4336
6002
6375
6386
6350
6219
6392
7289
8302
7920
6491
5607
6025
6493
5566
3933
3150
3275
3165
2434
1402
226
-999
-1579
-913
257
349
-1011
-2426
-2312
-1032
123
711
738
382
-33
237
1327
2353
2336
1646
1241
1210
1153
982
843
511
-315
-1527
-2467
-3031
-3548
-4305
-5126
-5802
-6665
-7829
-8674
-8409
-7087
-5761
-5109
-5470
-6444
-7076
-6255
-3667
-653
864
332
-684
-450
1211
3310
5063
6209
6405
5639
4895
5276
6418
7051
6693
6184
5999
5915
5336
4379
3780
3560
3522
3314
2827
1728
135
-937
-733
270
808
270
-842
-1676
-1674
-887
355
1154
978
221
-217
322
1285
1965
2049
1837
1445
1130
967
949
713
69
-602
-1297
-2014
-2890
-3681
-4292
-4755
-5647
-6901
-8063
-8675
-8522
-7654
-6001
-4563
-5219
-8076
-10017
-7793
-2488
1450
1246
-1449
-2990
-1985
718
4125
7148
7992
5942
3295
3274
6263
8916
8939
7315
6046
5410
4983
5049
5543
5403
3904
2469
2407
2567
1209
-791
-1292
-268
518
-26
-1125
-1899
-2419
-2309
-844
1206
1703
226
-1234
-871
865
2278
2746
2467
1699
599
259
1134
2122
1666
-44
-1484
-1993
-2079
-2686
-3604
-4348
-5007
-6005
-7070
-7937
-8439
-8480
-7873
-6326
-4403
-4192
-6677
-9171
-8255
-3726
892
2100
-69
-2202
-2215
-299
2917
6422
8226
6773
3497
2115
4465
7787
8816
7672
6301
5188
4391
4336
5160
5846
4932
2926
2043
2457
1807
-27
-996
-288
677
361
-941
-1845
-2128
-2159
-1469
248
1304
339
-1506
-1956
-360
1566
2254
1905
1319
461
-120
413
1578
1921
634
-1156
-2075
-1970
-2053
-2791
-3522
-4260
-5469
-6713
-7426
-7598
-7571
-7649
-7165
-5517
-4414
-5847
-8441
-8788
-5493
-1065
985
-197
-2062
-2295
-1016
1375
4688
7294
7137
4520
2374
3671
7054
8892
8231
6888
5995
5280
4735
5044
6110
6110
4243
2591
2579
2512
976
-366
22
1137
942
-697
-1820
-1665
-1348
-1143
-76
1153
736
-954
-1707
-263
1802
2422
1684
1005
651
250
375
1162
1475
349
-1573
-2827
-2714
-2534
-3138
-4028
-4885
-6131
-7535
-8323
-8154
-7530
-7202
-6567
-5374
-5107
-7174
-9257
-7809
-3289
376
531
-1734
-3069
-2271
-330
2454
5791
7413
5499
2181
1507
4635
8130
8803
7280
5738
4666
3956
4581
6384
7349
5815
3038
1843
2608
2844
1795
1231
1562
1316
65
-884
-727
-344
-568
-573
353
873
-259
-1596
-1158
608
1749
1625
929
289
-271
-398
689
1937
1620
-348
-2163
-2489
-1869
-1696
-2246
-3056
-4134
-5580
-6794
-7080
-7056
-7194
-7325
-7241
-6551
-5598
-5690
-7312
-8644
-7350
-3624
-360
-362
-2699
-4027
-2720
-10
2736
5221
6157
4454
1675
1536
5159
8996
9289
6966
5069
4663
5084
6114
7793
8238
6021
2787
1981
3735
4495
3010
1435
1183
933
-87
-613
47
532
-325
-1176
-453
515
-48
-1293
-999
612
1432
879
182
91
-24
-293
217
1230
888
-1190
-3024
-3029
-2128
-1943
-2711
-3815
-5059
-6560
-7616
-7495
-6546
-6094
-6154
-5867
-5534
-6345
-8015
-8135
-5164
-1508
-310
-1829
-3500
-3423
-1902
430
3251
5521
5149
2323
374
2108
6019
8316
7782
5840
4149
3123
3506
5885
8369
8008
4575
1553
1514
3319
4376
4105
3232
1703
-245
-985
487
2184
1888
180
-772
-484
-168
-240
43
794
787
-5
-261
315
673
85
-214
414
798
-198
-1541
-1870
-1555
-1701
-2153
-2488
-2940
-4062
-5370
-5923
-5743
-5904
-6684
-7090
-6845
-6399
-5872
-5396
-5681
-6904
-7342
-5257
-2125
-723
-1803
-3135
-2699
-996
934
3047
4898
4709
2416
1171
3342
6788
8023
6748
5264
4572
4152
4724
6798
8382
6840
3385
1790
3010
4446
4189
3150
2292
1037
-376
-284
1412
2193
647
-1024
-978
3
225
-83
161
484
78
-401
74
782
415
-662
-755
28
190
-771
-1784
-2129
-2384
-2787
-3074
-3021
-3462
-4616
-5956
-6479
-6464
-6522
-6464
-6139
-5739
-5440
-5599
-6170
-6717
-6118
-3858
-1623
-1168
-2254
-2939
-2261
-643
1289
3285
4350
3547
1758
1442
3727
6514
7303
6133
4756
3904
3611
4474
6404
7723
6421
3645
2215
2766
3721
3813
3597
3187
1772
-34
-430
947
2129
1547
269
-353
-401
-466
-258
633
1337
678
-490
-833
-144
350
209
140
139
-284
-1177
-1645
-1400
-1175
-1598
-2335
-2819
-3374
-3996
-4410
-4432
-4799
-5663
-6603
-6749
-6258
-5869
-5646
-5242
-5019
-5563
-6375
-5586
-3432
-1716
-1180
-1835
-2300
-1293
488
1991
3276
4422
4271
2854
2751
4643
6615
7075
6130
4943
4230
4136
4672
6009
6842
5565
2975
1718
2362
3291
3617
3404
2476
954
-300
-46
1466
2464
1628
81
-398
-19
388
986
1673
1521
433
-370
20
936
1039
438
-97
-422
-1056
-1765
-1770
-1614
-2198
-3166
-3745
-3909
-4240
-4777
-5079
-5340
-5824
-6538
-6869
-6470
-5921
-5531
-5401
-5077
-4892
-5091
-4934
-3625
-1700
-472
-557
-904
-655
415
1850
3215
4237
4373
3612
2936
3413
4980
6237
6018
4899
3904
3692
3920
4546
5435
5541
4264
2320
1578
2365
3424
3682
3035
2034
807
56
659
1910
2434
1391
5
-366
154
860
1258
1332
905
2
-405
143
832
755
-6
-658
-991
-1352
-1700
-1920
-2151
-2673
-3423
-3743
-4000
-4388
-4871
-5117
-5308
-5808
-6307
-6460
-6093
-5804
-5796
-5626
-4906
-4367
-4467
-4534
-3379
-1422
-147
-112
-376
85
1105
1945
2968
4131
4578
3664
2621
3164
4818
5798
5376
4452
3814
3379
3272
4134
5246
4912
3175
1846
2079
2920
3274
3183
2829
2121
1088
800
1662
2485
2141
1182
778
849
845
843
1133
1345
912
250
103
303
198
-206
-520
-694
-1158
-1869
-2366
-2668
-2879
-3301
-3467
-3746
-4376
-4996
-5128
-5015
-5174
-5635
-5847
-5728
-5604
-5459
-5146
-4434
-3954
-4111
-4190
-3243
-1567
-407
-166
-182
92
789
1528
2509
3512
3840
3235
2623
3139
4369
5148
5032
4358
3800
3515
3610
4228
5000
4835
3485
2256
2334
3187
3613
3428
2874
2126
1360
1143
1786
2452
2099
1052
404
553
859
928
1030
1096
708
218
79
362
372
-111
-547
-679
-858
-1360
-1921
-2213
-2428
-2679
-2862
-3061
-3520
-4037
-4355
-4444
-4573
-4835
-5208
-5377
-5296
-5084
-4893
-4631
-4152
-3879
-3849
-3544
-2553
-1118
-290
-295
-454
-31
853
1639
2387
2992
3112
2626
2348
3010
4160
4611
4147
3585
3480
3614
3711
4051
4368
4039
3134
2682
3125
3534
3367
2963
2793
2601
2053
1853
2043
2046
1506
913
907
1020
704
342
318
502
384
71
-44
-198
-642
-973
-930
-800
-1171
-1866
-2306
-2422
-2447
-2578
-2616
-2855
-3415
-3880
-3849
-3591
-3743
-4234
-4696
-4786
-4693
-4477
-4274
-3976
-3735
-3692
-3531
-2889
-1695
-721
-521
-668
-615
98
864
1550
2139
2514
2415
2134
2370
3259
4004
4073
3685
3419
3470
3548
3711
4058
4154
3604
2881
2818
3284
3509
3282
2961
2693
2249
1881
1839
1940
1667
1084
780
730
609
371
287
388
336
85
-143
-329
-554
-771
-806
-802
-1066
-1654
-1995
-2085
-2002
-2001
-2001
-2179
-2587
-2900
-2856
-2604
-2758
-3219
-3655
-3847
-4004
-3966
-3639
-3520
-3889
-4085
-3621
-2892
-2486
-2305
-1865
-1287
-1098
-910
-406
443
857
837
1165
1827
2292
2345
2499
3048
3463
3450
3358
3545
3876
3868
3743
3851
3935
3691
3412
3581
3944
3814
3322
2833
2563
2378
2245
2224
1974
1406
721
373
482
574
521
243
-78
-286
-378
-266
-155
-252
-589
-952
-1177
-1246
-1294
-1252
-1350
-1578
-1815
-2003
-2056
-2148
-2219
-2310
-2539
-2892
-3235
-3444
-3568
-3734
-3811
-3885
-4013
-4153
-3952
-3472
-3122
-2927
-2707
-2240
-1619
-1225
-883
-506
-76
206
500
1027
1644
1984
2134
2265
2677
3066
3300
3470
3592
3704
3627
3596
3746
3923
3884
3680
3555
3538
3404
3135
2893
2719
2487
2103
1775
1482
1139
780
530
479
326
132
15
-33
-79
-223
-266
-280
-446
-684
-775
-777
-818
-946
-984
-1002
-1115
-1210
-1177
-1162
-1231
-1457
-1624
-1756
-2004
-2317
-2567
-2762
-3040
-3395
-3722
-3848
-3962
-4012
-3979
-3802
-3521
-3354
-3182
-2895
-2321
-1693
-1282
-1027
-861
-478
-110
343
901
1464
1802
1839
2069
2525
2949
3168
3284
3381
3438
3320
3261
3400
3501
3426
3245
3294
3347
3059
2794
2618
2557
2328
1969
1710
1420
1160
934
864
880
721
476
344
320
320
328
280
200
-19
-270
-455
-535
-592
-719
-840
-993
-1112
-1214
-1284
-1418
-1598
-1728
-1894
-2102
-2407
-2614
-2801
-3003
-3150
-3356
-3483
-3606
-3717
-3760
-3679
-3415
-3107
-2867
-2637
-2323
-1889
-1492
-1202
-904
-561
-225
15
332
826
1308
1658
1888
2097
2444
2653
2833
2958
3061
3079
2965
2936
3003
3084
3012
2920
2901
2873
2716
2520
2413
2276
2015
1711
1511
1283
1046
818
705
701
644
615
538
546
533
421
388
305
201
4
-228
-369
-414
-469
-586
-788
-925
-1022
-1128
-1234
-1377
-1550
-1727
-1929
-2104
-2227
-2353
-2563
-2744
-2892
-2931
-2979
-3031
-3061
-3141
-3184
-3146
-2937
-2669
-2361
-2178
-1953
-1671
-1478
-1140
-835
-435
-107
66
319
588
950
1264
1468
1763
1987
2133
2207
2251
2416
2509
2543
2573
2630
2702
2678
2650
2700
2691
2558
2403
2211
2046
1851
1719
1567
1387
1210
945
777
680
684
695
685
618
439
295
176
109
46
-80
-304
-520
-653
-743
-834
-877
-878
-981
-1169
-1350
-1479
-1501
-1531
-1647
-1782
-1904
-2075
-2261
-2391
-2480
-2579
-2692
-2908
-3111
-3168
-3119
-2953
-2820
-2667
-2420
-2156
-1865
-1717
-1460
-1160
-838
-519
-293
40
381
695
924
1105
1453
1757
1927
2064
2130
2238
2304
2285
2329
2385
2433
2447
2470
2570
2613
2537
2453
2361
2249
2030
1797
1549
1341
1174
1047
1041
956
821
762
794
848
751
651
484
281
85
-49
-121
-179
-299
-436
-547
-580
-519
-452
-439
-582
-810
-974
-1030
-1072
-1103
-1174
-1405
-1672
-1907
-1976
-2075
-2260
-2435
-2760
-2980
-3267
-3413
-3377
-3381
-3271
-3205
-3022
-2752
-2445
-2137
-1841
-1464
-1168
-870
-654
-445
-102
203
565
853
1077
1273
1441
1651
1919
2099
2180
2176
2106
2157
2242
2403
2516
2444
2383
2283
2332
2348
2309
2164
1950
1834
1679
1598
1488
1369
1269
1182
1170
1144
1109
986
829
727
653
557
409
192
0
-110
-206
-284
-377
-477
-616
-770
-761
-813
-898
-1064
-1213
-1314
-1388
-1490
-1693
-1874
-2087
-2254
-2420
-2578
-2695
-2969
-3212
-3326
-3322
-3255
-3201
-3164
-3060
-2852
-2589
-2287
-2019
-1770
-1616
-1367
-999
-679
-316
-81
164
444
740
1043
1299
1498
1606
1694
1821
1998
2098
2176
2257
2283
2451
2616
2741
2792
2732
2681
2636
2580
2434
2245
2070
1906
1816
1760
1707
1571
1435
1360
1340
1320
1245
1105
871
624
461
354
229
81
-77
-191
-292
-393
-430
-544
-654
-779
-896
-1004
-1094
-1152
-1255
-1379
-1529
-1640
-1721
-1776
-1966
-2241
-2445
-2717
-2878
-2956
-3110
-3298
-3401
-3525
-3498
-3375
-3205
-3013
-2849
-2622
-2381
-2132
-1845
-1623
-1365
-1034
-767
-430
-47
331
659
942
1227
1549
1833
2105
2330
2478
2631
2702
2810
2942
3083
3197
3261
3321
3273
3181
3041
2924
2770
2618
2474
2268
2092
1862
1668
1521
1485
1436
1350
1224
1050
912
779
694
599
492
298
55
-10
-58
-100
-209
-312
-378
-486
-597
-722
-867
-1023
-1185
-1315
-1394
-1528
-1786
-1984
-2139
-2278
-2483
-2757
-3013
-3256
-3516
-3660
-3683
-3739
-3718
-3782
-3765
-3560
-3366
-3008
-2737
-2470
-2196
-1905
-1486
-1078
-644
-212
153
469
801
1151
1576
1902
2096
2339
2535
2668
2708
2754
2850
2895
2885
2851
2858
2914
2984
3003
3007
2909
2719
2584
2428
2308
2117
1948
1769
1580
1440
1302
1259
1234
1193
1132
1042
952
851
767
630
469
325
193
63
-30
-120
-241
-393
-556
-659
-766
-862
-1050
-1312
-1488
-1664
-1830
-1962
-2156
-2253
-2431
-2607
-2659
-2753
-2832
-3004
-3135
-3167
-3227
-3321
-3300
-3272
-3123
-2968
-2836
-2619
-2386
-2088
-1788
-1466
-1091
-719
-410
-161
64
351
725
940
1092
1245
1445
1624
1803
2032
2181
2218
2206
2243
2379
2506
2509
2458
2483
2558
2667
2744
2776
2746
2687
2624
2539
2458
2310
2161
2029
1884
1746
1540
1457
1391
1308
1195
1061
924
752
553
336
199
6
-176
-402
-592
-723
-903
-974
-1109
-1196
-1298
-1443
-1565
-1703
-1753
-1794
-1830
-1867
-1867
-1890
-1890
-1893
-1939
-1913
-1956
-2064
-2215
-2270
-2366
-2479
-2464
-2361
-2298
-2260
-2181
-2118
-1959
-1733
-1523
-1328
-1132
-932
-715
-463
-239
-9
249
486
665
825
1064
1290
1492
1675
1783
1934
2037
2138
2243
2367
2449
2457
2434
2409
2428
2474
2559
2576
2544
2460
2328
2237
2070
1900
1751
1624
1414
1200
1038
928
876
816
782
745
658
529
327
221
113
-20
-194
-390
-586
-725
-780
-799
-792
-792
-820
-890
-912
-905
-988
-1000
-1052
-1118
-1164
-1214
-1239
-1254
-1244
-1292
-1320
-1397
-1466
-1608
-1745
-1864
-2006
-2054
-2169
-2239
-2267
-2223
-2134
-2035
-1965
-1929
-1792
-1611
-1442
-1313
-1104
-849
-594
-347
-171
74
370
648
835
1049
1273
1431
1557
1668
1811
1961
2068
2111
2116
2151
2137
2141
2186
2251
2269
2250
2237
2159
2090
2021
1975
1930
1808
1667
1506
1423
1289
1155
1058
982
876
762
671
581
498
368
230
75
-70
-199
-349
-416
-491
-524
-536
-594
-649
-648
-645
-663
-715
-779
-863
-887
-914
-956
-933
-970
-993
-1002
-1088
-1138
-1226
-1384
-1506
-1650
-1877
-2000
-2077
-2184
-2181
-2157
-2134
-2113
-2083
-2026
-1983
-1833
-1663
-1464
-1311
-1195
-980
-667
-329
-89
158
412
600
763
916
1162
1367
1470
1477
1585
1757
1866
1926
1962
2019
1997
1939
1887
1829
1817
1801
1769
1780
1707
1575
1513
1465
1405
1260
1094
965
792
625
507
396
377
301
296
326
320
281
225
240
251
213
142
87
9
6
49
89
141
72
28
27
85
62
25
-48
-217
-335
-441
-463
-513
-591
-716
-838
-877
-937
-1018
-1208
-1361
-1435
-1518
-1631
-1723
-1807
-1895
-1971
-2004
-1961
-1870
-1846
-1912
-1918
-1894
-1830
-1700
-1508
-1324
-1218
-1054
-822
-582
-394
-215
37
276
357
431
533
723
859
936
1066
1201
1264
1228
1267
1404
1510
1446
1415
1421
1393
1430
1460
1565
1579
1506
1455
1492
1538
1461
1370
1344
1306
1204
1148
1198
1210
1177
1115
1117
1114
1041
947
938
915
767
589
455
383
319
256
222
119
15
-105
-121
-110
-160
-262
-433
-575
-668
-757
-822
-860
-1043
-1184
-1241
-1347
-1392
-1500
-1651
-1815
-1903
-2069
-2140
-2147
-2274
-2325
-2346
-2301
-2278
-2226
-2118
-2125
-2089
-2029
-1946
-1769
-1593
-1460
-1257
-1003
-753
-568
-410
-181
54
303
459
524
687
853
980
1108
1269
1444
1510
1467
1473
1568
1600
1570
1477
1420
1339
1223
1291
1383
1479
1484
1493
1547
1543
1545
1568
1573
1468
1285
1183
1240
1291
1218
1193
1203
1193
1129
1124
1158
1121
954
722
601
501
367
186
85
-9
-175
-214
-256
-307
-379
-514
-603
-671
-789
-908
-1022
-1098
-1180
-1280
-1234
-1306
-1412
-1430
-1507
-1533
-1650
-1698
-1789
-1897
-1925
-1977
-2026
-2040
-2033
-2065
-2063
-1997
-1983
-1905
-1851
-1821
-1822
-1800
-1686
-1526
-1378
-1224
-1055
-842
-526
-340
-189
-25
114
315
411
564
734
900
959
1010
1161
1362
1502
1538
1588
1620
1609
1501
1450
1516
1509
1436
1429
1528
1560
1492
1472
1540
1519
1375
1246
1225
1180
1062
990
1010
980
855
755
823
914
868
773
736
705
548
403
384
356
225
24
-10
-38
-127
-217
-230
-256
-392
-555
-610
-637
-749
-838
-924
-937
-1031
-1230
-1220
-1169
-1222
-1283
-1352
-1466
-1515
-1546
-1557
-1565
-1637
-1769
-1809
-1757
-1770
-1835
-1790
-1719
-1682
-1677
-1617
-1532
-1512
-1468
-1379
-1211
-1042
-946
-827
-604
-332
-233
-145
32
211
330
402
515
645
753
796
893
1029
1189
1204
1193
1247
1271
1304
1254
1263
1236
1136
1030
1026
1111
1160
1108
1098
1218
1283
1338
1363
1374
1422
1282
1198
1203
1223
1144
1026
1030
1026
973
951
986
1043
1027
896
818
803
715
599
509
475
366
215
131
92
69
-16
-68
-68
-152
-274
-431
-469
-518
-669
-779
-821
-977
-1157
-1288
-1344
-1369
-1452
-1605
-1745
-1821
-1946
-2077
-2102
-2126
-2235
-2296
-2285
-2250
-2226
-2194
-2116
-2022
-1974
-1946
-1861
-1727
-1612
-1537
-1322
-1123
-957
-755
-519
-272
-130
5
202
437
520
550
664
859
966
948
1029
1159
1281
1280
1326
1441
1485
1404
1349
1387
1399
1324
1241
1313
1400
1347
1365
1407
1460
1443
1430
1552
1624
1559
1423
1376
1393
1367
1268
1259
1259
1130
1026
946
975
926
790
683
615
512
341
251
193
100
-56
-159
-195
-307
-402
-457
-462
-516
-609
-733
-799
-864
-998
-1078
-1121
-1183
-1331
-1418
-1421
-1480
-1568
-1666
-1665
-1696
-1793
-1811
-1770
-1750
-1830
-1920
-1898
-1856
-1895
-1834
-1735
-1701
-1651
-1653
-1584
-1462
-1381
-1301
-1151
-967
-860
-788
-602
-329
-80
53
181
352
577
693
783
947
1104
1162
1132
1173
1268
1342
1341
1347
1381
1405
1353
1251
1286
1269
1179
1064
1027
1028
986
939
946
1036
1053
1033
1053
1149
1224
1190
1202
1222
1212
1144
1108
1109
1118
1066
1039
1070
1053
983
878
839
822
697
616
532
439
310
176
131
124
76
-54
-124
-158
-234
-309
-334
-351
-445
-571
-687
-704
-747
-858
-961
-1023
-1103
-1243
-1351
-1406
-1466
-1580
-1659
-1690
-1772
-1850
-1953
-1970
-1972
-2015
-2066
-2073
-2058
-2067
-2056
-1959
-1841
-1787
-1725
-1648
-1571
-1380
-1179
-949
-720
-540
-348
-91
192
431
619
787
996
1131
1267
1414
1513
1629
1644
1700
1760
1789
1769
1746
1781
1782
1719
1630
1578
1499
1431
1336
1277
1285
1196
1116
1132
1197
1222
1175
1132
1156
1145
1121
1111
1103
1094
1009
940
962
935
875
792
761
740
662
587
531
455
313
178
88
17
-120
-320
-443
-526
-598
-702
-773
-820
-894
-995
-1044
-1055
-1116
-1176
-1223
-1247
-1251
-1336
-1361
-1358
-1325
-1310
-1317
-1319
-1309
-1312
-1341
-1300
-1281
-1278
-1318
-1340
-1303
-1306
-1267
-1221
-1173
-1122
-1091
-1078
-1009
-930
-870
-797
-716
-573
-438
-310
-162
-12
199
351
486
608
744
862
960
1059
1154
1233
1258
1300
1352
1446
1476
1405
1386
1348
1284
1198
1106
1030
925
758
626
569
521
433
343
322
297
220
221
244
322
358
395
483
575
639
694
768
846
876
843
848
882
864
830
787
791
779
731
685
647
603
494
357
256
209
111
-19
-128
-241
-307
-392
-444
-462
-490
-586
-629
-641
-650
-693
-778
-815
-857
-899
-962
-1039
-1034
-1095
-1143
-1166
-1189
-1196
-1241
-1263
-1276
-1298
-1336
-1370
-1344
-1348
-1368
-1406
-1358
-1350
-1377
-1410
-1390
-1345
-1290
-1207
-1106
-1003
-918
-774
-597
-369
-195
-81
131
313
455
594
761
924
1027
1115
1193
1295
1386
1433
1446
1504
1536
1459
1415
1362
1327
1227
1107
1017
944
865
746
653
616
594
552
545
548
519
540
566
638
699
710
696
713
773
807
828
837
864
872
876
888
863
853
790
709
617
542
423
280
154
38
-75
-208
-312
-423
-505
-599
-721
-752
-806
-875
-944
-987
-1008
-1034
-1052
-1080
-1091
-1130
-1154
-1163
-1137
-1120
-1152
-1113
-1093
-1070
-1087
-1091
-1090
-1078
-1053
-1047
-1030
-998
-971
-972
-919
-900
-902
-851
-866
-852
-812
-737
-648
-574
-451
-335
-234
-110
21
135
261
384
447
556
625
722
803
877
938
978
1026
1073
1104
1087
1092
1077
1067
1015
914
891
834
770
693
632
566
479
413
368
338
300
289
281
323
365
381
475
554
609
659
728
791
861
888
928
973
1008
1037
1041
1061
1071
1006
994
963
921
853
752
653
545
445
321
208
109
4
-121
-211
-272
-376
-435
-521
-587
-659
-733
-795
-847
-895
-933
-995
-1066
-1062
-1089
-1122
-1139
-1145
-1117
-1177
-1224
-1257
-1290
-1310
-1324
-1369
-1403
-1377
-1391
-1430
-1451
-1427
-1424
-1461
-1416
-1389
-1368
-1357
-1331
-1259
-1167
-1068
-937
-784
-659
-498
-354
-149
78
200
372
524
701
846
959
1090
1219
1311
1370
1438
1496
1565
1570
1587
1593
1556
1541
1460
1404
1339
1263
1174
1096
1043
970
876
782
720
660
622
590
536
563
545
512
502
517
511
487
474
473
456
394
343
303
285
210
94
33
-51
-133
-239
-315
-367
-433
-517
-610
-684
-751
-792
-831
-832
-847
-937
-948
-952
-935
-911
-893
-857
-794
-774
-755
-726
-702
-638
-588
-508
-468
-492
-442
-418
-381
-347
-310
-287
-261
-260
-302
-304
-275
-261
-309
-292
-313
-404
-421
-464
-500
-529
-546
-549
-575
-600
-630
-627
-600
-566
-541
-476
-409
-383
-308
-237
-112
-4
76
157
248
348
408
452
510
562
587
628
655
632
650
611
586
576
576
546
491
452
419
382
339
309
277
261
216
142
144
151
151
142
136
150
184
216
260
339
388
431
461
540
591
598
653
672
696
693
684
693
697
695
668
658
630
621
582
564
530
425
379
309
273
224
173
85
-6
-37
-42
-72
-160
-214
-237
-248
-306
-404
-408
-445
-498
-572
-637
-668
-718
-760
-803
-878
-971
-1035
-1082
-1085
-1121
-1215
-1252
-1274
-1274
-1298
-1294
-1250
-1208
-1201
-1185
-1120
-1040
-944
-903
-827
-761
-759
-685
-625
-538
-451
-408
-373
-315
-265
-207
-142
-53
41
96
168
224
260
375
442
497
552
590
642
680
733
778
800
810
838
840
865
878
845
853
825
818
795
777
750
698
644
596
577
549
525
495
494
473
423
406
383
372
338
310
267
227
199
180
157
108
94
74
84
79
45
68
58
31
24
7
-13
-26
-24
-25
-52
-87
-74
-58
-29
-31
-107
-99
-100
-99
-130
-164
-161
-182
-237
-297
-329
-321
-341
-456
-523
-531
-582
-595
-651
-688
-718
-741
-758
-783
-786
-764
-761
-766
-765
-760
-703
-672
-690
-654
-643
-633
-638
-613
-610
-607
-577
-559
-533
-537
-532
-533
-490
-467
-495
-466
-436
-394
-355
-304
-249
-173
-97
-35
55
142
249
326
431
538
599
696
756
833
907
944
967
984
1011
1008
995
968
938
892
858
806
699
668
593
528
462
408
335
257
202
162
140
106
88
56
82
90
73
106
112
128
112
112
129
155
153
167
184
215
233
222
239
228
172
166
134
114
93
52
-20
-92
-89
-94
-107
-154
-190
-233
-242
-244
-289
-278
-297
-329
-355
-350
-337
-324
-324
-317
-299
-302
-299
-306
-278
-270
-303
-299
-324
-329
-351
-361
-354
-343
-347
-368
-377
-374
-362
-364
-338
-327
-373
-354
-350
-334
-299
-274
-276
-266
-253
-239
-209
-196
-166
-175
-137
-102
-136
-97
-91
-80
-48
-15
7
11
25
62
87
110
135
162
201
209
176
218
233
263
277
284
295
286
285
294
315
322
322
297
315
334
302
321
326
339
344
340
342
349
353
350
350
360
365
339
333
342
299
307
290
274
238
203
183
171
161
132
127
93
100
87
123
127
75
94
71
82
71
66
70
66
60
44
29
14
17
-8
-4
3
-62
-61
-94
-109
-106
-115
-121
-150
-160
-172
-191
-185
-141
-126
-126
-134
-170
-140
-124
-94
-84
-82
-76
-77
-42
-30
-18
-9
17
23
40
53
14
36
17
20
8
0
-27
-57
-101
-132
-151
-190
-216
-269
-281
-300
-366
-374
-401
-426
-452
-470
-477
-464
-455
-451
-426
-411
-377
-347
-277
-214
-207
-140
-77
-12
41
94
162
241
302
349
410
454
505
551
607
651
654
696
694
702
716
744
743
733
730
709
695
677
680
661
658
631
547
546
517
504
481
455
448
405
375
362
344
313
271
207
184
152
62
35
-19
-56
-97
-130
-181
-221
-260
-282
-316
-358
-384
-414
-422
-441
-494
-494
-506
-502
-519
-523
-509
-518
-504
-494
-487
-498
-462
-455
-409
-396
-401
-374
-373
-373
-380
-365
-350
-325
-302
-264
-226
-195
-153
-131
-69
-29
-26
28
46
85
127
164
201
246
273
298
325
354
367
379
421
436
413
425
437
435
432
438
427
427
420
414
396
366
351
333
331
312
256
274
250
227
203
188
174
139
130
120
108
80
71
46
46
43
13
29
26
21
0
-26
-42
-43
-54
-66
-82
-104
-127
-141
-122
-127
-159
-144
-163
-164
-157
-159
-153
-150
-152
-143
-143
-143
-120
-121
-78
-37
-51
-13
3
30
44
65
104
140
168
173
182
187
214
205
223
239
185
184
167
150
130
98
65
40
18
-4
-25
-43
-81
-122
-144
-124
-204
-55
293
591
563
462
394
244
-80
-448
-622
-674
-679
-663
-419
-121
36
93
113
149
49
-139
-314
-360
-317
-294
-218
-63
130
225
262
257
214
181
79
-8
-30
6
25
47
134
202
235
200
173
144
123
83
16
62
94
113
128
173
220
229
222
222
239
263
257
232
247
263
205
189
167
165
177
169
122
88
73
43
-25
-96
-132
-166
-154
-175
-214
-173
-169
-194
-216
-227
-244
-273
-310
-321
-293
-285
-255
-232
-176
-140
-198
-186
-166
-127
-133
-154
-162
-127
-69
-47
-24
26
63
51
61
97
107
123
103
134
181
183
189
207
233
245
240
234
241
248
252
234
204
239
219
148
126
164
194
162
117
113
145
107
23
-19
8
5
-70
-59
-39
-16
-80
-121
-89
-84
-179
-271
-224
-139
-184
-290
-248
-159
-203
-260
-319
-313
-276
-269
-306
-306
-250
-195
-237
-275
-214
-195
-142
-108
-166
-118
-82
-110
-119
-40
31
15
33
115
168
157
144
138
195
216
221
205
129
212
286
241
221
242
224
252
265
275
326
276
246
272
267
251
203
275
291
194
187
204
240
172
134
159
157
185
195
123
26
163
111
43
0
-58
-37
-36
-121
-90
-40
-183
-182
-169
-188
-161
-181
-171
-215
-256
-269
-307
-243
-242
-340
-322
-203
-177
-293
-305
-99
-48
-146
-215
-268
-100
22
-117
-237
-15
137
-21
-137
-66
77
127
-9
-98
-14
102
36
-66
12
89
62
-3
-46
-6
59
-11
-101
40
139
-21
1
98
-114
-145
34
117
1
-71
86
97
-115
-244
21
116
0
-121
-230
-95
-38
-63
-202
-254
-126
-116
-299
-292
-190
-163
-229
-290
-361
-268
-147
-243
-264
-311
-208
-193
-373
-311
-101
-160
-252
-193
-36
80
-120
-219
-138
81
2
-213
58
246
4
-25
129
181
154
85
-4
176
291
241
238
220
97
192
293
89
82
258
356
312
249
232
375
266
-79
93
404
372
201
161
230
392
278
-71
22
244
106
1
62
169
202
-28
-59
18
-32
-153
-288
-132
50
-58
-165
-101
-84
-259
-330
-279
-130
-81
-202
-194
-145
-70
-184
-338
-314
-34
-247
-346
-116
-91
-95
-323
-279
62
-113
-399
-289
-17
-12
-50
-61
-122
-155
-100
-117
-243
-114
-47
-8
111
-103
-204
-79
-166
-172
-26
-16
-169
-132
130
87
-118
-159
-56
85
50
-161
-80
228
187
-130
-18
158
276
-60
-235
127
368
144
-283
-44
204
163
-127
-238
141
329
-83
-329
106
315
133
-183
-258
22
241
145
-247
-189
399
305
-262
10
475
249
-107
-138
40
383
292
-73
-11
395
291
-84
-49
-30
258
156
-187
-186
131
124
-108
-98
-92
117
123
-99
-95
97
162
9
1
-35
23
105
-62
-191
107
150
-8
42
-151
-173
171
-43
-305
-65
37
-196
-226
-150
-160
-156
-119
-288
-287
-99
-147
-189
-113
-264
-193
116
-160
-406
-158
13
-129
-179
-63
-8
-148
-274
-160
18
-109
-96
-15
-233
-10
-21
1
112
-137
-222
78
83
-205
-247
-106
-69
-36
-66
121
260
-17
-96
211
174
-351
-163
323
193
-126
116
186
73
67
17
131
218
228
137
-1
69
255
8
-3
109
279
142
17
28
93
137
-82
-140
92
180
141
-124
-288
-24
210
-68
-298
100
215
0
-158
-32
242
47
-258
-231
199
222
94
30
158
143
-126
-225
103
354
116
-73
-46
-53
128
84
-142
-99
74
214
-26
-83
140
77
-135
-169
106
142
-88
-110
34
75
-224
-393
-43
140
-15
-29
-22
-42
15
70
-66
-250
5
19
153
55
-250
-46
134
-223
-226
-46
-41
-203
-137
227
92
-196
-425
-132
52
-120
-73
-120
177
69
-148
-229
-41
51
-122
74
259
190
193
339
145
-104
78
256
172
71
288
415
305
-13
-101
270
357
-125
-241
420
612
66
-249
36
390
184
-325
-203
464
367
-194
68
439
165
-155
42
279
197
7
-72
218
390
-6
-216
259
306
30
-25
-9
309
178
-177
-205
113
220
-38
-245
-129
236
35
-251
-269
-140
-193
-133
-344
-221
86
-20
-175
-90
-78
-139
-218
-278
-108
41
176
-48
-123
-63
21
30
-175
-223
-65
328
181
-260
-279
192
295
-132
-302
5
374
145
23
182
0
-152
26
101
28
78
92
-37
5
232
66
-184
67
236
86
264
-11
-318
240
219
-177
-185
242
262
-26
10
34
169
121
-141
-205
41
156
129
46
-41
215
94
-256
-60
310
111
-208
-151
51
150
-123
-266
-85
179
144
-77
-54
181
65
-129
-111
135
78
-65
-78
26
95
11
-86
-80
-45
-84
-12
40
-58
-14
-19
-71
-120
-16
194
82
-216
16
157
96
-1
-179
251
160
-170
-22
165
17
-18
175
252
-55
-120
161
252
124
-294
6
245
-21
-193
63
74
-126
-91
-240
-77
157
-26
-247
-30
-13
-87
-261
-222
-43
108
41
-88
-31
17
-98
-208
-90
-54
-2
-187
-106
181
33
-185
50
-30
-124
-87
-184
-164
-61
2
78
76
27
-235
-237
-26
-51
23
-7
1
-95
-62
-32
-100
-243
-198
76
240
6
-354
-61
162
-56
-191
-168
-92
212
178
-225
-166
193
47
-249
-171
110
193
222
-9
-164
178
177
24
-143
137
390
289
145
43
347
419
94
-21
250
266
299
253
158
258
457
57
-50
187
297
411
58
245
514
175
-65
121
171
161
90
114
179
73
196
-177
-277
144
146
-148
-119
107
-77
-104
-83
-224
-288
-17
-3
-226
-120
74
-125
-462
-333
-209
-159
-276
-344
98
195
-382
-311
-163
-186
-211
-415
-239
34
235
-72
-505
-207
120
-121
-185
-91
5
145
40
-147
-97
-12
-78
60
185
-63
18
279
63
-176
124
235
-15
156
192
306
306
61
127
95
105
118
120
25
137
322
91
63
94
114
-32
55
326
221
176
256
285
180
108
98
-13
168
209
189
187
226
52
-218
123
52
-65
33
-73
-174
80
125
-345
-370
-96
30
-174
-332
-300
48
98
-539
-572
-82
188
-155
-487
-185
-74
-64
-314
-405
-119
35
-262
-354
-37
60
71
-178
-236
-8
61
73
-150
-176
-3
60
-128
-67
125
-8
-187
-43
39
123
194
-80
-154
205
101
-135
103
-169
-80
352
222
-315
-64
153
-104
142
119
-170
0
140
-66
-129
-86
-2
12
-72
-129
81
109
-35
-154
-154
22
145
-24
-123
-168
7
-96
-66
-6
-52
-67
-27
38
32
103
-37
-82
18
-95
175
0
-136
-93
-63
98
135
-20
-31
145
204
237
63
122
323
234
182
146
210
193
129
-48
99
287
112
53
-271
-47
549
393
-450
-50
394
38
-194
-264
159
309
-215
-381
7
330
-157
-476
11
174
117
-295
-230
338
206
-497
-280
326
300
-163
-368
104
185
-234
-290
175
120
-157
-286
356
338
-311
-246
280
363
-87
-103
114
319
193
-11
-248
292
157
-16
-19
-161
96
130
-128
-234
58
0
-105
233
-179
-293
183
-16
-183
-6
140
55
71
-348
-311
35
99
-288
-455
130
196
-236
-489
-19
137
-90
-383
-54
203
-30
-454
-385
48
48
-95
-326
-61
78
-127
-184
-110
180
-207
-273
140
255
-193
-254
163
96
-115
-55
-85
-92
144
-109
-132
337
325
-28
-129
173
198
221
-129
-67
409
200
-135
95
289
125
273
295
23
217
223
149
77
81
-1
-137
111
333
81
-97
-132
-58
280
14
-286
-260
362
446
-86
-373
143
317
-108
-413
-311
342
118
-105
-281
2
245
-261
-780
-231
228
-234
-452
-350
69
-55
-340
-524
-339
169
181
-368
-500
-2
146
-348
-603
-172
250
45
-278
-15
-245
-129
-86
-372
-140
195
38
-173
-68
-142
76
-13
-128
-137
-108
246
191
110
29
9
149
144
130
312
37
100
324
341
171
60
189
158
29
114
219
301
-14
-173
103
205
-79
-308
-63
228
285
-89
-87
22
122
-102
-277
305
100
-234
-129
246
216
-264
-112
-5
180
-54
-23
43
-13
-274
-91
139
-88
-90
-193
50
276
77
-111
-78
37
39
-110
-42
206
73
90
265
-2
-303
-87
193
92
238
-156
-170
345
247
-489
-280
322
368
-75
-110
87
211
-346
-324
66
273
59
-298
38
205
81
-319
-359
38
209
-159
-111
-57
-63
106
-364
-376
-48
244
-83
-115
208
-63
-46
25
-192
-231
79
96
53
43
-227
-61
-14
-312
-67
-43
-3
-94
116
-41
-330
-53
-26
-204
-32
55
-352
77
301
-192
-132
132
-116
123
209
47
200
232
188
109
-32
78
248
34
0
-86
338
378
-19
-183
144
357
7
-108
81
233
2
33
-182
69
147
135
-108
-40
367
204
-47
115
177
-5
-87
173
223
136
-14
-132
99
173
-121
-290
22
268
233
49
-88
-95
131
117
-164
43
30
49
61
-142
40
68
28
-150
-98
268
224
-160
-179
52
-37
-19
-236
27
271
-137
-176
25
277
-251
-309
-39
232
-23
-304
-148
-70
317
-6
-246
-344
-171
-10
-104
-314
-230
-33
-144
-319
-76
182
-173
-320
240
345
-114
-359
-145
223
249
-77
-162
134
369
46
-56
-5
16
231
-46
-95
-36
121
54
-233
-279
71
240
-108
-379
210
442
104
-187
-179
112
257
65
-59
130
146
139
-63
41
158
-200
-26
351
139
-39
32
-58
-136
292
292
-90
-74
190
203
98
-212
-247
270
343
-102
-92
-54
27
-4
31
-91
-190
157
-50
-149
-65
-62
-105
-61
-290
-235
149
-23
-173
-127
-9
-1
-149
14
14
-27
-103
-68
129
133
-78
-236
-63
-20
-74
-214
-104
254
-4
-264
52
90
91
-140
-84
303
110
-126
-94
144
51
72
15
-53
79
420
98
-81
-22
-43
23
138
125
102
161
76
247
180
95
-93
20
163
8
2
47
125
26
101
87
170
183
90
122
241
285
252
-87
-178
51
156
70
-13
176
176
195
31
30
59
252
301
69
13
277
113
-247
-84
152
118
-99
80
55
31
150
22
-40
60
89
-30
265
33
-178
17
203
76
-81
-112
-59
92
65
-28
110
96
-120
3
60
-49
79
-123
-99
150
0
-134
-22
41
46
63
-130
-94
136
192
-179
-33
325
33
-95
-45
201
252
-54
-14
283
193
-79
-100
138
287
-38
24
256
422
140
-458
-160
409
383
-312
-452
173
336
142
-394
-240
233
262
-5
-26
276
79
-114
-125
124
244
311
-208
15
286
294
190
-232
36
249
111
38
-160
-55
378
204
-111
10
92
90
31
-108
-143
116
170
-357
-331
285
132
-347
-309
38
363
173
-47
-29
-89
48
113
-54
-8
26
-36
-93
-23
-47
118
48
2
16
189
293
103
-84
27
504
123
-290
7
588
392
-176
-137
239
269
-154
-162
226
183
-93
-144
121
17
-210
-235
11
268
272
2
37
31
234
113
-60
-69
73
198
108
-68
94
186
9
-21
-224
-95
126
-96
-106
-79
-183
-143
-128
-75
-106
-129
-44
-202
-355
-225
-6
-60
-118
-192
-59
129
-65
-83
11
-50
-270
-186
3
-191
-144
14
-50
-18
-163
-128
159
93
-201
-254
-14
2
12
30
39
-114
-47
38
37
125
255
-4
22
110
241
88
-97
76
134
214
101
-5
-72
225
252
-4
-60
3
155
182
103
94
142
177
83
17
116
274
75
16
124
264
92
-126
21
57
135
9
-133
57
106
6
4
-99
-13
13
-146
-157
98
-84
-172
-153
-98
-11
-299
-281
-14
173
-128
-311
-163
0
-91
-382
-243
-16
131
-8
-300
-37
37
177
-249
-526
26
253
101
-213
-105
104
-129
-316
-120
-95
-70
-217
-17
23
-122
-438
-201
75
56
40
-362
24
261
152
-233
-171
93
21
38
96
-16
20
-7
162
172
-145
92
186
205
24
-44
139
-26
-16
-63
88
274
171
-184
-37
379
306
-166
-170
94
82
289
-19
-12
145
199
79
-153
262
184
-50
-108
168
320
138
-110
-85
277
68
-107
-159
236
242
119
-191
-133
199
73
-128
-269
209
442
43
-315
2
218
-34
-141
-100
132
241
16
-25
134
-25
-71
-37
46
64
34
160
40
55
18
-34
12
109
182
122
113
38
-3
150
199
-147
3
189
73
-58
-50
209
10
-174
-250
19
190
-170
77
180
83
8
16
39
20
106
-19
212
188
38
48
206
184
-183
-146
16
245
104
-141
39
100
-155
12
11
-68
-121
48
99
8
11
-122
-172
-102
-113
282
364
24
-110
-27
214
169
-35
-29
-51
219
325
18
-194
-62
240
177
-288
-57
184
-74
36
64
3
-103
-19
83
68
145
100
111
322
59
-177
-137
66
177
164
24
-106
48
155
-179
-172
92
-146
-184
76
49
-187
-106
-19
-78
27
-88
-230
76
163
-66
36
188
114
105
243
93
20
285
50
-113
-123
-15
153
-154
-222
-135
74
103
-20
63
0
-89
67
224
222
207
203
187
19
24
285
90
26
-19
97
205
140
-22
-72
94
34
-222
-193
0
-78
-238
-144
-42
-70
-335
-307
-56
57
-249
-285
147
81
-67
-136
76
197
101
-176
-8
168
-33
-207
-185
-12
-63
-147
-120
-125
-175
-215
-123
-13
-292
-213
-112
-95
-5
118
-2
-248
-215
-65
241
91
-8
124
86
-77
-63
211
72
-46
-22
211
129
-133
-35
-12
39
-57
-54
11
85
1
-107
-128
-44
-19
-26
5
82
173
78
-86
5
65
84
-96
-40
61
103
49
201
223
-242
-224
-85
144
114
-199
-150
105
60
-260
-282
-110
33
14
-108
39
169
100
-230
-102
173
71
-159
-136
65
78
4
-263
-226
-81
5
-33
-19
3
-120
4
38
-108
-138
-93
61
41
-142
-143
61
146
-74
-199
81
226
-37
-202
209
226
13
-123
59
96
-43
9
181
234
16
-28
55
0
23
81
24
56
142
28
-38
75
170
95
93
37
75
267
40
-204
-109
273
276
-33
-74
86
121
34
-106
-2
225
123
-66
-8
49
81
169
-217
-187
164
229
-164
-217
135
192
-35
-103
-25
122
155
121
-3
-23
68
125
17
-26
32
86
105
-124
14
153
84
-93
-83
63
26
-120
-154
193
146
-37
-90
20
39
22
11
12
9
38
10
-46
6
-3
65
-82
-218
-77
201
127
-168
-323
-127
49
-34
-180
-227
-74
-7
-145
-169
-150
-97
-103
-72
-17
34
61
-59
-151
-30
30
155
20
-218
-68
-8
67
14
-32
-108
47
66
-187
-179
84
166
123
-42
-56
211
158
13
-14
173
340
371
-57
46
270
260
61
13
182
145
227
-7
-96
-28
16
69
16
-194
-108
134
49
-110
-61
46
93
110
-93
-96
127
155
-29
-113
-6
59
-142
-98
208
212
92
33
72
30
-87
-102
-88
-156
-190
-15
70
-105
-181
-275
-238
-122
-115
-130
-138
-83
-92
-25
-54
29
34
-64
-243
-152
195
293
58
-140
-106
11
62
63
-51
101
223
43
-81
31
-40
-181
-206
-88
162
62
-156
-130
-87
-3
-65
-148
79
66
94
9
-61
-81
10
86
-73
-39
19
9
-9
-63
-89
-56
-90
-292
48
173
-109
-177
-84
26
-68
-61
-36
-73
-202
-147
122
236
-70
-295
-21
93
17
-255
-328
31
141
-115
-176
-6
100
-125
-151
63
226
196
5
13
112
254
-16
-163
107
321
317
37
-126
-20
113
213
-25
-191
117
274
144
-66
21
190
65
27
140
133
260
146
-150
-187
80
87
-99
-58
17
136
-1
-112
-32
37
27
-27
-89
-64
62
4
27
-50
-97
-96
11
131
-50
-171
16
190
84
-133
-145
-5
-83
14
95
5
-27
59
-22
-102
6
-25
-56
-8
-20
-35
96
22
-78
107
192
5
-61
119
88
-19
52
0
-43
35
68
125
26
-5
37
86
88
-2
-38
-96
-62
-99
13
121
99
23
-11
-39
29
73
-111
-56
197
205
66
3
9
41
79
-19
15
248
159
3
-59
-36
26
85
-7
-14
244
102
-39
-39
-19
-43
-108
-85
-39
83
-9
-109
-172
-64
24
-79
-146
-96
175
116
-48
30
221
67
-118
-21
103
-30
-114
-16
121
73
-28
-153
-43
145
-16
-103
-83
-31
-15
-80
-138
-114
-112
-198
-192
-156
-37
-31
-105
-11
42
-44
-67
-38
-78
-31
66
-52
-93
-33
29
0
-55
-82
12
115
-85
-151
-24
74
-63
-209
-167
-58
-98
-184
-200
-123
-49
-165
-248
-149
-8
90
140
30
52
127
193
160
133
119
221
258
146
189
236
289
164
18
78
163
50
-127
-85
-2
-26
-126
-167
-145
-22
-79
-241
-267
-189
-115
-109
-51
-47
19
50
-10
-49
123
194
36
150
121
57
-43
-23
-31
-181
-246
-80
-34
-165
-181
-76
-97
-193
-286
-215
-157
-165
-207
-243
-90
-135
-205
-72
-55
-80
-22
24
60
62
-16
22
43
-54
-116
-26
62
79
-1
-28
68
73
-4
-151
-112
67
79
-5
-65
-69
-69
-61
-67
16
98
44
57
53
70
121
-11
-86
-18
48
-9
-60
-39
-57
-106
-149
-235
-222
-164
-240
-238
-197
-126
-134
-145
-104
-156
-106
64
39
-95
-23
95
17
-154
-135
12
67
11
-64
-55
-35
-106
-157
-168
-59
-72
-181
-124
-27
-67
-143
-116
-46
-42
-1
38
-15
-98
-25
-37
-18
30
-41
19
99
69
-28
60
90
96
108
62
132
156
98
84
99
19
-86
-86
-60
-94
-104
-69
-59
-131
-114
-106
-78
-132
-140
50
68
-44
-69
13
-13
-33
-3
-2
-51
-1
50
-46
-52
-44
-59
1
41
-83
-82
-17
-33
-67
-135
-143
-110
-9
6
-108
-86
-28
-39
-133
-186
-128
-80
-120
-147
-104
-76
11
-60
-116
-48
-28
40
20
-53
-26
135
79
-91
-112
-33
19
-54
-170
-148
-16
-6
-173
-139
-90
-97
-107
-154
-128
-47
-40
-75
-35
-56
-53
-35
14
32
-38
30
47
60
63
29
41
69
4
11
75
109
17
-105
-56
-7
-73
-78
-81
-49
16
75
81
20
28
69
110
91
88
69
116
187
58
68
175
189
98
38
83
73
44
27
55
57
25
-23
-35
-9
-66
-73
-103
-60
-47
-59
-84
-72
-28
-14
20
0
34
44
24
3
-32
10
2
-37
-50
11
34
-2
-7
-18
-61
-90
-72
-120
-123
-50
-17
-21
-60
3
-42
-46
17
30
64
140
142
71
75
58
65
14
-27
30
63
23
-11
22
23
6
-37
-53
28
115
138
41
42
85
22
24
-24
-50
-56
-24
-57
-96
-87
-70
-105
-142
-106
-71
-23
-56
-96
17
43
-40
-85
-51
14
-6
-21
38
75
42
-18
-35
16
51
-31
-47
8
47
-26
-90
-85
-54
-80
-120
-120
-105
-27
-26
-14
-4
-24
43
37
-12
12
96
122
48
-15
13
89
35
-30
-23
45
47
-16
-19
-55
-56
-52
-57
-81
-78
-31
-19
-33
-4
89
74
5
12
55
100
34
2
29
74
65
25
19
-15
-34
-29
-31
-103
-94
-71
-87
-30
-80
-83
-56
-15
-8
-48
-69
-50
1
-6
21
46
57
31
-48
-4
34
58
29
23
62
25
-16
-20
-6
-51
-49
-15
42
43
-33
5
42
61
20
25
67
99
135
125
104
65
71
78
104
