-9
-12
-19
-54
-20
-16
-30
-44
-30
-53
-42
-27
-30
-40
-33
-35
-41
7
3
-25
5
-17
-29
-8
1
-1
-18
-60
-49
-12
-32
-36
-49
-39
-28
-57
-22
-42
-52
-46
-28
-9
-34
-10
-32
-35
-18
-44
4
0
3
-1
-1
1
-6
16
0
10
-14
3
28
13
18
39
28
-8
5
17
9
-18
0
-25
2
-6
-13
19
-19
-20
-12
0
-8
36
35
-52
-10
-9
23
32
12
8
7
20
20
34
11
-1
-2
31
36
-17
-23
-15
51
20
0
26
-50
-58
-5
-1
5
6
-17
-5
14
-21
-17
9
-1
-25
-51
-67
-46
49
66
22
0
-9
-21
74
75
4
20
12
47
66
68
26
-7
34
74
92
52
27
62
92
55
44
34
-13
16
29
11
9
5
-16
18
30
29
20
-10
14
8
-79
-52
-52
-40
-6
4
-14
-25
31
-16
-103
-99
-49
-42
-50
-57
-80
-37
-41
-69
-51
-30
-46
-42
-11
-57
-60
-40
-49
-30
10
-19
-59
-28
-38
-31
-28
-19
-24
-58
-12
39
22
30
-13
9
58
9
3
15
56
36
8
26
35
37
29
-32
-3
48
49
37
-5
3
3
53
11
34
30
27
3
39
21
34
71
52
51
36
42
74
87
-12
-25
14
48
30
25
-23
-10
43
31
91
66
-21
51
79
41
25
-27
-77
22
77
35
5
-98
-40
4
22
-21
-19
39
7
11
46
43
-13
41
29
6
36
-27
16
21
1
49
33
14
96
72
53
37
59
28
16
36
43
69
-20
27
53
29
12
26
21
-46
-26
-25
83
66
1
8
-4
-36
41
78
56
-35
-42
32
67
18
-37
-74
-43
10
44
104
5
1
101
32
25
32
61
-37
-25
58
-19
-90
-25
100
121
-4
-92
-46
35
83
41
-1
-103
-31
60
112
42
-123
-42
84
63
53
5
-57
-50
58
28
57
-65
-52
26
10
15
-54
-15
18
-7
-50
1
-21
-21
-23
6
75
2
25
-5
31
14
-46
41
43
44
39
-9
-14
21
50
4
9
-48
-24
80
8
-27
-71
-35
-10
64
2
-6
-4
-7
36
-3
-98
2
81
65
-78
-72
-43
25
79
8
-65
-121
2
62
-21
-9
6
-38
-58
31
73
67
-129
-83
67
54
50
-55
-39
-27
48
32
-40
-54
-68
56
70
110
-3
7
-9
-44
109
126
72
-59
-42
80
68
69
-2
6
-35
33
124
-27
-32
-66
-59
123
186
1
-89
20
89
13
-45
40
69
-64
12
70
1
-20
-35
-33
10
-16
106
48
9
27
60
-18
14
154
116
-142
-54
119
120
-21
-105
-47
42
18
-83
-14
98
-100
3
147
34
-61
69
-20
-28
160
85
-61
-55
10
30
69
-17
183
135
25
3
27
179
-48
12
50
61
91
45
95
43
27
33
-7
20
-9
-14
-6
-23
101
4
-88
88
183
149
-86
-42
3
83
66
-24
-44
-104
81
187
82
-193
-6
111
28
31
118
45
-77
4
154
40
51
-3
23
81
40
28
90
56
-31
105
45
65
147
-5
-6
29
143
44
-10
47
260
77
-61
99
25
120
-22
107
191
33
22
-105
30
81
47
108
15
64
-27
134
79
59
-29
55
139
164
31
-83
146
142
106
-88
-84
-16
-31
137
106
-57
-88
74
30
31
-8
32
156
23
-44
-69
17
91
59
-11
-59
73
42
-56
44
102
-62
-84
3
102
72
-22
-104
-90
100
75
108
49
31
-65
60
156
32
-177
-215
111
100
36
-137
52
82
93
84
-9
-142
-9
110
91
77
-224
-126
53
89
56
-209
-157
-128
115
123
45
-81
-197
71
131
-35
-140
-44
41
143
-74
4
18
-76
119
125
26
18
-5
60
193
-11
5
181
-103
123
29
-73
71
-69
25
86
80
5
22
-7
-52
64
130
86
70
-58
129
130
-44
-16
-112
10
19
117
35
-141
-79
223
251
27
-210
-105
95
53
-57
-187
-46
-15
142
-50
12
-110
43
225
19
13
-22
106
76
-7
-53
-82
114
48
-52
73
-68
121
48
90
-184
-85
63
186
246
-74
-30
-32
265
-81
-63
4
-111
23
-21
5
-147
28
-16
-20
-18
-16
23
-140
-105
45
-25
-235
-80
80
89
-83
-85
50
3
-46
23
-50
107
-9
-83
153
-70
35
-76
-10
-74
98
-77
-60
-18
-94
-46
-31
-12
-110
18
56
19
-20
-39
-9
121
-85
-164
-12
305
211
-338
-147
84
96
-102
-143
77
127
140
-138
-138
62
196
309
23
-30
104
70
-28
18
136
-162
70
-92
-43
124
105
246
143
-90
-163
106
192
-48
62
145
-221
4
125
176
123
-212
-28
147
87
185
14
-98
-114
176
322
-200
-232
261
372
110
-156
-73
168
361
-116
-82
-26
224
277
139
-202
-52
472
135
-282
-178
109
268
178
25
144
72
-39
92
312
-207
-211
270
386
130
-319
15
211
17
235
208
-95
-279
37
-71
103
160
8
21
33
-376
17
219
366
-134
-276
161
205
22
-312
83
65
80
-267
74
198
43
9
-342
-3
146
66
40
-116
67
-78
-64
84
66
-310
17
114
-62
-45
-147
151
-23
-114
-131
-8
22
147
176
-237
-369
216
422
83
-453
-481
202
137
133
-70
-57
246
125
91
-161
-112
31
24
151
140
-63
-207
-35
176
-42
-26
69
-263
63
521
82
-181
-50
-127
51
260
-192
-195
143
164
-95
9
-36
-24
-51
-64
-58
52
-66
-271
137
6
23
-60
10
50
-31
-159
-9
-1
-35
-108
57
127
105
116
216
-92
52
217
-225
-177
220
116
-156
40
68
130
107
125
-184
-28
109
281
335
-211
59
345
15
-145
-150
50
399
321
7
-180
193
90
232
159
-30
130
279
86
-176
32
371
-116
59
262
229
-104
-225
12
141
383
73
-146
-127
35
546
326
-222
-200
73
479
348
-148
-311
150
217
11
56
151
30
62
177
-65
28
-129
340
285
-176
-52
180
-199
-74
208
121
-176
-277
648
362
-140
-255
62
192
-280
75
111
33
-122
-55
332
-108
-18
180
-30
-19
-382
32
59
-40
-150
252
110
-227
-138
115
-209
117
193
198
334
-333
-101
371
-278
347
337
-468
-47
138
112
-26
161
221
45
-210
14
88
25
82
-179
-147
121
4
-177
35
271
355
-24
-306
-154
150
291
153
-196
-58
654
274
-288
78
-279
80
261
29
-90
116
132
342
-117
-476
858
434
-208
-284
-282
390
255
-256
-413
266
279
-246
79
173
-101
-146
366
179
219
-102
-113
332
103
-37
-131
193
182
-135
-174
-56
78
210
205
-90
116
63
-37
-37
-53
106
-14
-126
400
208
-483
-146
8
-323
41
192
-249
213
61
269
413
-96
-431
-313
236
147
2
-317
196
401
381
-567
-373
710
-422
-192
284
67
163
72
-464
190
541
102
-318
400
29
-181
468
-217
-98
181
-111
191
276
-20
-13
390
86
-421
243
-7
-303
-214
398
538
-413
-475
22
512
277
-410
-221
267
150
816
-192
-638
331
262
-217
-166
169
-277
225
399
-189
-319
-393
233
299
-65
90
-143
112
194
-596
-152
250
-35
-214
-316
299
563
42
-734
35
727
-96
-196
-252
134
529
93
-425
-364
309
38
-130
164
20
38
272
226
-145
468
160
-705
67
280
-392
-414
152
153
297
208
-70
-523
547
210
-492
-78
222
806
10
-435
-809
-181
396
353
373
-243
-170
237
275
115
-623
381
-114
184
15
-225
299
-354
-44
-313
438
65
-262
228
66
288
-502
-222
106
467
-99
-345
552
90
-314
338
-152
-378
-224
-47
-216
-106
141
-190
68
902
30
-829
-376
678
437
-868
-216
632
229
-886
-557
575
141
228
118
-207
159
213
369
-342
162
-70
364
-15
128
-458
27
956
-266
-301
-47
626
87
-133
79
211
-161
-189
54
66
65
254
-648
-413
510
471
-230
-777
-31
455
118
-581
-201
302
282
127
-446
-98
411
355
-178
-782
362
642
-499
24
-19
-75
-386
-406
388
279
-140
-522
-174
918
711
-842
-568
445
492
-148
-878
88
736
-662
314
367
-649
22
199
-94
-90
-18
-268
639
485
-421
24
-22
-458
144
546
-252
-584
237
679
41
-520
-396
658
237
-1110
-354
379
7
-217
-289
-151
247
-93
-678
131
697
-257
-510
117
331
577
-603
-906
284
543
27
-207
1
-27
281
53
-821
429
437
153
-599
-359
501
-127
18
-496
28
162
-452
171
32
-329
-45
156
-258
-427
-284
-81
555
-168
62
60
342
-571
-558
13
295
55
-255
572
144
-53
-358
195
468
-175
-398
68
491
-199
184
-74
-326
496
-240
557
-154
-89
-159
-847
23
248
328
-684
788
321
-664
-209
-90
1163
-170
-688
168
-28
-176
-124
160
451
-237
-28
-12
200
362
-451
68
287
-172
252
-517
-370
350
-409
-289
71
627
-606
168
-54
-762
259
225
-89
-281
163
374
153
-517
-442
556
237
190
-27
-250
384
46
-193
92
964
-244
-553
325
434
-20
-539
-165
245
627
-402
-420
-25
326
725
-182
-89
427
145
-395
396
-143
-175
-61
-573
174
883
54
-64
61
-44
183
-191
419
311
-221
-618
377
395
318
170
-212
-346
461
-606
-877
84
116
43
-435
183
-118
-730
383
238
-325
199
330
-154
-373
-88
-286
-239
-173
17
684
-263
-354
370
-124
243
152
-819
243
749
-202
-432
832
-187
-395
269
-209
-300
-353
612
450
49
-270
-3
23
-173
-700
-77
1045
104
-309
68
-225
-415
358
511
-29
-467
-13
929
56
-741
-9
145
-245
-118
-229
821
71
-382
-79
-288
425
-297
-255
505
624
77
-318
-98
688
34
-746
-228
194
-562
341
864
-132
-160
184
-322
-26
347
-412
253
769
-190
4
-351
-748
230
599
-246
-938
1087
966
-784
-402
667
423
-461
-634
593
325
21
189
663
600
-1932
666
986
-141
-266
-133
556
-118
228
-407
284
534
-60
25
628
480
112
-45
-461
-229
190
-503
-240
568
-2
611
-25
-740
469
811
-524
-492
788
467
288
-426
-223
658
139
-266
-177
182
142
-628
-502
245
224
-505
-145
772
429
-157
-226
322
684
-24
-532
527
278
-412
668
972
-416
-892
-628
999
510
-1419
-186
745
4
45
-319
-30
271
-553
279
705
-482
-364
465
339
-145
-278
-714
16
288
-56
-85
589
549
222
276
209
-198
-629
-387
393
326
-166
81
-194
458
-64
-867
-103
-62
15
124
796
416
-590
-313
364
266
-391
41
734
324
-575
221
876
-31
-1653
-544
1190
540
282
308
-268
-278
-316
-336
-477
-30
556
391
40
-291
-338
-1049
-1051
701
1236
126
-1056
111
1129
-111
-881
-595
-99
133
343
694
86
-564
-377
514
585
-178
-129
45
231
658
526
-258
-435
-157
374
-163
-486
565
207
-631
35
866
-146
-1399
-518
840
735
-181
-106
225
28
40
106
-194
-273
67
465
751
18
-300
-334
-548
161
220
392
96
-9
-246
-362
-115
-118
-543
-875
-183
800
-66
-783
-431
221
480
-24
195
154
114
286
356
-155
-44
-316
-185
168
341
443
-128
-262
67
150
-139
-348
-208
151
396
165
116
333
33
-12
154
244
181
220
412
666
418
-22
6
-92
-83
-108
182
407
73
-197
-635
-385
77
-174
-304
-460
-112
269
-57
-134
-560
-425
-346
-252
259
126
119
442
179
333
744
167
-234
269
993
693
118
0
14
-368
-232
-70
-281
-181
-250
8
90
-237
-636
-714
-334
1
11
-70
-89
-61
-239
22
-134
-541
-471
-112
170
192
-27
-243
-283
-311
-79
-77
-283
-297
51
167
98
-50
-282
-382
-288
228
628
686
580
481
753
819
712
866
912
1048
1289
1410
1412
1313
948
668
784
1017
1162
1110
926
823
747
586
386
257
210
156
259
546
441
39
-46
25
21
15
-77
-68
85
-9
-115
-248
-642
-950
-1153
-1134
-1077
-1119
-1533
-2088
-2385
-2473
-2561
-2805
-3071
-3230
-3129
-2860
-2926
-3103
-3399
-3607
-3281
-2943
-3070
-3429
-3608
-2807
-1000
904
2099
2141
1713
1446
2205
3484
3890
3419
3242
4018
4836
4541
3312
2030
1040
618
852
1343
1155
152
-760
-910
-641
-719
-1125
-1073
-146
1181
2258
2856
2808
2481
2387
2715
3389
3781
3667
3524
3634
3693
3170
2214
1320
877
1000
1177
1287
1056
456
-197
-406
-531
-794
-959
-1180
-956
-570
-706
-1277
-2005
-2523
-2558
-2314
-2016
-2041
-2091
-2168
-2438
-3032
-3960
-4485
-4565
-4477
-4413
-4442
-4404
-5021
-6281
-6940
-6819
-5404
-2264
1129
3356
3630
2864
2908
3612
4045
4174
4777
6001
7151
7607
6994
5454
2877
294
-822
-600
19
-272
-1394
-2158
-2781
-3548
-4404
-5132
-4599
-2886
-851
1162
2471
2818
2330
1979
2866
4727
6311
6722
6743
7012
6966
5866
4097
2481
1508
1291
1509
1817
1395
113
-1554
-2392
-2374
-2068
-1760
-1345
-571
138
466
130
-693
-1251
-1364
-863
253
1398
1638
718
-470
-1306
-1932
-2428
-2785
-2852
-2851
-3275
-3953
-5361
-6988
-8180
-9056
-9279
-8924
-8206
-7226
-6497
-5904
-4834
-2097
2369
5678
5785
3790
3507
6577
9490
9464
7675
6719
7279
7235
5890
3991
1817
-840
-3441
-3990
-2868
-2734
-4864
-7422
-7800
-6303
-5101
-4919
-4672
-3491
-1497
986
3542
6067
8134
8183
7110
7051
8101
8926
8381
7127
6358
5337
4009
2257
335
-1404
-2933
-3199
-2489
-1881
-2006
-2612
-3093
-3009
-2249
-1349
-506
238
540
844
1386
1630
1337
706
428
754
1246
1257
591
-506
-1570
-2587
-3418
-4254
-4837
-5694
-6759
-7763
-9105
-9887
-9978
-10043
-9977
-9444
-7566
-3490
-52
2184
3525
4248
5430
6335
7157
8288
9350
9916
9735
8918
7751
5891
3169
188
-1795
-2566
-3065
-3842
-5249
-6556
-7532
-8234
-8275
-7793
-6571
-4682
-2692
-512
1492
3002
4297
5578
7612
9463
10333
10460
9479
8421
7432
5942
4670
2979
1708
228
-625
-1856
-3199
-4159
-4828
-4570
-3670
-2564
-1844
-1187
-760
-105
177
734
1338
1534
1960
2264
2705
2668
1975
1146
309
-580
-1530
-2175
-2521
-2875
-3744
-4861
-6180
-7553
-9023
-10365
-11174
-11354
-10853
-9871
-8479
-6544
-3799
-510
2804
4731
5266
5681
6745
8514
9835
9868
9605
9386
8818
7596
5414
2795
109
-2353
-4186
-5007
-5372
-6132
-7395
-8641
-8801
-7981
-7087
-6134
-4737
-2651
89
2353
3985
5445
7206
9456
10768
10562
9990
9316
8283
7054
5678
4492
2950
866
-811
-1767
-2579
-3745
-4785
-4984
-4146
-3019
-2182
-1651
-1327
-747
-84
540
1265
1746
2047
2320
2602
2656
2404
1824
1083
146
-653
-1146
-1710
-2516
-3554
-4561
-5411
-6502
-8080
-9908
-11024
-11545
-11657
-10948
-10379
-8621
-6156
-3214
999
4730
5507
4772
4791
6664
9732
10870
10143
9443
9559
9563
7884
4729
1605
-1009
-3443
-4888
-4916
-4663
-5601
-7917
-9786
-9571
-8023
-6923
-6294
-5020
-2155
1352
3678
4874
5736
6597
7500
8785
10205
10892
10501
8770
6640
5158
3878
2123
18
-1670
-2117
-2059
-2506
-3369
-4279
-4641
-4343
-3436
-2064
-868
-106
325
686
1183
1750
1966
1809
1955
2373
2867
3014
2212
721
-785
-1571
-1848
-2339
-3277
-4496
-5663
-6613
-7595
-8926
-10461
-11672
-12074
-11669
-10564
-8967
-6833
-4046
-632
3494
6023
5929
4921
5450
8164
10477
10441
9742
10060
10491
9065
5411
1827
-283
-1877
-3600
-4575
-4339
-4398
-6216
-8988
-10148
-8768
-6882
-5937
-4996
-2691
766
3204
4138
5304
6868
7939
8505
9265
10448
10690
8884
6592
5178
4420
3154
1023
-935
-1853
-1996
-2352
-3020
-3689
-3958
-3932
-3569
-2522
-1190
-275
130
312
693
1280
1551
1578
1739
1995
2370
2464
2007
1019
-310
-1532
-2162
-2493
-3080
-3926
-4917
-6184
-7857
-9685
-11283
-12309
-12798
-12377
-10757
-8413
-5566
-2219
1651
4603
5082
4019
4070
6571
9827
10946
10566
10883
11850
11320
7872
3518
900
-149
-1228
-2521
-3060
-3265
-5004
-8306
-10762
-10389
-8296
-7008
-6403
-4692
-1558
1188
1976
2291
4108
6427
7798
8292
9094
10593
11143
9403
6896
5354
4330
2841
937
-369
-545
-802
-1970
-3160
-3735
-3979
-4250
-4149
-3005
-1251
52
256
-122
-220
215
789
1354
2198
2951
3227
2930
2010
741
-423
-1365
-1790
-1879
-2365
-3299
-4799
-6594
-8394
-10148
-11454
-12290
-12694
-12124
-10363
-7754
-4816
-1514
2340
4967
4568
2725
3201
7209
10936
11458
10638
11310
12701
11182
6420
2153
973
1278
363
-1224
-1830
-2557
-5602
-10001
-11905
-9825
-7053
-6414
-6762
-5184
-1870
215
5
-9
2728
6637
8690
8918
9373
10419
10101
7910
6230
6101
5957
4276
2123
1168
1035
-14
-2271
-4028
-4270
-3429
-2883
-2783
-2404
-1585
-1138
-1453
-1885
-1575
-465
715
1655
2362
2697
2504
1714
636
-227
-478
-400
-479
-1035
-2278
-3642
-5069
-6754
-8620
-10395
-11493
-11966
-12039
-11301
-9165
-6172
-2613
718
2562
2412
1170
1483
4738
8545
10286
10701
11418
12251
11247
7630
4050
2915
3389
3348
2199
684
-1066
-3948
-7663
-9746
-8984
-7076
-6315
-6722
-6237
-4339
-2789
-2628
-2290
17
3448
5840
6983
8152
9377
9533
8272
7126
7063
7187
6553
5274
4287
3565
2218
112
-1933
-2960
-2827
-2315
-1997
-1887
-1973
-2351
-3020
-3589
-3303
-2137
-635
568
1282
1551
1416
969
290
-244
-192
357
762
475
-587
-1913
-2948
-4055
-5495
-7224
-8838
-9968
-10750
-11051
-9894
-7224
-3879
-833
448
-70
-1172
-1109
1319
4689
6909
8332
9918
11164
10456
7497
4684
4230
5328
6022
5487
4174
2199
-741
-4032
-6131
-5960
-4963
-4790
-5492
-5671
-4793
-4192
-4515
-4759
-3388
-279
2697
4048
4413
4925
5832
6482
6375
6319
6753
7132
7048
6480
5596
4339
2572
849
40
71
237
81
-717
-1613
-2347
-3048
-3691
-4135
-3820
-2633
-1265
-468
-417
-841
-1274
-1398
-1225
-793
-315
137
129
-348
-1046
-1680
-2360
-3558
-5096
-6247
-6956
-7960
-9117
-9007
-6519
-2753
-132
-351
-2454
-3739
-2718
5
2317
3469
5029
7563
9146
7880
4800
3038
4066
6182
7176
6914
5950
4141
1341
-1412
-2487
-1796
-1262
-2004
-3088
-3346
-2957
-3362
-4761
-5409
-4256
-1733
566
1537
1446
1249
1720
2629
3350
3764
4325
5306
6327
6639
5928
4570
3036
2232
2462
3156
3377
2703
1411
-4
-1135
-2115
-2933
-3463
-3295
-2447
-1714
-1653
-2246
-2995
-3383
-3123
-2454
-1733
-1281
-1211
-1293
-1453
-1578
-1554
-1786
-2329
-3147
-3791
-4388
-5246
-6117
-6155
-4912
-2675
-165
837
-438
-2727
-3657
-2101
485
1911
2521
3908
5742
6053
4008
1657
1528
3575
5678
6381
5939
4888
3245
1129
-297
-217
634
986
355
-337
-529
-932
-2022
-3087
-3263
-2252
-653
481
590
-10
-397
-3
792
1404
1731
2224
3024
3825
4030
3495
2599
1902
1902
2469
2992
2935
2255
1233
291
-373
-977
-1499
-1771
-1556
-1039
-825
-1192
-1987
-2654
-2898
-3007
-2870
-2029
-1656
-1693
-1519
-1518
-1676
-2036
-2276
-2546
-2573
-2531
-2756
-3194
-3892
-4132
-3458
-1649
227
528
-1037
-2971
-2907
-1112
349
447
441
1764
3491
3526
1740
419
1232
3313
4720
4824
4474
4044
3326
2324
1759
2089
2624
2561
2031
1616
1350
724
-293
-957
-966
-429
157
149
-554
-1559
-2017
-1583
-817
-371
-268
15
587
1088
1137
914
818
1138
1944
2664
2892
2516
1884
1501
1400
1252
847
310
-23
-157
-58
-334
-964
-1288
-1533
-1648
-1544
-1773
-2191
-2086
-1602
-1395
-1262
-1150
-981
-1088
-1189
-1111
-1148
-1261
-1462
-1463
-1648
-1887
-1899
-1683
-1116
-591
-701
-1532
-2220
-2014
-1173
-601
-728
-817
-85
820
901
190
-305
172
1347
2366
2814
2907
2923
2927
2830
2802
2819
2790
2632
2378
2231
2026
1468
637
22
-252
-237
-325
-724
-1270
-1670
-1615
-1340
-1134
-965
-764
-451
-97
228
511
820
1094
1381
1847
2175
2187
2005
1893
1904
1826
1510
1022
703
583
512
189
-282
-711
-1011
-1237
-1492
-1716
-1773
-1626
-1379
-1165
-1036
-1036
-1002
-889
-742
-563
-377
-192
-36
48
-20
-164
-365
-533
-681
-802
-820
-969
-1277
-1699
-2049
-2214
-2218
-2155
-2061
-1862
-1586
-1289
-1092
-930
-664
-270
266
764
1297
1791
2178
2397
2382
2335
2319
2313
2222
2030
1740
1453
1133
712
310
-67
-284
-430
-556
-625
-612
-477
-306
-95
164
462
750
1010
1307
1583
1908
2128
2281
2350
2333
2197
1915
1603
1356
1162
945
678
273
-176
-699
-1266
-1658
-1851
-1856
-1839
-1836
-1863
-1835
-1697
-1585
-1415
-1106
-697
-273
71
252
306
409
474
501
480
421
347
170
-177
-582
-923
-1217
-1481
-1730
-1900
-2032
-2185
-2188
-2155
-2040
-1845
-1591
-1263
-911
-554
-200
231
708
1171
1512
1730
1858
1917
1906
1740
1539
1321
1081
825
539
254
-16
-253
-513
-707
-805
-755
-628
-533
-333
-88
199
457
750
1095
1421
1770
2086
2357
2540
2590
2511
2300
2022
1750
1606
1410
1094
706
303
-202
-719
-1140
-1464
-1605
-1713
-1812
-1886
-1837
-1720
-1620
-1421
-1158
-786
-429
-119
142
362
575
701
755
821
894
799
594
366
100
-128
-458
-819
-1114
-1324
-1494
-1655
-1779
-1802
-1718
-1659
-1643
-1611
-1459
-1214
-900
-445
-14
387
668
819
879
872
870
856
824
768
693
510
253
-42
-373
-619
-772
-813
-781
-721
-663
-568
-450
-358
-228
2
306
670
1108
1529
1883
2127
2214
2277
2309
2332
2286
2194
2094
1959
1745
1391
923
408
-3
-326
-610
-822
-1092
-1342
-1571
-1685
-1695
-1627
-1452
-1212
-911
-689
-459
-251
-23
209
391
685
931
1028
947
792
662
515
334
101
-144
-316
-469
-668
-843
-1004
-1163
-1221
-1246
-1202
-1151
-1103
-1021
-818
-475
-165
38
158
276
374
430
387
236
156
85
-7
-186
-345
-523
-748
-945
-1061
-1098
-1128
-1146
-1143
-1047
-924
-830
-677
-479
-228
99
483
832
1109
1327
1497
1650
1796
1901
1912
1904
1876
1789
1710
1448
1137
817
537
288
33
-264
-581
-761
-884
-970
-1042
-1043
-997
-970
-825
-677
-488
-265
-60
156
355
535
646
682
636
642
689
682
576
345
161
-31
-195
-352
-442
-509
-589
-655
-720
-727
-736
-728
-666
-432
-147
32
160
203
321
431
458
380
307
277
242
142
-15
-150
-287
-442
-665
-894
-959
-995
-1059
-1134
-1197
-1170
-1110
-1075
-997
-797
-517
-195
99
357
580
691
863
1004
1141
1272
1397
1484
1465
1379
1233
1091
925
737
493
309
129
-97
-251
-420
-500
-533
-551
-584
-578
-511
-416
-283
-114
68
204
357
450
479
573
602
652
696
648
543
442
331
170
7
-112
-150
-172
-213
-348
-492
-524
-546
-533
-485
-333
-150
-37
4
75
204
309
379
341
341
362
337
338
269
195
76
-31
-120
-206
-259
-346
-441
-506
-557
-653
-720
-761
-808
-698
-516
-320
-168
-44
74
168
259
353
460
594
718
795
849
813
668
579
453
338
193
27
-99
-185
-279
-420
-547
-618
-636
-683
-718
-685
-578
-371
-243
-145
-58
40
168
256
353
487
622
677
659
580
533
468
337
287
260
275
257
166
44
-58
-154
-222
-227
-207
-96
-12
14
7
9
133
209
220
212
261
362
360
301
265
244
227
203
154
146
172
101
47
-44
-157
-256
-328
-365
-343
-292
-220
-148
-94
-42
-24
30
68
107
224
288
334
344
371
381
339
245
128
28
-78
-154
-233
-277
-333
-464
-511
-592
-718
-810
-823
-733
-594
-481
-428
-408
-373
-304
-245
-142
-8
113
289
375
412
369
298
258
261
327
393
443
429
373
277
231
187
107
114
117
173
215
227
198
173
158
119
131
175
220
243
267
249
211
214
187
168
197
252
313
306
225
145
48
-35
-59
-54
18
95
56
54
48
40
30
24
57
112
178
169
116
77
78
82
58
1
-119
-158
-186
-230
-269
-323
-361
-382
-418
-444
-493
-528
-515
-488
-418
-389
-437
-435
-435
-380
-318
-264
-212
-120
-13
52
68
54
95
117
194
242
255
354
395
390
364
356
341
319
319
294
292
279
250
237
213
162
67
62
63
88
111
135
154
127
77
48
99
164
230
258
291
296
219
143
43
5
34
84
99
105
114
95
46
-28
-38
-14
30
48
-24
-48
-89
-112
-143
-188
-198
-186
-173
-176
-183
-195
-189
-222
-232
-235
-237
-192
-208
-225
-228
-227
-279
-322
-327
-307
-262
-223
-205
-206
-162
-106
-114
-75
-29
23
33
54
78
89
139
211
283
307
316
288
271
247
195
175
162
183
187
160
77
19
-8
-41
-20
33
86
100
94
78
37
96
157
234
286
273
241
196
142
101
93
108
139
151
174
142
33
6
-26
-23
1
5
-4
-36
-97
-155
-178
-208
-212
-199
-125
-81
-125
-138
-183
-196
-196
-184
-163
-103
-31
-33
-78
-176
-222
-263
-275
-233
-228
-169
-142
-150
-195
-197
-166
-157
-100
-44
14
45
31
2
35
115
162
246
254
233
193
147
108
83
93
102
86
43
3
-46
-77
-112
-131
-67
17
88
77
54
50
73
127
190
226
251
280
238
223
226
174
173
144
157
185
187
139
85
36
4
2
-10
14
5
-19
-93
-196
-209
-239
-258
-238
-180
-142
-166
-224
-276
-279
-249
-213
-152
-58
-9
-73
-82
-120
-122
-115
-81
-20
-7
-9
-28
-40
-54
-40
-30
32
70
29
24
-7
-22
-11
45
108
155
184
180
132
61
10
-7
30
60
18
23
-6
-47
-105
-140
-123
-77
3
40
45
35
24
26
98
162
184
236
265
266
263
259
244
246
248
245
280
263
227
182
173
195
175
204
156
97
34
-45
-129
-186
-191
-206
-205
-204
-187
-222
-280
-334
-387
-357
-298
-235
-190
-142
-138
-148
-183
-209
-174
-137
-66
-33
5
27
0
1
-22
-10
42
99
108
79
50
24
24
37
62
84
146
160
101
95
49
26
-18
-54
-68
-61
-59
-73
-97
-125
-147
-147
-78
-35
-53
-66
-71
-41
-16
0
26
67
109
140
168
185
204
201
213
230
177
203
190
166
143
170
211
213
198
138
76
8
-41
-94
-100
-93
-131
-125
-177
-217
-262
-306
-338
-323
-262
-176
-132
-154
-172
-216
-185
-117
-114
-60
-4
39
41
23
-7
-21
-18
12
50
79
93
52
19
-20
-75
-36
-5
30
55
73
62
35
10
-29
-34
-46
-22
6
61
85
-8
-28
-63
-82
-73
-49
-8
-12
-29
-71
-85
-88
-78
-54
4
73
82
122
107
115
134
144
161
168
181
189
184
175
193
216
233
204
112
83
58
13
-31
-63
-62
-87
-137
-183
-229
-235
-216
-214
-186
-143
-128
-85
-114
-127
-109
-69
-18
14
50
65
96
72
37
7
12
-7
-65
-39
-45
-64
-111
-142
-167
-173
-186
-189
-131
-68
-23
-20
11
50
26
21
31
71
127
174
168
121
94
82
88
86
84
97
132
123
40
22
8
45
90
143
212
250
275
272
282
308
335
323
331
319
263
265
251
247
250
237
185
117
66
14
-35
-88
-98
-111
-92
-116
-223
-245
-246
-176
-107
-41
13
33
34
8
-1
18
59
126
205
238
200
179
108
47
-23
-78
-63
-43
-48
-95
-167
-255
-309
-354
-349
-336
-345
-234
-184
-155
-128
-112
-89
-62
-4
41
96
134
154
128
106
100
66
110
114
140
132
186
175
509
472
-152
-501
-239
601
590
-13
-41
239
473
364
122
271
439
316
184
168
267
276
67
10
49
63
31
-154
-130
-88
-154
-197
384
772
420
-140
-526
628
1784
667
-469
-56
546
535
-77
-282
389
384
78
174
364
484
117
-431
-16
552
291
29
-25
113
393
548
150
402
1043
649
102
223
584
868
317
51
696
408
121
333
744
1436
1917
832
107
1015
1065
1324
85
-773
417
428
-363
-556
-1148
-1827
-1472
-1225
-452
-761
-1307
-1351
-1604
-854
-576
-430
-152
-526
-501
124
154
-292
33
154
314
349
384
734
344
-282
-230
339
504
490
248
-97
-355
-455
-12
286
249
32
-149
-78
54
86
149
302
469
646
672
698
585
277
228
302
715
911
475
-52
-311
-242
-153
-120
-421
-699
-856
-1098
-1232
-1408
-1629
-1906
-2167
-2401
-2657
-2949
-3277
-3557
-3697
-3833
-4283
-4747
-5107
-5369
-5621
-6080
-6286
-5965
-4790
-3294
-2031
-1483
-1710
-2098
-1867
-340
1958
3888
4436
3909
3294
3202
3889
4917
5722
5786
5071
4092
3495
3132
2585
2018
1751
1788
1617
971
-81
-806
-1131
-1246
-730
-225
-461
-1231
-1814
-1693
-999
-264
344
817
962
825
849
1289
1975
2436
2640
2772
2666
2039
1450
1187
798
527
452
125
-645
-1893
-3318
-4367
-4631
-4698
-4890
-5523
-6689
-7795
-8497
-8832
-8873
-8318
-6835
-4844
-3116
-2867
-4054
-4847
-3631
-407
2955
4652
4481
3653
3265
3770
5178
6959
8072
7873
6687
5557
5119
4755
4203
3802
3600
3194
2338
1044
-133
-747
-970
-647
342
785
-414
-2287
-3091
-2341
-700
806
1405
1045
125
-521
185
1900
3252
3539
3322
3216
3071
2854
2812
3097
3190
2884
2534
1897
748
-770
-1874
-2059
-1762
-1929
-3084
-4777
-6236
-7215
-7226
-7046
-7376
-8418
-9565
-9929
-9366
-7290
-4562
-2499
-2971
-5008
-5225
-2087
2359
4705
4571
3947
4415
5275
6105
7434
8799
8918
7799
6762
6755
6925
5955
4282
3145
2898
2745
2036
662
-1030
-2210
-2332
-1541
-457
-380
-1825
-3503
-3955
-2876
-1072
598
1177
743
18
46
1352
3116
4247
4343
4194
4210
4231
4169
4162
4225
4020
3476
3010
2530
1521
96
-1188
-1718
-1542
-1612
-2558
-4124
-5478
-6169
-6304
-6172
-6408
-6950
-7837
-8757
-9234
-8659
-7355
-5873
-4389
-3031
-2430
-2827
-3056
-1667
1390
4034
4974
4743
4870
5299
5499
6138
7627
9013
8821
7265
5944
5556
5236
4546
4106
4009
3314
1793
416
-262
-795
-1313
-1231
-371
-145
-1423
-3041
-3508
-2605
-1122
348
1163
916
-195
-669
604
2689
4089
4327
4044
3511
3039
3064
3675
4282
4027
3107
2199
1317
87
-1221
-1935
-2254
-2713
-3819
-5163
-6441
-7718
-8563
-8855
-8925
-9590
-10466
-10852
-9952
-7574
-4919
-3768
-5113
-6729
-5556
-1004
3359
4481
3454
2973
3934
5249
6761
8924
10484
9554
7103
6094
7235
8193
7212
5577
4744
4108
2773
1543
1236
641
-876
-1939
-1423
-612
-1406
-3342
-4321
-3675
-2678
-1670
-550
-86
-915
-1845
-964
1427
3259
3463
3113
3061
3051
3035
3690
4895
5103
3919
2551
2252
2328
1675
540
-258
-712
-1457
-2579
-3599
-4337
-5166
-5901
-6200
-6576
-7395
-8504
-9275
-9512
-9325
-8960
-8263
-6875
-5373
-4275
-4294
-4680
-3910
-1276
1857
3526
3761
3732
4351
5009
5758
7373
9382
9785
8132
6510
6437
7109
6939
6045
5659
5092
3259
1191
589
1014
662
-600
-1223
-871
-1290
-2788
-3688
-2959
-1846
-1411
-1054
-501
-398
-1079
-1044
726
2867
3493
2970
2562
2541
2671
3043
3990
4642
3881
2242
1158
1002
704
-272
-1238
-1924
-2838
-4240
-5471
-6062
-6640
-7415
-8078
-8564
-9312
-10190
-10786
-10175
-7838
-4983
-3540
-4770
-7149
-7209
-3256
1793
4114
3389
2162
2184
3114
4671
7142
9698
9919
7388
5093
5527
7341
7705
6501
5589
5179
3898
1989
1242
1518
1161
-100
-637
-261
-853
-2729
-3790
-2776
-1384
-1235
-1637
-1543
-1343
-1479
-1007
702
2389
2444
1676
1750
2620
3126
3263
3740
4257
3802
2653
2134
2452
2415
1429
398
85
-416
-1734
-3096
-3621
-3704
-4199
-5105
-6170
-7131
-7990
-8441
-8486
-8566
-9049
-9571
-9201
-7497
-5253
-3936
-4402
-5684
-5243
-1967
2013
3758
3232
2626
3258
4512
5785
7554
9524
9625
7424
5564
6328
8119
8146
6483
5320
4914
3509
1635
1299
2143
1638
-453
-1598
-1113
-904
-2141
-3079
-2389
-1487
-1695
-1953
-1138
-383
-703
-882
399
2062
2345
1748
1718
2364
2691
2654
3142
3753
3220
1791
1122
1466
1480
374
-830
-1570
-2323
-3393
-4381
-4684
-4973
-5814
-6791
-7328
-7673
-8359
-9219
-9582
-9365
-8263
-5986
-3762
-3657
-5776
-7426
-5710
-960
3153
4054
2624
1243
1229
2741
5639
8788
10173
8731
5715
4256
5643
7919
8914
8040
6150
4118
2556
2016
2736
3456
2526
386
-1164
-1571
-1818
-2380
-2506
-1926
-1705
-2493
-3264
-3060
-2420
-1851
-950
299
932
405
-248
335
1780
2785
3264
3573
3315
2243
1517
2164
3358
3449
2149
605
-384
-939
-1217
-1115
-1122
-2103
-3812
-5400
-5930
-5732
-5611
-5976
-6739
-7705
-8637
-8867
-8273
-7398
-6625
-5590
-4353
-3575
-3689
-4223
-3320
-370
2768
4000
3415
2792
3077
4092
5555
7408
8900
8706
6677
4773
5009
6528
7425
6838
5458
4006
2480
1494
1792
2774
2570
869
-870
-1475
-1352
-1390
-1432
-1260
-1300
-1943
-2417
-2013
-1308
-1040
-881
-417
121
317
237
476
1067
1521
1871
2254
2456
1945
1200
1092
1546
1726
1127
173
-729
-1467
-2188
-2490
-2442
-2722
-3736
-5054
-5763
-5967
-6075
-6499
-6961
-7323
-7707
-7870
-6896
-4854
-3323
-3590
-5081
-5620
-3536
97
2799
3193
1930
915
1436
3595
6296
8251
8588
7065
4757
4057
5854
8287
8828
6971
4547
2965
2447
2693
3566
3918
2461
-189
-1797
-1486
-779
-877
-1365
-1586
-1903
-2674
-3032
-2392
-1559
-1281
-1148
-553
-85
-321
-583
89
1332
2154
2367
2352
2152
1538
1221
1929
3037
3079
1764
326
-323
-399
-432
-416
-564
-1525
-3215
-4550
-4542
-4007
-3896
-4628
-5628
-6571
-7325
-7341
-6530
-5556
-5308
-5243
-4705
-3764
-3283
-3438
-3161
-1645
555
2090
2196
1673
1673
2572
4008
5474
6626
6954
6036
4529
4069
5248
6985
7213
5824
3929
2546
1942
2140
3207
3832
2601
-14
-1755
-1618
-698
-239
-274
-648
-1765
-3144
-3397
-2067
-563
-215
-634
-881
-953
-957
-299
1087
2084
1927
1237
1136
1471
1754
1959
2341
2519
1798
642
75
156
141
-290
-806
-1240
-2093
-3120
-3704
-3819
-3903
-4166
-4586
-5096
-5889
-6530
-6453
-5778
-5122
-4897
-4566
-3955
-3355
-3095
-2983
-2609
-1459
185
1671
1946
1211
934
1975
3681
4887
5533
5666
5025
3695
3064
4205
5846
5927
4336
2563
1622
1196
1179
1900
2544
1731
-496
-2083
-1788
-703
-146
-97
-310
-950
-1884
-1960
-750
678
1034
484
196
332
536
1010
1993
2776
2566
1854
1636
1986
2233
2133
2126
2186
1667
744
272
408
420
-99
-699
-1033
-1430
-1939
-2359
-2446
-2589
-3024
-3368
-3332
-3477
-4062
-4502
-4469
-4333
-4574
-4493
-4036
-3882
-4141
-4060
-2886
-1496
-1447
-2309
-2120
-410
1346
1800
1471
1432
1687
1923
2470
3605
4740
4480
2897
1798
2245
3489
4097
3604
2591
1547
709
482
1008
1902
2032
980
-230
-612
-226
135
338
734
948
460
-227
-168
594
1136
1222
1342
1410
940
453
744
1704
2073
1634
1305
1338
1198
820
1034
1657
1678
813
106
97
278
175
-111
-235
-572
-1280
-1751
-1611
-1380
-1604
-2117
-2493
-2775
-3096
-3338
-3418
-3539
-3897
-4490
-4708
-4454
-4279
-4401
-4377
-3706
-2772
-2603
-3268
-3275
-1764
267
1003
491
321
899
1515
1865
2633
3832
4222
3052
1776
2104
3496
4175
3640
2912
2454
1797
1164
1219
2056
2447
1485
85
-234
399
632
282
194
575
484
-107
-172
510
996
703
607
1185
1485
1021
752
1398
2002
1808
1608
2013
2232
1738
1344
1776
2242
1735
1003
898
1010
611
131
161
169
-438
-1237
-1469
-1426
-1631
-1987
-2251
-2459
-2965
-3465
-3454
-3453
-3829
-4304
-4463
-4420
-4562
-4599
-4353
-4215
-4334
-4107
-3183
-2074
-1915
-2354
-2082
-721
656
1141
1204
1521
1860
1844
2077
2988
4029
4008
2941
2182
2443
3096
3349
3111
2693
2074
1279
799
920
1368
1531
949
144
-150
22
311
347
505
779
713
394
429
987
1445
1461
1531
1897
1995
1735
1688
2129
2484
2327
2245
2418
2235
1550
1186
1498
1615
1063
442
241
-13
-615
-1049
-994
-921
-1486
-2175
-2447
-2433
-2584
-2682
-2566
-2582
-2962
-3336
-3306
-3110
-3007
-3000
-3002
-3111
-3335
-3329
-2952
-2602
-2585
-2625
-2264
-1584
-1071
-1053
-1223
-966
-64
918
1277
1104
922
1071
1262
1534
2130
2815
2796
1853
1121
1476
2352
2672
2392
2115
1899
1461
1052
1342
2105
2300
1551
713
737
1280
1445
1225
1280
1529
1361
1022
1173
1725
1700
1173
1041
1469
1611
1227
1008
1192
1147
772
855
1238
1051
241
-128
198
235
-195
-412
-328
-641
-1255
-1357
-957
-832
-1224
-1386
-1188
-1170
-1370
-1326
-877
-804
-1118
-1211
-1007
-962
-1187
-1257
-1131
-1189
-1517
-1732
-1766
-1890
-2169
-2370
-2423
-2639
-2836
-2597
-2107
-1944
-2189
-2363
-2063
-1361
-651
-172
-29
-74
-33
330
1046
1749
2224
2262
1907
1646
2077
2947
3414
3228
2827
2623
2457
2324
2420
2644
2470
1667
948
887
1142
1079
768
571
334
-30
-197
65
326
177
-181
-297
-124
-140
-201
-71
40
-100
-207
82
433
430
294
414
560
516
444
571
788
714
573
630
767
666
555
634
732
657
499
410
247
-51
-302
-401
-416
-640
-990
-1289
-1609
-1927
-2134
-2182
-2280
-2584
-2982
-3194
-3269
-3289
-3248
-3168
-2986
-2780
-2445
-2085
-1795
-1518
-966
-152
448
556
550
831
1195
1451
1761
2235
2544
2270
1880
1900
2216
2363
2260
2200
2051
1655
1126
862
826
716
427
66
-146
-365
-548
-620
-562
-448
-325
-235
-201
-182
-121
80
344
662
871
892
895
938
1151
1410
1669
1878
1943
1828
1643
1613
1680
1675
1526
1422
1302
1003
702
542
534
446
214
-25
-177
-326
-511
-605
-673
-772
-969
-1099
-1161
-1292
-1387
-1495
-1512
-1530
-1581
-1686
-1761
-1812
-1840
-1873
-1908
-1896
-1902
-1943
-2025
-2035
-1881
-1692
-1520
-1455
-1433
-1384
-1264
-974
-688
-568
-606
-607
-511
-359
-173
51
279
270
133
160
484
828
952
942
972
981
948
999
1171
1333
1282
1053
1021
1090
1183
1255
1322
1299
1143
1085
1174
1298
1270
1204
1158
1143
1074
1023
1179
1291
1228
1025
904
895
910
910
933
909
779
567
418
476
593
676
749
672
534
413
366
426
498
489
353
154
-63
-214
-299
-315
-366
-547
-779
-1043
-1240
-1384
-1475
-1566
-1711
-1867
-2057
-2246
-2364
-2379
-2376
-2392
-2484
-2626
-2659
-2677
-2653
-2614
-2446
-2224
-2059
-1878
-1653
-1387
-1170
-969
-717
-425
-212
-104
102
341
546
729
969
1243
1444
1559
1656
1811
1924
1946
1891
1887
1842
1682
1616
1591
1595
1506
1313
1150
1065
981
907
869
838
779
616
523
528
546
607
636
690
724
761
825
929
1007
1000
978
974
1004
1026
986
889
718
652
610
553
444
298
148
10
-99
-161
-181
-276
-418
-572
-623
-644
-699
-665
-666
-709
-788
-867
-913
-975
-1049
-1118
-1190
-1340
-1526
-1691
-1760
-1785
-1916
-2007
-2120
-2282
-2462
-2555
-2475
-2436
-2433
-2432
-2351
-2203
-1994
-1654
-1255
-920
-773
-533
-251
19
213
395
662
920
1106
1210
1363
1490
1581
1647
1751
1818
1709
1557
1402
1324
1286
1231
1181
1088
913
761
727
793
869
824
758
650
507
479
512
651
750
763
743
745
780
812
851
912
968
901
777
689
621
635
614
661
682
644
549
502
500
526
519
507
769
524
218
15
-9
-15
-24
47
68
-117
-434
-590
-678
-759
-846
-901
-1077
-1334
-1548
-1596
-1736
-1828
-1893
-1929
-2024
-2117
-2174
-2158
-2181
-2214
-2207
-2167
-2106
-2077
-1934
-1764
-1686
-1524
-1374
-1138
-928
-791
-639
-466
-260
-104
-30
9
102
278
466
581
665
797
856
914
993
1160
1282
1282
1235
1202
1253
1264
1321
1316
1308
1225
1104
1067
1067
1063
1021
967
913
824
701
640
619
589
584
636
783
860
798
753
751
842
938
994
964
885
798
763
797
869
916
839
729
590
449
429
407
370
241
62
-90
-169
-204
-241
-320
-381
-433
-518
-579
-637
-706
-776
-873
-911
-941
-994
-1114
-1242
-1339
-1375
-1420
-1511
-1607
-1749
-1837
-1958
-2094
-2151
-2174
-2161
-2202
-2276
-2311
-2263
-2159
-2026
-1849
-1662
-1432
-1231
-1024
-764
-488
-153
96
268
380
563
771
962
1143
1320
1484
1547
1577
1594
1671
1729
1674
1619
1528
1416
1272
1181
1172
1180
1151
1079
1023
962
900
831
804
780
683
659
650
688
684
655
678
752
865
879
836
799
758
709
722
790
800
761
653
615
656
714
733
701
632
528
443
402
440
404
311
177
39
7
-2
-11
-72
-223
-391
-529
-627
-700
-828
-1002
-1187
-1334
-1391
-1449
-1550
-1616
-1734
-1843
-1928
-1932
-1894
-1936
-2011
-2069
-2073
-2058
-2037
-1993
-1902
-1844
-1873
-1855
-1756
-1597
-1455
-1320
-1148
-924
-725
-576
-388
-162
92
285
454
618
741
930
1106
1298
1490
1615
1652
1680
1753
1849
1910
1888
1825
1691
1552
1414
1308
1310
1229
1081
901
752
601
467
403
419
422
322
186
98
116
176
221
341
440
474
490
545
658
765
811
838
858
836
821
806
838
861
787
754
669
575
467
339
243
159
50
-76
-196
-322
-438
-521
-514
-544
-645
-695
-779
-840
-898
-902
-871
-887
-962
-1071
-1130
-1149
-1133
-1151
-1151
-1204
-1323
-1369
-1400
-1356
-1315
-1342
-1405
-1472
-1487
-1483
-1453
-1441
-1430
-1425
-1407
-1348
-1269
-1103
-933
-727
-556
-446
-340
-203
-1
156
253
321
471
596
668
773
903
1118
1208
1269
1344
1412
1451
1446
1460
1493
1464
1353
1271
1228
1215
1147
1015
967
889
754
603
503
415
310
185
108
82
54
32
18
95
164
186
286
380
453
468
463
505
599
688
756
836
870
889
896
965
1054
1038
1017
930
840
743
643
562
488
387
254
124
15
-79
-209
-290
-377
-501
-585
-733
-848
-965
-1053
-1101
-1137
-1186
-1276
-1341
-1384
-1394
-1378
-1376
-1420
-1517
-1554
-1572
-1549
-1520
-1532
-1563
-1575
-1544
-1522
-1472
-1427
-1373
-1330
-1236
-1067
-914
-676
-519
-407
-298
-113
117
328
464
506
565
637
772
907
1086
1220
1222
1269
1289
1364
1412
1408
1341
1263
1187
1109
1048
1026
1000
911
832
767
723
705
617
551
511
473
410
371
378
359
340
326
367
423
513
569
593
654
645
653
676
707
694
645
606
609
650
660
673
632
642
647
605
625
555
458
367
268
202
154
77
-33
-157
-279
-347
-404
-422
-496
-657
-746
-886
-969
-1041
-1094
-1154
-1232
-1292
-1315
-1313
-1277
-1227
-1208
-1156
-1144
-1159
-1139
-1145
-1102
-1100
-1088
-1072
-1064
-1038
-1026
-1015
-1003
-964
-937
-882
-825
-772
-641
-520
-427
-395
-328
-230
-86
31
88
167
248
359
453
608
779
859
924
963
1063
1157
1211
1212
1209
1201
1173
1164
1179
1182
1106
1036
995
968
997
956
878
774
664
588
559
572
586
577
538
534
527
574
607
594
595
553
546
528
535
519
499
500
498
526
515
490
450
439
399
298
289
244
201
112
25
-36
-90
-128
-165
-196
-253
-290
-367
-420
-476
-556
-568
-632
-706
-797
-854
-896
-926
-942
-970
-1018
-1069
-1105
-1135
-1113
-1123
-1159
-1165
-1198
-1210
-1232
-1223
-1191
-1135
-1119
-1134
-1119
-1089
-1023
-977
-932
-894
-902
-857
-764
-599
-418
-320
-268
-180
-48
102
241
335
405
447
524
608
706
876
954
1010
1022
1040
1093
1150
1220
1244
1201
1134
1086
1045
1067
1050
971
949
871
803
715
649
601
542
478
407
352
325
312
278
259
238
198
205
201
203
178
164
147
160
174
179
189
161
175
178
205
225
179
213
220
220
221
209
177
155
160
182
188
179
182
139
103
87
60
103
73
33
-12
-75
-120
-181
-219
-276
-349
-442
-507
-568
-604
-671
-776
-799
-869
-927
-1012
-1098
-1170
-1227
-1242
-1252
-1262
-1310
-1365
-1386
-1349
-1295
-1266
-1173
-1126
-1052
-949
-757
-519
-355
-251
-165
-29
101
249
366
510
619
628
715
813
941
1039
1085
1121
1153
1180
1179
1167
1113
1066
994
943
902
787
709
599
536
497
445
366
250
147
63
6
-18
-20
-81
-129
-150
-133
-33
7
31
44
80
126
191
296
389
442
452
494
584
689
761
769
798
800
797
807
823
807
759
664
594
558
516
458
357
290
216
118
69
2
-65
-151
-236
-321
-362
-406
-461
-510
-562
-605
-666
-676
-670
-727
-740
-796
-832
-867
-901
-920
-933
-931
-983
-1037
-1088
-1097
-1101
-1102
-1093
-1142
-1154
-1190
-1223
-1205
-1164
-1116
-1039
-946
-842
-751
-700
-604
-483
-313
-181
-111
-3
61
135
230
360
508
639
715
775
844
912
1000
1084
1166
1200
1162
1152
1131
1141
1154
1159
1149
1110
1058
995
929
876
831
765
713
636
536
485
418
380
313
255
222
229
237
212
179
178
208
241
314
381
406
446
439
450
514
595
632
637
618
586
579
560
561
510
453
373
225
138
46
-39
-154
-275
-384
-473
-557
-634
-702
-775
-819
-899
-932
-953
-1013
-1014
-1058
-1078
-1086
-1082
-1087
-1091
-1095
-1088
-1063
-1039
-1031
-1041
-1022
-1039
-1079
-1040
-1005
-994
-998
-1017
-1012
-987
-947
-908
-876
-812
-693
-542
-359
-234
-182
-93
11
146
273
402
493
564
613
682
806
932
1071
1138
1224
1304
1353
1453
1467
1472
1445
1405
1384
1369
1345
1265
1184
1090
1019
939
874
778
585
457
283
162
61
-62
-192
-335
-407
-437
-425
-401
-375
-405
-399
-350
-287
-172
-117
-54
-19
46
124
240
358
448
504
512
568
599
667
710
665
652
596
542
463
404
318
259
209
156
89
20
-43
-124
-170
-211
-291
-326
-392
-450
-502
-539
-529
-523
-537
-577
-605
-626
-641
-653
-645
-665
-724
-730
-760
-759
-782
-802
-834
-878
-923
-964
-982
-1037
-1065
-1114
-1123
-1097
-1108
-1048
-995
-889
-753
-636
-543
-455
-344
-214
-64
77
236
347
457
566
623
788
920
1046
1138
1194
1245
1271
1314
1343
1320
1271
1213
1141
1117
1074
956
887
775
684
621
560
492
394
260
146
73
24
5
-41
-72
-106
-153
-104
-46
12
34
46
77
141
239
318
363
386
402
412
491
562
575
601
569
556
544
552
546
499
430
332
255
190
162
92
24
-58
-172
-199
-242
-280
-314
-337
-363
-398
-410
-419
-428
-447
-477
-513
-515
-544
-630
-654
-699
-728
-768
-813
-856
-878
-884
-889
-918
-946
-958
-965
-935
-929
-960
-917
-891
-851
-803
-730
-658
-583
-495
-401
-258
-120
32
146
262
357
397
509
592
683
738
775
809
848
875
902
906
878
851
786
756
706
633
578
479
402
322
265
206
133
64
-5
-84
-138
-169
-218
-225
-263
-319
-296
-305
-291
-280
-258
-239
-198
-141
-76
0
46
98
162
279
397
501
643
717
758
760
820
879
934
946
914
882
822
802
789
794
754
622
540
476
436
402
354
288
214
137
69
11
-32
-50
-127
-177
-191
-254
-255
-286
-315
-364
-426
-479
-535
-588
-663
-758
-845
-898
-961
-1004
-1052
-1125
-1127
-1154
-1158
-1162
-1163
-1173
-1177
-1160
-1135
-1092
-1048
-992
-962
-896
-797
-711
-596
-503
-404
-329
-212
-80
44
150
196
248
311
392
455
535
606
635
676
674
719
809
897
885
861
868
897
891
825
811
819
812
756
643
660
636
577
501
447
444
412
356
296
274
259
248
213
253
288
250
240
242
312
360
386
396
423
459
458
475
509
547
512
494
454
415
415
391
354
337
247
239
516
705
736
562
438
242
28
-301
-567
-751
-712
-699
-693
-588
-502
-450
-533
-612
-763
-870
-1020
-1113
-1172
-1090
-979
-898
-776
-730
-675
-696
-728
-809
-857
-871
-850
-809
-744
-628
-518
-408
-361
-387
-398
-494
-575
-641
-663
-629
-599
-566
-533
-427
-282
-168
-134
-91
-42
-14
35
57
113
240
404
462
521
664
822
867
813
784
835
896
861
770
840
920
918
852
846
901
867
725
557
490
455
379
254
229
269
234
188
106
94
85
32
-38
-37
-18
-4
23
75
172
234
288
335
360
386
347
352
369
402
399
384
409
414
402
374
368
345
312
218
112
115
101
48
-7
-21
-50
-130
-233
-321
-354
-414
-488
-600
-633
-647
-751
-793
-827
-832
-880
-967
-1020
-1035
-1034
-1063
-1076
-1058
-1006
-1000
-968
-882
-845
-792
-782
-735
-663
-639
-631
-594
-527
-485
-459
-448
-413
-390
-368
-367
-393
-340
-342
-377
-365
-289
-135
-5
55
101
198
291
320
304
378
524
579
598
600
712
843
881
835
815
856
852
772
688
713
726
694
608
530
566
518
428
361
336
288
190
124
114
123
77
35
33
106
146
89
124
171
227
239
259
299
335
346
320
348
373
378
338
333
357
322
294
239
227
210
158
102
73
64
31
-33
-96
-102
-119
-124
-157
-218
-202
-268
-300
-304
-302
-324
-402
-458
-493
-504
-528
-538
-541
-533
-543
-638
-641
-675
-685
-688
-689
-658
-623
-592
-583
-516
-457
-430
-439
-415
-396
-404
-370
-374
-331
-291
-250
-257
-257
-250
-267
-297
-336
-343
-339
-304
-292
-261
-133
-30
31
27
57
124
180
230
279
376
461
519
547
623
713
753
772
731
724
711
702
671
671
680
653
605
559
529
460
410
365
303
283
206
133
111
124
108
81
73
84
100
63
41
37
72
90
38
67
84
105
116
127
164
171
164
158
180
183
201
187
243
277
248
273
265
267
272
256
223
221
238
208
154
100
165
363
487
431
214
64
-105
-254
-440
-578
-639
-658
-624
-571
-519
-592
-696
-865
-919
-892
-958
-983
-931
-772
-676
-646
-574
-479
-443
-500
-539
-533
-451
-376
-346
-338
-334
-251
-261
-304
-278
-267
-323
-327
-299
-284
-264
-217
-151
-78
1
44
68
202
292
302
326
417
540
621
681
752
842
884
902
912
972
1023
975
950
916
921
892
858
831
807
764
689
632
560
485
379
314
279
210
169
94
46
0
-44
-109
-164
-166
-200
-205
-221
-209
-185
-148
-106
-186
-245
-234
-225
-132
-89
-67
-35
-186
-125
-119
-119
-130
-161
-115
-159
-151
-185
-345
-299
-311
-388
-401
-471
-526
-559
-610
-620
-616
-689
-648
-659
-720
-617
-617
-571
-530
-487
-434
-424
-395
-324
-271
-223
-147
-137
-131
-58
-64
-28
-26
-28
-32
9
7
-20
-10
-53
-53
-91
-96
-112
-77
-61
-112
-70
-76
-87
-77
-34
19
57
106
164
254
328
356
371
452
538
547
599
635
660
691
713
729
751
760
739
688
624
604
566
527
480
391
350
296
264
244
193
125
56
-36
-98
-102
-179
-141
-78
-48
-33
-109
-120
-35
-39
-138
-85
-25
56
70
7
34
34
79
67
64
16
87
129
169
243
74
-40
-89
-94
-44
-93
-229
-151
-183
-218
-245
-379
-565
-715
-687
-604
-620
-628
-608
-634
-629
-619
-621
-727
-848
-604
-504
-546
-508
-560
-531
-368
-335
-415
-444
-291
-213
-153
-223
-333
-245
-147
-53
-111
-168
-59
-38
-30
-9
-23
-23
-22
-15
39
136
178
272
288
354
416
379
427
410
439
533
605
610
623
680
689
674
641
615
553
535
566
574
591
544
514
484
453
377
285
201
191
199
142
155
186
134
23
-22
-28
-88
-145
-135
-162
-107
-155
-195
-114
-25
-113
-239
-205
-131
-165
-182
-40
4
-97
-252
-105
24
-106
-77
-89
-69
-60
-58
-42
-170
-151
-152
-59
-205
-169
-150
-170
-23
-195
-184
-285
-303
-195
-182
-357
-330
-237
-272
-278
-338
-285
-289
-235
-287
-166
-84
-159
-122
-126
-81
-39
-7
-75
73
173
47
8
26
85
7
-51
-44
-32
26
-49
-69
-55
-18
-35
-84
-146
-159
-69
-56
-43
1
11
8
66
47
2
3
107
206
211
145
190
209
132
184
182
155
231
231
229
273
235
203
134
215
244
115
109
103
117
156
64
67
68
50
69
-63
-62
-42
-111
-142
-14
35
-77
-234
-99
-20
-126
-122
-124
-194
-127
-80
-141
-78
-133
-60
23
-15
-10
-128
-16
-26
-86
30
44
-24
97
64
19
12
-47
-60
-77
-187
-341
-250
-54
-121
-96
-207
-193
-254
-314
-343
-281
-119
-144
-150
-192
-149
-56
-192
-283
-161
-5
45
161
41
-16
183
229
188
105
220
241
225
207
139
265
208
193
163
134
218
224
321
211
205
156
196
206
96
80
74
162
120
120
38
17
-41
-167
-138
-197
-96
-77
-25
-48
-309
-286
-207
-216
-255
-198
-121
-183
-172
-111
-53
-173
-289
-91
108
-5
-168
-55
84
73
-43
-115
-123
74
161
-113
-21
83
85
71
-35
9
-75
-19
-46
-110
-101
-78
-19
122
146
-81
-125
82
204
-18
-29
243
138
47
118
175
95
-98
50
258
138
71
71
-43
19
-114
-67
-106
-248
-113
-190
-273
-325
-257
-176
-313
-370
-489
-268
-74
-151
-230
-164
-83
-55
-63
-233
-14
121
141
190
108
170
154
94
54
123
172
146
204
230
187
124
-15
39
136
-38
-17
-18
91
273
-14
-99
52
103
188
-112
-73
32
208
153
6
49
-118
6
328
-26
-247
9
181
136
179
52
-83
80
247
-64
-9
160
117
178
114
166
117
74
134
37
-6
-19
13
-25
110
-98
-203
23
-217
-209
-158
-70
-71
-146
-106
-221
-236
-288
-165
-142
-271
-180
-36
-126
-147
49
-66
-208
-158
-156
-153
-48
-126
-99
-154
-304
-39
-106
-198
-149
-234
-172
-133
-110
-51
-98
-190
-150
85
44
-142
-164
99
10
131
79
-46
64
49
302
87
-33
238
280
224
-20
2
98
150
236
171
59
157
317
56
164
-38
-175
40
204
252
161
179
-11
62
83
15
-55
-200
-137
155
82
-7
65
6
-45
-147
-109
85
106
234
84
-43
49
346
145
-138
-47
198
222
-4
74
-177
-169
157
140
-63
-170
-227
-113
137
-88
-166
-272
-187
-146
-195
-69
-273
-259
-159
-229
-28
-22
-118
-231
-215
2
-65
23
26
-144
-256
-177
117
60
-37
-181
-71
76
50
-261
-59
25
-352
-224
58
-47
-114
-18
-267
-171
91
-36
-42
-154
46
198
142
50
-11
131
165
136
89
209
255
454
403
278
354
374
387
184
337
248
97
98
153
363
159
49
-40
-211
125
184
-235
-126
-52
68
-60
-30
-40
-287
-41
-27
-3
-13
-74
-140
131
22
38
39
75
131
25
-40
27
116
123
42
93
37
266
121
-128
8
-23
155
-110
-199
-7
-73
-224
-54
12
-79
-53
-127
-181
-142
-17
-179
-299
-101
-120
-208
-200
-75
-46
-168
-280
-144
181
192
-120
-198
18
264
237
22
19
139
38
8
153
82
127
115
25
169
394
95
-81
92
295
146
-70
121
219
195
-70
-23
222
336
118
37
143
18
212
166
127
166
33
201
176
306
-18
-169
278
162
248
-52
-37
384
210
-67
-124
73
334
-110
-322
57
227
220
-252
-289
213
126
6
-523
-191
174
55
15
-238
-330
-84
268
78
-135
-27
-19
39
96
-25
-142
152
229
160
-14
-62
210
257
38
26
-100
-29
199
-89
59
66
-52
-75
-68
36
-134
-219
-106
270
143
-125
-96
-101
-43
-78
15
-70
-137
186
-54
-33
-4
148
-16
-238
-43
64
66
-128
-259
33
288
13
-141
-20
79
253
206
-65
-24
58
297
257
162
33
-25
389
371
-48
-146
-53
298
179
-17
-80
220
319
116
-246
-144
245
326
-112
-13
318
209
142
8
-108
-223
108
44
-170
13
18
199
35
-138
-72
65
-111
-153
-88
22
223
-41
-206
51
211
-78
-184
25
81
229
-80
-52
278
18
127
84
141
292
235
366
179
282
128
10
348
321
-3
95
291
220
160
176
28
-54
101
161
97
-100
-37
143
-68
236
17
-229
8
66
93
-208
-53
-18
7
-156
4
7
-92
-35
-69
-96
-49
37
-129
-273
104
-6
-130
-89
-53
-51
-6
60
63
-41
-138
319
15
24
100
-199
-12
113
149
-176
-7
205
-79
86
-161
-75
-69
-56
-49
-124
-43
-77
80
-33
-214
36
-74
-53
-13
-144
-52
102
146
116
-155
258
236
-100
62
135
134
105
130
75
47
369
223
-11
174
278
29
-69
189
196
129
100
20
73
88
54
201
207
214
-29
-37
367
292
59
-144
277
549
118
-33
-24
252
82
5
-91
79
177
28
69
-143
42
-130
-36
224
-175
-292
-205
182
38
-234
-231
-276
107
158
-285
-484
78
229
-274
-348
-270
-28
23
-274
-167
-36
-66
-177
-187
-93
-68
-213
-227
68
175
17
-32
49
31
142
25
21
-40
188
304
64
-25
12
202
243
-8
-257
-216
95
271
63
-251
-207
8
206
-60
-147
-106
48
42
-45
59
110
64
-116
1
83
115
207
-112
-87
153
200
65
-205
-161
-4
233
-85
-141
-85
-184
60
-42
-115
-349
-146
84
-96
85
-205
8
103
49
172
12
47
127
218
43
40
249
347
248
-119
181
340
228
420
-119
-76
107
294
253
-145
48
94
118
96
15
25
-358
-260
136
157
3
-309
-49
139
88
-59
-352
165
152
-71
240
25
194
-283
-29
322
146
41
-249
55
305
236
-3
233
281
-47
68
106
358
231
20
-169
-108
331
133
-123
-178
156
74
109
-162
-78
170
-330
11
16
80
-36
-312
-9
-121
52
72
99
207
20
108
55
68
223
123
-209
163
434
4
-165
157
143
-32
298
124
-33
35
147
73
223
242
-79
34
7
305
277
-201
92
139
178
-55
47
126
-135
187
23
16
231
134
22
-49
53
250
156
116
100
132
170
108
224
-38
-113
138
70
221
243
8
-303
-15
324
163
-82
-80
-22
-37
260
-92
-252
75
21
244
-14
-146
-68
102
185
-337
-167
96
120
199
-75
-148
17
38
61
-135
-185
-39
-91
145
122
120
-44
-247
-121
-38
14
-234
214
316
-32
31
-138
152
-38
-317
-222
-91
271
-35
-386
-308
-143
99
-259
-382
-62
-80
64
-137
-243
-88
17
53
-88
76
52
-75
-70
-91
149
123
-8
-16
108
338
165
1
-118
6
39
48
112
-6
55
85
104
236
-26
-364
-63
73
167
308
-98
-152
250
68
227
138
-62
-217
-108
382
362
228
205
-46
287
138
-137
-40
-13
180
279
8
-132
192
252
18
-363
-209
119
169
56
-263
-21
96
24
-65
-275
35
130
-161
-272
-157
-213
-235
-12
37
-99
-301
-121
69
-164
-57
-91
66
-65
-39
35
-21
59
-41
48
160
130
-12
95
-73
-37
152
115
110
-15
-80
-109
64
100
-76
-180
-74
32
-46
-110
-176
-148
110
125
-182
-366
-48
363
199
54
-237
-67
299
281
41
-303
-198
195
169
177
-69
-97
212
149
60
-122
-44
-52
72
-118
24
198
-179
-1
-122
-25
56
-15
-93
-116
107
190
-14
-17
-94
114
162
102
107
34
-31
51
15
46
127
192
75
22
-22
12
-2
44
249
-3
36
-41
-100
227
271
189
-270
-127
145
65
218
-127
-104
46
252
143
-438
-124
-92
-19
-18
34
270
24
-149
58
75
86
150
-236
-27
320
128
-40
-154
87
271
111
-114
85
112
28
162
-55
90
19
51
-136
-189
176
-85
-76
-99
171
-65
-212
152
100
-48
-172
127
38
-122
-3
-225
-117
-78
87
-37
-6
-63
-200
-10
191
15
-71
-234
-252
191
8
56
-67
-391
27
231
133
-289
-238
104
-38
60
17
-144
-169
39
43
-256
-75
7
-176
-93
157
32
-51
-150
-14
92
52
210
4
-45
72
-118
-78
223
50
57
122
64
-211
113
411
4
-139
-96
200
227
7
61
-171
-143
138
115
50
-158
-48
192
102
-133
-157
38
142
33
-231
-43
100
-9
26
-110
-120
-115
-59
-18
-104
-100
9
-73
153
-38
-96
-85
-49
111
-42
32
90
-105
16
-121
-183
-205
-197
41
-106
-112
-109
-103
-239
-305
-59
-66
-33
15
-206
-257
-150
-140
-179
-90
41
38
-260
-178
-69
-224
-60
26
-17
-220
-9
200
-14
-13
-17
-73
5
-2
1
-335
-198
128
-172
54
-75
-123
71
7
-222
-186
56
-36
91
186
-75
-35
60
83
151
87
-9
-30
222
155
38
-42
-124
23
169
116
-204
-78
6
92
95
-97
-129
-21
-34
-131
-86
243
15
-297
-246
-14
107
-116
-279
-278
81
42
-230
-186
-61
19
86
22
-3
-123
-40
69
79
71
154
68
-188
-113
30
211
105
-224
-162
-16
-44
-5
-70
-202
-183
-106
-22
52
10
84
-86
-109
163
-51
-85
-78
-109
6
53
-91
-394
-305
125
49
-94
-120
-175
-188
37
63
-215
-132
65
12
117
-59
-188
-30
123
124
-252
22
267
194
37
-128
306
300
-86
-98
22
121
218
42
-223
-200
26
169
6
50
78
-118
-28
218
135
7
-103
64
154
140
183
-11
-19
103
-32
165
257
39
-76
100
304
178
-73
-171
-64
34
129
-118
-176
77
73
-28
-236
-149
-18
4
31
-101
103
19
-143
-141
-31
126
-86
-119
-65
-52
72
38
-162
-49
-21
31
-106
-192
37
-79
-24
-184
-388
-150
-35
14
-42
-128
-242
-94
137
-126
-402
-296
-19
191
56
-314
-348
-131
0
86
-11
-141
-71
113
88
-77
-196
-288
-47
107
111
-88
-172
34
268
243
-41
-226
-18
167
137
-14
-63
-25
-26
199
326
-116
-258
-77
174
307
73
-190
-209
86
312
132
-324
-156
-58
43
56
-147
-107
-5
-36
-65
-72
40
-25
45
198
83
74
-56
-93
109
127
99
-12
-83
-206
26
211
-149
-211
-242
154
91
-98
-102
-158
131
111
-104
-169
-100
294
249
-86
-117
-12
165
274
126
40
-34
51
118
108
47
-136
21
-2
-70
155
55
-102
-52
-38
-22
-15
7
-96
-148
-91
23
30
94
-138
-225
1
-102
-128
66
-16
-136
57
87
-121
-98
-6
-45
-148
-87
64
10
94
-36
-282
-157
17
86
-54
-233
-149
88
79
33
-132
-356
-84
186
54
-213
-199
13
294
219
-72
-27
30
8
-9
-78
-41
-49
-37
124
-76
-78
-38
41
56
-77
-9
42
78
-21
-239
-149
-151
-47
35
-63
49
-17
-67
-35
-75
-237
-162
-40
-40
-158
-152
-120
-51
-56
-219
-119
-35
25
71
-75
-95
-54
-46
-26
-13
-1
-40
-71
-29
-16
165
120
-38
21
15
169
207
139
98
-86
26
177
121
108
-58
-46
-43
-7
3
-52
-161
40
36
-154
-101
-45
-62
-7
-48
-131
-28
11
4
-137
-81
-7
-28
-15
-17
-190
-87
66
113
-62
-158
5
219
111
-107
-124
-77
44
128
70
34
19
-73
-122
-174
-47
43
3
143
101
-135
-249
-74
-153
-91
-92
-153
-85
-80
-232
-98
63
174
94
22
-66
-116
7
59
114
61
74
74
30
-99
-43
-108
-28
38
-28
7
-35
-147
-136
48
214
9
94
34
-166
58
77
23
-60
-67
70
254
148
-112
17
187
153
105
154
285
187
86
63
9
-8
-9
55
68
112
30
-37
153
155
-122
-149
-54
26
127
190
55
113
140
-52
7
-32
68
92
19
48
-55
-32
-58
-115
4
36
-83
-128
1
67
34
-32
-34
-43
15
-65
93
298
103
-61
210
259
99
73
58
59
187
83
58
47
97
99
-23
47
152
111
18
-48
-38
-112
-199
-81
0
-28
74
35
6
-139
-170
-56
-153
79
219
106
84
43
-8
45
30
-25
49
214
246
21
-101
-132
-48
50
38
72
-157
-101
167
114
-9
-133
-175
-66
1
-10
81
89
105
93
-48
-71
28
38
-19
-44
34
22
-52
53
17
-214
-116
20
-1
23
128
-7
-103
-104
-48
-69
-36
170
90
13
269
175
-139
-186
27
93
98
91
-93
-44
70
-22
-82
-169
-98
-34
9
111
-63
-103
-2
-108
-140
1
158
93
35
56
76
2
36
183
48
72
135
186
278
125
5
-159
-76
158
97
43
-103
11
62
37
22
-44
-77
-38
-21
-36
69
80
4
-19
151
119
-5
-39
-105
-52
-30
130
127
60
76
-87
-69
-12
45
-50
-52
131
130
105
-75
-44
57
59
-32
57
85
-59
29
17
-4
101
84
111
38
7
11
190
158
71
154
100
91
40
105
183
148
130
151
148
-26
-39
89
131
114
132
100
35
55
156
95
-79
-121
-168
-27
112
187
55
-24
-17
-76
-60
-85
-132
-113
68
164
8
-112
-108
-79
-98
-101
48
77
65
213
117
-26
77
39
-76
-10
73
82
124
150
34
-24
-10
17
-91
-186
-76
48
156
113
-105
-204
-226
-137
-44
-29
-13
-33
-85
-18
100
143
-21
-101
-26
61
198
187
91
136
95
62
-11
0
84
23
11
-68
35
83
-29
-50
-121
-77
-15
-36
15
-39
-54
39
154
153
36
-30
46
76
87
77
75
77
13
54
38
63
10
-19
71
82
69
66
20
-40
-30
130
90
76
47
-46
-94
-2
106
-19
-51
-59
-23
80
111
-20
-70
-12
20
78
14
9
-17
-23
-13
-65
-137
-125
-147
-65
169
28
-136
-112
-69
3
-39
-161
-147
44
129
32
96
84
77
-18
-154
-153
-87
62
-3
-91
-102
-25
7
-25
-103
-181
-182
-38
17
4
17
47
38
-20
-81
-107
-111
-52
23
48
1
-2
35
-17
4
61
3
-8
42
78
1
-63
63
110
34
34
-90
-139
-114
9
30
-162
-169
-91
-4
6
-126
-156
-108
63
50
-101
-93
24
22
-66
-76
-37
10
-9
-27
-85
-127
-63
25
-6
-93
-95
-39
58
45
34
19
10
92
2
-55
-82
-79
12
60
13
-50
-85
39
118
-11
-85
-59
-44
-21
-77
48
111
-33
-55
-28
-11
-14
-18
113
144
53
21
21
62
33
-57
-25
15
20
-15
-59
-10
23
10
-58
-69
-67
-62
-104
-85
-2
39
86
55
-37
3
-10
21
-3
-12
-7
-37
-26
-38
-27
-53
-7
-44
-74
-96
-189
-165
-125
-127
-150
-100
-156
-127
-18
-101
-136
-111
-74
-60
-17
-3
-37
16
30
63
28
5
46
-35
-67
-35
0
17
25
51
30
10
-42
-14
-54
-4
27
53
128
159
139
41
-14
36
126
117
46
48
68
181
169
90
7
8
104
101
14
-10
70
117
81
25
49
18
-25
16
-17
-50
-75
-45
-31
-34
-22
-58
28
83
15
-41
-44
6
-9
5
-38
-2
113
86
39
-24
-81
-59
83
115
62
51
102
116
62
23
-44
-37
35
56
12
11
55
61
14
-41
-71
-31
68
59
-17
-15
48
74
24
-24
-71
-61
4
52
-25
-87
-60
-23
-3
-58
-116
-78
-43
-30
-40
-86
-83
-91
-84
-20
26
-12
-24
-13
-1
16
-35
-2
9
-21
-2
-7
10
-13
-39
-52
-60
-62
3
-4
17
45
-16
-27
-47
-56
