75
86
112
112
114
123
92
118
144
109
87
86
76
90
122
69
83
65
68
96
86
44
3
16
46
94
78
29
15
58
86
68
89
45
42
79
96
103
81
60
44
72
123
132
75
57
76
81
108
71
44
19
34
51
38
37
20
13
23
51
63
82
76
28
35
49
86
106
64
38
71
83
73
53
61
79
76
79
67
71
82
69
39
33
40
51
77
99
50
34
34
84
95
90
72
50
91
90
99
57
28
22
77
138
123
44
23
95
119
130
94
22
92
114
71
73
44
54
81
108
52
3
20
117
73
67
87
85
113
84
88
102
88
105
118
103
130
78
74
158
185
131
79
87
189
171
161
110
63
130
169
143
120
71
62
146
178
176
120
39
88
134
103
51
54
48
113
123
77
82
94
121
142
109
67
63
139
182
185
119
111
134
133
146
158
151
121
105
141
166
157
182
156
81
115
96
91
112
170
186
61
52
126
174
93
35
74
125
166
118
103
84
66
109
140
140
51
19
77
153
143
136
45
42
96
106
108
36
53
63
117
164
101
60
-1
81
134
138
118
10
107
171
123
95
61
67
80
107
56
84
47
92
117
102
95
43
111
111
108
71
66
76
85
62
94
34
15
57
48
106
64
68
-17
56
77
18
56
48
34
-15
97
154
115
66
50
116
73
41
50
4
83
162
157
67
8
52
81
111
-6
-19
24
62
60
46
93
-44
-26
84
47
44
83
9
-42
97
118
81
13
37
82
86
108
31
-34
8
92
86
17
-63
40
81
15
27
-10
87
21
56
127
58
-66
37
83
60
59
-18
72
47
60
121
61
42
33
125
50
63
61
3
18
55
75
43
1
51
105
51
18
23
31
28
110
67
45
5
67
147
55
52
70
64
60
117
147
33
87
109
79
84
97
50
66
89
57
111
129
97
16
156
69
39
142
73
61
-19
78
64
101
3
65
52
26
55
74
54
-22
72
169
163
10
10
79
120
155
144
107
-11
100
168
121
61
15
74
139
141
73
73
69
85
32
1
84
108
52
43
-39
75
141
62
7
-21
43
121
114
-80
-4
100
117
41
100
-12
-14
37
-39
192
79
-116
34
31
-14
65
31
-91
-25
255
116
-114
-154
146
138
142
74
-38
47
-29
186
26
-65
159
5
-15
70
175
-35
-93
130
148
32
-197
88
144
27
42
95
-84
-60
-10
129
79
-55
110
-83
11
158
91
-18
-19
-37
41
134
7
-53
-25
-40
243
-67
-117
4
-1
202
41
-137
-44
75
91
47
8
-31
19
72
101
94
-61
-30
85
206
107
-143
85
82
-95
-6
47
31
2
-76
-20
20
164
-11
-122
76
120
221
-113
-179
107
215
127
-271
-115
253
360
30
-231
-221
76
265
-28
-224
-160
169
271
36
-207
70
159
63
56
-15
93
-2
61
177
31
29
-20
12
-59
212
69
-103
-15
-85
16
187
72
-149
-39
318
46
-132
11
82
273
-48
-103
91
176
138
-104
28
293
17
62
130
70
111
168
288
-37
-55
221
242
82
23
-20
43
270
23
-69
89
39
108
-17
271
181
-96
42
220
141
152
39
-2
-21
189
430
-36
-146
16
107
230
42
-141
-71
30
217
294
-73
-147
207
235
21
40
17
58
199
138
-36
161
189
-36
36
101
51
86
197
-60
-72
-59
302
234
62
5
30
243
217
-38
-147
246
382
158
-62
-80
110
294
-35
-40
106
186
-7
-7
177
326
-178
-256
454
172
92
-37
273
212
-22
-71
64
285
99
31
27
130
64
-386
-106
291
113
-89
-87
118
350
178
-121
-157
177
92
-73
121
-2
159
55
-17
42
231
87
76
38
-206
123
355
185
50
-9
78
151
-154
-77
233
177
118
-47
187
-1
-114
138
114
-60
204
208
39
-97
-107
263
-11
176
3
-118
94
239
190
-335
-96
317
367
68
-216
-14
576
149
-314
-14
228
305
-57
28
164
191
66
-21
72
169
50
13
195
70
-3
102
-2
69
78
-89
235
258
15
-47
83
454
-274
-36
445
200
-71
-132
429
420
80
-363
-93
182
248
386
-172
-483
230
429
35
-290
-85
173
117
115
129
-183
152
363
-133
18
49
340
-89
-231
157
33
21
-134
117
-15
171
244
-380
-56
309
334
-186
-397
183
607
-19
-93
161
-120
208
273
101
-205
-90
299
127
-88
-147
240
413
-82
-183
145
209
-203
26
57
410
-24
-318
117
151
26
20
-58
-347
337
510
-159
-417
-180
371
332
-357
-335
393
193
-211
-211
187
161
41
-165
27
215
104
305
-64
-154
199
122
-275
-228
81
69
119
-52
-354
187
351
-208
-280
112
115
-151
169
-214
2
347
-143
-310
-112
227
245
-498
130
397
-224
-168
136
157
-47
-233
65
162
-423
62
444
171
-57
129
81
-47
36
450
-283
-196
189
209
147
-335
-317
511
441
-223
-123
130
453
95
-157
-111
-13
333
411
-386
-110
143
236
-485
-99
606
-114
10
-170
52
253
-113
-312
38
498
-228
99
238
113
72
37
235
-227
-159
-130
578
263
-448
95
290
531
-54
-662
421
453
-146
-484
164
484
-219
177
42
153
-17
-61
106
122
303
285
8
-298
572
2
-70
-244
260
588
-255
99
42
133
137
71
22
-204
77
318
-139
-301
170
426
-85
39
126
-97
277
156
29
138
-67
-178
374
221
-124
231
136
341
250
-146
-117
268
18
-51
160
188
-174
143
189
50
183
5
81
-63
-153
21
336
-333
-118
470
-157
-96
97
4
62
-43
94
-118
-69
2
299
-29
-170
192
-234
133
271
-291
-61
252
286
-253
-368
305
27
221
-604
-203
561
61
-469
-331
291
507
34
-769
-82
737
-312
-364
-194
109
379
-142
-251
246
323
-367
27
-279
131
283
-269
-58
-129
184
69
-30
-351
-156
247
55
-238
-411
173
149
65
114
-401
176
798
-381
-437
515
227
-359
-244
322
-121
-33
8
13
242
-141
96
216
-96
127
139
-232
-40
-458
-180
594
-221
-428
-109
156
187
-140
-557
194
396
323
-199
-496
-252
512
28
-563
465
-406
-7
450
-347
-193
622
-37
-292
24
340
195
-76
-281
-7
771
-390
-1010
194
659
-47
-404
-425
278
484
-424
-263
79
-112
-45
89
6
304
20
-685
412
290
61
48
-424
846
221
-453
37
-47
-212
197
105
23
-122
-384
420
-45
-428
31
456
445
-842
196
430
117
-407
-22
567
-533
388
-417
4
493
-376
-221
546
235
-659
232
60
-163
-300
294
213
-316
389
-37
-327
377
-208
-139
383
203
-392
-3
94
-108
-16
-511
-27
531
-342
-389
558
42
-338
-14
40
62
454
173
-21
-42
141
363
-311
-72
425
-549
198
394
-454
141
39
-494
345
272
65
-78
-431
513
-194
126
28
-287
457
108
12
-10
-203
22
810
-522
-587
505
-77
718
-589
-824
837
651
-477
-562
597
-123
96
-254
306
616
-748
106
600
-155
-622
686
262
-325
258
-732
292
298
-310
-162
114
602
230
-221
-994
466
1092
-842
-354
291
662
142
-387
-201
166
31
133
563
-373
-141
762
-255
-498
45
214
411
-154
-744
1069
712
-718
-679
632
607
-577
286
-247
43
44
538
-148
-406
515
-57
34
-66
108
-169
244
434
-218
96
-362
-121
759
349
-565
-763
915
861
-854
-590
630
574
-59
-355
24
357
431
-284
-192
364
-304
257
548
-385
15
731
-544
210
10
-282
154
-6
204
-9
109
-177
-102
-336
88
793
345
-805
-634
914
529
-847
-628
941
567
-459
-214
190
224
223
19
-288
-162
-25
523
2
-212
362
32
157
-356
-147
374
388
-63
-293
684
3
-285
175
466
229
-649
262
883
-900
191
564
-453
369
199
-178
-115
499
147
-418
264
158
-320
-17
385
4
-149
-161
-192
251
-197
307
199
85
447
-297
44
7
222
-235
76
553
146
-161
138
345
75
-166
-295
335
-8
-166
268
-383
279
442
-277
210
-125
534
-332
-149
-130
187
118
-260
798
-745
408
386
-148
-123
-130
512
-471
173
107
92
224
-532
470
62
220
-679
-311
759
-69
32
-39
384
10
-1001
478
600
-424
479
-451
144
389
-412
-146
933
135
-518
-190
25
649
-945
-287
1216
43
-1379
289
496
-187
380
-251
336
262
-753
62
445
-285
34
-23
-4
142
458
-554
315
-57
-67
582
-548
150
550
170
-271
-83
75
354
327
-136
266
-502
-232
793
-586
-314
707
-90
-9
32
614
-402
-783
459
977
-905
-424
1012
-328
-15
475
-306
416
-355
440
196
-1307
1242
167
-533
251
556
69
-762
123
1449
-451
-854
1098
303
-773
-387
823
346
-1041
-101
1031
330
-151
-357
-29
904
-384
-750
923
-333
-136
1034
136
-365
-360
705
121
-327
558
-269
-69
-76
676
480
-855
434
64
-239
359
-75
-286
211
741
-598
124
316
-827
145
153
530
107
-1216
831
838
-1252
506
796
-430
-323
570
700
-1229
-829
1099
602
-1065
184
540
-859
134
1000
-256
-385
706
-513
208
-278
-431
585
-390
-54
572
-22
-382
-541
168
932
-391
-749
341
1033
-238
-1515
460
618
-944
697
346
210
-582
-814
927
-71
-538
140
-177
525
475
-963
263
-453
-490
453
671
436
-538
-557
580
704
-655
-931
989
760
-1136
-315
1136
332
-654
-441
1064
-293
-1216
476
855
-128
-661
117
95
371
-619
104
426
-351
-352
510
155
-569
210
41
268
-306
23
957
-440
-549
133
1186
-421
-1223
1113
706
-571
-951
1331
55
-1292
761
792
-340
-625
199
161
229
128
-588
250
217
-804
258
-337
600
13
-623
152
851
173
-1444
-337
1500
472
-1461
-235
1356
-131
-1395
144
1643
-278
-1786
1226
1376
-1012
-531
985
277
-237
-493
665
-267
-532
586
376
-682
-192
537
122
227
-553
-181
400
145
-673
816
-79
-650
-51
375
349
-431
53
364
190
-194
-327
-334
532
595
-1076
-5
765
-75
-452
-62
1135
-1059
-816
470
795
-330
-659
470
197
-624
-324
339
273
-622
-24
324
-950
798
149
-187
-60
83
130
-756
98
418
202
-426
-136
129
-399
-347
-248
178
-151
125
-531
-776
706
248
-1025
-382
991
223
-414
-170
-52
359
-445
-276
570
-350
-317
-82
-91
-224
-424
-935
210
663
-930
-627
842
-105
-595
-138
290
-235
-317
454
-236
-733
27
206
99
-280
-49
232
-523
-534
446
384
-810
-260
388
180
-655
-713
681
149
-315
-7
590
-517
-1034
699
454
-406
-847
12
687
-282
-590
-410
145
357
-213
-424
-78
-153
-67
73
171
32
-799
191
108
-332
169
-430
-139
-65
-49
265
-756
-657
432
-181
-430
-674
322
-348
-413
420
260
-657
-932
549
386
-458
-295
-201
289
388
-834
-235
248
-76
-249
462
323
-828
-566
361
-18
-1048
265
959
-732
-108
686
289
-208
-1016
393
286
-604
-291
121
-289
6
-179
-398
173
-74
178
5
-557
233
325
-704
-50
381
61
-119
-268
498
158
-433
379
157
78
-512
-56
355
155
44
-98
300
-73
22
-250
-22
265
-54
6
-266
236
35
-487
-55
477
106
-2
-58
105
77
-301
148
-92
-64
-19
209
770
253
-530
-479
354
-185
-415
19
-243
-241
87
485
-288
-606
-260
365
290
-332
-303
61
243
279
126
24
-206
-551
74
336
74
-151
-533
71
337
29
-617
-548
158
62
-328
-162
-126
-388
-420
114
496
-156
-734
-105
483
312
-223
-236
16
-495
-72
570
120
-688
-186
594
58
-160
-245
-512
-415
-45
212
40
-451
-22
249
112
287
-243
-556
-278
-166
273
120
-406
25
53
-1
94
-266
-329
-118
15
294
57
-379
-243
-340
-423
-5
-146
-346
-53
250
310
-243
-584
-532
-401
48
155
-7
-20
-350
-366
111
-220
-555
-300
43
296
51
-69
-113
-376
-204
-250
-89
-141
-497
58
252
-260
-498
-404
-393
-374
-137
215
-32
-332
-91
39
-201
-258
-250
-208
245
383
265
73
-257
-258
-59
242
195
-195
-71
297
158
-1
-203
-157
-126
-18
219
213
135
-126
-8
305
353
39
40
310
385
378
249
95
-60
-84
29
183
295
156
69
164
322
348
138
24
265
414
514
553
601
628
366
394
436
426
375
276
288
404
427
252
32
-159
-159
25
102
86
210
10
-202
-32
-10
118
-168
-398
-164
-2
-260
-730
-797
-807
-814
-753
-716
-923
-1224
-1301
-1076
-1118
-1542
-1726
-1588
-1432
-1377
-1289
-1498
-1654
-1795
-1598
-1513
-1890
-1952
-1579
-1206
-1389
-1596
-1732
-1630
-780
663
1659
1310
812
989
1886
2356
2227
2175
2443
2949
3303
3420
2816
1939
1190
1154
1636
1606
1119
607
674
1001
1183
1151
969
623
441
1058
1812
2035
1600
1386
1748
2033
2043
1814
1627
1497
1569
1803
1966
1577
998
686
721
879
650
218
-131
-275
-300
-396
-806
-1250
-1496
-1546
-1501
-1527
-1798
-2257
-2451
-2223
-2156
-2443
-3005
-3178
-2650
-2361
-2322
-2311
-2314
-2570
-2753
-2509
-2349
-2356
-2478
-2330
-2006
-2179
-2543
-2366
-1541
-667
779
2355
2992
2239
1308
1991
3256
3412
2699
2786
3825
4536
4053
2758
1641
766
126
-66
216
396
-54
-829
-1279
-1347
-1534
-2109
-2497
-1805
-531
481
1097
1363
2203
3532
4097
4023
4286
4723
4862
4871
4966
4816
3944
2791
2172
1984
1390
430
-55
-198
-502
-867
-1141
-1433
-1616
-1738
-1504
-917
-560
-691
-767
-454
-105
125
46
100
301
237
96
131
-43
-581
-1084
-1468
-1732
-1966
-2516
-3333
-3924
-4359
-4723
-4843
-4689
-4799
-4955
-5028
-4752
-4368
-4166
-3928
-3395
-2792
-2155
-1076
402
2428
4304
4936
4145
3543
4305
5667
5897
4837
4251
4782
5069
3874
1973
380
-631
-1429
-1966
-2002
-1906
-2266
-3266
-4019
-3909
-3368
-3095
-3121
-2473
-885
880
2041
2515
2590
2782
3616
5194
6703
7315
7182
6348
5499
4953
4310
3277
2185
1377
1021
866
190
-1152
-2567
-3372
-3451
-2790
-1975
-1605
-1449
-1246
-863
-494
-289
-95
276
1055
1873
2459
2453
1793
964
476
219
193
145
-292
-710
-1169
-1824
-2536
-3448
-4454
-4999
-4980
-4777
-4677
-4777
-4872
-4902
-5054
-5023
-4675
-4050
-3500
-2717
-1745
-1092
-834
-747
-130
1343
3620
5232
5436
4501
3704
4107
4756
4364
3224
2566
2750
2839
1969
460
-972
-2158
-3008
-3296
-2819
-2350
-2474
-3092
-3531
-3154
-2357
-1969
-1853
-1143
203
1718
2596
3154
3904
4230
3746
3681
5189
6637
6139
4708
4366
4524
3627
2076
1244
930
361
-239
-226
-185
-1039
-2302
-2783
-2150
-1344
-891
-664
-225
331
369
346
565
805
884
1087
1487
1942
1716
804
100
-259
-511
-966
-1214
-1348
-1441
-1809
-2461
-3039
-3435
-3859
-4382
-4422
-4096
-4164
-4617
-4370
-3982
-4069
-4462
-4015
-2727
-2008
-2125
-2318
-1911
-1628
-1309
-397
1588
3867
4887
4109
2817
2726
3515
3959
3297
2704
2987
3476
3148
1829
240
-1145
-1899
-2171
-2010
-1521
-1226
-1592
-2548
-3293
-3160
-2383
-1896
-1590
-862
558
1773
2135
1822
1811
2620
3724
4110
4266
5388
6090
5191
3941
3753
3728
2794
1827
1702
1894
1418
184
-795
-1164
-1577
-1878
-1608
-1110
-659
-565
-760
-775
-618
-475
-170
503
1196
1544
1560
1237
850
481
98
95
243
123
-342
-699
-1191
-1885
-2552
-3212
-3488
-3374
-3156
-3393
-3883
-4428
-5109
-5551
-5468
-4825
-4287
-3997
-3653
-2901
-2518
-2826
-3325
-3239
-2251
-1025
118
1118
2703
4270
4595
3515
2238
2156
3175
4117
4055
3596
3245
2776
1616
69
-1095
-1478
-1483
-1614
-1805
-1678
-1661
-2328
-3449
-4021
-3345
-1960
-858
-289
297
951
1382
1358
1361
2167
3337
3928
3894
4306
5393
5471
3726
1886
1806
2528
2616
2246
1879
1183
37
-977
-1367
-1143
-1076
-1165
-1026
-508
-10
13
-442
-826
-506
397
1338
2032
2229
1764
971
542
469
514
423
315
292
-105
-810
-1668
-2569
-3287
-3560
-3542
-3201
-2925
-3290
-4196
-4998
-5166
-5115
-4918
-4581
-4207
-3924
-3696
-3394
-2643
-2022
-2152
-2578
-2510
-1613
-576
101
557
1238
2419
3470
3526
2574
1809
2165
3025
3142
2653
2319
2209
1657
493
-627
-977
-722
-920
-1660
-1992
-1696
-1574
-2113
-2924
-2931
-1995
-993
-555
-353
354
1003
1112
946
1348
2571
3650
3924
3702
3851
4487
4476
3299
2185
2425
3154
2952
2009
1407
1063
379
-558
-913
-544
-335
-678
-1025
-770
-403
-353
-621
-723
-312
335
808
903
876
775
588
355
277
504
488
-17
-593
-976
-1310
-1819
-2332
-2695
-2800
-2877
-2923
-3024
-3287
-3812
-4289
-4320
-4268
-4283
-4265
-4022
-3722
-3440
-3143
-2714
-2255
-2121
-2306
-2469
-2234
-1653
-1053
-484
437
2078
3743
4125
2759
1229
1463
2907
3742
3428
2964
3124
3019
1902
431
-276
-207
-466
-1408
-1872
-1299
-879
-1663
-3212
-3811
-2878
-1500
-894
-797
-321
392
678
505
809
2033
3440
4006
3692
3637
3916
4085
3674
2841
2279
2396
2792
2683
1975
1049
225
-713
-1331
-1201
-454
20
-472
-1126
-1124
-660
-463
-488
-309
334
1070
1464
1564
1458
1178
658
281
452
858
989
469
-480
-1296
-1775
-2114
-2508
-2873
-3105
-3196
-3236
-3342
-3566
-4011
-4360
-4319
-3923
-3524
-3448
-3373
-3333
-3330
-3151
-2663
-1877
-1433
-1638
-2015
-1988
-1778
-1418
-899
114
1810
3390
3654
2450
1232
1337
2374
2871
2666
2654
3157
3188
2008
578
-176
-364
-732
-1307
-1435
-862
-446
-1049
-2285
-2948
-2437
-1656
-1285
-1064
-347
594
875
605
736
1642
2612
2879
2576
2664
3520
4273
3894
2786
2287
2640
2784
2373
1898
1727
1284
337
-335
-132
330
138
-537
-968
-738
-291
-95
-163
-293
-82
258
420
485
594
673
506
301
353
624
567
-127
-970
-1397
-1299
-1188
-1275
-1734
-2262
-2670
-2848
-2899
-3060
-3330
-3749
-4095
-4197
-4081
-4029
-4127
-4211
-4165
-3779
-3268
-2835
-2444
-2286
-2294
-2386
-2222
-1639
-782
106
1376
3066
4127
3663
2202
1694
2547
3532
3396
2970
3207
3546
2770
1109
-71
-312
-374
-1095
-1719
-1503
-757
-756
-1984
-3190
-3191
-2241
-1573
-1413
-977
40
825
725
504
1062
2122
2818
2831
2974
3574
4168
4138
3447
2875
2909
3042
2615
1943
1591
1519
1084
217
-331
-334
-157
-408
-855
-944
-668
-411
-416
-493
-382
-51
206
323
414
655
849
674
362
231
293
120
-327
-794
-1050
-1096
-1225
-1579
-2066
-2465
-2665
-2741
-2946
-3227
-3314
-3308
-3362
-3673
-3889
-4039
-4202
-4275
-3917
-3143
-2629
-2358
-2171
-1938
-2074
-2265
-2017
-1441
-910
-64
1860
4028
4742
3182
1274
1068
2502
3677
3688
3456
3711
3770
2759
1148
142
101
-43
-766
-1332
-839
-23
-322
-2005
-3554
-3602
-2579
-1741
-1525
-1063
-311
193
-41
-299
229
1394
2254
2385
2563
3314
4229
4412
3773
3029
2779
3048
3274
3182
2847
2303
1544
684
48
-90
102
16
-522
-1074
-1020
-610
-535
-902
-1205
-913
-296
238
499
642
639
447
236
239
541
808
656
57
-580
-794
-764
-973
-1549
-2114
-2368
-2455
-2621
-2831
-3056
-3406
-3902
-4163
-4033
-3810
-3710
-3642
-3508
-3304
-3135
-2975
-2556
-1985
-1599
-1768
-1968
-1566
-639
186
1023
2399
3791
3976
2455
1144
1607
3303
4048
3340
2592
2807
3173
2398
794
-357
-430
-256
-615
-1131
-1093
-700
-1042
-2415
-3613
-3453
-2179
-1216
-1150
-1205
-689
-36
132
21
253
1154
2080
2710
3044
3271
3430
3517
3527
3362
3140
3061
3265
3213
2807
2186
1688
1229
607
144
86
157
-201
-724
-962
-883
-906
-1031
-994
-695
-383
-191
-20
128
40
-80
-27
150
266
236
138
-178
-626
-946
-1037
-1158
-1378
-1674
-1951
-2153
-2439
-2706
-2927
-3096
-3263
-3355
-3224
-3026
-2877
-2761
-2647
-2605
-2705
-2711
-2483
-1915
-1246
-855
-820
-1021
-1144
-1050
-646
155
1381
2516
2791
2007
1091
1114
1863
2373
2173
1891
2101
2490
2424
1685
779
155
14
82
194
255
273
37
-756
-1645
-2061
-1716
-1154
-868
-791
-608
-396
-339
-346
-259
-27
453
1258
2164
2667
2624
2503
2614
2819
2990
3314
3682
3777
3404
2902
2477
1997
1395
1018
845
500
31
-335
-450
-791
-1405
-1823
-1680
-1304
-1104
-1084
-1043
-1047
-1159
-1131
-923
-668
-443
-265
-142
-240
-461
-554
-630
-880
-1081
-939
-677
-740
-1130
-1425
-1735
-2121
-2268
-2229
-2058
-2034
-2082
-2095
-2190
-2330
-2404
-2452
-2578
-2605
-2320
-1550
-1045
-1416
-2238
-2570
-2090
-1076
146
1211
1736
1348
681
510
1036
1675
1979
2035
2258
2660
3022
2838
2046
1050
451
534
888
1127
1083
767
-28
-1026
-1685
-1579
-1148
-925
-833
-755
-612
-580
-639
-686
-593
-329
263
1161
1982
2212
1890
1625
1884
2555
3212
3447
3185
2744
2390
2264
2043
1465
674
154
10
-55
-362
-815
-1279
-1651
-1796
-1761
-1456
-1146
-963
-1021
-1153
-1168
-1005
-632
-215
-210
-442
-275
180
315
342
102
-179
-196
-171
21
-116
-325
-511
-646
-672
-662
-939
-1342
-1495
-1540
-1201
-1205
-1171
-1221
-1494
-1599
-1546
-1477
-1437
-1514
-1511
-1435
-1152
-867
-1048
-1443
-1769
-1615
-1276
-834
-281
358
688
396
-245
-478
-103
512
814
925
1108
1403
1749
1779
1482
959
643
744
1268
1753
1905
1607
1025
452
165
202
250
242
246
320
345
236
85
0
-85
-125
3
501
1114
1409
1129
648
294
298
647
1037
1153
788
377
225
347
293
-53
-393
-398
-119
198
343
145
-355
-704
-601
-114
231
240
16
-220
-207
-185
-87
-87
-197
-11
156
141
-82
-268
-294
-300
-451
-538
-377
-199
-217
-461
-672
-801
-869
-796
-668
-637
-763
-861
-909
-858
-856
-946
-982
-903
-785
-704
-641
-670
-765
-858
-792
-643
-618
-635
-742
-889
-994
-1010
-1009
-927
-746
-533
-485
-639
-862
-934
-739
-456
-243
-62
141
369
620
808
823
669
552
635
939
1222
1348
1222
989
831
702
764
800
766
671
590
562
494
375
187
65
71
198
270
252
157
52
165
291
359
321
323
383
489
565
552
474
370
361
390
468
468
376
305
190
106
39
13
-34
-90
-127
-122
-127
-173
-227
-276
-267
-255
-262
-213
-217
-262
-290
-287
-306
-331
-350
-336
-359
-389
-399
-393
-362
-375
-439
-449
-469
-465
-445
-456
-489
-533
-532
-526
-546
-619
-692
-773
-810
-861
-937
-934
-948
-957
-1003
-1053
-1074
-1038
-995
-961
-857
-695
-561
-499
-384
-265
-229
-175
-163
-58
108
283
382
425
435
413
395
360
357
340
362
444
469
484
436
381
324
258
237
274
339
413
486
553
592
586
583
572
562
653
759
842
852
811
834
886
906
849
787
733
687
616
551
473
317
242
152
86
12
-72
-185
-319
-401
-465
-490
-494
-487
-526
-555
-586
-638
-580
-512
-426
-381
-307
-197
-132
-109
-107
-92
-70
-27
6
70
79
10
-65
-198
-285
-342
-372
-431
-523
-608
-661
-687
-792
-879
-933
-891
-853
-891
-824
-788
-713
-673
-625
-551
-469
-397
-350
-302
-251
-186
-180
-160
-187
-242
-228
-280
-348
-432
-499
-530
-563
-581
-560
-539
-562
-579
-571
-481
-384
-329
-192
-87
51
206
314
415
495
561
646
740
801
857
863
869
849
779
813
813
779
695
622
588
512
443
377
370
370
345
309
297
274
202
191
166
171
183
186
133
63
-21
-62
-113
-192
-210
-245
-242
-303
-414
-453
-535
-594
-610
-571
-481
-411
-412
-419
-404
-349
-259
-188
-66
32
63
120
120
172
152
118
66
8
26
1
-45
-150
-277
-331
-358
-450
-538
-510
-494
-488
-504
-536
-534
-554
-569
-556
-543
-511
-417
-359
-380
-421
-470
-437
-458
-481
-460
-439
-459
-475
-413
-375
-334
-330
-341
-377
-376
-272
-246
-211
-179
-115
-27
15
18
-18
-27
22
84
141
168
150
176
200
140
142
178
244
273
251
245
282
312
305
301
311
376
400
416
389
296
280
262
279
265
252
218
157
87
-14
-92
-163
-182
-214
-183
-159
-225
-215
-233
-232
-236
-240
-194
-129
-102
-55
-2
9
-5
-23
37
65
41
85
93
82
47
23
-8
-67
-109
-101
-61
-72
-96
-115
-100
-120
-187
-196
-210
-218
-239
-261
-287
-299
-298
-328
-351
-364
-398
-423
-393
-385
-475
-480
-446
-361
-300
-276
-246
-219
-194
-151
-71
-2
38
8
41
94
122
131
77
28
44
30
-18
-67
-140
-121
-69
-59
-69
-60
9
17
-87
-129
-128
-72
21
133
210
247
223
216
210
186
147
33
30
109
123
180
127
25
-23
-32
-24
-72
-67
-5
41
72
98
100
96
99
95
164
173
197
245
321
304
238
206
174
174
148
117
50
10
-28
-102
-145
-181
-189
-184
-216
-268
-257
-245
-274
-341
-349
-286
-254
-208
-183
-242
-285
-337
-342
-314
-289
-218
-145
-128
-149
-152
-178
-177
-178
-166
-109
-82
-6
-23
-56
-67
-62
-52
-90
-108
-134
-150
-189
-209
-219
-199
-179
-211
-166
-170
-163
-177
-188
-157
-86
2
20
-27
-101
-102
-101
-35
6
-7
33
45
87
91
37
-71
-130
-180
-227
-200
-169
-142
-112
-49
-23
-56
-38
-34
-44
-45
-3
94
168
172
169
183
231
268
330
439
470
437
471
449
408
335
291
279
223
165
89
51
-50
-169
-214
-249
-342
-450
-451
-460
-532
-625
-633
-598
-578
-549
-481
-425
-394
-348
-305
-215
-117
-79
17
48
116
164
206
217
204
200
183
175
143
158
128
91
37
-45
-83
-179
-255
-326
-353
-372
-348
-316
-346
-353
-332
-295
-306
-262
-199
-172
-107
-96
-39
-14
-3
5
40
60
80
113
66
26
-9
30
8
-105
-159
-200
-190
-187
-180
-178
-147
-128
-155
-168
-160
-131
-137
-99
-50
-23
73
128
171
173
197
234
261
272
277
298
275
275
247
238
194
86
65
25
24
41
21
9
-35
-107
-163
-211
-246
-264
-262
-214
-139
-139
-81
-70
-75
-93
-82
-41
-34
-52
-107
-116
-97
-78
-90
-54
-23
-61
-73
-127
-172
-202
-215
-204
-141
-75
-50
-19
-1
4
-8
-23
-10
-20
20
-7
-29
-45
-31
-17
-28
-53
-67
-12
9
34
12
-21
-46
-72
-42
-53
-29
6
23
2
-2
-36
-55
-47
-50
-27
-34
-27
-48
-110
-162
-218
-192
-153
-151
-167
-133
-109
-103
-118
-138
-98
-45
29
91
76
74
93
105
101
101
126
165
187
135
61
34
20
-31
-37
-32
-78
-76
-109
-125
-144
-163
-145
-116
-103
-66
18
61
68
62
92
124
112
149
153
139
100
118
109
54
3
-12
8
-56
-108
-154
-160
-206
-276
-255
-268
-286
-281
-215
-189
-161
-146
-89
-56
-53
-8
44
97
118
119
171
194
197
218
225
232
217
196
173
114
64
28
-18
-23
-38
-94
-113
-123
-113
-123
-142
-146
-122
-76
-30
-24
-51
-41
-21
35
69
36
89
107
137
148
141
131
130
153
141
132
114
126
125
136
105
75
118
100
67
33
23
34
49
73
84
101
139
178
167
165
179
155
179
205
216
191
167
147
125
108
61
24
3
-6
-19
-31
-54
-108
-82
-64
-64
-87
-112
-109
-130
-111
-107
-73
-42
-24
29
95
124
63
38
15
25
40
59
53
41
46
49
46
36
30
-25
-30
-12
-75
-96
-135
-137
-146
-147
-139
-113
-85
-114
-136
-145
-156
-167
-142
-146
-173
-75
-20
-25
-81
-111
-114
-92
-58
-28
-3
-25
-2
14
47
33
-27
-30
-41
-8
14
32
43
43
39
17
-37
-80
-93
-88
-22
-11
-31
1
-4
-28
-66
-85
-73
-55
-14
26
69
74
57
54
70
88
57
80
101
145
153
137
87
25
-15
-4
36
52
44
23
61
61
14
27
6
18
39
106
151
146
145
120
85
38
-9
-27
31
49
16
30
14
11
2
-23
-46
-72
-91
-91
-92
-117
-120
-133
-122
-103
-146
-126
-158
-192
-200
-211
-227
-217
-181
-160
-155
-151
-122
-122
-122
-123
-149
-112
-84
-53
-44
-43
-46
-44
-24
-47
-81
-76
-50
-54
-27
-29
-70
-40
-30
-19
-37
-89
-108
-122
-124
-86
-76
-78
-74
-54
16
15
-58
-53
-73
-62
-54
-39
-34
-8
-2
-18
-21
-29
2
23
61
83
65
93
125
138
157
186
204
231
251
268
285
266
287
265
261
245
211
267
227
204
157
117
86
57
51
47
47
26
16
-3
-9
-3
-42
-44
-48
-27
-16
-11
2
-11
-3
8
32
55
46
37
65
86
9
-17
-44
-28
0
-16
-32
-45
-49
-78
-92
-110
-129
-163
-123
-93
-107
-56
-35
-30
-48
-40
-60
-50
-45
-51
-45
-62
-64
-52
-8
-7
-64
-66
-74
-70
-78
-95
-89
-97
-130
-134
-147
-153
-158
-197
-167
-147
-157
-117
-114
-90
-61
-44
-51
-55
-44
-13
46
84
119
130
178
222
190
177
154
143
114
117
128
133
108
51
31
3
-9
-55
-74
-79
-103
-60
-53
-53
-61
-41
-22
-9
-4
21
72
78
105
113
136
130
74
84
60
67
74
96
89
66
33
-5
-60
-109
-107
-117
-102
-140
-202
-166
-165
-169
-185
-191
-154
-92
-57
-76
-86
-88
-58
-61
-57
-46
-58
-45
-59
-72
-103
-140
-158
-145
-153
-186
-201
-204
-217
-221
-183
-159
-165
-148
-167
-158
-150
-140
-90
-50
-34
-42
-24
-4
20
25
51
91
97
148
168
174
172
157
159
151
144
124
108
97
100
100
101
80
48
39
-12
-28
-49
-83
-112
-131
-135
-121
-104
-97
-85
-88
-36
8
-18
13
36
77
83
93
107
109
106
98
122
141
164
176
200
190
111
115
80
43
-20
-56
-57
-37
-16
-27
-32
-91
-117
-150
-141
-142
-145
-80
-65
-36
-48
-52
-40
-46
-41
-34
-10
-7
13
24
17
-37
-113
-101
-90
-47
-37
-57
-69
-53
-32
-53
-95
-131
-124
-103
-65
-50
-89
-60
-51
-45
-76
-91
-97
-118
-125
-135
-88
-32
13
23
54
69
43
83
101
95
76
98
134
150
150
146
146
123
102
73
70
58
-18
-38
-56
-62
-80
-86
-123
-156
-132
-122
-121
-119
-94
-72
-46
-38
-50
-7
-19
-15
12
54
91
103
107
79
81
76
101
90
79
74
30
35
-22
-46
-42
-39
-52
-85
-85
-86
-94
-124
-128
-118
-91
-67
-95
-60
-46
-5
-1
15
14
3
9
17
31
1
20
37
56
81
50
94
45
52
-8
63
14
600
1521
725
-775
-1070
408
1489
412
-672
73
1453
2012
730
-1111
-686
814
1871
1785
190
-939
-240
591
254
-159
-170
291
678
161
-437
-429
-493
-237
-172
-358
256
504
123
-275
-648
-591
549
839
-77
-150
581
1087
470
-769
-738
432
696
347
161
343
1353
1151
-169
191
458
-166
224
788
969
-83
-934
-971
-786
-462
-47
357
-360
-205
-6
-838
-650
-584
-308
132
152
-57
-216
-40
-455
-1087
-573
172
178
117
45
-259
-866
-449
-52
37
353
521
254
-252
-221
2
274
644
624
198
582
619
66
78
467
738
379
353
940
675
-225
-3
691
527
571
677
416
-59
-105
154
351
377
-90
-165
-183
-110
-256
-504
-781
-339
-158
-657
-822
-1051
-1457
-1437
-1061
-1305
-1624
-1895
-2492
-2891
-2797
-2795
-3076
-3441
-3455
-3215
-3388
-4039
-4475
-4726
-4859
-4754
-3503
-1046
189
-1508
-3938
-3870
-1169
1227
1952
2149
2349
1741
830
1311
3192
4366
4063
3447
3311
3248
2745
2005
1548
1573
1694
1837
1592
541
-953
-1971
-1806
-877
10
233
-15
-871
-1680
-1405
-81
1327
1875
1648
1275
1221
1573
2026
2673
3111
3234
3133
2696
2272
2035
1966
1801
1749
1748
1353
583
-729
-1783
-1877
-1534
-1448
-2094
-3114
-4053
-4825
-5279
-5014
-4355
-3999
-4304
-5379
-6771
-7496
-6733
-5393
-4487
-4407
-3952
-2106
-684
-1518
-3309
-3094
125
3724
4855
3855
3043
2940
2775
3175
5244
7681
7976
5542
2988
2808
3968
4160
3414
3073
3027
2028
-46
-1655
-1742
-1297
-1651
-2264
-2152
-2022
-3065
-4793
-5388
-4028
-2092
-1028
-780
-661
-628
-1093
-403
2068
4425
5256
4951
4862
4835
4637
4884
6088
7468
6808
5012
4123
3620
2599
1835
2112
2526
1676
-350
-1840
-2078
-2574
-3409
-3009
-2094
-2554
-4224
-5429
-5416
-4965
-4741
-4642
-4366
-4489
-5573
-6585
-6595
-6125
-5789
-5579
-5268
-4246
-1877
237
-527
-3752
-5203
-2003
3205
5600
4386
2940
2708
2321
2324
4665
8183
9084
6366
3489
3468
4820
4783
3766
3825
4245
3232
1202
-423
-1027
-1281
-1692
-1850
-1420
-1396
-2744
-4797
-6056
-5297
-3104
-1518
-1547
-2127
-2393
-2563
-2216
268
4032
5932
4756
3210
3727
5045
5818
7038
8727
8525
5735
3898
4720
5335
3949
2978
3525
3072
618
-1397
-1340
-1265
-2616
-3183
-1950
-1695
-4003
-6087
-5648
-4429
-4247
-4393
-4057
-4239
-5836
-7318
-6665
-4934
-4761
-5883
-6471
-5831
-4688
-2855
-461
233
-2149
-5039
-3474
2174
5844
4561
2032
2217
3536
3847
4559
7118
8810
6799
3496
3482
6022
6608
4595
3076
3429
3580
2153
355
-262
-371
-1316
-2391
-2429
-1957
-2608
-4539
-6177
-5747
-3790
-2504
-2800
-3667
-3740
-3047
-1672
649
2882
3703
3147
2835
3804
5358
6613
7427
7787
7112
5807
5386
5800
5701
4750
3842
3293
2505
1144
-25
-473
-966
-1911
-2448
-2410
-2884
-4154
-5232
-5260
-4667
-4475
-4671
-4997
-5482
-6403
-6935
-6480
-5728
-5649
-6295
-6799
-6487
-5191
-2880
-331
135
-2588
-5188
-3381
1872
5370
4819
3007
2789
3188
3212
4556
7624
9167
7009
4020
3788
5503
5949
4627
3830
4026
3437
1544
-22
-430
-623
-1454
-2358
-2455
-2385
-3348
-5258
-6444
-5716
-3969
-2879
-3151
-3904
-4027
-3496
-2340
-208
2345
3899
3884
3346
3574
4556
5741
7172
8408
8249
6589
5050
4719
4992
4998
4676
4070
2684
675
-707
-793
-685
-1287
-2030
-2625
-3462
-4715
-5504
-5128
-4487
-4597
-5213
-5647
-6076
-6786
-7173
-6825
-6366
-6547
-6887
-6642
-5775
-4504
-2445
-626
-1339
-4259
-5096
-1151
3920
5231
3238
2057
2655
3012
3591
6084
8949
8503
5094
3035
4314
6160
6047
5028
4619
4091
2398
608
7
201
-9
-1022
-2058
-2676
-3332
-4512
-5687
-5776
-4621
-3486
-3501
-4344
-4249
-3014
-2044
-1308
267
2268
3171
3117
3447
4496
5220
5575
6821
8088
7321
5407
4760
5333
5282
4479
4148
3679
1957
-200
-643
97
-394
-1992
-2968
-3144
-3858
-5028
-5356
-4846
-4961
-6106
-6722
-6480
-6574
-7647
-8342
-8090
-7538
-7171
-6658
-5341
-3371
-1914
-2629
-4648
-5067
-2023
2410
4292
3294
2149
2285
2521
3276
5857
8893
9080
6112
3773
4442
6168
6493
6141
6173
5411
3145
1042
712
1354
1124
-51
-1004
-1750
-3014
-4522
-5228
-4921
-4326
-4141
-4259
-4252
-3876
-3729
-3516
-2172
16
1853
2425
2484
2873
3472
3956
5198
7403
8195
6685
4827
4643
5501
5713
5264
4911
4102
1914
-170
-158
844
444
-1251
-2673
-3367
-4056
-5035
-5266
-4755
-5035
-6379
-7473
-7479
-7540
-8225
-8817
-8584
-7602
-7115
-6663
-5033
-2820
-2638
-4839
-5786
-2819
1830
3685
2515
1784
2727
3176
3177
5279
8771
9697
6800
4191
5006
7091
7345
6550
6572
6300
4202
1833
1460
2447
2411
786
-690
-1405
-2387
-3798
-4723
-4590
-4260
-4364
-4969
-4708
-3638
-3708
-4580
-4005
-1137
1266
1642
1269
1525
2114
2110
3610
6964
8281
5949
3403
3760
5315
5755
5559
5610
4710
1816
-401
461
2038
1209
-949
-2276
-2869
-3819
-4929
-4957
-4560
-5375
-7276
-8286
-8057
-8157
-8928
-9435
-8975
-7983
-6646
-4926
-3549
-4313
-6689
-6714
-2650
2153
3693
2464
1381
1584
2311
3751
6937
9869
9380
6236
4416
5509
7465
8195
7949
7417
6041
3783
2141
2357
3165
2914
1534
-212
-1453
-2435
-3497
-4108
-3913
-3409
-3485
-3675
-3516
-4117
-5389
-5303
-2471
654
1374
349
-471
-422
66
2050
5539
7276
5193
2118
1820
3745
5321
5947
5849
4411
1823
-12
705
2448
2459
581
-1449
-2790
-3642
-3825
-3521
-3582
-4714
-6625
-8107
-8440
-8313
-8577
-8851
-8749
-7919
-6402
-4888
-4905
-6663
-7723
-5742
-1291
2008
2034
524
-114
545
2192
5147
8296
9111
6883
4262
4203
6360
8250
8727
8168
6577
4343
2732
2639
3729
4228
3211
1244
-581
-1721
-2277
-2328
-2159
-2001
-1628
-1613
-2981
-4791
-5105
-3008
-152
1359
1163
-456
-2081
-2192
298
3850
5385
4327
2296
859
648
2356
5141
6140
4112
1068
-288
257
1092
1725
2033
788
-2112
-4387
-4151
-2768
-2713
-3907
-5039
-6059
-7353
-8612
-8536
-7534
-6917
-6331
-5038
-4200
-5933
-8632
-8161
-3787
489
1450
85
-1118
-1493
-1223
1234
5679
8743
7588
4038
2375
3647
6025
8047
9189
8601
5843
2712
1769
3276
5204
5566
3878
1181
-1083
-2091
-1978
-1102
175
707
-781
-3430
-4802
-3817
-1895
-159
1174
1247
-614
-2809
-2326
838
3513
3940
3232
2334
915
-40
1461
4411
5310
3312
814
-223
-423
-416
415
1331
458
-2442
-4928
-5086
-4081
-3611
-4023
-4939
-6434
-8292
-9224
-8350
-6067
-3570
-2405
-3824
-7078
-8782
-6378
-1567
1723
1903
390
-1335
-2528
-1560
2362
6650
7578
4891
2040
1598
2983
4979
7075
8236
6954
3718
1491
1932
3703
5002
5118
4044
1839
-592
-1582
-638
966
1882
1407
-464
-2575
-3447
-2478
-577
1313
2155
863
-1472
-2381
-645
1915
3288
3557
3174
1791
-47
148
2869
4966
4163
2035
760
-48
-881
-597
925
1275
-1073
-4344
-5548
-4843
-4347
-4576
-5055
-6071
-8257
-10223
-9741
-6545
-2956
-2349
-5271
-8797
-9026
-5337
-922
1598
1749
328
-1820
-2816
-276
4947
8489
7405
4010
2079
2377
3701
5829
8158
8319
5292
1619
827
2573
4104
4309
3761
2566
192
-1852
-1738
38
1284
1346
467
-986
-2411
-3088
-1908
311
2253
2352
255
-1803
-1966
136
2443
3648
3886
2843
621
-953
513
3895
5326
3696
1460
260
-467
-666
612
2343
1731
-1547
-4526
-4786
-3506
-3013
-3412
-4236
-5832
-8202
-9569
-8461
-5916
-3601
-3260
-5358
-8677
-10158
-7394
-2501
757
751
-1152
-3036
-3805
-2005
2575
6982
7593
4794
2036
1674
3300
6063
9015
9822
7296
3429
1607
2615
4598
6024
6173
4222
627
-2144
-2025
167
1817
1905
585
-1786
-3917
-4163
-2170
289
1539
1157
-673
-2584
-2737
-477
2277
3376
2914
1814
408
-565
443
3300
5096
3825
1304
37
2
113
736
2095
2002
-539
-3476
-4161
-2968
-2067
-2178
-2811
-4041
-6315
-8138
-7886
-5541
-2819
-2056
-3785
-7164
-9392
-7723
-3351
258
956
-801
-3365
-5208
-4229
140
4886
6215
3724
487
-591
664
3651
7235
8889
6950
2942
741
1961
4680
6974
7792
6293
2775
-355
-470
1955
4032
4564
3327
508
-2368
-3253
-1339
1240
2513
2011
-277
-3072
-4115
-1944
1389
2805
2025
442
-1269
-2490
-1462
2004
4468
3333
325
-1370
-1203
-514
820
2526
2484
-304
-3435
-3796
-1996
-694
-662
-1486
-3095
-5353
-6915
-6135
-4082
-2390
-1844
-2892
-5218
-7517
-7182
-3626
-56
954
-509
-2545
-3877
-3825
-1241
2860
5153
3751
573
-1271
-784
1392
4401
6657
5975
2709
-147
-14
2385
4833
6257
5696
3019
-48
-786
1376
3882
5090
4578
2397
-211
-1341
87
2659
3934
3510
1714
-770
-2206
-1102
1828
3258
2133
361
-1035
-1987
-1901
200
2531
2098
-525
-2323
-2122
-1339
-645
540
1207
-187
-2708
-3547
-2217
-783
-527
-1026
-1928
-3447
-4914
-4965
-3595
-2361
-1875
-2105
-3271
-5165
-6277
-4543
-1157
741
236
-1360
-2514
-2885
-1922
942
3801
4045
1723
-521
-650
779
2733
4739
5308
3554
864
-217
1109
3185
4565
4655
3041
549
-775
147
2327
3692
3717
2672
681
-521
254
2309
3646
3361
2521
1269
47
131
1849
3462
2896
1252
323
16
-297
-56
1254
1709
95
-1709
-2001
-1384
-1261
-1226
-710
-897
-2189
-3267
-2992
-2028
-1675
-1731
-1930
-2537
-3415
-3948
-3611
-2961
-2577
-2291
-2383
-3178
-4429
-4908
-3405
-1024
273
-73
-1175
-1920
-2077
-1129
991
2871
2821
1002
-511
-287
1120
2675
3893
4071
2732
942
550
1959
3543
4113
3587
2332
971
314
1191
2716
3513
2982
1659
774
714
1527
2527
2972
2771
2005
1134
701
1179
2112
2271
1571
908
739
523
233
419
911
706
-288
-1020
-1073
-1129
-1490
-1630
-1571
-1818
-2543
-2962
-2791
-2618
-2657
-2832
-2927
-3234
-3736
-3947
-3819
-3349
-2684
-2434
-3080
-4154
-4193
-2625
-865
-46
-42
-480
-1208
-1721
-757
1372
2690
2053
588
-39
179
836
2053
3459
3610
2111
759
939
2125
3018
3358
3201
2328
1101
670
1563
2822
3275
2771
1926
1364
1405
1986
2626
2949
2711
1917
934
672
1233
1736
1514
949
768
558
168
74
430
653
80
-586
-731
-739
-1060
-1373
-1323
-1343
-1764
-2229
-2315
-2152
-2127
-2357
-2705
-2905
-3093
-3317
-3610
-3774
-3496
-3154
-3343
-3841
-3848
-2972
-1902
-1181
-710
-565
-850
-1252
-953
208
1123
1063
447
100
72
242
979
2094
2588
2021
1258
1183
1644
2184
2608
2865
2557
1737
1236
1679
2560
3169
3131
2689
2403
2349
2626
2963
3193
3175
2594
1868
1424
1462
1587
1415
1214
1070
790
301
22
157
240
-23
-419
-686
-1040
-1463
-1630
-1445
-1294
-1461
-1882
-2137
-2075
-1906
-1766
-1828
-2042
-2383
-2860
-3138
-3200
-2981
-2760
-2872
-3158
-3423
-3182
-2317
-1386
-814
-743
-975
-1284
-1446
-1057
-255
185
37
-374
-526
-401
-73
563
1238
1450
1177
916
966
1174
1465
1817
2064
1966
1685
1617
1968
2418
2815
3132
3289
3366
3334
3314
3342
3484
3551
3200
2696
2321
2132
2033
1916
1905
1783
1346
837
493
344
41
-420
-787
-1210
-1736
-2137
-2337
-2398
-2551
-2737
-2920
-2912
-2801
-2746
-2756
-2900
-3015
-3126
-3213
-3244
-3149
-2918
-2864
-2898
-2684
-2068
-1325
-919
-668
-419
-288
-344
-370
-130
164
173
-22
-14
185
314
330
504
718
876
879
894
948
729
508
554
897
1144
1097
1103
1183
1376
1610
2025
2619
3000
2996
2783
2750
2933
3124
3169
3100
2922
2582
2374
2406
2600
2629
2346
1950
1598
1224
837
472
131
-326
-956
-1478
-1821
-2080
-2364
-2726
-2968
-3103
-3226
-3378
-3494
-3593
-3793
-4034
-4178
-4145
-4068
-4000
-3923
-3733
-3274
-2729
-2097
-1539
-1079
-721
-409
-63
144
319
442
589
783
960
1102
1170
1291
1398
1457
1517
1585
1551
1350
993
719
678
695
699
650
641
659
634
870
1318
1791
2092
2177
2185
2236
2289
2364
2410
2493
2513
2393
2363
2382
2428
2466
2357
2236
2041
1763
1405
998
660
266
-156
-545
-910
-1317
-1717
-2053
-2345
-2537
-2829
-3134
-3366
-3563
-3778
-4044
-4330
-4546
-4749
-4866
-4766
-4438
-3870
-3270
-2783
-2376
-2023
-1595
-1039
-506
-237
-108
-8
162
466
809
1212
1499
1640
1695
1721
1938
2145
2223
2093
1814
1521
1337
1290
1293
1245
1137
1072
1062
1166
1331
1534
1757
1779
1700
1624
1582
1561
1530
1561
1663
1720
1695
1663
1673
1734
1762
1740
1699
1484
1140
791
551
337
80
-251
-649
-1067
-1453
-1709
-1913
-2087
-2292
-2664
-3065
-3407
-3597
-3703
-3825
-4064
-4377
-4628
-4784
-4608
-4000
-3275
-2775
-2556
-2379
-1984
-1395
-808
-367
-132
-54
-11
201
606
1087
1476
1661
1732
1779
1944
2185
2315
2335
2125
1847
1673
1636
1614
1553
1507
1534
1574
1618
1773
1971
2200
2262
2159
2149
2052
1882
1650
1553
1605
1673
1658
1539
1422
1350
1330
1333
1384
1237
874
459
90
-133
-339
-584
-882
-1195
-1545
-1859
-2091
-2189
-2283
-2539
-2793
-3053
-3357
-3615
-3842
-3943
-4029
-4177
-4288
-4260
-3944
-3415
-2799
-2284
-1956
-1685
-1364
-971
-626
-309
-83
98
302
555
870
1223
1544
1780
1946
2045
2178
2331
2386
2255
1993
1859
1794
1734
1666
1598
1567
1643
1781
1941
2109
2188
2209
2140
2064
1953
1757
1643
1512
1501
1590
1669
1683
1633
1584
1567
1557
1496
1342
1047
701
338
0
-234
-499
-774
-1095
-1440
-1777
-2037
-2225
-2445
-2700
-2972
-3188
-3416
-3692
-3946
-4136
-4208
-4330
-4375
-4284
-4015
-3562
-3025
-2487
-2060
-1759
-1488
-1094
-706
-335
-62
71
282
536
902
1258
1590
1819
1979
2145
2266
2377
2405
2364
2184
2021
1925
1820
1759
1649
1602
1696
1912
2078
2185
2123
2007
1926
1871
1869
1649
1420
1167
1044
1168
1263
1357
1322
1252
1159
1095
1118
1065
900
614
283
-9
-245
-460
-738
-978
-1200
-1435
-1725
-1982
-2220
-2479
-2743
-2971
-3201
-3463
-3747
-4086
-4234
-4310
-4347
-4225
-4017
-3655
-3261
-2826
-2362
-1931
-1501
-1107
-718
-426
-182
54
365
723
1022
1368
1647
1893
2050
2197
2382
2505
2527
2429
2288
2099
1911
1836
1863
1900
1870
1947
2035
2146
2236
2268
2275
2155
2021
1822
1625
1468
1344
1259
1212
1200
1167
1219
1204
1156
1073
940
774
585
368
123
-144
-478
-748
-1012
-1189
-1335
-1548
-1709
-1957
-2180
-2382
-2589
-2839
-3061
-3280
-3527
-3736
-3939
-4016
-4014
-3895
-3686
-3401
-2935
-2479
-2119
-1841
-1540
-1179
-794
-415
-104
143
377
645
950
1361
1809
2148
2353
2407
2453
2527
2600
2612
2580
2471
2258
2036
1954
2088
2311
2480
2506
2371
2211
2080
1991
1932
1784
1554
1310
1091
955
871
898
967
962
971
937
844
736
591
529
416
212
-39
-297
-509
-707
-916
-1092
-1237
-1457
-1680
-1898
-2125
-2269
-2528
-2809
-3036
-3220
-3373
-3502
-3622
-3731
-3760
-3676
-3434
-3099
-2657
-2296
-2042
-1789
-1527
-1159
-736
-361
-133
88
345
659
1016
1390
1738
2021
2278
2444
2516
2615
2643
2650
2626
2586
2539
2502
2493
2536
2678
2844
2975
2933
2773
2537
2262
2111
1888
1635
1375
1120
876
669
595
606
620
541
400
225
92
-31
-195
-279
-440
-685
-920
-1062
-1149
-1221
-1297
-1379
-1481
-1674
-1820
-1899
-1982
-2122
-2413
-2635
-2847
-3007
-3095
-3139
-3095
-3090
-3049
-2937
-2674
-2298
-1913
-1596
-1378
-1166
-988
-680
-389
-115
140
378
640
902
1186
1462
1686
1903
2125
2256
2319
2289
2234
2251
2293
2403
2542
2639
2663
2731
2858
3014
3066
2976
2842
2613
2399
2168
1979
1825
1563
1322
1144
1032
913
824
696
501
240
-43
-258
-479
-701
-950
-1259
-1488
-1725
-1943
-2071
-2108
-2129
-2253
-2442
-2551
-2673
-2709
-2675
-2741
-2782
-2948
-3090
-3072
-2957
-2744
-2547
-2371
-2215
-1929
-1577
-1176
-886
-705
-504
-283
39
266
400
554
707
930
1174
1415
1590
1699
1773
1844
1953
2017
2012
1920
1869
1930
2052
2288
2419
2492
2516
2591
2703
2738
2695
2510
2320
2107
1950
1829
1740
1625
1405
1251
1098
978
885
771
607
344
29
-307
-612
-890
-1099
-1293
-1512
-1802
-2147
-2314
-2413
-2505
-2630
-2757
-2900
-3067
-3180
-3229
-3208
-3241
-3280
-3303
-3176
-2980
-2879
-2648
-2404
-2010
-1580
-1137
-788
-609
-353
-67
318
648
876
1022
1159
1363
1570
1837
2021
2067
2061
2071
2093
2126
2069
1979
1874
1869
1976
2060
2125
2107
2081
2142
2197
2200
2151
2050
1926
1803
1687
1544
1416
1382
1398
1389
1336
1197
990
870
732
628
506
258
-117
-545
-869
-1061
-1196
-1360
-1608
-1896
-2157
-2410
-2615
-2707
-2794
-2900
-3058
-3253
-3448
-3532
-3530
-3421
-3263
-3137
-2997
-2885
-2680
-2380
-1940
-1359
-894
-651
-426
-165
204
658
1006
1300
1433
1588
1776
2003
2269
2418
2438
2429
2380
2345
2289
2256
2218
2177
2168
2130
2074
2035
2043
2074
2075
1963
1759
1570
1441
1364
1279
1161
1008
871
767
749
794
843
834
724
614
474
297
195
57
-117
-342
-626
-918
-1153
-1312
-1424
-1566
-1755
-1993
-2342
-2585
-2749
-2858
-2934
-3151
-3321
-3463
-3541
-3520
-3368
-3184
-3030
-2907
-2776
-2453
-2012
-1514
-1059
-743
-401
-83
303
674
1025
1361
1639
1915
2123
2290
2463
2622
2725
2791
2821
2752
2723
2681
2661
2670
2612
2481
2326
2228
2149
2074
1962
1798
1541
1326
1150
988
882
707
572
445
365
287
228
206
173
97
-38
-135
-292
-435
-568
-729
-828
-1001
-1202
-1406
-1597
-1718
-1811
-1905
-2023
-2208
-2388
-2562
-2759
-2848
-2900
-2997
-3077
-3147
-3126
-3019
-2885
-2767
-2569
-2291
-1934
-1534
-1187
-905
-662
-311
138
482
798
1043
1278
1531
1757
2027
2257
2430
2546
2607
2669
2738
2792
2865
2881
2826
2840
2825
2717
2572
2423
2304
2184
1982
1744
1480
1236
1023
841
728
576
368
218
117
62
-29
-98
-184
-238
-318
-493
-620
-770
-896
-1069
-1197
-1286
-1509
-1663
-1794
-1916
-2070
-2194
-2303
-2426
-2541
-2667
-2770
-2869
-2935
-2982
-2972
-2910
-2843
-2721
-2613
-2412
-2105
-1713
-1320
-992
-724
-428
-51
328
666
927
1184
1431
1663
1937
2154
2311
2402
2505
2603
2723
2831
2856
2817
2745
2765
2753
2747
2691
2517
2384
2186
2012
1878
1719
1538
1276
1035
809
571
399
276
209
137
-8
-198
-307
-391
-469
-544
-643
-793
-944
-1140
-1298
-1404
-1504
-1580
-1737
-1854
-1950
-2104
-2214
-2335
-2412
-2463
-2537
-2670
-2815
-2847
-2866
-2842
-2737
-2650
-2590
-2514
-2353
-2109
-1679
-1269
-965
-713
-426
-66
353
777
1055
1280
1484
1722
1952
2199
2395
2452
2543
2630
2787
2896
2949
2938
2929
2894
2873
2799
2612
2420
2194
2090
1933
1671
1371
1086
943
776
599
401
184
-4
-173
-228
-252
-336
-466
-611
-682
-800
-861
-958
-1071
-1193
-1308
-1411
-1519
-1672
-1835
-1908
-1996
-2086
-2207
-2329
-2451
-2543
-2573
-2621
-2647
-2729
-2782
-2774
-2716
-2606
-2540
-2481
-2412
-2203
-1844
-1449
-1083
-852
-559
-230
152
585
905
1171
1392
1627
1902
2131
2319
2513
2680
2853
2996
3102
3234
3265
3250
3171
3111
3012
2848
2631
2408
2211
1969
1740
1463
1204
947
671
460
235
2
-227
-411
-565
-682
-767
-854
-953
-1036
-1114
-1195
-1202
-1236
-1311
-1338
-1414
-1466
-1558
-1612
-1664
-1714
-1754
-1846
-1967
-2060
-2070
-2111
-2104
-2135
-2229
-2284
-2318
-2281
-2228
-2150
-2110
-2020
-1873
-1655
-1341
-1023
-712
-464
-158
174
464
759
987
1228
1489
1742
1959
2145
2297
2449
2648
2867
3072
3158
3188
3177
3149
3181
3125
3010
2802
2587
2360
2179
1997
1767
1486
1174
891
619
400
157
-115
-299
-509
-749
-958
-1126
-1226
-1321
-1417
-1530
-1648
-1773
-1855
-1865
-1807
-1788
-1879
-1954
-2028
-2030
-2030
-1977
-1941
-1957
-1989
-2040
-2028
-2000
-1887
-1868
-1804
-1775
-1847
-1795
-1752
-1603
-1420
-1174
-925
-692
-474
-273
13
372
695
929
1118
1290
1449
1705
1948
2138
2282
2391
2497
2642
2820
2941
3005
2999
2945
2851
2789
2699
2565
2489
2330
2119
1879
1664
1478
1319
1148
891
606
311
78
-98
-187
-358
-685
-912
-1157
-1324
-1407
-1470
-1532
-1684
-1856
-1974
-2068
-2087
-2068
-2131
-2176
-2226
-2355
-2386
-2394
-2323
-2224
-2165
-2144
-2180
-2146
-2066
-1914
-1718
-1562
-1485
-1428
-1348
-1187
-863
-504
-181
23
214
407
670
996
1293
1543
1687
1813
1903
2083
2269
2387
2557
2644
2662
2654
2670
2695
2709
2671
2577
2440
2247
2052
1904
1807
1671
1430
1191
936
714
543
406
271
94
-115
-351
-521
-635
-733
-854
-967
-1105
-1323
-1420
-1525
-1567
-1587
-1663
-1780
-1938
-2057
-2148
-2183
-2183
-2207
-2259
-2366
-2429
-2467
-2364
-2236
-2151
-2095
-2080
-2010
-1888
-1670
-1376
-1143
-961
-793
-596
-300
72
439
790
1046
1259
1447
1690
1953
2204
2394
2533
2619
2645
2700
2763
2859
2889
2806
2735
2598
2477
2360
2266
2169
1994
1780
1544
1327
1117
964
799
628
427
148
-45
-187
-293
-372
-489
-652
-820
-979
-1070
-1124
-1145
-1200
-1302
-1388
-1472
-1537
-1552
-1565
-1597
-1694
-1827
-1929
-1956
-1944
-1955
-1968
-2014
-2040
-2073
-2051
-1972
-1897
-1759
-1730
-1643
-1536
-1403
-1191
-955
-700
-463
-263
-56
230
542
920
1248
1474
1699
1886
2093
2304
2526
2682
2775
2822
2817
2813
2825
2820
2756
2679
2539
2324
2194
2049
1945
1771
1550
1327
1042
800
606
429
256
59
-176
-370
-533
-670
-744
-828
-938
-1098
-1240
-1363
-1414
-1433
-1445
-1467
-1538
-1634
-1728
-1713
-1683
-1696
-1711
-1768
-1819
-1860
-1845
-1819
-1784
-1748
-1767
-1763
-1743
-1667
-1544
-1363
-1224
-1161
-1043
-916
-713
-467
-220
1
201
392
595
826
1093
1364
1591
1818
1985
2099
2270
2407
2533
2602
2663
2695
2654
2623
2567
2509
2430
2338
2210
2063
1883
1650
1516
1346
1146
932
710
482
252
70
-63
-220
-432
-625
-771
-853
-929
-1059
-1120
-1216
-1308
-1397
-1456
-1443
-1486
-1554
-1566
-1609
-1670
-1693
-1686
-1631
-1631
-1673
-1676
-1672
-1633
-1575
-1518
-1469
-1389
-1324
-1257
-1174
-1005
-786
-650
-502
-340
-230
-44
156
353
567
746
894
1047
1222
1408
1595
1772
1916
2011
2108
2172
2214
2285
2274
2254
2207
2131
2036
1948
1857
1742
1603
1420
1253
1078
950
796
593
410
191
19
-149
-271
-390
-492
-638
-799
-926
-1010
-1040
-1104
-1146
-1206
-1321
-1361
-1419
-1395
-1361
-1357
-1320
-1325
-1342
-1371
-1361
-1319
-1274
-1284
-1291
-1284
-1300
-1248
-1215
-1156
-1105
-1084
-1030
-964
-881
-770
-616
-467
-338
-230
-92
40
157
341
495
645
770
901
1042
1216
1343
1441
1553
1652
1728
1735
1801
1870
1823
1807
1744
1677
1603
1529
1451
1336
1199
1026
869
709
562
407
251
67
-169
-344
-496
-616
-735
-839
-958
-1051
-1156
-1222
-1258
-1286
-1280
-1304
-1320
-1314
-1287
-1248
-1300
-1304
-1180
-1049
-1053
-1079
-1015
-941
-853
-812
-752
-729
-689
-652
-673
-576
-460
-378
-340
-265
-160
-91
-19
74
190
247
325
405
508
559
579
695
802
900
964
1003
1030
1096
1166
1239
1296
1331
1317
1252
1262
1244
1211
1154
1154
1058
1396
1609
1713
1492
1417
1171
672
228
-217
-423
-741
-792
-994
-873
-925
-839
-941
-953
-1063
-1177
-1319
-1429
-1530
-1589
-1548
-1515
-1371
-1272
-1178
-1096
-1000
-931
-865
-845
-783
-723
-690
-703
-630
-433
-262
-214
-109
24
35
71
133
234
274
319
349
355
304
382
487
560
562
588
637
648
626
691
751
828
868
845
847
814
835
812
844
836
765
657
622
580
482
520
540
487
409
337
285
207
159
123
34
-89
-243
-343
-395
-426
-525
-578
-654
-758
-854
-897
-925
-932
-953
-1010
-1052
-1107
-1074
-1052
-964
-909
-903
-833
-771
-681
-605
-518
-446
-358
-312
-240
-147
-22
84
182
292
336
384
473
542
580
641
649
637
630
637
660
663
650
644
607
578
562
521
558
512
480
447
414
374
332
335
316
285
242
215
169
171
190
145
144
111
91
61
15
-32
-74
-150
-252
-317
-361
-400
-437
-443
-482
-602
-648
-677
-707
-722
-708
-695
-730
-714
-695
-676
-668
-619
-596
-557
-522
-486
-343
-263
-203
-177
-109
-70
-67
10
132
249
251
334
426
468
457
478
597
615
590
546
532
515
511
488
441
441
482
397
367
453
444
266
200
223
275
209
50
140
147
-4
-14
-17
-110
-171
-88
-20
-82
-156
-172
-250
-265
-227
-297
-384
-256
-277
-404
-358
-275
-393
-479
-428
-339
-396
-394
-314
-273
-272
-376
-368
-271
-301
-325
-248
-188
-163
-258
-289
81
25
-133
-6
122
38
96
175
140
284
456
322
171
426
423
376
458
518
439
350
412
393
330
305
370
311
287
171
179
146
38
-18
57
-76
-109
-135
-242
-101
-117
-107
-271
-262
-243
-220
-278
-385
-255
-122
-182
-299
-212
-266
-350
-393
-439
-270
-399
-470
-383
-187
-103
-374
-427
17
-146
-440
-175
116
42
-251
-214
165
282
16
224
294
178
-27
29
184
254
-65
5
397
280
41
295
494
280
-151
31
456
327
32
201
522
689
227
69
294
469
204
-38
-35
214
435
-17
-10
136
134
-113
-155
-223
-447
-324
16
-193
-192
70
-41
-131
-65
-245
-456
-47
56
-409
-169
192
39
-199
-387
-119
-322
-345
40
-341
-288
356
209
-234
-182
172
-216
-12
156
-86
146
311
416
-1
155
465
5
-62
190
346
205
425
372
-111
389
460
231
246
305
222
483
684
338
-86
382
462
-133
67
440
282
-89
-169
120
170
-69
-372
-125
81
7
-223
-195
154
-376
-351
144
-184
-583
-159
-51
-215
-547
-14
152
-476
-476
-64
69
-431
-469
12
15
-196
-9
-257
-1
73
-239
404
129
-158
166
129
313
497
169
70
197
288
481
-197
43
295
416
174
96
226
316
298
-165
-44
396
175
85
-53
271
763
-52
-57
413
147
-56
-267
573
773
-238
-318
579
329
-567
-94
330
-301
-62
90
-208
-10
-339
-265
-73
-44
-591
-555
126
35
-536
-301
-226
-407
-28
-441
-368
-30
165
-317
-639
384
224
-232
-304
210
330
-286
-177
-13
519
376
-304
163
529
223
-139
-238
827
469
-64
475
204
468
597
-160
-31
383
228
217
-30
446
146
46
135
-206
-159
168
134
-177
44
423
280
-525
-383
642
261
-389
5
64
307
231
-436
-294
379
212
-464
-201
142
-69
-60
-170
-409
147
-49
-434
75
5
-3
-542
-102
489
-607
-430
85
-191
-504
203
-72
-446
481
52
-254
-71
135
97
278
-58
335
656
44
-17
356
477
304
340
131
782
512
-9
516
530
155
174
-77
129
349
-55
-297
444
123
-215
-262
-291
-92
91
-619
-205
113
40
-351
-866
18
220
-385
-665
-59
439
-274
-581
163
427
-177
-373
-169
-13
146
-13
20
127
-81
8
-179
-108
-163
-301
147
240
-207
-480
9
161
-438
-161
-92
-260
-166
5
175
-275
212
351
-668
98
901
-134
-247
708
732
247
652
89
256
968
297
-71
718
1026
0
-370
795
597
-153
-301
127
593
-87
-431
286
99
118
-219
-990
-291
590
-351
-966
-467
404
-200
-953
-515
281
24
-783
-173
-154
-21
184
-407
-551
366
366
-514
-263
173
364
244
-306
-461
46
394
-361
-507
670
275
-306
-127
97
220
-73
-640
-37
292
-23
32
26
-227
545
417
-874
-357
658
585
-427
207
596
252
54
-154
658
89
-127
473
776
124
-169
668
451
55
-531
-3
921
351
-358
171
68
-187
-65
-207
-281
174
-505
-411
153
-431
-378
-455
73
-84
-997
-177
274
-304
-637
-246
545
-102
-819
-106
280
233
-708
-388
1011
282
-570
275
770
-231
-316
561
-154
350
144
-280
581
348
-540
362
204
-366
241
276
-173
308
159
-2
4
-28
193
145
24
60
470
181
91
142
442
-55
14
584
-138
-1
296
-43
550
-38
-454
484
81
-316
485
-56
-193
204
-582
209
-77
-330
78
-501
-205
45
-592
-77
-37
-606
-415
244
-262
-580
-270
-232
229
-400
-680
139
323
19
-747
150
731
-346
-48
164
35
370
84
-633
140
737
34
-305
367
212
37
280
121
-243
122
835
-170
-368
630
453
-452
-35
327
130
106
-450
74
638
221
-412
-35
185
243
-282
-230
-117
392
383
-848
-172
646
-316
-1073
-72
328
208
-631
-515
299
-12
-750
4
-451
-535
296
-486
-276
-369
61
-260
-833
-164
-519
121
-155
-613
-537
439
283
-1025
-529
881
310
-977
171
738
-37
-376
-18
277
140
76
132
8
333
174
-145
81
101
184
347
-125
-168
411
469
-247
-272
176
453
-123
-501
325
280
274
-570
-139
356
-45
295
-222
-61
77
328
-209
-633
304
4
-370
38
-93
-384
140
-95
-620
44
-145
-401
-144
-330
-332
-197
-61
-459
-332
395
-714
-835
229
-128
-504
-349
-294
767
-608
-451
204
-264
376
-475
-223
310
352
-387
-343
998
310
-726
116
905
-102
177
230
116
496
444
-200
-360
775
325
-339
56
364
87
-156
-98
-95
442
-260
-191
162
83
142
-336
47
6
-220
-54
126
-300
100
314
-670
143
49
-266
-15
23
145
-405
-226
344
-414
-441
196
-392
110
60
-188
-536
209
203
-851
146
113
-465
-164
-17
-197
-29
-245
-48
-297
-128
134
-295
-298
449
17
-156
88
109
16
138
156
410
12
22
230
343
78
202
147
182
601
204
84
200
632
-37
53
19
301
172
104
-301
361
132
-35
75
-412
342
-275
-273
402
-700
-205
408
-68
-559
175
-277
-158
-52
-256
145
-67
-102
115
-304
-262
223
-198
87
-262
-263
401
192
-166
-133
309
-173
-216
150
-291
297
387
-255
-462
521
-264
-186
144
107
-23
148
504
-545
239
586
-374
-368
300
387
-211
211
299
74
299
47
235
-96
112
936
12
-207
537
353
75
-231
205
604
-116
134
649
-316
262
233
-690
499
-22
25
-476
45
467
-686
-258
166
-195
-240
-425
-2
7
-587
-49
-226
-305
-386
295
-661
-403
163
-235
-41
279
-671
-490
1379
-293
-1170
325
521
325
-364
-343
710
224
-234
-91
244
149
287
-363
7
595
-90
-471
358
233
-125
-16
-114
123
391
-388
52
362
40
-705
369
433
-240
413
-301
232
511
-44
139
-259
473
-187
323
-104
-75
649
-435
221
38
-199
244
-118
-211
121
-257
243
-226
-158
-236
78
95
-446
-302
73
89
-470
-194
-418
-5
-63
-629
-360
286
297
-967
-599
708
393
-658
-311
293
707
-267
-393
387
134
484
-294
-117
651
233
-539
418
259
-121
400
-233
185
83
-22
127
299
-68
-330
483
159
-150
-83
407
-33
-107
82
-54
283
272
-50
-121
94
99
301
270
-452
-323
1082
47
-1025
328
655
-246
-403
124
-124
119
-134
-168
-25
-284
175
-365
-541
170
263
-770
-360
325
-231
-309
-247
288
-174
-124
15
-15
158
-219
-197
-102
-147
188
116
-505
-13
218
298
-524
-4
214
-191
509
-438
217
302
217
-421
-54
388
365
-268
20
410
92
-78
-267
372
528
-491
-46
361
600
-224
-317
546
330
-142
110
604
-215
-48
621
-28
-405
300
97
18
-54
-671
824
501
-543
-403
245
202
-377
-571
193
547
-256
-1028
146
517
-120
-855
-52
463
327
-197
-674
136
363
298
-545
-287
1036
456
-737
51
259
503
-359
-479
602
871
-93
-687
286
727
-302
-248
-229
489
705
-794
-173
442
331
-554
-168
305
2
118
-377
404
-137
54
385
-487
292
454
-357
-207
724
224
-371
357
281
485
-71
-102
440
154
-65
284
185
-131
58
-90
164
-115
-226
362
-592
206
-288
-104
-29
-385
-114
141
-225
-419
-105
-89
520
-675
-103
614
-488
330
-143
-23
100
387
242
-46
-6
291
48
88
340
-81
596
49
-337
389
14
152
-195
-50
558
-243
-63
395
-540
-34
235
-53
-18
-341
84
253
-267
269
-297
-312
679
-213
-154
160
120
-57
277
136
-93
399
-241
-39
394
114
-383
266
-113
-84
464
-374
-27
196
207
0
-346
-198
327
-102
-200
-55
-339
46
-41
-164
-410
490
-350
-508
79
-318
277
-177
-748
-12
374
12
-245
127
6
-17
811
-247
-204
606
353
-165
231
499
-74
65
632
-19
46
348
-10
46
287
-524
558
39
-449
-174
653
219
-789
13
69
250
57
-359
46
243
-82
243
-336
-12
717
-368
-406
23
537
-103
-192
-59
357
160
242
-399
-247
499
-49
348
-170
-596
354
588
-638
-848
537
546
-276
-443
-183
233
-78
-378
-456
74
328
-151
-432
51
75
35
-99
-185
-262
743
-16
-232
162
474
357
-443
382
207
-58
91
759
-28
-786
599
632
-452
130
-160
437
236
-503
150
-125
-1
-62
-289
9
353
-376
-282
151
305
-284
-467
324
-409
-15
460
-374
-95
98
-23
52
150
-406
-88
682
-207
-302
-131
202
-68
-82
150
-378
173
54
-408
341
-191
-379
-67
48
-208
169
-110
-202
138
-827
653
119
-705
-56
747
11
-448
248
-161
737
-82
-118
543
-63
333
-130
-34
263
278
-231
30
443
-33
186
-260
-51
297
180
-258
21
29
308
102
-169
-294
403
365
-288
-99
321
290
-244
-125
5
197
296
-711
88
116
-14
77
-501
55
223
50
-57
-227
-193
609
469
-769
-119
332
273
-114
-861
294
597
-163
-257
-341
-14
547
-251
-660
-13
550
-94
-555
145
-197
162
75
-686
98
516
237
-732
179
325
110
19
-287
273
106
341
-11
-270
312
420
-176
-257
558
-177
-222
243
396
-365
-206
261
146
-472
-79
174
314
-43
-767
518
366
-541
-325
257
289
-165
-74
-68
-167
595
-15
-179
-433
109
558
-470
-434
131
382
367
-321
-541
572
-114
-548
243
24
403
-282
56
-102
-185
96
94
-274
32
104
-42
218
-345
-50
447
194
-460
131
760
-174
-429
384
361
-180
-86
30
567
100
-129
12
347
113
4
49
-264
307
9
110
99
-20
11
187
72
-572
198
363
156
-637
-71
586
57
-502
-335
270
62
-121
-442
23
522
-376
-477
396
-29
-123
-132
63
-494
496
-9
-648
-162
515
47
-542
-90
445
-246
-60
-308
-29
49
137
-6
-451
10
248
-313
-171
227
-198
134
-172
44
279
-42
-246
-217
480
214
-444
-726
743
276
-302
-226
227
315
46
-185
-127
504
-89
-113
110
254
48
-58
-179
-231
467
53
-479
99
49
-156
-258
-6
163
-391
-465
20
132
-129
-332
-78
-189
320
-164
-399
-250
376
-255
-467
409
133
-170
393
-263
17
166
-340
-65
269
-57
-306
174
627
-261
-391
260
107
-336
558
118
-369
-141
70
472
-344
-152
-121
178
119
175
-532
-202
805
-149
-639
292
249
153
273
-65
-50
300
499
-377
-180
921
139
-304
74
438
30
39
198
321
-346
-40
426
137
-443
237
128
-135
-156
24
31
253
-426
-29
-75
23
-26
-429
86
97
-64
-492
205
229
-279
-200
98
298
145
-87
-161
305
265
-79
234
-213
48
326
-142
379
-130
8
21
-151
413
182
-410
-62
97
138
187
-314
-366
36
254
32
33
-566
106
687
-177
-701
-184
261
578
27
-780
254
847
-197
-84
-525
199
448
-167
-99
3
129
285
-30
-254
285
-341
-38
355
46
-332
-32
102
122
-216
-277
117
260
-409
-253
-43
294
-101
-596
380
-388
109
52
61
62
-291
345
29
104
-506
142
457
-172
-30
141
182
-31
-216
349
127
84
-3
62
-417
524
317
-282
-395
92
136
56
-108
-73
-116
-59
272
168
-515
-120
242
-230
79
46
-104
-90
119
130
-46
-109
151
-50
55
121
-63
338
-108
-144
77
140
-184
247
71
52
-96
27
125
-456
306
126
-595
194
-172
42
-116
-546
56
524
-287
-518
426
-132
-6
187
-330
102
431
-189
89
222
-22
578
-398
-176
739
138
-157
-342
734
91
-274
-63
19
468
-190
66
102
68
88
-228
103
-290
-70
331
91
-199
-123
220
390
-162
-275
80
314
81
78
-597
-156
715
30
-409
-286
416
52
-489
87
296
-199
-284
-66
370
-99
-358
363
-373
95
-110
-133
228
115
-628
393
590
-481
-1
-64
-160
206
144
-444
-132
409
275
-525
-242
357
169
-462
-276
461
-390
-285
363
-222
-121
-33
-55
23
-7
38
-145
150
-90
-29
476
-301
-287
364
-188
-174
292
-44
-95
-77
-72
-2
412
-246
-170
46
64
223
-345
113
-221
101
131
-54
205
-187
47
150
30
126
-165
43
352
-68
-141
140
82
-84
-336
110
192
-71
-89
171
-101
-248
471
-321
133
532
-151
-121
206
82
205
-240
-252
448
206
-162
-161
297
-28
405
-144
-146
338
-308
33
356
107
-126
46
-25
606
-96
-295
285
9
35
203
-230
-318
452
-22
-352
-145
178
-49
116
-413
-216
595
150
19
-496
-129
597
173
-285
-143
118
491
-73
18
-74
-289
520
136
-107
154
299
-237
436
3
-22
274
-308
192
73
266
-188
-167
236
-37
-107
-215
420
-63
-274
148
32
-551
445
155
-462
3
131
196
234
-116
21
221
-90
538
-197
-77
459
106
-22
-135
26
-90
295
87
-153
-159
562
374
-181
27
32
132
63
-96
51
32
109
365
73
-145
-295
-25
297
121
-338
60
290
155
-15
-409
382
72
311
-352
81
718
74
-143
24
-89
713
20
-337
39
363
64
25
20
14
-2
90
-277
119
239
-124
-179
36
313
-96
-80
-448
136
-3
117
-45
-482
336
116
-206
-182
-175
393
34
-48
-178
72
222
322
-430
-11
225
79
338
4
-47
68
317
-76
-52
80
713
-369
-43
202
269
-291
-75
151
-166
-43
190
206
-592
300
310
-250
-1
210
-30
74
61
354
-140
-71
371
-54
-243
-97
548
-196
-220
450
195
-55
-126
-33
348
333
-521
-127
406
-51
223
-466
32
290
48
-377
-200
17
68
-264
-185
-177
173
-82
-580
-22
-60
151
63
-447
-152
507
-381
-103
195
-465
219
267
89
-107
-179
173
32
87
19
238
-406
115
429
126
-278
-151
326
91
252
-255
-42
-28
62
135
-167
36
208
-89
-230
281
100
-135
143
92
-35
121
203
-129
-257
203
153
-55
62
-119
235
222
-278
-195
262
117
122
-223
101
386
-325
90
-133
255
-339
-52
261
-240
-104
74
123
-337
-175
76
114
-189
-105
-35
76
24
122
-513
-14
349
108
-256
18
223
-25
-162
65
66
-102
214
-17
-4
194
96
16
-27
-80
426
215
-18
-306
438
380
-103
-89
42
61
91
73
65
115
-89
41
272
-40
-195
-66
131
-11
7
-78
-91
-107
40
172
-427
-147
204
-178
70
-341
-320
139
119
-273
-110
-222
437
-244
-437
196
191
-280
27
-294
-96
169
-257
34
-178
-214
-10
173
0
-144
196
-274
-179
201
46
-221
-29
73
-8
261
0
-55
-83
-91
309
-35
-331
39
373
114
-56
60
-77
61
-52
119
316
-48
-179
83
282
185
-57
119
-140
326
-53
87
-253
115
187
85
49
-101
-255
288
11
-303
-80
5
-139
-171
136
139
-103
-340
-180
83
41
54
-600
19
236
147
-319
-394
182
195
-137
-230
183
-37
84
-35
-130
37
20
140
-106
193
342
-53
-126
210
305
-163
-164
136
170
264
76
66
-170
217
279
50
182
116
-125
-79
498
-101
-229
310
-7
247
29
-215
392
115
47
-115
-113
236
69
-186
169
204
-143
-170
192
-146
-77
-195
-18
243
-271
-282
79
66
-10
-145
145
-282
-459
271
138
-216
-318
-96
-89
106
2
-502
-239
121
71
-124
-58
14
-381
-257
32
285
-416
-348
184
546
12
-18
-50
-203
264
452
35
-479
238
546
46
-62
-204
386
-153
28
156
222
77
-141
-37
354
-60
-327
-94
-132
109
-19
-87
-34
-232
-41
2
-274
-273
204
-43
4
-85
-299
2
-4
-188
-157
-39
-238
259
-168
-235
35
55
-320
-12
371
-11
-243
-104
-67
-42
-276
202
154
-68
-342
190
97
-305
190
-62
-425
212
264
77
-372
-100
2
309
41
-281
-162
-13
277
46
110
84
214
212
-301
164
192
3
129
-5
83
284
-155
-195
20
233
159
-122
-110
82
-21
35
-15
-232
-355
22
14
-28
-178
-318
-217
92
23
-88
-36
-268
-104
-195
-16
-104
-59
-120
-45
-258
38
119
-500
13
79
-54
32
-40
-254
-83
329
-29
-63
82
-257
-14
104
-51
90
225
-24
-147
163
66
-98
-167
128
181
-195
49
22
-78
41
-21
132
-7
-198
123
50
44
63
-49
-16
199
208
-14
-262
-35
50
86
-43
85
-446
-228
224
395
-236
-432
-140
-86
433
-255
-419
-283
34
67
63
-218
-298
-79
-172
-148
-35
-42
-397
50
135
101
-304
-319
135
-55
92
48
-45
-91
88
-109
85
174
-141
30
-92
209
337
-393
-228
294
244
-107
188
-186
-200
159
368
75
-170
135
5
57
35
184
-195
-132
105
72
77
-6
-387
-303
437
168
-224
-122
-98
273
-220
-225
6
7
44
-293
248
63
-230
-203
36
-171
-140
151
285
-330
-283
42
12
-45
-194
-358
77
75
-285
65
-209
-350
-9
-74
40
-26
-266
-274
-23
242
-71
-275
-94
31
-78
203
177
-98
-316
154
419
5
45
-166
-190
319
540
-59
-238
202
-232
194
185
103
-309
52
179
58
107
-330
-265
154
8
1
10
-176
-156
108
-207
63
101
-99
-82
-265
7
-12
-16
-172
11
-2
-48
-103
-142
-98
11
242
3
-124
-32
79
-208
-47
273
-35
-166
184
157
-34
-433
17
217
82
50
94
52
104
-74
162
136
-39
78
3
126
99
28
141
28
36
152
192
-120
10
185
15
250
284
18
-269
108
26
79
143
-148
-121
112
51
-73
124
-82
-21
131
106
-178
-68
47
-108
-54
164
-214
-207
87
-9
71
-298
-75
-7
-64
44
-58
-475
-23
438
-38
-310
-191
145
127
-137
-5
-42
-79
2
202
-12
-250
-135
-23
186
152
-248
1
273
-177
5
107
125
73
-52
2
56
91
17
-26
39
116
54
57
35
-91
-19
-9
56
107
168
81
-100
-92
-79
42
-46
16
16
-196
5
119
-14
-276
-113
-69
5
15
-38
-154
-327
6
217
-8
-357
-130
183
37
-210
-44
-28
-52
-120
-132
53
167
-97
-101
-57
-17
-43
-17
12
-73
-80
121
98
-135
-30
22
33
100
157
-70
8
179
173
28
-112
-31
132
272
121
-33
-15
45
283
7
-167
55
33
208
103
82
-103
-53
338
285
-72
-241
-12
35
78
208
77
-41
-165
-11
350
-13
-214
-102
196
102
-43
-14
-110
47
-39
-154
24
29
11
-14
9
38
73
-240
-60
21
-37
-28
-10
13
-134
108
127
157
149
-191
46
242
156
51
-140
-34
188
214
25
56
-16
-95
284
301
80
-79
-86
10
188
263
-29
-158
-111
253
436
114
-187
-195
296
402
14
-155
17
59
169
286
33
-144
-93
124
99
98
9
-65
-69
66
131
-94
-269
-95
158
126
-81
-280
-108
-29
63
83
-113
-75
-44
88
78
-81
71
11
108
80
115
187
73
18
49
12
99
245
39
-67
84
152
228
173
-112
-189
52
221
135
-5
55
79
-27
127
78
-15
-46
91
240
157
77
-77
-70
157
162
126
-13
41
13
-100
122
75
-45
-66
-38
20
119
78
-76
-142
-133
-12
161
-10
-170
-86
6
188
63
-181
-186
-8
-30
42
99
-68
-241
-102
-21
-27
-58
-137
-88
-64
-27
20
-33
-208
-168
-17
11
-26
-57
-193
-109
129
208
29
-61
-71
117
137
123
107
4
77
230
201
64
39
118
149
60
-114
-40
109
48
-69
-183
0
73
24
-212
-222
-25
21
-20
-131
-144
-28
143
74
50
-109
-96
101
177
100
-67
-38
39
-51
-31
31
-25
-108
-43
37
24
-154
-100
-49
-106
-5
11
40
31
21
-20
-112
-127
31
54
62
69
57
131
34
37
-52
-76
-7
158
207
139
58
18
119
61
129
38
-12
102
239
194
115
117
28
100
248
231
112
54
53
42
101
114
22
57
97
85
176
151
-8
-41
88
121
58
16
0
18
162
134
-28
-48
13
-58
-16
129
160
32
-98
-102
45
127
63
7
-29
-46
59
168
77
-32
-107
28
186
190
-34
-118
-23
188
258
80
-71
5
65
223
139
-52
-82
14
113
242
131
3
8
78
137
150
138
29
-84
13
103
81
3
21
68
142
107
41
60
-17
-7
20
53
107
-16
73
25
13
58
62
-83
-105
-2
-57
-63
-35
32
-17
-75
-67
-20
17
42
-72
-148
-10
127
62
31
-89
-98
63
83
-37
-59
-44
19
87
62
-12
-127
-142
-45
32
7
-111
-116
-53
21
-11
-60
-46
-64
17
-35
-37
-2
29
85
15
-16
-34
32
122
21
-40
11
-13
-20
21
-20
-30
-18
94
110
69
-11
-108
-13
91
118
1
-24
66
59
106
60
9
-57
5
23
94
26
-121
-115
-29
62
19
21
5
-39
7
66
49
-35
-15
22
30
63
42
15
12
50
54
108
86
-24
-41
-4
136
138
0
-63
17
78
40
-29
-61
-12
6
30
43
-29
-29
-28
-7
-36
-86
-64
-4
16
73
114
87
30
-31
-6
53
13
12
2
22
100
105
61
-22
-65
-80
-53
-6
49
56
56
52
-36
-46
-76
-23
-15
-30
5
5
12
-25
-24
-49
-36
-30
-27
11
-40
-66
-28
17
-4
-2
-31
-35
-19
-28
-14
13
-5
-1
-37
53
6
-30
-30
-12
20
26
8
-5
-43
-23
50
92
55
-19
10
80
40
-6
-47
-92
-42
22
7
-23
-44
-36
28
14
-61
-134
-60
54
28
30
-22
-23
-9
40
19
-11
-35
-11
59
78
-13
-64
-22
6
11
21
-7
-30
-58
-10
-2
-30
-60
-26
-5
-18
-7
-26
-38
-21
-27
19
34
-33
-62
-45
43
66
46
23
4
-7
91
67
24
-35
-45
79
83
-11
-75
-63
-7
22
-33
-102
-83
-34
72
66
15
-85
-152
-19
27
-12
-125
-149
1
114
62
-52
-20
-33
-6
64
47
8
-27
13
19
14
-41
-95
-91
-38
14
-1
0
-26
-31
-22
12
14
-68
-51
-34
37
84
81
55
-19
40
79
88
63
35
-2
58
103
38
6
-58
-56
-32
36
20
-43
-120
-89
-42
1
-6
-74
-67
1
52
77
13
-32
-19
47
94
107
81
-9
10
48
123
83
-4
-53
-63
10
2
-23
-58
-75
-70
-80
-47
-73
-105
-70
-27
15
40
-17
-124
-78
-3
84
75
56
20
45
82
103
68
26
38
25
104
149
69
14
-38
3
25
77
68
12
-27
13
56
58
13
-46
1
96
59
-8
-70
-94
-62
4
47
13
-46
-14
30
91
69
-37
-47
-4
37
71
19
-18
0
45
57
15
-39
-82
-53
18
23
28
-23
-98
-143
-55
-33
-47
-83
-111
-44
33
57
-34
-85
-58
-32
-3
76
79
-2
-19
12
34
3
-13
13
32
58
34
-23
-82
-53
-16
31
16
-55
-16
-47
-52
-52
-70
-46
-40
-35
-13
-31
-29
-17
-20
-10
-11
-59
-27
-46
-39
-25
-35
-43
-86
-92
-103
-63
-49
-28
-50
-40
-19
-72
-72
-101
-105
-122
-56
-40
-81
-105
-105
-99
-103
-90
-91
-90
-98
-107
-77
-128
-127
-123
-131
-83
-58
-55
-42
-30
-19
10
-8
-3
-11
-35
37
35
-4
-18
-19
-16
-21
-53
-77
-61
-66
-42
-27
-18
-21
-39
-15
-31
-32
-30
-47
-75
-38
1
4
-17
-8
-3
-3
8
27
4
35
-15
-29
-19
-30
-35
-56
-61
-60
-35
-42
-64
-54
5
1
-41
-28
-39
-28
-15
-9
-16
-15
9
-1
0
-44
-46
-41
13
28
-44
-20
-5
-9
-21
-19
-43
-49
-43
-22
-22
-26
-23
-14
-2
7
-15
5
14
-12
-12
21
46
52
43
18
-5
-46
-21
-18
-11
-5
-28
0
4
-8
-49
-58
-59
-54
-38
-32
-24
-34
-14
-18
-27
-22
-65
-55
-53
-44
-36
-41
-49
-38
-41
-46
-48
-63
-42
-35
-11
5
-37
-19
-25
-8
-12
-10
-13
-12
-31
-22
-40
-69
-35
-34
-24
-18
-34
11
-14
-27
-18
24
29
35
42
26
23
24
39
36
31
27
-4
36
38
35
53
29
28
56
38
42
43
47
52
36
43
43
37
58
30
8
-12
10
33
31
13
4
22
6
22
26
39
17
-32
-14
-21
-3
-13
-45
-49
-28
6
17
3
-8
12
15
28
11
-36
5
13
34
38
32
31
18
28
30
26
24
33
54
74
67
11
41
71
86
69
34
27
29
25
21
33
40
73
60
73
89
47
42
40
51
74
88
61
28
24
19
30
13
-12
-12
25
42
-4
5
-6
-16
-39
-35
-3
-7
-5
14
13
-1
-4
-39
-46
-12
-38
-18
-11
-20
-46
-33
-15
-17
-8
-3
2
-6
22
9
11
44
22
45
-4
-6
7
37
52
60
58
55
66
45
43
13
34
54
27
45
39
36
25
20
4
-9
-29
4
21
11
39
20
29
35
14
33
29
23
20
27
29
12
11
19
44
34
34
0
17
20
-32
-5
1
-13
-22
-15
-22
-4
8
-27
-47
-25
-14
-13
8
7
-22
10
12
10
4
17
18
25
41
24
32
35
49
29
31
34
-25
-13
-8
13
11
7
1
19
32
22
31
29
