27
8
26
19
57
74
17
53
54
4
33
69
10
33
17
13
81
54
13
-38
-7
-2
10
78
24
-9
18
37
30
65
-18
-35
3
-18
45
72
37
-13
-43
-42
32
10
-25
-2
-7
-22
53
56
26
-11
-77
-103
11
15
-31
-8
-28
-10
26
2
-3
14
-50
-25
-4
-15
69
15
-43
-66
-47
13
43
-17
-64
-42
-61
-10
61
43
-52
-137
-63
-5
55
-15
-98
-45
-40
-32
17
6
-44
-123
-79
-1
6
23
-59
-31
-62
21
30
74
58
-50
-27
-40
71
81
1
-49
-51
-30
43
27
57
-22
-29
-22
-45
9
5
-18
-23
-82
-9
4
20
-51
4
-29
-25
76
-57
68
-13
-7
0
74
38
-53
-27
5
41
-11
89
66
90
-95
7
13
94
142
7
-71
-48
45
95
129
90
-33
-13
14
166
131
77
-47
-8
2
73
78
54
-43
-87
57
92
100
13
-40
-41
-21
122
104
11
-38
-73
24
46
59
10
-58
-34
-33
83
54
-19
23
-55
-48
-40
53
65
-4
79
14
-82
-29
48
7
66
117
10
48
-55
-72
72
43
-45
28
-77
30
44
80
8
-115
-57
-39
82
8
37
-183
-27
-26
-39
-49
-85
28
-76
46
83
-38
-87
-73
30
55
-28
-100
-73
-15
16
-54
-55
-95
-88
9
-15
-68
-56
-54
-70
-4
-27
-53
37
-32
8
-4
-83
10
22
29
-80
-138
-171
-41
29
-37
-75
-194
-163
58
49
-77
-123
-147
1
-72
145
13
-33
-149
-135
24
90
119
-86
-56
-116
33
-59
-80
-66
50
123
-110
87
-106
-98
-22
-14
-25
-67
71
-28
62
-148
-95
-13
-1
61
-68
-83
-172
-23
-45
31
-11
-72
-131
-162
86
2
46
-159
-181
118
7
88
-44
-134
-111
-60
20
106
29
-154
-80
-54
54
-2
-72
-111
-37
89
-27
-21
-105
-71
-27
-49
-84
-22
123
11
-100
-142
4
-49
-25
32
-132
29
-59
-4
72
0
-131
-263
-123
-33
42
22
-136
-75
-153
193
7
-274
-249
-42
248
-95
-11
-117
-205
-35
141
110
-193
-7
-104
-133
-137
-40
53
-110
-24
-103
29
57
-149
-82
-103
-87
-39
-51
-187
-161
-56
-58
70
30
-41
-70
-138
-56
25
-94
-51
-29
-86
-33
136
74
-56
-59
-100
36
112
63
-140
-96
-165
-57
-4
-107
23
-59
-65
-1
40
44
-97
-24
-92
125
24
-60
106
-84
47
86
60
139
-124
-22
-47
80
30
12
-9
46
167
-86
20
-80
-45
-18
212
122
-178
-26
11
58
16
-26
-40
24
-63
-27
71
-128
-117
37
170
44
-186
-96
52
317
223
-156
-208
132
239
103
77
-53
-44
-9
128
-22
-24
71
70
102
-120
47
73
20
21
-64
157
-48
44
7
-14
41
-46
133
79
89
242
-59
-56
-36
200
10
74
58
-9
103
151
111
-235
-72
31
145
44
109
-50
-10
213
189
-95
-277
40
210
55
-35
79
11
-42
193
149
24
-163
-83
-46
43
270
-24
-15
-2
16
-11
-153
87
184
-100
-236
130
174
55
38
-81
38
-91
-38
65
13
22
-16
-9
-43
-6
-7
-134
87
117
-92
-202
99
168
31
160
-88
-42
17
148
-32
-1
-49
-126
182
190
-22
-222
-39
196
138
-26
-55
-141
34
107
39
-100
-117
-85
133
189
27
142
-171
-124
21
-35
178
18
-295
103
142
-21
-52
-125
-205
8
147
53
-70
-31
114
-179
209
48
-120
-61
-67
127
80
16
-9
10
163
94
115
-85
-193
12
122
175
-258
-43
-232
94
211
-182
75
94
-54
-61
58
74
110
-101
-102
101
168
-14
-119
98
-58
-5
196
-89
-224
86
195
-27
40
-44
-82
129
-52
47
-42
10
82
-123
31
-13
119
78
-52
94
38
-33
-51
142
-19
-85
-20
-247
167
130
52
16
-163
118
146
21
-169
9
140
144
-73
53
79
35
-179
-56
218
-87
-4
-11
-1
144
85
-123
-182
190
71
63
143
-123
-135
60
125
-82
-161
33
131
233
-98
-285
34
269
123
-245
-183
152
93
167
-240
-300
-40
265
154
-98
-61
4
335
237
202
-276
-302
220
112
75
-158
-192
193
389
100
-193
-198
-70
282
257
-66
-180
267
301
133
-76
-259
162
-65
363
21
-164
180
99
60
-107
3
30
146
73
357
177
-328
52
87
83
39
-139
-210
-76
562
125
-244
-152
-66
281
15
94
60
-51
141
148
-160
-54
140
-52
127
71
29
29
122
71
-85
10
27
31
32
93
-11
-76
-181
-2
82
281
33
-174
-23
92
63
-51
-206
73
86
77
280
-48
-4
-157
68
91
309
104
-452
95
158
189
-231
-87
-39
175
304
22
-269
-333
116
196
91
-100
-245
-209
161
319
93
21
-12
-189
-49
324
-8
-388
-168
290
366
-14
-33
-69
-7
116
-180
-253
160
289
128
-118
-118
-174
133
-7
51
278
141
-151
-285
-49
326
59
-344
-172
79
438
-65
-310
313
129
-175
260
-303
26
276
211
-171
-50
67
-145
318
-43
-174
39
61
-95
-151
78
-174
109
-144
85
-254
52
294
-407
-82
-57
264
270
-234
-245
155
283
-2
-213
-133
-28
252
47
-45
-15
46
-31
84
-206
-322
87
196
170
-75
-114
104
123
-111
93
65
-125
-289
-103
65
486
-421
-474
367
247
-220
-22
107
-105
224
172
77
-601
-205
164
81
211
-256
-66
-197
304
172
-193
-36
-114
274
192
-199
-206
-71
97
457
-94
-209
-168
339
119
-238
5
-265
-42
260
111
-348
-146
244
-133
-105
-204
197
261
-206
-69
208
53
-332
-33
127
16
12
231
-232
-277
455
310
-52
-380
-332
0
417
95
-249
-153
116
403
-89
-584
-34
410
11
65
-90
226
-276
-335
-32
127
132
-204
73
89
269
-35
-344
-108
437
205
-441
-318
-156
466
153
-286
-306
-200
405
194
-15
-459
-301
190
395
-52
-374
40
179
609
-422
-82
-98
13
122
-87
-109
71
-21
-444
80
117
-16
70
-169
227
327
-235
-419
228
221
-149
-302
-122
288
38
-53
-240
213
86
-63
-153
-109
8
120
168
-453
59
394
253
-246
-402
107
383
68
-407
-51
-215
274
-138
56
-289
-172
262
-134
-20
-294
148
-6
364
-299
52
-38
-109
100
-169
154
76
-14
-331
145
420
-129
-267
-356
112
520
-227
-423
147
362
-36
128
-350
-372
58
440
48
94
-556
-55
88
18
-193
252
231
-325
258
94
-29
-327
-108
-44
94
107
-8
-27
-100
-87
-336
252
432
-515
-225
485
559
-299
-778
-261
657
806
-586
-463
274
305
366
-120
-342
-3
-86
-288
370
-2
-393
-133
375
61
191
-242
-561
206
424
128
-296
-338
114
788
215
-412
-398
11
156
204
127
-333
48
408
401
-570
-472
338
173
78
-443
-100
50
57
154
-711
85
128
128
-411
-34
-27
161
-95
-126
397
94
-292
-126
419
44
-40
-620
-191
108
322
69
-628
-151
71
245
-125
-242
-185
49
233
43
-206
-350
-30
251
135
2
14
33
-147
214
-237
-465
401
257
-180
-361
369
-93
-392
-196
-40
204
57
-196
-252
241
43
-218
-356
-238
150
345
-246
-750
492
265
-508
206
-452
104
137
34
21
6
-219
-86
547
-551
-485
830
3
-486
-504
537
344
-346
-359
-218
672
214
-396
-437
428
237
-383
-407
143
549
-360
-461
260
286
-351
-214
283
-187
349
-308
-183
322
-127
-66
9
-61
-232
-373
-288
46
247
-152
23
4
-95
-137
-106
409
205
-101
-223
-124
149
-181
-275
-165
-38
-208
-156
153
-110
72
138
-203
42
-102
147
181
93
-441
34
503
-384
-267
-98
306
105
-212
-123
344
430
-387
-341
142
210
-149
-31
151
-27
-183
206
35
-449
18
195
141
-457
62
612
-207
-418
-161
577
-187
-409
-180
462
479
-573
-453
-30
519
310
-478
11
247
258
-155
-204
453
-138
-392
105
-33
243
-189
3
-30
117
-40
-342
-178
-408
527
632
-190
-604
-71
217
417
-91
-519
179
285
109
-334
-306
209
20
114
271
-64
-286
47
175
-41
194
-275
-9
271
22
53
208
-292
-515
413
348
-99
-420
-14
209
82
-285
-148
326
-282
-552
-124
558
160
-513
-285
149
480
-16
-170
-100
140
371
-20
-125
-263
222
447
-233
-125
283
230
-81
357
114
-204
114
-363
196
248
187
71
-487
-143
250
564
-352
-496
240
164
210
83
-269
-214
318
240
-130
-307
-207
407
393
-151
-275
265
-163
26
-50
106
268
-109
-170
-31
361
-69
-274
-124
411
263
13
204
26
-26
319
293
55
-427
-247
184
-34
148
-434
-4
94
10
462
-171
-39
-314
639
324
62
103
-581
531
411
536
4
-432
12
395
532
-354
-247
-164
676
137
-354
-273
24
724
-92
-85
-166
13
-110
-653
762
283
-165
-304
102
193
66
184
-224
25
-50
408
333
12
-375
208
491
123
-523
220
192
-333
495
341
-107
-534
-339
368
192
-25
-625
-97
853
90
-291
-24
-348
160
47
189
102
-42
246
-284
275
-246
-159
219
-160
449
566
-12
-560
-570
81
459
-77
-590
150
583
110
-278
-90
55
41
195
-41
283
-35
85
-116
-460
-160
297
318
-450
-172
250
126
-148
164
286
-14
-294
-134
125
-17
23
-42
-49
49
222
-128
-701
-197
495
407
-505
-308
360
246
-102
-57
136
341
-243
-71
356
126
99
51
380
-233
-14
230
103
157
186
244
-442
-543
166
-85
-217
-428
220
250
36
193
-198
-99
-103
312
244
212
32
280
592
53
-134
-292
-205
-78
53
-33
-268
-209
-111
-35
-103
-323
-296
-143
214
334
339
448
-141
-344
448
553
19
-369
-251
81
389
116
-173
120
181
112
144
45
-130
9
181
128
298
101
-120
-281
-203
190
93
-5
-57
234
405
186
50
-202
9
355
398
63
60
188
214
44
-259
-177
-109
-158
-22
454
231
-171
-162
61
160
34
-51
-320
193
577
392
172
-129
127
239
37
-132
154
350
126
-7
212
85
-170
-246
-33
176
72
95
51
-91
-192
83
403
105
37
286
404
337
107
42
32
113
90
102
254
326
85
14
191
331
263
-160
-63
452
441
202
119
191
179
-18
19
108
174
106
176
385
373
85
-23
2
143
206
131
34
50
20
25
125
36
-135
-59
92
389
492
178
-23
187
322
189
51
-10
9
-77
86
189
46
-112
-324
-272
-108
-36
-183
-385
-296
-245
-284
-446
-540
-626
-705
-671
-494
-455
-621
-735
-644
-535
-543
-615
-599
-436
-355
-353
-363
-358
-326
-276
-112
166
372
417
493
710
916
997
1069
1098
1183
1266
1398
1481
1471
1314
1195
1157
1152
1089
1005
898
859
868
817
712
545
454
409
373
450
510
455
422
373
439
395
253
275
340
438
422
385
275
144
26
31
-33
-158
-280
-363
-455
-617
-739
-907
-1156
-1321
-1432
-1428
-1554
-1693
-1758
-1799
-1811
-1882
-1899
-2069
-2080
-1957
-1990
-2137
-2276
-2227
-2185
-2392
-2657
-2886
-2933
-2008
456
2779
2785
811
-93
1164
2472
2285
1754
2258
3279
3768
3774
3438
2449
808
-349
-35
1068
1530
804
-427
-983
-830
-916
-1715
-2453
-2448
-1688
-609
294
778
719
615
765
1252
2543
4123
4681
4134
3788
4162
4279
3295
2158
1900
2043
2031
1947
1714
790
-470
-1362
-1613
-1332
-1047
-1095
-1207
-1005
-717
-730
-1199
-1571
-1435
-971
-303
415
750
449
-139
-539
-658
-694
-733
-913
-959
-907
-1069
-1575
-2380
-3220
-3823
-4018
-4009
-3968
-4118
-4411
-4489
-4402
-4630
-4775
-4553
-3147
-300
2105
2352
1047
649
2081
3594
3906
3806
4298
5353
5829
5605
4818
3585
2054
593
88
486
906
150
-1498
-2756
-3043
-3228
-3962
-4448
-4170
-3234
-2246
-1306
-422
-18
-105
-386
31
1607
3442
4320
4188
4066
4342
4545
4116
3540
3271
3374
3382
3286
2902
1968
608
-741
-1409
-1349
-1026
-1061
-1434
-1634
-1671
-1701
-1821
-1868
-1575
-971
-179
668
1354
1528
1234
745
548
815
1186
1411
1265
960
561
-57
-847
-1621
-2245
-2780
-3127
-3380
-3615
-3980
-4361
-4875
-5466
-5772
-5683
-5381
-5196
-4774
-4158
-3605
-3330
-2918
-1542
1365
4262
5022
3376
2065
3198
5532
6222
5237
4472
4955
5405
4796
3345
1813
482
-850
-1888
-2107
-1473
-1331
-2671
-4598
-5422
-4782
-3915
-3766
-3797
-2986
-1528
-257
370
741
1207
1680
2083
2805
4158
5556
5814
4925
4041
3840
3826
3341
2660
2264
2022
1618
931
185
-578
-1391
-2091
-2202
-1750
-1096
-807
-1097
-1426
-1346
-881
-365
96
565
1065
1605
1946
2018
1817
1542
1231
1138
1319
1473
1262
571
-314
-1040
-1531
-1947
-2335
-2737
-3108
-3470
-3905
-4350
-4845
-5286
-5564
-5498
-5050
-4583
-4375
-4608
-4468
-3914
-3322
-3065
-2774
-1979
81
3124
5358
5030
2752
1517
2883
4917
5261
4469
4200
4641
4368
3010
1408
333
-573
-1615
-2440
-2208
-1104
-855
-2526
-4837
-5633
-4517
-3152
-2670
-2395
-1474
-276
399
473
723
1323
1847
2126
2797
4341
5711
5519
3903
2623
2591
2985
2786
2318
2213
2091
1437
300
-602
-1045
-1343
-1586
-1516
-909
-162
-25
-688
-1405
-1412
-713
44
617
1265
1803
1919
1589
1303
1258
1266
1222
1222
1398
1564
1304
453
-672
-1604
-2000
-1975
-1983
-2189
-2562
-3091
-3844
-4538
-4938
-5065
-5104
-5001
-4582
-4064
-3781
-3983
-4442
-4364
-3685
-2910
-2650
-2441
-1588
142
2561
4687
5072
3204
1157
1486
3934
5595
5271
4347
4033
3821
2786
1404
425
-50
-673
-1450
-1775
-1307
-798
-1622
-3743
-5395
-5018
-3187
-1786
-1416
-1211
-717
-305
-217
42
873
1892
2516
2883
3536
4574
5112
4275
2745
1853
2198
2844
2948
2636
2135
1260
-65
-1043
-1154
-779
-646
-893
-1002
-707
-198
-116
-564
-1008
-781
143
1141
1822
2109
1977
1495
1143
1285
1778
2058
1865
1484
1080
743
212
-531
-1360
-1888
-1975
-1867
-1942
-2344
-2885
-3607
-4289
-4598
-4424
-3985
-3832
-4061
-4267
-4093
-3718
-3555
-3716
-3691
-2899
-1866
-1500
-1901
-1983
-1258
219
2566
4652
4719
2365
363
1501
4398
5379
3986
2857
3249
3581
2514
1011
369
279
-230
-1312
-1940
-1236
-241
-808
-3229
-5145
-4353
-2007
-798
-1313
-1669
-842
37
-6
-88
753
2128
2749
2528
2603
3634
4727
4370
2698
1583
2081
3074
3145
2404
1857
1682
991
-154
-681
-239
291
87
-499
-633
-179
134
-232
-955
-1050
-221
728
1170
1133
1115
1153
944
589
638
1119
1518
1339
772
315
100
-128
-679
-1381
-1653
-1487
-1416
-1838
-2479
-2905
-3203
-3559
-3745
-3572
-3301
-3362
-3813
-4051
-3820
-3537
-3414
-3539
-3404
-2648
-1839
-1640
-2189
-2676
-2162
-246
2600
4730
4413
2076
376
1407
3918
5023
4266
3432
3643
3757
2797
1399
772
725
292
-748
-1392
-721
272
-282
-2639
-4694
-4355
-2293
-889
-1014
-1365
-966
-520
-687
-819
60
1520
2278
2071
1906
2702
3726
3839
2810
1770
1828
2730
3446
3368
2760
1944
1087
322
150
681
1232
1120
225
-639
-820
-467
-252
-515
-815
-612
94
752
945
681
331
130
124
500
1125
1645
1572
883
95
-245
-223
-195
-400
-727
-947
-1105
-1249
-1591
-2126
-2607
-2937
-2932
-2720
-2476
-2481
-2909
-3567
-4013
-3859
-3247
-2746
-2712
-2610
-2156
-1829
-2080
-2702
-2667
-1683
35
2129
3763
3785
2010
303
699
2848
4392
4368
3714
3537
3603
3000
1821
861
617
759
646
146
-164
-54
-277
-1738
-3723
-4310
-2947
-1200
-645
-1241
-1775
-1711
-1441
-1223
-730
212
1221
1938
2238
2401
2598
2876
2958
2651
2415
2727
3583
4167
3847
2754
1581
907
902
1242
1382
1069
357
-318
-819
-1153
-1145
-1005
-919
-974
-921
-543
-26
188
-21
-266
-175
405
1114
1557
1460
948
482
227
199
192
222
161
-123
-656
-1248
-1677
-2037
-2388
-2624
-2669
-2599
-2577
-2524
-2757
-3218
-3630
-3743
-3328
-2707
-2301
-2185
-2065
-1687
-1291
-1511
-2136
-2298
-1677
-82
2002
3624
3540
1732
-61
-33
1881
3759
4165
3372
2719
2710
2754
2165
1079
383
392
783
896
672
345
-83
-988
-2266
-3039
-2573
-1228
-148
-23
-611
-1298
-1520
-1258
-661
-8
470
890
1424
1916
2046
1840
1649
1714
1908
2186
2598
3091
3411
3153
2391
1543
1069
1121
1441
1492
1068
452
-53
-396
-819
-1185
-1296
-1081
-691
-518
-510
-604
-603
-484
-245
-26
197
439
637
459
-41
-63
138
168
-97
-244
-201
-368
-625
-693
-882
-1158
-1473
-1767
-1593
-1273
-997
-991
-1491
-1765
-1765
-1871
-1819
-1454
-1127
-957
-1086
-1217
-1232
-1274
-1254
-1384
-1386
-1467
-1193
-528
449
1279
1269
300
-868
-1032
187
1856
2634
2156
1207
716
879
1327
1498
1283
1093
1081
1375
1666
1586
1097
386
-152
-240
161
660
873
633
165
-388
-893
-1020
-723
-133
256
246
31
-54
-10
132
308
458
667
889
1273
1796
2254
2518
2338
1869
1388
1196
1390
1765
1884
1479
685
-73
-471
-498
-298
-226
-360
-488
-442
-459
-436
-676
-1169
-1578
-982
-177
51
68
-441
-567
-699
-506
-146
225
278
321
357
-16
-156
-20
26
38
-38
-253
-324
-330
-106
-227
-812
-1441
-1685
-1391
-888
-639
-1140
-1895
-2288
-2166
-1585
-1189
-1352
-1783
-2179
-2082
-1645
-1179
-945
-855
-602
-241
-33
-172
-351
-175
419
974
1157
1052
998
1161
1433
1697
1695
1497
1336
1443
1785
2095
2002
1459
791
369
411
673
787
524
46
-200
-178
-58
-42
-208
-343
-365
-223
79
453
673
566
258
39
139
424
767
800
575
205
-56
-43
123
135
-93
-362
-452
-294
-69
53
-64
-341
-472
-320
33
333
376
185
52
37
289
511
570
488
348
414
474
472
440
283
35
-109
-92
-11
-5
-189
-405
-588
-638
-599
-596
-664
-804
-891
-875
-774
-672
-643
-713
-781
-788
-726
-594
-505
-542
-646
-719
-656
-560
-573
-634
-773
-892
-991
-981
-931
-857
-823
-801
-734
-602
-411
-334
-307
-279
-217
17
289
530
647
617
581
650
798
871
853
795
753
766
836
846
714
576
420
337
350
386
394
301
154
47
-1
10
68
107
96
25
-36
46
183
299
349
370
414
484
571
612
639
688
714
704
704
714
695
673
535
408
348
329
267
165
38
-93
-179
-281
-314
-296
-255
-265
-407
-441
-387
-261
-161
-140
-95
-50
5
4
27
78
148
185
229
219
109
51
-71
-161
-266
-363
-431
-491
-554
-675
-803
-888
-925
-949
-940
-933
-969
-897
-824
-732
-688
-648
-586
-507
-412
-344
-230
-137
-85
-78
-24
1
-39
-26
-99
-156
-186
-208
-209
-254
-336
-382
-384
-354
-332
-331
-343
-337
-353
-247
-113
11
109
186
301
415
505
577
662
747
833
904
989
1035
1014
1014
980
893
851
885
875
817
686
591
520
452
378
294
288
244
133
43
-46
-125
-215
-334
-369
-318
-300
-312
-347
-323
-242
-188
-182
-190
-189
-88
0
92
146
157
159
153
186
240
261
197
93
15
67
125
64
-60
-221
-287
-285
-276
-303
-342
-379
-434
-498
-531
-529
-520
-497
-483
-488
-422
-376
-357
-407
-466
-492
-469
-383
-322
-328
-395
-490
-586
-573
-527
-510
-494
-550
-615
-657
-603
-514
-454
-477
-519
-492
-393
-265
-209
-146
-130
-122
-1
115
237
274
265
195
167
253
409
524
508
448
388
431
481
464
455
417
414
423
449
477
499
498
462
395
364
403
435
429
373
294
285
260
265
266
277
255
200
158
117
98
110
119
94
74
35
13
77
83
48
-4
-1
44
101
120
78
15
-49
-53
-20
36
47
-17
-36
-78
-113
-142
-187
-215
-228
-192
-147
-120
-165
-247
-313
-331
-319
-308
-278
-288
-326
-344
-342
-372
-402
-420
-410
-372
-329
-308
-319
-308
-296
-305
-264
-235
-198
-142
-108
-90
-45
7
36
25
7
35
91
187
198
89
18
-28
-6
40
46
18
-28
-62
-93
-99
-87
-79
-85
-42
3
-8
34
45
75
104
106
106
140
205
279
318
304
286
253
280
293
262
310
318
274
199
175
192
183
108
22
12
84
156
176
188
144
55
32
41
84
164
240
253
221
203
202
190
147
105
70
108
131
98
100
32
-52
-125
-144
-140
-103
-80
-97
-128
-178
-206
-248
-246
-224
-241
-215
-215
-212
-205
-216
-228
-250
-254
-215
-147
-61
-11
-27
-48
-55
-62
-9
40
91
92
55
24
-2
-7
-15
-39
-99
-119
-137
-107
-109
-197
-219
-270
-258
-224
-185
-131
-95
-90
-109
-107
-54
19
86
137
155
112
132
122
123
112
102
126
111
80
18
-9
-59
-110
-158
-139
-79
-76
-38
-77
-106
-79
-2
94
164
224
286
347
361
381
444
549
602
556
581
610
606
527
423
345
333
318
229
126
49
-16
-115
-222
-339
-431
-388
-375
-394
-411
-427
-407
-385
-373
-317
-239
-141
-55
19
121
199
210
269
287
343
430
477
498
473
410
337
280
237
223
192
145
51
-112
-206
-314
-371
-413
-439
-434
-452
-416
-402
-373
-346
-289
-220
-113
-17
33
120
163
198
206
254
289
307
288
233
203
145
88
-24
-110
-155
-200
-173
-199
-249
-338
-378
-377
-331
-263
-225
-165
-93
13
71
124
144
134
235
334
443
504
529
530
496
475
443
432
416
391
362
359
354
265
208
124
89
97
120
144
113
60
-11
-45
-61
-51
-61
-66
-80
-153
-152
-161
-163
-207
-285
-321
-287
-211
-195
-222
-247
-206
-130
-44
-6
-39
15
54
104
134
200
263
298
314
296
269
207
141
80
106
149
99
26
-83
-164
-234
-284
-305
-318
-310
-304
-280
-283
-269
-275
-234
-183
-167
-93
-25
46
95
121
101
76
71
80
93
76
70
49
58
20
-66
-97
-142
-166
-180
-152
-117
-63
-78
-130
-150
-127
-43
24
92
119
102
167
204
256
287
259
208
184
240
299
325
273
220
193
199
200
117
108
59
45
49
36
27
2
-26
-94
-151
-186
-159
-101
-17
5
-62
-71
-91
-93
-106
-90
-63
-38
-2
19
12
-7
-65
-119
-113
-38
16
67
29
-53
-114
-132
-132
-128
-81
-40
-13
-20
-34
-53
-31
-9
-7
79
130
165
173
154
114
104
100
90
96
86
86
54
54
25
-48
-64
-113
-120
-99
-52
-51
-67
-97
-123
-100
-92
-50
-19
24
64
40
78
88
121
143
146
145
180
242
261
228
159
160
179
222
219
132
106
74
70
50
36
19
0
-20
-53
-41
-33
-36
-51
-11
38
26
63
79
107
136
146
145
155
202
248
266
240
201
162
186
194
138
130
82
47
-5
-49
-82
-115
-148
-192
-203
-210
-187
-191
-198
-222
-269
-225
-180
-136
-111
-83
-44
4
42
54
62
77
95
108
127
142
120
143
125
81
40
-12
-35
-49
-64
-81
-71
-50
-44
-87
-113
-115
-126
-48
-21
15
59
102
125
117
111
108
134
156
189
225
270
261
167
109
34
9
10
23
20
-11
-73
-140
-193
-227
-224
-240
-218
-174
-137
-70
-66
-49
-36
-21
16
76
154
223
255
276
288
277
299
294
251
264
247
257
247
204
151
72
-3
-53
-56
-36
-26
-63
-88
-129
-193
-180
-167
-141
-118
-83
-78
-64
-52
-65
-58
-61
-37
2
58
95
64
60
49
53
77
80
76
62
75
67
53
11
-15
-32
-22
-37
-124
-143
-177
-198
-226
-231
-243
-227
-232
-262
-262
-235
-179
-159
-124
-118
-127
-57
-24
-13
-16
-20
-8
-9
-13
-7
-7
-44
-94
-148
-133
-127
-182
-203
-260
-281
-275
-269
-259
-271
-270
-263
-216
-166
-128
-100
-52
-29
-42
38
76
132
145
149
166
195
201
188
164
139
150
147
164
129
70
75
45
-8
-38
-50
-39
-18
-46
-87
-109
-113
-106
-110
-82
-42
-65
-33
-24
8
38
46
57
61
110
180
222
197
163
139
159
185
160
175
159
140
130
113
68
0
-50
-74
-74
-83
-88
-131
-145
-156
-217
-191
-203
-167
-171
-66
69
936
1589
455
-933
-1145
378
1267
105
-650
289
1394
1351
-151
-1368
-441
729
545
-53
-431
-274
-40
-474
-826
-272
-19
696
1440
350
-509
31
227
-76
-36
348
782
426
122
148
-66
-113
131
-61
68
449
244
39
-243
-1
592
463
-56
-137
54
282
-19
-609
-180
247
16
-631
-674
-116
61
-375
-382
584
965
92
-18
1042
347
68
639
410
387
377
436
581
-461
-584
313
-125
-89
61
-76
203
-242
-543
-4
-154
-640
-88
337
-238
1
87
-665
-531
-23
-239
-410
-114
-153
-423
-378
-335
-251
-371
-446
-217
55
-32
-27
-81
-142
104
102
128
298
361
-39
-200
120
158
9
-117
24
5
-231
-273
-126
-36
-193
-271
-1
34
-151
-394
-274
-202
-527
-359
35
-47
-404
-679
-724
-508
-590
-675
-408
-446
-828
-969
-831
-898
-999
-1174
-1171
-1048
-1061
-1309
-1664
-1793
-1783
-1684
-1672
-1826
-2092
-2427
-2563
-2315
-2204
-2351
-2278
-2404
-2718
-2635
-2300
-1799
-872
6
182
-330
-952
-741
559
1681
2067
2161
2129
1895
1499
1471
2119
2634
2352
1958
1941
1870
1318
610
419
589
686
687
807
748
214
-525
-749
-219
467
806
806
651
364
120
267
800
1361
1477
1271
1213
1236
1106
957
956
1158
1211
981
800
562
-51
-645
-944
-842
-684
-938
-1502
-2167
-2770
-3142
-3275
-3246
-3207
-3445
-4112
-4766
-5067
-4988
-4661
-4191
-3836
-3897
-4329
-4431
-3002
-406
1135
328
-1338
-1221
1109
3330
3940
3862
4012
4033
3455
3169
4274
5641
5283
3572
2529
2819
3201
2455
1097
244
-80
-278
-547
-821
-1336
-2231
-3246
-3559
-2782
-1760
-1423
-1840
-2175
-1757
-835
6
854
1807
2375
2576
2892
3606
4237
4336
4269
4624
4985
4752
4293
3933
3385
2495
1833
1945
1950
1008
-284
-1028
-1391
-1863
-2168
-2025
-1847
-2347
-3138
-3330
-2884
-2541
-2556
-2548
-2450
-2346
-2431
-2438
-2319
-2384
-2786
-3121
-3084
-2945
-2792
-2657
-2454
-2796
-3836
-3716
-1311
1474
1615
-1005
-2836
-1315
1420
2581
2775
3476
4013
2824
1227
1952
4453
5640
4425
2973
2837
3171
2782
1942
1460
1283
973
589
194
-285
-759
-1500
-2477
-2843
-2131
-815
-456
-1552
-2686
-2539
-1553
-546
466
1760
3230
3413
2286
1645
2373
3820
4894
5411
5680
5267
3580
2097
2286
3205
3419
2793
1997
1002
-434
-1606
-1629
-1072
-1094
-1435
-1723
-2213
-3173
-3865
-3440
-2507
-2102
-2163
-2159
-2450
-3187
-3788
-3532
-2714
-2450
-2845
-3430
-3803
-3861
-3334
-2620
-2762
-3233
-2253
164
1429
-86
-2114
-1379
1195
2503
2630
3411
4467
3703
1547
1287
3695
5724
5291
3761
2881
2559
2033
1490
1624
1978
1620
597
-543
-1366
-1568
-1553
-1890
-2381
-2428
-1882
-1631
-2174
-2814
-2629
-1789
-1011
275
1859
2457
1701
945
1681
3442
4715
5277
5444
4757
3585
3101
3644
4310
4036
3237
2492
1515
296
-313
-157
-261
-1057
-1802
-1928
-2043
-2718
-3406
-3444
-3031
-2823
-2691
-2697
-2986
-3525
-3814
-3395
-2862
-2765
-3079
-3576
-4164
-4065
-3141
-2459
-2935
-4253
-3641
-397
2042
845
-2166
-2924
-465
2204
2941
3377
4210
3784
1566
262
2373
5757
6673
4602
2492
1916
2041
2002
2010
2371
2300
1151
-587
-1593
-1519
-1117
-1401
-2368
-2795
-2319
-1856
-2414
-3318
-3152
-1612
-269
-58
-110
308
939
1361
2109
3658
4895
4530
3520
3556
4409
4887
4779
4602
4211
3216
2101
1804
1936
1423
480
-151
-667
-1460
-2093
-2147
-2137
-2669
-3218
-3060
-2661
-2858
-3450
-3645
-3332
-3030
-2933
-2817
-2941
-3409
-3898
-3969
-3556
-2969
-2565
-2774
-3573
-3781
-1914
774
1355
-865
-2847
-1610
1332
2774
2648
2990
3433
2346
760
1532
4539
6216
4809
2501
1813
2212
2306
2263
2427
2273
1191
-293
-1126
-1047
-728
-866
-1594
-2419
-2631
-2260
-2041
-2280
-2156
-1402
-844
-638
-352
286
778
1004
1750
3169
4010
3683
3218
3291
3657
4060
4570
4830
4030
2566
1784
1953
1987
1482
985
471
-625
-1902
-2260
-1793
-1644
-2363
-3160
-3268
-3176
-3446
-3691
-3662
-3495
-3515
-3775
-3874
-3800
-3816
-3934
-4089
-4086
-3750
-3269
-2995
-2923
-2017
-344
393
-810
-2162
-1109
1632
3135
2709
2401
2860
2799
2053
2438
4518
5865
4893
3005
2262
2478
2682
2763
2872
2571
1489
190
-658
-880
-826
-727
-919
-1746
-2634
-2882
-2531
-1960
-1540
-1475
-1622
-1529
-876
45
768
1287
1790
2105
2212
2635
3596
4168
3863
3484
3760
4143
3772
3115
2902
2756
1955
1039
824
768
71
-1134
-1804
-1846
-2043
-2641
-3133
-3357
-3687
-4083
-4153
-3949
-3968
-4376
-4701
-4566
-4173
-4191
-4687
-4959
-4363
-3241
-2648
-2749
-2220
-725
104
-686
-1445
-72
2355
3248
2542
2327
3167
3409
2808
3126
4680
5526
4507
3041
2764
3098
2961
2650
2622
2357
1400
211
-404
-502
-589
-863
-1208
-1644
-2046
-1865
-1445
-1562
-2098
-2214
-1729
-1075
-246
564
975
595
166
800
2109
2985
3309
3428
3087
2342
2172
3135
4036
3633
2549
1869
1488
837
435
691
701
-407
-1917
-2486
-2253
-2334
-2967
-3344
-3432
-3841
-4473
-4917
-4739
-4311
-4177
-4521
-5206
-5740
-5394
-4108
-2989
-2890
-3208
-2485
-971
-301
-828
-886
598
2258
2724
2560
3114
3920
3721
3043
3329
4638
5471
4987
3923
3161
2921
2762
2633
2635
2496
1805
507
-711
-1111
-768
-497
-446
-558
-948
-1999
-3047
-2786
-1569
-512
-342
-330
-349
-861
-1251
-418
1287
2244
2056
1731
1726
1487
1320
2187
3540
3681
2532
1610
1459
1378
1042
1102
1381
846
-532
-1674
-1933
-1906
-2123
-2316
-2639
-3370
-4288
-4795
-4734
-4644
-4528
-4412
-4770
-5511
-5801
-5043
-3915
-3421
-3129
-2191
-1464
-1844
-2207
-911
1151
2067
1844
2006
2830
3023
2715
3327
4649
5078
4375
3868
3926
3743
3228
3159
3536
3253
2155
1293
932
499
126
301
692
391
-737
-1486
-1545
-1284
-789
-139
239
-198
-976
-1253
-785
46
794
1228
1098
449
63
407
957
1342
1599
1681
1179
332
14
456
802
408
-168
-473
-847
-1481
-1866
-1624
-1571
-2188
-2885
-3200
-3264
-3366
-3733
-4193
-4667
-4853
-4474
-3898
-3555
-3838
-3971
-3364
-2636
-2320
-2206
-1482
-258
422
242
317
1309
2373
2637
2765
3425
3966
3667
3204
3556
4247
4197
3613
3221
2993
2508
1933
1808
1799
1670
1293
758
135
-425
-432
-219
-57
72
32
-296
-737
-704
-71
457
646
722
710
424
188
593
1297
1419
1060
852
751
338
-49
182
437
-3
-916
-1410
-1479
-1708
-2041
-2206
-2233
-2604
-3141
-3418
-3298
-3105
-3068
-3307
-3704
-3848
-3520
-2862
-2453
-2225
-1907
-1792
-1985
-2201
-1566
-241
622
613
289
289
553
915
1606
2544
2941
2555
2002
1970
2402
2757
3100
3301
3005
2237
1714
1914
2284
2419
2379
2103
1403
641
451
763
1097
1238
1104
560
-137
-381
75
496
552
572
581
201
-350
-128
680
948
611
397
483
220
-363
-338
226
308
-375
-1023
-1156
-1390
-1826
-1966
-1787
-1907
-2370
-2828
-3047
-3139
-3097
-2831
-2843
-3235
-3569
-3297
-2796
-2434
-1894
-1294
-1293
-1928
-2062
-1052
210
734
751
769
758
427
563
1665
2651
2627
2000
1634
1510
1362
1738
2546
2829
2121
1169
884
1128
1436
1789
2101
2076
1480
715
483
894
1551
2004
1886
1354
778
491
530
870
1375
1590
1159
325
-121
4
321
466
471
417
79
-435
-785
-682
-354
-257
-508
-865
-1119
-1350
-1525
-1626
-1569
-1555
-1761
-2018
-2304
-2532
-2754
-2907
-2976
-2948
-2800
-2685
-2822
-3236
-3307
-2695
-1929
-1600
-1608
-1436
-1160
-972
-638
131
968
1324
1194
1162
1426
1760
2163
2588
2785
2507
2050
1964
2064
2083
2053
1976
1690
1144
763
816
1104
1320
1166
653
155
59
402
833
1032
1015
778
344
89
468
1153
1386
1010
627
543
480
489
735
995
867
316
-62
-54
30
17
-45
-154
-372
-667
-875
-938
-1018
-1069
-1197
-1439
-1673
-1815
-1867
-2068
-2291
-2401
-2423
-2435
-2486
-2545
-2754
-2947
-2724
-2196
-1872
-1956
-1950
-1677
-1391
-1187
-771
-99
412
457
382
612
1099
1576
1891
2153
2278
2234
2206
2292
2503
2678
2643
2375
2089
1985
2014
1996
1829
1556
1222
964
852
900
1016
779
389
93
19
91
162
350
348
149
21
115
365
564
649
545
471
398
352
372
378
289
123
-38
-155
-231
-385
-645
-935
-1104
-1190
-1422
-1604
-1798
-1963
-2193
-2458
-2532
-2449
-2399
-2580
-2726
-2629
-2380
-2156
-1974
-1731
-1499
-1307
-1125
-778
-295
77
215
296
447
647
887
1129
1394
1563
1658
1730
1811
1999
2133
2178
2158
2117
2177
2281
2303
2243
2136
1994
1903
1932
2071
2074
1734
1344
1110
1001
841
658
578
483
161
-152
-168
-40
-8
-141
-162
-110
-171
-222
-249
-256
-390
-536
-611
-604
-664
-880
-1084
-1255
-1384
-1454
-1499
-1629
-1900
-2145
-2317
-2425
-2493
-2535
-2557
-2495
-2402
-2287
-2162
-1988
-1687
-1406
-1056
-743
-464
-150
-12
157
337
586
820
975
1135
1286
1398
1475
1546
1647
1801
1867
1803
1767
1769
1811
1778
1774
1793
1868
1984
2029
2107
2077
1978
1900
1836
1832
1664
1531
1366
1128
896
674
572
497
378
223
52
-97
-232
-414
-533
-679
-876
-1027
-1199
-1286
-1406
-1526
-1639
-1747
-1771
-1826
-1868
-1897
-1973
-2059
-2153
-2192
-2228
-2215
-2184
-2130
-2077
-1966
-1799
-1540
-1260
-1073
-862
-637
-348
-128
68
292
438
635
751
898
1104
1287
1471
1603
1683
1781
1872
1956
1986
1918
1901
1913
1941
2016
2031
2081
2119
2164
2153
2076
2017
1943
1840
1630
1489
1404
1352
1204
939
823
770
742
680
600
462
249
-38
-258
-396
-546
-779
-1089
-1366
-1653
-1926
-2095
-2204
-2261
-2369
-2532
-2719
-2903
-3004
-3050
-3013
-2947
-2833
-2732
-2618
-2414
-2174
-1766
-1364
-1043
-723
-461
-198
-2
211
490
670
797
892
1015
1216
1392
1511
1681
1750
1775
1788
1844
1884
1851
1854
1927
2054
2135
2124
2116
2192
2272
2291
2265
2145
2038
1860
1659
1495
1447
1417
1253
1055
879
830
800
767
701
550
397
193
-10
-198
-409
-655
-868
-1074
-1294
-1511
-1713
-1899
-2122
-2320
-2488
-2699
-2884
-3103
-3248
-3309
-3351
-3324
-3267
-3122
-2865
-2524
-2097
-1718
-1437
-1125
-836
-515
-154
137
412
583
749
908
1121
1397
1590
1745
1801
1777
1783
1843
1924
1898
1837
1817
1828
1902
1969
2038
2155
2203
2212
2185
2115
2016
1850
1741
1654
1539
1499
1374
1228
1090
985
960
928
840
670
465
207
-40
-290
-508
-747
-1035
-1293
-1531
-1743
-1938
-2103
-2265
-2434
-2648
-2816
-2993
-3114
-3256
-3346
-3308
-3188
-3040
-2857
-2637
-2339
-1962
-1596
-1289
-991
-688
-396
-132
72
264
418
593
768
914
1168
1383
1544
1608
1619
1638
1683
1753
1846
1863
1846
1832
1802
1865
1898
1951
1998
1934
1806
1644
1589
1515
1410
1314
1218
1179
1132
1099
1086
1117
1143
1116
1106
1035
911
744
566
347
127
-107
-341
-604
-897
-1187
-1498
-1758
-2028
-2328
-2599
-2929
-3211
-3508
-3714
-3793
-3802
-3745
-3690
-3520
-3181
-2726
-2314
-1948
-1606
-1284
-885
-496
-94
271
567
755
1001
1339
1700
1994
2142
2269
2333
2409
2446
2453
2542
2490
2344
2181
2120
2123
2075
2010
1869
1720
1578
1426
1310
1181
1009
768
635
575
536
457
405
382
389
391
391
391
304
165
-45
-145
-209
-365
-560
-767
-855
-991
-1173
-1340
-1474
-1620
-1877
-2148
-2357
-2526
-2744
-2946
-3034
-3018
-2956
-2914
-2747
-2439
-2129
-1919
-1776
-1543
-1230
-963
-808
-652
-499
-261
25
303
698
1030
1305
1518
1756
2033
2313
2536
2718
2802
2826
2901
2972
3084
3096
2961
2879
2754
2637
2447
2215
1947
1640
1343
1061
855
642
387
123
-41
-104
-218
-344
-481
-613
-765
-960
-1124
-1250
-1354
-1484
-1617
-1742
-1812
-1895
-1992
-2074
-2207
-2304
-2444
-2568
-2662
-2728
-2724
-2680
-2590
-2463
-2284
-1966
-1608
-1297
-1028
-813
-604
-340
-161
-30
94
188
326
480
671
868
1034
1165
1303
1465
1667
1860
1946
2045
2080
2121
2149
2154
2171
2162
2165
2155
2163
2128
2020
1863
1724
1649
1530
1419
1247
1058
884
780
679
601
502
340
146
-71
-243
-480
-711
-980
-1303
-1551
-1800
-2022
-2288
-2569
-2818
-3013
-3171
-3315
-3442
-3565
-3629
-3623
-3522
-3365
-3145
-2782
-2377
-1953
-1558
-1179
-808
-460
-98
194
405
574
723
864
1076
1283
1410
1535
1624
1747
1900
2042
2128
2187
2201
2195
2152
2080
2053
2003
1955
1891
1837
1876
1806
1721
1618
1494
1379
1281
1212
1089
935
784
655
557
483
382
221
115
-33
-223
-430
-626
-798
-1021
-1243
-1492
-1720
-1971
-2195
-2402
-2553
-2725
-2932
-3060
-3174
-3212
-3225
-3164
-3072
-2913
-2660
-2352
-2021
-1749
-1504
-1223
-887
-583
-372
-156
22
207
391
578
821
1059
1291
1488
1684
1863
2058
2226
2327
2381
2355
2345
2306
2255
2162
2096
2020
1943
1866
1775
1674
1519
1389
1253
1151
957
710
586
447
368
296
193
77
-40
-137
-249
-311
-409
-531
-706
-868
-1030
-1252
-1419
-1619
-1808
-2018
-2210
-2388
-2518
-2619
-2704
-2745
-2759
-2710
-2618
-2413
-2131
-1877
-1648
-1455
-1204
-868
-576
-335
-92
141
363
567
764
1001
1217
1423
1624
1777
1978
2080
2119
2150
2169
2158
2112
2067
2014
1892
1774
1665
1581
1577
1528
1394
1270
1132
1041
931
821
690
536
424
310
220
102
-19
-169
-279
-353
-477
-569
-725
-895
-1054
-1231
-1432
-1608
-1765
-1942
-2098
-2223
-2319
-2415
-2461
-2483
-2497
-2401
-2309
-2136
-1916
-1652
-1413
-1210
-1016
-798
-560
-330
-117
44
191
320
424
585
773
968
1159
1308
1377
1413
1502
1568
1599
1628
1621
1606
1584
1545
1497
1519
1533
1536
1497
1437
1362
1288
1232
1156
1084
956
837
698
626
524
359
243
111
-12
-146
-300
-466
-579
-729
-923
-1125
-1290
-1420
-1613
-1762
-1901
-2074
-2178
-2315
-2381
-2430
-2464
-2453
-2382
-2220
-2023
-1782
-1532
-1342
-1162
-937
-664
-398
-132
92
223
362
494
681
885
1101
1312
1475
1557
1593
1605
1678
1745
1680
1615
1510
1388
1267
1172
1101
1042
986
893
799
713
633
559
501
438
350
317
233
196
167
155
133
96
69
48
26
-30
-78
-180
-275
-400
-578
-674
-825
-999
-1202
-1402
-1535
-1664
-1782
-1866
-1902
-1962
-1964
-1970
-1868
-1674
-1548
-1357
-1201
-1042
-825
-595
-354
-123
68
251
434
643
848
1017
1188
1333
1408
1500
1561
1607
1577
1532
1446
1377
1338
1257
1171
1047
965
872
827
758
627
578
460
361
307
260
194
115
43
-18
-50
-69
-105
-188
-208
-222
-278
-318
-392
-481
-560
-637
-743
-805
-880
-987
-1099
-1239
-1312
-1353
-1360
-1329
-1367
-1331
-1298
-1229
-1133
-1008
-841
-657
-457
-299
-147
-8
151
322
550
770
918
1076
1166
1244
1299
1357
1403
1426
1450
1365
1283
1180
1098
1052
1007
935
795
724
608
503
402
311
227
118
25
-39
-83
-150
-219
-290
-309
-295
-332
-320
-347
-384
-430
-479
-496
-507
-514
-596
-657
-755
-856
-926
-948
-983
-1061
-1054
-1100
-1114
-1111
-1058
-963
-860
-705
-561
-420
-301
-143
10
221
435
572
765
904
1045
1163
1262
1360
1441
1470
1445
1394
1327
1248
1134
1039
929
774
657
534
410
283
162
52
-12
-80
-156
-244
-341
-402
-453
-430
-411
-440
-400
-394
-375
-359
-334
-281
-239
-216
-206
-204
-227
-293
-364
-429
-485
-577
-620
-711
-826
-947
-1039
-1113
-1164
-1178
-1196
-1191
-1145
-1048
-969
-804
-618
-446
-238
-47
145
350
560
751
923
1102
1295
1432
1520
1608
1650
1686
1694
1642
1613
1515
1395
1264
1135
1018
890
759
585
403
220
72
-83
-186
-277
-445
-552
-686
-788
-827
-829
-823
-820
-786
-768
-743
-718
-628
-550
-444
-360
-368
-331
-332
-335
-340
-315
-317
-318
-336
-400
-469
-494
-473
-464
-487
-460
-466
-394
-361
-291
-205
-98
-10
64
191
326
433
508
600
670
776
881
915
1005
1045
1066
1082
1081
1077
1049
1034
977
918
841
777
698
615
524
381
303
184
50
-62
-173
-264
-339
-441
-505
-579
-649
-703
-760
-752
-734
-758
-701
-725
-735
-712
-691
-681
-649
-588
-590
-589
-603
-581
-560
-512
-425
-400
-381
-379
-323
-223
-132
-41
43
113
149
189
268
392
491
534
559
556
598
629
657
681
685
671
638
618
619
620
586
561
505
494
497
434
434
377
331
313
303
262
220
186
125
80
23
-9
-50
-62
-91
-166
-167
-197
-216
-229
-256
-278
-282
-289
-293
-311
-340
-370
-406
-367
-338
-420
-460
-479
-472
-466
-458
-437
-376
-305
-302
-280
-203
-98
-22
71
138
159
264
320
356
412
478
541
587
618
643
660
658
648
633
609
561
482
460
385
324
264
228
165
97
39
-18
-63
-102
-116
-176
-206
-236
-292
-288
-243
-198
-188
-183
-161
-138
-113
-56
6
38
57
37
50
69
57
66
-5
-10
-4
-25
-102
-155
-153
-190
-249
-312
-343
-367
-346
-354
-404
-356
-324
-301
-312
-299
-238
-184
-130
-107
-69
-42
7
43
112
137
144
200
215
217
211
227
209
170
128
126
123
97
61
21
13
-19
-72
-45
-54
-61
-102
-115
-158
124
564
856
690
450
177
-20
-299
-531
-740
-580
-339
-117
44
132
246
216
184
-27
-80
-202
-156
-152
2
82
170
280
344
324
257
240
223
154
56
55
60
62
37
63
86
44
-57
-74
-110
-132
-167
-190
-202
-226
-231
-257
-259
-270
-269
-281
-277
-292
-318
-262
-230
-206
-144
-58
-28
-44
-55
-32
-13
26
51
43
23
8
-59
-68
-122
-119
-88
-78
-78
-48
2
18
58
56
51
10
48
63
155
436
692
781
798
771
659
439
173
-65
-233
-268
-229
-104
12
116
57
4
-150
-279
-397
-483
-530
-507
-418
-317
-202
-155
-122
-163
-198
-257
-328
-353
-367
-355
-310
-284
-242
-200
-224
-283
-310
-308
-311
-333
-316
-258
-267
-199
-171
-120
-129
-179
-232
-238
-169
-103
-45
-10
26
38
137
181
152
159
160
204
253
222
210
222
254
260
239
179
147
88
65
44
60
156
168
179
125
139
173
163
88
45
22
38
46
-9
-61
-6
-17
-74
-170
-196
-206
-249
-363
-393
-323
-320
-314
-377
-383
-362
-334
-408
-481
-445
-385
-351
-343
-368
-340
-213
-224
-261
-212
-111
-151
-194
-169
-66
-48
21
73
196
205
167
153
114
158
157
171
108
91
-2
52
74
57
48
60
76
29
-47
-93
-5
182
192
45
162
240
46
15
108
110
58
83
133
178
152
1
-162
-145
75
182
16
-213
-242
-183
-115
-417
-543
-473
-289
-208
-201
-255
-330
-229
-263
-391
-457
-390
-403
-325
-248
-264
-48
145
-26
-213
-78
-55
-86
-3
170
228
73
128
395
353
226
103
282
261
110
46
131
170
108
89
-41
85
210
88
-198
-226
-41
-34
-186
-121
-45
-182
-104
38
-29
-234
-129
-77
-214
-215
-168
1
132
96
-35
-219
-95
-103
-151
-195
-76
112
244
12
-176
145
283
-89
-449
-84
190
-69
-172
14
187
24
-260
-400
-257
-5
6
-68
-62
-14
-68
-106
111
32
-254
-94
295
227
-36
114
173
159
136
178
141
134
154
-151
220
720
226
-126
40
282
278
-123
-218
56
420
73
-152
84
119
-142
-147
158
76
-181
-270
-111
-34
-7
-136
-319
-334
-90
-11
-354
-363
-167
47
-303
-265
189
-135
-296
-90
-217
-141
-31
12
263
33
-193
-80
121
318
181
-42
182
371
162
-63
-29
236
38
-33
20
9
10
-59
-325
-295
-125
121
-34
-461
-208
16
-155
-333
-107
-249
-83
320
-141
-396
-34
19
-72
3
-196
326
349
12
68
-25
145
194
-106
-116
172
275
463
129
-504
-166
407
270
-563
-488
410
704
-126
-739
11
525
-405
-688
31
249
-76
-180
-72
-79
-252
-180
-113
-120
61
-247
-54
501
-134
-308
298
58
-367
161
501
30
-94
196
259
485
162
-364
-204
324
368
1
-184
-164
348
243
-86
-595
-580
78
17
-148
-304
-24
173
-284
-345
74
71
-103
-249
475
400
-25
146
63
285
518
94
36
511
400
185
414
187
286
598
-255
-263
342
232
-344
-217
121
196
-6
-573
-405
85
-300
-397
-14
-392
-122
188
-218
-331
82
-71
-145
-18
142
-251
87
483
-205
8
318
4
18
250
-103
79
374
243
127
106
-63
14
158
-110
-292
203
144
-1
50
-47
-48
20
-53
-401
-257
147
233
230
-42
-256
84
241
-14
-385
-289
669
868
-306
-336
765
774
-78
-257
110
745
502
334
-139
428
559
-253
-61
-5
235
271
48
26
277
-40
-229
206
137
-305
-153
92
145
209
15
-211
-29
218
45
-279
-138
446
570
-161
-187
443
264
-32
-206
-186
440
420
-297
-24
392
30
131
-341
-219
265
122
-7
-43
94
97
-43
-211
-234
288
123
-209
-222
-84
56
273
2
-667
229
328
-285
-43
169
4
153
-154
74
360
122
-19
-372
-22
478
668
72
-318
67
490
627
-212
-408
452
594
-17
-23
280
294
255
-383
-127
658
56
-129
89
90
381
260
-374
-605
351
257
-70
-245
-37
255
274
-127
-186
64
187
318
-296
-75
297
299
205
-235
-604
376
677
-521
-729
641
470
-357
-399
-120
118
2
-317
-412
-143
42
116
-153
-521
-68
434
281
-424
-185
403
629
270
-525
104
558
296
175
-187
-474
407
746
-170
-100
109
154
199
-135
102
173
227
393
-215
-87
500
247
-199
-257
219
552
205
-185
-117
-137
407
258
-460
-378
468
15
-131
270
-527
-22
440
-110
-327
107
-109
-201
271
-284
-299
316
137
-472
-542
416
-137
-493
-35
59
-137
370
192
-657
-488
629
80
-483
-47
-92
197
171
-5
-317
-114
164
-59
-203
134
203
402
230
-97
39
526
216
-258
-51
97
698
450
-57
-70
413
305
-165
-74
354
91
-254
325
272
-32
-246
-267
-85
106
162
-385
-265
180
282
-36
-141
-310
-389
219
82
-514
151
318
88
-93
-297
64
203
-62
-689
280
639
-185
-47
-15
277
-79
-276
357
149
142
65
-218
317
394
84
-293
-33
408
-179
38
26
-131
298
-7
89
-177
22
253
-36
-76
332
588
-141
31
16
364
495
-220
22
187
548
375
239
-166
-39
917
65
-567
254
590
42
-58
-343
-7
482
-133
-824
-215
194
-112
-415
-661
-372
420
8
-803
-316
219
45
-633
-433
300
376
-107
-339
139
891
-200
-362
271
129
428
370
-345
148
601
101
-119
71
-113
260
338
-507
189
626
-565
-169
274
-29
78
-75
-319
308
434
-134
-129
205
-16
212
-27
-5
208
-56
162
315
-145
-430
-145
210
173
-589
-445
290
254
-258
-226
-326
-183
195
94
-491
-418
265
436
-219
-793
-180
742
-43
-795
5
288
184
64
-825
-158
773
-81
-829
-382
950
289
-843
-171
342
519
-328
-637
91
488
118
-442
7
355
194
-143
-203
285
161
-129
151
443
-48
-258
313
399
-473
-248
296
233
97
-199
-247
389
157
-511
21
180
-391
-101
-1
-11
23
-419
-20
104
99
-525
-326
-23
346
-167
-227
241
180
-165
41
-358
-106
490
211
-68
-134
142
294
68
-350
-224
166
319
-102
-406
284
131
-107
45
-378
129
119
-400
120
252
161
-39
-417
284
325
-222
-457
330
306
29
-145
322
347
-57
-198
-128
358
535
-366
-246
493
363
-779
-495
615
70
-567
-307
627
130
-537
-466
31
228
-250
-311
-402
-57
131
-194
-294
-213
9
-162
-125
191
422
-214
-205
421
650
-223
-265
295
426
556
-354
240
945
-108
-464
459
556
-26
-14
-113
469
492
59
-647
110
231
-125
-178
-239
268
-118
-539
115
6
-599
-346
-409
217
-195
-455
-193
-196
-389
-109
77
-923
-363
286
34
-457
-348
210
-309
-215
-572
-65
731
-286
-929
-65
908
-151
-573
-471
15
565
215
-463
-285
236
545
-150
-644
523
566
-301
122
344
-16
22
241
-67
160
380
2
461
351
-5
-116
402
648
-118
-344
326
775
178
-638
116
747
22
-413
-153
432
338
-137
-576
-40
290
-342
-376
-153
-84
-184
-219
-458
-363
7
-487
-356
-195
-392
-301
-78
-88
-146
-342
-346
102
113
-466
-188
239
390
-306
-548
578
189
-64
-174
-295
354
959
-495
-512
776
457
-57
-513
122
515
196
13
376
438
154
-110
427
455
-56
-244
597
892
-365
-187
406
38
-9
247
-418
-118
687
-225
-425
-29
305
13
-383
-788
-127
877
-14
-1086
-128
599
-101
-362
-970
-324
600
-83
-1012
-377
709
305
-1164
-1092
333
368
-45
-732
-508
488
422
-275
-618
-141
374
611
22
-636
171
324
524
-168
-331
152
300
348
198
-238
27
455
252
-187
-189
277
405
234
-165
10
162
631
23
-490
214
433
122
20
18
290
-84
220
162
184
236
-418
482
85
-466
-63
50
-118
-236
-410
-191
-104
-738
-418
25
-149
-542
-314
-272
-569
-121
94
-449
-513
47
15
-64
87
-288
-222
120
318
26
-324
-107
277
423
97
-253
-38
62
166
342
457
-700
67
813
-192
-614
369
416
-250
-181
296
716
-331
-419
-9
683
351
-69
-105
-39
454
293
208
-117
-61
528
359
-430
52
783
-283
-434
515
-344
196
617
-889
-562
751
332
-368
-637
-199
521
100
-905
-426
507
64
-582
-133
-282
-175
128
-339
-147
-241
-276
259
-153
-764
448
294
-471
-70
107
-91
42
162
-81
-182
448
182
-85
-220
232
594
-52
122
348
87
105
90
-54
442
343
-98
147
509
-241
92
395
-48
-463
276
819
-215
-599
-107
409
160
-653
-260
393
124
-203
-434
33
161
-225
-530
-227
522
161
-676
-473
218
244
-246
-382
-196
-151
-23
-393
-209
-94
12
-212
-161
41
-228
-120
-317
42
368
544
-384
-453
-109
369
-311
-265
33
258
277
-44
-130
279
-2
-437
558
507
159
-314
-22
379
531
51
-6
306
333
14
2
351
445
-156
-94
156
14
96
-65
-240
-99
182
254
28
-472
-308
414
35
-522
157
349
-327
-60
-45
-105
-127
-301
-467
142
766
-201
-242
189
-119
-146
-175
-22
523
-156
-174
247
117
-571
-171
507
-258
-214
299
153
-180
-19
-276
58
557
-92
-145
-53
-321
199
351
-161
-323
202
431
162
-125
32
526
377
-232
-203
112
399
-18
-62
118
20
189
-12
-73
-290
-293
668
191
-263
-307
98
298
-221
-360
292
293
-81
-217
-538
-196
294
60
-388
-427
103
452
-146
-601
-172
-156
419
177
-498
-174
173
297
-43
-49
-315
302
224
-327
249
631
-264
-612
51
441
630
-41
-429
-24
612
216
-190
-190
-142
381
304
288
-26
-105
-247
50
408
361
-161
-569
-190
454
737
-87
-646
270
382
177
-41
-173
394
146
-118
-81
119
-122
-467
-162
536
240
-73
65
-696
-346
556
-7
-606
-377
-91
-63
362
-416
-773
86
257
-380
-49
226
-185
-39
-455
112
563
-491
-661
345
551
21
208
-73
-202
385
123
100
-348
-28
643
325
-510
-168
781
328
-386
-356
224
676
33
-337
-115
296
283
-380
-445
215
456
100
-813
-235
233
124
175
-624
-259
72
104
-138
-242
-119
197
-103
-712
-14
72
-683
-197
248
-81
-111
-408
-360
202
-181
-402
4
74
-260
-165
-234
-360
150
159
-10
-494
-263
468
108
-69
-200
54
139
89
-102
-176
99
150
108
-7
42
19
-123
-73
411
168
50
61
14
130
55
-203
63
390
-120
-392
-76
408
199
-350
-425
51
568
94
-472
-232
-102
-316
51
-399
-483
-126
170
135
-651
-553
-64
-45
-167
-280
-246
-74
-324
-38
-271
-27
-75
9
105
-164
-212
139
85
-131
-148
-66
340
169
-350
-229
171
-3
93
93
-190
-17
221
158
33
203
51
78
223
-126
72
240
333
-75
228
299
145
137
-307
106
250
262
22
144
21
25
6
-68
108
-171
-40
117
216
-255
-400
-194
-115
-42
-115
-300
-203
-295
10
324
-277
-625
-52
165
45
-266
-133
114
201
-205
-166
38
-113
-73
-177
42
16
-314
32
198
-192
-98
174
5
38
118
231
290
70
-329
-11
429
348
244
-11
128
303
108
-44
101
61
43
71
180
29
68
-243
-73
152
-128
-80
11
-68
264
-28
-36
176
-283
-260
145
184
144
-3
-96
33
-107
-81
-181
-14
-160
336
58
-475
-339
-34
-74
-412
-192
-7
-149
-255
-6
63
-166
-536
-91
231
-168
-117
-174
-48
8
204
-31
-221
96
435
-18
-175
-62
249
476
-200
-109
383
334
116
-88
-195
-243
244
387
89
97
-332
-30
224
-132
-305
-248
70
200
95
-151
-408
-358
-76
85
150
31
-290
-370
-278
184
-62
-44
-194
-94
45
42
225
-133
-404
44
178
-257
-343
-228
243
196
-172
-240
-209
-167
-94
61
-260
-333
45
-70
-335
-289
-175
-181
-154
-21
-277
-162
80
119
-332
-212
-129
118
405
116
-174
-351
300
483
114
-185
-60
304
15
-42
181
16
-40
162
107
47
-197
-333
25
259
127
-117
-179
-113
152
22
-153
-231
-32
387
133
-265
-236
56
-29
-177
-181
-227
269
6
-60
-284
-36
-131
-328
178
36
-158
-24
-43
94
-2
-254
-267
139
141
28
-47
265
108
-73
-276
-131
59
66
0
-257
35
184
174
-177
-229
-117
197
177
65
247
102
-33
14
120
90
127
29
237
675
403
-185
-235
65
399
473
254
79
100
349
398
-1
-231
-40
436
318
73
34
8
97
114
-109
-282
-21
124
135
-29
-17
-139
22
-12
-369
-71
111
188
-45
-284
-93
38
264
-290
-248
-113
-161
92
186
184
-192
-337
-112
158
52
-276
-297
18
217
77
-23
-402
-245
273
190
-28
-104
-7
210
209
-107
251
154
-98
-60
294
99
-200
243
106
-24
37
315
148
-56
-215
-9
530
306
-140
-177
-202
96
186
-346
-91
246
149
-185
-45
197
47
-81
117
241
166
216
173
49
-125
-156
21
-127
-238
-380
-365
-59
-119
-367
-365
-161
-197
-362
-379
-508
7
308
40
-196
-248
-60
98
325
171
-145
125
259
371
-5
-143
17
266
319
137
2
-74
319
239
97
64
-11
239
272
170
306
132
117
150
123
-85
76
391
384
28
-163
-78
160
95
-247
-272
138
231
84
-98
-234
-193
32
45
-225
-329
-72
173
-123
-384
-233
-157
-113
-172
-246
-127
-64
-66
-220
-98
174
-213
-254
-124
-9
37
25
58
25
-114
-194
75
266
69
-347
-156
259
264
36
-100
-175
78
300
208
4
12
159
254
96
238
53
27
91
28
184
208
140
-50
14
179
44
79
117
-27
-72
20
225
13
-65
-89
-174
-88
35
98
-246
-225
-177
75
121
-79
-255
-414
-162
-67
-90
-289
-286
-236
67
74
-23
9
-114
-234
6
170
59
-78
-97
-102
83
165
-76
-114
-87
236
426
265
24
174
325
342
436
310
259
305
378
255
403
365
191
164
255
282
152
-58
-239
-86
70
83
31
-78
-431
-274
-34
79
-95
-65
-5
-20
93
101
-52
-186
-477
-303
236
176
-77
-187
-339
-184
61
38
-282
-323
-7
217
215
-108
-452
-454
-257
4
199
-156
-291
7
194
-137
-223
-275
-316
130
471
283
85
130
165
112
2
-159
-6
348
353
291
254
284
350
226
30
311
469
386
330
307
199
186
147
333
307
-8
-238
256
296
109
-55
-331
-320
106
210
-204
-197
-102
78
4
-196
-246
-293
-120
-3
1
-39
-193
-209
-104
-166
-328
-58
-158
-193
173
124
-21
-141
-138
-93
46
48
3
161
216
231
106
-35
-36
152
160
104
50
117
79
131
162
146
181
125
112
106
226
307
351
254
73
104
333
225
221
64
8
226
345
253
26
-52
-25
178
270
170
-56
-113
117
204
-3
-280
-269
-26
122
108
51
-209
-261
-8
145
-73
-97
44
40
7
-47
-34
19
132
-124
-139
104
148
190
21
-124
-106
144
196
8
80
64
70
161
335
259
160
101
124
211
272
271
176
215
239
374
356
154
72
19
172
198
188
248
149
82
133
121
92
147
-1
149
247
215
174
1
-97
-87
6
-19
19
152
121
33
16
62
29
-175
-159
110
181
88
3
34
-33
16
98
-120
-18
138
182
39
-69
-32
68
-33
-210
-134
78
10
77
173
120
-28
101
172
31
3
48
302
425
497
360
333
179
237
393
403
358
302
189
210
299
171
-55
-113
-23
27
62
81
70
102
57
4
-48
38
-31
-76
28
158
113
108
67
92
159
41
-117
-187
-104
70
219
96
-81
-199
-176
-19
-118
-211
-130
-48
-60
-13
-31
-45
-96
47
79
-3
6
89
239
169
251
204
129
85
198
309
417
294
211
144
191
313
280
129
95
179
216
260
272
147
18
98
63
-16
9
153
159
187
168
42
5
-34
-121
16
-2
1
92
61
-67
-119
-140
-197
-194
-59
-10
-125
-129
-136
-32
35
63
42
-105
-184
-112
-38
-27
32
117
54
-7
-10
9
-35
-115
47
36
20
118
129
36
-38
-15
21
-27
120
182
81
121
141
141
138
47
26
121
172
244
319
229
73
137
263
160
88
75
87
55
96
77
87
85
35
4
-78
-59
-15
-26
-36
-36
-35
-61
-184
-228
-141
-151
-61
-38
-103
-135
-139
-87
-133
-161
-179
-107
-2
22
60
-66
-63
-79
-36
64
19
-31
-34
13
-26
-22
-22
-12
15
18
29
-43
-45
45
104
91
90
35
74
60
72
123
64
31
20
106
109
62
21
-54
0
42
58
29
47
27
-14
-35
-18
5
12
18
9
-60
-60
-59
-1
-23
-25
-21
-15
43
-13
-36
-63
0
6
-15
49
-35
12
38
85
54
-27
-21
-22
44
-9
-9
-40
-21
-20
50
5
-101
-64
-79
-62
-6
4
-11
-23
24
28
37
-17
23
21
86
132
154
247
184
159
87
16
-11
61
36
-8
-27
-72
-48
-29
-107
-129
-141
-124
-113
-117
-154
-122
-61
-7
-4
-29
47
-39
-37
-5
-5
5
-112
-109
-20
-51
-180
-251
-233
-238
-217
-189
-195
-191
-155
-173
-145
-162
-196
-180
-175
-63
25
15
-35
-27
-14
5
43
104
61
42
67
118
41
49
7
12
42
58
0
-72
-74
-132
-59
-37
-19
-11
39
49
-6
24
14
-7
-29
-13
-16
20
52
59
67
-3
-70
-89
-94
-74
-79
-28
0
11
-35
-90
-97
-145
-170
-162
-198
-166
-122
-107
-89
-111
-147
-135
-139
-146
-161
-158
-120
-75
-28
-6
-5
-103
-124
-100
-48
5
0
10
2
-10
-26
-48
-103
-85
-41
-65
-82
-69
-78
-75
-53
-29
-46
-3
-32
-30
-39
-77
-65
-19
6
-57
-54
-30
-4
18
18
-33
-105
-39
-53
-72
-118
-149
-134
-129
-151
-202
-212
-269
-259
-215
-162
-150
-154
-135
-126
-120
-92
-54
-50
-64
-61
-41
3
57
33
-9
12
27
-15
-1
-3
-38
-21
19
39
53
48
42
50
59
14
-36
3
25
-39
-31
-48
-17
-51
-111
-113
-101
-87
-80
-56
-72
-50
-34
-38
-42
-107
-128
-171
-151
-79
-88
-108
-123
-89
-78
-88
-127
-138
-137
-115
-78
-115
-115
-116
