18
9
12
4
14
5
16
22
-15
-6
-22
-7
-3
-5
-22
-13
-15
-26
-35
-40
-40
-38
-24
-4
-44
-43
-61
-45
-59
-56
-25
-27
-29
-38
-24
-25
-19
-36
-21
-1
-44
-17
-23
-21
-36
-38
-22
-39
-39
-42
-36
-49
-53
-41
-24
-39
-75
-47
-46
-48
-56
-56
-37
-28
-25
-27
-21
-26
-26
-50
-14
0
-55
-22
2
-4
-12
21
22
-2
-9
-12
10
8
-5
-16
8
22
-29
-12
-8
7
1
0
2
12
0
13
-10
-20
14
37
29
13
-13
18
30
-12
-12
32
42
-17
-17
8
-7
-18
38
34
50
68
23
42
48
48
36
37
44
83
90
41
42
81
67
49
79
51
35
89
55
62
32
-3
37
63
40
24
27
45
85
26
24
66
32
58
48
45
29
54
56
50
48
61
55
26
59
63
82
81
28
29
55
79
72
22
59
112
112
54
5
60
90
48
54
29
20
114
57
8
57
68
45
64
55
69
57
81
91
57
95
93
60
139
112
27
93
158
89
69
82
105
99
113
95
38
62
97
134
78
29
66
95
122
87
6
25
137
66
23
89
48
79
107
47
21
53
123
110
34
72
103
99
88
84
62
82
61
89
112
24
30
92
110
65
57
59
108
61
25
99
64
-13
-3
115
124
15
-32
24
171
32
-94
26
120
42
-16
-25
73
47
-10
65
12
6
-6
-20
96
-20
-21
16
19
20
49
46
-35
-8
37
102
11
-78
-7
72
82
-15
-35
17
65
58
-17
-6
20
80
19
-25
8
50
58
-31
45
28
-44
104
-16
-23
67
30
14
55
46
69
91
-32
106
11
16
141
5
66
40
66
119
1
0
81
214
44
29
89
162
64
-2
72
103
26
23
92
46
73
-19
104
110
22
6
17
139
79
-16
-12
113
104
35
11
47
127
81
-25
16
150
34
38
64
54
44
17
71
-31
11
10
22
76
-38
-13
68
93
-10
34
32
99
119
-37
-36
59
85
29
11
10
15
177
-1
-56
99
102
78
-4
10
52
61
15
42
80
41
67
19
-13
142
132
10
2
22
93
7
41
89
-3
62
20
86
84
-15
-51
67
175
-26
10
23
36
84
-76
54
109
-24
-7
64
44
2
34
84
13
72
79
62
-12
9
15
77
138
-118
-89
189
69
-96
37
7
106
-5
-78
83
-54
-23
114
57
-82
-1
109
26
-1
14
-42
112
102
-77
59
-19
-22
95
52
-6
17
79
67
41
-23
43
133
7
31
-12
43
140
-3
-20
80
-4
66
-3
-179
43
169
-75
-83
-3
165
88
-90
-98
151
213
-185
-85
101
173
-46
-80
-23
174
95
-188
43
112
-25
59
-35
18
-22
74
3
-103
-139
53
84
-63
-89
-23
-45
47
-60
-112
-19
48
-67
23
29
-89
-130
52
144
-91
-10
84
46
-81
-50
-136
-32
-16
58
-15
-90
5
-10
45
-245
-29
21
-95
-112
-37
58
-36
9
-27
-99
34
66
-15
-46
-68
113
168
-117
-246
54
152
-7
-127
-190
107
184
-112
-153
43
101
-155
-97
55
-26
-51
-150
7
135
-66
-161
113
-154
-32
43
-232
-74
30
-82
6
-107
-183
152
93
-297
140
116
-188
92
-104
-50
40
-15
-57
-64
198
59
-285
22
77
6
-215
-232
27
-19
-136
-177
3
44
-19
-59
-93
-142
-2
82
-173
-37
-5
-101
23
-86
-53
35
-144
-135
-169
5
74
-24
-253
125
253
-97
-104
-111
35
38
31
-244
51
114
-137
-36
-5
-37
71
-170
-65
89
104
21
-11
-232
-16
334
-140
-57
117
45
-17
-68
-233
112
44
-246
-162
-224
-156
-187
-231
-173
-52
-181
-124
35
-124
41
-71
-53
183
-268
0
77
-316
-88
139
111
-44
-320
-36
213
-203
-223
-193
105
38
-427
-344
2
75
-137
-256
-202
114
124
-266
-220
50
53
-259
69
-44
69
43
-399
14
138
-42
-203
-29
3
14
91
-288
-97
-35
76
49
-320
-266
48
41
-268
-7
21
-164
-67
-8
182
-243
-152
212
36
-84
-56
-5
-42
-7
-50
-101
-211
9
-71
-130
-77
-189
-122
99
-18
-172
-6
-71
114
-27
-217
95
-103
78
98
-292
-47
88
11
-82
-198
82
135
-11
-354
-59
319
-53
-291
-219
12
171
-215
-100
-186
-40
59
-31
-22
-199
47
-225
68
62
-279
25
-83
-78
-64
-95
270
66
-318
51
426
36
-346
164
0
-65
-13
-126
34
-193
160
62
-250
-137
262
56
-308
257
239
-185
-126
-25
191
187
-445
21
357
-45
-275
-146
-8
210
-29
-332
19
413
107
-115
-57
174
179
-378
-126
449
399
-196
-327
59
435
-166
-383
-88
124
-18
-223
-5
-63
67
-65
40
7
-61
230
20
-121
-48
-56
53
-14
-287
43
214
-154
-414
-29
77
3
-109
-188
-137
16
-22
-268
-73
-96
-1
50
42
-91
-109
114
-31
-185
-243
130
126
-225
124
31
-127
-125
-28
-118
-186
-91
-121
-137
-258
220
-25
-296
-67
54
-76
-257
174
172
-185
-276
215
-83
-181
-47
-61
-9
-133
68
20
16
-44
-64
9
-1
-60
313
33
-258
208
300
-190
-279
251
177
-71
-282
12
216
-57
-190
-15
-58
-87
127
-101
-1
-11
-476
419
450
-494
65
259
-127
-50
-12
99
227
-399
-145
265
-7
-254
-147
333
201
-323
-18
59
-155
-94
197
-184
-87
403
-12
-65
-167
165
-267
-268
298
-46
-216
132
108
12
64
-315
133
533
56
-392
93
39
162
208
-150
-175
309
126
-355
-53
560
70
-670
74
297
132
-388
-212
86
327
-187
-329
-32
206
199
-139
-168
329
75
-232
172
107
-349
-100
473
298
-135
-141
298
230
-411
-190
350
129
-157
-46
368
-39
9
-37
-146
54
-145
-265
203
241
-7
-110
-57
633
443
-202
-190
150
92
-88
-136
121
22
78
-111
62
241
-54
85
-22
163
348
119
-432
72
392
85
-138
75
306
287
-42
95
-258
97
91
-214
83
-143
451
70
-427
-20
341
29
85
-42
-84
445
-80
-325
300
249
-76
135
-254
90
588
-220
-249
514
72
-98
166
-14
-89
286
231
176
-223
-375
672
8
-363
-41
332
362
-198
-228
321
11
-118
-24
33
323
-72
-469
99
429
-309
-62
147
183
37
-154
241
499
-176
-380
307
340
142
-311
-264
711
136
-401
-122
184
286
-148
142
-414
223
492
-371
-165
-9
80
-163
63
-120
178
-87
-372
431
90
-309
61
423
-256
-277
297
-43
-91
-167
238
270
-70
-15
-285
320
318
-119
1
103
-165
-241
-35
-108
352
-227
-308
163
-271
-228
21
-52
-218
36
236
-117
-36
241
-127
57
-307
-155
151
228
-390
-446
476
391
-588
-534
486
402
-441
-382
377
294
-254
-458
10
501
91
-310
278
379
-448
-14
-88
7
-148
5
557
-505
-73
468
-345
-263
366
118
-120
164
-113
-73
-129
-234
483
-200
-794
677
55
-400
-111
-357
498
150
-719
692
192
-467
-155
256
291
5
-243
52
488
-276
-130
-110
80
100
92
-678
433
287
-497
325
248
-326
105
254
-235
-11
67
-390
165
-34
-389
464
-184
173
-146
-58
344
348
-80
51
49
-179
97
-187
-366
283
349
-468
-78
166
386
-352
149
590
-382
-306
-94
-79
-250
-74
213
218
23
-498
149
225
-184
-37
-74
-180
237
-420
-272
694
71
-177
-7
-288
101
675
-332
-55
436
-265
-191
734
188
-734
-161
382
102
-418
-364
-59
29
209
-88
24
424
-344
-406
776
618
-1041
-65
631
-28
-764
-261
575
412
-257
-467
475
285
-448
-412
667
845
-177
-1013
-140
699
-125
-580
-38
767
274
-439
400
891
-941
-404
792
118
160
-785
52
546
-396
-402
549
-149
-498
724
-101
-228
-101
-60
-34
-49
-107
106
141
-386
447
467
-230
-729
170
763
-119
-271
227
-16
220
496
-531
-72
94
-488
77
565
559
-398
-2
451
136
-208
-264
55
569
-86
-210
310
-193
-220
-320
69
407
277
-403
432
784
-3
-512
-105
1055
1097
-523
147
922
309
-457
331
372
-408
-59
-603
-235
87
46
-124
126
-352
-155
-455
-855
192
27
-171
-351
-392
477
313
-525
-97
763
180
-98
15
-286
207
173
-31
-20
56
-110
73
266
-7
-475
-284
39
462
81
-186
184
-232
-80
-466
-573
-96
43
253
-188
-339
541
51
34
394
93
322
279
43
198
61
-512
-308
-87
-615
-127
96
-61
578
170
303
125
-98
-235
-226
-81
198
50
-381
-45
-199
-395
-39
86
473
335
-105
434
271
-358
-101
385
324
121
-236
179
74
-442
-195
-123
35
-439
-332
161
-24
-128
-157
26
513
219
-371
93
302
71
-96
8
27
-134
-327
-57
7
-195
72
-52
-113
105
-260
-283
35
353
212
143
389
437
136
-112
99
-261
-143
59
-69
-78
-190
121
-26
-368
-359
181
60
-29
-8
-230
240
9
13
-17
-390
23
338
-164
105
430
91
-42
23
41
-266
-85
218
166
3
168
158
-157
-157
44
49
-57
115
344
300
44
-52
220
205
161
117
41
185
-65
-44
-113
29
119
-310
-110
317
358
-85
-119
-40
-5
78
-45
36
180
112
30
70
80
-19
-53
33
296
214
-14
108
231
28
-26
-56
-78
64
69
130
-8
-229
-54
-7
-44
-149
-194
-167
-218
-124
-240
-382
-354
-141
-230
-297
-249
-215
-237
-228
-27
-18
-176
-221
-151
-151
-94
-75
-99
-157
-241
-167
-108
-367
-482
-411
-415
-487
-585
-620
-649
-684
-595
-511
-555
-510
-395
-283
-255
-222
-223
-125
38
62
253
382
441
459
611
854
966
1001
1047
1240
1282
1387
1452
1440
1429
1389
1332
1313
1305
1235
1151
1062
1059
908
691
729
711
603
558
600
632
561
504
481
426
392
400
351
284
218
233
191
74
-82
-241
-394
-512
-664
-1022
-1285
-1420
-1642
-1888
-2124
-2313
-2540
-2622
-2648
-2767
-3047
-3280
-3240
-2981
-2645
-2424
-2505
-2787
-2386
-1570
-1093
-1238
-1493
-918
286
1126
1493
2117
2630
2710
2327
2347
2977
3164
2532
2124
2581
2939
2371
1172
501
427
105
-338
-516
-493
-712
-1160
-1371
-1289
-1475
-1894
-1744
-973
-14
711
1995
3375
3332
2639
2636
3389
4131
4561
4515
4357
3941
3317
2700
1920
1009
273
95
293
618
308
-658
-1370
-1441
-1238
-1073
-755
-446
-171
136
354
216
-303
-698
-597
-194
251
210
-301
-957
-1436
-1878
-2409
-2791
-3118
-3382
-3501
-3704
-4332
-4889
-5344
-5659
-5579
-5535
-5279
-4802
-4791
-5247
-3972
34
4125
4618
1735
580
3532
6912
6601
4193
3898
6294
8032
6747
4256
2755
1730
-41
-1465
-1025
73
-964
-3899
-5375
-4180
-2946
-4051
-6154
-5964
-2972
124
1212
979
998
1939
3314
4299
4993
5469
6243
6859
6961
6670
5770
3966
2062
1638
2444
2743
1464
-423
-1591
-1766
-2022
-2724
-3275
-3011
-2067
-1130
-624
-561
-840
-1368
-1209
147
1650
2043
1600
1443
1662
1659
1063
218
-321
-314
-457
-1079
-1788
-2822
-4389
-5960
-6614
-6477
-6450
-6834
-7405
-7745
-7727
-7190
-6553
-6008
-6124
-5450
-1472
4449
7953
6064
2191
2246
6793
9651
8141
5667
6178
8800
8965
5899
2391
542
-1039
-2930
-3623
-2144
-1060
-3435
-7440
-8677
-6453
-4697
-5697
-7149
-5457
-1005
2109
2025
1097
2781
5278
5554
4864
6116
8564
8934
7152
5954
6066
5067
2629
673
541
1230
849
-869
-2223
-2502
-2775
-3686
-4207
-3313
-1967
-1328
-1083
-497
-114
-227
-310
243
1397
2660
3082
2588
2298
2162
1612
739
151
180
205
-587
-1832
-2871
-4092
-5466
-6825
-7647
-7594
-7379
-7680
-8262
-8651
-8396
-7431
-6522
-6001
-5822
-3661
1893
7236
7962
4339
1820
4345
8812
9825
7627
6318
7883
9093
6940
3076
757
-274
-2161
-4180
-3929
-1789
-1759
-5642
-9648
-9515
-6403
-4860
-5996
-6261
-3291
749
2152
1131
971
2896
5428
6507
6787
8005
9419
8773
6376
4917
5025
4675
2759
1186
1266
1537
277
-2093
-3758
-3880
-3331
-3156
-3111
-2448
-1399
-1089
-1563
-1529
-590
265
716
1380
2524
3362
3202
2300
1602
1471
1605
1497
1101
700
-56
-1419
-2973
-3987
-4618
-5443
-6481
-7111
-7246
-7461
-7999
-8765
-9238
-8679
-7264
-5942
-5322
-4587
-1472
3466
6638
5628
2601
2284
6019
9712
9820
7763
7038
8119
7960
5300
2253
993
333
-1231
-2923
-2966
-1970
-3242
-7089
-10015
-8989
-5839
-4468
-5296
-5395
-2981
-222
450
-83
806
3298
5668
6994
7522
8075
8051
6962
5530
5193
5995
6216
4596
2449
1522
1139
30
-1833
-3018
-2825
-2197
-1973
-2022
-2222
-2436
-2616
-2567
-1738
-233
988
1206
1189
1576
2001
1942
1697
1769
2043
2057
1818
1502
722
-701
-2293
-3227
-3335
-3341
-4128
-5422
-6503
-7465
-8105
-8512
-8560
-8424
-7863
-6892
-5669
-5188
-4895
-2203
2374
5409
4273
1672
2170
6370
9680
9087
6658
6103
7794
8331
6045
3058
2048
1802
375
-1802
-2403
-1677
-2505
-5872
-8668
-8047
-5375
-4050
-5155
-6056
-4554
-1751
-523
-864
-366
2159
4650
5191
4916
5864
7783
8188
6802
5385
5516
6319
6089
4459
2655
1752
1237
269
-1207
-2107
-2144
-2092
-2494
-3013
-2948
-2523
-2309
-2351
-2133
-1344
-150
800
976
762
842
1472
2001
1956
1655
1476
1440
1034
70
-1049
-1656
-1689
-2046
-3196
-4531
-5132
-5482
-6221
-7092
-7638
-7331
-6773
-6181
-5928
-5914
-4706
-1443
1997
2613
594
-522
1832
5652
7398
6461
5264
5936
7460
7371
5351
3491
3184
3342
2386
799
264
174
-1295
-4075
-5923
-5369
-3834
-3327
-4290
-5145
-4523
-2983
-2222
-2355
-1896
-218
2095
3467
3467
3238
3833
5068
5927
5970
5668
5792
5805
5181
4027
3014
2244
1572
895
229
-390
-984
-1426
-2045
-2787
-3071
-2611
-1878
-1558
-1691
-1602
-1142
-529
-138
-34
119
450
656
768
967
1205
893
-84
-757
-693
-213
-333
-908
-1886
-2743
-2995
-3582
-4014
-4079
-4164
-4629
-5060
-4882
-4570
-4445
-4160
-2736
-793
283
-309
-1524
-1259
714
2916
3648
3082
2788
3500
4653
4926
4019
2860
2520
2903
3344
3302
2458
1259
57
-724
-1007
-1113
-1373
-1650
-1716
-1811
-2043
-2439
-2471
-1903
-1226
-919
-516
546
1786
2265
1629
955
1335
2637
4029
4503
3789
2751
2402
2629
2567
1671
600
287
755
1109
933
178
-540
-1053
-892
-467
-1073
-1697
-449
1065
-598
-1743
-2427
-1034
410
420
515
-35
-254
-243
275
556
842
-199
-520
-110
-42
94
-292
-1726
-2542
-1845
-1410
-1485
-2277
-2879
-3315
-3776
-3687
-3719
-3200
-2307
-1391
-1148
-1598
-1907
-1602
-643
315
925
1289
1604
2164
2852
3040
2544
1808
1565
2109
2914
3254
2867
1843
849
449
511
481
-114
-813
-1004
-526
-31
-221
-874
-1445
-1379
-450
482
1081
1285
1193
912
581
468
834
1571
2057
2060
1629
1298
1181
1124
1009
729
449
474
696
682
348
-369
-1045
-1028
-455
109
384
142
-330
-321
-41
257
279
222
253
572
923
1123
901
134
-249
-95
117
101
-120
-347
-463
-662
-1043
-1460
-1756
-1657
-1608
-1773
-1825
-1930
-1971
-2140
-2433
-2585
-2356
-1792
-1107
-697
-809
-1176
-1309
-860
-112
312
316
134
131
487
936
1080
817
416
318
806
1548
1916
1524
637
-19
-49
413
785
772
667
744
895
953
863
657
492
605
950
1226
1194
842
419
280
472
848
1080
803
377
269
461
643
546
258
24
14
325
690
702
500
249
257
529
689
657
509
345
331
442
493
518
354
81
-166
-248
-67
77
-121
-476
-604
-486
-315
-401
-664
-775
-670
-545
-532
-647
-763
-853
-848
-866
-882
-934
-996
-1071
-1123
-1179
-1247
-1222
-1147
-1160
-1314
-1373
-1338
-1243
-1141
-1084
-1009
-947
-865
-696
-463
-199
7
64
47
217
513
818
882
725
776
967
1187
1181
1099
1079
1119
1134
1069
1011
997
1012
918
807
770
740
796
764
719
638
651
736
776
745
657
642
696
816
835
809
739
690
710
674
541
395
347
284
171
71
56
38
-110
-317
-413
-258
-104
-191
-359
-450
-342
-164
-138
-278
-338
-201
-10
35
-99
-207
-230
-184
-237
-465
-516
-492
-487
-622
-828
-982
-1041
-1032
-1040
-1152
-1238
-1253
-1320
-1367
-1354
-1296
-1215
-1217
-1209
-1034
-794
-640
-601
-588
-481
-244
-50
50
99
211
343
412
480
540
634
643
589
586
679
771
803
789
757
747
772
831
891
871
825
793
885
960
935
829
756
803
887
903
850
778
732
719
619
471
412
354
273
247
224
229
150
-6
-161
-219
-176
-116
-99
-175
-233
-254
-173
-199
-277
-296
-212
-116
-101
-122
-139
-134
-131
-160
-304
-326
-261
-242
-245
-374
-467
-502
-519
-573
-569
-555
-596
-689
-835
-831
-774
-817
-982
-1063
-921
-776
-732
-823
-883
-886
-860
-817
-740
-589
-461
-408
-374
-314
-230
-173
-139
-108
-12
126
280
385
415
397
344
329
395
547
637
744
790
762
801
755
724
707
757
839
951
999
961
884
758
691
657
642
669
661
659
635
560
447
311
211
199
249
215
127
72
74
77
57
-55
-202
-181
-108
5
-35
-189
-260
-195
-170
-257
-346
-340
-240
-207
-250
-311
-366
-345
-422
-488
-432
-342
-332
-418
-472
-416
-348
-421
-475
-489
-413
-332
-355
-369
-419
-420
-491
-543
-543
-451
-391
-481
-563
-578
-551
-569
-605
-635
-632
-552
-507
-468
-430
-427
-432
-411
-304
-134
44
159
202
241
329
364
366
456
522
631
709
748
724
672
608
592
596
529
494
486
501
493
374
311
279
293
306
322
311
281
254
268
324
325
288
221
228
258
219
163
63
21
-8
-84
-234
-393
-456
-486
-569
-680
-713
-685
-657
-713
-797
-736
-687
-638
-580
-505
-383
-281
-223
-154
-27
83
110
111
157
213
189
140
81
87
54
-24
-154
-260
-302
-406
-534
-651
-658
-620
-609
-664
-743
-679
-598
-559
-535
-430
-308
-186
-130
-120
-72
14
71
100
179
245
293
318
250
175
161
191
217
214
128
39
3
0
3
-37
-9
52
86
168
184
214
253
303
388
477
595
643
656
643
684
678
623
557
465
455
356
203
3
-168
-291
-447
-569
-646
-693
-762
-806
-837
-862
-859
-867
-765
-602
-447
-363
-334
-263
-132
13
86
115
174
219
221
203
178
130
94
13
-44
-89
-119
-203
-300
-392
-450
-449
-453
-437
-432
-345
-324
-362
-289
-178
-98
-122
-131
-88
-20
40
32
-14
-48
-31
-23
-35
-102
-198
-179
-174
-186
-269
-334
-341
-328
-352
-379
-355
-306
-275
-296
-248
-193
-161
-71
16
135
256
350
385
420
455
538
641
649
653
638
641
589
408
292
180
118
43
-66
-179
-293
-404
-514
-586
-630
-666
-697
-655
-598
-595
-513
-477
-420
-352
-271
-192
-120
-22
-3
-7
-28
16
67
65
8
-44
-40
-63
-97
-142
-179
-226
-215
-179
-143
-148
-205
-221
-194
-85
9
9
-8
-51
-36
0
6
-39
-82
-89
-52
-13
-33
-106
-202
-214
-194
-230
-269
-326
-367
-399
-393
-431
-480
-490
-512
-530
-558
-526
-477
-397
-364
-333
-203
-153
-60
26
128
272
375
440
527
624
651
644
647
642
647
584
508
432
354
263
167
47
-84
-170
-263
-365
-408
-429
-479
-506
-576
-673
-630
-560
-485
-446
-436
-420
-383
-311
-230
-167
-159
-151
-121
-29
40
-3
-4
4
22
38
29
-1
-17
-38
-83
-70
-52
-44
-65
-81
-110
-145
-129
-135
-129
-153
-153
-114
-66
-63
-135
-155
-116
-68
-118
-179
-192
-240
-233
-267
-309
-389
-461
-515
-577
-596
-636
-652
-664
-642
-611
-554
-518
-525
-382
-270
-162
-44
54
191
297
386
433
509
602
668
671
661
676
604
548
470
396
298
194
104
11
-55
-143
-242
-349
-437
-500
-459
-450
-486
-452
-460
-407
-344
-309
-265
-210
-115
-49
-27
13
95
159
198
170
102
114
119
104
22
-49
-91
-111
-105
-126
-192
-262
-285
-251
-170
-146
-182
-164
-150
-93
-31
-28
-39
0
65
87
74
42
50
19
-15
-80
-152
-139
-183
-258
-352
-429
-500
-561
-610
-642
-651
-637
-618
-619
-568
-496
-479
-384
-261
-143
-6
134
223
305
405
472
515
558
637
681
694
653
505
417
360
309
250
177
122
34
-65
-185
-273
-332
-345
-316
-273
-245
-277
-253
-231
-189
-147
-97
-58
8
100
169
199
170
117
65
95
85
-5
-47
-112
-115
-139
-227
-315
-367
-392
-372
-319
-299
-249
-268
-238
-198
-186
-110
-45
32
95
152
183
190
178
128
88
39
38
49
49
-16
-175
-230
-307
-347
-423
-479
-476
-472
-492
-549
-578
-561
-489
-448
-366
-248
-156
-36
35
93
130
188
274
354
412
443
487
452
356
225
165
172
92
79
39
-38
-114
-184
-264
-293
-280
-296
-259
-223
-151
-81
-50
-70
-82
17
114
175
191
190
255
296
299
188
204
218
565
1309
1165
116
-83
583
398
-857
-1437
-180
377
-426
-970
-854
-133
-42
-605
-504
-66
-29
-230
-443
-247
207
-23
-180
120
413
428
68
-62
234
269
286
1118
879
-1138
-1254
890
1298
-286
-1264
-455
545
117
-330
-116
655
241
29
1242
1118
77
536
1307
1667
2405
470
-771
241
966
981
-436
-557
61
-896
-952
-152
-332
-1022
-668
-314
-747
-844
-744
-717
-650
-82
-10
-113
-126
-367
-198
295
192
224
567
317
-84
92
182
67
105
55
71
71
-276
-193
-52
-490
-567
-259
-107
-239
-350
-245
-275
-526
-456
-131
444
455
-332
-502
440
781
215
265
227
148
298
219
176
207
-164
-778
-389
121
-324
-802
-936
-913
-729
-570
-913
-1160
-983
-996
-1086
-931
-994
-1202
-1451
-1203
-1101
-1313
-1355
-1374
-1639
-2017
-2066
-2155
-2336
-2850
-3413
-3321
-3393
-3930
-4278
-4065
-3697
-3022
-1629
-619
-884
-2559
-3713
-2342
926
3169
3015
1604
573
854
1980
3571
4669
4511
3614
3099
3364
3603
3106
2458
2539
2906
2959
2549
1592
221
-666
-253
796
1215
409
-843
-1775
-1933
-1374
-495
94
-124
-678
-962
-686
-144
214
425
662
764
698
552
58
-429
-280
-29
-204
-743
-1726
-2858
-3672
-4002
-4069
-4087
-4532
-5642
-6546
-6376
-5746
-5802
-6179
-5298
-3183
-1414
-1364
-2617
-3206
-1861
701
2949
3978
3735
3180
3023
3456
4552
5679
6339
6113
5000
3992
3902
3982
3341
2430
2073
2155
1666
349
-928
-1671
-1863
-1248
123
590
-396
-1649
-2057
-1380
6
1418
2186
1926
931
792
1858
2817
3304
3655
3824
3580
3009
2731
2764
2529
2158
2156
1998
1006
-435
-1590
-2117
-2169
-2131
-2469
-3270
-4734
-6032
-6153
-5658
-5541
-6095
-6854
-7488
-7771
-7649
-6603
-5096
-3753
-2634
-2195
-2653
-3240
-2358
229
2963
4059
3615
3019
2985
3548
4734
6148
6913
6546
5721
4985
4467
4106
4008
4005
3618
2918
2043
1124
274
-316
-538
-475
-437
-554
-868
-1591
-2119
-1794
-798
88
482
384
49
-5
644
1847
2880
3183
2948
2760
2786
2912
3238
3657
3717
3160
2430
1840
1174
399
-88
-250
-512
-1208
-2465
-3662
-4477
-4961
-5014
-4958
-5432
-6469
-7544
-8043
-7996
-7673
-6974
-6013
-4898
-3783
-3032
-3138
-3566
-2984
-603
2448
4119
3839
3004
2742
3471
5022
6829
7869
7461
6068
4854
4519
4817
5127
4928
4067
2876
1966
1284
519
-163
-420
-258
-234
-618
-1291
-1968
-2287
-1861
-914
43
434
108
-358
-241
633
1872
2805
3020
2836
2566
2453
2613
3008
3420
3313
2610
1642
746
68
-464
-859
-1195
-1714
-2858
-4359
-5400
-5807
-5984
-6240
-6686
-7523
-8508
-9238
-8668
-6709
-4832
-4126
-4464
-5051
-4928
-3405
-887
1580
2835
2523
2048
2450
3596
5008
6333
7051
6897
6059
5233
5043
5114
5049
4882
4635
3957
2853
1671
695
224
196
384
258
-565
-1546
-2047
-2009
-1368
-482
-88
-422
-927
-905
-145
746
1459
2017
2134
1850
1764
2213
2700
2890
2885
2748
2413
1759
1070
526
181
-248
-690
-1200
-2066
-3202
-4371
-5261
-5458
-5233
-5426
-6286
-7541
-8581
-9150
-9210
-7991
-5712
-3604
-3146
-4443
-6256
-6267
-3181
1273
4076
3609
1515
669
1877
4109
6465
8375
8548
6749
4683
4407
5751
6777
6501
5543
4670
3749
2501
1306
977
1174
911
300
-302
-883
-1939
-2901
-2412
-877
-122
-727
-1515
-1782
-1579
-636
1063
2471
2242
1088
793
1663
2612
3200
3631
3576
2615
1338
902
1197
1077
304
-551
-1302
-2276
-3460
-4547
-4974
-5157
-5696
-6440
-7414
-8572
-9395
-9548
-8540
-6714
-5002
-4297
-5073
-6635
-6919
-4406
-197
2800
2929
1101
-85
755
3105
5832
7748
7821
6173
4249
3826
5183
6816
7031
5804
4184
3059
2432
1959
1761
1896
1585
653
-158
-691
-1209
-1751
-1599
-432
385
-81
-1138
-1583
-1217
-107
1542
2684
2431
1144
415
1163
2594
3581
3699
3115
1954
898
628
1016
1261
576
-720
-1795
-2523
-3300
-4034
-4470
-4859
-5522
-6532
-7331
-8043
-8840
-9504
-8866
-6719
-4522
-3790
-5365
-7728
-7963
-4720
114
2888
2207
-160
-1221
-164
2435
5714
8243
8204
5609
3024
3198
5863
8063
8113
6521
4654
3126
2460
3097
3861
3372
1699
549
341
-179
-1194
-1552
-1072
-721
-722
-689
-1046
-2118
-2576
-1028
1315
2149
1311
418
249
656
1897
3709
4531
3439
1657
975
1575
2256
2222
1581
292
-1271
-2320
-2578
-2587
-3117
-4134
-5277
-6242
-7059
-7743
-8345
-8853
-8790
-7625
-5813
-4750
-5417
-7225
-8111
-6176
-1939
1689
2268
217
-1844
-1412
1456
5156
7861
8042
5756
2989
2619
5188
8162
8983
7294
4715
2707
2068
2991
4609
5090
3335
532
-988
-657
37
297
170
-321
-1277
-2033
-1812
-1009
-606
-577
-52
671
729
221
142
848
1647
2354
2867
2765
1780
674
646
1486
1965
1380
73
-1400
-2396
-2675
-2508
-2343
-3137
-4711
-6226
-6960
-7019
-7028
-7308
-7740
-7386
-6268
-5115
-4965
-6059
-7008
-6191
-3215
-63
1174
160
-1458
-1629
304
3335
5967
6916
5658
3427
2507
4158
7017
8584
7784
5472
3504
2765
3404
4913
6019
5119
2237
-248
-377
917
1635
1410
695
-580
-2113
-2508
-1298
-69
-121
-730
-747
-631
-851
-560
520
1297
1149
1093
1449
1421
907
738
1323
1619
1060
233
-395
-980
-1573
-1788
-1736
-2209
-3368
-4678
-5476
-5801
-6072
-6655
-7302
-6974
-5819
-4972
-5246
-6261
-6830
-6375
-4663
-2046
-82
-111
-1723
-2671
-1239
1606
4221
5539
5246
3619
2179
2854
5466
7735
7874
6184
4221
2998
3082
4280
5715
6140
4509
1692
-144
204
1651
2459
2281
1219
-623
-2205
-2151
-243
1304
906
-321
-981
-1033
-928
-57
1369
1764
841
31
229
681
715
768
905
527
-459
-1169
-1141
-1195
-1717
-2143
-2434
-2946
-3813
-4542
-4880
-5147
-5418
-5872
-6087
-5595
-4810
-4325
-4585
-5119
-5179
-4541
-3282
-1713
-532
-500
-1467
-1878
-663
1404
3129
3849
3560
2685
2016
2635
4378
5927
6057
4885
3573
2817
3020
3938
4863
4970
3852
2167
1241
1586
2200
2261
1895
1382
632
8
-57
368
551
184
-15
199
339
-17
-241
99
382
475
630
775
449
-130
-321
-25
220
23
-522
-1180
-1680
-1982
-2045
-2014
-2376
-3099
-3787
-4174
-4413
-4576
-4884
-5348
-5417
-4850
-4104
-3839
-4084
-4474
-4675
-4242
-3000
-1293
-159
-417
-1453
-1743
-621
1251
2917
3741
3383
2181
1489
2284
3977
5359
5501
4519
3118
2215
2500
3689
4896
5215
4061
2102
764
1056
2496
3419
3160
2016
464
-639
-447
932
1851
1378
233
-530
-681
-561
21
723
619
-281
-877
-613
-386
-568
-728
-783
-1115
-1594
-1699
-1599
-1839
-2344
-2532
-2498
-2515
-2813
-3261
-3537
-3879
-4010
-3934
-3896
-3810
-3603
-3347
-3274
-3298
-3013
-2698
-2645
-2298
-1416
-568
-444
-686
-442
198
842
1470
2221
2607
2231
1796
2094
2910
3451
3618
3566
3157
2600
2432
2990
3909
4256
3501
2344
1821
2190
2740
3071
3046
2324
1225
498
867
1758
1749
1032
397
124
-100
-157
269
476
-97
-800
-795
-375
-378
-740
-1020
-1238
-1573
-1702
-1458
-1382
-1807
-2323
-2535
-2414
-2286
-2367
-2638
-3004
-3237
-3388
-3546
-3577
-3477
-3270
-3188
-3268
-3140
-2715
-2379
-2397
-2422
-1947
-1080
-474
-132
42
121
319
657
1408
2248
2629
2433
2071
2087
2362
2799
3373
3630
3413
2964
2651
2634
2792
2965
3104
3055
2854
2381
1934
1793
1820
1926
1882
1741
1437
971
521
374
704
799
494
128
-115
-258
-433
-330
-25
-99
-587
-991
-1077
-1059
-1150
-1305
-1312
-1448
-1787
-2063
-2225
-2360
-2557
-2713
-2822
-2877
-3018
-3243
-3506
-3543
-3348
-3172
-3074
-3075
-2809
-2489
-2436
-2491
-2116
-1281
-585
-267
-114
113
326
584
1141
1884
2347
2236
1969
1957
2211
2527
2891
3119
3082
2850
2653
2726
2972
3205
3172
2934
2781
2645
2556
2520
2494
2275
1872
1616
1657
1650
1266
817
629
599
410
274
381
233
-266
-678
-635
-498
-633
-860
-1035
-1280
-1689
-1839
-1768
-1701
-1840
-2135
-2275
-2409
-2487
-2558
-2600
-2598
-2644
-2803
-2960
-2941
-2837
-2869
-2939
-2594
-2112
-2004
-2125
-2034
-1444
-855
-550
-194
242
474
469
633
1151
1636
1760
1761
1898
2081
2241
2353
2611
2845
2859
2771
2834
2981
2943
2760
2654
2761
2785
2677
2554
2347
2083
1722
1606
1752
1716
1328
871
635
494
378
433
522
371
-31
-354
-424
-348
-419
-581
-735
-912
-1187
-1495
-1624
-1653
-1724
-1922
-2042
-2104
-2213
-2384
-2532
-2544
-2545
-2600
-2703
-2724
-2845
-2982
-2978
-2727
-2363
-2220
-2226
-2138
-1686
-1151
-799
-387
40
291
281
328
730
1247
1524
1592
1772
2012
2082
2105
2352
2719
2856
2849
2896
2972
2884
2742
2732
2834
2851
2673
2493
2354
2186
1979
1943
1979
1842
1516
1121
906
759
584
483
452
302
-14
-315
-428
-442
-574
-732
-895
-1105
-1358
-1611
-1718
-1767
-1859
-2038
-2126
-2175
-2258
-2393
-2476
-2429
-2411
-2465
-2562
-2685
-2742
-2803
-2772
-2610
-2410
-2339
-2310
-2080
-1667
-1286
-1022
-737
-424
-169
-93
42
477
884
1111
1252
1465
1737
1984
2211
2476
2722
2847
2931
3078
3263
3327
3284
3289
3291
3214
3074
3034
2982
2803
2509
2251
2121
1955
1709
1407
1135
835
528
398
305
187
-49
-321
-522
-679
-817
-942
-1062
-1259
-1499
-1740
-1823
-1838
-1974
-2108
-2227
-2276
-2340
-2422
-2444
-2463
-2523
-2631
-2765
-2864
-2935
-2983
-2877
-2742
-2667
-2521
-2327
-1960
-1552
-1251
-983
-702
-456
-289
-119
202
603
894
1126
1335
1534
1822
2091
2425
2706
2863
2964
3041
3148
3263
3376
3453
3452
3282
3098
3000
2944
2940
2786
2589
2370
2115
1835
1566
1381
1197
991
719
480
253
72
-79
-267
-404
-556
-742
-997
-1245
-1510
-1676
-1729
-1798
-1950
-2170
-2324
-2404
-2438
-2470
-2494
-2443
-2505
-2647
-2805
-2856
-2815
-2808
-2741
-2637
-2555
-2465
-2284
-1931
-1451
-1119
-938
-670
-417
-238
-96
132
430
714
914
1101
1349
1615
1860
2079
2360
2617
2760
2919
3021
3110
3142
3162
3185
3112
2963
2808
2730
2686
2644
2510
2373
2206
1916
1656
1423
1279
1107
851
587
379
159
-52
-223
-379
-579
-826
-1015
-1207
-1450
-1649
-1842
-1972
-2087
-2266
-2410
-2470
-2527
-2643
-2716
-2737
-2750
-2811
-2885
-2941
-3018
-3012
-2958
-2821
-2670
-2521
-2268
-1930
-1570
-1242
-1009
-733
-391
-132
30
214
449
758
983
1214
1477
1725
1929
2131
2406
2684
2892
2980
3048
3073
3071
3052
2978
2946
2796
2654
2556
2467
2385
2255
2129
1936
1688
1387
1156
989
837
633
327
92
-131
-296
-455
-589
-766
-996
-1223
-1406
-1564
-1770
-1945
-2132
-2285
-2392
-2521
-2534
-2614
-2679
-2771
-2799
-2793
-2832
-2858
-2886
-2908
-2988
-2969
-2837
-2608
-2383
-2126
-1762
-1453
-1184
-932
-606
-254
-5
129
277
490
744
1017
1255
1523
1765
1944
2254
2569
2825
2987
3070
3132
3134
3119
3048
2981
2866
2747
2670
2613
2536
2325
2208
2090
1919
1711
1450
1168
936
761
584
366
135
-102
-315
-448
-596
-794
-963
-1194
-1444
-1677
-1866
-2018
-2185
-2384
-2547
-2622
-2727
-2807
-2927
-2995
-3000
-3086
-3083
-3121
-3159
-3182
-3158
-3113
-2999
-2799
-2567
-2204
-1849
-1502
-1180
-849
-528
-237
123
355
604
819
1029
1276
1569
1920
2242
2520
2745
2939
3106
3267
3361
3368
3320
3150
2940
2766
2649
2574
2471
2343
2182
2007
1873
1756
1581
1373
1148
889
718
534
372
203
25
-122
-235
-353
-496
-657
-862
-1022
-1189
-1333
-1497
-1744
-1935
-2167
-2290
-2380
-2439
-2525
-2687
-2846
-2960
-3000
-3055
-3084
-3128
-3164
-3223
-3252
-3053
-2812
-2562
-2315
-2015
-1671
-1381
-1062
-732
-427
-129
176
431
701
990
1264
1626
1979
2328
2631
2879
3080
3227
3312
3382
3427
3397
3294
3068
2886
2776
2654
2599
2491
2332
2123
1894
1687
1511
1307
1081
873
632
394
178
37
-96
-291
-399
-491
-612
-821
-1040
-1201
-1310
-1360
-1496
-1703
-1927
-2127
-2264
-2287
-2320
-2452
-2564
-2714
-2806
-2811
-2826
-2840
-2855
-2920
-2933
-2907
-2738
-2470
-2214
-1972
-1752
-1464
-1098
-768
-442
-150
158
509
790
1069
1343
1588
1885
2242
2555
2818
2939
2930
3002
3034
3078
3095
3050
2931
2745
2595
2453
2366
2239
2091
1943
1762
1549
1275
1110
944
783
628
421
200
-11
-154
-250
-323
-464
-610
-754
-888
-995
-1153
-1265
-1388
-1518
-1686
-1869
-2040
-2185
-2289
-2318
-2361
-2494
-2594
-2707
-2764
-2731
-2698
-2662
-2669
-2623
-2580
-2440
-2170
-1866
-1582
-1323
-1076
-817
-512
-170
173
493
727
984
1226
1468
1725
1968
2201
2403
2587
2722
2831
2892
2905
2891
2910
2908
2809
2715
2537
2389
2267
2097
1931
1758
1569
1360
1149
936
720
525
381
188
-32
-227
-427
-601
-745
-848
-956
-1062
-1223
-1364
-1447
-1567
-1650
-1720
-1778
-1878
-2029
-2111
-2167
-2178
-2203
-2278
-2312
-2323
-2354
-2296
-2193
-2123
-2059
-1990
-1841
-1659
-1524
-1293
-1087
-890
-643
-420
-186
103
348
566
832
1086
1313
1528
1758
1964
2098
2243
2343
2457
2548
2602
2641
2621
2561
2488
2444
2380
2290
2138
1989
1810
1618
1493
1332
1192
1009
814
620
481
359
218
60
-131
-286
-437
-538
-666
-847
-933
-1102
-1237
-1359
-1444
-1501
-1622
-1729
-1849
-1942
-2002
-2078
-2134
-2176
-2225
-2307
-2325
-2299
-2225
-2118
-2014
-1926
-1861
-1756
-1568
-1321
-1112
-908
-714
-490
-267
-66
222
473
712
922
1136
1346
1541
1738
1944
2104
2177
2265
2308
2395
2466
2465
2512
2461
2385
2287
2220
2132
2041
1900
1709
1523
1336
1207
1067
934
755
528
399
294
171
11
-140
-298
-447
-574
-705
-816
-941
-1098
-1250
-1309
-1393
-1533
-1569
-1629
-1721
-1787
-1842
-1890
-1935
-1948
-1950
-1984
-1959
-1932
-1893
-1810
-1671
-1589
-1507
-1383
-1234
-1099
-941
-762
-566
-338
-153
26
199
419
645
863
1054
1207
1374
1513
1699
1843
1961
2039
2111
2181
2239
2293
2299
2264
2168
2128
2060
1977
1921
1754
1550
1338
1168
1052
964
837
654
469
262
101
-14
-72
-172
-387
-523
-674
-808
-889
-952
-1030
-1133
-1232
-1322
-1436
-1479
-1489
-1529
-1564
-1604
-1696
-1731
-1719
-1722
-1687
-1691
-1652
-1604
-1549
-1436
-1348
-1197
-1093
-969
-816
-648
-485
-311
-152
-5
173
336
509
686
846
990
1129
1251
1405
1546
1683
1773
1779
1831
1857
1898
1914
1933
1923
1853
1773
1693
1661
1609
1537
1419
1279
1098
920
806
709
629
516
382
218
28
-67
-118
-239
-362
-485
-658
-778
-890
-1037
-1105
-1170
-1230
-1369
-1443
-1499
-1512
-1505
-1553
-1579
-1598
-1606
-1595
-1511
-1453
-1410
-1319
-1262
-1172
-1079
-960
-845
-739
-633
-525
-397
-238
-114
-6
129
248
347
525
692
839
927
983
1068
1191
1318
1418
1480
1534
1570
1564
1659
1702
1697
1714
1650
1570
1498
1469
1426
1345
1255
1128
950
798
678
598
498
403
233
56
-99
-208
-317
-433
-515
-649
-801
-944
-1055
-1157
-1218
-1255
-1275
-1276
-1358
-1377
-1384
-1446
-1444
-1369
-1346
-1303
-1264
-1258
-1208
-1128
-1067
-975
-808
-730
-710
-632
-571
-480
-373
-223
-86
24
113
195
292
412
583
719
880
975
1007
1094
1173
1293
1398
1451
1471
1484
1488
1482
1499
1489
1513
1453
1413
1378
1279
1249
1145
1046
931
840
721
588
486
400
324
225
126
-18
-150
-272
-378
-473
-551
-621
-784
-904
-991
-1043
-1105
-1131
-1169
-1230
-1238
-1356
-1396
-1347
-1334
-1291
-1266
-1221
-1239
-1215
-1136
-1027
-896
-763
-676
-666
-650
-545
-366
-242
-158
-20
22
66
131
218
353
508
610
659
718
765
870
966
1061
1138
1119
1135
1151
1202
1213
1215
1236
1264
1216
1174
1160
1141
1117
1024
971
910
822
755
627
494
397
326
184
56
14
-52
-195
-378
-496
-599
-682
-737
-848
-944
-1057
-1096
-1147
-1196
-1171
-1109
-1106
-1166
-1156
-1111
-1049
-1005
-917
-860
-889
-834
-780
-673
-615
-580
-515
-470
-399
-353
-307
-218
-105
-66
-21
58
104
264
363
404
453
539
576
590
672
755
810
808
843
899
950
960
887
886
877
897
926
942
891
718
585
577
614
572
521
464
376
277
139
136
168
156
64
-78
-184
-287
-353
-386
-406
-463
-569
-708
-727
-706
-758
-760
-802
-832
-863
-842
-825
-853
-874
-858
-796
-780
-719
-619
-487
-434
-445
-359
-274
-135
-52
-19
43
131
265
322
467
512
586
533
844
1375
1568
1504
1329
1215
910
628
313
177
134
282
345
434
523
557
506
348
178
94
2
-101
-80
23
138
196
246
256
237
157
78
-2
-83
-136
-201
-217
-260
-300
-307
-374
-482
-607
-697
-741
-820
-818
-779
-797
-811
-828
-859
-853
-894
-854
-816
-786
-739
-635
-511
-422
-354
-289
-191
-114
-28
46
23
57
111
197
251
282
335
367
377
355
388
414
427
419
436
454
453
523
542
525
456
390
365
369
367
370
370
305
256
243
286
252
165
191
154
79
-16
-52
-65
-88
-82
-103
-147
-203
-237
-276
-297
-326
-382
-401
-476
-496
-486
-442
-421
-426
-459
-499
-517
-516
-500
-553
-608
-649
-713
-653
-567
-479
-451
-458
-400
-352
-269
-208
-160
-109
-38
12
170
338
380
420
431
468
512
561
607
618
631
620
605
592
612
570
533
483
414
402
377
351
294
263
219
169
99
77
75
100
115
106
80
32
2
79
96
71
22
-18
-36
-122
-202
-188
-155
-218
-329
-397
-404
-425
-472
-512
-551
-584
-604
-586
-616
-622
-624
-630
-605
-567
-509
-409
-298
-231
-195
-103
-13
61
76
111
178
187
308
358
319
387
480
425
377
436
377
436
335
269
303
349
358
226
211
273
288
160
59
79
184
213
167
77
92
192
118
20
-84
51
211
181
18
22
174
241
37
-101
-120
-145
-265
-325
-248
-126
-138
-333
-473
-579
-522
-507
-484
-661
-513
-338
-454
-477
-609
-653
-549
-414
-374
-334
-216
-229
-160
-106
-59
14
149
97
200
296
310
311
289
298
444
385
375
339
356
462
348
301
302
259
51
157
316
207
151
104
272
391
293
9
178
256
84
93
162
146
265
251
245
127
118
-13
-192
-204
-81
50
67
42
-95
-217
-80
-177
-441
-404
-283
-393
-259
-151
-291
-574
-515
-512
-592
-730
-644
-524
-313
-394
-375
-212
-298
-304
-344
-314
-128
245
91
162
325
326
243
81
92
418
489
406
583
421
421
326
377
395
338
336
212
277
297
340
194
174
-104
11
275
-39
-166
-65
56
140
190
-125
-71
165
96
106
-66
95
185
183
68
69
29
-55
45
-126
-123
53
34
-122
-401
-369
58
-148
-559
-611
-560
-459
-495
-618
-596
-572
-629
-563
-623
-639
-382
-212
-170
-258
-79
-139
-4
-6
40
128
225
433
349
432
479
381
432
595
566
395
496
724
556
469
464
321
144
123
295
463
316
99
-15
114
230
223
-51
-64
8
191
294
74
-104
68
274
39
-56
164
229
277
65
5
145
82
-11
-227
-42
42
85
-40
-370
-386
-234
-258
-243
-425
-490
-534
-345
-389
-710
-529
-351
-548
-497
-311
-170
-202
-114
133
155
26
73
163
210
69
460
653
262
333
641
657
343
493
405
542
661
509
224
438
539
469
234
266
389
316
205
114
369
296
87
68
84
-20
-248
-151
69
-106
54
48
-226
-81
-99
-116
-51
-147
97
17
75
-75
-173
-147
-188
-191
-271
-129
-91
103
-54
-309
-498
-411
-224
-201
-313
-176
-131
-470
-595
-398
-370
-197
-109
-463
-416
227
200
-43
-174
-97
18
207
426
267
256
289
674
706
221
380
658
275
434
626
704
536
257
114
374
613
87
-114
111
136
243
42
-23
-185
174
127
-313
-104
-85
128
51
152
24
-171
141
153
91
-3
110
294
409
-122
-316
166
152
-189
-217
-318
-165
80
-381
-348
-226
-426
-805
-516
-173
-375
-295
-311
-219
-271
-221
-262
-159
120
160
59
120
134
42
93
206
583
420
318
260
168
645
497
100
214
588
460
408
477
124
135
396
599
47
-73
48
221
227
193
74
-102
338
87
-289
-253
134
122
-40
102
275
278
-169
-413
147
344
-160
-70
112
142
-32
-332
-315
-197
-319
-243
160
73
-173
-431
-86
-216
-357
-288
-209
-2
-268
-185
101
-96
-517
-386
-21
-74
-141
23
81
-14
151
201
195
145
55
214
610
470
445
500
534
200
59
210
395
316
495
482
387
461
244
2
44
280
417
328
138
167
256
135
-190
-135
109
175
17
357
245
41
-219
-170
-94
123
93
-81
140
177
135
-124
-232
-325
-109
-142
-405
-216
-7
-178
-640
-260
-19
-425
-518
-485
-174
400
83
-619
-331
177
34
-431
-241
197
304
359
223
117
80
314
227
400
384
396
520
426
475
281
234
221
217
273
465
516
232
244
213
107
63
-5
-242
236
287
299
128
-53
-123
-28
77
-234
-195
192
131
230
15
-136
-123
-106
-358
-65
186
165
-40
-143
-227
-267
-64
-63
-400
-493
-140
236
-86
-527
-498
-171
-151
-311
-344
-194
8
124
46
-181
-164
-31
90
68
-296
3
367
237
-65
223
339
158
102
159
263
589
386
151
401
556
289
140
17
157
354
398
303
166
96
155
365
224
-325
-234
334
256
67
25
95
113
-284
-117
31
-8
-201
-107
214
-30
-206
-158
-104
-243
5
-270
-231
52
286
19
-548
-218
-69
-141
10
-142
-79
255
-233
-461
-351
-260
-191
-40
-45
-121
-85
-102
-49
-206
148
237
-19
-294
23
435
445
148
-78
282
360
487
139
356
322
374
548
216
189
-83
327
72
54
317
39
-54
-88
230
-2
-142
-286
-40
126
69
-131
-69
101
-30
-82
30
-34
59
125
166
184
244
-111
-94
76
-157
-32
307
21
-307
-198
-100
63
-127
-407
-105
202
50
-380
-328
111
297
-55
-263
-54
38
67
67
163
63
128
271
287
195
-46
130
244
490
402
-27
92
372
223
204
168
212
206
214
228
267
122
-49
124
-81
166
294
0
-123
-110
307
133
-170
-129
-139
-8
44
-153
115
127
30
123
-264
-88
-84
-92
-307
37
197
77
139
-50
-342
-331
32
183
-8
-162
62
384
-136
-750
-253
4
-152
-94
-128
226
319
-315
-302
57
53
-43
219
72
116
464
21
-269
-119
218
195
60
-54
302
355
253
13
-190
269
138
158
31
136
254
208
315
-220
-248
-82
-207
-88
350
224
-58
-280
-288
169
43
-177
-247
-7
52
140
183
-198
-461
-245
10
105
90
-215
-190
98
-4
-49
-134
-343
-242
139
147
178
-177
-396
-170
56
58
-187
-395
-94
130
361
124
-428
-277
-5
216
114
-50
98
334
189
-12
2
-11
-101
9
193
195
-191
-45
115
11
-122
-126
-166
-66
107
-53
-62
-16
40
18
-50
-131
51
-95
-55
275
-36
-100
-142
-164
-154
95
-35
-74
5
-30
-13
-103
-305
-212
-169
64
11
-134
-126
-92
28
-230
-317
-127
66
50
72
-82
-60
2
-50
-18
-249
-172
185
63
-40
153
-36
-305
-208
136
374
121
-63
196
302
122
-123
-94
-158
2
199
94
-21
-78
-155
-284
86
435
-18
-324
-275
243
416
-15
-132
-128
-46
-125
162
114
-12
-141
55
184
106
-100
-381
-37
245
232
-138
-169
-138
-116
71
-314
-261
-128
372
74
45
-105
-144
-8
-51
284
142
113
-154
118
210
-9
-87
-93
199
-52
131
8
-66
4
243
94
-22
133
160
125
43
-242
74
392
-81
-109
269
57
82
-24
-299
-71
187
-15
153
-83
-287
39
131
-260
-277
151
185
118
-133
-169
-296
-248
-87
-86
-104
33
289
-3
-12
-282
-254
-81
-149
95
-13
118
59
-79
-457
-186
168
339
149
-224
72
58
38
-22
-231
-411
-106
279
278
-25
-100
-74
161
244
-104
-252
-27
302
414
-4
-376
108
205
-42
-245
68
186
-50
75
180
43
-440
-363
135
25
-134
-66
269
80
-167
-112
-69
-175
-43
-32
193
55
-207
-192
-102
14
-212
-263
-51
137
-58
-124
118
-49
-257
-304
2
221
92
-228
-222
48
-71
-165
-225
-190
-131
264
233
-51
-146
95
103
25
213
5
133
2
-102
210
-29
-169
-43
153
228
125
52
44
-73
274
319
114
-93
-286
117
166
-15
-193
-66
268
181
123
-113
-105
18
-13
-82
77
160
-8
-163
22
38
-48
32
-413
-187
199
229
-71
-390
-136
-75
-86
33
171
-1
-35
139
466
-163
-339
-167
-38
209
232
121
-316
-143
83
86
246
-68
-158
-71
377
492
83
-457
-68
355
274
260
14
-91
-5
245
178
20
-55
-54
154
156
10
-114
56
90
111
311
220
-187
-299
-46
275
300
38
-67
-39
149
152
184
-194
-167
239
154
70
-249
-183
21
-2
120
-112
-104
167
334
273
67
-165
-238
-18
428
275
-260
-193
139
345
68
-20
-99
153
385
254
183
-89
-196
-33
191
313
144
-157
-62
242
339
155
207
213
206
315
275
68
-52
-6
399
531
62
-271
-56
353
462
411
-108
-220
36
274
319
-18
-45
-38
58
45
281
217
-133
-138
-38
245
271
-304
-192
10
-45
373
150
-168
132
44
119
353
225
-98
-91
53
527
499
-8
-169
228
202
497
126
-418
-134
-179
275
293
247
-190
-135
-22
23
437
-142
-424
-69
329
481
60
-135
-92
11
447
514
78
59
205
220
219
183
-43
34
119
206
236
32
-20
-21
49
-108
-26
-113
-87
-54
133
138
-77
-69
-263
-271
-71
20
-154
-122
-122
144
113
19
-198
-50
123
217
182
67
230
-26
-40
6
-60
-68
-61
-37
53
265
39
-56
-199
-267
46
88
163
-78
2
156
101
-3
-131
-48
84
152
173
179
-79
23
125
232
86
-51
97
212
257
23
-16
-96
21
323
108
-16
-149
77
51
196
-22
-18
-132
-116
46
30
-106
-93
69
168
152
-126
-207
38
386
316
100
-118
-167
105
108
72
-57
-72
-34
58
89
11
-261
190
332
270
92
-161
43
41
24
104
264
277
-55
-38
199
113
-118
-81
66
465
15
-229
-10
-55
14
163
223
-93
-41
21
125
183
-41
-112
-177
20
381
450
107
-187
-255
-227
223
116
37
-252
25
63
88
-5
-333
-235
-227
77
79
242
-134
-279
-219
38
-22
-49
113
227
162
233
207
116
93
180
309
188
317
304
228
-24
88
121
90
-22
9
141
235
98
-59
2
-37
175
199
188
-46
-34
40
241
302
-149
-61
84
206
126
108
-71
-7
166
203
424
101
-384
-147
398
295
13
-223
-215
149
-3
-127
-344
-443
-100
-109
105
-53
-331
-203
5
124
106
202
-49
23
304
292
176
205
254
187
296
108
56
185
107
46
144
242
55
90
-28
-81
218
140
27
69
286
80
33
94
63
86
29
75
229
233
22
-67
-26
102
275
95
-87
33
87
57
-65
67
50
100
-180
11
110
-68
-129
-158
165
31
3
-161
-270
8
149
72
-174
-152
-41
176
176
-77
-360
-32
146
145
153
-40
-47
-278
-105
99
122
-62
-146
42
209
356
246
-6
-80
9
137
152
61
52
150
171
167
142
5
-25
83
123
284
415
258
-67
-124
21
103
112
-122
-188
-127
199
314
86
-291
-389
-84
263
184
76
-107
-5
205
93
55
-365
-369
-179
145
138
-158
-352
-258
99
106
-14
-174
-278
-141
201
214
186
-15
-196
-34
57
81
-93
-11
24
102
270
37
-142
-125
-22
90
218
189
18
44
65
78
77
36
23
143
274
281
309
25
63
175
310
225
30
-12
-38
69
-41
11
139
8
-231
-182
-197
-154
-91
-75
40
54
-20
-203
-246
-232
-48
-2
99
-100
-166
119
-10
-73
-272
-305
53
162
125
-254
-238
-52
-14
-29
-260
-232
-149
5
39
53
-243
-268
-138
-85
131
93
32
-153
-94
19
277
229
2
34
28
108
186
387
139
67
-31
-1
364
324
91
-95
120
221
141
140
-49
-77
151
227
192
12
-383
-138
80
-16
-87
-270
-245
-136
-58
-143
-81
-165
-213
-99
-136
-150
-150
-246
-106
-46
-48
-143
-80
-91
-195
-176
-140
-133
-116
-110
-175
-318
-181
5
-134
-172
-219
-170
-20
13
-38
-15
-86
-191
-157
-138
-55
22
110
75
68
129
64
119
147
293
212
237
142
-16
59
198
246
217
179
40
-143
-15
116
-37
-94
-34
35
-19
-126
-210
-208
-204
-155
-9
7
-54
-295
-296
-198
29
193
-27
-130
-154
-53
-184
-324
-210
-143
-49
-30
-93
-111
-48
-132
-261
-321
-277
-93
134
21
-11
-130
-182
-169
-202
-162
-116
-44
44
193
-31
-121
-171
-17
68
-39
-73
120
403
164
51
25
80
76
57
220
192
236
126
219
323
69
-46
-84
-52
-137
-102
-106
-126
-169
-192
-101
-151
-186
-165
-92
-116
-207
-29
-21
-185
-119
-29
-58
-137
-184
-213
-115
-13
-55
-39
-290
-286
-122
-76
-41
-106
-113
-276
-248
-153
-177
-122
-174
-150
-161
-106
11
123
119
130
95
92
115
96
245
303
286
266
230
142
128
21
-50
165
289
280
207
124
138
49
71
-2
39
119
18
196
320
154
-46
-24
34
84
115
-37
-42
55
26
22
-70
-169
-153
-57
51
25
-65
-286
-141
-109
-201
-231
-287
-175
-111
-48
-61
-68
-124
-141
-76
41
29
-37
-3
2
90
59
-43
-19
-68
-29
108
89
-2
-80
2
163
25
-19
-4
7
27
167
190
136
147
86
195
209
136
229
311
426
435
252
109
-20
-24
95
186
69
150
122
-36
2
-33
-184
-154
8
132
72
-135
-120
-177
-230
-252
-202
-91
-71
-67
-58
-74
-146
-81
-9
25
67
32
-28
-94
-28
47
60
-27
-16
28
-44
-49
57
66
42
-12
-56
-99
-70
-78
-60
22
23
67
52
1
-11
47
123
181
289
288
287
216
161
151
123
158
198
182
203
259
193
25
-95
-124
-28
22
-83
-131
-40
-58
-127
-139
-162
-205
-197
-70
-20
-52
-128
-114
-158
-154
-183
-240
-251
-273
-136
-155
-121
-154
-215
-252
-234
-221
-170
-82
-142
-74
-12
-68
-141
-129
-105
-26
64
33
15
32
56
52
33
54
66
79
95
131
126
18
33
51
112
163
83
32
49
67
148
213
111
19
68
99
65
114
121
70
30
31
63
-12
-15
-16
-78
-71
-86
-138
-185
-201
-127
-139
-181
-179
-134
-149
-193
-219
-177
-114
-103
-83
-132
-152
-149
-168
-200
-177
-124
-60
-42
-95
-150
-140
-116
-144
-109
-5
0
-45
36
25
-35
-50
-23
5
88
187
214
213
188
214
201
148
173
173
163
218
298
217
168
110
62
139
129
97
99
111
112
116
112
6
-66
-79
-8
29
72
117
63
-6
-41
1
-3
5
-44
-25
-1
-62
-73
-163
-175
-144
-157
-249
-220
-202
-225
-211
-206
-219
-232
-198
-167
-186
-177
-166
-71
-46
-72
-55
-45
-1
25
31
38
73
132
211
178
66
33
29
61
65
73
70
63
107
184
160
50
25
-2
122
211
172
146
148
199
217
184
110
96
131
119
139
122
42
-32
-48
-37
-76
-79
-132
-212
-229
-174
-209
-241
-250
-266
-272
-252
-211
-235
-221
-178
-167
-117
-130
-133
-138
-155
-162
-91
-49
-46
-58
-55
-16
-51
-56
-39
-64
-24
28
43
29
34
-21
-36
-24
-5
1
0
43
82
181
173
72
76
121
126
130
127
143
182
192
120
65
101
116
106
115
115
73
87
59
2
-20
4
50
21
-56
-132
-119
-98
-147
-213
-179
-120
-138
-133
-169
-166
-173
-162
-147
-147
-160
-169
-147
-144
-147
-140
-151
-134
-137
-115
-155
-167
-160
-132
-112
-98
-78
-108
-93
-54
-23
-48
4
31
13
99
149
165
133
130
116
138
156
166
171
162
164
151
168
170
94
82
83
134
144
92
44
26
31
17
9
-16
-15
-39
-20
1
-83
-90
-124
-145
-89
-67
-62
-90
-111
-129
-115
-127
-171
-195
-164
-113
-131
-98
-104
-154
-170
-150
-108
-97
-113
-116
-105
-53
-15
-34
-25
-14
-30
0
-14
-13
14
50
81
108
94
73
57
49
64
51
72
104
94
149
141
130
144
158
157
154
149
178
198
185
158
130
134
114
58
60
68
69
86
71
49
31
22
-6
-58
-118
-115
-89
-77
-100
-183
-165
-150
-143
-152
-169
-165
-152
-103
-62
-30
-48
-52
-48
-36
-22
-75
-47
-38
-6
-10
-26
-44
-79
-76
-85
-74
-76
-34
0
42
51
2
40
54
64
82
114
148
179
211
199
180
193
211
228
245
235
187
214
201
189
185
157
148
159
157
128
134
112
89
42
10
18
-29
-31
-83
-107
-114
-103
-96
-133
-169
-190
-170
-166
-160
-183
-153
-134
-178
-157
-176
-149
-142
-122
-106
-120
-92
-73
-53
-53
-47
-60
-19
28
-14
-14
-29
-16
16
23
7
15
48
66
71
44
41
44
98
120
82
117
112
125
121
126
132
129
134
112
105
110
125
126
153
144
90
92
65
48
45
19
14
26
8
-14
-35
-69
-65
-72
-46
-45
-80
-65
-97
-119
-146
-137
-146
-152
-145
-116
-98
-101
-91
-105
-62
-43
-69
-39
-39
-40
-31
-33
-21
-27
-43
-29
2
9
10
1
41
52
23
38
33
44
56
74
74
98
92
99
124
129
140
123
136
155
132
169
173
151
137
147
156
144
114
89
104
102
105
82
92
84
18
23
13
2
-9
-18
-27
-31
-33
-50
-74
-95
-80
-73
-38
-44
-88
-61
-50
-58
-82
-109
-114
-90
-75
-86
-83
-68
-46
-36
-8
-9
-41
-4
17
53
51
49
52
58
72
73
45
33
57
76
104
118
88
109
103
117
114
109
119
133
149
146
155
136
123
91
125
146
114
134
128
134
121
93
70
55
47
48
66
49
47
31
36
39
-25
-23
-34
-23
-42
-40
-26
-28
-33
-53
-64
-66
-47
-58
-29
-25
-71
-47
-32
-13
-25
-29
-28
-26
-3
18
19
7
26
44
84
98
71
76
72
99
104
113
115
107
117
120
120
110
111
105
135
135
78
93
88
100
83
86
86
80
85
79
60
79
88
74
98
93
65
61
44
31
42
33
12
3
-9
-2
-12
-25
-34
-44
-19
-21
-60
-37
-44
-56
-58
-52
-52
-61
-52
-42
-21
-24
-24
-32
-23
-7
-32
2
-1
-1
2
18
30
20
6
-1
17
22
21
11
24
44
26
51
48
44
35
53
91
54
57
57
65
83
89
82
98
105
61
90
80
74
61
58
71
60
48
