98
85
80
87
90
80
65
76
36
7
13
1
3
20
51
66
82
74
75
71
65
64
35
66
39
6
27
31
45
33
46
48
44
47
51
51
44
59
60
84
66
46
83
68
64
67
78
75
68
52
34
57
53
50
48
105
94
65
94
85
94
80
99
76
77
87
65
42
32
43
33
50
31
22
50
54
55
46
56
62
68
52
40
27
12
12
21
54
63
50
70
48
61
73
66
42
25
31
20
4
6
29
39
92
82
72
82
67
77
47
23
3
4
-29
-41
-21
-9
10
18
65
65
53
68
33
25
26
19
-2
10
31
66
78
85
108
116
154
125
65
45
5
-8
-26
-24
-7
19
42
59
79
81
62
28
32
-12
-32
-2
-2
14
28
53
60
72
73
74
70
66
53
24
47
28
3
20
17
37
32
40
40
36
23
6
-1
-14
0
19
71
55
40
87
83
83
41
4
-13
-28
-37
-47
-16
12
56
69
112
99
59
34
-17
-19
-34
-44
-54
-42
4
54
76
86
81
72
83
24
-34
-48
-75
-67
-64
-45
-12
38
84
92
94
65
53
30
29
-12
-29
-14
-40
-5
26
43
38
34
17
11
4
-23
-44
-52
8
-1
-30
-6
30
55
55
46
0
-39
-63
-75
-98
-92
-54
-45
-14
-3
27
54
45
45
7
-15
-36
-74
-79
-68
-47
-47
-44
-51
-1
8
8
49
6
-19
-37
-40
-48
-28
-17
4
24
44
55
52
76
57
33
32
-4
-28
-23
22
55
52
33
38
48
39
34
5
31
2
-39
-32
-54
-23
-3
15
15
24
-3
-18
-17
-27
-45
-73
-53
-63
-69
-2
20
29
36
49
35
4
2
-7
-30
-54
-50
-58
-10
14
4
32
34
61
52
41
30
31
9
-26
-61
-77
-71
-84
-23
-27
-40
1
21
49
61
84
90
96
60
26
-8
-31
-38
-46
-11
-11
-10
45
60
74
60
37
14
-13
-36
-73
-88
-84
-63
-97
-73
-58
-52
-20
-53
-43
-38
-11
-38
-33
14
59
68
49
50
58
97
64
17
27
11
3
-23
-5
-3
5
19
40
50
23
20
-8
16
-11
-51
-35
-41
-29
-11
14
21
15
22
24
-6
-31
-51
-65
-22
-28
-39
13
55
87
81
79
54
34
11
-47
-60
-65
-62
-94
-23
1
-49
-37
-44
-22
-21
-23
-36
-5
52
63
56
63
71
67
86
56
17
20
-21
-41
-65
-86
-100
-76
-21
4
19
24
3
-43
-22
-65
-128
-82
-53
-6
18
39
48
88
106
89
83
64
30
-42
-58
-96
-96
-47
-31
-17
6
44
48
50
58
50
3
-58
-97
-125
-99
-75
-37
27
46
87
95
87
45
36
-3
-21
-29
-22
32
101
166
169
152
174
142
82
32
19
-28
-80
-115
-72
-9
32
59
65
134
143
78
41
-2
-28
-57
-77
-70
-35
18
38
47
31
13
0
6
-67
-105
-70
-88
-67
-49
-20
-3
49
81
69
62
51
39
-8
-14
-55
-61
-34
-45
-20
23
27
32
17
-19
-28
-37
-78
-116
-101
-53
-40
-20
36
67
98
65
23
32
45
-4
-111
-110
-50
-21
-31
36
89
69
47
-24
-9
10
60
62
49
80
150
138
62
54
70
88
-9
-115
-104
-86
-100
-116
-91
-53
-49
-50
-41
-41
2
33
-48
-38
14
17
9
10
42
35
35
-26
-66
-74
-91
-141
-182
-143
-84
14
34
25
80
77
52
22
24
8
-20
-11
-9
-17
5
51
42
71
50
-45
-92
-118
-101
-127
-132
-114
-85
-60
-49
-38
-25
-21
-51
-4
-44
-97
-40
-40
-54
-26
23
-11
-1
24
-5
-45
-82
-118
-128
-65
-95
-107
-28
2
17
39
59
50
79
16
-88
-72
-45
-65
-66
16
31
61
92
37
22
-5
-74
-150
-148
-182
-178
-95
-30
17
81
174
150
81
65
35
16
-35
-71
-46
5
13
10
40
65
92
41
-3
-74
-95
-119
-205
-169
-106
-22
39
73
82
103
98
27
-27
-78
-97
-101
-97
-63
-4
107
109
102
125
126
83
37
-22
-67
-69
-98
-103
-103
-67
-47
-48
-66
-82
-14
-13
-74
-49
26
2
-45
-2
-2
17
40
29
41
112
126
50
96
141
70
-32
-57
-94
-92
-90
-148
-65
28
7
13
19
10
-15
-31
-102
-99
17
65
48
93
184
162
158
99
55
53
-26
-54
-25
14
41
70
68
67
68
67
38
-1
17
-25
-113
-125
-106
-42
-27
12
45
54
64
92
53
-2
17
0
-57
-145
-101
-42
-44
-31
-19
8
-1
-32
-28
-21
-51
-81
-58
-70
-27
27
15
39
51
24
-102
-195
-238
-258
-243
-250
-261
-161
-64
-61
28
126
108
115
84
38
-31
-39
-42
-62
-72
-123
-126
-71
-30
-52
-2
-9
-48
-50
-74
-77
-81
-62
-36
26
40
37
124
136
25
-23
47
51
4
14
-31
2
36
23
15
53
59
35
9
-14
30
79
150
113
147
193
140
104
62
21
-80
-144
-150
-137
-105
-105
-72
-22
44
43
1
12
35
46
-23
-55
-46
-9
-12
-55
-34
-27
-41
-64
-25
5
-26
-64
-99
-99
-122
-123
-99
-102
-140
-117
-129
-176
-128
-94
-98
-169
-134
-27
-5
31
51
13
-47
-59
-29
-65
-151
-168
-174
-236
-245
-175
-96
-114
-184
-139
-127
-121
-93
-32
-33
-70
-23
44
61
58
133
107
27
60
102
90
93
124
112
95
127
159
159
111
63
60
67
-26
-23
120
112
169
338
437
483
512
461
362
320
276
202
152
169
155
149
168
170
249
269
245
245
247
202
185
172
86
52
65
76
40
28
85
85
84
60
55
32
-61
-126
-143
-220
-275
-248
-297
-348
-317
-302
-330
-288
-217
-279
-328
-336
-350
-366
-393
-397
-353
-362
-460
-392
-311
-343
-355
-252
-146
-247
-311
-314
-335
-398
-448
-453
-452
-385
-331
-291
-285
-280
-290
-382
-394
-351
-295
-223
-132
11
216
314
303
309
327
315
230
219
281
357
527
672
787
892
954
939
881
814
719
645
608
627
649
720
835
897
980
993
936
853
748
610
450
357
294
250
303
427
467
503
544
522
471
384
245
49
-14
-69
-141
-125
-53
-26
-61
0
-36
-195
-324
-515
-642
-719
-808
-843
-819
-784
-779
-790
-761
-837
-944
-1051
-1218
-1256
-1254
-1325
-1289
-1061
-816
-698
-564
-416
-319
-308
-437
-563
-769
-1008
-1346
-1593
-1670
-1762
-1821
-1890
-1841
-1701
-1612
-1421
-925
-304
105
399
885
1475
1813
1929
2141
2310
2209
1941
1840
1830
1719
1555
1431
1345
1324
1363
1448
1538
1609
1618
1441
1228
1108
1044
872
641
602
577
577
653
825
1026
1037
1088
1095
1099
1179
1144
1092
963
914
889
785
728
699
589
319
37
-136
-356
-671
-926
-1086
-1207
-1292
-1299
-1209
-1082
-1018
-1021
-1029
-1084
-1133
-1187
-1400
-1529
-1573
-1592
-1656
-1671
-1464
-1349
-1375
-1517
-1568
-1522
-1597
-1656
-1619
-1582
-1695
-1732
-1602
-1536
-1548
-1678
-1905
-2191
-2496
-2482
-1778
-794
-141
191
935
2020
2647
2909
3113
3289
2898
2036
1689
1657
1429
964
660
669
582
576
727
767
651
361
12
-207
-26
515
775
743
1064
1791
2310
2357
2618
2908
2564
1910
1524
1537
1339
978
802
733
778
885
1041
1086
1011
813
377
-114
-326
-350
-622
-958
-1017
-834
-725
-694
-431
-183
-251
-517
-631
-575
-601
-777
-986
-1177
-1275
-1268
-1348
-1484
-1518
-1614
-2020
-2445
-2521
-2456
-2635
-2960
-2929
-2665
-2461
-2281
-1946
-1488
-1443
-1640
-1706
-1751
-1781
-1940
-2133
-2177
-1654
-627
234
886
1681
2614
3165
3265
3379
3532
3169
2205
1473
1225
928
468
245
334
434
360
389
549
638
490
-5
-396
-513
-435
-366
-310
330
1323
2021
2386
2998
3858
4065
3664
3289
3065
2571
1752
1223
1031
833
565
463
618
809
826
617
246
-17
-266
-732
-1105
-1210
-1102
-1112
-1136
-714
-123
150
93
150
265
138
-201
-542
-764
-1017
-1286
-1585
-1706
-1617
-1666
-1888
-2233
-2414
-2606
-3019
-3457
-3726
-3806
-3843
-3793
-3479
-2960
-2522
-2267
-2014
-1752
-1690
-1799
-1946
-1881
-1411
-644
296
1175
1973
2780
3543
4162
4319
4165
3680
2850
2002
1296
739
70
-403
-577
-614
-579
-476
-210
-58
-150
-425
-688
-725
-757
-710
-610
-407
171
965
2051
3244
4079
4506
4645
4804
4775
4345
3727
2885
2022
1265
777
696
550
433
296
145
44
-70
-146
-441
-870
-1244
-1500
-1420
-1197
-819
-442
-195
146
525
836
907
745
375
-186
-763
-1137
-1414
-1719
-2041
-2314
-2485
-2595
-2705
-2880
-3176
-3663
-4068
-4378
-4569
-4631
-4601
-4353
-4114
-3795
-3449
-3138
-2896
-2724
-2191
-1173
249
1499
2368
3188
4164
5104
5538
5590
5316
4536
3456
2429
1803
1167
279
-412
-796
-1023
-1202
-1204
-1026
-1168
-1644
-2031
-2107
-2030
-2042
-2018
-1740
-1137
-283
669
1756
2895
4000
4950
5653
6139
6283
6140
5644
4943
4189
3363
2534
1735
1079
522
78
-328
-632
-866
-1157
-1415
-1614
-1670
-1718
-1724
-1540
-1247
-842
-447
-19
476
900
1178
1284
1258
1086
722
262
-177
-684
-1288
-1890
-2337
-2691
-3174
-3685
-4132
-4538
-4972
-5353
-5541
-5744
-6073
-6260
-6129
-5872
-5723
-5512
-4900
-3591
-1431
891
2699
3901
5055
6598
7736
8008
7583
6758
5770
4369
3247
2433
1563
793
-112
-729
-1239
-1495
-1503
-1950
-2741
-3740
-4420
-4576
-4613
-4548
-4460
-3911
-2798
-1471
266
2257
4086
5245
5849
6771
7904
8557
8346
7535
6755
5921
5085
4319
3314
2168
968
-115
-941
-1573
-1982
-2420
-3096
-3629
-3727
-3309
-2706
-2313
-1929
-1495
-819
104
882
1444
1782
1984
1974
1712
1499
1385
1064
298
-641
-1410
-1934
-2409
-3067
-3926
-4913
-5803
-6482
-7041
-7491
-7887
-8165
-8202
-7992
-7292
-6223
-4974
-3159
-775
1655
3450
4805
6564
8209
9127
8974
8342
7730
6711
5610
4510
3361
2188
945
70
-677
-1455
-2077
-2774
-3626
-4691
-5620
-6017
-6182
-6249
-6220
-5811
-4693
-3264
-1740
-27
1897
3803
5262
6352
7500
8713
9318
9194
8781
8380
7749
6708
5628
4360
2889
1423
39
-1027
-2089
-3006
-3692
-4275
-4562
-4535
-4105
-3550
-3109
-2568
-1831
-915
-26
664
1241
1741
2158
2314
2189
2078
1969
1543
631
-311
-1012
-1700
-2515
-3549
-4622
-5652
-6637
-7395
-8102
-8803
-9464
-9834
-9683
-8907
-7457
-5440
-3000
-443
1870
3789
5757
7816
9207
9506
9032
8455
7930
7132
6161
5112
4052
2995
1975
1152
360
-541
-1593
-2993
-4543
-5824
-6638
-7156
-7732
-8041
-7811
-6906
-5432
-3671
-1741
105
1918
3584
5056
6450
7540
8194
8348
8312
8354
8434
8320
7837
7015
5949
4773
3562
2240
629
-1174
-2809
-4130
-5039
-5453
-5451
-5133
-4701
-4076
-2992
-1657
-457
331
854
1389
1760
1990
2042
1953
1732
1291
859
438
117
-438
-1294
-2341
-3549
-4633
-5729
-6697
-7660
-8781
-9535
-9852
-9628
-8952
-8004
-6329
-3989
-1410
949
2774
4745
7003
8660
9261
8860
8526
8515
7931
6785
5425
4471
3860
2878
1714
728
26
-781
-2252
-3928
-5215
-6111
-6914
-7904
-8653
-8577
-7772
-6517
-5057
-3318
-1377
618
2528
4277
5730
6790
7546
7834
7922
7913
7790
7461
6853
6362
5825
5218
4458
3448
2364
1082
-239
-1526
-2731
-3655
-4375
-4737
-4862
-4525
-3643
-2663
-1667
-752
213
1195
1849
2206
2317
2331
2247
1878
1442
989
590
92
-587
-1323
-2132
-2977
-4111
-5387
-6705
-8004
-9012
-9882
-10374
-10523
-10178
-9002
-7418
-4930
-1879
943
3173
4894
7125
9232
10044
9803
9055
8694
8126
6846
5712
4711
4048
3094
1829
1025
370
-256
-1642
-3529
-5064
-6271
-7150
-8242
-9095
-9310
-8984
-7914
-6433
-4428
-2290
-226
1819
3617
5301
6664
7618
8084
8019
8015
8006
7747
7275
6647
6180
5556
4801
3941
2810
1657
238
-1167
-2415
-3510
-4166
-4708
-5027
-4921
-4302
-3237
-2287
-1374
-352
668
1479
1908
2194
2314
2208
1852
1369
942
561
72
-599
-1338
-2084
-2902
-3793
-5045
-6522
-7836
-9064
-9895
-10435
-10623
-10207
-9309
-7389
-4640
-1796
742
2764
5069
7509
9047
9553
9274
9041
8757
7671
6435
5493
4867
4187
2931
1950
1482
1034
50
-1640
-3224
-4519
-5725
-7087
-8380
-9153
-9372
-9040
-8195
-6689
-4776
-2720
-519
1455
3390
5160
6575
7575
7851
7887
8032
8173
8013
7403
6883
6564
6015
5266
4469
3525
2290
770
-729
-1984
-3019
-3936
-4758
-5338
-5239
-4512
-3622
-2723
-1865
-777
296
1022
1545
1850
1978
1700
1227
835
485
30
-687
-1425
-2172
-2823
-3467
-4252
-5250
-6360
-7263
-7988
-8489
-8702
-8476
-7826
-6764
-4879
-2537
-226
1755
3603
5691
7365
8291
8472
8302
8168
7477
6339
5315
4457
3796
2790
1759
1109
609
62
-1060
-2298
-3323
-4336
-5382
-6504
-7269
-7697
-7762
-7338
-6431
-5041
-3469
-1660
226
2043
3711
5103
6333
7064
7377
7601
7721
7635
7194
6602
6181
5887
5392
4559
3628
2713
1706
502
-693
-1714
-2675
-3473
-4107
-4313
-3991
-3534
-2921
-2295
-1509
-529
233
830
1099
1165
1176
906
506
-8
-548
-1185
-1956
-2656
-3295
-3917
-4726
-5672
-6499
-7180
-7546
-7735
-7669
-7159
-6373
-4883
-2903
-921
985
2501
4349
6161
7172
7657
7656
7814
7540
6561
5694
4911
4314
3313
2069
1294
787
204
-861
-2038
-2925
-3702
-4537
-5498
-6238
-6686
-6880
-6721
-6280
-5228
-3901
-2540
-974
568
2279
3848
5139
6203
6782
7351
7699
7635
7473
7203
6934
6339
5455
4716
4044
3146
2040
872
-210
-1152
-2027
-2723
-3353
-3736
-3747
-3600
-3241
-2674
-1988
-1322
-826
-436
41
365
369
66
-348
-683
-1313
-2069
-2625
-3273
-3996
-4930
-5847
-6393
-6815
-6967
-7040
-6964
-6304
-5256
-3623
-1726
-118
1328
2624
4299
5865
6535
6663
6587
6778
6517
5775
5174
4727
4289
3203
2169
1620
1221
473
-1034
-2311
-3187
-3962
-4831
-5818
-6316
-6492
-6453
-6048
-5279
-4041
-2783
-1684
-441
974
2470
3692
4638
5400
5992
6592
6946
7126
7115
7006
6733
6061
5418
4728
3927
2908
1619
533
-444
-1276
-2072
-2809
-3212
-3386
-3227
-2938
-2550
-2014
-1506
-1030
-654
-256
8
-55
-355
-783
-1131
-1589
-2310
-3091
-3793
-4393
-5115
-5884
-6515
-6920
-7019
-6855
-6348
-5567
-4401
-2701
-902
818
2207
3597
5196
6326
6761
6688
6753
6878
6438
5608
4868
4534
4074
3151
2187
1616
1150
180
-1169
-2347
-3199
-4039
-5060
-6037
-6531
-6629
-6452
-5959
-5086
-3832
-2503
-1079
414
1899
3334
4496
5409
6128
6664
6958
7038
7027
6914
6670
6188
5560
4837
4085
3273
2257
1128
-20
-1032
-1900
-2654
-3263
-3633
-3727
-3568
-3203
-2635
-1911
-1243
-670
-246
107
272
139
-239
-794
-1403
-2187
-3145
-4032
-4717
-5472
-6329
-7094
-7552
-7349
-7087
-6589
-5612
-4403
-2594
-877
779
2362
3694
5187
6095
6495
6713
6850
6954
6465
5753
5216
4869
4377
3415
2570
1902
1170
91
-1269
-2357
-3444
-4492
-5513
-6462
-6816
-6922
-6707
-6212
-5386
-4049
-2644
-1152
336
1880
3431
4672
5801
6700
7284
7590
7736
7815
7598
7116
6521
5777
4968
4106
3121
2028
770
-444
-1486
-2412
-3208
-3938
-4381
-4536
-4408
-4009
-3404
-2701
-2065
-1357
-741
-298
-47
-109
-351
-893
-1597
-2338
-3179
-4109
-4997
-5893
-6684
-7006
-6847
-6250
-5751
-5073
-3536
-1636
89
1224
2220
3687
4913
5335
5272
5401
5810
5769
5162
4817
5006
5107
4609
3809
3330
3075
2281
833
-579
-1809
-2997
-4361
-5619
-6367
-6872
-7026
-6816
-6212
-5140
-3898
-2512
-1121
274
1686
3107
4273
5096
5749
6393
7089
7420
7509
7508
7370
7122
6457
5645
4811
3654
2303
876
-432
-1566
-2684
-3716
-4456
-4763
-4743
-4560
-4269
-3742
-3037
-2394
-1797
-1323
-1031
-807
-901
-1192
-1504
-1983
-2567
-3157
-3805
-4479
-5291
-5935
-5855
-5673
-5449
-5069
-4378
-2734
-1171
-30
942
1996
3540
4462
4634
4676
5013
5372
4955
4427
4367
4705
4535
3731
3375
3336
3137
2224
945
89
-903
-2101
-3322
-4433
-5224
-5941
-6320
-6227
-5813
-4988
-4038
-2972
-1756
-321
1189
2528
3778
4653
5401
6090
6683
7248
7318
7239
7092
6846
6555
5923
5189
4227
2935
1688
563
-533
-1760
-3011
-4040
-4647
-4933
-5022
-4858
-4644
-4337
-3733
-3133
-2562
-2226
-2142
-2121
-2378
-2690
-3041
-3573
-4196
-4760
-5259
-5553
-5370
-4833
-4019
-3297
-2343
-638
1072
2330
2904
3545
4602
4985
4558
3989
3880
3823
3158
2420
2368
2805
2779
2324
2173
2498
2578
1841
868
173
-587
-1635
-2799
-3695
-4206
-4718
-4964
-4710
-3989
-3065
-2179
-1156
-11
1186
2268
3168
3829
4198
4528
4842
5206
5308
5197
5204
5201
5206
5043
4682
4143
3356
2503
1562
647
-303
-1352
-2330
-3091
-3447
-3577
-3656
-3675
-3622
-3309
-3010
-2942
-2927
-3022
-3259
-3789
-4315
-4675
-5159
-5758
-6352
-6611
-6572
-6256
-5449
-4441
-3183
-1728
89
2094
3437
4320
5253
6233
6541
5902
5197
4889
4473
3393
2282
1989
2031
1623
933
692
972
902
168
-666
-1181
-1634
-2497
-3437
-4026
-4217
-4336
-4311
-3746
-2750
-1646
-620
488
1777
2941
3939
4635
5030
5188
5206
5281
5181
4739
4338
4110
3796
3424
3005
2604
2081
1255
494
-122
-741
-1479
-2247
-2771
-2949
-2946
-2891
-2684
-2464
-2132
-1735
-1632
-1628
-1755
-1977
-2474
-3351
-4079
-4618
-5372
-6303
-7099
-7510
-7322
-6902
-6223
-5104
-3732
-1815
269
1977
3306
4520
5819
6568
6396
5901
5707
5528
4720
3564
2954
2956
2715
1918
1374
1351
1239
519
-615
-1376
-1979
-2856
-3942
-4829
-5071
-5104
-5044
-4586
-3574
-2139
-833
520
1998
3535
4942
5824
6357
6640
6796
6865
6555
5829
5108
4625
4078
3432
2741
2074
1390
479
-396
-1132
-1865
-2655
-3588
-4259
-4430
-4397
-4274
-4082
-3680
-3002
-2270
-1773
-1473
-1163
-1076
-1337
-2032
-2677
-3088
-3963
-5013
-5944
-6507
-6483
-6317
-5794
-4736
-3414
-1759
137
1818
3115
4245
5275
5868
5761
5267
4956
4696
3901
2953
2516
2529
2456
1931
1595
1635
1570
982
-17
-860
-1614
-2587
-3832
-4876
-5284
-5438
-5433
-5048
-3943
-2382
-942
603
2293
4077
5692
6611
7217
7675
7855
7844
7343
6572
5975
5417
4747
3950
3108
2359
1544
419
-675
-1576
-2542
-3518
-4570
-5303
-5465
-5484
-5408
-5178
-4632
-3827
-3067
-2598
-2233
-1878
-1763
-1991
-2495
-2862
-3245
-3925
-4740
-5343
-5422
-5231
-4820
-4242
-3216
-1635
-44
1519
2711
3608
4738
5469
5401
4903
4380
4170
3685
2704
2008
1974
2047
1751
1472
1441
1665
1424
500
-261
-984
-1832
-2888
-4150
-4955
-5319
-5459
-5305
-4699
-3503
-2042
-556
1006
2772
4669
6118
6912
7410
7975
8392
8174
7499
6802
6239
5693
4918
4133
3321
2473
1524
480
-513
-1519
-2550
-3784
-4894
-5492
-5745
-5837
-5962
-5790
-5137
-4315
-3687
-3254
-2818
-2554
-2463
-2790
-3184
-3304
-3814
-4507
-5146
-5401
-5073
-4672
-4087
-3184
-1795
-11
1637
2973
3992
4997
5832
5929
5465
4798
4301
3681
2587
1660
1274
1273
1094
786
848
1118
1311
892
198
-315
-970
-1845
-2986
-3935
-4519
-4887
-4997
-4767
-3914
-2693
-1370
88
1710
3575
5230
6261
6907
7595
8239
8283
7781
7244
6871
6372
5533
4780
4086
3312
2420
1362
420
-468
-1448
-2599
-3759
-4492
-4971
-5332
-5719
-5870
-5583
-5185
-4862
-4639
-4324
-4072
-4049
-4268
-4664
-4747
-4927
-5329
-5746
-5980
-5354
-4440
-3617
-2435
-761
1369
3262
4458
5459
6774
7601
7215
6341
5566
4963
3950
2176
973
531
73
-472
-921
-788
-504
-588
-941
-1275
-1484
-1987
-2700
-3568
-4208
-4420
-4494
-4305
-3803
-2794
-1328
231
1830
3553
5367
6830
7566
8017
8517
8640
8058
7050
6159
5505
4744
3734
2855
2233
1633
1048
318
-362
-870
-1615
-2549
-3361
-3818
-4032
-4314
-4688
-4661
-4156
-3750
-3538
-3471
-3324
-3129
-3437
-4081
-4560
-5001
-5658
-6410
-7059
-7094
-6591
-5882
-4780
-3323
-1286
1033
3018
4536
5939
7415
8179
7930
7206
6597
6011
4717
3151
2074
1432
832
49
-515
-624
-623
-1056
-1814
-2388
-2859
-3560
-4520
-5440
-5942
-6107
-5950
-5463
-4586
-3133
-1406
419
2383
4522
6551
7942
8819
9583
10208
10089
9346
8456
7573
6593
5394
4178
3005
1884
849
-168
-1124
-2011
-2795
-3678
-4508
-5010
-5256
-5347
-5436
-5346
-4918
-4252
-3710
-3367
-3015
-2713
-2622
-2926
-3286
-3605
-4079
-4766
-5506
-5826
-5667
-5135
-4393
-3437
-2033
-117
1850
3313
4437
5758
6868
7018
6540
6102
5816
4996
3643
2577
2079
1748
1029
372
154
148
-96
-814
-1475
-2060
-2871
-3936
-5012
-5786
-6275
-6530
-6454
-5870
-4814
-3329
-1525
346
2335
4576
6437
7618
8557
9306
9861
9581
8756
8127
7435
6666
5629
4545
3557
2655
1759
572
-415
-1377
-2431
-3582
-4643
-5159
-5503
-5852
-6120
-5939
-5362
-4822
-4313
-4034
-3681
-3310
-3371
-3629
-3939
-4136
-4567
-5218
-5648
-5764
-5263
-4501
-3664
-2451
-850
1260
3124
4237
5338
6712
7483
7156
6475
6023
5648
4626
3048
2238
1971
1494
864
318
322
474
-31
-906
-1476
-2032
-2989
-4191
-5374
-6115
-6488
-6669
-6519
-5888
-4801
-3152
-1220
730
2776
4689
6373
7726
8790
9459
9649
9425
8806
8083
7198
6282
5192
3906
2837
1897
1017
-33
-1097
-1958
-2819
-3670
-4432
-4902
-5159
-5372
-5564
-5446
-4906
-4491
-4330
-4188
-3946
-3746
-3906
-4261
-4519
-4816
-5175
-5658
-5897
-5499
-4800
-3885
-2809
-1276
740
2634
4028
5168
6520
7408
7401
6913
6391
5965
5053
3737
2748
2207
1782
1201
782
730
762
475
-126
-603
-1187
-2134
-3183
-4270
-5169
-5829
-6285
-6279
-5832
-5080
-3812
-2058
-98
1922
3754
5322
6854
8162
8894
9054
8901
8595
7959
7033
6178
5269
4124
2966
2067
1274
356
-693
-1730
-2640
-3420
-4177
-4868
-5272
-5528
-5705
-5615
-5241
-4717
-4445
-4272
-3985
-3790
-3911
-4168
-4413
-4766
-5170
-5579
-5768
-5612
-5027
-4036
-3052
-1720
245
2156
3550
4647
5857
6900
7026
6534
6024
5589
4845
3616
2543
1995
1681
1116
567
578
708
536
-30
-481
-807
-1516
-2487
-3427
-4166
-4863
-5294
-5321
-5103
-4476
-3489
-2144
-570
1239
3231
4928
6061
7085
8203
8887
8932
8390
7760
7154
6265
5281
4261
3108
1959
965
15
-836
-1626
-2599
-3528
-4226
-4642
-4874
-5140
-5348
-5360
-5117
-4672
-4263
-4124
-4113
-3957
-3985
-4311
-4609
-4852
-5237
-5657
-6104
-6041
-5355
-4545
-3608
-2404
-666
1434
3118
4168
5358
6719
7217
6830
6342
6072
5592
4371
3008
2389
2084
1491
720
273
366
341
-287
-1003
-1293
-1751
-2759
-3716
-4504
-5029
-5380
-5604
-5354
-4704
-3702
-2337
-550
1358
3139
4779
6168
7696
8880
9285
9350
9139
8682
7963
7091
6130
4979
3666
2473
1582
543
-625
-1678
-2792
-3634
-4294
-5057
-5581
-5847
-6051
-6101
-5780
-5217
-4827
-4659
-4492
-4019
-3801
-3998
-4177
-4368
-4630
-4963
-5351
-5475
-5157
-4539
-3764
-2667
-1110
836
2517
3728
4972
6354
7205
7182
6751
6222
5735
4926
3627
2636
2033
1529
849
360
352
447
125
-487
-866
-1249
-1929
-2890
-3927
-4735
-5380
-5715
-5751
-5444
-4773
-3662
-2177
-252
1908
3795
5379
6797
8231
9268
9542
9466
9149
8438
7590
6815
5843
4733
3601
2547
1717
876
-87
-1072
-2104
-3090
-3876
-4617
-5245
-5614
-6053
-6301
-6008
-5567
-5348
-5190
-4992
-4683
-4568
-4718
-4821
-4983
-5276
-5549
-5839
-5915
-5308
-4373
-3681
-2509
-622
1428
3174
4377
5645
7122
7867
7594
7089
6677
6107
5056
3508
2526
2183
1443
499
158
145
95
-335
-991
-1294
-1717
-2626
-3576
-4463
-5244
-5717
-5942
-5937
-5345
-4495
-3332
-1630
371
2361
4217
5753
6982
8196
8991
9103
8929
8508
7864
7122
6244
5329
4400
3301
2296
1567
664
-301
-1183
-2175
-3048
-3752
-4341
-4775
-5048
-5364
-5410
-5015
-4647
-4516
-4459
-4370
-4138
-4266
-4823
-5099
-5244
-5674
-6274
-6672
-6511
-5971
-5175
-4400
-3130
-1112
879
2600
3945
5346
6868
7583
7474
7159
6950
6439
5430
4240
3296
2845
2231
1319
881
723
547
83
-714
-1325
-1844
-2760
-3873
-4839
-5610
-6142
-6256
-6224
-5723
-4720
-3432
-1752
295
2505
4543
6215
7581
8827
9805
9997
9739
9155
8214
7243
6230
5003
3709
2530
1462
580
-251
-1093
-1788
-2658
-3465
-4032
-4458
-4828
-5149
-5488
-5612
-5273
-4876
-4751
-4686
-4396
-4171
-4211
-4368
-4454
-4587
-4904
-5285
-5603
-5414
-4944
-4291
-3564
-2450
-683
1172
2560
3711
5146
6494
6973
6869
6603
6449
6007
4827
3672
3056
2523
1747
896
495
529
307
-416
-955
-1217
-1733
-2631
-3583
-4405
-4926
-5417
-5733
-5521
-4923
-4091
-2869
-1251
665
2668
4705
6443
7867
8963
9655
10067
9936
9136
8126
7149
5926
4634
3393
2208
1162
212
-744
-1362
-1867
-2623
-3319
-3970
-4352
-4536
-4905
-5356
-5343
-5147
-5094
-4855
-4699
-4569
-4354
-4478
-4644
-4591
-4639
-4899
-5223
-5475
-5244
-4635
-4051
-3183
-1751
-202
1403
2974
4226
5573
6763
7022
6876
6699
6351
5682
4543
3330
2610
2016
1115
551
134
-193
-274
-742
-1305
-1531
-1974
-2807
-3602
-4226
-4707
-4968
-5130
-4939
-4220
-3255
-1990
-288
1713
3593
5304
6660
7971
9187
9514
9247
8928
8186
7156
6113
4883
3650
2481
1445
635
-32
-725
-1310
-1853
-2526
-2868
-3211
-3713
-4077
-4329
-4605
-4563
-4285
-4336
-4422
-4327
-4199
-4159
-4392
-4692
-4873
-5182
-5569
-5914
-6081
-6027
-5573
-4884
-4010
-2474
-694
978
2557
3966
5461
6819
7316
7201
7009
6746
6130
5091
3896
3049
2451
1467
687
361
16
-361
-993
-1661
-2043
-2517
-3442
-4374
-5008
-5523
-5706
-5699
-5354
-4535
-3470
-2068
-182
2019
3980
5673
7079
8337
9515
9906
9632
9219
8343
7222
6240
5029
3663
2444
1330
412
-257
-988
-1692
-2354
-3059
-3435
-3722
-4104
-4361
-4538
-4631
-4395
-3989
-3867
-3806
-3670
-3538
-3508
-3695
-3923
-4265
-4705
-5035
-5356
-5621
-5624
-5230
-4598
-3833
-2520
-886
760
2147
3363
4714
5973
6579
6457
6160
6033
5622
4685
3706
3006
2468
1773
1070
752
601
282
-359
-988
-1417
-1900
-2745
-3758
-4464
-4969
-5244
-5311
-5035
-4363
-3434
-2113
-458
1465
3417
5131
6537
7764
8782
9342
9312
8807
8056
7071
6006
4921
3706
2462
1418
598
-118
-721
-1323
-1945
-2545
-3008
-3352
-3657
-3957
-4297
-4489
-4387
-4184
-4025
-3985
-3937
-3764
-3702
-3773
-4002
-4207
-4428
-4671
-5089
-5351
-5189
-4679
-4067
-3379
-2185
-496
1242
2531
3628
4945
6194
6622
6425
6142
5929
5440
4283
3128
2503
2014
1245
490
110
63
-59
-615
-1182
-1455
-1814
-2527
-3357
-3976
-4383
-4583
-4669
-4450
-3744
-2761
-1411
220
1907
3576
5124
6470
7596
8355
8623
8584
8092
7257
6407
5464
4297
3109
2046
1164
448
-257
-941
-1502
-2005
-2459
-2890
-3295
-3588
-3818
-4047
-4142
-3934
-3731
-3669
-3665
-3551
-3412
-3405
-3664
-4073
-4314
-4573
-4846
-5322
-5696
-5496
-5020
-4397
-3588
-2273
-614
1078
2428
3598
5032
6327
6680
6410
6212
6055
5503
4324
3133
2481
1952
1187
466
70
-27
-178
-761
-1313
-1500
-1867
-2610
-3464
-4049
-4312
-4472
-4578
-4338
-3629
-2597
-1315
151
1902
3681
5151
6227
7297
8302
8616
8271
7759
7047
6232
5254
4065
2832
1805
981
217
-511
-1138
-1579
-2088
-2625
-2976
-3180
-3427
-3747
-3963
-3999
-3722
-3441
-3451
-3470
-3330
-3151
-3145
-3457
-3809
-4043
-4405
-4769
-5105
-5516
-5546
-5231
-4671
-4025
-2964
-1387
310
1709
2819
4159
5613
6510
6418
6025
5979
5745
4864
3595
2686
2206
1548
650
72
-68
-175
-663
-1305
-1582
-1709
-2225
-3070
-3730
-3968
-4045
-4119
-4038
-3487
-2533
-1419
-145
1421
3154
4648
5784
6687
7642
8343
8274
7729
7024
6281
5438
4348
3053
1868
970
225
-541
-1211
-1624
-2052
-2588
-2966
-3116
-3203
-3457
-3757
-3883
-3674
-3324
-3171
-3237
-3156
-2918
-2760
-2885
-3178
-3525
-3813
-4252
-4602
-5063
-5396
-5375
-5173
-4699
-3935
-2589
-1029
512
1773
3065
4507
5808
6331
6097
5842
5778
5332
4219
3075
2321
1773
986
273
-95
-205
-387
-946
-1427
-1520
-1656
-2319
-3122
-3553
-3644
-3704
-3740
-3484
-2757
-1777
-537
975
2538
4009
5272
6483
7496
8211
8354
8031
7391
6570
5693
4653
3350
2087
1055
333
-308
-1045
-1586
-1945
-2328
-2691
-2949
-3197
-3432
-3678
-3909
-3854
-3559
-3365
-3363
-3355
-3044
-2748
-2748
-2994
-3314
-3545
-3786
-4052
-4511
-4956
-5059
-4873
-4469
-3868
-2889
-1600
-57
1358
2500
3745
5057
5947
5965
5649
5530
5313
4474
3210
2175
1596
1023
224
-406
-709
-748
-974
-1460
-1676
-1644
-1889
-2523
-3001
-3105
-3029
-3015
-2954
-2504
-1605
-532
600
1919
3361
4697
5693
6584
7441
7929
7736
7219
6574
5824
5005
3930
2608
1528
763
97
-618
-1314
-1768
-2093
-2463
-2836
-2990
-3169
-3375
-3533
-3620
-3372
-2989
-2813
-2933
-2844
-2489
-2345
-2488
-2972
-3255
-3535
-3866
-4326
-4785
-5165
-5174
-5046
-4630
-3832
-2812
-1487
30
1481
2690
3972
5191
6006
5976
5662
5494
5179
4227
3013
1964
1375
789
1
-604
-876
-931
-1242
-1618
-1811
-1840
-2112
-2726
-3105
-3088
-3010
-2959
-2758
-2261
-1308
-82
1180
2450
3635
4829
6162
7206
7737
7906
7777
7425
6701
5707
4731
3550
2125
1062
270
-466
-1179
-1773
-2291
-2452
-2516
-2774
-3051
-3204
-3217
-3202
-3201
-3075
-2774
-2672
-2672
-2414
-2174
-2144
-2256
-2663
-3069
-3241
-3580
-4065
-4613
-5081
-5156
-5004
-4633
-4053
-3221
-2090
-521
1020
2159
3312
4576
5453
5715
5538
5360
5075
4385
3191
2137
1596
1002
215
-638
-998
-985
-1173
-1639
-1945
-2029
-2145
-2489
-2873
-2993
-2864
-2754
-2647
-2230
-1365
-309
737
1803
3055
4514
5922
6714
7117
7485
7784
7631
6844
5788
4941
4039
2751
1547
595
-263
-983
-1645
-2221
-2411
-2546
-2903
-3287
-3191
-3034
-2950
-3097
-3101
-2531
-2094
-1944
-1845
-1693
-1608
-1588
-1943
-2417
-2688
-3057
-3730
-4317
-4775
-4939
-4963
-4973
-4589
-3787
-2718
-1397
69
1245
2375
3717
4765
5324
5428
5122
4919
4569
3669
2711
1952
1361
707
60
-424
-506
-609
-1071
-1339
-1427
-1498
-1773
-2323
-2693
-2684
-2577
-2625
-2422
-1925
-1064
39
1122
2208
3438
4562
5587
6574
7046
7270
7194
6828
6198
5409
4441
3379
2193
1063
336
-352
-1167
-1786
-2154
-2344
-2509
-2763
-2919
-2926
-2808
-2796
-2656
-2418
-2045
-1765
-1701
-1460
-1122
-1110
-1412
-1747
-2034
-2435
-2869
-3577
-4127
-4533
-4971
-5105
-5024
-4517
-3968
-3066
-1847
-231
1085
2062
3204
4303
4992
5035
4817
4601
4238
3417
2482
1746
1350
745
152
-293
-349
-258
-565
-884
-995
-1057
-1298
-1705
-2097
-2289
-2310
-2348
-2273
-1875
-1164
-222
861
2015
3219
4332
5328
6103
6585
6695
6561
6150
5391
4496
3596
2646
1528
596
-60
-544
-1122
-1650
-1899
-2016
-2129
-2342
-2552
-2609
-2550
-2525
-2504
-2278
-1811
-1545
-1412
-1217
-958
-891
-1137
-1493
-1858
-2238
-2699
-3363
-3974
-4441
-4788
-4947
-4917
-4483
-3959
-3134
-1944
-486
851
1724
2770
3858
4551
4638
4379
4196
3939
3280
2386
1681
1332
962
416
-5
-28
132
-24
-368
-502
-562
-755
-1201
-1717
-2012
-2074
-2106
-2178
-1917
-1292
-513
472
1393
2465
3607
4566
5345
5780
6022
6052
5796
5101
4270
3571
2725
1713
777
54
-371
-828
-1366
-1646
-1730
-1761
-1958
-2159
-2223
-2020
-1967
-2093
-1889
-1516
-1234
-1118
-1102
-939
-775
-995
-1429
-1808
-2108
-2566
-3212
-3887
-4336
-4651
-4928
-5011
-4716
-4205
-3487
-2365
-1091
212
1242
2237
3326
4153
4362
4207
4121
3936
3497
2693
1968
1643
1293
816
487
402
432
358
86
-105
-152
-358
-868
-1356
-1631
-1817
-1984
-2118
-2038
-1564
-845
-51
756
1571
2617
3593
4288
4798
5148
5366
5242
4865
4233
3618
2914
2086
1230
495
-23
-457
-989
-1370
-1481
-1477
-1623
-1853
-1791
-1716
-1617
-1645
-1628
-1378
-1122
-1004
-1042
-931
-890
-1020
-1457
-1821
-2149
-2584
-3139
-3810
-4241
-4613
-4869
-5122
-4999
-4564
-3959
-3149
-2042
-686
545
1481
2495
3484
4190
4311
4178
4213
3946
3513
2809
2280
1923
1598
1244
909
734
681
540
258
74
-170
-485
-923
-1368
-1694
-1907
-1979
-2075
-1909
-1426
-753
-63
659
1522
2468
3311
3905
4337
4650
4775
4661
4265
3685
3221
2685
1923
1172
631
249
-115
-603
-872
-995
-1094
-1223
-1418
-1439
-1389
-1346
-1475
-1468
-1226
-1057
-1065
-1127
-1130
-1125
-1270
-1716
-2121
-2418
-2829
-3329
-3959
-4334
-4642
-4913
-5086
-4971
-4490
-4015
-3227
-2184
-878
329
1235
2266
3269
4016
4283
4228
4250
4133
3777
3185
2585
2279
1974
1624
1299
1031
908
801
493
162
-97
-361
-804
-1345
-1734
-1932
-1953
-2078
-2112
-1791
-1096
-450
109
715
1670
2616
3249
3642
3952
4299
4282
4030
3539
3159
2773
2177
1552
1031
691
438
20
-278
-434
-455
-603
-926
-1086
-1155
-1153
-1385
-1589
-1592
-1404
-1395
-1534
-1594
-1587
-1658
-1954
-2350
-2686
-2962
-3405
-3930
-4336
-4650
-4816
-4936
-4880
-4510
-3991
-3251
-2321
-1131
3
1011
1989
2906
3686
4079
4098
4138
4098
3828
3429
2857
2427
2208
1954
1628
1295
1092
956
790
443
60
-178
-532
-1001
-1454
-1708
-1841
-1961
-2103
-1939
-1430
-914
-432
73
836
1615
2307
2693
3124
3591
3772
3780
3524
3321
3202
2832
2286
1853
1581
1273
887
459
103
-13
-275
-661
-970
-1100
-1188
-1405
-1639
-1701
-1545
-1554
-1697
-1815
-1824
-1874
-2091
-2587
-2895
-3061
-3415
-3824
-4295
-4491
-4594
-4643
-4672
-4398
-3831
-3224
-2459
-1544
-489
602
1419
2183
2947
3535
3753
3737
3786
3686
3535
3135
2706
2471
2338
2122
1766
1383
1224
1160
802
389
23
-289
-608
-1108
-1511
-1674
-1719
-1871
-2027
-1754
-1312
-859
-554
-168
548
1221
1748
2140
2590
3098
3510
3665
3533
3440
3434
3148
2744
2302
1970
1530
867
439
130
-162
-525
-969
-1215
-1261
-1295
-1499
-1694
-1716
-1644
-1672
-1822
-1979
-2062
-2115
-2424
-2720
-3023
-3195
-3495
-3824
-4108
-4156
-4166
-4274
-4164
-3891
-3279
-2788
-2172
-1379
-452
334
1064
1743
2383
2860
3143
3263
3389
3446
3290
3069
2755
2646
2532
2371
1929
1576
1450
1333
1010
478
158
-35
-332
-855
-1280
-1475
-1600
-1810
-1989
-1834
-1499
-1242
-949
-518
162
840
1308
1793
2379
2981
3422
3540
3631
3637
3606
3378
2872
2474
2120
1691
1087
546
294
20
-342
-729
-962
-1001
-1155
-1343
-1558
-1549
-1523
-1636
-1820
-1974
-1999
-2069
-2281
-2544
-2717
-2837
-2993
-3282
-3506
-3549
-3562
-3615
-3700
-3501
-3083
-2747
-2341
-1736
-905
-185
427
1068
1747
2276
2586
2816
3027
3221
3189
2975
2776
2718
2708
2549
2217
1918
1841
1769
1467
1014
671
482
155
-355
-861
-1127
-1285
-1648
-1933
-1925
-1662
-1508
-1353
-984
-275
442
902
1423
2004
2711
3116
3239
3258
3231
3287
3072
2608
2170
1892
1678
1249
792
583
463
217
-111
-367
-493
-661
-993
-1307
-1463
-1494
-1637
-1894
-2042
-2063
-2041
-2228
-2454
-2610
-2654
-2731
-3049
-3335
-3473
-3464
-3493
-3632
-3531
-3198
-2870
-2497
-2011
-1279
-565
60
728
1287
1764
2177
2473
2730
2849
2900
2849
2732
2670
2660
2631
2411
2157
2050
2051
1824
1378
985
769
467
-113
-635
-961
-1178
-1484
-1804
-1836
-1679
-1542
-1413
-1071
-522
-41
463
923
1489
2061
2419
2593
2608
2612
2713
2625
2316
1992
1842
1816
1514
1219
1044
940
768
428
128
-108
-339
-674
-1014
-1227
-1307
-1442
-1648
-1741
-1771
-1812
-1953
-2220
-2436
-2557
-2700
-3055
-3409
-3546
-3587
-3659
-3820
-3707
-3359
-2958
-2619
-2198
-1511
-872
-285
270
817
1306
1660
1941
2255
2464
2583
2619
2598
2668
2720
2741
2625
2385
2263
2218
2007
1533
1052
794
531
59
-471
-840
-978
-1157
-1425
-1584
-1509
-1326
-1225
-1043
-673
-168
271
583
944
1319
1662
1797
1826
1960
2060
2058
1876
1754
1823
1873
1740
1490
1349
1275
1100
757
393
93
-172
-425
-755
-1000
-1069
-1105
-1170
-1274
-1368
-1442
-1601
-1864
-2145
-2342
-2551
-2872
-3271
-3456
-3519
-3593
-3718
-3724
-3411
-3067
-2795
-2567
-2048
-1430
-855
-392
55
530
971
1379
1748
2069
2300
2461
2596
2722
2858
2937
2885
2723
2567
2493
2332
1974
1460
1157
944
575
73
-406
-586
-723
-914
-1202
-1244
-1149
-1046
-992
-910
-582
-279
87
298
650
1040
1276
1410
1548
1795
1983
1979
1889
1896
1951
1950
1791
1544
1354
1210
945
619
221
-11
-178
-343
-578
-730
-704
-709
-790
-988
-1083
-1206
-1398
-1787
-2086
-2260
-2535
-2879
-3195
-3281
-3324
-3422
-3517
-3424
-3153
-2938
-2812
-2598
-2164
-1635
-1217
-807
-416
38
519
1010
1451
1774
2059
2310
2549
2699
2802
2835
2793
2650
2512
2476
2257
1905
1539
1347
1183
803
294
-70
-214
-391
-724
-982
-1041
-996
-938
-904
-820
-582
-187
66
278
544
859
1038
1076
1276
1569
1615
1522
1453
1556
1663
1453
1201
1042
986
831
564
306
163
138
101
-42
-221
-245
-265
-329
-554
-807
-959
-1136
-1452
-1806
-2032
-2231
-2481
-2818
-2970
-3017
-3105
-3259
-3352
-3210
-3018
-2974
-2935
-2666
-2187
-1741
-1368
-1000
-539
17
551
1025
1355
1675
1947
2161
2326
2405
2497
2535
2475
2393
2409
2327
2116
1832
1656
1574
1296
895
480
298
203
-71
-348
-548
-451
-369
-415
-485
-307
76
271
361
437
709
835
832
910
1009
1006
908
849
915
952
858
741
678
683
664
610
560
513
530
609
542
405
276
285
273
21
-296
-531
-649
-886
-1251
-1578
-1747
-1968
-2322
-2601
-2817
-2957
-3149
-3323
-3327
-3247
-3223
-3226
-3026
-2640
-2134
-1672
-1259
-848
-379
198
634
939
1111
1325
1548
1684
1696
1725
1833
1900
1884
1867
1946
1918
1760
1632
1562
1493
1231
888
705
686
561
319
141
178
389
400
331
294
509
707
675
683
682
694
571
465
492
449
300
204
188
289
326
279
302
400
550
626
623
584
633
775
817
699
553
541
636
518
230
-39
-197
-325
-712
-1117
-1400
-1636
-2002
-2429
-2686
-2844
-3060
-3345
-3435
-3305
-3139
-3160
-3059
-2644
-2151
-1691
-1377
-1041
-678
-314
6
271
440
566
719
876
1008
1067
1147
1309
1422
1507
1602
1676
1651
1587
1600
1623
1547
1323
1170
1209
1277
1152
949
1031
1256
1337
1155
1012
1193
1315
1193
920
786
701
508
272
203
104
-37
-123
-133
-10
-24
-13
16
109
205
267
292
297
374
516
669
663
589
634
726
714
479
222
57
-83
-431
-876
-1196
-1440
-1724
-2171
-2443
-2621
-2796
-2992
-3131
-3015
-2894
-2876
-2868
-2655
-2332
-2008
-1799
-1524
-1251
-1005
-705
-449
-228
-89
48
253
461
577
696
883
1116
1249
1329
1485
1593
1624
1657
1729
1787
1770
1663
1680
1785
1794
1668
1600
1672
1765
1752
1597
1453
1340
1339
1201
947
725
547
396
222
100
34
-75
-201
-224
-158
-103
-178
-218
-67
89
113
99
123
290
429
480
447
413
435
423
330
83
-156
-355
-504
-795
-1140
-1383
-1594
-1807
-2073
-2281
-2451
-2597
-2767
-2798
-2758
-2722
-2742
-2696
-2470
-2215
-1967
-1722
-1560
-1391
-1117
-798
-559
-488
-354
-108
196
335
440
670
1010
1230
1307
1497
1679
1809
1823
1904
2039
2045
1908
1820
1911
1963
1848
1680
1739
1841
1756
1515
1358
1427
1397
1184
897
716
575
388
221
87
-52
-201
-231
-212
-252
-304
-298
-187
-102
-85
-81
11
97
144
201
252
265
168
155
168
80
-128
-401
-519
-577
-783
-1111
-1302
-1369
-1514
-1779
-2011
-2116
-2203
-2313
-2452
-2468
-2404
-2450
-2440
-2327
-2102
-1889
-1720
-1505
-1294
-1123
-953
-721
-520
-362
-279
-115
158
327
496
741
1058
1276
1413
1616
1818
1945
1930
1967
2055
2058
1889
1764
1835
1843
1749
1627
1733
1874
1789
1527
1464
1542
1416
1078
773
718
557
247
83
46
-12
-141
-170
-58
-18
-71
-63
33
93
33
-13
55
52
1
8
18
-2
-101
-98
-84
-194
-392
-521
-557
-679
-920
-1151
-1204
-1302
-1529
-1762
-1879
-1924
-2040
-2189
-2204
-2135
-2138
-2222
-2178
-1983
-1811
-1737
-1580
-1381
-1262
-1151
-1033
-768
-569
-494
-359
-68
219
388
565
866
1174
1317
1429
1574
1714
1764
1718
1782
1849
1808
1695
1727
1867
1875
1751
1676
1795
1856
1717
1413
1284
1315
1140
848
618
544
378
151
45
29
-61
-187
-162
-53
-4
-101
-122
-10
23
-45
-107
-100
-122
-153
-173
-163
-212
-289
-243
-219
-296
-506
-625
-627
-757
-1015
-1216
-1306
-1397
-1589
-1762
-1818
-1842
-1930
-1997
-1990
-1920
-1963
-2069
-2021
-1930
-1813
-1754
-1644
-1497
-1373
-1229
-1048
-804
-609
-452
-275
17
239
370
590
827
1065
1192
1298
1432
1558
1608
1631
1728
1795
1770
1728
1824
1897
1861
1811
1782
1781
1688
1566
1413
1221
1045
868
676
499
344
218
166
90
69
96
53
47
20
72
39
-53
-137
-157
-130
-177
-225
-224
-109
-62
-108
-132
-114
-125
-195
-325
-469
-577
-708
-845
-994
-1090
-1167
-1292
-1369
-1449
-1516
-1559
-1667
-1719
-1753
-1815
-1907
-1977
-1967
-1897
-1822
-1697
-1520
-1413
-1259
-1045
-778
-568
-477
-319
-79
160
279
410
668
929
1075
1203
1404
1599
1699
1739
1878
2018
1988
1920
1951
2025
1969
1830
1744
1729
1610
1462
1357
1270
1136
923
753
653
494
360
269
194
125
59
29
-18
-66
-105
-84
-102
-154
-243
-240
-162
-196
-248
-231
-135
-100
-160
-217
-195
-196
-294
-420
-525
-541
-656
-817
-877
-931
-999
-1150
-1244
-1305
-1359
-1486
-1617
-1667
-1716
-1807
-1925
-1929
-1888
-1815
-1700
-1563
-1406
-1317
-1178
-960
-693
-557
-473
-292
-26
192
297
512
769
1014
1191
1349
1563
1710
1783
1849
1978
2026
1945
1861
1867
1879
1742
1605
1532
1508
1455
1226
1042
952
898
729
517
386
290
168
44
25
-26
-54
-141
-136
-96
-133
-146
-159
-115
-120
-127
-134
-127
-126
-93
-56
-102
-122
-158
-152
-176
-320
-440
-501
-530
-654
-780
-865
-928
-1028
-1177
-1292
-1384
-1437
-1575
-1680
-1727
-1804
-1903
-1983
-1951
-1893
-1850
-1763
-1585
-1416
-1317
-1184
-964
-675
-528
-429
-209
47
271
423
671
956
1184
1331
1492
1702
1818
1856
1902
2050
2054
1918
1837
1816
1795
1640
1475
1421
1409
1270
1025
852
813
722
507
357
252
168
60
-31
-7
-11
-55
-77
1
26
7
-14
-11
30
3
16
-2
8
55
58
73
42
19
14
-18
-120
-268
-374
-435
-527
-681
-758
-822
-921
-1044
-1172
-1214
-1285
-1401
-1505
-1552
-1626
-1759
-1866
-1891
-1843
-1804
-1708
-1565
-1405
-1237
-1101
-890
-649
-426
-307
-160
90
327
498
685
940
1208
1431
1548
1711
1901
1951
1987
2034
2080
2004
1853
1771
1722
1610
1394
1273
1236
1168
952
740
672
575
408
256
190
116
9
-44
-13
-11
-45
-47
21
102
83
70
129
136
137
140
155
153
140
147
166
140
73
14
-33
-85
-246
-405
-475
-564
-668
-767
-825
-901
-1026
-1135
-1194
-1244
-1374
-1506
-1596
-1626
-1729
-1860
-1877
-1856
-1784
-1718
-1582
-1385
-1211
-1091
-923
-658
-418
-280
-159
127
410
564
723
956
1271
1472
1570
1695
1865
1939
1917
1909
1939
1869
1668
1569
1522
1417
1226
1049
1033
987
807
584
506
488
407
269
158
117
51
36
19
27
7
-5
83
173
183
162
241
311
309
247
235
235
185
169
107
39
-29
-129
-145
-198
-316
-431
-505
-537
-639
-786
-862
-924
-1047
-1133
-1235
-1320
-1414
-1558
-1630
-1691
-1757
-1861
-1898
-1872
-1824
-1737
-1588
-1407
-1282
-1118
-914
-655
-423
-295
-103
154
420
604
773
1024
1277
1445
1548
1682
1789
1822
1770
1716
1708
1595
1435
1319
1257
1160
1005
900
834
731
604
505
437
439
346
219
176
124
118
90
77
93
138
178
216
247
284
335
352
379
319
286
295
204
138
89
62
-8
-102
-155
-195
-241
-323
-408
-472
-493
-601
-729
-775
-854
-936
-1053
-1114
-1195
-1299
-1418
-1504
-1557
-1639
-1716
-1796
-1753
-1726
-1628
-1456
-1315
-1185
-1053
-797
-527
-317
-180
8
286
528
681
842
1098
1299
1396
1491
1591
1665
1657
1606
1605
1572
1435
1289
1223
1194
1088
922
871
820
737
635
477
379
374
428
398
277
206
261
319
287
245
248
327
330
294
305
295
304
300
288
243
173
89
28
-1
-58
-146
-252
-234
-257
-325
-384
-493
-515
-529
-597
-717
-814
-863
-902
-989
-1123
-1217
-1288
-1335
-1447
-1548
-1581
-1633
-1658
-1667
-1599
-1470
-1334
-1210
-1062
-894
-702
-467
-287
-84
78
273
480
587
769
953
1122
1225
1299
1382
1435
1424
1390
1405
1373
1322
1202
1107
1085
976
872
801
769
717
629
518
433
434
475
468
386
395
415
390
369
329
346
324
298
282
278
275
263
249
228
214
136
87
10
-44
-70
-155
-223
-278
-298
-331
-390
-483
-524
-524
-575
-674
-802
-854
-910
-1008
-1114
-1222
-1279
-1353
-1417
-1473
-1508
-1546
-1564
-1548
-1492
-1380
-1255
-1073
-948
-844
-641
-453
-262
-111
47
241
398
519
645
818
959
1051
1105
1221
1277
1242
1227
1208
1206
1131
1037
969
958
900
812
771
759
728
610
564
535
511
514
482
494
498
475
432
416
378
343
314
288
255
193
232
260
230
186
137
130
86
-5
-99
-128
-176
-246
-322
-359
-368
-411
-421
-473
-518
-569
-669
-735
-810
-895
-992
-1071
-1146
-1214
-1263
-1315
-1349
-1374
-1360
-1362
-1385
-1338
-1300
-1184
-1060
-931
-816
-708
-545
-361
-174
-44
87
227
418
544
643
766
864
982
1023
1056
1057
1067
1044
1023
1000
929
866
816
837
784
746
750
718
680
632
623
620
601
574
553
526
481
452
465
483
423
380
410
402
367
331
343
328
265
170
95
36
-45
-123
-193
-202
-270
-340
-356
-391
-409
-453
-496
-548
-602
-677
-752
-820
-890
-935
-991
-1028
-1086
-1154
-1155
-1185
-1214
-1242
-1244
-1250
-1247
-1231
-1188
-1103
-982
-825
-704
-578
-449
-273
-47
70
191
313
448
560
647
731
795
865
907
934
920
933
890
865
870
819
777
731
728
734
722
686
626
595
589
575
525
527
521
527
574
554
516
489
512
507
456
401
368
339
312
288
252
207
113
43
17
-68
-154
-208
-213
-242
-306
-375
-411
-414
-452
-501
-567
-601
-676
-746
-785
-874
-925
-971
-995
-1054
-1105
-1132
-1170
-1194
-1238
-1262
-1276
-1242
-1226
-1185
-1077
-977
-808
-633
-459
-314
-150
38
196
292
374
481
556
658
680
713
757
775
803
789
805
792
775
763
756
722
672
649
660
706
645
547
565
578
596
580
592
601
575
575
575
566
509
475
452
458
378
295
291
246
226
170
132
77
16
-31
-56
-115
-175
-181
-200
-185
-251
-310
-313
-340
-334
-346
-416
-505
-536
-576
-653
-750
-813
-853
-921
-950
-1008
-1074
-1083
-1098
-1098
-1108
-1111
-1075
-1009
-930
-841
-748
-640
-485
-358
-177
-69
-3
76
138
227
248
258
276
317
351
378
382
409
469
485
528
527
537
564
554
588
617
632
644
661
686
734
761
763
764
770
798
711
605
598
557
525
445
386
356
330
292
268
235
190
163
125
113
39
-23
-34
-41
-77
-126
-163
-209
-234
-266
-303
-376
-465
-530
-593
-629
-734
-827
-871
-939
-1004
-1081
-1126
-1156
-1157
-1179
-1196
-1181
-1132
-1052
-974
-842
-765
-649
-494
-357
-195
-67
61
157
243
313
358
382
401
425
441
482
474
483
545
577
615
616
635
652
673
684
693
697
697
719
714
767
784
788
796
721
676
634
581
498
436
384
344
311
280
278
265
294
268
240
246
205
172
151
153
109
84
59
33
9
-30
-76
-142
-156
-228
-321
-384
-481
-531
-581
-657
-757
-844
-907
-956
-1037
-1112
-1145
-1189
-1151
-1148
-1151
-1086
-1025
-928
-849
-761
-682
-584
-486
-393
-303
-214
-130
-46
71
118
143
202
238
274
282
293
330
376
421
485
540
594
647
702
772
779
767
794
777
768
749
742
743
719
670
602
546
489
448
381
349
300
265
273
278
292
293
318
336
349
311
277
245
216
194
129
120
81
9
-16
-76
-111
-142
-190
-267
-341
-417
-495
-575
-652
-721
-808
-835
-902
-957
-977
-1032
-1042
-1060
-1057
-1032
-1003
-972
-914
-836
-755
-682
-617
-509
-441
-392
-307
-261
-193
-117
-35
17
59
114
202
250
279
356
401
496
527
586
675
699
746
794
850
838
822
806
791
766
718
695
655
614
522
475
475
394
354
339
327
311
310
326
352
350
350
373
352
366
301
240
246
177
130
86
42
-8
-51
-100
-144
-183
-246
-292
-373
-404
-488
-588
-622
-706
-747
-810
-838
-866
-891
-905
-917
-909
-886
-859
-861
-799
-782
-747
-674
-634
-579
-530
-445
-391
-329
-288
-227
-150
-63
23
103
210
245
279
365
421
469
516
588
659
700
751
797
838
860
858
838
847
796
713
672
597
561
531
496
471
451
451
458
440
424
416
392
419
387
336
334
310
305
279
248
222
183
136
86
23
-38
-98
-153
-169
-207
-265
-302
-357
-390
-428
-480
-547
-608
-670
-739
-775
-804
-813
-835
-809
-819
-849
-835
-833
-805
-803
-782
-744
-682
-647
-601
-533
-469
-415
-356
-249
-181
-120
-25
50
137
221
303
351
411
478
537
592
628
680
708
775
768
749
768
741
711
675
656
607
578
534
508
489
467
454
438
473
450
420
416
389
384
358
330
300
286
253
226
196
148
113
71
49
-28
-111
-139
-192
-224
-268
-295
-340
-373
-382
-404
-433
-478
-513
-546
-538
-592
-630
-633
-676
-682
-705
-713
-719
-722
-705
-704
-687
-669
-649
-620
-542
-521
-494
-421
-362
-272
-217
-141
-64
37
101
175
237
301
371
401
495
520
524
564
586
610
611
599
591
597
571
552
536
519
508
495
528
509
492
505
502
506
485
477
469
457
436
416
392
364
333
293
288
247
189
170
114
69
22
-20
-77
-135
-177
-210
-230
-270
-281
-303
-291
-317
-359
-355
-404
-425
-466
-485
-530
-553
-573
-602
-601
-615
-627
-642
-601
-594
-612
-587
-581
-533
-495
-451
-411
-355
-291
-242
-177
-129
-57
17
118
158
199
275
310
358
387
420
427
429
440
453
474
461
452
452
482
459
439
468
456
476
471
477
473
474
469
448
437
423
412
386
398
358
313
297
260
253
209
168
124
85
43
10
-30
-71
-102
-139
-150
-194
-236
-236
-262
-260
-276
-289
-301
-315
-345
-379
-415
-448
-490
-528
-530
-586
-613
-589
-608
-599
-588
-565
-535
-517
-500
-483
-457
-422
-384
-334
-248
-214
-179
-103
-54
6
47
99
141
188
221
232
241
265
284
296
327
315
306
333
331
344
361
386
395
419
421
432
446
451
466
454
473
455
434
430
399
387
353
337
304
276
250
220
199
160
126
89
87
49
19
10
2
-6
-40
-42
-68
-79
-74
-90
-115
-137
-154
-196
-206
-267
-321
-341
-390
-420
-474
-503
-538
-547
-551
-560
-551
-529
-505
-490
-432
-428
-416
-354
-340
-298
-261
-199
-161
-122
-81
-40
-5
25
55
84
142
138
135
176
196
213
216
238
270
288
306
331
346
367
390
397
439
419
404
432
415
416
400
395
386
363
350
334
309
284
245
213
230
182
131
133
113
109
90
93
84
77
90
91
87
85
79
48
56
21
-15
-31
-77
-101
-157
-187
-222
-264
-313
-359
-388
-422
-454
-505
-483
-511
-531
-497
-501
-485
-485
-441
-417
-377
-364
-345
-299
-258
-221
-209
-148
-133
-125
-75
-66
-43
-29
5
32
56
77
104
130
153
187
196
261
261
260
301
291
309
304
323
325
325
316
304
316
295
285
255
254
225
187
182
148
140
127
125
117
115
103
122
119
136
145
147
196
180
166
178
161
154
135
111
88
42
-2
-46
-87
-131
-177
-235
-228
-286
-351
-347
-397
-395
-430
-431
-430
-427
-427
-432
-421
-410
-390
-405
-346
-348
-359
-317
-325
-296
-260
-234
-209
-194
-171
-144
-117
-94
-79
-60
2
16
15
68
84
117
135
160
171
183
191
206
211
208
206
203
224
197
180
185
155
152
134
117
97
108
100
102
122
121
133
140
203
206
196
230
240
257
252
254
230
226
204
182
176
151
127
81
76
31
-30
-57
-103
-133
-185
-223
-232
-257
-283
-311
-325
-339
-335
-364
-335
-346
-378
-361
-379
-359
-377
-372
-372
-357
-343
-342
-327
-303
-264
-247
-196
-183
-176
-122
-115
-83
-74
-48
-28
1
18
27
57
80
109
97
143
137
112
134
123
126
104
105
89
76
67
54
37
40
62
49
88
92
94
139
145
170
196
234
254
255
269
267
274
273
278
263
284
251
224
230
186
189
149
129
91
62
31
4
-23
-63
-81
-108
-88
-117
-149
-145
-168
-174
-192
-202
-220
-239
-244
-259
-263
-267
-271
-286
-248
-255
-268
-237
-231
-196
-195
-174
-157
-119
-100
-77
-50
-51
-21
-12
44
41
33
75
70
88
93
100
116
112
107
96
86
85
74
61
93
83
73
87
82
107
116
137
138
156
183
197
207
222
248
256
303
299
269
296
280
284
277
252
237
222
202
185
161
133
105
53
57
26
-18
-29
-68
-94
-126
-149
-184
-185
-203
-214
-229
-248
-241
-264
-228
-254
-290
-266
-284
-277
-277
-267
-253
-233
-207
-196
-180
-158
-143
-129
-84
-97
-106
-55
-55
-44
-38
-17
-9
-9
5
23
25
19
20
13
48
41
5
14
19
28
28
58
55
59
68
81
92
105
136
140
188
176
169
213
225
247
254
268
272
274
262
271
265
251
241
222
240
191
148
149
121
94
65
43
18
11
-20
-44
-79
-102
-120
-141
-122
-161
-197
-189
-210
-208
-228
-238
-253
-260
-257
-268
-270
-272
-266
-269
-225
-225
-231
-193
-193
-161
-146
-126
-111
-87
-77
-71
-49
-49
-34
-23
23
14
6
34
34
50
46
63
52
68
70
77
82
72
83
86
129
121
105
146
155
176
181
198
227
251
268
278
287
283
285
285
321
290
248
257
238
236
205
179
143
131
107
73
44
3
-7
-32
-22
-61
-104
-96
-110
-107
-118
-128
-144
-155
-163
-167
-183
-184
-176
-196
-170
-184
-205
-184
-195
-173
-174
-163
-169
-159
-129
-130
-131
-127
-106
-95
-57
-63
-78
-41
-26
4
0
21
33
49
61
68
73
73
88
78
102
84
66
108
112
121
110
131
137
149
162
166
189
216
237
239
277
275
257
285
274
280
273
277
264
255
226
212
208
179
156
123
129
74
33
13
-27
-39
-66
-78
-88
-84
-103
-112
-136
-139
-146
-168
-146
-180
-211
-188
-200
-208
-219
-222
-224
-223
-228
-221
-219
-209
-182
-188
-148
-143
-147
-116
-122
-108
-86
-58
-43
-36
-27
-12
0
7
25
33
70
55
29
31
21
27
25
55
35
39
42
56
72
76
94
92
147
155
147
173
169
189
194
204
207
221
212
198
197
193
195
181
194
162
119
123
103
76
45
37
18
-8
-36
-50
-55
-57
-53
-70
-48
-81
-102
-91
-120
-108
-127
-141
-149
-169
-177
-182
-179
-187
-178
-186
-151
-162
-176
-141
-137
-108
-106
-87
-65
-43
-33
-20
-10
-2
11
18
64
54
40
73
75
74
49
50
50
50
37
30
27
24
32
21
70
62
40
71
72
104
106
116
131
143
153
154
163
170
180
184
209
186
166
174
160
158
128
122
102
83
74
64
52
31
31
16
33
-2
-30
-13
-45
-35
-59
-61
-68
-102
-114
-122
-133
-136
-133
-155
-142
-164
-190
-189
-204
-196
-209
-197
-185
-175
-155
-137
-129
-118
-96
-98
-59
-77
-93
-62
-62
-36
-42
-32
-19
-10
-4
-7
-1
-1
-7
-14
26
6
-11
10
-1
8
8
25
47
45
51
69
87
96
97
110
154
142
120
139
127
133
133
149
127
134
139
134
123
118
126
111
135
99
63
81
44
45
27
14
17
1
-8
-28
-35
-41
-41
-75
-64
-90
-120
-104
-133
-151
-170
-165
-172
-168
-160
-151
-149
-142
-124
-122
-80
-85
-98
-74
-76
-59
-59
-35
-38
-36
-37
-36
-21
-28
-11
-13
26
10
-18
13
19
33
39
45
52
61
68
76
80
86
103
108
139
130
113
135
127
146
136
147
135
140
142
135
134
130
134
134
175
152
130
152
137
136
116
107
92
76
63
62
45
33
38
0
4
-33
-77
-78
-106
-109
-134
-144
-168
-173
-175
-171
-171
-193
-192
-196
-136
-146
-167
-135
-141
-125
-118
-97
-96
-93
-82
-74
-71
-68
-51
-51
-14
-34
-49
-24
-27
-1
-9
1
-5
3
4
4
14
17
30
8
45
35
16
36
35
45
24
35
43
49
48
52
50
54
70
57
91
75
51
103
95
107
103
110
118
111
124
94
88
79
74
53
74
48
-3
19
0
0
-27
-51
-69
-77
-98
-119
-131
-147
-134
-141
-129
-157
-177
-153
-156
-145
-166
-175
-171
-164
-154
-141
-128
-114
-113
-123
-87
-92
-108
-79
-81
-74
-63
-60
-53
-50
-57
-58
-51
-39
-29
-38
1
-4
-16
15
-5
27
11
14
11
14
18
6
23
28
39
28
66
61
37
44
39
61
65
70
60
60
67
67
83
95
105
92
123
89
61
70
51
58
46
50
27
25
10
-12
-10
-33
-40
-56
-37
-58
-86
-87
-110
-111
-133
-125
-135
-135
-131
-133
-143
-154
-148
-153
-121
-117
-129
-105
-104
-95
-84
-67
-71
-55
-50
-58
-49
-52
-39
-45
-8
-7
-27
-6
-19
-13
-5
5
-5
4
19
29
29
22
46
53
97
100
87
114
98
104
95
105
113
122
131
129
144
150
149
127
164
146
127
158
134
153
128
123
113
102
88
78
69
53
65
52
69
40
3
12
-2
-5
-24
-46
-65
-85
-98
-103
-123
-155
-181
-214
-195
-204
-224
-209
-210
-200
-185
-167
-168
-154
-130
-109
-85
-77
-78
-82
-39
-59
-75
-36
-46
-38
-33
-23
-8
5
-7
-10
-14
-30
-27
-23
15
-6
-36
5
2
24
33
44
55
61
65
67
64
71
77
73
104
96
71
92
94
115
112
108
112
107
114
117
122
127
135
127
153
135
98
101
78
87
84
83
74
60
42
29
27
-12
-24
-48
-26
-63
-120
-124
-148
-144
-140
-142
-153
-138
-132
-136
-136
-126
-105
-102
-53
-68
-80
-48
-60
-43
-36
-18
-23
-20
-8
-8
2
5
10
1
26
7
-33
-15
-22
-28
-32
-26
-11
1
6
11
19
17
38
45
80
98
84
86
80
104
97
99
105
122
126
134
144
141
142
130
170
150
121
140
126
152
154
159
140
134
134
130
131
108
97
70
72
34
-11
-8
-55
-74
-96
-100
-125
-138
-148
-149
-159
-168
-158
-175
-139
-153
-151
-122
-125
-102
-98
-80
-77
-72
-56
-39
-33
-31
-22
-38
-2
-32
-47
-33
-53
-56
-66
-50
-59
-64
-66
-62
-51
-47
-48
-49
-10
-30
-47
-14
-20
-17
-19
13
10
9
13
17
18
20
30
20
71
72
57
85
81
93
90
89
92
85
98
110
113
112
110
111
140
122
85
87
62
64
43
16
-23
-45
-68
-78
-82
-103
-98
-119
-103
-130
-161
-135
-138
-141
-132
-117
-108
-101
-90
-72
-60
-52
-26
-45
-24
-22
-36
-5
-26
-16
-24
-20
-27
-25
-27
-26
-24
-36
-32
-39
5
-16
-29
2
-9
-1
-16
-17
-1
6
20
12
11
18
22
20
46
27
16
50
37
46
50
74
81
104
128
132
143
153
173
164
201
185
173
209
188
195
173
165
143
128
118
110
99
73
56
39
54
2
-55
-54
-65
-67
-87
-93
-105
-104
-99
-88
-86
-82
-70
-66
-17
-22
-26
7
10
20
15
25
29
25
12
13
23
23
26
11
38
