-27
-34
-4
-27
-11
-25
-26
-41
-49
-54
-60
-73
-82
-70
-76
-45
-76
-100
-78
-91
-95
-96
-81
-75
-55
-41
-24
-16
1
18
17
40
21
3
15
-1
17
0
-2
-18
-19
-12
-21
-17
-13
-11
-9
9
-24
-50
-33
-40
-37
-50
-39
-33
-34
-22
-8
4
17
36
26
59
37
17
33
9
21
2
11
13
19
29
35
50
43
47
34
52
21
-14
-13
-32
-23
-22
-15
-15
2
12
22
34
40
66
47
57
51
30
47
29
21
12
22
24
28
37
46
51
38
20
-3
23
14
-10
16
8
28
25
26
21
19
16
11
6
0
19
6
53
56
36
58
54
62
49
64
58
58
43
38
39
36
34
22
52
35
15
37
19
35
35
34
20
23
18
10
8
6
19
15
43
28
11
20
2
8
-4
-9
-21
-22
-7
-3
5
-8
6
12
31
23
4
10
-1
6
-1
5
20
37
45
57
54
45
34
18
35
-1
-39
-42
-52
-40
-31
-4
2
15
21
20
1
-22
-33
-47
-19
-30
-36
5
16
38
29
39
33
25
16
3
0
-17
-6
-10
26
8
0
26
15
18
12
17
2
2
-4
-3
3
4
29
27
56
39
2
18
5
11
-3
-2
-3
8
15
11
24
31
38
18
37
12
-20
-9
-27
-5
-13
5
16
27
48
52
68
62
58
23
47
9
-39
-21
-42
-27
-23
-16
-13
-9
11
12
21
16
21
6
30
13
-21
3
-19
-2
2
23
22
34
36
37
45
41
41
13
51
26
-2
14
-17
-20
-23
-20
-29
-14
-9
-10
4
19
37
33
61
34
1
11
-12
11
11
22
27
30
24
41
54
36
26
-5
25
9
-12
2
-11
13
-1
2
12
23
35
31
26
15
24
12
38
26
11
26
16
22
7
23
25
10
-3
-4
-8
-40
-44
-52
-21
-37
-61
-42
-44
-10
-12
-20
-41
-17
-29
-59
-77
-64
-49
-58
-6
-11
-16
13
5
-9
-28
-50
-82
-114
-111
-95
-82
-82
-68
-45
9
-6
-31
-8
-30
-28
-57
-70
-74
-42
-30
-10
17
17
54
37
63
45
4
1
-44
-59
-73
-62
-67
-58
-55
-47
-40
-53
-67
-88
-62
-97
-126
-101
-86
-51
-50
-27
-10
2
15
21
22
9
1
-12
30
-1
-19
17
-3
-8
-36
-49
-61
-84
-104
-119
-134
-127
-94
-102
-64
-66
-73
-47
-57
-46
-74
-83
-86
-93
-107
-108
-80
-58
-52
-32
20
6
-18
10
-26
-38
-50
-74
-98
-109
-106
-105
-103
-85
-62
-54
-6
-14
-18
-8
-33
-44
-72
-87
-113
-114
-113
-96
-65
-51
-39
-37
5
-2
-26
-26
-56
-53
-66
-73
-73
-72
-64
-44
-25
-34
-26
-32
-1
-30
-77
-102
-132
-122
-126
-108
-86
-37
-8
32
62
76
91
74
82
18
-24
-27
-57
-71
-57
-31
-21
3
17
41
26
14
-5
-31
-16
-48
-78
-34
-34
-35
-26
25
45
29
1
-30
-64
-96
-96
-96
-36
-14
-5
32
49
75
83
83
49
16
-20
-37
-39
-29
-25
-40
-8
-17
-56
-51
-61
-61
-66
-79
-105
-85
-48
-37
-24
2
54
61
86
34
-34
-42
-103
-131
-145
-130
-107
-69
-42
-15
44
73
65
59
101
34
-33
-54
-89
-76
-63
-59
-80
-57
-15
7
3
-7
-11
-42
-40
-86
-95
-34
-10
23
30
71
93
76
47
24
4
-32
-61
-90
-30
-28
-20
47
54
71
76
75
26
1
-21
-73
-147
-177
-129
-91
-42
-21
-6
50
39
21
17
39
42
-20
-63
-59
-15
-2
-6
-7
33
40
45
57
41
83
82
38
-9
-2
12
18
20
5
1
17
83
75
57
99
98
106
88
102
122
105
71
50
61
35
47
55
92
48
11
9
-1
22
-25
-47
-22
25
44
70
78
84
82
11
8
-1
-50
-46
-62
-59
-29
43
100
121
125
145
157
117
42
-10
-20
-94
-197
-203
-203
-179
-121
-64
-53
-4
51
62
74
98
93
40
58
57
47
66
74
85
45
13
3
12
-3
-44
-57
-71
-75
-56
-21
-42
-46
-6
6
44
62
65
56
44
23
7
-22
-70
-90
-111
-106
-103
-48
-1
-9
38
34
21
10
6
-22
-56
-59
-71
-70
-87
-32
-2
-6
-11
-51
-31
-32
-32
-29
-12
4
19
24
10
16
6
36
-10
-94
-84
-83
-58
-52
-24
23
79
117
133
133
86
46
5
6
-31
-43
-1
-34
-52
-14
53
91
122
133
101
89
76
9
-20
2
-64
-83
-21
0
52
90
94
87
84
27
-27
-32
-61
-79
-60
11
19
13
34
34
84
61
-21
-73
-65
-131
-182
-171
-131
-70
-61
6
61
132
171
178
229
231
195
152
124
102
93
67
30
30
28
42
9
-14
-17
-49
-65
-98
-94
-75
-17
11
27
99
154
166
124
161
126
52
75
52
18
5
-11
-66
-68
-49
-52
-34
-2
19
43
70
49
40
17
-63
-40
-17
-35
-62
-26
-1
2
49
81
105
106
158
157
108
104
79
51
-6
-56
-81
-92
-55
-19
-15
-36
-38
-39
-26
-81
-99
-53
-48
-23
19
130
225
269
249
200
190
171
88
-19
-21
-39
-94
-109
-46
67
123
131
137
192
156
68
6
-41
-77
-114
-78
-80
-44
87
131
192
268
257
192
134
93
36
-24
-72
-64
-33
19
11
35
87
85
111
97
69
31
-10
-86
-159
-175
-147
-45
-3
68
112
138
180
164
135
57
-28
-126
-127
-125
-139
-116
-64
-23
25
150
181
169
168
84
9
-48
-97
-151
-158
-137
-106
-12
52
84
163
207
112
14
-10
-82
-130
-121
-98
-97
-83
-44
75
193
231
225
198
124
-25
-104
-177
-308
-347
-347
-265
-123
29
144
238
257
187
196
147
90
29
-77
-133
-92
-2
14
115
255
269
219
221
216
182
100
-27
-77
-128
-169
-120
-35
53
87
153
186
213
226
210
126
33
-32
-80
-21
-9
9
87
76
100
198
260
210
189
141
-6
-91
-85
-79
-90
-44
-65
-60
8
45
82
62
-6
-73
-88
-98
-85
-59
-57
-24
10
66
89
58
12
-48
-106
-168
-161
-135
-142
-108
-40
-30
5
56
69
74
11
-92
-122
-159
-207
-210
-181
-235
-220
-135
-78
-28
45
84
48
62
34
-24
15
-38
-75
-71
-73
-13
107
143
111
126
118
68
52
129
79
28
-10
-9
110
147
171
246
293
246
246
273
243
239
164
60
19
31
39
54
143
151
159
207
247
312
340
253
182
193
108
78
48
26
53
7
1
88
193
127
87
80
-5
-61
-76
-88
-87
-62
-92
-124
-66
-77
-110
-173
-297
-352
-402
-525
-564
-547
-570
-627
-620
-482
-434
-391
-327
-294
-264
-349
-337
-272
-288
-338
-326
-304
-299
-237
-182
-175
-240
-305
-328
-390
-436
-447
-441
-534
-568
-461
-406
-386
-300
-200
-175
-92
-10
52
139
192
274
405
529
643
828
930
984
1073
1131
1104
1070
1102
976
824
780
740
735
647
622
628
620
590
588
620
553
502
474
463
424
400
372
362
394
405
389
410
422
404
406
364
339
356
251
209
140
34
-33
-168
-274
-393
-481
-609
-715
-710
-770
-805
-773
-782
-766
-697
-690
-725
-752
-837
-866
-880
-989
-1098
-1124
-1193
-1253
-1253
-1246
-1240
-1189
-1088
-1048
-1002
-921
-905
-925
-1085
-1243
-1321
-1465
-1685
-1870
-2021
-2123
-2091
-1973
-1764
-1425
-821
-52
575
1053
1623
2322
2795
2948
3013
3026
2832
2547
2330
2103
1855
1544
1314
1155
934
797
771
682
404
168
80
69
116
190
377
659
956
1174
1373
1685
1896
1938
1832
1696
1651
1617
1438
1315
1232
1152
1082
1021
1061
965
794
588
302
18
-282
-515
-772
-1093
-1293
-1343
-1272
-1182
-1108
-1045
-869
-718
-641
-555
-470
-375
-399
-508
-597
-620
-695
-909
-1180
-1424
-1688
-1958
-2109
-2275
-2372
-2412
-2474
-2450
-2385
-2248
-2101
-2008
-2005
-2085
-2167
-2320
-2512
-2822
-3051
-3057
-2545
-1443
-271
746
1587
2702
3948
4786
5119
5113
4756
4055
3144
2399
1771
1008
307
-196
-443
-543
-398
-41
4
-210
-500
-657
-776
-1096
-1377
-1601
-1652
-1581
-1261
-250
932
1981
2829
3591
4476
5133
5469
5347
4803
4121
3250
2419
1772
1168
698
196
-168
-298
-331
-249
-386
-739
-1243
-1683
-1848
-2018
-2147
-2270
-2157
-1802
-1354
-735
-69
625
1080
1197
1248
1307
1287
1019
505
-4
-495
-868
-1154
-1513
-1905
-2300
-2650
-2955
-3263
-3535
-3885
-4130
-4333
-4464
-4393
-4225
-3998
-3793
-3459
-3115
-2921
-2739
-2637
-2416
-2039
-1243
192
1703
2716
3317
4213
5419
6178
6205
5756
5034
4074
2947
1987
1098
174
-704
-1399
-1787
-2044
-1953
-1654
-1606
-1806
-2049
-1837
-1475
-1372
-1371
-1369
-1066
-617
6
912
1931
2821
3502
4130
4908
5654
6073
6060
5577
4908
4240
3566
2869
2044
1083
226
-357
-785
-1125
-1339
-1489
-1766
-2192
-2343
-2167
-1909
-1869
-1965
-1797
-1363
-773
-195
387
923
1309
1534
1687
1793
1712
1430
916
242
-396
-911
-1281
-1719
-2325
-2941
-3391
-3678
-3964
-4301
-4599
-4854
-5126
-5310
-5327
-5098
-4827
-4689
-4562
-4367
-3983
-3614
-3176
-2727
-1797
70
2147
3480
3890
4599
6093
7277
7395
6596
5710
4961
3962
2950
1902
914
85
-746
-1433
-1925
-1927
-1552
-1668
-2276
-2814
-2835
-2618
-2721
-2884
-2914
-2673
-2230
-1327
76
1462
2759
3945
5211
6507
7648
8556
8616
8056
7296
6476
5600
4312
2916
1530
236
-711
-1448
-1858
-2103
-2417
-2767
-3173
-3231
-2936
-2694
-2731
-2972
-2813
-2261
-1555
-846
-175
582
1212
1815
2337
2683
2804
2595
2193
1529
783
221
-343
-1105
-2089
-2986
-3603
-4128
-4578
-5019
-5554
-6049
-6439
-6644
-6697
-6585
-6343
-6258
-6082
-5677
-4991
-4216
-3334
-1543
1045
3353
4444
4937
6327
8309
9593
9283
7849
6592
5838
5131
3914
2217
840
-148
-1054
-1944
-2452
-2336
-2308
-2903
-3848
-4417
-4308
-4084
-4078
-4409
-4664
-4328
-3271
-1777
-412
933
2478
4251
6085
7790
9368
10353
10434
9906
9217
8520
7461
5877
3830
1791
193
-872
-1770
-2688
-3420
-3993
-4415
-4625
-4516
-4183
-4039
-4214
-4313
-3929
-3042
-2065
-1241
-491
298
1270
2333
3147
3552
3620
3471
3010
2327
1661
1081
215
-985
-2185
-3167
-3790
-4486
-5401
-6428
-7409
-7962
-8273
-8446
-8591
-8530
-8148
-7600
-6861
-5980
-5147
-3767
-1258
1725
3727
4358
5225
7585
10230
11111
9975
8590
8189
8120
7173
5020
2902
1658
757
-693
-2320
-3062
-2960
-3182
-4404
-5678
-5877
-5276
-4964
-5390
-6071
-6149
-5269
-3710
-2185
-1161
-30
1706
3936
5985
7681
9421
10748
11119
10748
10505
10423
9591
7808
5523
3446
1882
603
-679
-2257
-3705
-4606
-5066
-5306
-5275
-5061
-5007
-5212
-5165
-4471
-3330
-2320
-1742
-1218
-276
1002
2320
3262
3696
3852
3914
3850
3633
3114
2404
1481
225
-1004
-2019
-2775
-3686
-4971
-6361
-7550
-8218
-8476
-8725
-9129
-9575
-9544
-8901
-8153
-7567
-6866
-5190
-2338
575
2302
3203
4983
8099
10653
11197
10155
9521
9932
9921
8478
6029
4208
3194
1956
136
-1639
-2363
-2511
-3292
-4744
-5951
-5983
-5514
-5612
-6471
-7295
-7074
-5912
-4558
-3577
-2821
-1411
782
3264
5504
7478
9524
10915
11458
11575
11793
11928
10843
8759
6400
4520
3330
1865
3
-2028
-3543
-4259
-4771
-5207
-5554
-5769
-5948
-6220
-6049
-5231
-4235
-3439
-2984
-2293
-929
834
2333
3153
3565
3947
4524
4905
4675
4052
3196
2328
1266
96
-888
-1925
-3060
-4539
-6100
-7376
-8237
-8728
-9453
-10441
-11076
-11015
-10338
-9680
-9145
-8292
-6336
-3141
101
2246
3502
5459
8716
11426
12111
11269
10727
11085
10834
9285
6812
4972
3938
2447
378
-1542
-2358
-2585
-3575
-5236
-6563
-6698
-6337
-6642
-7623
-8381
-8052
-6892
-5638
-4557
-3273
-1311
978
3283
5836
8406
10689
11910
12323
12671
13047
13068
11713
9308
7011
5152
3734
1877
-287
-2240
-3784
-4771
-5678
-6285
-6487
-6674
-7067
-7494
-7192
-6089
-4967
-4221
-3777
-2773
-1091
761
2250
2983
3567
4252
4859
5156
4917
4553
3801
2744
1648
438
-588
-1777
-3351
-5192
-7008
-8264
-9115
-9931
-10915
-11800
-12045
-11645
-10948
-10166
-8628
-5801
-2518
-115
1325
3352
6851
10156
11526
10943
10481
11295
11987
11237
9041
7056
6081
5004
3251
1273
27
-728
-2011
-3928
-5636
-6263
-6235
-6767
-8125
-9346
-9373
-8210
-6846
-6024
-5370
-3753
-1048
1746
4059
6258
8770
10815
11807
12372
13045
13626
13010
11067
8903
7256
6186
4685
2301
-145
-1869
-2786
-3667
-4912
-5941
-6479
-6827
-7335
-7698
-7156
-6080
-5326
-5028
-4398
-2710
-619
1040
1881
2406
3322
4478
5267
5132
4586
4147
3696
2896
1563
377
-656
-2124
-3985
-5887
-7251
-8287
-9505
-10794
-12071
-12586
-12277
-11864
-11308
-9877
-6903
-3480
-1299
189
2610
6530
9816
10741
10240
10324
11540
12063
10983
8946
7436
6763
5672
3980
2261
1166
461
-995
-2958
-4533
-5192
-5588
-6774
-8456
-9637
-9722
-8780
-7765
-7243
-6716
-5162
-2188
937
3365
5531
7974
10246
11678
12645
13610
14047
13194
11404
9707
8482
7275
5516
3068
687
-806
-1658
-2588
-3944
-5280
-6096
-6643
-7115
-7406
-7139
-6577
-6338
-6018
-4964
-3072
-1164
107
885
1725
3010
4414
5155
4938
4397
4115
3859
3148
2007
902
-361
-1918
-3656
-5149
-6320
-7561
-8887
-10379
-11561
-11965
-11669
-11286
-10942
-9458
-6545
-3579
-1556
120
3038
6719
9159
9835
9841
10664
11709
11642
10321
8508
7509
6816
5483
3702
2106
1347
427
-1200
-2969
-4114
-4617
-5508
-6932
-8435
-9214
-9022
-8455
-7915
-7663
-6614
-4036
-1117
1353
3594
6311
9090
10806
11974
13039
13723
13601
12224
10610
9142
7847
6507
4320
2052
344
-647
-1468
-2932
-4374
-5270
-5833
-6590
-7435
-7566
-7266
-7028
-6901
-6348
-4955
-3232
-1637
-502
322
1470
3048
4284
4437
4021
4056
3961
3287
2207
978
-167
-1608
-3195
-4789
-6380
-7727
-8822
-9841
-10873
-11427
-11202
-10436
-8838
-6536
-4163
-2543
-1047
1801
5439
7823
8177
7972
9026
10359
10540
9433
8064
7535
6874
5733
4473
3407
2743
1624
-151
-1902
-2851
-3247
-4401
-6306
-8057
-8704
-8527
-8180
-7959
-7809
-7104
-5024
-1967
817
2895
5041
7658
9687
11101
12272
13104
12943
11557
10160
9224
8214
6869
4676
2451
913
175
-408
-1743
-3379
-4552
-5178
-5688
-6512
-6897
-6850
-6964
-7015
-6525
-5050
-3443
-2336
-1594
-759
635
2214
3332
3489
2911
2839
3176
2962
1811
358
-865
-2081
-3615
-5128
-6401
-7635
-8734
-9743
-10436
-10480
-9645
-7827
-5863
-4170
-2795
-1094
1804
4849
6736
7047
6950
7866
9215
9546
8450
7138
6610
6259
5506
4427
3643
3073
1915
346
-933
-1560
-2124
-3478
-5340
-7044
-7660
-7424
-7259
-7392
-7576
-6782
-4935
-2585
70
2489
4521
6390
8246
10222
11830
12453
11995
10754
9634
8975
8213
6762
4392
2322
1182
532
-56
-1221
-2465
-3470
-4233
-4633
-4882
-5100
-5555
-6120
-6219
-5545
-4229
-3033
-2396
-1995
-1165
317
1866
2644
2579
2312
2176
2183
1960
1084
-385
-1971
-3431
-4706
-5848
-7087
-8258
-9407
-10264
-10311
-9716
-8507
-6633
-4578
-2613
-1255
696
3814
6542
7717
7252
7163
8374
9319
9023
7494
6269
5913
5523
4767
3685
2873
2005
759
-659
-1724
-2230
-3109
-4633
-6349
-7455
-7497
-7160
-6905
-6999
-6938
-5684
-3368
-490
1689
3224
5373
7573
9650
11104
11898
12336
11440
10346
9369
8439
7396
5269
3111
1198
200
-49
-1116
-2450
-3770
-4436
-4439
-4846
-5248
-5648
-5861
-5933
-5728
-4783
-3633
-2668
-2171
-1695
-544
981
2167
2349
1988
1779
1927
1904
976
-410
-1924
-3220
-4512
-5850
-7092
-8332
-9463
-10402
-10532
-9806
-8412
-6239
-4346
-2612
-1048
1213
4487
6783
7447
6917
7083
8266
8778
8156
6596
5549
5308
4896
4235
3328
2757
2015
691
-646
-1418
-1770
-2917
-4931
-6699
-7504
-7293
-7071
-7195
-7317
-6939
-5186
-2772
-618
1149
3223
5698
7699
9170
10467
11578
11744
10871
9850
9047
8367
7069
5207
3113
1582
1033
276
-1005
-2464
-3356
-3688
-4281
-4883
-5270
-5409
-5429
-5551
-5144
-4152
-2905
-1923
-1481
-884
268
1589
2232
1942
1488
1460
1577
993
-109
-1293
-2358
-3320
-4705
-6095
-7358
-8460
-9358
-10330
-10485
-9873
-8435
-6296
-4495
-2679
-769
2007
5275
7249
7810
7802
8465
9470
9346
8189
6691
5831
5375
4461
3338
2445
2029
1252
-221
-1294
-1733
-2131
-3488
-5359
-6606
-7157
-7075
-7195
-7494
-7481
-6692
-4702
-2455
-575
1280
3797
6419
8454
9968
11298
12413
12381
11607
10673
9622
8549
6717
4545
2558
1186
520
-682
-2115
-3126
-3616
-3809
-4526
-5085
-5249
-5416
-5531
-5657
-5273
-4408
-3456
-2685
-2193
-1228
244
1460
1899
1731
1808
2095
2016
1169
-208
-1451
-2579
-3795
-5338
-7006
-8190
-9099
-9878
-10314
-9789
-7885
-5782
-4059
-2525
-620
2511
5395
6876
7085
7007
7913
8540
8145
7021
5814
5289
4794
4176
3497
2969
2558
1722
584
-427
-920
-1516
-3081
-5096
-6622
-7054
-7007
-7327
-7784
-7883
-6713
-4504
-2487
-781
918
3396
6122
7934
9352
10548
11576
11686
10785
10101
9474
8541
6814
4633
3063
2095
1425
150
-1525
-2497
-2845
-3160
-3985
-4837
-5109
-5207
-5350
-5507
-5209
-4362
-3541
-2940
-2437
-1524
-173
814
1002
848
939
1241
1046
9
-1173
-2336
-3237
-4129
-5821
-7366
-8583
-9228
-9365
-9713
-8998
-7036
-4771
-2793
-1519
541
3855
6616
7508
7177
7302
8480
8996
7711
6030
5036
4757
4240
3035
2192
1820
1381
628
-484
-1160
-1479
-2388
-3874
-5557
-6679
-6787
-6886
-7272
-7765
-7551
-5769
-3452
-1722
-108
1989
5114
7734
9207
10598
11692
12519
12054
10939
10187
8952
7669
5441
3070
1841
953
210
-1457
-2822
-3017
-3097
-3390
-4324
-4826
-4836
-4950
-5028
-5260
-4867
-4094
-3416
-3048
-2586
-1341
-143
408
254
219
673
477
-165
-1381
-2714
-3421
-4834
-6371
-7968
-9173
-9163
-9362
-8869
-7176
-5171
-2774
-1112
967
4136
6605
7903
8029
8039
8668
8671
7693
6195
4888
4102
3365
2533
1882
1533
999
487
22
-578
-1091
-2078
-3273
-4675
-6219
-6775
-7031
-7358
-7818
-7878
-6307
-4124
-2249
-572
1209
3706
6816
8961
10033
10805
11314
11911
11348
10175
9418
7775
6098
4311
2799
2062
674
-632
-1995
-2956
-2824
-3192
-3897
-4919
-5312
-4766
-4664
-4525
-4330
-3965
-3263
-2421
-1598
-944
-261
117
277
151
92
163
-683
-1833
-3121
-4090
-4667
-6041
-7642
-9108
-9870
-9477
-9015
-8083
-6218
-4178
-2007
36
2537
5815
7802
8339
8517
8854
9720
9528
8114
6478
5189
4607
3981
3052
2077
1274
530
-168
-656
-1329
-2207
-3637
-5158
-6265
-7107
-7291
-7544
-8133
-8205
-7274
-4989
-2636
-1050
721
3151
6192
8917
10407
11185
11976
12354
12069
11247
10048
8778
6860
4786
3209
2024
1171
-328
-1966
-2953
-3242
-3230
-3983
-4969
-5392
-5312
-4985
-4816
-4632
-4120
-3385
-2627
-1840
-1049
-337
157
49
-286
-256
-448
-1196
-2549
-4054
-4972
-5882
-7471
-8825
-9981
-10189
-9301
-8246
-6149
-4101
-2368
112
2936
6109
8132
8409
8817
9486
9939
9334
7938
6774
5624
4509
3506
2920
2462
1641
652
-266
-439
-877
-1924
-3416
-5074
-6110
-7054
-7643
-7943
-8684
-8781
-7775
-5843
-3498
-1764
203
2883
5897
8640
10602
11626
12280
12667
12534
11885
10559
8901
6946
4915
3435
2154
916
-587
-2128
-2921
-3365
-3610
-4186
-5195
-5703
-5827
-5528
-5114
-4845
-4356
-3786
-2857
-1756
-642
112
358
352
357
225
-66
-955
-2559
-4217
-5672
-6823
-8213
-9693
-10708
-10863
-10062
-8128
-5480
-3420
-1730
682
4176
7500
8490
8409
8805
9499
9702
8377
7017
6140
5253
4331
3268
3126
3241
2593
1368
461
356
-131
-1628
-3743
-5650
-7022
-7945
-8493
-9137
-9856
-9521
-7892
-5438
-3267
-1037
1791
4804
7453
9695
11804
13006
13369
12851
12082
11578
10211
8400
6027
3837
2881
1759
456
-1169
-2432
-2900
-3636
-4316
-5135
-5769
-6201
-6581
-6449
-6062
-5173
-4318
-3611
-2798
-1393
192
835
931
721
515
499
-261
-1640
-3411
-5238
-6622
-8135
-9574
-10538
-10689
-10006
-8147
-5697
-3758
-1821
1065
4696
7158
7674
8090
9123
9842
9053
7542
6644
6092
5408
4194
3246
3418
3593
3015
1911
1384
1280
411
-1460
-3489
-5068
-6650
-7923
-8923
-9891
-10385
-9687
-7949
-6057
-4157
-1546
1754
5035
7664
9943
11848
13108
13878
13613
12744
11874
10398
8488
6357
4643
3424
1835
135
-1173
-1995
-2725
-3731
-4881
-5921
-6536
-6882
-7356
-7678
-7355
-6450
-5519
-4533
-3282
-1719
-593
117
581
847
734
124
-846
-2456
-3754
-5287
-7222
-8722
-9930
-9756
-8840
-7399
-5214
-3580
-1594
1546
5161
7366
7425
7570
8521
9237
8329
6457
5267
4415
3865
2967
2346
2778
3075
2799
2155
2336
2876
1904
-151
-2289
-3816
-5158
-6897
-8549
-10032
-10824
-10249
-8622
-6815
-5016
-2330
1135
4338
7221
9574
11716
12999
13037
13054
12623
11753
10327
8065
6303
4924
4022
2756
962
-83
-690
-1228
-2472
-3841
-4766
-5882
-6909
-7869
-8301
-8277
-7858
-7363
-6746
-5208
-3425
-2098
-1563
-1106
-355
-218
-724
-1708
-2928
-4255
-6044
-7456
-8565
-8971
-8396
-7188
-5153
-3113
-1266
1317
4709
7603
8329
7924
8339
9322
8895
6394
4353
3563
2922
1868
688
831
1621
1858
1683
1897
2881
3025
1655
-309
-1703
-2762
-4432
-6544
-8353
-9576
-9706
-8778
-7410
-6039
-4267
-1035
2712
5634
7952
9902
11601
12393
12172
11975
11094
9416
7711
5902
4629
3982
3065
1729
724
540
767
112
-1429
-2540
-3425
-4482
-5712
-6880
-7587
-7973
-7782
-7285
-6732
-5331
-4017
-3471
-3086
-2608
-2080
-2417
-3583
-4950
-6094
-7367
-8762
-9145
-9289
-7749
-4834
-3270
-1388
1185
5248
9530
10026
9608
10238
11044
10984
8229
5344
3539
2316
839
-1196
-1826
-1290
-765
-1098
-780
1149
2245
1915
371
-616
-840
-1930
-3312
-5704
-7635
-7562
-6931
-5891
-5105
-3472
-162
3138
5604
8061
10382
11676
12035
11102
10448
9809
7565
5136
2681
1258
1052
32
-1016
-1460
-972
-77
-141
-619
-974
-1393
-2185
-3218
-4215
-4796
-5197
-5763
-5906
-5553
-4316
-3326
-3485
-3368
-2910
-2687
-2971
-4308
-5582
-6798
-8261
-9700
-10695
-10121
-8493
-6397
-4689
-2909
671
5259
8836
10037
10011
11180
12526
12104
9600
6919
5264
3535
1500
-589
-1447
-1261
-1920
-2532
-1989
-306
747
-106
-1483
-1745
-1437
-2088
-3753
-5567
-6621
-6233
-5408
-4595
-3343
-1023
2353
5089
7636
10146
12577
13642
12646
12062
11469
9841
7277
3895
1498
146
-973
-2332
-3665
-3868
-3302
-2909
-3249
-3224
-2916
-3569
-4296
-4856
-4941
-5040
-5287
-5238
-5223
-4063
-2891
-2431
-2585
-2654
-1992
-2173
-2924
-4245
-5668
-6885
-8499
-8877
-8645
-7438
-5706
-4906
-2877
396
4759
7740
8150
8921
10407
11794
11099
8780
6938
5120
3582
1651
-125
-958
-1613
-2235
-2860
-2208
-780
-592
-1391
-2436
-2357
-1998
-2719
-3893
-5470
-5904
-4992
-3892
-2886
-1320
1523
4383
6950
9599
12341
14194
13910
13213
12636
11527
9475
6153
2872
499
-824
-2110
-3868
-4812
-4775
-4324
-4261
-4286
-3884
-4100
-4951
-5669
-5835
-5884
-6102
-6423
-6739
-6075
-4689
-3736
-3595
-3480
-2877
-2307
-2206
-2984
-3761
-4750
-6218
-6528
-6502
-5098
-3194
-3410
-2814
392
4858
7564
7209
7156
9293
11034
10159
8349
6813
5351
3863
1634
295
15
-1119
-2710
-3727
-2893
-1248
-1543
-2929
-3729
-3396
-2848
-3035
-3829
-5065
-5527
-4412
-2636
-1151
709
2997
5513
8258
11137
14003
15131
14500
13794
13203
12271
10071
6644
3026
547
-768
-2153
-3900
-5355
-5729
-5847
-5868
-5551
-5649
-6254
-7234
-7569
-7354
-7202
-7228
-7624
-7673
-6771
-5152
-4418
-4388
-4301
-4161
-3531
-4066
-4664
-4888
-5766
-4867
-3500
-2227
-614
193
2215
5024
6994
8001
8203
8533
8729
8137
6489
5384
4359
1931
191
-748
-917
-1092
-2528
-2929
-2229
-1526
-1315
-1940
-2294
-2427
-2829
-3401
-3929
-4150
-4540
-4702
-4075
-2589
-329
1965
4508
6826
9273
12077
13902
14780
14263
13344
12573
10637
8517
5984
3286
1239
-359
-1484
-2410
-2849
-3392
-3860
-4155
-4372
-4416
-5492
-6697
-7571
-8073
-8126
-8416
-8575
-8685
-8285
-7524
-7119
-6708
-6460
-6725
-7111
-7412
-6898
-5975
-5244
-4047
-2309
-27
2598
5149
7749
9440
10356
11096
11623
11777
10453
8148
6200
4632
2892
635
-1409
-2831
-3711
-4539
-5098
-4685
-4501
-4803
-4973
-4851
-4251
-4141
-4732
-5040
-4969
-4354
-3464
-2400
-1112
1279
3970
6531
9422
11608
13815
15038
14992
15058
14101
12286
9881
7144
4683
2428
407
-1455
-2664
-3485
-3642
-3701
-4105
-4000
-4266
-4694
-5088
-5595
-5966
-6547
-6759
-6798
-6791
-6494
-6220
-6146
-6134
-6276
-6331
-6939
-7890
-8561
-8770
-8006
-6775
-4942
-3219
-1505
1252
4716
8098
9467
9796
10982
12032
12178
10392
8381
7206
5533
3427
1341
401
-324
-1867
-3259
-3605
-2819
-3089
-4579
-5575
-5879
-5869
-6523
-7521
-7892
-7843
-7156
-5968
-4213
-1582
1303
4097
7035
10280
13358
15268
15597
15540
15462
14415
12314
9803
7065
4663
2691
842
-544
-1804
-2633
-3044
-3627
-3938
-4287
-5297
-6488
-7178
-7748
-8338
-8602
-8868
-8801
-8366
-7432
-6393
-6272
-6040
-5442
-4861
-4817
-5993
-6665
-5693
-3715
-1819
-1305
-1073
1215
5080
7982
8543
8180
8988
10364
10177
8508
7212
6017
4241
2105
462
533
401
-1579
-3348
-3073
-1463
-1122
-2665
-4065
-4103
-3820
-4380
-5221
-6082
-6522
-6394
-5744
-3889
-1210
902
2709
5056
8339
11724
13081
12918
12697
12301
11671
10164
7723
5268
3135
1473
638
178
-482
-1096
-1718
-1759
-1287
-1763
-3030
-4462
-5740
-6646
-7339
-8095
-8844
-9478
-9759
-9266
-8416
-8132
-8188
-8338
-8746
-8381
-7771
-6815
-4835
-2643
-1210
-17
1987
5780
9544
10000
8568
9161
11197
11921
9813
6651
5753
5429
3376
1266
531
241
-1004
-3020
-3281
-1286
-859
-3155
-4895
-4297
-3099
-3216
-4891
-5848
-5434
-4899
-4124
-2655
-1012
765
2739
4715
7645
10407
11429
11287
10803
10769
10771
9057
6269
4125
2610
1417
656
-111
-818
-1248
-1509
-1161
-761
-1260
-2521
-3872
-4707
-4978
-5672
-6915
-7673
-7980
-8121
-7780
-7469
-7557
-8040
-8657
-8535
-8404
-8497
-8341
-7539
-5799
-3805
-2085
226
3410
6301
7963
8997
10365
11835
11710
9941
8584
7791
6369
4057
1730
582
7
-1355
-2695
-2615
-2139
-2253
-3120
-3546
-2879
-2486
-3455
-4412
-4255
-3827
-3616
-3223
-2060
-18
1811
3743
6135
8762
10654
11539
11793
11827
11641
10162
7716
5424
3481
1660
-347
-1777
-2428
-2686
-2918
-2913
-2285
-1764
-1964
-2691
-3235
-3459
-4035
-5082
-6312
-6724
-6828
-7194
-7659
-7619
-7441
-7608
-8359
-8778
-8703
-8676
-8387
-7315
-4985
-3020
-1573
82
3564
7066
8409
8484
9421
10895
10776
8891
7160
6447
5125
2657
551
40
-255
-1551
-3041
-2901
-1747
-1747
-2815
-3432
-2862
-2518
-3064
-3921
-3780
-3252
-2333
-1263
242
2205
4426
6451
8193
9989
11334
11908
11188
10182
9315
7898
5559
3248
1485
148
-924
-1700
-2104
-2175
-1985
-1787
-1691
-1878
-2253
-3126
-4028
-4810
-5488
-6607
-7570
-8004
-8364
-8658
-8541
-8759
-9156
-9649
-9812
-9006
-8293
-6908
-5012
-2988
-914
1399
4487
7184
8595
8994
9606
10783
10529
8683
6688
5226
4365
2423
88
-1091
-1551
-2394
-3429
-3558
-2752
-2470
-3066
-3502
-3036
-2075
-2248
-2455
-2390
-1246
357
1106
2312
3863
5795
7298
8208
9090
9864
10004
8977
7696
6834
5557
3734
1576
92
-401
-1035
-1883
-2374
-2094
-1576
-1361
-1733
-1954
-1976
-2453
-3303
-4238
-4855
-5599
-6232
-7118
-7577
-7746
-8462
-9106
-10043
-10081
-9797
-9024
-7925
-5924
-3606
-1361
1126
3866
6486
7896
8565
9013
9641
9133
7432
5569
4259
3133
1551
-201
-1251
-1644
-2073
-2418
-2450
-1755
-1613
-1868
-2395
-1977
-1724
-1722
-1867
-1663
-570
595
2024
3126
4729
6327
7888
8865
9497
9816
9546
8594
7354
6163
4652
2943
1128
-143
-1106
-1643
-2174
-2615
-2879
-2774
-2784
-3267
-3881
-4442
-5132
-6048
-6765
-7505
-7990
-8595
-8892
-9031
-9247
-9382
-9545
-9718
-9034
-7123
-4501
-2382
-879
1553
5002
8063
8939
9029
9904
10921
10408
8295
6286
5266
4115
2119
173
-824
-1322
-2542
-3805
-4055
-3356
-3239
-4336
-5177
-4801
-3470
-2881
-3176
-2794
-1253
673
1868
2680
4117
5879
7166
7708
8507
9416
9485
8767
8042
7957
7623
6299
4462
3288
2942
2345
983
-695
-1609
-2170
-3064
-4492
-5726
-6643
-7597
-8610
-9352
-9561
-9897
-10303
-10658
-10438
-10284
-10174
-10832
-10742
-9203
-6816
-4352
-2812
-406
2823
6462
8675
9569
10633
11815
12003
10694
8706
7286
5912
3874
1743
90
-410
-1264
-2240
-2811
-2155
-1439
-1699
-2521
-2825
-1855
-1416
-1622
-2296
-1774
-600
17
324
790
2361
3603
4127
4614
5384
6356
6464
5932
5948
6202
5975
4721
3615
3462
3241
2409
1022
218
-12
-517
-1678
-3004
-3766
-4409
-5495
-6822
-7755
-8393
-9114
-10171
-10992
-11261
-11628
-12215
-12318
-10768
-8239
-5881
-4081
-1606
1971
5254
7049
7838
9080
10520
10708
9230
7706
6891
6282
4898
3170
2127
1699
1339
554
83
287
594
45
-787
-1110
-626
-397
-1196
-1713
-1354
-354
-75
-322
252
1631
2850
3025
3066
3882
4731
4773
4336
4324
4554
4252
3521
2926
2822
2568
1833
803
147
-110
-817
-2154
-3520
-4370
-5095
-6305
-7640
-8670
-9160
-9657
-10325
-10848
-11092
-11066
-10374
-8869
-6787
-4731
-2763
-204
2469
4650
5716
6545
7448
7969
7591
6412
5365
4692
4204
3670
2907
2066
1788
1924
1853
1410
1114
1285
1373
812
730
1272
1775
1628
1404
2092
2784
2841
2296
2371
3056
3075
2516
2190
2367
2552
2362
2249
2280
2380
2378
2180
1947
1723
1329
510
-379
-1323
-2255
-3318
-4615
-6011
-6933
-7507
-8230
-9090
-9687
-9728
-9739
-9931
-10285
-9655
-7708
-5631
-4186
-2491
215
3030
4332
4842
6084
7745
8163
6771
5476
4982
4689
3630
2404
1604
964
584
354
32
-381
-396
-53
-96
-274
-18
919
1363
1272
1743
2993
3933
3519
3328
4122
5109
4926
4136
4260
4936
4926
4281
3896
4067
3903
3078
2104
1625
1098
22
-1238
-2449
-3305
-4447
-5559
-6774
-7601
-8111
-8733
-9352
-10148
-10289
-10259
-10344
-10494
-9518
-7278
-5243
-3439
-1602
1273
3650
4525
4940
6039
7409
7118
5576
4458
4300
4217
3580
2765
2219
2082
2360
2217
1617
1002
1162
1112
278
-566
-698
-124
-570
-1056
-529
819
1081
564
1121
2694
3650
3175
2982
3848
4829
4643
4228
4500
5086
4966
4351
4092
3901
3146
2082
936
-272
-1803
-3477
-4985
-6467
-7722
-8976
-9918
-10778
-11530
-11756
-11526
-11354
-10281
-8378
-6074
-3831
-1794
812
2855
3937
4595
5544
6666
6532
5415
4589
4295
4512
4352
3878
3241
2969
3470
3537
2565
1530
1654
1760
1038
-227
-264
286
-78
-806
-589
568
449
-440
-343
910
1521
920
638
1626
2610
2823
2740
3220
4023
4345
4286
4133
3869
3347
2649
1676
445
-1227
-2545
-3985
-5251
-6713
-7738
-8425
-9240
-10000
-10332
-9821
-9059
-7924
-6937
-4793
-2444
-430
405
1134
2598
4075
4701
4363
4123
4196
4146
3839
4233
4523
4159
3252
3619
4209
3560
2048
1635
2085
1843
680
-59
491
560
158
15
811
711
-190
-245
544
859
73
-161
686
1560
1736
1818
2446
3136
3273
3186
3342
2955
1942
1046
478
-624
-2402
-3925
-4776
-5449
-6551
-7594
-8041
-8085
-8556
-8967
-8418
-6736
-5609
-4537
-2585
96
1787
1789
2339
3860
5453
5086
3821
3540
3868
3613
3014
3035
3200
2654
2284
2758
2807
1888
1126
1438
2044
1433
490
726
1326
1175
662
1085
1449
659
-149
248
931
326
-653
-325
867
1202
674
857
1822
2278
1766
1496
1480
1020
88
-618
-1115
-2121
-3369
-4266
-4520
-5008
-5853
-6517
-6791
-6914
-7267
-7154
-6261
-5384
-4315
-2688
-604
559
608
1027
2394
3657
3496
2695
2627
3273
3535
3548
3821
4269
4170
4262
4856
4965
4168
3410
3548
3919
3271
2173
1742
1774
1487
708
519
256
-531
-1318
-1316
-1002
-1368
-1929
-1614
-683
-228
-190
99
897
1420
1408
1389
1189
648
99
-299
-910
-2029
-3101
-3644
-4007
-4752
-5683
-6098
-6208
-6625
-7016
-6916
-6002
-5377
-4538
-2814
-632
572
432
973
2467
3798
3484
2588
2511
2979
2961
2807
3045
3310
3206
3357
4064
4218
3426
2992
3421
3964
3555
2689
2691
2933
2845
2311
2436
2332
1556
826
718
794
69
-700
-755
-272
-235
-595
-489
85
412
207
89
-127
-563
-1103
-1508
-2000
-3043
-3848
-4300
-4452
-4844
-5467
-5659
-5576
-5652
-5934
-5773
-5221
-4735
-3883
-2411
-943
-614
-709
-128
1148
1793
1305
831
996
1481
1663
2073
2614
2904
3085
3824
4620
4421
3788
3776
4330
4497
3865
3474
3605
3648
3366
3268
3446
3044
2189
1742
1756
1328
390
-268
-184
-42
-297
-533
-331
59
234
209
106
-238
-724
-1057
-1422
-2272
-3361
-4077
-4382
-4664
-5271
-5621
-5560
-5435
-5484
-5382
-4907
-4466
-3932
-2859
-1332
-583
-754
-711
217
1149
964
360
264
660
829
1050
1637
2189
2339
2669
3571
4004
3406
2760
3067
3618
3256
2590
2592
2972
2916
2558
2710
2914
2557
1919
1766
1694
1250
674
772
1200
1211
1137
1424
1961
2076
1980
1872
1578
905
227
-166
-810
-1941
-2988
-3417
-3614
-4324
-5202
-5604
-5693
-6091
-6704
-6781
-6522
-6303
-5902
-4642
-3080
-2393
-2346
-1804
-378
450
301
25
437
981
1160
1535
2324
2924
3128
3679
4459
4655
3908
3469
3810
3942
3352
2794
2864
2977
2599
2230
2288
2137
1472
768
506
302
-148
-437
0
527
746
928
1404
1842
1929
1927
1889
1706
1286
993
794
347
-434
-1053
-1331
-1657
-2446
-3224
-3648
-4027
-4643
-5338
-5594
-5742
-5751
-5417
-4496
-3422
-3044
-2973
-2494
-1663
-1404
-1915
-2356
-2148
-1860
-1728
-1410
-646
181
726
1384
2218
2613
2440
2482
2980
3447
3471
3423
3663
4067
4190
4122
4107
3935
3470
3091
2975
2728
2488
2524
2800
2900
2675
2452
2370
2332
2028
1596
1178
653
-34
-561
-831
-1363
-2079
-2477
-2466
-2514
-2879
-3276
-3384
-3380
-3676
-4183
-4507
-4582
-4612
-4337
-3583
-2687
-2499
-2569
-2480
-2152
-2080
-2505
-2834
-2856
-2628
-2461
-2134
-1587
-865
-180
676
1342
1712
1934
2213
2634
2853
3010
3239
3385
3348
3284
3288
3200
2902
2666
2712
2842
2742
2645
2746
3008
3061
2987
2997
2955
2809
2591
2300
1958
1566
1108
657
245
-143
-476
-787
-1016
-1250
-1526
-1858
-2316
-2728
-3041
-3372
-3920
-4348
-4517
-4391
-4185
-4065
-3972
-3979
-3820
-3834
-3903
-4061
-4124
-4041
-3879
-3598
-3074
-2289
-1527
-720
175
1144
1758
2121
2564
3090
3432
3563
3821
4181
4337
4380
4417
4548
4499
4270
4008
3813
3564
3147
2927
2784
2593
2373
2353
2312
2156
2020
1894
1696
1305
881
486
83
-415
-988
-1277
-1475
-1881
-2353
-2626
-2873
-3238
-3623
-3811
-3934
-4243
-4498
-4560
-4200
-3781
-3706
-3651
-3339
-2984
-3039
-3298
-3414
-3309
-3216
-3238
-3000
-2406
-1719
-1231
-565
359
1029
1283
1584
2131
2491
2581
2837
3461
3866
3829
3879
4196
4401
4229
4005
4044
4005
3780
3720
3959
4032
3872
3975
4276
4147
3634
3301
3085
2526
1518
684
151
-563
-1481
-2159
-2450
-2810
-3422
-3813
-3890
-4086
-4567
-4842
-4744
-4767
-5084
-5253
-4865
-4260
-3913
-3934
-3628
-3051
-2815
-3092
-3230
-3042
-2774
-2667
-2523
-1923
-1182
-672
-220
483
1124
1281
1230
1539
1890
1845
1730
2217
3048
3367
3322
3612
4154
4326
4253
4273
4400
4250
4057
4165
4301
4042
3793
4017
4139
3630
2920
2710
2481
1648
708
200
-222
-992
-1697
-1815
-1843
-2331
-2890
-2902
-2762
-3234
-3963
-4137
-4008
-4398
-4998
-4924
-4308
-4132
-4508
-4396
-3625
-3227
-3715
-4130
-3691
-3107
-3214
-3332
-2656
-1666
-1123
-762
181
1219
1664
1822
2456
3209
3305
3119
3601
4447
4525
4021
3867
4097
3974
3448
3238
3236
2991
2731
2978
3332
3110
2849
3257
3719
3285
2562
2402
2441
1859
905
497
257
-430
-1155
-1259
-1214
-1861
-2652
-2751
-2634
-3302
-4325
-4690
-4529
-4817
-5526
-5418
-4644
-4326
-4677
-4347
-3197
-2586
-3104
-3478
-2849
-2256
-2427
-2679
-1993
-1049
-732
-463
461
1413
1665
1728
2355
3014
2888
2615
3208
4060
4069
3476
3486
3908
3805
3422
3430
3544
3256
3038
3319
3565
3149
2804
3212
3531
2907
2043
1935
2013
1280
376
91
-54
-732
-1369
-1347
-1249
-1821
-2492
-2465
-2367
-3022
-3958
-4150
-3977
-4400
-4896
-4660
-4148
-4373
-4757
-4250
-3335
-3197
-3827
-3855
-3122
-2737
-3060
-2882
-1937
-1200
-986
-436
597
1198
1275
1627
2528
2915
2581
2693
3680
4384
3971
3500
3888
4178
3808
3378
3467
3512
3227
3165
3427
3432
2953
2833
3267
3282
2427
1737
1792
1616
846
172
-29
-339
-888
-1109
-989
-1205
-1762
-1948
-1761
-1933
-2805
-3374
-3232
-3261
-3768
-4012
-3676
-3617
-4084
-4142
-3487
-3015
-3388
-3828
-3463
-2862
-2885
-3079
-2568
-1708
-1252
-1001
-331
384
730
922
1477
2046
2060
1996
2611
3568
3811
3412
3487
4001
4128
3875
3784
3852
3725
3547
3562
3586
3210
2823
2885
3049
2512
1592
1316
1299
819
37
-437
-655
-1154
-1704
-1903
-1950
-2322
-2766
-2777
-2624
-3001
-3515
-3481
-3139
-3083
-3291
-3126
-2815
-2921
-3165
-2919
-2395
-2289
-2669
-2763
-2321
-1992
-1974
-1729
-1136
-561
-244
111
635
996
1127
1282
1585
1697
1569
1728
2364
2789
2606
2425
2682
3003
2974
2820
2896
3084
3115
3075
3132
3116
2992
2934
3110
2994
2440
2090
1996
1825
1264
706
386
34
-500
-1039
-1342
-1648
-2127
-2549
-2733
-3031
-3521
-3819
-3809
-3722
-3823
-3896
-3886
-3898
-4023
-4015
-3747
-3456
-3420
-3575
-3412
-3017
-2619
-2294
-1916
-1327
-671
-119
341
876
1450
1927
2275
2624
2928
3168
3483
3779
3775
3488
3285
3310
3279
3077
2857
2861
3002
3002
2890
2850
2870
2811
2782
2671
2317
1890
1598
1439
1081
559
136
-134
-460
-935
-1330
-1568
-1817
-2206
-2517
-2737
-3007
-3295
-3381
-3179
-3085
-3167
-3269
-3217
-3191
-3276
-3216
-2973
-2763
-2883
-2979
-2795
-2444
-2217
-2072
-1672
-1151
-823
-576
-147
406
777
1010
1440
1923
2275
2629
3015
3149
2996
2868
2937
3025
2867
2620
2684
2918
2942
2842
2828
2937
2880
2858
2775
2503
2203
1894
1694
1387
936
535
245
-31
-433
-818
-955
-1116
-1421
-1718
-1981
-2200
-2518
-2765
-2783
-2823
-2993
-3244
-3328
-3337
-3467
-3575
-3428
-3039
-2943
-3099
-3052
-2654
-2160
-1946
-1723
-1213
-645
-283
106
683
1253
1546
1931
2501
2945
3221
3353
3374
3238
3048
2904
2846
2705
2510
2455
2581
2547
2398
2331
2327
2149
1928
1768
1498
1185
880
730
539
188
-163
-352
-469
-734
-1113
-1280
-1285
-1493
-1818
-2036
-2132
-2298
-2548
-2617
-2560
-2588
-2796
-2949
-2895
-2836
-2869
-2806
-2417
-2098
-2146
-2236
-1986
-1538
-1358
-1326
-1114
-692
-389
-180
172
648
971
1296
1780
2269
2605
2741
2781
2890
2906
2843
2871
2972
3006
3006
3147
3222
3203
3077
2987
2759
2450
2088
1730
1463
1112
833
571
285
-115
-495
-734
-1064
-1513
-1867
-2039
-2281
-2624
-2920
-2975
-2929
-2992
-3009
-2869
-2650
-2639
-2717
-2640
-2444
-2423
-2499
-2253
-1815
-1611
-1750
-1736
-1331
-1001
-992
-1014
-715
-327
-155
-16
368
823
1133
1485
1987
2421
2386
2205
2318
2455
2383
2217
2284
2478
2601
2636
2779
2922
2931
2914
2852
2717
2380
2099
1989
1781
1470
1183
1006
730
357
15
-331
-793
-1279
-1622
-1942
-2382
-2878
-3111
-3128
-3252
-3423
-3395
-3190
-3142
-3262
-3299
-3127
-3032
-3064
-2872
-2440
-2082
-2107
-2075
-1662
-1219
-1017
-911
-556
-43
247
502
979
1496
1851
2162
2632
2960
2786
2470
2460
2474
2216
1935
1955
2095
2138
2150
2288
2392
2320
2256
2229
2094
1636
1308
1335
1190
832
560
529
438
161
-107
-259
-462
-795
-1061
-1240
-1496
-1892
-2074
-2018
-2083
-2306
-2381
-2235
-2204
-2420
-2597
-2603
-2626
-2752
-2715
-2417
-2125
-2168
-2205
-1879
-1544
-1394
-1358
-1086
-684
-409
-204
171
694
1181
1620
2071
2385
2354
2243
2347
2456
2356
2212
2281
2449
2537
2566
2601
2648
2563
2428
2247
1974
1566
1297
1282
1115
798
613
634
580
305
14
-152
-376
-770
-1174
-1448
-1679
-2068
-2348
-2369
-2415
-2579
-2710
-2645
-2569
-2664
-2768
-2731
-2567
-2439
-2208
-1783
-1355
-1200
-1119
-823
-526
-405
-419
-273
-7
167
295
644
1136
1517
1835
2162
2306
2080
1870
1917
1875
1649
1429
1504
1673
1704
1706
1818
1961
1929
1841
1716
1531
1218
1015
979
827
593
415
398
308
72
-174
-329
-545
-884
-1185
-1395
-1554
-1771
-1865
-1817
-1863
-1933
-1979
-1932
-1946
-2073
-2130
-2074
-2016
-1984
-1760
-1391
-1163
-1210
-1143
-816
-617
-639
-644
-374
-54
139
440
958
1500
1902
2212
2392
2402
2262
2184
2204
2095
1874
1780
1925
2033
1998
1911
1928
1864
1700
1441
1092
832
608
488
354
142
-8
-52
-50
-273
-574
-769
-940
-1257
-1653
-1904
-2045
-2157
-2249
-2262
-2197
-2176
-2173
-2113
-2036
-2029
-2016
-1906
-1723
-1595
-1386
-993
-600
-416
-366
-151
146
204
121
185
402
576
699
973
1344
1688
1985
2145
2052
1829
1703
1701
1659
1432
1303
1418
1631
1728
1717
1716
1705
1674
1548
1236
820
565
453
293
44
-245
-332
-341
-460
-734
-973
-1083
-1235
-1458
-1639
-1767
-1903
-1909
-1857
-1798
-1831
-1947
-1944
-1887
-1879
-1969
-1988
-1873
-1714
-1585
-1400
-1022
-689
-481
-380
-209
-9
50
96
193
412
650
996
1385
1672
1773
1906
2131
2199
2115
2015
2086
2180
2120
2088
2158
2218
2147
2048
1916
1655
1293
1002
762
446
125
-166
-315
-439
-694
-896
-1040
-1140
-1275
-1450
-1632
-1808
-1895
-1897
-1881
-1969
-1969
-1860
-1767
-1742
-1799
-1727
-1589
-1480
-1406
-1296
-1164
-1044
-864
-563
-255
-132
-84
-8
173
356
386
489
725
1001
1179
1310
1495
1708
1884
1979
2032
2035
2054
2041
2038
2046
1969
1891
1818
1703
1471
1230
1006
790
555
332
90
-173
-279
-387
-541
-704
-879
-951
-1023
-1172
-1376
-1523
-1607
-1694
-1812
-1932
-1995
-2028
-1973
-1929
-1902
-1868
-1795
-1614
-1418
-1249
-1090
-919
-701
-448
-191
51
231
391
614
735
824
946
1122
1311
1419
1509
1610
1737
1793
1846
1892
1930
1889
1808
1818
1803
1727
1655
1564
1494
1346
1144
936
755
560
324
79
-175
-387
-564
-691
-869
-1041
-1160
-1294
-1400
-1523
-1619
-1726
-1792
-1845
-1868
-1842
-1838
-1876
-1931
-1822
-1737
-1738
-1723
-1635
-1435
-1249
-1093
-899
-614
-326
-32
279
570
788
975
1220
1414
1552
1686
1817
1980
2069
2118
2132
2133
2119
2049
1943
1800
1632
1497
1431
1270
1051
920
802
658
456
255
134
64
-66
-216
-357
-470
-560
-642
-713
-881
-1075
-1230
-1394
-1542
-1714
-1837
-1921
-1959
-1976
-1989
-1989
-2008
-1962
-1900
-1798
-1805
-1790
-1628
-1457
-1268
-1056
-737
-367
-17
283
584
898
1151
1352
1516
1689
1774
1824
1972
2091
2172
2184
2240
2316
2329
2263
2200
2104
1976
1859
1700
1569
1367
1160
981
729
474
214
-25
-252
-494
-735
-935
-1084
-1243
-1371
-1472
-1527
-1639
-1750
-1831
-1942
-2037
-2104
-2122
-2136
-2117
-2064
-2003
-1938
-1826
-1704
-1603
-1477
-1383
-1244
-1041
-849
-634
-403
-106
169
411
612
815
996
1143
1279
1404
1547
1649
1763
1883
1961
2025
2054
2061
2058
2061
1985
1889
1813
1758
1693
1590
1532
1409
1244
1073
846
628
391
159
-88
-313
-515
-708
-872
-1022
-1150
-1299
-1414
-1560
-1690
-1796
-1934
-2006
-2056
-2074
-2073
-2051
-1982
-1879
-1755
-1668
-1559
-1435
-1272
-1131
-985
-761
-556
-309
-78
162
381
570
708
827
963
1073
1161
1255
1409
1523
1623
1727
1765
1817
1857
1851
1784
1699
1603
1504
1385
1267
1125
970
846
701
503
318
93
-85
-269
-451
-598
-714
-785
-863
-944
-1005
-1040
-1133
-1186
-1264
-1340
-1355
-1390
-1362
-1339
-1296
-1229
-1121
-1035
-974
-891
-823
-782
-785
-692
-613
-532
-418
-315
-150
-6
135
270
424
574
693
825
975
1119
1219
1365
1498
1586
1671
1654
1642
1622
1562
1474
1357
1229
1092
944
766
592
427
278
100
-98
-253
-447
-607
-775
-904
-1004
-1100
-1177
-1257
-1287
-1322
-1328
-1347
-1345
-1353
-1328
-1267
-1235
-1170
-1075
-953
-842
-725
-607
-456
-330
-215
-110
16
188
305
402
528
630
743
826
885
919
987
1020
1038
1045
1030
1032
1002
1030
998
966
959
875
794
723
679
611
501
409
354
268
141
46
-26
-54
-159
-262
-300
-369
-449
-583
-682
-786
-912
-1029
-1129
-1269
-1359
-1411
-1457
-1436
-1427
-1392
-1296
-1187
-1031
-890
-748
-618
-483
-326
-174
-47
67
186
302
438
495
548
655
720
779
806
875
936
996
1035
1045
1070
1048
1018
971
972
916
838
767
660
590
494
409
293
184
74
-51
-177
-309
-427
-531
-592
-705
-800
-861
-936
-987
-1032
-1086
-1155
-1212
-1234
-1216
-1191
-1161
-1112
-1043
-906
-845
-791
-680
-596
-499
-452
-378
-287
-180
-90
31
169
286
393
475
600
668
728
818
856
925
996
1075
1139
1188
1218
1236
1225
1200
1170
1117
1076
948
810
741
612
469
340
208
65
-112
-290
-435
-543
-680
-792
-884
-890
-930
-1000
-998
-1024
-1013
-1015
-1020
-1024
-973
-916
-852
-782
-678
-573
-488
-388
-355
-305
-220
-179
-139
-80
-6
52
119
172
251
312
368
422
471
553
571
586
655
714
765
776
813
849
879
872
819
772
739
680
598
566
476
400
363
300
259
201
160
95
14
-43
-93
-159
-234
-290
-342
-372
-453
-539
-591
-667
-720
-779
-801
-840
-865
-874
-850
-824
-797
-741
-714
-624
-577
-517
-411
-347
-231
-128
3
114
207
307
424
529
600
702
786
898
929
931
958
945
917
864
817
745
690
608
517
416
332
279
219
164
72
-7
-60
-148
-214
-270
-310
-353
-412
-437
-417
-402
-409
-398
-388
-355
-365
-392
-375
-389
-384
-394
-395
-393
-375
-345
-338
-336
-325
-298
-303
-270
-249
-214
-151
-101
-17
58
139
184
220
240
268
299
318
370
389
439
453
492
533
522
543
534
505
459
433
420
386
334
285
271
241
206
140
76
26
-83
-168
-245
-287
-326
-351
-334
-321
-306
-286
-242
-248
-220
-233
-251
-222
-240
-227
-215
-198
-182
-148
-127
-119
-125
-144
-144
-166
-143
-151
-131
-66
-52
-11
-2
28
40
33
11
-16
-7
-2
30
28
76
90
108
143
120
108
92
101
61
48
48
48
50
54
75
95
142
131
114
91
38
4
-36
-69
-93
-116
-133
-124
-148
-166
-172
-196
-187
-205
-224
-202
-201
-152
-95
-59
-30
23
55
59
65
52
67
65
87
79
79
136
138
154
158
152
154
124
87
69
48
25
21
0
12
1
-7
8
-23
-29
-55
-64
-93
-131
-125
-102
-102
-122
-123
-117
-79
-107
-141
-140
-168
-202
-226
-220
-219
-188
-163
-121
-93
-85
-60
-45
-8
-9
-8
37
58
84
113
151
189
221
244
256
242
242
252
254
278
243
220
235
228
212
145
98
33
-26
-87
-149
-183
-212
-220
-229
-185
-163
-159
-115
-77
-38
-33
-29
-16
11
14
16
25
61
88
94
142
134
132
127
80
45
8
-26
-57
-65
-83
-101
-99
-81
-65
-74
-62
-66
-68
-45
-39
-13
-20
-6
-6
-27
-50
-60
-58
-72
-92
-111
-87
-87
-94
-69
-56
8
41
87
145
184
202
218
238
228
198
156
172
141
88
53
1
-10
-48
-72
-79
-91
-107
-97
-89
-100
-104
-98
-33
-39
-69
-48
-50
-23
-42
-40
-23
19
39
34
47
53
37
22
40
10
-44
-50
-81
-78
-79
-89
-93
-72
-42
-51
-59
-62
-37
-54
-30
-60
-73
-34
-40
-28
-20
20
33
66
70
86
110
106
105
109
167
176
156
166
170
200
188
172
140
153
150
109
78
53
46
10
21
-25
-74
-74
-122
-123
-140
-155
-164
-149
-126
-119
-101
-111
-114
-145
-138
-171
-223
-244
-276
-278
-299
-302
-296
-287
-281
-261
-272
-287
-299
-303
-265
-283
-291
-250
-222
-162
-120
-59
-10
55
117
168
229
258
300
338
417
412
399
455
473
486
480
514
514
501
478
462
461
435
415
362
357
297
210
152
60
-9
-90
-168
-228
-281
-331
-352
-387
-425
-431
-460
-450
-483
-521
-494
-500
-494
-507
-487
-471
-466
-453
-430
-403
-394
-401
-409
-359
-365
-386
-344
-314
-254
-208
-142
-70
13
99
149
210
259
321
374
453
485
516
566
588
610
616
621
617
624
618
594
566
557
537
505
501
449
381
356
286
236
175
107
42
-9
-64
-135
-195
-246
-276
-334
-354
-406
-462
-475
-534
-553
-567
-569
-564
-557
-590
-609
-603
-604
-610
-634
-601
-608
-609
-567
-543
-475
-426
-375
-304
-226
-158
-94
-16
55
126
165
247
306
370
450
476
545
615
684
702
722
761
768
773
761
751
713
702
638
553
507
412
360
275
179
85
25
-32
-100
-160
-228
-263
-329
-339
-398
-453
-473
-548
-555
-559
-564
-579
-554
-508
-509
-503
-468
-426
-393
-359
-352
-342
-290
-277
-242
-214
-186
-164
-144
-110
-95
-68
-54
-32
-12
63
76
80
146
187
238
272
334
349
379
417
440
456
471
498
492
535
520
504
498
447
429
390
358
279
212
160
101
47
-23
-87
-173
-214
-278
-345
-364
-419
-437
-463
-466
-489
-498
-458
-450
-446
-429
-401
-393
-339
-328
-323
-283
-295
-284
-260
-221
-181
-154
-132
-83
-31
-2
32
48
106
120
105
151
163
201
223
261
287
341
364
377
398
395
410
398
430
400
344
350
315
283
229
188
134
98
52
7
-17
-66
-100
-133
-119
-172
-226
-237
-277
-294
-336
-363
-404
-423
-423
-418
-409
-408
-376
-341
-258
-236
-215
-152
-132
-116
-102
-65
-35
3
29
56
81
93
119
137
190
192
177
198
188
196
198
227
229
224
202
179
155
142
140
92
93
72
34
63
38
29
43
67
54
22
23
19
-22
-29
-24
-44
-41
-76
-84
-48
-71
-81
-99
-101
-114
-152
-156
-165
-188
-205
-200
-220
-202
-223
-230
-213
-238
-201
-172
-133
-108
-76
-42
-3
55
78
121
143
176
181
182
237
223
225
251
278
283
291
289
271
229
195
184
167
204
160
98
91
36
15
-12
-14
-35
-89
-117
-144
-181
-201
-201
-193
-168
-225
-265
-242
-242
-215
-194
-184
-180
-147
-115
-94
-59
-1
49
63
132
139
129
186
193
225
234
246
247
249
248
243
230
192
160
112
101
57
3
10
1
2
-11
-28
-35
-33
-40
-39
-39
-45
-48
-56
-13
-29
-45
5
1
-7
-5
-7
-19
-15
-44
-77
-113
-159
-180
-214
-195
-228
-265
-247
-232
-205
-203
-181
-197
-209
-215
-193
-192
-193
-164
-137
-89
-85
-80
-24
13
36
69
138
208
246
269
299
328
349
364
352
382
344
300
303
273
262
241
210
161
126
101
86
37
-1
-18
-73
-82
-116
-174
-168
-175
-174
-198
-194
-182
-187
-185
-178
-188
-204
-206
-221
-199
-203
-218
-192
-173
-161
-175
-191
-199
-177
-175
-159
-160
-139
-96
-73
-22
-29
-19
39
51
80
106
130
147
155
170
179
193
219
230
246
282
251
243
264
261
257
225
204
172
162
135
118
112
86
64
21
17
-30
-82
-86
-119
-115
-128
-135
-150
-153
-154
-162
-160
-185
-202
-213
-187
-193
-225
-200
-220
-214
-218
-229
-235
-230
-244
-234
-213
-193
-164
-125
-35
-31
-10
69
91
125
160
182
194
207
206
207
221
236
264
277
323
324
295
322
317
304
262
253
236
195
179
167
155
108
90
48
49
27
-17
-6
-38
-47
-59
-46
-49
-52
-101
-118
-121
-148
-171
-218
-217
-243
-248
-237
-244
-226
-220
-177
-175
-154
-120
-107
-96
-101
-94
-77
-39
-36
-23
28
37
44
44
60
71
60
61
75
90
114
157
173
229
229
216
246
256
281
256
235
218
225
212
191
171
162
165
116
134
106
78
72
36
38
18
25
4
-6
1
-6
-35
-43
-49
-71
-51
-69
-112
-103
-121
-116
-118
-113
-120
-142
-155
-164
-195
-220
-211
-227
-197
-194
-186
-147
-151
-111
-78
-55
-45
-25
-12
17
15
30
56
51
108
118
133
171
170
206
228
252
244
235
251
237
222
213
223
203
216
183
144
159
124
110
86
87
77
55
44
45
25
-4
2
-7
2
-17
-46
-22
-30
-16
-23
-24
-30
-31
-33
-48
-68
-89
-107
-131
-118
-150
-170
-142
-178
-172
-148
-132
-136
-117
-123
-119
-125
-128
-97
-99
-53
-39
-18
23
44
67
82
116
111
120
136
146
151
155
156
150
190
185
165
174
154
158
148
154
144
146
147
137
146
132
129
126
147
115
83
75
46
51
36
46
22
28
30
35
36
7
6
-12
15
-27
-57
-47
-71
-69
-92
-108
-101
-89
-102
-106
-117
-134
-125
-120
-91
-110
-121
-94
-105
-92
-91
-75
-75
-67
-47
-28
7
26
52
57
125
146
131
182
188
197
221
243
233
247
246
237
227
218
208
184
178
131
86
75
31
-18
-52
-67
-77
-89
-109
-113
-116
-117
-116
-129
-89
-118
-121
-83
-86
-55
-56
-39
-35
-15
-21
-29
-10
-17
-12
-27
2
-24
-37
-14
-29
-1
-5
17
19
10
23
36
38
45
57
43
84
69
55
91
88
90
96
133
134
152
153
175
182
181
190
178
214
207
183
189
163
169
167
147
134
144
133
118
103
62
29
3
14
-39
-99
-107
-140
-175
-172
-180
-195
-194
-209
-196
-193
-187
-194
-193
-140
-135
-126
-82
-62
-18
28
46
73
99
106
121
123
136
154
140
180
172
165
188
178
185
193
191
189
192
176
167
148
136
138
111
129
92
41
54
26
28
3
-4
-16
-28
-43
-65
-72
-82
-84
-104
-87
-94
-107
-81
-96
-93
-86
-68
-86
-84
-83
-72
-81
-90
-87
-103
-66
-84
-102
-69
-63
-52
-61
-36
-9
9
24
41
47
42
63
69
108
102
107
139
161
203
201
228
239
256
242
220
229
212
199
174
189
140
94
88
53
40
12
-2
-41
-63
-83
-112
-145
-173
-184
-226
-217
-237
-281
-269
-278
-277
-295
-295
-292
-275
-276
-267
-234
-227
-217
-221
-158
-134
-131
-88
-64
-36
-20
8
33
49
71
92
87
89
101
101
131
128
108
118
114
136
130
141
150
169
156
147
154
150
153
138
164
140
113
107
82
77
40
30
-11
-34
-55
-92
-124
-156
-175
-207
-192
-212
-250
-254
-266
-245
-249
-257
-272
-264
-257
-247
-230
-225
-200
-198
-138
-136
-126
-69
-67
-28
-13
24
43
79
102
126
147
162
192
188
244
230
202
234
221
227
220
217
206
192
177
156
126
98
82
64
60
31
-4
3
-31
-34
-73
-101
-101
-131
-153
-165
-181
-208
-215
-223
-187
-192
-213
-180
-179
-165
-153
-135
-127
-116
-102
-101
-98
-86
-67
-74
-33
-31
-43
-11
-10
10
42
69
91
122
142
160
191
201
225
227
259
256
253
285
267
257
238
226
204
206
198
184
159
127
101
78
75
20
-39
-68
-103
-128
-165
-183
-206
-220
-226
-254
-284
-310
-322
-352
-337
-361
-393
-367
-372
-345
-331
-323
-309
-272
-257
-227
-184
-159
-103
-61
17
57
81
154
174
222
250
278
296
319
330
334
340
340
329
327
345
310
273
272
252
228
213
196
172
172
153
143
122
108
103
68
78
45
5
-7
-53
-76
-103
-126
-167
-198
-228
-258
-297
-327
-338
-369
-361
-384
-411
-420
-435
-410
-418
-407
-394
-368
-340
-317
-288
-270
-221
-175
-113
-100
-73
-13
11
59
88
112
152
179
196
227
243
264
275
276
335
320
300
303
261
273
263
231
216
201
176
163
141
109
92
57
49
4
-33
-41
-80
-110
-148
-160
-192
-199
-224
-247
-284
-314
-331
-356
-326
-347
-371
-344
-317
-296
-286
-240
-208
-182
-157
-139
-108
-67
-33
-14
39
57
75
120
144
179
189
203
211
228
238
252
268
277
289
300
341
328
308
321
301
302
262
270
250
217
195
168
147
121
96
39
22
-43
-98
-129
-176
-196
-229
-241
-263
-278
-298
-307
-316
-328
-341
-357
-321
-325
-325
-288
-288
-262
-234
-218
-207
-192
-157
-127
-103
-66
-15
26
102
127
148
210
238
281
298
321
352
368
376
396
405
417
428
398
410
391
362
351
317
314
288
274
246
227
200
172
152
116
99
75
80
29
-38
-50
-90
-110
-176
-213
-226
-242
-281
-326
-345
-364
-383
-421
-388
-407
-436
-410
-405
-380
-364
-353
-327
-295
-266
-249
-222
-170
-133
-101
-18
7
34
99
135
189
231
275
303
325
345
378
382
380
390
386
421
413
389
386
362
353
322
298
270
260
228
189
154
108
90
43
41
-16
-80
-88
-145
-169
-211
-233
-258
-294
-314
-340
-355
-367
-385
-414
-369
-385
-408
-386
-391
-356
-365
-353
-325
-301
-268
-230
-195
-169
-127
-93
-38
-22
-20
35
56
96
126
152
177
199
219
238
260
269
279
279
332
324
308
328
318
327
307
298
280
256
226
196
146
113
85
40
38
-18
-72
-93
-144
-167
-216
-240
-272
-298
-319
-335
-339
-355
-357
-359
-337
-358
-377
-358
-371
-360
-359
-335
-336
-315
-274
-244
-201
-188
-147
-129
-79
-52
-37
43
75
117
154
192
225
269
293
325
343
354
365
352
399
377
349
368
345
344
313
292
266
249
217
182
151
118
93
48
55
5
-52
-64
-110
-120
-165
-204
-223
-260
-298
-314
-320
-342
-359
-383
-349
-369
-391
-360
-376
-363
-350
-331
-316
-293
-259
-221
-195
-156
-125
-102
-30
-3
0
49
69
116
151
188
220
245
272
305
332
331
335
328
380
363
330
350
335
341
306
297
275
252
239
227
210
178
162
127
141
89
13
-3
-57
-78
-114
-158
-201
-239
-279
-302
-313
-347
-368
-396
-377
-401
-431
-405
-408
-402
-397
-353
-332
-308
-284
-256
-221
-188
-153
-121
-46
-29
-8
47
75
113
140
191
225
268
292
309
348
357
375
379
411
406
369
385
365
352
325
312
290
271
252
222
193
154
135
94
86
38
-13
-20
-78
-95
-140
-174
-206
-236
-263
-291
-309
-324
-335
-364
-331
-363
-389
-362
-384
-370
-353
-322
-303
-279
-250
-211
-177
-153
-122
-110
-40
-19
-12
38
48
82
120
164
190
221
249
261
274
300
330
333
377
368
352
372
354
357
333
323
299
282
256
220
191
135
103
59
56
-3
-71
-74
-109
-119
-174
-197
-218
-224
-241
-257
-260
-272
-281
-287
-251
-260
-274
-258
-261
-251
-235
-221
-204
-200
-179
-153
-135
-116
-78
-60
-2
28
38
87
102
150
157
205
239
270
298
321
343
369
390
385
432
418
386
409
381
374
346
313
278
248
206
155
115
72
30
-26
-33
-91
-153
-164
-210
-220
-249
-257
-288
-312
-324
-329
-328
-363
-358
-371
-338
-350
-376
-344
-333
-307
-282
-263
-233
-191
-166
-121
-93
-52
-6
27
87
116
152
200
225
269
291
322
346
365
394
410
424
433
451
441
467
445
390
402
366
347
307
273
243
198
181
144
108
75
31
-9
-14
-69
-125
-143
-189
-210
-248
-266
-305
-339
-366
-394
-408
-436
-448
-465
-431
-453
-459
-422
-407
-377
-364
-317
-284
-244
-216
-179
-147
-115
-72
-54
24
40
62
117
139
179
215
270
279
324
336
363
395
401
418
412
454
442
422
441
417
401
372
348
316
281
248
204
170
128
73
11
2
-65
-132
-144
-197
-222
-265
-285
-318
-336
-349
-376
-394
-402
-398
-408
-383
-397
-392
-352
-347
-324
-305
-273
-242
-214
-183
-150
-107
-68
-40
-24
41
60
67
122
133
162
172
195
212
227
245
254
274
285
297
296
333
327
291
323
297
288
270
256
230
198
175
140
111
80
52
21
21
-33
-100
-113
-142
-161
-203
-225
-240
-254
-274
-296
-305
-308
-309
-329
-305
-328
-338
-312
-306
-282
-276
-251
-230
-203
-174
-146
-122
-93
-71
-50
16
31
41
82
97
146
157
189
209
213
237
265
278
282
299
290
316
290
254
272
253
254
252
233
213
190
156
137
107
74
50
17
14
-31
-97
-111
-144
-167
-195
-220
-245
-256
-273
-295
-295
-310
-311
-319
-277
-277
-302
-255
-250
-223
-201
-176
-154
-125
-101
-75
-39
-19
5
15
65
78
79
119
126
141
154
175
177
185
178
182
185
188
185
180
215
202
186
198
194
198
183
175
158
153
140
125
109
82
66
31
46
7
-29
-24
-53
-57
-81
-95
-122
-129
-145
-156
-163
-174
-162
-176
-147
-152
-178
-156
-152
-137
-136
-135
-119
-104
-93
-86
-73
-76
-53
-34
6
7
2
45
35
52
57
85
91
99
95
100
106
103
114
93
119
97
77
81
62
58
44
43
23
22
21
-1
-19
-30
-44
-49
-32
-54
-67
-66
-75
-66
-78
-72
-72
-70
-74
-73
-83
-85
-75
-97
-74
-88
-108
-83
-94
-77
-77
-75
-66
-59
-58
-43
-41
-55
-33
-25
1
-4
-30
-10
-10
6
3
9
15
13
4
13
16
3
17
6
40
35
13
22
11
18
6
-2
-19
-37
-43
-52
-62
-78
-74
-96
-68
-86
-127
-96
-111
-111
-119
-122
-136
-139
-137
-136
-125
-116
-105
-101
-47
-51
-77
-39
-36
-12
5
26
37
45
64
75
90
80
85
78
117
96
64
94
68
66
54
42
29
30
30
15
3
-5
-8
-27
9
0
-33
-3
-22
-20
-31
-15
-26
-20
-27
-21
-20
-24
-27
-39
-2
-16
-28
-11
-27
-34
-41
-36
-43
-45
-40
-40
-41
-40
-32
-48
-11
-18
-45
-19
-33
-22
-9
6
11
23
39
44
73
87
101
107
146
152
125
150
138
142
133
135
134
137
130
109
93
85
71
42
60
23
-7
17
-1
10
-16
-18
-24
-29
-29
-44
-32
-38
-38
-50
-17
-34
-45
-10
-25
-15
-20
7
4
4
4
14
17
21
39
24
54
32
19
37
33
41
36
41
37
32
21
26
19
17
27
23
59
37
18
47
41
68
53
73
69
69
80
70
55
29
22
14
54
30
4
19
2
2
-7
-17
-17
-8
-12
-28
-14
-5
-5
-9
31
18
-21
-2
-24
-3
-3
3
0
6
23
22
7
0
10
-8
13
-8
-38
-11
-15
-18
-21
-21
-23
-11
3
7
-3
-5
13
3
35
20
-20
-1
-22
-13
-28
-20
