-41
-12
6
22
78
91
49
66
81
33
25
57
62
25
51
79
76
124
122
66
38
94
71
27
-17
-47
-29
-23
-14
-37
27
86
85
80
105
87
72
63
36
74
108
94
112
133
119
49
-23
-128
-159
-116
-67
-73
-59
10
24
59
12
-13
3
-16
-54
-67
-24
41
82
105
113
125
137
88
44
111
94
11
6
-1
7
22
38
-12
-23
5
3
-38
-8
42
35
59
51
24
58
61
59
43
70
79
29
18
75
128
35
-54
-38
58
14
-41
20
55
153
169
112
74
115
68
-66
-126
-143
-135
-119
-56
-35
31
99
65
108
146
163
113
55
2
41
84
-7
-27
23
107
62
41
48
76
128
62
22
27
4
-63
-50
-24
-31
-28
-38
-13
33
35
-13
-65
-43
-27
-14
-26
-19
44
118
94
61
78
77
98
43
-48
-27
23
37
12
75
77
0
-97
-174
-191
-184
-213
-263
-163
-65
-39
20
57
77
146
130
6
-38
-8
-30
-61
-56
-32
59
179
111
51
113
51
-87
-179
-221
-193
-155
-183
-150
15
98
78
86
112
14
-83
-174
-310
-247
-120
-105
-48
111
207
227
211
107
75
57
-67
-217
-172
-65
-102
-88
-100
-64
-17
-66
-210
-199
-142
-206
-253
-227
-74
71
153
177
254
364
304
174
36
-112
-236
-344
-470
-454
-264
-133
-50
58
192
231
139
66
34
0
-126
-229
-188
-80
-8
41
92
116
173
87
-95
-111
-75
-139
-226
-161
-64
39
138
192
206
188
89
-68
-97
-166
-222
-205
-152
-66
32
108
134
142
152
91
-33
-109
-100
-59
-14
-59
-98
-1
63
11
-118
-161
-185
-209
-234
-194
-47
103
171
207
279
224
91
45
-48
-135
-201
-213
-165
-23
89
139
164
141
115
75
-5
-163
-169
-79
-142
-167
-39
69
74
51
-5
-83
-68
-87
-169
-205
-40
31
17
72
190
353
291
141
95
58
-77
-156
-154
-132
-39
9
36
110
189
208
124
23
-51
-45
-87
-202
-185
-59
-35
3
96
137
224
236
132
50
30
67
35
5
97
173
186
179
198
231
177
-3
-80
-130
-212
-247
-223
-129
-45
27
103
163
194
206
171
40
-62
-46
-25
-104
-60
109
120
88
124
179
152
90
-2
-55
-32
-120
-184
-108
-21
-36
-20
38
12
62
81
-12
-87
-40
-63
-174
-185
-123
-115
-170
-100
-21
-41
-54
-24
1
-28
-59
-94
-77
1
21
14
51
154
179
186
148
78
18
-109
-203
-258
-229
-182
-128
-64
-44
-22
15
17
-46
-45
-51
-98
-75
-39
-33
-28
42
22
-8
5
-40
-77
-38
-50
-84
-30
-48
-68
-38
-98
-102
-32
-53
-116
-34
20
-49
-62
-2
17
-5
4
-42
-85
-142
-147
-91
-92
-50
62
58
-6
113
201
113
32
69
53
-50
-114
-104
-55
-8
-73
-82
-32
30
86
21
-47
71
130
0
26
92
64
20
-46
-16
32
-23
-129
-115
-81
-126
-181
-197
-115
-50
-5
-41
-26
38
36
-18
-108
-35
17
-99
-149
5
72
46
36
-9
35
46
-31
-22
41
108
100
108
123
171
180
37
-65
-39
-57
-170
-147
-92
-37
-26
-61
-2
74
81
-26
-109
-116
-111
-137
-212
-183
-43
61
31
67
190
214
90
-37
-10
18
-5
-41
-7
23
14
0
-64
-37
-70
-250
-384
-393
-338
-365
-363
-273
-149
-68
-1
43
98
34
-55
-38
-79
-114
-21
-34
-57
100
221
171
162
150
20
-103
-218
-260
-179
-138
-159
-70
55
61
106
78
14
-24
-107
-276
-315
-271
-263
-164
-44
195
406
418
396
478
475
221
82
51
-27
-109
-158
-99
-17
89
111
106
81
90
90
-151
-295
-225
-157
-247
-265
-123
20
95
46
46
133
175
75
63
115
145
202
154
207
290
275
193
125
80
56
-42
-201
-192
-231
-378
-407
-312
-222
-205
-162
-139
-79
29
84
177
191
177
237
205
112
178
271
116
16
126
156
-45
-66
17
-12
-101
-108
-25
-66
-72
-93
-148
-200
-208
-137
-125
-157
-93
-15
27
54
97
204
197
91
137
179
151
171
211
185
101
99
45
-101
-212
-173
-219
-382
-367
-204
-162
-274
-232
-67
-63
-33
33
26
19
49
42
49
79
133
118
57
53
43
-3
-63
-90
-22
13
10
71
192
221
172
172
117
27
-47
-53
-209
-342
-253
-242
-192
-144
-62
20
61
42
57
144
77
-16
53
67
-42
-72
-45
-34
-15
-84
-90
25
56
46
93
78
26
29
-99
-143
-102
-164
-242
-255
-157
-58
-46
-112
-107
22
-1
-71
44
148
67
1
28
46
57
20
-45
-20
-45
-117
-117
-127
-123
-131
-194
-151
-127
-67
-31
-76
29
95
54
33
93
113
16
-62
-14
45
38
0
56
237
170
98
215
235
129
41
21
-41
-77
-153
-172
-194
-179
-106
-120
-68
-48
12
29
-34
85
211
196
178
255
346
268
153
172
121
-32
-67
-65
-126
-161
-188
-132
-118
-111
-82
-49
-76
-74
-5
-12
-80
-92
19
18
-22
82
121
72
1
45
53
-47
-44
31
27
27
76
177
276
169
112
106
-13
-100
-212
-256
-312
-409
-370
-321
-258
-175
-101
-39
37
136
145
115
134
155
100
42
55
74
42
-19
-25
64
42
12
66
25
-46
-146
-111
-25
-72
-114
-71
73
93
18
88
130
21
-26
29
-39
-109
-109
-156
-103
-14
-26
-12
75
99
83
45
37
68
68
-3
-65
-23
-73
-172
-119
-82
-35
-54
-147
-138
-69
-82
-95
-33
-28
-33
-97
-95
5
38
-12
-35
25
31
17
-1
-9
10
-80
-213
-219
-130
-252
-315
-217
-174
-89
-57
62
127
118
108
58
40
30
27
-40
-65
15
26
-29
15
131
80
-42
24
88
-25
-48
-16
-67
-91
-115
-60
-69
-138
-91
-92
-123
-82
-77
-147
-145
-131
-105
-91
-86
-47
-49
-54
-87
-138
-86
-120
-157
-117
-54
-4
18
27
129
195
116
147
128
58
-56
-160
-240
-323
-336
-314
-332
-267
-116
3
114
210
288
293
174
209
161
-89
-192
-204
-175
-191
-213
-151
17
48
54
131
181
165
79
85
18
-81
-22
-129
-182
-195
-269
-203
-142
-157
-95
-36
-17
94
240
308
309
391
450
426
448
485
538
463
367
469
551
458
380
394
330
269
218
198
216
127
95
146
184
162
296
363
297
313
345
354
327
325
260
188
175
200
267
252
207
236
185
13
-38
-93
-297
-510
-657
-685
-704
-811
-817
-695
-637
-518
-373
-342
-264
-272
-343
-449
-570
-638
-745
-685
-691
-664
-412
-276
-164
-13
29
2
-37
-200
-367
-497
-650
-692
-819
-850
-825
-821
-780
-736
-640
-667
-716
-714
-631
-488
-323
-155
14
239
492
799
1004
1089
1224
1286
1295
1324
1407
1407
1371
1318
1301
1385
1440
1443
1387
1306
1170
1084
1029
902
758
625
519
475
515
535
586
616
595
650
766
849
871
831
766
778
810
807
800
767
704
598
475
372
324
136
-150
-270
-474
-668
-763
-932
-1045
-1211
-1370
-1489
-1571
-1737
-1907
-2012
-2170
-2172
-2137
-2134
-2046
-2045
-1926
-1739
-1570
-1246
-1095
-1039
-904
-919
-844
-860
-993
-1132
-1486
-1826
-2193
-2554
-2923
-3106
-3026
-2569
-1684
-917
68
896
1649
2655
3180
3433
3485
3283
3023
2613
2398
2326
2204
2056
2015
2187
2415
2666
2742
2547
2278
1942
1696
1385
977
673
377
314
349
539
867
979
1051
1082
1192
1310
1312
1285
1201
1227
1286
1483
1760
1838
1895
1875
1757
1528
1250
875
291
-350
-912
-1275
-1587
-1806
-2007
-2185
-2229
-2219
-2078
-2070
-2085
-2073
-2110
-2133
-2130
-2090
-2063
-2084
-2109
-2092
-2084
-2015
-1892
-1863
-1901
-1950
-1932
-1850
-1736
-1663
-1842
-1965
-1952
-2061
-2187
-2325
-2490
-2485
-2370
-2049
-1689
-1144
-232
682
1450
1927
2669
3395
3575
3596
3504
3470
3240
2747
2488
2222
1974
1742
1533
1370
1286
1357
1324
1167
990
830
803
754
632
662
844
997
1113
1350
1704
1955
2030
2021
2154
2244
2166
2114
1986
1844
1726
1643
1519
1332
1217
1059
812
463
167
-68
-522
-1051
-1461
-1738
-1962
-2142
-2259
-2339
-2279
-2236
-2153
-2012
-1975
-1948
-2005
-2118
-2203
-2368
-2540
-2739
-2824
-2930
-3050
-3120
-3131
-2937
-2943
-2895
-2831
-2886
-2654
-2565
-2613
-2618
-2659
-2459
-2161
-1800
-1059
151
1295
2009
2599
3463
4465
4846
4654
4276
3875
3440
2772
2183
1745
1286
797
419
337
429
471
244
-87
-242
-125
49
58
-21
144
632
1045
1559
2131
2528
2862
2939
3030
3269
3286
3034
2655
2370
2220
2188
2127
1855
1600
1428
1209
908
537
130
-321
-881
-1430
-1690
-1730
-1921
-2113
-2202
-2136
-1876
-1761
-1688
-1674
-1693
-1685
-1754
-1845
-2040
-2224
-2453
-2870
-3145
-3255
-3544
-3843
-4128
-4189
-3962
-3969
-4120
-4003
-3832
-3724
-3441
-3171
-2882
-2308
-1716
-491
1028
2089
2969
3710
4774
5660
5824
5636
5213
4753
4020
3152
2490
1849
1178
414
-127
-308
-333
-479
-934
-1311
-1444
-1467
-1360
-1331
-1051
-600
-172
493
1254
2176
2932
3396
3785
4115
4582
4722
4501
4201
3840
3624
3298
2940
2539
2078
1614
1069
593
124
-407
-1013
-1709
-2281
-2589
-2698
-2845
-3009
-3014
-2762
-2394
-2095
-1834
-1651
-1539
-1515
-1648
-1705
-1755
-2059
-2506
-3022
-3391
-3595
-4108
-4740
-5132
-5506
-5563
-5577
-5691
-5222
-4649
-4125
-3216
-2316
-853
975
2136
2867
3678
4774
5932
6412
5951
5559
5481
5164
4646
3878
3159
2615
1698
803
261
-146
-710
-1620
-2577
-3044
-3156
-3224
-3278
-3158
-2707
-1857
-879
163
1498
2530
3324
3967
4511
5400
5748
5539
5295
4945
4805
4676
4228
3653
3188
2528
1943
1499
723
37
-866
-1957
-2571
-3021
-3364
-3643
-4036
-4090
-3739
-3244
-2791
-2429
-2122
-1802
-1446
-1188
-1043
-1083
-1451
-1864
-2269
-2698
-3140
-3732
-4487
-5311
-5752
-5848
-5966
-5964
-5892
-5336
-4530
-3978
-2532
-527
1150
2164
2621
3925
5690
6558
6449
5880
5841
5939
5592
4900
4214
3813
2970
2019
1346
886
441
-749
-2097
-3000
-3488
-3763
-4381
-4910
-4928
-4329
-3242
-2086
-821
541
1975
3314
4415
5549
6374
6734
6660
6269
6195
6107
5653
4945
4075
3547
3109
2549
1755
838
-125
-1168
-2018
-2903
-3568
-4170
-4859
-5119
-5096
-4656
-4044
-3648
-3254
-2700
-1954
-1253
-782
-609
-633
-732
-824
-799
-1259
-2179
-3203
-4272
-4678
-5187
-6141
-6552
-7040
-6864
-5966
-5423
-4263
-2404
-677
940
1899
2839
4781
6275
6192
5749
5667
6031
6399
5606
4606
4603
4327
3712
3145
2380
1993
1179
-497
-1688
-2412
-3209
-4163
-5312
-5935
-5516
-4668
-3814
-2750
-1466
156
1842
3274
4588
5686
6286
6432
6486
6578
6543
6242
5583
4891
4511
4312
3883
3184
2231
1143
246
-709
-1879
-2998
-4074
-5043
-5482
-5756
-5763
-5312
-4917
-4472
-3840
-3082
-2294
-1643
-1415
-1410
-1325
-1347
-1456
-1853
-2420
-3053
-3909
-4645
-5223
-5463
-5373
-5565
-5397
-4774
-3892
-2114
-577
755
1842
2380
3744
5133
5637
5433
4987
5108
5274
5089
4541
4261
4240
3590
3011
2601
2285
1933
420
-1126
-1944
-2585
-3217
-4392
-5377
-5529
-5225
-4617
-3640
-2289
-957
402
1804
3383
5169
6256
6695
6768
6850
7270
7237
6712
5908
5133
4677
4182
3676
2964
2033
891
-216
-981
-1861
-2793
-3881
-4949
-5409
-5460
-5231
-4871
-4706
-4358
-3598
-2850
-1940
-1343
-1307
-1142
-1090
-1157
-1193
-1698
-2478
-3167
-4380
-5297
-5545
-6153
-6543
-6750
-6804
-5516
-4026
-2590
-884
329
1718
3255
4500
5573
5944
5740
5457
5510
5563
5335
5055
4451
4229
4062
3750
3748
3109
2076
907
-322
-1121
-2147
-3523
-4890
-5852
-6203
-6032
-5570
-4744
-3310
-1876
-286
1626
3417
5153
6272
6737
7371
7769
7767
7634
7033
6357
5883
5316
4744
4255
3417
2432
1573
430
-445
-1497
-2983
-4133
-5069
-5732
-6002
-6061
-5979
-5614
-5080
-4302
-3301
-2587
-2034
-1723
-1533
-1338
-1362
-1718
-2271
-3108
-3977
-4987
-6093
-6697
-6774
-6895
-6785
-5870
-4542
-2255
-12
1353
2912
4066
5332
6532
6323
5845
5486
4884
4435
4021
3685
3585
3484
3161
3225
3530
3293
2948
1806
317
-527
-1656
-3021
-4391
-5736
-6315
-6318
-5945
-4943
-3584
-1832
61
1870
3610
5280
6859
7451
7575
7570
7599
7462
6612
5928
5292
4722
4353
3851
3210
2544
1789
781
-292
-1397
-2382
-3457
-4832
-5733
-5906
-5939
-5717
-5405
-4981
-4112
-3198
-2432
-1961
-1683
-1591
-1660
-2042
-2613
-3092
-3929
-5218
-6335
-7092
-7506
-7353
-7352
-7032
-5764
-3798
-1235
758
2003
3470
5239
6679
7094
6549
5961
5786
5421
4390
3675
3540
3470
3241
2671
2796
3312
3111
2107
788
-145
-842
-2049
-3769
-5227
-5974
-6105
-6060
-5665
-4734
-3278
-1267
837
2851
4530
6014
7284
8004
8223
8367
8292
7519
6591
5849
5455
4983
4104
3244
2525
2031
1407
383
-869
-1969
-2888
-3930
-4934
-5563
-5702
-5751
-5832
-5404
-4541
-3637
-2952
-2579
-2297
-1853
-1564
-1701
-2426
-3122
-3956
-5083
-6249
-7402
-7872
-8212
-8459
-7833
-6378
-4100
-1549
377
2127
4035
6067
7766
8046
7426
6869
6528
5870
4836
3800
3094
2885
2537
2293
2583
2829
2607
1776
634
70
-613
-2088
-3960
-5569
-6284
-6480
-6429
-6089
-5215
-3750
-1909
606
3615
5573
7016
7883
8571
10063
9958
8845
8023
6728
5788
5387
4541
3495
2718
1674
1055
941
12
-1011
-2150
-3890
-4620
-4898
-5620
-6221
-6452
-6424
-5780
-4492
-3563
-2879
-2458
-2118
-1429
-1120
-1348
-1890
-3015
-4499
-5720
-6912
-7934
-8786
-9456
-9287
-8396
-6186
-2918
-695
1023
3176
5434
7974
8984
8165
7548
7069
6316
5413
4167
3040
2744
2250
1653
2320
2982
2950
2329
1038
390
167
-1247
-3384
-5343
-6806
-7249
-7211
-7056
-6406
-5101
-3140
-372
2785
5429
7461
8736
9586
10706
11258
10700
9482
7898
6572
5982
5392
4307
3039
1947
1355
1028
346
-882
-2253
-3796
-5170
-5880
-6409
-6952
-7417
-7544
-7038
-5599
-4047
-3229
-2724
-2218
-1509
-829
-814
-1578
-2587
-4030
-5349
-6386
-7751
-8687
-9410
-9370
-8080
-5892
-2981
-642
1281
3501
5912
8154
8925
8266
7423
6735
6083
4928
3639
2686
2001
1823
1662
2189
3018
2931
2314
1403
805
329
-1184
-3474
-5595
-6948
-7511
-7688
-7501
-6928
-5534
-3202
-357
2663
5421
7868
9317
10406
11276
11769
11841
10199
8380
7425
6561
5807
4740
3241
2277
1823
1041
140
-918
-2571
-4098
-5456
-6879
-7260
-7626
-8437
-8569
-7853
-6489
-4949
-3837
-3355
-2645
-1801
-1326
-1216
-1997
-3067
-4206
-5552
-6823
-7760
-8272
-8459
-7975
-6425
-3850
-1093
1332
3375
5303
7446
8854
8841
7982
6957
5876
4767
3247
1926
1378
899
705
975
1559
2257
2455
1838
1088
550
-437
-2054
-4127
-5976
-7044
-7497
-7620
-7198
-6015
-4135
-1537
1326
4321
6938
8924
10418
11198
11842
11917
10958
9549
8105
6988
6195
5226
4012
3052
2356
1713
1052
-66
-1545
-2939
-4603
-6117
-7127
-8037
-8607
-8961
-8833
-7819
-6460
-5374
-4382
-3634
-3026
-2412
-2307
-2754
-3590
-4790
-6037
-6982
-7800
-8318
-8151
-6997
-5040
-2321
190
2432
5107
7537
9494
10116
9418
8795
8027
6439
4353
2417
1162
365
-403
-786
-362
528
907
890
741
668
327
-1084
-2956
-4551
-5781
-6687
-7467
-7625
-6958
-5451
-3028
-142
2773
5412
7817
9931
11531
12426
12470
11785
10618
9234
7979
6959
5628
4229
3296
2655
2174
1714
731
-547
-1778
-3162
-4496
-5870
-7262
-8293
-8873
-8985
-8431
-7394
-6487
-5598
-4606
-3809
-3132
-2918
-3277
-3938
-5051
-6297
-7299
-8446
-9050
-8991
-8177
-6231
-3666
-698
2189
4693
7245
9892
11425
11286
10416
9415
8210
6453
4015
1955
721
-451
-1064
-1275
-928
-188
-46
-426
-638
-669
-1356
-2962
-4881
-6301
-7072
-7653
-7944
-7613
-6085
-3521
-590
2276
5089
8027
10669
12302
12919
13271
13244
12066
10315
8861
7522
6281
4848
3379
2671
2123
1460
511
-762
-1975
-3013
-4415
-6217
-7347
-8077
-8696
-8933
-8712
-7792
-6620
-5640
-4820
-4011
-3376
-3065
-3442
-4332
-5388
-6532
-7693
-9113
-9886
-9633
-8604
-6498
-3761
-971
1844
4792
8009
10816
11913
11560
11064
10653
9361
7101
4748
2835
1523
264
-691
-682
-264
-151
-612
-936
-687
-934
-2405
-4576
-6275
-7302
-8314
-9221
-9551
-8786
-6954
-4076
-731
2217
5356
8456
11130
13201
14056
14243
14001
12596
10981
9924
8502
6639
5086
3885
3103
2648
1571
218
-1105
-2620
-3889
-5398
-7233
-8538
-9268
-9939
-9928
-9069
-8061
-7065
-6064
-4934
-4008
-3243
-3167
-3721
-4628
-5882
-7110
-8505
-9319
-9624
-8897
-7169
-4666
-1627
1224
4153
7294
10279
11840
11806
11412
11042
9838
7718
5219
3342
2158
767
-208
-366
122
442
294
-16
-47
-180
-1492
-3628
-5539
-7004
-8339
-9560
-10376
-9899
-8340
-5788
-2531
334
3727
7052
10110
12535
13544
14089
14147
13119
11630
10502
9160
7466
5936
4776
4136
3683
2632
1432
102
-1431
-2705
-4508
-6646
-8432
-9427
-10306
-10733
-10190
-9453
-8293
-7214
-6026
-4828
-4032
-3535
-3984
-4916
-6069
-7381
-8409
-9053
-9450
-8488
-6467
-3839
-678
2302
5296
8443
11283
12531
12309
11642
10966
9688
7006
4176
2435
1230
-108
-1057
-1132
-256
428
466
383
480
506
-717
-2907
-4839
-6289
-7659
-9183
-10159
-9792
-7814
-5091
-2575
132
3563
7275
10423
12085
12765
13408
13504
12159
10462
9448
8116
6349
4942
4199
4068
3734
2665
1376
408
-598
-2050
-4254
-6737
-8284
-9089
-10270
-10852
-10340
-9573
-8524
-7365
-6370
-5122
-4199
-4575
-5034
-5881
-7109
-7982
-9487
-10084
-9311
-7952
-5279
-2425
431
4058
7230
10300
12766
13178
12526
11869
10818
8744
6074
3326
1474
339
-1039
-1456
-834
-359
188
231
289
956
414
-1344
-3393
-5088
-6122
-7432
-8874
-9272
-8059
-6096
-3756
-892
2193
6011
8950
10779
12659
13283
13441
12649
10491
9238
8134
6300
4725
3688
3243
3243
2821
1806
1340
544
-1068
-2663
-4886
-6589
-7884
-9521
-10499
-10598
-10039
-9101
-8274
-7464
-6117
-5143
-4734
-5111
-5898
-6775
-8109
-9303
-10209
-9861
-8510
-6330
-3529
-870
2605
6555
10099
12747
13376
13096
13099
12338
10416
7252
4311
2475
844
-715
-1680
-1461
-830
-573
-486
-3
866
591
-1219
-3061
-4349
-5231
-6561
-8346
-8701
-7749
-5824
-3544
-1298
2141
5797
8612
10752
12329
13432
13644
12412
10392
9071
7971
6044
4109
2930
2675
2882
2344
1734
1342
738
-365
-2238
-4135
-5750
-7273
-9020
-10254
-10375
-9924
-9233
-8585
-7751
-6506
-5454
-5047
-5411
-6136
-6746
-8170
-9521
-10322
-10322
-8624
-6819
-4631
-1691
1759
5823
9244
11652
12880
13103
13077
12293
10499
7848
5080
3016
1134
-276
-1079
-1243
-871
-789
-553
135
645
355
-1196
-2932
-3961
-5074
-6484
-7922
-8168
-7142
-5502
-3445
-1192
2535
6069
8552
10755
12189
13395
13523
12121
10407
9016
7585
5768
4010
2892
2601
2542
1912
1429
1221
622
-516
-2426
-4098
-5453
-7015
-8607
-9774
-9833
-9424
-8916
-8197
-7346
-6231
-5491
-5361
-5582
-6283
-7309
-8787
-10125
-10511
-10237
-8800
-6716
-4336
-1267
2108
5967
9500
11664
12448
12444
12509
11859
9736
6846
4250
2544
1008
-414
-1066
-932
-408
-309
-160
641
1155
566
-1190
-3010
-3910
-4881
-6417
-7830
-8315
-6833
-4495
-2671
-114
3203
6662
9797
11448
12412
13521
13334
11437
9448
8133
6743
4682
2765
2034
2167
2193
1980
1410
983
853
-336
-2291
-4063
-5620
-7205
-8779
-9833
-9964
-9206
-8647
-8228
-7249
-5918
-4992
-5128
-5574
-6374
-7509
-8733
-10085
-10536
-9520
-7637
-5681
-3558
-366
3739
7554
10354
11660
12136
12412
12218
10821
8121
5312
2947
1142
-335
-1618
-1928
-1511
-1255
-997
-276
815
1099
-23
-1611
-2778
-3463
-4418
-5989
-7386
-7122
-5145
-2987
-752
2044
5134
8389
10873
12311
13541
13727
12308
10165
8454
7102
5128
2798
1132
662
920
1210
896
326
318
-66
-1309
-2721
-4203
-5806
-7424
-8772
-9239
-8883
-8465
-8229
-7886
-6769
-5593
-5185
-5470
-6508
-7476
-8327
-9014
-9247
-8873
-7274
-5298
-3220
-291
3254
6878
9501
10620
11180
11702
11842
10511
7799
5221
3219
1625
-39
-1556
-2184
-2172
-1894
-1740
-1239
-266
-129
-908
-1968
-2677
-3001
-3721
-4852
-5873
-5610
-4000
-1896
571
2650
5163
8176
10460
12346
13086
12711
11796
10043
8289
6885
5130
2762
995
445
431
618
211
-446
-840
-1286
-1749
-2975
-4559
-5835
-7164
-7934
-7892
-7795
-7480
-7068
-6757
-6068
-5266
-4772
-5647
-6745
-7617
-8819
-8937
-9246
-9218
-7305
-4964
-2427
223
3337
7162
9867
11134
11352
11274
11471
10289
7482
4555
2696
1335
-430
-1793
-2537
-2324
-1576
-1744
-1461
-638
-346
-912
-2462
-3316
-3551
-4050
-4950
-5919
-5344
-3447
-1138
1102
3296
6391
9366
11359
12706
13418
13458
12184
10046
8079
6465
4756
2321
388
-166
-98
-192
-702
-1137
-1502
-1841
-2637
-4111
-5361
-6440
-7611
-8473
-8493
-7890
-7348
-6824
-6222
-5476
-4482
-4095
-4973
-5975
-6937
-8228
-8979
-9217
-8662
-6784
-4654
-2615
158
3938
7903
10386
11126
11426
11831
11780
10263
7232
4335
2438
654
-1203
-2399
-2836
-2730
-2599
-2599
-1876
-784
-625
-1763
-3164
-3742
-3745
-4187
-5445
-6103
-5272
-3368
-598
1921
4419
7708
10301
12310
14205
14945
14486
12635
10120
8266
6711
4394
1532
-449
-1064
-923
-1074
-1497
-1809
-2354
-2704
-3418
-4698
-5716
-7055
-8664
-9308
-8877
-8187
-7521
-7021
-6409
-5160
-3954
-3509
-4018
-4862
-6261
-7669
-8171
-7990
-7147
-6090
-4829
-2714
607
4907
8198
9616
10410
11237
12107
11863
9633
6877
4387
2205
367
-1165
-2184
-2852
-3385
-3492
-2688
-1352
-806
-1389
-2600
-3270
-3176
-3504
-4498
-5785
-6268
-5302
-3359
-461
2340
4657
7335
10090
12827
14959
15279
14101
12266
10520
9026
7162
4442
1579
-15
-507
-552
-615
-1086
-1859
-2697
-3111
-3529
-4616
-6333
-8246
-9588
-9627
-9047
-8693
-8280
-7715
-6944
-5363
-4066
-3850
-4227
-5350
-6782
-7234
-7349
-6835
-5982
-5390
-3868
-1102
2765
6582
8575
9604
10827
11892
12379
11263
8792
6387
4089
1736
-11
-1099
-2284
-3354
-3912
-3665
-2219
-1174
-1577
-2420
-3038
-2964
-2837
-3697
-5022
-5869
-5600
-4246
-1860
994
3304
5517
7947
10836
13721
14865
13879
12173
10860
9846
7946
5513
2942
771
-61
-77
-141
-266
-813
-1928
-2590
-2584
-3305
-5000
-7151
-8994
-9584
-9046
-8831
-8944
-8481
-7604
-6372
-5045
-4036
-4126
-5120
-6322
-7327
-7573
-7064
-6646
-6452
-5243
-2789
710
4579
7375
8906
10424
11848
12622
12336
10705
8255
5638
3286
1518
-79
-1610
-2961
-3996
-3948
-2934
-1952
-1866
-2440
-3148
-3274
-3177
-3665
-4620
-5613
-5935
-5042
-3205
-495
2241
4227
6429
9324
12235
14079
14191
12784
11323
10302
8873
6650
4262
2065
490
-94
-24
-108
-704
-1525
-2503
-3131
-3251
-4343
-6548
-8319
-9186
-9274
-8703
-8290
-8199
-7447
-6331
-5117
-4130
-3530
-3899
-5126
-6269
-7150
-7450
-7089
-6685
-6655
-5384
-2155
1716
4826
6726
8334
10501
12282
12219
10915
9558
7922
5419
2762
1100
231
-923
-2578
-3623
-2852
-1299
-918
-1838
-2482
-2315
-2327
-3016
-4312
-5268
-5700
-5733
-5315
-3029
-94
2113
4131
6402
9710
12476
13689
12781
11777
11236
10112
8077
5793
3911
2179
1118
582
396
463
8
-1514
-2501
-2605
-3398
-5440
-7587
-9300
-9832
-9674
-9634
-9684
-8774
-7551
-6760
-5564
-4186
-3512
-4204
-5114
-6239
-6154
-6008
-6321
-6818
-5658
-2670
54
2773
4874
7550
10149
11772
11619
11221
10882
9383
6511
3629
1965
712
-771
-2857
-3816
-3082
-1992
-1989
-2165
-1980
-1533
-1774
-2690
-3625
-4119
-4465
-5460
-5654
-4541
-1793
511
2470
4625
7671
10891
12513
12970
12597
12369
11145
9192
6968
5389
3806
1879
538
426
905
511
-409
-1404
-1765
-2274
-3769
-6072
-7853
-8879
-9761
-10393
-10342
-9654
-8637
-7693
-6783
-5527
-4321
-3938
-4766
-5573
-5847
-6170
-6791
-7181
-6444
-4053
-1442
665
2813
5978
9607
11626
11966
11625
11660
11082
8839
5540
3115
1667
-107
-2363
-3791
-3381
-2616
-2541
-2906
-2309
-1006
-719
-1960
-3125
-3385
-3418
-4287
-5278
-4930
-3167
-1069
392
2762
5865
8941
10438
11126
11988
12387
11688
9359
7204
5765
4584
2703
1084
603
883
907
384
37
-50
-545
-2220
-4312
-5827
-6946
-8465
-10033
-10904
-10467
-9579
-8819
-8263
-7194
-5928
-5245
-5396
-5912
-6039
-6534
-7183
-7821
-7166
-5031
-2514
-504
1529
4547
8439
11579
12657
12683
12743
12744
11242
8408
5468
3364
1298
-1193
-3299
-3794
-3241
-3295
-3906
-3690
-2256
-1204
-1702
-3012
-3561
-3383
-3679
-4758
-5128
-3909
-1876
-514
1376
4139
7473
9745
10461
11355
12029
12283
10474
8012
6165
4923
3267
1236
168
120
366
-66
-389
-329
-67
-894
-2883
-4523
-5494
-6474
-8120
-9598
-9898
-9286
-8561
-8183
-7638
-6372
-5278
-5148
-5458
-5926
-5978
-6437
-7449
-7688
-7101
-4820
-2658
-727
1330
4257
7966
10651
11756
11668
12133
12004
10732
7982
5460
3789
1883
-428
-2545
-2670
-2194
-2376
-3126
-2925
-1694
-812
-1551
-2751
-3087
-2858
-3186
-4315
-4485
-2887
-989
172
1801
4277
7584
9295
9730
10143
10874
10982
8993
6598
5014
4159
2534
741
-166
171
436
73
-436
-292
55
-985
-2812
-4311
-5050
-5979
-7616
-8933
-9026
-8275
-7812
-7584
-7161
-6043
-5146
-5628
-6025
-6432
-6320
-7097
-7966
-7603
-5841
-3403
-1985
-60
2485
6454
9076
10111
10565
11270
11735
10290
8014
5632
4253
2352
34
-1977
-2395
-2032
-2371
-2833
-2428
-888
-212
-684
-1652
-1753
-1218
-1749
-2894
-3518
-2414
-775
134
1475
3373
6204
7842
8561
9175
9805
9897
8139
6141
4733
3872
2157
425
-538
-230
221
-37
-189
-2
445
-133
-1490
-2874
-3641
-4736
-6341
-7691
-8091
-7528
-7483
-7364
-7018
-5867
-5021
-5352
-5944
-6272
-6228
-7120
-8136
-8422
-6881
-4943
-3400
-1670
757
4670
7554
9062
9806
10893
11834
11030
8702
6347
4873
3232
899
-1639
-2643
-2481
-2613
-3111
-2960
-1419
-126
-145
-959
-946
-237
-321
-1666
-2737
-2163
-830
-78
384
2001
4545
6681
7530
8192
9349
9947
9051
7052
5683
4879
3348
1172
-443
-598
-219
-524
-1080
-928
-58
95
-877
-2052
-2580
-3162
-4507
-6107
-6847
-6571
-6467
-6851
-6845
-5912
-4846
-4865
-5444
-5817
-5710
-6035
-7400
-8339
-8245
-6720
-5284
-3933
-1980
842
4263
6501
8094
9273
10701
11238
10177
8244
6484
5173
3324
1012
-1107
-1886
-2167
-2580
-3014
-2624
-1444
-654
-727
-1134
-757
-327
-585
-1682
-2112
-1457
-529
5
583
2146
4329
6025
6796
7694
8713
9200
8380
7020
5981
5041
3607
1695
338
60
69
-591
-1230
-1189
-618
-779
-1781
-2763
-3223
-3735
-5009
-6201
-6669
-6387
-6339
-6561
-6165
-5285
-4341
-4371
-4620
-4860
-4857
-5208
-6391
-6976
-7165
-5978
-4712
-3468
-1659
587
3501
5667
7151
8122
9333
9788
9226
7620
5916
4755
3253
1518
-365
-1340
-1732
-1835
-2193
-2116
-1332
-568
-305
-703
-626
-311
-167
-865
-1465
-1059
-269
612
998
1944
3733
5182
6155
6580
7300
7858
7531
6455
5383
4679
3850
2557
1030
669
719
443
-395
-825
-481
-590
-1433
-2694
-3279
-3729
-4654
-5832
-6442
-6354
-6227
-6357
-6312
-5566
-4848
-4558
-4872
-5127
-5261
-5380
-5937
-6659
-6504
-5687
-4001
-2824
-1384
738
3216
5535
6714
7523
8349
8972
8472
7208
5682
4580
3470
1929
446
-526
-831
-1038
-1285
-1450
-1037
-500
-301
-594
-821
-519
-335
-630
-1049
-751
96
866
1376
1952
3244
4590
5313
5582
5918
6359
6247
5458
4488
3964
3568
2719
1622
1100
1293
1141
391
-202
-214
-310
-1201
-2507
-3407
-3858
-4677
-5703
-6374
-6377
-6179
-6192
-6143
-5774
-5167
-4937
-5183
-5582
-5874
-6195
-6441
-6814
-6532
-5480
-4028
-2269
-847
1051
3256
5269
6809
7526
7764
7866
7494
6582
5404
4082
3012
1878
760
41
-364
-522
-548
-634
-560
-366
-227
-269
-547
-778
-822
-694
-567
-519
6
937
1803
2595
3065
4044
4880
5262
5227
4950
4996
4654
3874
3052
2728
2379
2019
1476
1218
1279
1043
568
11
-305
-907
-1878
-3031
-3944
-4533
-5055
-5684
-6143
-6142
-5955
-5720
-5751
-5664
-5508
-5660
-6020
-6757
-7038
-7096
-7146
-6771
-5700
-3823
-2030
-343
1397
3668
5765
6838
7150
7414
7688
7247
6022
4577
3773
3172
2234
1052
319
313
468
206
-304
-382
-225
-182
-660
-1177
-1206
-1016
-994
-1014
-527
583
1691
2169
2590
3442
4557
5036
4787
4558
4712
4765
4128
3272
2921
3066
2787
2142
1847
2006
1831
1096
379
44
-263
-1256
-2527
-3472
-3926
-4382
-5093
-5623
-5650
-5456
-5291
-5407
-5457
-5305
-5352
-5798
-6698
-7307
-7459
-7669
-7820
-7200
-5641
-3449
-1845
-265
1847
4308
6102
6572
6806
7290
7449
6510
5099
4044
3684
3107
2033
1123
917
1191
1166
720
343
323
292
-135
-833
-1221
-1230
-1188
-1285
-1097
-258
919
1578
1939
2542
3729
4602
4606
4305
4183
4530
4359
3622
2986
2979
3006
2624
2182
2121
2232
1831
1166
647
447
-205
-1436
-2591
-3296
-3780
-4590
-5434
-5834
-5796
-5683
-5764
-5824
-5712
-5398
-5590
-6085
-6741
-7176
-7250
-7509
-7230
-6397
-4797
-3015
-1622
80
2343
4492
5675
6052
6446
7003
6809
5748
4484
3910
3648
2895
1886
1316
1397
1546
1349
948
734
593
268
-276
-899
-1161
-1412
-1611
-1365
-994
-190
511
1149
1739
2509
3588
4061
4053
3966
4125
4396
4301
3560
3076
3259
3424
2931
2436
2434
2450
2034
1272
800
454
-344
-1576
-2517
-3088
-3707
-4646
-5250
-5440
-5386
-5497
-5615
-5604
-5377
-5368
-5682
-6159
-6845
-7115
-7508
-7505
-7224
-6242
-4544
-2795
-1252
220
2005
3959
5447
6049
6146
5956
5840
5357
4513
3784
3189
2634
2165
1926
1840
1788
1549
1343
1286
1077
472
-212
-661
-981
-1338
-1550
-1419
-1036
-508
109
916
1653
2190
2645
3188
3575
3586
3385
3359
3433
3295
3029
2839
2902
2996
2922
2679
2474
2227
1873
1362
731
-59
-969
-1873
-2708
-3357
-3908
-4381
-4827
-4983
-4986
-5018
-5041
-5281
-5392
-5572
-5936
-6494
-7372
-7816
-7766
-7062
-6265
-5062
-3489
-1823
-195
1254
3012
4450
5321
5304
5103
5079
4940
4239
3526
3131
2881
2709
2441
2427
2349
2316
2221
1984
1536
845
285
-205
-604
-1122
-1331
-1033
-695
-454
-73
776
1410
1832
2132
2375
2733
2828
2692
2644
2758
2716
2557
2537
2707
2833
2793
2612
2413
2295
1955
1341
649
-9
-715
-1482
-2307
-2982
-3427
-3785
-4095
-4276
-4341
-4314
-4475
-4628
-4906
-5179
-5627
-6286
-6816
-7310
-7197
-6903
-6031
-4900
-3380
-1881
-497
892
2110
3358
4086
4379
4100
3920
3707
3521
3263
3010
2844
2885
3087
3102
3132
3017
2918
2687
2298
1677
959
350
-174
-609
-802
-937
-866
-534
69
761
1169
1464
1722
1971
2168
2208
2169
2137
2004
2019
2196
2393
2424
2402
2623
2842
2664
2217
1830
1526
1066
234
-556
-1202
-1772
-2329
-2789
-3042
-3256
-3476
-3572
-3561
-3630
-3836
-4124
-4354
-4730
-5279
-5983
-6620
-6828
-6719
-6177
-5399
-4226
-2950
-1630
-191
991
1865
2364
2817
3199
3139
2595
2106
2140
2596
2656
2467
2625
3164
3629
3625
3470
3350
3083
2506
1907
1305
696
26
-409
-560
-591
-667
-532
11
475
948
1203
1556
1524
1413
1536
1693
1738
1418
1353
1721
2238
2255
2188
2329
2762
2802
2373
1930
1568
1186
481
-302
-943
-1467
-1915
-2259
-2449
-2441
-2563
-2665
-2613
-2507
-2651
-2942
-3377
-3872
-4306
-4942
-5583
-6267
-6356
-6210
-5675
-4994
-4079
-2864
-1748
-725
-52
734
1077
1155
1136
1227
1232
1075
1078
1516
2215
2597
2964
3409
3900
4113
3969
3691
3267
2712
2154
1704
1246
683
281
223
287
184
72
278
713
1079
1011
1016
1130
1112
1016
952
1182
1299
1397
1476
1839
2277
2394
2210
2363
2644
2380
1825
1315
1120
783
176
-447
-729
-815
-1104
-1335
-1355
-1270
-1329
-1495
-1643
-1855
-2231
-2826
-3327
-3782
-4292
-4816
-5347
-5621
-5721
-5457
-5044
-4445
-3706
-2946
-2116
-1575
-1169
-967
-663
-273
69
139
154
474
1163
1940
2383
2807
3275
3802
3934
3776
3594
3340
2923
2481
2142
1796
1454
1179
1081
1016
778
549
454
509
449
362
437
367
407
542
735
892
1070
1298
1626
1885
1901
1918
2008
2054
1953
1916
1709
1465
1306
1274
1116
888
674
489
445
246
11
-194
-363
-560
-748
-958
-1229
-1493
-1809
-2076
-2478
-3022
-3316
-3707
-4030
-4654
-5095
-5362
-5550
-5367
-5247
-4796
-4373
-3732
-3166
-2310
-1819
-1221
-580
37
499
640
990
1356
1966
2057
2211
2532
2984
3094
3045
3115
3151
3117
2823
2601
2437
2124
1740
1421
1156
861
484
258
232
432
625
832
852
989
1123
1334
1465
1404
1390
1364
1487
1522
1538
1445
1550
1754
1953
1959
1851
1858
1889
1827
1559
1243
887
607
319
78
-140
-354
-491
-571
-602
-761
-1088
-1331
-1522
-1878
-2547
-3266
-3882
-4481
-5107
-5890
-6415
-6543
-6307
-5920
-5311
-4579
-3738
-2790
-1908
-1288
-985
-689
-378
-242
-363
-239
129
582
1015
1435
2108
2875
3322
3422
3468
3528
3321
2917
2546
2191
1804
1428
1326
1279
1133
939
911
1119
1049
936
1217
1620
1523
1160
1052
1254
1378
1202
1101
1284
1661
1725
1812
2098
2236
2332
2477
2492
2213
1875
1626
1457
1160
729
426
333
333
183
107
127
-4
-236
-536
-885
-1396
-2038
-2631
-3174
-3746
-4366
-4871
-5196
-5433
-5574
-5753
-5681
-5497
-5140
-4663
-4119
-3491
-2927
-2358
-2008
-1766
-1541
-1277
-1086
-913
-776
-315
530
1200
1670
2031
2568
2915
2855
2592
2518
2583
2449
2234
2166
2284
2279
2237
2268
2192
1943
1605
1392
1196
828
490
565
1044
1341
1411
1549
2013
2438
2573
2528
2316
2228
2095
1936
1800
1689
1523
1562
1839
1920
1732
1570
1657
1625
1248
698
271
64
-249
-679
-1068
-1298
-1520
-1760
-1880
-2045
-2316
-2624
-2729
-2958
-3320
-3758
-4158
-4418
-4699
-5102
-5447
-5587
-5490
-5105
-4434
-3593
-2819
-2191
-1578
-1112
-1084
-1140
-1114
-991
-1005
-1024
-814
-280
258
666
1200
1868
2423
2634
2790
2970
3093
3005
2774
2580
2384
2194
2002
1926
1881
1793
1674
1676
1833
1888
1936
2027
2221
2456
2588
2509
2327
2142
2102
2113
2011
1733
1465
1533
1739
1713
1492
1360
1385
1416
1066
546
88
-197
-461
-809
-1072
-1208
-1166
-1009
-860
-783
-764
-855
-989
-1169
-1528
-1973
-2343
-2639
-2897
-3136
-3364
-3586
-3612
-3554
-3550
-3687
-3820
-3774
-3574
-3273
-2996
-2626
-2316
-2044
-1878
-1838
-1849
-1770
-1485
-1111
-860
-825
-564
56
629
937
1113
1502
1888
2039
2055
2192
2400
2456
2497
2668
2890
2846
2752
2767
2861
2789
2465
2261
2232
2202
2017
1836
1804
1951
2158
2430
2564
2435
2127
1867
1659
1306
711
115
-139
-147
-289
-445
-329
-104
102
166
93
-130
-339
-503
-680
-813
-1112
-1315
-1206
-1014
-963
-1008
-917
-739
-674
-791
-983
-1166
-1276
-1450
-1740
-2015
-2418
-2700
-2824
-2861
-3061
-3377
-3404
-3096
-2732
-2534
-2386
-2219
-1866
-1736
-1791
-1935
-2058
-2031
-1886
-1649
-1533
-1364
-812
39
684
1094
1512
2089
2594
2699
2674
2784
2863
2854
2816
2893
2910
2806
2837
2989
3009
2749
2405
2234
2099
1725
1286
993
866
751
858
1114
1150
850
677
800
785
468
-129
-384
-287
-405
-835
-893
-752
-663
-528
-370
-323
-349
-183
46
253
209
63
152
377
354
155
89
127
193
152
40
-137
-231
-242
-305
-510
-921
-1297
-1597
-1854
-2198
-2613
-2987
-3242
-3263
-3294
-3305
-3282
-3044
-2694
-2344
-2162
-2096
-2059
-2101
-1904
-1619
-1430
-1444
-1335
-677
177
619
817
1294
2024
2472
2407
2313
2441
2511
2413
2248
2210
2150
2000
2055
2254
2288
1979
1765
1791
1751
1337
866
653
606
498
216
173
306
424
459
489
343
87
-118
-197
-184
-419
-659
-541
-181
52
188
342
666
876
1007
1041
983
977
931
994
996
869
752
737
758
677
448
209
107
-84
-286
-531
-724
-872
-1068
-1337
-1640
-1838
-2124
-2387
-2699
-2969
-3239
-3372
-3211
-3056
-2837
-2640
-2359
-2035
-1722
-1648
-1830
-1975
-1888
-1613
-1595
-1622
-1432
-697
79
439
803
1391
2055
2241
2187
2185
2186
1969
1710
1664
1630
1455
1231
1342
1583
1493
1218
1136
1246
1115
728
398
348
337
189
77
156
376
452
501
668
857
867
795
764
789
765
676
673
762
845
873
942
1039
1079
1087
1137
1130
1103
1075
1043
1026
955
906
866
777
653
546
455
339
131
-122
-238
-393
-599
-896
-1205
-1480
-1831
-2240
-2607
-2802
-3015
-3280
-3479
-3355
-3116
-2964
-2827
-2662
-2319
-2059
-1933
-1920
-2049
-2218
-2153
-1871
-1737
-1785
-1637
-928
-218
62
236
674
1270
1458
1313
1231
1310
1267
1126
1126
1203
1147
1094
1364
1692
1758
1614
1606
1850
1942
1718
1417
1354
1441
1334
1123
998
1032
1076
1101
1168
1316
1330
1125
1084
1113
974
647
488
508
621
562
450
666
929
1091
1206
1325
1359
1338
1304
1224
1083
856
657
526
417
184
-14
-113
-203
-259
-420
-620
-795
-969
-1136
-1408
-1769
-2113
-2349
-2567
-2765
-2948
-3011
-3039
-3027
-2883
-2730
-2591
-2524
-2573
-2433
-2184
-2039
-2172
-2488
-2511
-2150
-1807
-1796
-1846
-1445
-595
-69
89
358
963
1551
1674
1660
1769
1937
1948
1948
2092
2146
2013
1977
2224
2378
2196
1937
1949
2105
1968
1618
1345
1339
1351
1143
961
893
881
849
887
904
857
804
806
822
739
630
523
479
349
295
290
317
377
428
597
659
607
676
756
661
544
455
419
317
146
91
102
123
23
-15
59
16
-141
-308
-465
-600
-833
-1157
-1464
-1719
-1905
-2127
-2371
-2534
-2630
-2718
-2737
-2743
-2722
-2656
-2610
-2535
-2483
-2386
-2200
-1897
-1748
-1951
-2079
-1748
-1279
-1196
-1341
-1134
-422
133
211
333
880
1457
1621
1629
1782
1959
1946
1927
2068
2133
1988
1849
1990
2195
2033
1718
1670
1831
1760
1404
1144
1163
1181
983
811
772
725
496
301
323
229
-19
-175
-2
209
90
-190
-149
205
361
211
1
163
388
403
325
342
489
602
702
727
756
746
754
797
814
730
555
525
573
544
399
189
127
114
11
-246
-480
-605
-703
-913
-1213
-1451
-1733
-1928
-2153
-2310
-2390
-2517
-2687
-2750
-2668
-2619
-2578
-2512
-2259
-1982
-1896
-2057
-2031
-1633
-1261
-1233
-1280
-999
-373
86
215
457
948
1345
1426
1443
1550
1596
1463
1447
1514
1484
1293
1152
1334
1522
1426
1206
1261
1430
1388
1161
1048
1131
1094
946
854
859
758
492
388
440
350
103
-33
47
123
81
80
192
284
263
249
341
488
515
509
592
808
986
1091
1176
1321
1517
1566
1538
1473
1468
1407
1248
1127
956
845
749
622
473
247
46
-133
-341
-613
-894
-1120
-1232
-1414
-1668
-1856
-2004
-2073
-2223
-2335
-2456
-2579
-2686
-2814
-2847
-2958
-3055
-3038
-2771
-2529
-2530
-2663
-2583
-2147
-1738
-1594
-1618
-1337
-738
-272
-123
12
497
1014
1257
1304
1408
1613
1705
1776
1905
1940
1797
1709
1827
1935
1767
1501
1493
1644
1639
1379
1210
1332
1381
1258
1122
1110
1062
927
836
851
780
514
408
534
724
579
321
327
517
675
580
443
395
554
648
655
616
641
790
903
1075
1120
1048
1011
1123
1237
1151
930
775
786
721
474
149
-27
-97
-246
-418
-680
-865
-926
-988
-1084
-1305
-1538
-1689
-1804
-2012
-2313
-2630
-2729
-2699
-2712
-2766
-2852
-2796
-2674
-2591
-2541
-2457
-2250
-2067
-2113
-2265
-2156
-1791
-1506
-1520
-1453
-960
-341
-81
17
411
1024
1363
1379
1490
1796
1972
1926
1947
2129
2194
2023
1987
2168
2229
2010
1810
1930
2028
1806
1487
1468
1616
1496
1190
1112
1227
1115
871
782
851
748
390
261
293
132
-257
-458
-346
-306
-588
-812
-650
-413
-400
-533
-465
-167
-6
23
117
368
531
557
693
828
892
825
806
890
968
844
706
785
799
740
567
452
366
217
-34
-303
-520
-735
-931
-1161
-1329
-1535
-1693
-1822
-2027
-2162
-2271
-2369
-2504
-2663
-2684
-2674
-2727
-2762
-2677
-2433
-2100
-1922
-1929
-1942
-1777
-1367
-1094
-1161
-1238
-825
-173
136
184
460
1106
1608
1746
1764
1918
2123
2105
2072
2092
1988
1752
1653
1805
1835
1535
1260
1381
1572
1441
1035
919
1113
1062
796
618
659
591
362
269
302
153
-153
-219
-71
-89
-441
-640
-414
-179
-226
-372
-303
-107
51
132
243
299
246
308
436
606
592
517
698
933
1047
993
979
1067
1222
1200
1055
907
821
816
735
640
426
299
260
150
-24
-289
-477
-622
-768
-938
-1161
-1359
-1484
-1584
-1732
-1888
-2100
-2239
-2337
-2520
-2710
-2877
-2943
-3055
-3074
-3021
-2828
-2521
-2206
-2057
-2084
-1867
-1420
-1034
-1096
-1226
-892
-258
42
-3
228
842
1380
1467
1511
1769
2049
2098
2057
2158
2203
2036
1913
2093
2245
2021
1707
1775
1969
1789
1350
1190
1317
1253
887
638
694
597
319
184
249
118
-241
-408
-275
-288
-643
-888
-747
-521
-654
-813
-581
-284
-238
-290
-134
215
395
356
347
508
608
587
592
657
772
745
697
737
836
745
697
710
666
562
391
340
332
302
135
69
22
-93
-195
-411
-562
-665
-812
-1010
-1178
-1331
-1462
-1586
-1696
-1759
-1857
-1923
-2033
-2079
-2087
-2103
-2069
-2079
-2045
-2023
-1979
-1828
-1525
-1196
-1149
-1281
-1187
-708
-371
-548
-742
-440
158
381
249
379
992
1444
1451
1435
1630
1840
1757
1721
1831
1816
1587
1445
1695
1830
1562
1253
1387
1645
1437
945
790
960
848
469
221
239
159
-136
-212
-103
-213
-578
-701
-493
-476
-829
-1037
-808
-550
-648
-874
-757
-405
-276
-311
-267
-60
120
222
301
405
501
596
751
857
1024
1084
1121
1318
1473
1471
1402
1425
1483
1480
1350
1193
1093
1034
893
678
519
368
235
67
-161
-314
-466
-634
-781
-873
-984
-1141
-1282
-1386
-1474
-1627
-1702
-1765
-1860
-1963
-2049
-2023
-1957
-1951
-2035
-2055
-1940
-1759
-1654
-1525
-1441
-1529
-1560
-1400
-1105
-1011
-1256
-1207
-712
-265
-216
-274
93
667
867
735
757
997
1178
1086
1035
1164
1165
1080
1126
1384
1437
1223
1193
1445
1561
1300
1063
1198
1433
1299
1054
1087
1224
1186
1016
1031
1068
884
611
585
641
411
36
-52
151
82
-254
-418
-300
-190
-150
-65
-77
-379
-561
-304
-67
-114
-320
-54
422
443
307
440
600
656
720
704
517
399
518
618
680
530
330
451
604
449
126
-23
40
8
-230
-433
-496
-466
-509
-507
-564
-790
-959
-998
-1014
-1250
-1535
-1619
-1611
-1627
-1722
-1820
-1850
-1733
-1619
-1654
-1746
-1783
-1703
-1578
-1413
-1294
-1194
-1093
-998
-768
-514
-354
-365
-311
-76
180
307
307
469
780
1097
1136
1095
1252
1407
1482
1467
1452
1441
1465
1539
1648
1690
1654
1667
1769
1906
1800
1587
1534
1558
1511
1274
1049
957
907
753
599
453
258
32
-159
-257
-498
-819
-1016
-1076
-1090
-1262
-1455
-1506
-1444
-1466
-1567
-1614
-1560
-1343
-1139
-1067
-1310
-1402
-1020
-651
-513
-668
-498
-91
206
403
631
781
908
1258
1531
1595
1457
1616
1951
2127
2042
1848
1947
2123
2120
1878
1708
1667
1562
1355
1153
992
749
517
425
282
-72
-435
-610
-690
-943
-1288
-1496
-1596
-1658
-1748
-1886
-1982
-2004
-1987
-1961
-2093
-2190
-2220
-2168
-2119
-2086
-1972
-1870
-1703
-1562
-1452
-1282
-994
-779
-671
-561
-374
-105
159
345
457
684
991
1189
1214
1274
1454
1565
1570
1499
1499
1533
1465
1463
1492
1488
1412
1381
1415
1384
1251
1107
1074
1043
935
734
595
577
464
332
230
164
17
-134
-190
-248
-389
-539
-562
-537
-572
-734
-772
-696
-684
-703
-729
-622
-492
-403
-331
-196
-11
143
289
429
607
718
793
915
939
982
1052
1161
1187
1191
1236
1288
1355
1344
1282
1195
1187
1103
946
801
662
572
463
335
203
97
-13
-93
-184
-314
-460
-599
-694
-849
-1045
-1230
-1408
-1496
-1578
-1705
-1827
-1884
-1860
-1859
-1858
-1836
-1816
-1826
-1807
-1795
-1784
-1693
-1620
-1459
-1283
-1116
-1017
-849
-629
-397
-202
-82
74
245
446
563
701
906
1077
1216
1336
1494
1610
1692
1744
1822
1871
1822
1768
1736
1746
1664
1521
1441
1357
1250
1107
964
859
739
566
395
273
123
-49
-221
-293
-434
-645
-794
-926
-992
-1112
-1221
-1268
-1263
-1264
-1250
-1198
-1124
-1040
-965
-833
-791
-758
-639
-523
-385
-277
-146
27
227
422
621
835
1075
1293
1362
1331
1308
1395
1505
1444
1414
1539
1614
1631
1725
1767
1719
1704
1608
1489
1290
1060
823
664
531
277
71
-70
-140
-287
-506
-682
-774
-959
-1197
-1393
-1577
-1689
-1833
-1935
-1984
-2069
-2143
-2171
-2134
-2090
-2077
-2113
-2118
-2046
-1972
-1931
-1856
-1685
-1536
-1379
-1186
-1043
-870
-654
-370
-119
39
187
395
642
861
999
1093
1276
1431
1531
1598
1632
1696
1743
1784
1768
1726
1631
1547
1512
1443
1297
1145
1065
955
839
721
543
429
368
281
138
31
-64
-151
-229
-331
-436
-575
-617
-644
-712
-787
-866
-842
-791
-732
-723
-713
-655
-592
-532
-483
-428
-379
-274
-187
-88
45
202
392
524
542
535
605
649
652
600
612
652
635
705
767
742
767
774
760
684
554
458
420
373
240
131
88
58
-10
-64
-157
-216
-292
-436
-543
-666
-808
-959
-1026
-1076
-1150
-1236
-1298
-1327
-1367
-1361
-1366
-1368
-1330
-1303
-1261
-1185
-1020
-893
-800
-690
-555
-409
-289
-167
-71
93
241
376
521
593
736
864
969
1003
1036
1076
1104
1097
1041
1007
987
1009
931
834
781
671
581
482
379
222
57
-52
-140
-271
-404
-478
-524
-549
-640
-719
-738
-795
-823
-819
-803
-842
-863
-819
-747
-665
-623
-532
-427
-295
-228
-139
13
112
187
281
401
468
521
599
699
780
859
934
970
1017
1032
1083
1134
1057
1007
1014
1021
958
912
901
868
832
805
761
697
679
603
542
493
335
234
166
115
-1
-124
-199
-275
-355
-473
-534
-624
-709
-838
-956
-1050
-1204
-1298
-1390
-1484
-1594
-1695
-1764
-1778
-1786
-1797
-1811
-1812
-1710
-1643
-1622
-1572
-1544
-1484
-1382
-1247
-1092
-965
-856
-712
-476
-250
-116
-37
156
366
486
568
628
790
924
1018
1097
1176
1224
1241
1282
1309
1281
1179
1161
1143
1081
988
847
825
793
706
558
477
418
325
226
140
70
-40
-87
-144
-184
-233
-317
-337
-341
-346
-387
-406
-381
-321
-297
-288
-269
-233
-153
-145
-145
-116
-129
-107
-81
-20
44
92
105
140
223
320
380
360
381
351
335
343
316
312
341
391
430
471
462
486
506
504
443
342
279
194
103
43
-52
-99
-145
-215
-288
-378
-451
-521
-608
-726
-832
-950
-991
-1058
-1164
-1218
-1283
-1269
-1261
-1247
-1271
-1277
-1252
-1229
-1216
-1233
-1254
-1233
-1029
-785
-583
-514
-512
-332
-46
156
122
102
274
509
623
634
741
937
1127
1211
1234
1261
1221
1203
1215
1225
1079
912
887
951
907
718
602
600
605
426
195
75
-21
-113
-227
-271
-345
-420
-426
-380
-359
-473
-560
-555
-481
-551
-680
-702
-649
-570
-538
-497
-425
-342
-247
-143
-87
-75
-47
27
189
276
325
439
574
694
718
753
793
845
858
842
867
854
851
877
929
915
876
819
739
682
551
412
265
155
18
-98
-220
-351
-445
-542
-603
-715
-843
-918
-1015
-1096
-1164
-1199
-1230
-1262
-1296
-1300
-1293
-1291
-1265
-1233
-1153
-1132
-1135
-1069
-1045
-993
-945
-863
-676
-430
-185
-71
-31
85
297
474
501
461
534
720
781
783
847
989
1101
1136
1154
1132
1064
959
918
893
794
575
495
564
531
414
327
362
345
217
73
-8
-92
-206
-280
-288
-292
-370
-394
-294
-220
-246
-306
-301
-273
-313
-426
-496
-488
-477
-458
-445
-371
-336
-304
-214
-155
-103
-78
18
83
110
151
198
277
333
369
367
389
356
354
407
406
433
446
475
502
523
494
481
485
457
417
341
315
267
229
219
164
142
115
94
30
-52
-133
-206
-286
-374
-455
-547
-553
-586
-640
-668
-724
-741
-768
-793
-856
-884
-903
-906
-923
-953
-956
-929
-757
-578
-400
-258
-231
-199
-103
70
110
13
-18
112
250
259
289
431
670
773
771
842
839
829
820
844
825
707
603
629
710
637
528
507
584
518
360
287
212
172
79
10
-39
-125
-210
-216
-202
-262
-341
-381
-340
-363
-449
-485
-486
-444
-420
-408
-398
-382
-344
-285
-213
-173
-150
-93
44
165
278
403
428
454
491
528
542
531
564
614
675
735
812
846
953
1022
1012
983
881
805
727
654
518
383
299
222
137
44
-24
-79
-133
-259
-396
-501
-641
-733
-807
-875
-962
-1025
-1059
-1037
-1018
-1063
-1079
-1082
-1038
-1071
-1115
-1080
-1051
-997
-949
-873
-770
-650
-497
-295
-134
-98
-83
-3
242
328
269
310
452
626
643
674
786
913
959
954
971
976
932
896
969
958
813
717
697
714
607
451
369
348
284
153
84
67
52
3
32
-7
-106
-154
-188
-184
-262
-367
-421
-410
-394
-419
-435
-387
-334
-308
-249
-238
-244
-212
-180
-121
-92
-45
55
184
280
302
304
337
395
420
436
395
402
456
463
513
546
551
565
572
544
472
383
330
281
210
150
60
12
6
-50
-101
-166
-199
-254
-323
-383
-430
-464
-476
-487
-536
-529
-552
-586
-596
-638
-670
-690
-696
-697
-694
-714
-711
-683
-649
-615
-608
-556
-523
-495
-426
-356
-242
-160
-166
-124
1
129
159
141
214
343
395
442
497
559
635
636
674
707
712
707
729
753
719
637
626
657
604
550
471
451
440
346
274
229
188
133
105
61
9
-50
-97
-138
-202
-253
-346
-411
-414
-441
-444
-428
-365
-315
-283
-257
-235
-199
-157
-108
-84
-10
17
69
174
241
303
354
430
473
496
500
503
507
499
484
427
405
355
280
262
195
150
85
28
-11
-65
-125
-175
-209
-243
-311
-407
-433
-491
-544
-571
-638
-651
-683
-702
-707
-690
-682
-673
-669
-653
-647
-658
-620
-606
-582
-530
-514
-454
-400
-339
-290
-230
-160
-109
-63
2
94
157
215
209
244
339
366
376
397
465
515
545
571
600
639
645
670
659
654
614
577
605
562
524
484
469
469
416
344
289
244
154
62
-40
-81
-180
-269
-278
-339
-378
-425
-413
-408
-422
-453
-472
-476
-481
-480
-484
-406
-382
-342
-234
-167
-95
-46
22
86
125
144
189
245
300
327
349
433
464
470
488
486
472
443
405
352
300
230
175
111
61
11
-60
-81
-149
-221
-268
-342
-388
-444
-497
-535
-573
-601
-620
-641
-653
-657
-680
-662
-648
-644
-589
-559
-533
-477
-404
-375
-326
-294
-259
-230
-210
-181
-154
-78
-49
-23
57
93
140
192
229
248
282
294
312
320
330
355
373
439
452
454
495
499
520
520
506
508
523
513
503
492
485
500
463
468
429
395
384
340
309
247
205
154
117
59
-5
-59
-99
-130
-188
-173
-206
-241
-235
-269
-274
-280
-283
-297
-295
-297
-291
-272
-245
-217
-222
-176
-166
-183
-163
-186
-177
-200
-213
-233
-261
-316
-351
-368
-400
-424
-484
-475
-525
-574
-599
-656
-659
-685
-707
-735
-752
-758
-747
-720
-710
-683
-663
-598
-570
-543
-482
-439
-354
-282
-205
-158
-90
-12
69
150
223
305
357
468
524
571
629
658
700
717
730
726
745
764
779
784
778
779
762
776
747
699
698
642
623
586
565
530
503
488
467
444
417
402
378
374
312
247
219
183
156
107
67
12
-20
-61
-98
-143
-193
-243
-298
-304
-369
-429
-451
-494
-517
-566
-588
-621
-642
-665
-693
-696
-727
-739
-747
-700
-711
-712
-693
-686
-655
-654
-627
-596
-546
-515
-479
-433
-386
-329
-290
-216
-186
-157
-102
-83
-27
5
45
70
116
155
196
233
276
323
359
404
398
402
445
450
471
489
504
516
524
542
550
553
535
523
490
497
462
422
408
362
338
289
270
237
187
142
108
74
43
17
-21
-12
-53
-86
-65
-90
-89
-91
-77
-69
-60
-50
-46
-39
-42
-31
-57
-39
-52
-77
-61
-100
-109
-122
-121
-145
-159
-191
-213
-230
-275
-306
-354
-358
-402
-450
-468
-490
-506
-537
-544
-567
-593
-600
-590
-588
-590
-560
-556
-497
-469
-461
-396
-348
-268
-215
-154
-108
-50
13
87
143
189
259
290
395
425
451
522
541
584
579
588
589
582
565
554
532
498
465
424
412
360
302
280
243
225
191
167
147
128
106
80
68
50
53
27
34
-6
-53
-41
-58
-61
-77
-90
-107
-124
-126
-124
-132
-151
-150
-179
-169
-198
-245
-239
-266
-277
-295
-297
-305
-326
-331
-334
-326
-337
-336
-355
-341
-348
-368
-328
-324
-300
-283
-242
-204
-159
-108
-60
-14
41
98
116
180
194
208
246
257
289
297
305
309
319
323
317
302
292
281
265
273
260
229
231
200
189
174
165
143
117
105
86
76
51
48
38
53
18
-5
-1
-27
-38
-41
-35
-50
-55
-66
-62
-60
-72
-68
-82
-57
-71
-89
-68
-86
-79
-85
-75
-83
-83
-81
-84
-98
-114
-120
-141
-133
-177
-216
-205
-227
-220
-222
-214
-221
-229
-229
-224
-217
-231
-247
-268
-237
-260
-283
-261
-274
-262
-266
-264
-270
-263
-257
-240
-218
-207
-177
-155
-100
-86
-69
-9
17
56
90
133
160
208
251
297
347
395
443
473
549
567
582
631
624
633
620
605
572
543
522
497
489
449
426
395
402
374
315
296
245
225
182
137
98
62
14
-18
-44
-73
-101
-142
-135
-173
-225
-229
-268
-272
-276
-277
-289
-292
-280
-279
-279
-278
-271
-268
-220
-236
-259
-252
-262
-261
-248
-244
-250
-237
-236
-234
-243
-246
-248
-249
-196
-220
-256
-218
-224
-220
-200
-172
-164
-138
-109
-94
-62
-27
-2
10
58
60
50
84
92
109
102
116
121
133
131
142
150
143
163
162
189
170
152
182
169
187
185
192
194
207
225
228
252
265
273
247
287
284
257
276
265
277
263
270
268
258
265
256
260
255
247
227
244
219
164
150
103
95
76
66
50
27
0
-30
-61
-90
-120
-166
-172
-227
-287
-297
-331
-327
-348
-351
-355
-353
-357
-353
-345
-353
-346
-340
-294
-308
-315
-273
-270
-244
-236
-212
-200
-183
-155
-130
-106
-93
-72
-66
-17
-22
-22
19
20
35
55
81
100
127
142
163
185
201
217
219
261
252
235
268
249
252
242
252
248
253
252
232
221
198
202
169
174
140
106
106
65
54
39
40
24
15
8
1
-9
-27
-24
-48
-29
-55
-71
-55
-66
-56
-65
-43
-61
-54
-39
-29
-27
-28
-18
-19
32
18
2
16
11
17
19
22
3
3
-2
-8
-20
-37
-55
-70
-56
-64
-93
-75
-89
-93
-100
-132
-122
-114
-110
-110
-108
-113
-104
-90
-50
-51
-70
-40
-42
-7
6
5
-3
6
13
29
28
21
41
37
69
47
12
36
39
55
52
55
47
56
66
78
79
80
95
96
124
100
83
120
111
127
108
108
128
132
143
142
150
140
139
114
133
116
87
91
71
71
47
41
35
23
3
-32
-47
-61
-70
-102
-88
-136
-178
-187
-211
-212
-230
-242
-253
-240
-250
-238
-238
-233
-208
-206
-175
-186
-196
-156
-172
-150
-143
-123
-97
-84
-78
-65
-43
-44
-30
-43
4
-6
-25
13
7
57
105
135
109
104
127
134
113
82
101
122
161
152
156
190
189
199
196
192
167
160
160
152
130
90
95
91
111
73
36
54
31
28
-22
-49
-66
-63
-56
-59
-74
-58
-38
-43
-15
-55
-91
-71
-81
-76
-86
-69
-52
-35
-11
14
13
33
38
21
39
16
4
21
2
-9
-7
-13
-31
-33
-50
-82
-107
-121
-137
-174
-170
-206
-249
-232
-272
-283
-296
-312
-327
-338
-357
-367
-366
-353
-345
-344
-299
-312
-314
-272
-265
-243
-237
-210
-175
-145
-122
-93
-64
-31
8
33
91
102
116
151
155
188
193
216
238
245
261
272
282
285
285
273
299
274
239
264
234
232
235
232
210
196
180
172
158
140
140
122
132
94
37
31
-1
-4
-28
-54
-75
-93
-106
-127
-148
-160
-161
-183
-179
-222
-239
-226
-241
-232
-245
-236
-220
-202
-211
-208
-204
-206
-185
-184
-164
-179
-182
-150
-152
-134
-149
-130
-115
-96
-94
-102
-92
-90
-81
-95
-57
-64
-92
-58
-66
-69
-82
-81
-81
-91
-104
-105
-91
-81
-84
-99
-66
-67
-73
-57
-66
-52
-54
-28
-19
-10
1
11
52
68
74
76
110
94
71
76
51
63
55
54
47
40
42
41
40
33
39
26
49
28
4
34
15
25
20
21
22
29
35
44
45
48
59
47
76
57
35
38
17
23
23
32
30
40
36
20
23
6
-5
-45
-34
-72
-100
-89
-117
-121
-131
-115
-130
-127
-140
-140
-145
-148
-142
-154
-112
-100
-92
-57
-48
-23
3
27
28
45
62
75
71
74
102
92
140
132
103
115
94
103
99
80
60
52
38
25
10
-18
-33
-43
-21
-44
-85
-92
-113
-108
-110
-99
-114
-114
-109
-125
-122
-140
-148
-163
-132
-146
-177
-140
-132
-115
-127
-112
-108
-90
-85
-90
-90
-92
-86
-83
-46
-53
-65
-26
-18
17
20
36
45
66
81
93
111
118
146
148
195
202
192
220
222
240
251
249
258
247
234
225
203
187
162
126
139
119
82
91
68
46
19
-8
-36
-71
-117
-142
-166
-188
-195
-209
-172
-185
-200
-182
-198
-180
-196
-177
-179
-164
-141
-119
-100
-70
-36
-23
44
52
34
77
85
106
118
134
143
157
166
160
157
146
134
113
131
108
71
83
70
65
54
45
30
21
0
-20
-24
-38
-35
-41
-20
-33
-43
-3
-15
2
-7
-6
-16
-24
-30
-45
-34
-47
-36
-39
-2
-25
-45
-18
-26
7
-11
-8
-12
-22
-22
-17
-18
-25
-29
-46
3
2
-9
22
6
12
20
23
6
10
1
1
11
12
42
45
85
79
61
77
56
58
44
43
30
28
24
3
-10
-21
-17
-34
-16
-41
-77
-68
-77
-70
-74
-57
-61
-50
-49
-31
-24
-18
11
8
71
63
67
110
111
136
140
157
158
162
169
181
187
187
204
198
225
223
196
198
183
178
162
145
119
98
68
59
42
18
17
-8
16
-10
-58
-52
-70
-64
-95
-96
-95
-99
-95
-105
-103
-108
-108
-118
-91
-114
-127
-104
-110
-95
-82
-81
-86
-92
-88
-80
-70
-71
-70
-66
-18
-25
-38
-19
-30
-26
-29
-12
-17
-2
6
11
28
55
74
85
133
131
110
126
104
114
100
101
97
84
84
87
99
89
100
83
105
74
35
47
27
28
5
-6
-12
-2
-12
-20
-20
-19
-19
-31
0
-28
-47
-24
-22
-13
1
14
21
43
41
51
51
67
86
83
124
108
93
109
109
114
93
87
68
59
39
18
0
-20
-33
-55
-63
-100
-122
-121
-141
-146
-169
-165
-171
-169
-172
-167
-168
-169
-159
-163
-126
-132
-130
-106
-115
-103
-104
-92
-83
