-3
-11
-5
9
18
42
41
85
67
47
60
28
39
24
18
17
19
23
18
30
34
34
22
61
46
43
48
18
29
14
31
17
16
11
-3
-18
-10
-2
-10
20
9
7
31
26
44
55
58
55
55
57
54
51
36
19
10
47
25
-1
30
20
39
32
27
21
35
45
43
47
53
57
33
79
80
81
102
95
109
105
100
90
105
114
105
97
90
91
82
112
87
74
108
90
90
89
98
85
83
77
76
72
57
70
94
135
118
95
116
89
72
45
38
23
23
8
2
19
14
16
-1
52
48
16
36
50
57
54
54
62
58
33
23
-9
-10
-32
-43
2
-8
-1
24
28
65
102
104
102
106
99
88
66
13
5
-19
5
-26
-24
33
10
20
11
41
18
8
5
40
52
26
47
80
123
70
27
33
-6
-25
-75
-88
-71
-67
-75
-43
2
26
60
47
75
66
39
2
-29
-31
-39
-32
-17
-2
-16
-27
-29
-23
-20
-52
-36
-22
-32
-31
-12
72
90
103
110
112
112
76
28
25
54
36
19
23
37
74
54
58
61
62
26
-6
-16
-2
-16
-50
-35
-42
28
22
4
58
63
66
58
80
84
86
55
49
60
77
52
6
42
-1
-49
-33
-23
18
8
6
44
68
115
143
119
109
117
111
108
57
5
19
44
50
33
65
123
132
116
97
118
102
66
32
55
50
58
70
66
115
98
109
95
93
88
105
79
50
71
59
60
51
60
86
59
39
38
61
30
-15
-26
18
39
12
69
117
179
155
172
192
168
162
125
101
84
38
4
-14
-7
6
-15
-24
56
56
31
76
53
17
54
104
86
109
131
163
163
168
127
71
110
84
5
-10
8
52
82
92
82
175
208
181
141
89
69
14
-20
-67
-60
-16
-19
-34
42
123
123
121
55
49
73
77
73
48
155
163
105
142
160
168
125
55
-24
40
47
28
17
113
194
126
149
193
168
134
27
6
-18
-40
-69
-77
-88
-54
61
33
99
105
128
116
64
65
78
123
30
33
65
38
53
8
-48
-64
-100
-163
-154
-129
-162
-107
-80
-30
39
64
86
29
63
116
81
27
65
103
121
68
66
82
16
-34
-100
-54
-57
-150
-156
-123
-91
-100
-97
-60
7
19
12
54
69
71
59
76
89
92
120
130
73
68
32
10
-18
-24
-38
-55
-61
-127
-84
-52
-68
-42
-79
-16
-16
-14
23
9
68
23
36
3
32
30
-59
43
-11
-60
-69
-128
-64
-33
-54
-95
14
43
19
87
58
49
5
16
-6
28
-8
-82
-22
-67
-67
-38
-29
-37
-58
-26
4
39
62
80
84
96
122
113
79
74
28
-25
-26
-88
-148
-122
-137
-133
-92
-41
-43
-77
-29
-30
-76
-3
-39
-4
113
101
59
130
52
131
88
-97
-78
-24
-116
-126
-85
-43
34
47
-2
45
70
-8
34
7
-62
-38
-47
-17
156
115
96
194
122
123
131
4
-47
-91
-116
-162
-161
-110
-112
-86
-97
-47
69
-2
-41
41
108
8
65
69
59
74
-19
-15
10
12
-4
-98
-78
-94
-64
-73
-91
-52
-77
-42
-93
-64
32
89
57
-21
15
81
-21
8
44
-27
-89
-47
-74
-47
-148
-261
-259
-282
-307
-251
-253
-156
-97
-118
-24
67
93
-2
-115
-170
-104
-144
-148
-94
-54
45
58
29
143
150
-11
-49
-17
-81
-83
-205
-272
-245
-293
-293
-311
-264
-167
-199
-218
-185
-104
-102
-52
-133
-73
1
-52
63
40
107
134
14
53
111
10
-42
-88
-122
-54
-133
-162
-72
-87
-127
-109
-85
-41
-58
-158
-112
-55
-111
-109
-82
-16
-31
-65
-66
-53
8
-42
-91
-102
-64
-109
-143
-119
-162
-91
-101
-131
-106
-77
-72
-54
-64
-35
10
-14
-40
4
34
16
-21
-137
-45
-17
-117
-162
-170
-127
-149
-217
-127
-81
-96
-81
-23
98
165
63
141
265
68
70
61
-71
35
-77
-190
12
12
-29
38
-76
-32
64
-154
-88
-10
-187
-119
-79
-100
46
-37
-139
-82
-46
-99
-156
-205
-171
-142
-143
-69
-19
96
182
103
141
172
47
28
-118
-163
-186
-278
-299
-172
-135
-31
89
65
179
227
66
86
-31
-120
-98
-261
-285
-200
-167
-131
-67
-94
-31
-28
-82
-32
-36
-88
-106
-142
-78
-39
-79
-25
3
-72
-1
-64
-69
-18
-186
-207
-147
-141
-68
-56
-66
38
25
16
55
-13
2
-26
-158
-152
-47
-81
-149
-100
-101
-13
49
34
67
86
-10
28
60
-34
-115
-103
-139
-119
-58
-18
-45
-13
20
44
158
174
143
120
133
79
45
18
-32
-66
-96
-149
-121
-92
-79
-88
-84
-53
3
0
-22
18
15
-40
18
25
109
137
31
97
156
78
73
22
7
58
-23
-80
-24
5
59
110
154
208
204
185
169
138
45
-74
-182
-276
-187
-261
-282
-164
-147
-14
21
131
259
233
140
141
170
97
68
-61
-16
18
-146
-92
-64
-66
-66
-194
-226
-101
-124
-164
-41
13
89
210
240
307
267
205
144
41
-18
-145
-197
-197
-190
-162
-94
24
158
279
258
298
293
162
159
32
-32
-42
-187
-214
-148
-143
-150
-95
-125
-61
-97
-195
-139
-151
-157
-77
-29
27
167
221
280
265
261
288
197
180
163
116
51
-79
-125
-98
-106
-145
-105
-118
-56
-56
-69
52
95
-9
-56
-27
-17
18
-62
-63
51
86
84
59
168
195
147
127
45
197
207
8
-16
55
68
-19
-3
6
8
-32
-203
-127
-95
-181
-298
-253
-153
-105
-50
-61
55
176
167
218
211
306
307
136
63
38
45
-36
-64
-53
6
8
-160
-73
-20
-66
-216
-360
-262
-279
-353
-360
-242
-144
-44
-76
-44
74
-59
-54
-66
-141
10
-4
-89
35
67
79
188
85
88
195
-6
-111
-53
-112
-241
-266
-450
-243
-149
-341
-189
-177
-132
-81
-131
-119
-128
-175
-93
-29
-74
67
-10
-23
138
65
212
119
-33
103
70
-150
-140
-176
-248
-181
-282
-226
-44
-213
-235
-213
-239
-114
-95
-143
-4
34
25
194
215
237
297
266
201
217
255
174
46
-29
-36
-35
-54
-184
-65
-11
-232
-111
-52
-168
-197
-245
-225
-104
-144
-119
39
39
209
293
190
239
263
259
133
92
150
157
11
-33
65
37
-96
-201
-93
-126
-242
-318
-298
-312
-368
-290
-308
-149
-109
-120
-22
54
196
264
235
197
321
315
283
211
123
121
35
-122
-192
-166
-279
-340
-364
-270
-93
-77
-67
51
145
176
165
127
108
-1
-105
-154
-124
-177
-182
-170
-82
117
157
224
229
263
293
225
126
49
9
-44
-139
-160
-41
-39
-93
-88
71
189
215
217
271
397
319
277
397
409
228
194
279
297
387
324
191
202
148
125
105
9
-76
-81
-159
-237
-83
-33
-158
-287
-205
-86
-258
-300
-239
-228
-237
-293
-129
111
163
143
279
368
343
410
414
301
201
105
89
78
-7
-20
-76
-123
-28
11
-39
-14
-79
-154
-76
-164
-192
-183
-284
-286
-206
-274
-286
-160
-188
-93
-46
-43
42
102
230
224
216
280
259
230
174
145
153
24
-148
-106
-88
-108
-134
-208
-136
-90
-137
-51
-39
-92
-71
-136
-155
-100
-113
-165
-201
-180
-58
-14
51
79
140
184
163
225
265
343
259
179
133
78
99
-54
-172
-282
-302
-314
-281
-171
-211
-145
-77
-63
33
37
14
11
-62
-96
67
71
47
74
35
60
161
180
107
129
10
-21
-34
-173
-195
-203
-314
-305
-189
-164
-157
-124
-179
-248
-247
-206
-246
-351
-314
-208
-227
-172
-30
160
265
155
236
370
307
196
45
-63
-167
-214
-261
-237
-228
-186
-88
-36
86
130
133
111
99
103
90
45
9
52
-48
-80
-38
-115
-87
-39
-50
8
18
89
210
244
208
255
316
262
277
309
170
114
30
-106
-119
-258
-351
-374
-416
-335
-199
-136
-92
42
91
107
90
70
108
13
-59
-49
-85
-75
-135
-171
-136
-84
-35
-66
8
76
90
90
73
107
125
99
26
23
96
102
-3
-17
18
-16
-44
-96
-95
-34
-83
-157
-41
-61
-91
-19
-156
-64
40
-93
-107
-85
-180
-214
-282
-362
-341
-425
-460
-355
-346
-287
-160
-82
-57
50
118
151
187
139
127
127
83
77
99
91
71
121
173
194
225
269
253
281
307
302
308
315
261
289
363
290
295
275
206
236
189
157
202
214
211
289
318
332
350
249
236
168
49
0
-79
-178
-172
-173
-198
-186
-248
-236
-245
-243
-203
-190
-133
-168
-164
-124
-152
-120
-108
-133
-140
-117
-82
-103
-135
-144
-154
-160
-213
-216
-282
-373
-360
-381
-451
-462
-554
-587
-631
-645
-682
-782
-749
-739
-698
-698
-704
-587
-505
-469
-566
-459
-356
-442
-447
-521
-557
-468
-600
-654
-478
-579
-573
-477
-511
-352
-261
-253
-208
-66
21
125
240
366
569
624
802
900
1012
1203
1226
1310
1343
1367
1441
1369
1272
1299
1202
997
927
846
811
695
543
498
495
445
460
472
431
496
519
549
618
636
684
671
738
724
682
773
752
638
552
523
420
300
163
-13
-163
-351
-490
-652
-767
-989
-1203
-1269
-1454
-1539
-1609
-1766
-1842
-1813
-1883
-1901
-1830
-1904
-1851
-1752
-1790
-1689
-1499
-1396
-1291
-1133
-994
-768
-616
-616
-597
-563
-760
-989
-1146
-1510
-1930
-2359
-2872
-3063
-3170
-2929
-2411
-1943
-1306
-598
383
1397
1958
2523
3022
3069
3205
3155
2946
2904
2486
2155
2081
2035
1958
1971
1900
1737
1807
1647
1639
1559
1263
926
566
629
614
359
334
329
333
588
802
1000
1213
1177
1312
1565
1663
1759
1920
1727
1652
1889
1848
1765
1681
1370
1142
956
625
288
-120
-659
-1000
-1427
-1806
-1917
-2151
-2358
-2371
-2234
-2064
-1875
-1767
-1701
-1626
-1563
-1416
-1455
-1436
-1399
-1578
-1652
-1753
-1767
-1642
-1737
-1971
-1882
-1768
-1673
-1611
-1682
-1594
-1571
-1591
-1700
-1820
-2002
-2373
-2559
-2767
-2736
-2387
-2144
-1753
-863
74
931
1776
2576
3418
3874
3936
3922
3887
3622
3118
2591
2046
1716
1472
1104
865
775
720
600
569
470
308
247
235
287
343
419
520
928
1204
1394
1934
2193
2277
2520
2607
2601
2657
2331
2180
2198
1821
1701
1654
1300
1182
1125
677
485
357
-146
-459
-797
-1208
-1441
-1728
-2038
-2108
-2095
-2119
-1908
-1775
-1732
-1462
-1247
-1278
-1157
-1111
-1326
-1433
-1553
-1699
-1837
-2128
-2333
-2423
-2495
-2625
-2603
-2605
-2694
-2538
-2425
-2306
-2090
-2039
-1958
-1854
-1868
-1912
-1935
-1916
-1790
-1671
-1457
-869
37
899
1470
2075
2926
3686
4075
4124
4043
3827
3494
2893
2265
1800
1234
636
190
-101
-91
-9
-228
-346
-251
-175
-79
-96
-37
185
644
948
1304
1897
2322
2910
3304
3434
3778
3979
3774
3604
3359
3022
2852
2410
1893
1686
1462
1075
907
576
228
173
-294
-812
-1021
-1350
-1705
-1968
-2274
-2375
-2213
-2159
-2081
-1783
-1435
-1116
-846
-723
-625
-494
-581
-911
-1115
-1420
-1695
-1996
-2418
-2866
-3131
-3311
-3561
-3574
-3672
-3627
-3467
-3499
-3392
-3040
-2941
-2988
-2870
-2827
-2494
-2213
-1888
-1033
71
1021
1744
2677
3811
4804
5282
5306
5235
5209
4782
3977
3184
2358
1556
726
-18
-532
-799
-990
-1342
-1554
-1563
-1494
-1365
-1480
-1658
-1481
-1158
-629
111
721
1621
2612
3267
4261
5145
5538
5835
5655
5310
5208
4729
3940
3201
2368
1727
1347
754
231
-33
-535
-985
-1179
-1536
-1868
-2205
-2791
-3057
-3059
-3042
-2917
-2831
-2647
-2140
-1541
-1043
-528
-223
-44
148
130
14
-256
-713
-1293
-1897
-2334
-2778
-3207
-3538
-3904
-4040
-4016
-4056
-4096
-4119
-4062
-3911
-3722
-3610
-3408
-3097
-2748
-1766
-518
489
1332
2064
3306
4745
5455
5742
5822
5809
5682
5079
4282
3534
2642
1561
523
-173
-577
-916
-1430
-2004
-2163
-2052
-2023
-1993
-2213
-2334
-2200
-1923
-1329
-651
116
1042
2004
3082
4445
5650
6336
6677
6722
6782
6726
6147
5208
4212
3181
2321
1592
791
159
-435
-996
-1408
-1647
-1820
-2110
-2620
-3161
-3303
-3297
-3286
-3308
-3313
-3058
-2543
-1960
-1363
-835
-363
29
181
333
370
207
-226
-967
-1705
-2100
-2627
-3238
-3957
-4631
-4730
-4832
-4912
-4941
-4952
-4625
-4305
-4117
-3627
-3205
-2295
-1121
-375
546
1354
2515
3948
4789
5082
5312
5741
6051
5795
5080
4408
3815
3056
1931
1021
234
-396
-1048
-2071
-2518
-2634
-2825
-2986
-3383
-3503
-3139
-2799
-2409
-1996
-1358
-185
980
2060
3220
4437
5627
6465
6931
7332
7634
7375
6679
5892
5019
4271
3296
2027
1094
320
-354
-858
-1478
-1996
-2244
-2617
-3032
-3243
-3353
-3424
-3539
-3602
-3404
-2866
-2386
-1981
-1526
-1054
-395
99
217
290
248
-12
-308
-869
-1426
-1943
-2706
-3425
-4088
-4431
-4597
-4981
-5235
-5236
-5021
-4604
-4333
-4057
-3587
-2712
-1605
-550
403
1125
2164
3433
4335
4986
5295
5404
5739
5659
5122
4691
4077
3464
2629
1532
771
309
-400
-1351
-2123
-2627
-2773
-2999
-3506
-3754
-3716
-3576
-3245
-2795
-2264
-1382
-417
655
2147
3545
4771
5847
6668
7414
7899
8069
7866
7075
6217
5523
4471
3355
2228
1094
233
-565
-1275
-1651
-2083
-2686
-2956
-3250
-3505
-3380
-3574
-3858
-3690
-3477
-3087
-2538
-2212
-1688
-1001
-511
90
628
747
885
753
354
113
-437
-1291
-2118
-2987
-3790
-4225
-4938
-5600
-5780
-6133
-6064
-5699
-5510
-5013
-4213
-3259
-1869
-738
97
1383
2723
3736
4587
5121
5424
6025
6055
5636
5493
5068
4567
3970
2958
2250
1778
893
73
-775
-1588
-2081
-2644
-3282
-3829
-4201
-4395
-4329
-4124
-3876
-3210
-2365
-1306
272
1821
3259
4658
5798
6983
8005
8438
8530
8222
7619
6996
6169
5051
3913
2780
1618
705
-84
-796
-1412
-2178
-2807
-3194
-3585
-3822
-4089
-4472
-4544
-4337
-4041
-3612
-3221
-2731
-2094
-1433
-791
-197
261
413
564
528
371
63
-523
-1139
-1737
-2410
-3149
-3802
-4588
-4922
-5251
-5738
-5660
-5610
-5499
-4875
-3968
-2564
-1142
-510
381
1961
3565
4669
4899
4789
5321
5885
5652
5031
4422
4002
3601
2773
1848
1617
1261
443
-438
-1253
-1453
-1583
-2309
-3230
-3815
-4073
-3923
-3867
-4109
-3919
-3247
-2276
-1107
138
1658
3552
4883
5996
7184
8267
9314
9053
8240
7884
7174
6287
5065
3327
2113
1285
220
-563
-1263
-1944
-2195
-2717
-3391
-3327
-3389
-3843
-4043
-4330
-4300
-3582
-3332
-3172
-2651
-2139
-1212
-410
-60
437
920
933
759
584
169
-371
-1263
-2455
-3306
-3932
-4513
-4968
-5711
-6403
-6373
-5982
-5458
-5055
-4266
-2977
-1627
-400
537
1908
3425
4274
4695
4831
5171
5872
5775
5014
4503
4158
4013
3551
2664
1961
1505
910
119
-606
-1323
-1959
-2553
-3442
-4108
-4332
-4432
-4378
-4494
-4451
-3633
-2580
-1492
-344
729
2364
4197
5579
6819
7739
8557
9177
9056
8630
8211
7312
6077
4751
3275
2208
1219
-135
-1174
-2003
-2653
-2839
-3307
-3913
-3967
-4065
-4190
-4055
-4069
-3851
-3443
-3222
-2814
-2183
-1570
-952
-436
-173
288
673
667
511
83
-382
-783
-1659
-2498
-3233
-4109
-4614
-5349
-5819
-5909
-6014
-5918
-5750
-5005
-3637
-2250
-1095
-348
808
2597
4010
4813
4907
5016
5707
5830
5480
4972
4336
4066
3481
2559
2031
1606
1182
375
-626
-1251
-1521
-1847
-2679
-3578
-4099
-4276
-4110
-4112
-4297
-3995
-3356
-2418
-1314
-323
1012
2381
3559
4958
6500
7880
8584
8610
8815
8979
8610
7882
6543
4945
3799
2637
1373
126
-1170
-2057
-2610
-3331
-3552
-3448
-3851
-3974
-3962
-3937
-3394
-3077
-3096
-2972
-2661
-2023
-1285
-940
-747
-364
62
318
430
469
170
-198
-894
-1538
-2078
-3030
-3867
-4802
-5641
-5883
-6286
-6613
-6583
-6539
-5345
-3949
-2931
-1300
-251
1132
3158
4250
5224
5799
5749
6262
6267
5685
5349
4707
3928
3368
2608
1925
1697
1134
207
-337
-969
-1427
-1598
-2667
-3577
-3910
-4478
-4453
-4523
-4823
-4421
-3867
-3045
-1778
-674
528
2123
3559
5048
6630
7783
8569
9076
9215
9195
8937
8043
6891
5540
4162
3002
1690
389
-842
-1874
-2580
-3187
-3561
-3823
-4140
-4278
-4273
-4169
-3890
-3669
-3500
-3242
-2840
-2246
-1602
-1100
-789
-388
46
353
544
386
162
-223
-771
-1533
-2303
-3324
-4223
-5009
-6024
-6505
-6949
-6832
-6456
-6314
-5366
-3862
-2000
-459
312
1746
3666
5007
5796
5693
5784
6242
6046
5498
4666
3997
3738
3047
2203
1605
1325
1110
352
-438
-1066
-1409
-1782
-2716
-3619
-4349
-4748
-4656
-4810
-5018
-4605
-3876
-2635
-1389
-305
1238
2838
4311
5682
6939
8013
8757
8935
8724
8591
8236
7500
6364
4899
3717
2832
1726
518
-670
-1656
-2224
-2816
-3383
-3742
-4009
-4184
-4261
-4147
-3880
-3428
-3039
-2782
-2294
-1630
-843
-291
-66
166
454
682
704
272
-127
-607
-1264
-2027
-2962
-3785
-4585
-5434
-6296
-6916
-7180
-7108
-6958
-6723
-5653
-3991
-2409
-1055
88
1745
3803
5011
5647
6032
6385
6844
6628
5870
5305
4722
4070
3287
2298
1764
1408
736
-71
-771
-1309
-1696
-2210
-3162
-3984
-4522
-4836
-4925
-5134
-5305
-4835
-3974
-3061
-1870
-567
1077
2907
4310
5803
7385
8596
9390
9630
9437
9389
8970
7872
6650
5100
3747
2732
1349
-4
-1032
-1975
-2582
-3094
-3713
-3931
-4042
-4331
-4403
-4304
-4053
-3618
-3357
-3175
-2595
-1829
-1127
-482
-201
174
637
807
760
542
-12
-666
-1372
-2395
-3417
-4337
-5327
-6265
-7117
-7655
-7481
-7101
-6580
-5395
-3955
-2291
-707
754
2699
4285
5209
5902
6181
6614
6814
6254
5544
4812
4186
3714
2874
2059
1619
1155
619
13
-530
-979
-1555
-2351
-3228
-3855
-4508
-4951
-5233
-5603
-5479
-4859
-3968
-2701
-1457
-120
1621
3355
5044
6469
7468
8342
8864
9054
8907
8514
7838
6827
5733
4622
3649
2638
1439
366
-611
-1413
-1976
-2619
-3276
-3778
-4107
-4189
-4230
-4161
-3938
-3614
-3117
-2588
-1896
-1180
-593
-121
209
560
798
741
414
-75
-564
-1194
-1987
-2786
-3777
-4448
-5205
-6021
-6417
-6832
-6782
-6391
-6356
-5499
-3996
-2693
-1097
-108
1073
3141
4493
5327
5889
6023
6564
6869
6276
5740
5113
4455
3835
2861
1868
1364
816
-150
-866
-1620
-2218
-2422
-3190
-4059
-4436
-4870
-4821
-4667
-4963
-4534
-3755
-2802
-1320
-120
1218
2913
4382
5944
7353
8242
9000
9345
9114
8921
8445
7485
6339
4854
3457
2428
1220
2
-1088
-2192
-2766
-3117
-3619
-3868
-4111
-4267
-4150
-4067
-3865
-3462
-3217
-2964
-2469
-1948
-1329
-747
-552
-294
-15
154
241
-135
-698
-1266
-1983
-2908
-3793
-4689
-5563
-6223
-6836
-7020
-6606
-5918
-4735
-3333
-2156
-496
1283
2953
4475
5206
5742
6272
6457
6363
5872
5123
4485
3797
3037
2350
1758
1299
772
153
-365
-670
-1010
-1658
-2352
-3150
-3801
-4145
-4589
-4939
-5129
-5077
-4461
-3535
-2493
-1199
193
1949
3802
5457
7040
8182
9129
9602
9633
9533
8844
7888
6717
5205
3890
2654
1317
193
-970
-1932
-2399
-2885
-3396
-3693
-3970
-4162
-4096
-4052
-3998
-3716
-3579
-3297
-2730
-2276
-1689
-1168
-877
-625
-357
-270
-292
-518
-1134
-1647
-2350
-3133
-3878
-4817
-5582
-6087
-6532
-6503
-6104
-5457
-4021
-2678
-1295
224
1574
3591
5071
5544
5989
6119
6305
6422
5499
4621
4032
3178
2635
1955
1139
869
524
-89
-621
-1012
-1336
-1654
-2433
-3477
-3907
-4258
-4547
-4629
-5033
-4923
-4012
-3098
-1798
-526
815
2792
4403
5866
7240
8415
9300
9325
9151
8865
8210
7428
6032
4486
3272
2157
1212
112
-1128
-1898
-2332
-2869
-3340
-3654
-3848
-4015
-4109
-4127
-3820
-3389
-3152
-2759
-2449
-1963
-1169
-705
-611
-534
-514
-393
-461
-983
-1490
-2160
-3104
-3902
-4703
-5489
-6114
-6652
-6950
-6638
-5972
-4711
-3082
-1810
-270
1394
3159
5065
6023
6368
6714
6754
6764
6380
5324
4462
3644
2793
2113
1410
967
616
-5
-595
-1000
-1287
-1689
-2351
-3334
-4183
-4577
-4885
-5155
-5375
-5486
-4961
-3843
-2682
-1089
598
2168
4000
5596
7322
8888
9485
9752
9668
9194
8844
7896
6437
5036
3440
2235
1362
153
-865
-1707
-2530
-3008
-3285
-3673
-3935
-4252
-4648
-4524
-4296
-3993
-3559
-3430
-3133
-2404
-1692
-1071
-713
-693
-619
-621
-693
-1040
-1660
-2580
-3771
-4439
-5157
-5974
-6406
-7129
-6986
-6030
-5061
-3256
-1783
-629
1411
3232
4982
6357
6563
6959
7175
6785
6441
5568
4581
3728
2686
1813
1257
961
548
-25
-595
-1011
-993
-1261
-2141
-2923
-3832
-4469
-4665
-5211
-5438
-5490
-5297
-4242
-3121
-1812
-35
1841
3764
5533
6990
8497
9834
10283
10094
9714
9104
8306
7126
5404
3862
2498
1281
293
-896
-1785
-2372
-2944
-3386
-3749
-3928
-4030
-4263
-4496
-4500
-4186
-3762
-3502
-3280
-2912
-2303
-1546
-1244
-1195
-1188
-1114
-1152
-1614
-2180
-3069
-3965
-4822
-5717
-6232
-6728
-6984
-6328
-5502
-4203
-2672
-1311
808
2819
4338
5811
6453
7088
7736
7336
6735
5909
4954
4320
3232
2062
1337
804
383
-86
-616
-989
-1157
-1488
-2231
-2879
-3547
-4156
-4542
-5283
-5675
-5530
-5310
-4482
-3506
-2480
-647
1322
3161
5043
6518
8194
9639
10146
10244
10061
9610
8787
7413
5789
4292
2887
1508
196
-1064
-1951
-2449
-3043
-3562
-3830
-3952
-3953
-4083
-4256
-4120
-3896
-3639
-3332
-3118
-2697
-2182
-1682
-1382
-1299
-1162
-1107
-1376
-1848
-2440
-3098
-4045
-5257
-6268
-7074
-7530
-7372
-7035
-6380
-5254
-3678
-1378
742
2477
4361
5962
7168
8015
8286
8251
7814
6858
5912
4819
3743
2869
1955
999
286
-37
-281
-542
-1072
-1730
-2231
-2853
-3532
-4180
-5053
-5799
-6055
-6166
-5861
-5176
-4229
-2776
-1249
774
3133
5309
7256
8736
10064
10975
11370
11279
10471
9224
7817
6218
4615
2896
1204
-143
-1442
-2453
-3026
-3482
-3880
-4235
-4437
-4490
-4377
-4256
-4236
-4172
-4016
-3635
-3105
-2665
-2388
-1990
-1638
-1454
-1330
-1380
-1719
-2256
-3203
-4329
-5162
-6252
-7016
-7642
-8092
-7299
-6178
-4916
-3319
-1852
525
3165
4884
6314
7175
7948
8767
8500
7749
6880
5784
4955
3738
2401
1662
1107
583
-73
-586
-828
-924
-1248
-2109
-2971
-3628
-4293
-4774
-5510
-6328
-6328
-5962
-5192
-4035
-2903
-959
1291
3429
5767
7727
9384
10731
11283
11421
11264
10448
9166
7494
5577
3911
2421
792
-748
-2002
-2907
-3373
-3853
-4312
-4500
-4692
-4688
-4621
-4600
-4330
-4075
-3801
-3429
-2914
-2297
-1708
-1344
-1216
-1165
-1080
-1262
-1874
-2651
-3908
-4981
-6048
-7119
-7701
-8217
-8029
-7019
-5575
-3759
-2011
-291
2086
4582
6346
7216
7573
8176
8599
8106
6864
5711
4999
4121
2964
1885
1252
1192
838
98
-398
-574
-663
-1273
-2528
-3624
-4293
-4889
-5580
-6397
-6808
-6553
-5686
-4453
-3058
-1136
1202
3682
5913
7825
9753
11307
11847
11710
11312
10568
9487
7774
5634
3756
2197
796
-548
-1933
-3024
-3509
-3932
-4470
-4779
-4985
-5018
-5056
-5179
-4945
-4415
-3957
-3542
-3122
-2563
-1701
-1022
-872
-914
-981
-1192
-1692
-2767
-4017
-4997
-6137
-7033
-7707
-8116
-7404
-6239
-4715
-2928
-1471
702
3238
5119
6531
7120
7427
8027
7885
7087
6059
4891
4118
3361
2329
1553
1300
1158
784
298
-180
-278
-511
-1571
-2828
-3898
-4741
-5197
-6024
-6947
-6947
-6446
-5330
-3848
-2351
-118
2536
5083
7335
9213
10814
12040
12489
12057
11263
10302
8909
7017
4899
3041
1598
213
-1192
-2450
-3361
-3853
-4352
-4934
-5428
-5710
-5735
-5853
-5873
-5623
-5128
-4414
-3816
-3212
-2354
-1536
-987
-771
-944
-1025
-1372
-2214
-3393
-4639
-5489
-6214
-6848
-7055
-6457
-5106
-3496
-1992
-442
1591
3799
5453
6351
6713
6916
7123
6721
5717
4687
3733
2995
2324
1579
1293
1320
1295
1232
990
772
644
138
-884
-2072
-3365
-4403
-5208
-6150
-6883
-7144
-6692
-5576
-3996
-2009
319
2891
5213
7397
9435
10927
11745
11726
11141
10370
9299
7817
6130
4272
2790
1679
572
-412
-1275
-2038
-2704
-3365
-4138
-4765
-5374
-6102
-6662
-6918
-6806
-6400
-5912
-5436
-4678
-3709
-2850
-2163
-1855
-1790
-1812
-2302
-3087
-3921
-4901
-5234
-5189
-5368
-5045
-4159
-2305
-43
1260
2488
4265
6131
7491
7539
7025
6812
6384
5432
3939
2350
1468
878
106
-617
-725
-165
296
365
156
262
593
282
-543
-1674
-2801
-3434
-4111
-4932
-5395
-5417
-4619
-3127
-1559
502
2739
4733
6774
8440
9758
10658
10643
9895
8891
7749
6537
5041
3173
1583
558
-105
-659
-1255
-1791
-2105
-2409
-2859
-3283
-3809
-4429
-5090
-5738
-6032
-5899
-5795
-5834
-5854
-5602
-5060
-4579
-4678
-5024
-5488
-5700
-5466
-5479
-5421
-5318
-4523
-2544
-693
731
2253
3989
6256
7991
8478
8797
8975
8981
8261
6522
4887
3772
2539
806
-1057
-2098
-2127
-2143
-2680
-3197
-2843
-2048
-1614
-1769
-2279
-2335
-2143
-2398
-2862
-3271
-3156
-2485
-1928
-1067
488
2571
4609
6017
7307
8929
10252
10648
9956
8899
7927
6713
5010
2872
980
-395
-1447
-2406
-3245
-3470
-3336
-3367
-3552
-3602
-3291
-3030
-3376
-3896
-4113
-3951
-3745
-4026
-4419
-4486
-4288
-4192
-4563
-5138
-5499
-6022
-6643
-6884
-6571
-5938
-5443
-4741
-2864
-481
1438
2972
4500
6431
8113
8798
8849
8916
8827
8151
6738
5144
4155
3244
1728
5
-1074
-1362
-1550
-2263
-3063
-3175
-3015
-3059
-3365
-3728
-3866
-3787
-3831
-3849
-3490
-2769
-1729
-492
1062
3092
5233
7055
8518
9839
10952
11455
11164
10161
8785
7261
5590
3534
1314
-520
-1913
-3055
-4048
-4724
-4989
-5057
-5225
-5357
-5271
-5036
-4960
-5069
-5117
-4884
-4529
-4233
-4194
-4150
-3874
-3598
-3603
-4110
-4555
-4981
-5393
-5724
-5382
-4966
-4182
-3506
-2344
-196
1919
3256
4393
5583
6959
8032
7859
7425
7053
6601
5678
4236
2988
2418
1607
392
-744
-1150
-1001
-1183
-2036
-2765
-2785
-2722
-3031
-3690
-4186
-4222
-3916
-3851
-3515
-2567
-1111
778
2494
4295
6545
8737
10465
11367
11644
11911
11768
10462
8633
6583
4658
2765
638
-1362
-2771
-3758
-4547
-5254
-5755
-5762
-5659
-5900
-6224
-6297
-6116
-5926
-6109
-6250
-5918
-5450
-5295
-5120
-4935
-4742
-4574
-4792
-5058
-4999
-4813
-4596
-4217
-3242
-1784
-181
874
2018
3605
5505
6681
6756
6771
7042
7177
6452
5285
4087
3472
2590
1285
173
-259
-385
-850
-1557
-2035
-1750
-1586
-1989
-2785
-3162
-3191
-3307
-3701
-3952
-3773
-3113
-2224
-977
778
2844
4973
6770
8572
10194
11693
12356
12075
11226
10280
9110
7324
5217
3054
1386
-181
-1532
-2822
-3712
-4298
-4834
-5436
-5930
-6160
-6391
-6723
-7265
-7397
-7184
-6953
-7005
-6995
-6782
-6343
-6096
-6220
-6162
-6136
-5917
-5702
-5269
-4283
-2614
-1171
113
1697
3699
5799
7178
7916
8304
8735
8706
8051
6762
5406
4054
2546
961
-514
-1534
-2294
-3015
-3741
-3765
-3430
-3216
-3185
-3148
-2975
-2628
-2398
-2404
-2310
-2139
-1756
-1109
-100
1386
3105
4678
6201
7776
9492
10750
11104
10833
10337
9510
8300
6660
4664
2798
1245
22
-1134
-1907
-2438
-2755
-3091
-3332
-3375
-3429
-3766
-4481
-5021
-5270
-5415
-5860
-6324
-6734
-6905
-6891
-7031
-7465
-7753
-7730
-8032
-8008
-7733
-6532
-4977
-3571
-2199
-328
2226
4581
6359
7449
8483
9382
10061
9783
8803
7731
6744
5446
3796
2253
879
-186
-1424
-2564
-3212
-3372
-3714
-4249
-4748
-4981
-4782
-4648
-4824
-5032
-4665
-3849
-2736
-1210
440
2307
4193
6204
8166
9908
11014
11384
11360
10887
10160
9057
7463
5417
3669
2335
1033
-196
-1242
-2080
-2750
-3196
-3685
-4061
-4520
-5151
-5733
-6047
-6208
-6453
-6571
-6935
-7133
-6996
-6645
-6864
-7223
-7533
-7685
-7250
-6827
-5782
-4404
-2700
-1126
641
2769
4823
6387
7292
7740
8082
8497
8004
6803
5454
4493
3616
2486
1183
129
-327
-718
-1141
-1376
-1198
-1216
-1446
-1843
-2208
-2197
-2336
-3004
-3857
-4098
-3591
-2566
-1695
-717
651
2626
4587
6039
7298
8209
8697
8634
8166
7467
6576
5342
3952
2793
2037
1553
1094
477
-74
-258
-369
-938
-1866
-2858
-3760
-4623
-5645
-6600
-7389
-7940
-8607
-9040
-9259
-9414
-9566
-9913
-9999
-9600
-8349
-6558
-4715
-2763
-552
1992
4692
6843
8295
9337
10103
10443
10076
9071
7720
6347
4918
3330
1745
471
-625
-1548
-2297
-2632
-2595
-2424
-2507
-2767
-2734
-2404
-2104
-2103
-2368
-2459
-2144
-1307
-453
509
1707
2995
4474
5679
6817
7589
7935
7675
7092
6495
5706
4386
2995
1854
864
401
19
-337
-743
-844
-859
-1046
-1462
-2131
-2832
-3580
-4423
-5292
-5813
-6439
-7271
-7921
-8263
-8559
-8922
-9525
-10021
-9964
-8894
-7454
-5874
-4104
-2025
425
2958
5054
6498
7843
8789
9288
9080
8308
7275
6298
5163
3730
2429
1430
600
-232
-746
-1053
-1015
-942
-1158
-1551
-1772
-1774
-1762
-2062
-2559
-2815
-2447
-1650
-936
30
1413
3029
4562
5963
7124
8160
8654
8416
7855
7140
6213
4789
3240
1772
567
-272
-865
-1602
-2095
-2191
-2275
-2502
-2901
-3326
-3723
-4199
-4894
-5449
-5828
-6266
-6948
-7504
-7834
-8221
-8596
-9071
-9474
-9086
-7773
-6056
-4389
-2630
-313
2384
4864
6478
7524
8583
9361
9364
8449
7036
5727
4701
3399
1688
187
-679
-1182
-1707
-2092
-2026
-1607
-1363
-1542
-1693
-1426
-1049
-1117
-1537
-1896
-1452
-501
323
1002
1942
3469
4906
5972
6772
7564
8110
7997
7442
6862
6234
5240
3962
2709
1751
1094
431
-426
-1198
-1575
-1821
-2372
-3285
-4141
-4747
-5358
-6258
-7059
-7586
-7980
-8448
-9073
-9215
-9421
-9471
-9742
-9712
-8845
-7176
-5141
-3496
-1489
1043
3849
5767
7067
8054
9244
9910
9544
8403
7278
6459
5457
4078
2366
1198
352
-296
-1230
-1852
-1830
-1837
-2226
-2792
-2891
-2698
-2645
-3060
-3280
-2764
-1809
-852
-114
1019
2524
4168
5385
6190
7029
7786
8007
7690
7158
6686
6132
5091
3872
2980
2433
1689
627
-381
-995
-1495
-2288
-3482
-4492
-5148
-5771
-6595
-7327
-7860
-8054
-8283
-8771
-9112
-9359
-9473
-9661
-9446
-8576
-6976
-5056
-3124
-1058
1381
3719
5459
6689
7665
8549
8794
8143
7033
6333
5713
4913
3695
2569
1846
1337
805
138
-355
-663
-1004
-1608
-2158
-2515
-2630
-2806
-3121
-2931
-2221
-1265
-396
385
1462
2785
3920
4702
5252
5801
6273
6392
6166
5856
5701
5389
4832
4282
3872
3352
2632
1785
929
70
-1017
-2373
-3803
-5042
-6139
-7158
-8219
-9071
-9609
-9908
-10292
-10733
-10990
-10872
-10517
-9920
-8776
-7072
-5020
-2665
-202
2185
4290
6147
7623
8728
9488
9474
8777
7982
7289
6557
5614
4401
3393
2666
2165
1643
1094
573
84
-453
-1060
-1759
-2336
-2861
-3284
-3589
-3505
-2866
-2263
-1733
-1150
24
1243
2265
2983
3648
4422
5145
5441
5630
5765
5726
5640
5391
5073
4510
3993
3311
2466
1530
541
-641
-1996
-3377
-4672
-5723
-6871
-8004
-8888
-9538
-10062
-10689
-11202
-11298
-11029
-10427
-9346
-7864
-5996
-3861
-1700
268
2055
3753
5213
6298
6971
7052
6865
6810
6588
6427
6132
5684
5193
4802
4539
4284
3814
3139
2462
1742
994
79
-751
-1367
-1740
-2041
-1901
-1609
-1221
-884
-474
201
762
1264
1491
1660
1982
2237
2393
2676
2717
2854
2997
3148
3080
2915
2714
2395
1867
1077
200
-832
-1936
-3213
-4468
-5514
-6476
-7377
-8177
-8787
-9220
-9536
-9490
-9140
-8372
-7188
-5785
-4203
-2585
-1054
174
1315
2459
3397
3902
3919
3739
3803
4017
4134
4097
4081
4242
4476
4680
4656
4553
4419
4140
3663
2960
2283
1622
1016
566
246
264
384
504
556
742
1019
1146
1079
908
789
820
806
722
925
1219
1491
1770
2115
2405
2465
2393
2153
1633
1002
125
-878
-1933
-3122
-4192
-5204
-5990
-6717
-7296
-7771
-8274
-8560
-8478
-8093
-7422
-6538
-5400
-4149
-2948
-1761
-770
376
1402
2173
2535
2642
2857
3168
3525
3723
3850
4046
4220
4358
4347
4249
4040
3768
3452
2965
2480
2032
1732
1574
1491
1511
1657
1820
1886
1955
2083
2136
2058
1895
1749
1725
1739
1660
1671
1749
1896
1977
1967
1883
1661
1393
989
467
-202
-903
-1685
-2458
-3205
-3914
-4527
-5020
-5324
-5709
-6028
-6388
-6647
-6704
-6523
-5990
-5286
-4338
-3488
-2662
-1900
-1251
-475
279
750
755
542
701
1040
1313
1508
1757
2178
2624
3053
3311
3437
3363
3330
3196
2871
2348
1855
1603
1428
1433
1547
1991
2311
2507
2630
2837
3005
2871
2667
2412
2288
2191
1955
1820
2001
2203
2262
2186
2220
2160
1828
1369
907
324
-420
-1228
-1942
-2701
-3520
-4175
-4590
-4813
-5166
-5530
-5812
-5789
-5790
-5590
-5086
-4383
-3467
-2835
-2347
-1982
-1469
-901
-650
-630
-800
-1006
-960
-666
-305
-18
274
908
1690
2235
2496
2661
2902
3067
2835
2488
2221
1981
1771
1666
1859
2182
2481
2621
2770
2958
3054
2797
2403
2141
1840
1562
1243
1050
1092
1331
1575
1813
1929
1985
1962
1845
1603
1094
509
-13
-554
-1140
-1733
-2194
-2511
-2744
-2984
-3195
-3464
-3819
-4078
-4351
-4331
-4173
-3940
-3536
-3275
-2978
-2769
-2422
-1978
-1656
-1485
-1491
-1492
-1247
-898
-565
-204
213
802
1354
1690
1903
2068
2226
2273
2154
1980
1797
1617
1545
1677
1920
2200
2397
2507
2591
2521
2360
2049
1697
1423
1227
1147
1137
1163
1369
1770
2167
2465
2520
2493
2373
2054
1631
1064
511
37
-355
-721
-1028
-1267
-1437
-1562
-1737
-2001
-2401
-2798
-3154
-3628
-3845
-3795
-3559
-3328
-3262
-3082
-2799
-2408
-2220
-2274
-2411
-2552
-2704
-2639
-2406
-2155
-1745
-1125
-331
340
871
1309
1688
2019
2190
2217
2148
2090
2027
2144
2418
2704
2839
2765
2623
2493
2397
2200
1932
1739
1758
1857
1886
1935
2081
2236
2354
2416
2450
2334
2138
1923
1654
1308
879
491
158
-148
-533
-872
-1166
-1465
-1741
-2080
-2443
-2830
-3100
-3315
-3540
-3589
-3272
-2720
-2323
-2259
-2252
-2117
-2082
-2208
-2419
-2571
-2719
-2928
-2926
-2765
-2538
-2310
-1973
-1418
-965
-711
-489
-85
253
394
501
697
951
1244
1669
2140
2584
2852
3036
3261
3537
3701
3600
3493
3427
3436
3511
3426
3369
3485
3593
3456
3181
2943
2524
1931
1427
1036
505
-65
-462
-584
-614
-859
-1112
-1149
-1147
-1399
-1770
-2086
-2363
-2761
-3167
-3446
-3626
-3558
-3358
-3186
-3136
-3092
-2882
-2647
-2678
-2951
-3081
-2965
-2857
-2854
-2675
-2196
-1687
-1219
-660
-74
330
498
728
1023
1155
1061
1024
1202
1389
1605
1991
2472
2613
2547
2626
2894
3015
2744
2527
2596
2830
2923
2960
3138
3369
3467
3505
3489
3227
2833
2314
1854
1454
901
309
-141
-303
-461
-791
-1137
-1327
-1460
-1742
-2128
-2551
-2894
-3263
-3622
-3889
-4075
-3972
-3679
-3339
-3210
-3164
-2889
-2472
-2275
-2555
-2728
-2524
-2253
-2284
-2268
-1800
-1276
-911
-520
95
596
772
898
1205
1477
1441
1324
1474
1788
1953
2204
2663
2873
2737
2588
2801
2997
2788
2439
2404
2670
2784
2708
2770
3086
3211
3086
2946
2770
2450
1885
1342
939
506
-86
-561
-677
-718
-1025
-1426
-1544
-1599
-1856
-2268
-2639
-2990
-3356
-3703
-3991
-4090
-4034
-3843
-3570
-3406
-3353
-3148
-2783
-2675
-2889
-2913
-2597
-2285
-2152
-1832
-1172
-472
22
504
1090
1535
1730
1829
2032
2118
1958
1854
1933
2065
2162
2360
2609
2642
2424
2222
2256
2244
1936
1556
1550
1734
1820
1861
1945
2276
2578
2652
2499
2416
2327
1978
1584
1364
1154
772
526
495
484
234
-194
-464
-607
-999
-1673
-2260
-2685
-3167
-3727
-4132
-4290
-4285
-4083
-3822
-3757
-3800
-3641
-3140
-2931
-3234
-3561
-3309
-2830
-2680
-2610
-2129
-1270
-642
-88
555
1244
1630
1779
2147
2526
2583
2389
2528
2922
3136
3152
3310
3508
3315
2922
2748
2763
2521
1928
1663
1880
1955
1683
1558
1906
2228
2001
1666
1662
1574
1126
558
357
243
-206
-570
-518
-378
-583
-882
-867
-664
-828
-1339
-1592
-1636
-1838
-2302
-2646
-2630
-2553
-2506
-2520
-2639
-2794
-2763
-2543
-2563
-2986
-3313
-3068
-2653
-2473
-2458
-2077
-1351
-825
-419
17
479
700
892
1251
1562
1607
1586
1916
2340
2602
2691
2916
3125
2950
2699
2759
2893
2617
2231
2226
2487
2456
2173
2187
2472
2517
2104
1776
1759
1506
989
604
504
282
-177
-423
-356
-485
-954
-1338
-1416
-1450
-1941
-2556
-2787
-2871
-3122
-3430
-3452
-3229
-2983
-2784
-2745
-2776
-2728
-2481
-2208
-2285
-2649
-2746
-2294
-1835
-1633
-1435
-837
-112
373
713
1056
1394
1523
1655
1830
1978
1884
1802
2014
2340
2584
2617
2598
2525
2373
2215
2234
2149
1868
1674
1860
2125
2048
1884
1996
2264
2237
1855
1476
1338
1100
620
237
54
-204
-521
-635
-524
-662
-1046
-1260
-1300
-1379
-1860
-2431
-2704
-2798
-3070
-3422
-3418
-3109
-2928
-3069
-3244
-3209
-2884
-2612
-2785
-3104
-3108
-2806
-2452
-2222
-2013
-1603
-1040
-515
-114
222
570
848
1208
1671
1944
2116
2340
2761
3286
3652
3823
3905
3891
3724
3547
3467
3336
2911
2517
2492
2496
2273
1872
1778
1905
1731
1159
685
557
333
-183
-587
-675
-904
-1226
-1331
-1251
-1255
-1552
-1763
-1628
-1483
-1790
-2222
-2278
-2249
-2418
-2669
-2525
-2181
-2075
-2249
-2432
-2292
-2094
-1980
-2114
-2393
-2603
-2606
-2352
-2113
-2025
-1908
-1400
-782
-381
-191
100
586
1062
1394
1615
1867
2075
2335
2721
3129
3249
3082
2990
3052
3056
2962
2805
2702
2638
2643
2652
2545
2301
2084
2088
1979
1496
852
582
490
148
-267
-531
-587
-700
-824
-858
-922
-1129
-1380
-1491
-1529
-1837
-2370
-2617
-2618
-2751
-3006
-2970
-2595
-2430
-2593
-2765
-2625
-2282
-2082
-2113
-2192
-2138
-1959
-1535
-1100
-800
-520
-125
431
764
848
924
1112
1333
1454
1466
1521
1643
1834
2164
2442
2502
2410
2328
2387
2411
2323
2175
2099
2128
2231
2278
2215
2115
2035
2106
1959
1504
1005
683
451
16
-448
-809
-1042
-1275
-1478
-1616
-1766
-2001
-2203
-2218
-2221
-2416
-2666
-2730
-2604
-2594
-2603
-2332
-1888
-1641
-1673
-1713
-1582
-1303
-1154
-1191
-1436
-1657
-1685
-1461
-1191
-1132
-1061
-730
-173
159
280
500
920
1343
1610
1839
1983
2126
2460
2888
3105
2995
2824
2849
2956
2886
2643
2458
2395
2330
2230
2160
1973
1688
1602
1593
1385
839
357
153
-7
-421
-916
-1206
-1321
-1416
-1574
-1632
-1715
-1859
-1921
-1901
-1916
-2195
-2472
-2560
-2564
-2699
-2872
-2743
-2444
-2332
-2398
-2351
-2121
-1772
-1487
-1403
-1420
-1456
-1333
-987
-654
-552
-484
-143
317
632
740
976
1297
1603
1836
1927
2033
2126
2296
2495
2599
2457
2247
2168
2212
2195
2067
2048
2063
2113
2152
2164
2129
2062
1987
1913
1752
1379
969
710
534
200
-227
-540
-766
-983
-1240
-1560
-1834
-2086
-2313
-2527
-2718
-2948
-3201
-3285
-3287
-3257
-3138
-2851
-2593
-2456
-2320
-2210
-1909
-1566
-1262
-1116
-1137
-1197
-1037
-593
-314
-226
-117
329
717
902
1029
1247
1564
1708
1816
1842
1879
1854
1990
2213
2239
2015
1851
2013
2088
1964
1844
1902
2031
2028
1956
1951
1908
1775
1684
1609
1410
1013
642
536
364
-10
-403
-698
-827
-1047
-1311
-1554
-1743
-1930
-2093
-2181
-2352
-2612
-2845
-2875
-2921
-3033
-3031
-2866
-2651
-2600
-2604
-2448
-2124
-1743
-1372
-1127
-1055
-1057
-829
-318
-2
30
176
612
1059
1265
1383
1722
2074
2252
2324
2371
2394
2295
2345
2512
2429
2078
1873
1932
2032
1895
1727
1789
1892
1862
1756
1694
1601
1430
1279
1243
1014
598
330
248
170
-161
-484
-664
-744
-927
-1223
-1432
-1637
-1820
-2035
-2155
-2386
-2698
-2846
-2903
-2956
-3104
-3083
-2913
-2777
-2784
-2743
-2549
-2304
-2058
-1718
-1280
-1181
-1275
-1081
-576
-213
-197
-99
350
809
1029
1230
1692
2130
2352
2550
2875
3057
2956
3013
3206
3187
2794
2524
2587
2632
2360
2106
2121
2130
1933
1705
1674
1535
1176
913
842
646
208
-113
-126
-183
-506
-820
-960
-1047
-1261
-1496
-1603
-1756
-1980
-2125
-2172
-2243
-2494
-2631
-2622
-2622
-2701
-2718
-2577
-2473
-2487
-2444
-2236
-2077
-1969
-1660
-1270
-1141
-1235
-1122
-692
-385
-397
-368
9
386
563
750
1181
1574
1740
2014
2354
2587
2595
2723
3013
3007
2623
2401
2518
2504
2262
2037
2112
2095
1893
1788
1767
1690
1402
1257
1230
1021
599
336
303
158
-220
-546
-642
-831
-1097
-1287
-1407
-1560
-1782
-1900
-1923
-2045
-2327
-2474
-2462
-2500
-2643
-2718
-2612
-2558
-2585
-2515
-2390
-2274
-2154
-1814
-1353
-1182
-1230
-1072
-571
-176
-99
10
444
891
1134
1345
1611
1921
2132
2374
2617
2697
2598
2613
2833
2800
2462
2166
2171
2177
1960
1722
1583
1539
1413
1277
1111
900
630
446
379
185
-132
-367
-348
-399
-591
-782
-890
-918
-1010
-1109
-1202
-1299
-1401
-1440
-1460
-1551
-1712
-1802
-1727
-1765
-1857
-1878
-1874
-1872
-1896
-1858
-1800
-1785
-1743
-1478
-1124
-974
-1008
-945
-600
-331
-294
-250
-17
354
654
899
1180
1560
1885
2257
2625
2813
2828
2905
3188
3215
2931
2684
2623
2632
2455
2176
2028
1919
1718
1493
1255
970
598
304
186
-84
-509
-806
-920
-1026
-1292
-1538
-1702
-1755
-1830
-1939
-1994
-2037
-2068
-2054
-1940
-1938
-2019
-1998
-1899
-1815
-1830
-1850
-1811
-1761
-1747
-1707
-1617
-1584
-1533
-1281
-813
-530
-520
-418
-113
260
405
444
621
990
1229
1300
1376
1584
1850
2149
2474
2556
2534
2645
2825
2847
2628
2415
2366
2407
2278
1992
1842
1828
1790
1635
1435
1164
875
686
487
216
-135
-418
-613
-788
-1045
-1350
-1570
-1668
-1761
-1971
-2124
-2258
-2333
-2368
-2450
-2516
-2591
-2575
-2506
-2465
-2421
-2364
-2255
-2067
-1848
-1671
-1479
-1320
-1140
-842
-494
-163
-33
29
140
353
485
466
470
675
921
1043
1186
1356
1620
1917
2183
2364
2410
2361
2351
2400
2365
2237
2132
2136
2147
2045
1955
1906
1852
1766
1601
1430
1217
954
764
620
413
116
-157
-334
-529
-852
-1139
-1379
-1581
-1782
-2042
-2220
-2381
-2507
-2605
-2664
-2688
-2728
-2724
-2632
-2477
-2370
-2259
-2107
-1876
-1639
-1496
-1363
-1204
-936
-636
-287
-83
3
109
351
642
721
738
872
1117
1290
1309
1426
1667
1903
2086
2205
2245
2211
2166
2195
2191
2035
1897
1844
1870
1812
1653
1577
1569
1507
1339
1112
868
647
406
183
-22
-275
-483
-636
-738
-877
-1092
-1216
-1287
-1364
-1514
-1660
-1759
-1829
-1917
-1995
-2050
-2106
-2074
-2036
-2001
-1988
-2025
-1966
-1858
-1787
-1767
-1726
-1616
-1442
-1155
-799
-515
-366
-183
99
386
527
548
707
979
1151
1218
1376
1621
1869
2022
2186
2353
2362
2317
2290
2281
2156
1958
1931
1945
1838
1642
1548
1545
1434
1230
1037
902
656
396
189
2
-251
-566
-724
-864
-1087
-1360
-1536
-1635
-1777
-1934
-2049
-2072
-2131
-2173
-2175
-2153
-2142
-2119
-1941
-1798
-1772
-1784
-1648
-1445
-1326
-1305
-1239
-1063
-909
-647
-365
-122
-24
68
351
616
688
672
829
1075
1221
1265
1380
1571
1781
1992
2102
2104
2042
1968
1978
1954
1820
1681
1698
1745
1664
1487
1361
1307
1192
1040
788
535
343
129
-22
-208
-421
-622
-720
-793
-967
-1146
-1269
-1331
-1429
-1555
-1693
-1782
-1811
-1865
-1888
-1935
-1957
-1949
-1899
-1874
-1872
-1836
-1748
-1612
-1513
-1384
-1254
-1059
-774
-498
-227
-39
115
283
486
620
675
758
923
1155
1316
1469
1585
1761
1977
2106
2172
2188
2215
2191
2112
1998
1871
1765
1671
1560
1357
1175
963
769
589
306
43
-188
-351
-527
-706
-846
-936
-1001
-1079
-1156
-1267
-1324
-1424
-1521
-1581
-1694
-1757
-1786
-1762
-1764
-1741
-1702
-1623
-1556
-1489
-1412
-1346
-1233
-1189
-1121
-1021
-944
-803
-601
-417
-263
-79
125
328
508
692
872
1030
1212
1374
1530
1713
1829
1966
2059
2109
2117
2114
2072
1989
1901
1785
1687
1541
1419
1245
1062
896
699
526
316
107
-114
-311
-470
-613
-753
-871
-945
-1036
-1120
-1249
-1345
-1412
-1521
-1615
-1727
-1795
-1879
-1944
-1984
-2031
-2033
-1998
-1959
-1943
-1837
-1727
-1622
-1444
-1289
-1104
-906
-663
-409
-134
99
313
550
775
940
1043
1196
1279
1331
1432
1497
1586
1660
1771
1852
1913
1929
1914
1910
1863
1778
1639
1537
1417
1268
1141
985
844
700
582
438
267
80
-99
-265
-444
-606
-753
-816
-910
-1045
-1135
-1235
-1315
-1425
-1516
-1598
-1677
-1732
-1769
-1783
-1787
-1753
-1713
-1622
-1580
-1534
-1429
-1334
-1201
-1086
-945
-808
-650
-457
-263
-72
92
260
419
614
740
839
970
1072
1181
1272
1369
1469
1565
1623
1681
1727
1741
1737
1707
1732
1674
1619
1599
1526
1469
1379
1281
1136
978
807
622
404
158
-57
-279
-470
-706
-922
-1061
-1219
-1360
-1519
-1647
-1752
-1839
-1895
-1925
-1930
-1897
-1823
-1746
-1637
-1549
-1445
-1324
-1253
-1165
-1054
-951
-852
-706
-560
-383
-215
-55
134
299
481
589
679
810
896
1005
1092
1188
1254
1330
1406
1478
1514
1534
1561
1533
1535
1471
1393
1358
1279
1225
1148
1054
950
851
763
657
509
371
279
143
59
-89
-222
-297
-420
-513
-642
-753
-869
-961
-1071
-1205
-1341
-1440
-1504
-1578
-1608
-1669
-1688
-1654
-1642
-1604
-1551
-1473
-1392
-1281
-1169
-1032
-876
-680
-442
-245
-26
126
280
472
617
723
822
939
1032
1131
1205
1271
1346
1404
1460
1465
1480
1438
1366
1326
1243
1172
1088
1024
930
852
782
681
587
491
405
301
213
88
-16
-63
-141
-190
-263
-345
-422
-495
-577
-684
-778
-865
-924
-1014
-1055
-1107
-1121
-1088
-1089
-1058
-1046
-1025
-1014
-985
-971
-954
-922
-870
-770
-677
-530
-419
-284
-120
1
128
234
323
429
556
640
719
814
926
996
1044
1130
1173
1191
1202
1176
1160
1126
1094
1052
1002
947
889
821
733
634
514
418
281
133
31
-89
-183
-283
-341
-397
-464
-542
-601
-638
-687
-743
-803
-790
-803
-788
-736
-703
-627
-561
-472
-408
-346
-316
-273
-219
-200
-190
-172
-113
-69
-59
-10
21
64
99
131
171
208
240
260
308
363
427
468
564
605
640
692
689
733
753
767
753
751
757
727
694
654
585
504
435
300
159
48
-91
-203
-323
-404
-491
-547
-594
-630
-659
-686
-704
-731
-706
-709
-720
-716
-705
-658
-612
-570
-561
-517
-466
-420
-364
-337
-279
-233
-127
-71
-26
67
131
225
301
367
406
460
507
540
581
601
623
644
692
677
666
657
625
618
586
534
468
439
406
357
298
260
243
214
207
152
105
96
36
17
-26
-70
-104
-117
-154
-208
-262
-310
-327
-383
-421
-511
-597
-613
-674
-689
-703
-699
-672
-632
-591
-560
-510
-450
-372
-321
-222
-173
-111
11
68
172
262
334
410
479
524
555
585
613
643
654
681
676
651
661
632
617
603
560
503
440
378
324
272
244
218
174
148
87
28
-1
-66
-109
-173
-204
-242
-274
-291
-293
-307
-333
-341
-357
-331
-378
-428
-416
-435
-449
-464
-454
-444
-427
-403
-370
-348
-331
-297
-275
-212
-190
-173
-108
-72
-23
20
76
127
195
252
299
362
412
481
548
635
673
687
755
774
774
744
713
665
623
541
467
390
308
256
178
157
92
25
-5
-67
-123
-183
-223
-285
-338
-385
-432
-450
-459
-457
-464
-428
-421
-434
-412
-408
-392
-400
-378
-360
-343
-349
-351
-327
-312
-284
-273
-219
-216
-209
-167
-123
-58
-5
55
97
144
187
250
290
331
371
391
462
474
494
538
555
599
613
632
642
649
643
629
620
606
591
555
536
491
421
385
320
281
211
130
43
-52
-142
-249
-358
-455
-529
-621
-664
-729
-790
-812
-846
-843
-836
-815
-779
-717
-651
-584
-526
-447
-363
-286
-173
-112
-44
50
111
187
245
295
330
366
386
417
422
410
413
382
400
376
341
365
344
360
356
361
376
401
405
407
419
412
434
411
432
411
377
375
333
307
251
202
148
110
56
2
-55
-112
-171
-262
-305
-376
-468
-502
-563
-595
-619
-648
-665
-676
-664
-650
-639
-629
-593
-577
-515
-490
-482
-423
-394
-334
-292
-237
-189
-134
-71
7
78
147
239
322
425
457
483
555
591
630
628
651
647
645
637
611
595
571
562
515
510
444
361
332
273
228
151
90
28
-41
-103
-153
-192
-245
-280
-311
-293
-325
-380
-384
-415
-426
-456
-487
-535
-547
-560
-583
-604
-619
-625
-640
-586
-581
-587
-528
-497
-446
-401
-355
-296
-220
-157
-103
-43
16
82
140
250
293
337
446
515
578
608
653
678
691
694
677
636
605
584
542
527
471
407
400
364
323
286
267
254
244
199
159
143
109
71
14
3
-54
-123
-165
-228
-267
-332
-368
-437
-469
-536
-579
-602
-627
-636
-683
-664
-690
-710
-681
-672
-659
-632
-603
-555
-501
-478
-453
-408
-348
-301
-266
-197
-149
-120
-31
27
107
191
260
328
403
457
501
535
569
591
583
617
621
596
602
584
587
566
537
506
476
435
392
342
288
244
190
176
116
41
12
-30
-74
-136
-193
-236
-278
-337
-396
-463
-495
-527
-566
-560
-593
-628
-615
-614
-597
-587
-558
-512
-484
-466
-452
-400
-349
-304
-294
-231
-198
-179
-115
-84
-26
-2
56
111
161
200
240
277
305
340
341
396
389
384
404
392
415
425
447
451
438
423
411
412
396
356
308
312
264
201
176
119
88
51
31
-11
-45
-77
-84
-80
-138
-160
-193
-184
-221
-291
-316
-362
-388
-445
-500
-544
-578
-625
-652
-663
-690
-691
-690
-617
-607
-604
-538
-500
-433
-380
-316
-253
-175
-105
-38
45
116
191
266
361
391
400
479
507
532
531
537
552
559
557
529
509
478
485
452
451
411
348
320
275
252
211
169
115
90
44
-6
-52
-100
-131
-179
-204
-271
-328
-342
-382
-398
-420
-442
-469
-474
-483
-504
-501
-512
-500
-499
-477
-470
-471
-424
-423
-392
-371
-357
-348
-322
-295
-253
-203
-167
-111
-71
21
54
81
161
181
214
228
254
274
300
312
312
329
339
357
368
435
437
425
446
447
472
456
445
416
388
358
323
290
248
213
155
157
106
41
14
-44
-78
-131
-172
-224
-243
-279
-324
-356
-381
-391
-426
-396
-419
-444
-429
-442
-435
-439
-445
-449
-447
-451
-430
-413
-397
-371
-343
-273
-259
-244
-174
-115
-42
-5
60
99
157
180
213
257
282
308
312
365
366
355
383
371
376
368
372
354
342
328
293
272
243
229
202
215
175
134
134
107
97
75
59
36
6
-32
-64
-99
-143
-153
-183
-157
-184
-214
-201
-229
-224
-227
-225
-249
-241
-238
-248
-241
-215
-202
-200
-138
-148
-168
-132
-119
-84
-77
-57
-31
-7
35
83
109
116
136
137
176
171
142
158
139
146
135
138
128
128
126
130
137
130
122
104
119
83
54
70
71
68
57
60
49
58
49
41
46
42
43
21
43
22
7
15
-6
-15
-29
-42
-61
-66
-94
-106
-130
-152
-155
-179
-134
-141
-163
-120
-107
-85
-68
-39
-15
3
18
43
83
130
172
197
262
272
273
309
314
330
322
306
291
278
274
247
226
197
167
131
121
61
-12
-29
-94
-126
-167
-182
-191
-189
-192
-171
-156
-153
-128
-130
-81
-100
-120
-97
-88
-64
-65
-25
13
34
39
40
63
54
52
45
71
42
22
52
41
59
68
87
98
93
98
94
98
109
112
94
135
133
131
173
175
185
179
192
173
170
146
131
125
109
98
80
113
91
74
69
39
30
-7
-30
-59
-91
-123
-140
-155
-171
-185
-194
-161
-182
-190
-171
-180
-161
-155
-142
-158
-149
-143
-123
-105
-102
-73
-59
-5
5
4
50
64
91
109
126
144
157
172
177
166
176
174
165
184
172
167
185
176
193
189
204
213
209
208
197
201
189
178
150
154
124
89
95
58
45
43
34
6
-21
-49
-81
-124
-176
-202
-237
-227
-254
-274
-260
-271
-253
-251
-230
-228
-219
-195
-181
-151
-141
-105
-83
-35
-6
12
75
85
125
156
181
200
235
251
272
293
292
297
278
294
270
234
218
180
174
143
139
111
91
105
110
83
84
75
49
76
46
3
1
-11
0
-2
-6
-16
-13
-18
-26
-29
-47
-57
-84
-87
-112
-154
-156
-190
-174
-175
-195
-209
-222
-231
-234
-240
-243
-226
-221
-192
-193
-206
-164
-151
-140
-113
-81
-52
-11
20
57
95
133
196
232
312
339
342
381
392
412
409
421
424
432
416
394
363
327
300
260
253
187
111
83
31
-5
-54
-93
-135
-164
-211
-234
-237
-240
-239
-260
-234
-252
-262
-235
-253
-252
-256
-241
-221
-200
-184
-157
-138
-136
-131
-142
-115
-128
-147
-128
-132
-130
-128
-88
-73
-50
-32
-19
5
29
50
54
108
108
109
130
132
154
172
197
228
237
248
271
284
289
299
301
347
329
299
329
298
306
282
265
221
183
142
99
61
21
-16
-73
-77
-143
-199
-210
-253
-272
-309
-335
-378
-394
-417
-433
-424
-411
-393
-404
-348
-343
-348
-314
-310
-287
-284
-260
-231
-200
-158
-126
-98
-53
-25
-8
55
74
69
104
122
143
148
156
158
172
177
188
200
215
226
218
261
250
237
251
235
249
247
238
236
242
234
222
211
178
162
127
128
94
39
44
-2
-22
-62
-95
-128
-153
-184
-224
-245
-280
-308
-330
-310
-324
-343
-326
-325
-317
-325
-305
-299
-297
-289
-279
-270
-261
-239
-228
-178
-176
-167
-123
-103
-65
-36
-4
23
56
80
107
144
170
189
194
249
256
239
260
263
272
279
283
286
281
278
267
272
259
239
215
213
176
123
119
68
43
14
-12
-29
-64
-98
-120
-135
-153
-188
-225
-230
-259
-300
-286
-313
-342
-350
-344
-350
-335
-330
-310
-298
-294
-276
-275
-236
-262
-250
-208
-207
-173
-153
-126
-112
-82
-59
-35
-18
-5
31
49
114
121
119
162
176
195
199
222
227
230
227
248
262
250
256
249
280
253
216
205
173
162
127
97
61
47
26
1
-5
-25
-44
-75
-63
-97
-135
-148
-199
-233
-265
-276
-307
-313
-335
-339
-351
-370
-379
-392
-374
-402
-422
-398
-411
-401
-389
-352
-321
-306
-271
-238
-188
-141
-93
-69
18
34
44
97
118
157
172
220
239
266
281
299
321
322
330
317
351
347
313
323
317
314
304
280
256
241
217
205
181
154
146
102
112
69
25
7
-29
-35
-64
-82
-116
-130
-147
-156
-175
-191
-206
-227
-198
-240
-270
-273
-294
-303
-317
-329
-343
-339
-342
-333
-322
-308
-282
-273
-225
-225
-226
-176
-160
-109
-95
-70
-45
-10
29
62
96
124
161
182
237
237
242
275
264
283
293
319
325
329
328
320
305
279
269
236
233
178
127
120
86
75
39
18
-10
-52
-93
-128
-162
-191
-203
-233
-200
-236
-279
-257
-275
-267
-295
-300
-315
-333
-350
-363
-356
-362
-356
-363
-331
-346
-352
-315
-297
-278
-271
-249
-226
-197
-179
-160
-137
-108
-95
-82
-29
-13
-16
10
32
76
108
147
176
202
212
235
241
254
275
256
275
258
226
246
215
207
168
143
126
100
77
44
13
-21
-53
-78
-55
-102
-141
-141
-157
-153
-167
-169
-185
-183
-197
-193
-197
-207
-195
-203
-173
-178
-190
-167
-171
-178
-173
-165
-173
-160
-148
-124
-123
-119
-99
-101
-37
-26
-39
11
19
32
61
68
74
96
123
151
162
188
195
220
259
254
240
282
274
270
267
257
251
263
245
232
216
188
181
129
134
98
39
20
-21
-54
-112
-135
-183
-225
-244
-269
-296
-319
-309
-337
-308
-323
-359
-336
-325
-307
-304
-272
-261
-237
-202
-178
-148
-121
-87
-63
-14
2
4
30
38
71
85
101
118
136
135
137
150
140
155
153
182
181
168
187
190
206
203
214
211
204
205
196
190
174
170
152
159
139
86
100
100
90
79
68
48
28
24
-21
-45
-66
-90
-126
-122
-156
-209
-211
-228
-240
-268
-268
-287
-305
-314
-303
-303
-298
-290
-282
-243
-249
-246
-202
-180
-152
-135
-97
-72
-35
-3
36
87
117
157
171
229
243
232
269
275
279
264
267
267
268
251
249
252
222
222
202
209
181
132
139
110
109
95
92
66
52
49
19
-22
-45
-55
-93
-66
-108
-143
-131
-144
-144
-164
-152
-170
-171
-174
-179
-184
-187
-179
-186
-138
-154
-183
-169
-176
-172
-180
-151
-130
-111
-90
-75
-56
-51
-27
-10
40
50
47
97
96
136
156
164
192
200
198
205
210
216
226
222
258
239
217
241
218
211
186
188
151
142
133
128
104
59
52
14
15
-24
-74
-81
-104
-116
-159
-171
-179
-193
-196
-202
-204
-225
-220
-233
-199
-208
-234
-201
-198
-181
-176
-151
-148
-135
-131
-119
-108
-110
-83
-72
-15
-35
-48
-20
-17
24
28
44
62
82
87
77
106
103
127
134
171
162
152
178
182
206
197
213
212
206
184
171
174
150
145
132
158
137
91
86
49
32
-26
-48
-72
-98
-123
-148
-167
-175
-175
-192
-162
-187
-197
-178
-177
-169
-161
-149
-158
-135
-136
-123
-99
-73
-60
-62
-21
-32
-48
-35
-55
-41
-35
-30
-30
-21
-2
8
18
14
41
40
70
68
64
84
70
105
100
105
104
111
125
138
148
149
147
136
167
153
135
143
136
144
125
138
129
107
86
84
69
45
27
5
27
-13
-55
-75
-88
-82
-118
-125
-130
-149
-160
-174
-151
-163
-147
-135
-96
-81
-103
-78
-71
-49
-54
-21
-21
3
26
30
39
52
69
52
113
116
103
127
132
148
137
130
136
135
122
122
116
109
120
105
119
87
56
75
68
60
45
46
27
27
19
10
9
9
3
-2
32
10
-12
11
-16
-37
-40
-22
-38
-48
-47
-47
-62
-72
-74
-79
-42
-69
-94
-66
-71
-56
-59
-41
-31
-19
-4
2
2
7
23
28
75
59
53
99
106
126
134
153
157
166
177
163
163
165
169
158
206
180
142
164
142
123
89
67
41
36
8
-1
-4
-25
-54
-67
-23
-42
-63
-46
-61
-59
-60
-55
-62
-59
-62
-54
-60
-80
-78
-106
-79
-95
-132
-118
-136
-122
-119
-107
-104
-94
-87
-78
-76
-73
-44
-40
8
6
-7
25
6
47
60
74
86
98
103
104
108
98
97
90
130
109
79
99
83
89
88
77
81
90
81
70
79
68
66
60
90
55
15
45
21
20
1
-4
-7
-16
-23
-42
-55
-74
-76
-91
-57
-73
-94
-68
-78
-73
-75
-78
-89
-87
-91
-91
-93
-76
-72
-61
-27
-46
-48
-31
-35
-27
-19
-3
-2
0
6
6
-1
1
5
14
43
23
1
20
22
42
43
61
67
70
67
69
66
75
98
95
109
85
73
87
61
48
49
33
31
28
-4
-10
-14
-29
-44
-64
-43
-57
-83
-59
-72
-68
-76
-75
-74
-77
-79
-91
-98
-97
-81
-88
-48
-56
-78
-52
-59
-41
-48
-51
-62
-53
-46
-51
-41
-37
-26
-41
-12
-27
-51
-36
-34
-17
-21
-22
-25
-28
-28
-29
-49
-50
-49
-68
-37
-45
-72
-53
-65
-43
-48
-54
-37
-30
-25
-22
-27
-28
-14
-18
10
-23
-51
-42
-60
-56
-67
-58
-74
-60
-69
-72
-58
-61
-39
-53
-8
-26
-55
-16
-24
-30
-25
-15
-30
-38
-39
-43
-43
-45
-27
-27
-4
-10
-23
7
-8
-3
-17
-10
-11
-11
-20
