115
86
78
109
73
48
18
34
53
-4
-23
51
8
-56
22
18
63
105
85
94
159
202
145
154
122
84
-3
-80
-122
-141
-162
-202
-97
-91
-62
58
68
115
161
127
90
115
3
-27
55
31
35
116
228
151
136
138
65
2
-106
-141
-190
-196
-169
-188
-154
-56
-24
-27
67
53
38
102
57
86
125
133
130
170
182
166
159
105
88
18
-13
-53
-97
-151
-156
-52
-44
26
132
117
122
184
144
105
97
-26
-65
-96
-183
-152
-128
-152
-44
-21
-18
67
94
54
44
10
62
101
64
14
-3
36
55
63
-15
17
108
-55
-49
110
-4
-51
23
-51
-48
29
-31
-14
88
83
3
104
95
4
62
-61
-81
26
-41
-83
53
17
71
124
71
128
174
111
49
57
-68
-77
-60
-135
-132
-116
-87
-94
-113
-93
-55
16
-75
-28
79
40
4
69
43
119
127
17
100
117
44
44
-10
-69
-13
-23
-142
-99
-42
-35
-75
-79
2
-13
21
-13
-8
117
57
42
124
120
87
131
44
-3
79
44
16
0
40
40
-15
4
-34
50
32
10
20
9
31
14
-64
-111
-160
-214
-128
-158
-191
-61
46
17
72
238
243
183
224
200
128
80
25
-24
8
-20
-26
1
-3
50
89
80
98
76
-44
-40
-69
-151
-154
-160
-149
-135
0
34
-1
95
60
10
-12
-115
-216
-158
-212
-317
-218
-130
-29
15
-6
111
193
121
120
150
51
-11
-1
-63
-202
-124
-109
-188
-47
43
71
138
97
88
110
13
-154
-224
-219
-285
-293
-187
-104
-55
34
163
233
229
213
220
91
-63
18
103
12
-34
40
102
38
5
130
20
-141
-213
-273
-224
-260
-248
-186
-155
-76
34
106
108
91
34
22
-43
-117
-94
-74
-153
-177
-39
67
6
22
139
38
-75
-143
-147
-108
-197
-214
-44
-71
-33
163
203
145
136
118
-50
-140
-104
-153
-160
-105
-106
-67
99
121
59
117
90
34
69
63
41
68
41
36
73
38
93
76
-6
-105
-24
-79
-183
-64
-31
-144
-178
-114
-196
-152
-98
-176
-225
-190
-107
-20
2
17
116
104
140
183
221
180
145
127
-68
-4
-32
-205
-117
-100
-174
-212
-119
-149
-159
-136
-140
-227
-241
-86
-79
23
-16
55
99
18
94
104
86
45
66
28
80
87
40
109
13
39
-92
-122
-17
-52
-122
-58
-14
-144
-47
-96
-182
-241
-336
-381
-373
-272
-282
-230
-164
-230
-29
165
187
208
221
146
169
174
95
-6
-36
-88
-329
-353
-221
-178
-228
-233
-118
-170
-145
-14
-4
-154
-195
-152
-178
-47
27
-3
66
113
90
211
304
346
346
279
292
266
259
275
246
108
-50
54
25
-75
-26
27
-147
-176
-119
-128
-163
-88
-102
-167
-70
53
196
215
327
473
415
385
364
303
257
94
-46
-144
-129
-164
-186
-56
-10
-64
18
91
110
84
-50
-76
-132
-275
-246
-130
-104
-117
30
120
83
204
282
287
304
284
199
198
183
119
138
52
35
37
77
48
-32
-72
-159
-185
-261
-302
-322
-326
-322
-213
-43
20
220
305
364
466
402
310
253
171
23
-120
-231
-251
-312
-308
-169
-118
-58
21
32
93
89
98
110
68
104
100
70
107
32
-74
-61
-80
-159
-177
-151
-132
-208
-164
36
17
9
152
248
179
271
329
284
163
98
97
-44
-82
-149
-357
-327
-202
-197
-122
-17
54
103
104
133
41
-16
-17
-182
-241
-182
-130
-89
-52
115
164
158
97
128
86
24
71
-82
-231
-138
50
-31
-140
-52
69
-11
-147
37
13
-58
-19
-34
-69
5
45
50
23
60
133
124
231
313
176
127
41
-148
-221
-226
-256
-392
-421
-282
-93
-140
-110
7
-35
-48
50
106
91
121
130
128
176
203
217
242
206
69
79
94
-28
-72
-29
-107
-143
-93
-40
-32
15
7
-38
-68
-58
-108
-149
-107
-131
-97
-21
136
149
285
332
248
273
265
285
225
22
-95
-83
-262
-437
-321
-290
-329
-227
-75
-95
-63
41
54
-101
-203
-88
-191
-264
-249
-251
-192
-137
11
89
179
368
319
344
427
284
229
258
173
57
24
-5
-29
-142
-161
-97
-115
-198
-147
-81
-283
-304
-237
-166
-83
-26
22
139
190
234
359
345
273
302
294
219
113
97
131
122
-6
-45
147
191
69
79
94
-70
-151
-151
-269
-346
-370
-346
-254
-216
-127
-69
-1
40
155
180
267
350
455
492
517
513
378
233
207
128
-144
-248
-300
-463
-519
-478
-468
-438
-385
-346
-136
-7
103
198
301
368
373
474
496
496
525
285
315
419
235
217
220
36
-24
-26
-175
-222
-272
-391
-403
-352
-323
-159
-13
-113
-22
74
34
211
220
130
98
218
74
30
146
153
131
50
20
155
206
16
41
100
-202
-212
-97
-120
-148
-63
-59
-106
-8
-10
83
80
-41
-43
53
11
-16
42
95
74
-70
4
137
167
161
98
76
55
85
177
179
116
117
158
108
189
215
171
59
-5
19
-11
0
-26
-48
-20
-35
-77
53
77
-57
-4
-55
-29
127
37
79
207
98
132
286
231
247
220
132
108
5
42
152
39
-41
-14
5
-24
39
1
-5
-42
-151
-59
7
1
-62
-9
-19
-70
64
99
175
203
200
173
309
277
185
286
153
64
51
2
-36
-20
-138
-135
-39
-133
-57
-16
-128
-233
-204
-174
-227
-104
10
130
98
80
280
365
261
290
329
148
114
155
37
-81
-159
-164
-233
-321
-268
-184
-273
-294
-201
-259
-214
-170
-238
-258
-271
-301
-248
-195
-72
42
50
76
145
153
179
235
126
-87
-78
-45
-144
-153
-88
-138
-185
-115
-68
-78
-171
-196
-170
-277
-299
-140
-225
-307
-215
-178
-166
-101
-39
103
95
2
58
-15
-93
-128
-188
-237
-210
-160
-82
-69
-17
29
-56
-33
-45
-114
-64
-29
-30
-54
-59
21
21
-58
-2
0
-171
-146
-137
-217
-257
-295
-351
-401
-419
-318
-172
-187
-81
81
39
88
225
153
94
194
175
34
39
40
144
6
-90
-15
-67
-176
-203
-188
-304
-446
-390
-300
-358
-261
-126
-118
40
99
183
279
189
158
172
75
-11
-85
-213
-203
-304
-354
-284
-270
-290
-208
-99
-27
14
96
173
99
64
142
148
86
-21
-81
-98
-191
-157
-116
-121
-141
-49
-26
34
2
-11
41
-94
-203
-157
-227
-362
-428
-408
-442
-417
-377
-275
-262
-256
-207
-155
-84
-115
-83
-49
-101
-64
109
137
8
-21
-12
-13
-62
-131
-155
-188
-277
-370
-262
-288
-396
-443
-489
-409
-386
-312
-205
-173
-189
-113
99
64
-75
34
62
-132
-120
-91
-172
-173
-237
-53
80
8
75
220
69
-54
38
-58
-213
-297
-387
-403
-388
-443
-363
-202
-104
-110
6
151
155
189
233
241
251
156
136
254
133
-21
89
44
-57
-4
52
6
-32
-120
-66
-121
-224
-223
-250
-272
-263
-208
-163
-121
-87
128
199
298
452
462
497
517
493
429
335
260
116
33
10
55
-10
41
37
-83
-86
-117
-212
-296
-314
-356
-388
-399
-269
-190
-253
-81
82
151
276
449
453
441
437
472
573
460
324
287
252
193
113
43
-26
-230
-318
-379
-439
-399
-459
-451
-308
-343
-308
-124
-69
-9
47
65
211
284
318
512
562
479
511
517
493
410
281
165
1
-124
-203
-301
-422
-436
-440
-474
-376
-245
-166
-123
-40
-93
-21
143
55
22
117
137
124
268
321
347
430
394
358
386
398
293
257
144
29
39
99
102
-52
-115
-52
-89
-208
-123
-10
-86
-118
-160
-43
76
34
19
87
59
25
139
118
-49
-69
-82
-132
-183
-187
-214
-183
-183
-196
-101
78
104
3
41
102
13
-120
-144
-158
-167
-100
-65
11
95
111
187
254
212
218
248
306
232
142
94
66
-33
-145
-94
-128
-252
-368
-240
-150
-50
-83
-68
71
96
135
215
373
313
249
340
389
380
320
329
319
275
210
362
447
341
234
254
384
365
311
288
266
109
20
17
23
-109
-190
-177
-132
-97
-28
91
161
193
295
493
613
621
492
520
517
481
307
227
140
-16
-146
-211
-160
-270
-378
-507
-500
-468
-506
-368
-285
-351
-313
-77
36
38
-1
-12
35
0
76
109
66
-14
-62
-12
28
68
4
-136
-165
-162
-246
-355
-390
-482
-573
-550
-550
-444
-431
-371
-215
-175
-140
42
182
112
82
182
283
227
236
322
286
246
194
237
299
329
294
322
328
302
394
384
327
240
187
199
183
124
91
121
162
220
211
355
529
505
538
617
671
652
602
599
635
421
304
399
369
241
160
213
261
146
124
295
242
74
74
27
-33
-182
-272
-269
-405
-592
-588
-520
-531
-559
-515
-387
-341
-330
-235
-188
-181
-193
-250
-228
-292
-419
-409
-419
-523
-585
-613
-538
-546
-713
-597
-557
-699
-670
-705
-699
-801
-964
-925
-811
-900
-928
-829
-696
-667
-576
-430
-293
-278
-255
-182
-114
-164
-105
-60
-32
-139
-95
68
52
35
50
158
224
145
194
274
236
291
359
409
587
711
892
1049
1197
1410
1588
1803
1801
1842
1883
1849
1819
1664
1544
1455
1250
1080
984
917
810
705
652
639
623
593
557
487
367
267
256
106
17
-5
-64
-107
-142
-130
-103
-92
-135
-176
-186
-216
-259
-402
-503
-575
-660
-831
-1003
-1196
-1372
-1524
-1707
-1765
-1873
-2033
-2074
-2151
-2157
-2166
-2114
-2077
-2032
-1922
-1806
-1629
-1492
-1433
-1331
-1196
-1258
-1219
-1368
-1597
-1831
-2272
-2499
-2789
-3029
-3045
-2896
-2373
-1853
-1151
-343
550
1631
2346
2990
3637
3903
4139
4131
3848
3686
3265
2919
2556
2118
1922
1803
1904
1849
1878
2032
2029
2151
2127
2054
1947
1601
1311
1004
717
486
258
132
74
173
412
684
1021
1292
1540
1870
2018
2109
2163
2048
1869
1564
1281
991
687
306
-155
-493
-863
-1187
-1441
-1777
-2077
-2284
-2477
-2543
-2562
-2583
-2479
-2419
-2340
-2199
-2089
-1941
-1896
-1931
-1920
-1848
-1885
-1824
-1867
-1995
-1983
-1986
-1959
-1900
-1838
-1817
-1733
-1649
-1610
-1531
-1610
-1864
-2076
-2406
-2612
-2502
-2338
-2019
-1618
-1133
-279
594
1598
2572
3208
3778
4192
4567
4747
4562
4239
3757
3146
2641
2153
1714
1299
891
594
549
695
833
997
1045
1045
1299
1512
1647
1672
1468
1360
1348
1343
1311
1332
1339
1319
1458
1658
1880
2089
2115
2066
2009
1838
1719
1529
1043
540
61
-376
-769
-1169
-1567
-1950
-2222
-2478
-2563
-2523
-2553
-2540
-2457
-2419
-2236
-1882
-1698
-1586
-1480
-1482
-1408
-1333
-1474
-1547
-1774
-2101
-2325
-2555
-2694
-2850
-3090
-3134
-3143
-3047
-2885
-2830
-2613
-2455
-2351
-2342
-2498
-2541
-2420
-2348
-1997
-1306
-435
405
1030
1933
3243
4283
4971
5253
5412
5501
5416
5068
4394
3475
2593
1832
1061
358
-151
-536
-868
-1185
-1195
-854
-535
-228
-79
186
502
892
1434
1656
1741
2001
2144
2527
2817
2895
3127
3236
3229
3347
3387
3372
3192
2771
2262
1882
1490
1012
393
-335
-982
-1414
-1755
-2136
-2467
-2849
-3080
-3127
-3057
-3051
-2953
-2774
-2563
-2219
-1874
-1528
-1155
-943
-822
-725
-696
-820
-956
-1211
-1653
-2052
-2460
-2795
-2997
-3324
-3552
-3716
-3929
-3856
-3820
-3784
-3748
-3860
-3794
-3595
-3373
-2962
-2230
-1195
-132
657
1358
2508
3989
4990
5436
5510
5649
5957
5927
5476
4757
3785
3034
2372
1546
839
155
-419
-819
-1320
-1524
-1405
-1336
-1340
-1108
-834
-343
237
682
1292
1571
1955
2701
3078
3384
3732
3861
4116
4225
4082
4153
3994
3565
3222
2737
2184
1739
1194
382
-409
-1073
-1609
-2077
-2684
-3189
-3511
-3771
-3855
-3859
-3764
-3612
-3406
-2998
-2597
-2231
-1730
-1244
-942
-707
-459
-278
-301
-487
-795
-1018
-1373
-1853
-2157
-2647
-3048
-3229
-3506
-3650
-3808
-4011
-4051
-4120
-4171
-4049
-3945
-3682
-2922
-1827
-770
-76
711
1933
3505
4711
5177
5326
5602
6032
6188
5777
4996
4165
3478
2850
2022
1176
551
-76
-626
-1126
-1473
-1465
-1480
-1544
-1425
-1252
-830
-243
201
679
1050
1503
2301
2804
3107
3523
3815
4137
4334
4337
4350
4314
4047
3699
3253
2695
2267
1703
896
21
-738
-1257
-1881
-2602
-3251
-3736
-4062
-4201
-4293
-4310
-4177
-3911
-3488
-3093
-2642
-2088
-1589
-1222
-934
-669
-450
-411
-650
-973
-1299
-1625
-1877
-2286
-2702
-3078
-3278
-3326
-3516
-3571
-3635
-3774
-3636
-3507
-3421
-3180
-2681
-1710
-664
-57
458
1396
2851
4050
4584
4672
4782
5332
5619
5335
4663
3873
3327
2817
2003
1198
516
-58
-526
-1155
-1627
-1769
-1779
-1811
-2017
-2095
-1686
-899
-168
255
597
1364
2361
3193
3868
4225
4507
4931
5162
5167
5026
4745
4443
3968
3196
2622
2347
1793
940
27
-591
-1001
-1449
-2066
-2797
-3432
-3775
-3827
-3907
-4153
-4238
-3948
-3605
-3226
-2731
-2237
-1664
-1287
-1001
-670
-431
-195
-188
-490
-1021
-1418
-1524
-1831
-2353
-2974
-3531
-3716
-3837
-4012
-4260
-4594
-4582
-4389
-4343
-4086
-3367
-2088
-835
-319
114
1356
3252
4698
5056
4797
4923
5753
6222
5819
4892
3954
3465
3127
2333
1446
730
210
-278
-1039
-1565
-1671
-1699
-1936
-2518
-2965
-2866
-2096
-1420
-1265
-1118
-376
1165
2581
3350
4085
5043
5804
6426
6762
6718
6581
6198
5495
4525
3628
3131
2607
1485
94
-561
-720
-1024
-1760
-2590
-3180
-3550
-3682
-3851
-4222
-4564
-4602
-4297
-3992
-3728
-3139
-2527
-2136
-1724
-1156
-516
-10
-16
-281
-576
-797
-1006
-1611
-2349
-3186
-3721
-4116
-4720
-4992
-5186
-5393
-5259
-5121
-4953
-4247
-3014
-1395
-296
-9
751
2491
4299
5082
4945
4717
5172
5802
5799
5231
4406
3734
3469
3102
2294
1680
1216
724
6
-904
-1366
-1487
-1787
-2530
-3376
-3831
-3661
-3162
-2922
-2735
-2267
-1252
268
1707
3024
4387
5375
6366
7370
7790
8104
8147
7520
6600
5502
4791
4332
3178
1618
525
-68
-521
-1030
-1728
-2492
-3168
-3573
-3766
-4076
-4485
-4784
-4864
-4885
-4725
-4159
-3471
-3034
-2598
-2034
-1355
-473
133
291
214
72
-41
-353
-1020
-1809
-2571
-3319
-4114
-4697
-4842
-5285
-5630
-5622
-5752
-5336
-4714
-3746
-2180
-1129
-517
286
1596
3482
4684
4748
4462
4652
5508
5925
5487
4679
3945
3786
3593
2941
2352
1711
1197
554
-410
-941
-1235
-1644
-2397
-3369
-3965
-4011
-3612
-3235
-3224
-3062
-2231
-834
810
2077
3189
4473
5599
6589
7453
7999
8128
7883
7143
6258
5684
5108
4243
2859
1345
604
338
-266
-1145
-2068
-2827
-3280
-3646
-3995
-4348
-4802
-5126
-5151
-4897
-4566
-3999
-3474
-3150
-2681
-1928
-1000
-297
-11
-35
-36
79
63
-421
-1179
-1998
-2754
-3008
-3744
-4301
-4769
-5380
-5391
-5296
-5166
-4561
-3721
-2399
-973
-459
261
1841
3530
4498
4387
4155
4567
5283
5354
4804
4041
3402
3362
3383
2688
1998
1633
1320
930
24
-568
-757
-1285
-2118
-3006
-3755
-3834
-3557
-3510
-3634
-3656
-2763
-1088
238
1193
2390
3854
5424
6666
7356
8045
8379
8299
8007
7168
6329
5831
4893
3418
2037
1133
815
207
-1022
-2003
-2438
-2883
-3299
-3675
-4315
-4788
-4938
-4909
-4795
-4714
-4378
-3817
-3274
-2885
-2220
-1294
-696
-324
-177
-170
-16
76
-479
-1424
-2221
-2882
-3202
-4022
-5160
-5516
-5963
-6204
-5848
-5969
-5142
-3226
-1866
-608
-119
877
3675
5223
5164
4893
4764
5540
6030
5291
4371
3537
3090
3192
2866
1991
1478
1525
1170
457
-221
-728
-754
-1458
-2866
-3804
-4435
-4273
-3858
-4403
-4781
-4162
-2762
-914
331
1288
2856
4462
6093
7504
8202
8666
9009
8830
8225
7567
6967
6301
4918
3108
2145
1702
1066
54
-1257
-2191
-2627
-2998
-3364
-4080
-4927
-5229
-5157
-5036
-4907
-4725
-4354
-3841
-3303
-2648
-1832
-1017
-604
-432
-316
-104
283
46
-880
-1725
-2318
-2754
-3205
-4299
-5156
-5687
-6230
-6031
-5918
-5894
-4648
-3156
-1787
-726
-201
1761
4214
4890
4849
4709
5130
6023
5935
5014
4164
3486
3417
3450
2738
1822
1566
1465
947
277
-446
-810
-1097
-2240
-3392
-4143
-4497
-4155
-4364
-5057
-4890
-3862
-2344
-959
-39
1224
2856
4445
5879
6883
7643
8309
8663
8516
8069
7739
7457
6778
5308
3929
3303
2855
1947
463
-856
-1567
-2131
-2775
-3502
-4316
-4853
-5033
-4938
-4735
-4700
-4355
-3838
-3405
-2868
-2279
-1507
-991
-881
-844
-603
-279
-211
-861
-1635
-2181
-2553
-2962
-3859
-4530
-5230
-5773
-5937
-6276
-6154
-5597
-4628
-3119
-1914
-1079
218
2103
4113
5084
5044
5216
5874
6545
6282
5416
4651
4045
3785
3395
2514
1835
1345
1037
502
-460
-946
-1184
-1783
-2782
-3879
-4443
-4441
-4439
-4721
-5169
-4982
-3758
-2349
-1126
-194
1121
3013
4637
5895
6859
7731
8429
8645
8586
8349
7959
7551
6805
5616
4344
3635
3216
2091
506
-690
-1299
-1830
-2869
-3796
-4371
-4857
-5040
-4910
-4781
-4706
-4216
-3552
-3128
-2592
-1962
-1313
-745
-681
-587
-245
-160
-296
-791
-1708
-2216
-2495
-3181
-4055
-4984
-5612
-6202
-6554
-6628
-6511
-5753
-4588
-3292
-1818
-803
705
3057
4438
5110
5440
5648
6527
6760
5997
5282
4665
4092
3850
3220
2326
1759
1453
936
312
-366
-1040
-1394
-2249
-3504
-4241
-4794
-5004
-5083
-5650
-5803
-5025
-3862
-2575
-1467
-328
1476
3365
4848
6080
6933
7731
8464
8555
8262
7963
7529
6989
6131
5040
4281
3698
3085
2090
784
-4
-465
-1213
-2313
-3334
-3920
-4215
-4533
-4669
-4597
-4367
-3826
-3125
-2519
-1959
-1161
-531
-189
-63
-44
218
156
-477
-1141
-1810
-2298
-2782
-3838
-4838
-5376
-5779
-6247
-6764
-7230
-7129
-6555
-5537
-4084
-2776
-1688
-461
1462
3608
4986
5475
5903
6530
7063
7106
6671
6135
5405
4698
4059
3359
2648
1999
1199
173
-757
-1351
-1746
-2537
-3695
-4801
-5395
-5532
-5529
-5664
-5929
-5689
-4701
-3429
-2190
-910
544
2244
3977
5412
6708
7870
8584
9009
9052
8935
8805
8324
7530
6428
5218
4397
3721
2602
1176
-133
-989
-1693
-2700
-3634
-4275
-4770
-5133
-5141
-4892
-4543
-4145
-3636
-2973
-2244
-1510
-795
-366
-248
-154
45
115
-171
-790
-1570
-2193
-2791
-3707
-4393
-5028
-6021
-6519
-7186
-7432
-6760
-6340
-5223
-3541
-2505
-1119
669
2623
4767
5503
5475
6174
6962
7305
6877
5967
5187
4737
4288
3580
2946
2161
1415
966
84
-715
-1100
-1953
-2950
-4025
-5143
-5418
-5486
-5850
-6186
-6304
-5533
-4047
-2728
-1606
-411
1423
3631
5313
6574
7534
8473
9281
9372
9123
8950
8216
7335
6526
5347
4290
3607
2756
1465
88
-941
-1139
-1796
-3345
-4153
-4386
-4701
-4904
-4860
-4742
-4303
-3802
-3098
-2213
-1569
-964
-237
32
69
323
255
-85
-761
-1729
-2291
-2812
-3568
-4425
-5544
-6132
-6557
-6933
-7208
-7240
-6424
-5165
-4020
-2597
-1195
248
2182
3853
5201
5776
5910
6694
7257
6867
6093
5618
5206
4584
3775
3027
2394
1851
1035
155
-672
-1542
-2078
-2951
-4257
-5170
-5705
-5954
-6019
-6280
-6210
-5517
-4337
-2942
-1703
-398
1396
3480
5150
6310
7427
8515
9180
9345
9185
8979
8516
7594
6692
5696
4585
3588
2681
1484
78
-948
-1612
-2439
-3646
-4547
-4924
-5114
-5241
-5207
-4895
-4422
-3763
-2996
-2277
-1576
-892
-314
11
113
125
158
-343
-1077
-1774
-2649
-3316
-4190
-5022
-5863
-6584
-7032
-7466
-7563
-6980
-5723
-4062
-2845
-1788
70
2226
4259
5432
5650
6107
6690
7090
7041
6184
5352
4892
4329
3660
2971
2369
1736
1048
171
-669
-1200
-1813
-2854
-4130
-5371
-5943
-5954
-6254
-6593
-6647
-5951
-4552
-3091
-1717
-243
1566
3679
5508
6808
7882
8794
9411
9326
9042
8779
8195
7340
6233
5101
4103
3360
2574
1279
-153
-1131
-1643
-2331
-3533
-4428
-4793
-5144
-5329
-5208
-4867
-4382
-3767
-3044
-2214
-1355
-588
-151
-25
-132
-130
-203
-661
-1481
-2475
-3162
-3924
-4621
-5538
-6358
-6844
-7430
-7673
-7149
-6431
-5050
-3180
-1903
-518
1158
3278
5541
6393
6203
6575
7177
7459
7079
6002
5084
4594
4030
3289
2631
1863
1189
533
-436
-1260
-1684
-2396
-3475
-4746
-5928
-6208
-6142
-6380
-6623
-6524
-5532
-3730
-2072
-727
921
2825
4840
6549
7882
9002
9568
9783
9692
9326
8791
7894
6755
5566
4175
3145
2566
1499
119
-1012
-1879
-2408
-3130
-4241
-5005
-5301
-5493
-5359
-4964
-4662
-4053
-3352
-2759
-1831
-993
-570
-361
-348
-417
-373
-710
-1389
-2289
-3341
-4292
-4993
-5785
-6842
-7661
-7971
-7658
-6672
-5211
-3522
-1807
-398
1334
3818
5976
6913
6931
6976
7343
7511
7011
5975
4899
4087
3359
2812
2373
1852
1267
551
-167
-611
-1002
-1788
-3039
-4517
-5607
-6096
-6260
-6544
-6920
-6836
-5892
-4174
-2388
-773
1045
2964
4965
7062
8676
9696
10161
10163
10213
9924
9002
8053
6730
5186
4031
3055
2046
965
-317
-1395
-2141
-2829
-3348
-4067
-5040
-5518
-5494
-5427
-5159
-4732
-4310
-3661
-2859
-1913
-965
-520
-456
-527
-590
-810
-1236
-2040
-3231
-4373
-5428
-6189
-6786
-7453
-7893
-7965
-7387
-5523
-3236
-1515
-168
1246
3658
6239
7269
7278
7256
7364
7424
6849
5749
4969
4260
3311
2535
2143
2047
1906
1099
-115
-773
-1027
-1659
-2809
-4550
-6035
-6538
-6702
-6897
-7076
-7055
-6017
-4230
-2457
-480
1771
3824
5520
6957
8549
10063
10623
10142
9607
9245
8702
7940
6695
5177
3817
2748
2068
1169
-242
-1500
-2458
-3423
-4200
-4759
-5216
-5675
-6096
-6031
-5240
-4248
-3576
-3292
-2803
-1905
-827
-430
-651
-1074
-1280
-1515
-2172
-3053
-4141
-5259
-6407
-7153
-7647
-7886
-7925
-7323
-5715
-3606
-1661
59
1933
4300
6551
7554
7703
7927
8200
7993
6927
5603
4895
4377
3503
2592
1984
1753
1673
1164
185
-559
-1050
-1724
-2923
-4470
-5812
-6439
-6828
-7363
-7541
-7052
-5766
-4042
-2410
-556
1876
4331
6245
7603
8847
10179
10853
10577
10090
9592
8964
7976
6776
5439
4059
2810
1797
659
-842
-2001
-2880
-3810
-4903
-5665
-5891
-5840
-6020
-5935
-5072
-3982
-3208
-2642
-2070
-1313
-633
-551
-842
-1170
-1619
-2171
-2910
-4112
-5347
-6220
-7280
-8166
-8476
-8298
-7469
-6005
-4307
-2460
-459
1505
4011
5979
6950
7375
7856
8076
7903
6997
6028
5351
4560
3762
3128
2796
2423
2101
1482
845
316
-353
-1449
-2834
-4345
-5528
-6360
-7076
-7522
-7701
-7261
-6039
-4405
-2603
-583
1658
4135
6191
7807
9323
10558
10957
10677
10203
9706
8887
7522
6102
4940
3833
2607
1514
464
-669
-1721
-2758
-3720
-4600
-5276
-5718
-5959
-6064
-5718
-4983
-4137
-3327
-2621
-1816
-940
-347
-345
-576
-1033
-1451
-2239
-3376
-4785
-6217
-7394
-8607
-9139
-9386
-8761
-7551
-5526
-3439
-1284
808
3321
5914
7185
7567
7561
8113
8074
7123
5606
4835
4339
3659
2971
2600
2778
2830
2516
1788
1349
903
-67
-1716
-3582
-5058
-6118
-7019
-7897
-8371
-8152
-7089
-5384
-3500
-1447
909
3569
5862
7711
9232
10657
11367
11059
10499
10101
9414
8134
6661
5262
4145
3030
1930
691
-532
-1729
-2858
-3943
-4974
-5681
-6196
-6665
-6893
-6522
-5692
-4634
-3823
-2990
-1988
-990
-225
48
-219
-719
-1202
-1789
-2797
-4209
-5463
-6379
-7539
-8622
-9090
-8252
-6372
-4689
-3597
-2336
321
3600
5822
6059
5939
6593
7490
7087
5587
4593
4248
3868
2889
2348
2767
3426
3246
2353
1864
2234
2318
927
-1382
-3218
-4187
-5023
-6379
-7718
-8285
-7856
-6764
-5401
-3633
-1319
1243
3439
5183
7001
9066
10431
10329
9652
9555
9698
8972
7564
6224
5284
4475
3534
2555
1419
385
-745
-2097
-3431
-4555
-5384
-6327
-7392
-7900
-7348
-6425
-5738
-5301
-4474
-3160
-1977
-1321
-1279
-1423
-1466
-1812
-2267
-3369
-4463
-5676
-7122
-7735
-7674
-6525
-5112
-3683
-2236
-156
2319
5110
6772
6900
6771
6752
7018
6042
4305
2761
1815
1165
494
336
833
1473
1631
1644
1999
2767
2923
1688
-102
-1584
-2347
-3354
-4972
-6370
-6964
-6687
-5826
-4569
-2875
-778
1245
3139
4968
6855
8430
9020
8669
8177
8124
7943
6928
5565
4531
4041
3632
2955
2327
1775
1181
368
-620
-1583
-2470
-3428
-4675
-5878
-6372
-6116
-5921
-5984
-5777
-5023
-4056
-3553
-3364
-3218
-3293
-3469
-3604
-4366
-5234
-6353
-7564
-7862
-7974
-7052
-5280
-3497
-1724
300
3088
6232
7904
8444
8736
8817
8793
7564
5398
3437
1947
891
-381
-1373
-1458
-1072
-649
-423
141
1270
1804
1178
224
-544
-858
-1581
-3020
-4317
-4937
-4629
-3787
-3080
-1909
-76
1854
3732
5259
6712
7882
8140
7689
7182
6773
6057
4668
3201
2246
1782
1535
1030
599
489
620
640
156
-408
-885
-1565
-2332
-3009
-3451
-3605
-3795
-4076
-3912
-3561
-3185
-3119
-3398
-3678
-4059
-4288
-5110
-6444
-7727
-8948
-9430
-9817
-9460
-8041
-5989
-3762
-1350
1364
4730
7232
8621
9570
10104
10659
9955
8195
6217
4636
3556
2175
648
-359
-530
-393
-431
-410
80
497
98
-727
-1495
-1762
-2356
-3597
-4800
-5257
-4777
-3790
-2919
-1776
74
2333
4580
6199
7448
8571
9040
8773
8024
7210
6221
4715
3061
1856
1147
600
-66
-664
-869
-784
-732
-1192
-1914
-2430
-2905
-3506
-4067
-4450
-4346
-4213
-4127
-3822
-3219
-2690
-2475
-2571
-2527
-2788
-3416
-4383
-5706
-6897
-7914
-8653
-8674
-7933
-6567
-4891
-2866
-386
2170
4658
6506
7504
8290
8864
8590
7488
6064
4871
3858
2785
1659
937
728
778
733
862
1110
1248
1054
427
-512
-1238
-1804
-2805
-4039
-4819
-4755
-4117
-3264
-2197
-604
1536
3762
5589
7054
8189
8878
9017
8607
7668
6637
5373
3955
2564
1662
1018
340
-263
-643
-759
-892
-1365
-2154
-2915
-3563
-4268
-4992
-5599
-5849
-5836
-5688
-5495
-5135
-4587
-4231
-4083
-4075
-3922
-4150
-4570
-5247
-5921
-6069
-6215
-5845
-5027
-3771
-2148
-574
1248
3140
4611
5771
6392
6792
7144
6626
5672
4650
3872
3336
2578
1818
1219
1104
1188
1205
1146
1163
1053
651
-10
-762
-1325
-1957
-2858
-3759
-4167
-3915
-3277
-2504
-1426
78
2036
3973
5472
6836
7911
8612
8814
8606
8053
7166
6028
4907
3951
2988
2106
1306
660
33
-466
-984
-1779
-2699
-3630
-4363
-5078
-5764
-6265
-6606
-6733
-6694
-6603
-6468
-6297
-6207
-6158
-6154
-6383
-6509
-6690
-6760
-6606
-6123
-5209
-3885
-2242
-619
993
2732
4594
5818
6336
6521
6795
6738
5988
4821
3784
3206
2616
2003
1434
1136
1209
1351
1406
1263
1359
1237
719
-122
-766
-1180
-1827
-2763
-3567
-3675
-3381
-2880
-2401
-1527
-59
1556
3008
4176
5307
6428
7104
7286
7374
7303
6935
6191
5561
5181
4693
3995
3277
2762
2241
1636
809
-173
-1248
-2306
-3306
-4396
-5369
-6145
-6727
-7190
-7526
-7664
-7614
-7829
-7898
-7962
-8054
-8044
-8388
-8447
-8245
-7785
-6779
-5464
-3865
-1771
186
2182
4098
5630
6929
7521
7853
8073
7561
6718
5782
4896
4166
3382
2520
1885
1366
1119
944
685
325
-79
-453
-890
-1543
-2039
-2442
-2954
-3367
-3476
-2999
-2428
-1835
-893
388
1799
3051
3850
4756
5609
6091
6334
6189
6027
5726
5294
4997
4603
4217
3844
3376
2902
2517
2001
1275
387
-555
-1416
-2218
-3101
-3965
-4630
-4956
-5327
-5701
-6078
-6472
-6741
-7113
-7496
-8051
-8545
-8922
-9249
-9131
-8553
-7543
-6160
-4582
-2715
-734
1045
2434
3573
4876
5977
6477
6285
5990
6062
6167
6135
5756
5404
5181
5017
4746
4254
3646
2863
1988
864
-319
-1329
-2318
-3297
-4261
-4704
-4593
-4341
-4158
-3691
-2603
-1213
-67
724
1682
2854
3788
4340
4636
5016
5365
5621
5782
5842
5799
5691
5481
5041
4472
3777
2858
1657
412
-703
-1815
-3052
-4196
-4964
-5314
-5627
-6020
-6217
-6212
-6098
-6120
-6296
-6491
-6810
-7157
-7408
-7417
-7038
-6362
-5469
-4187
-2596
-1059
38
806
1695
2706
3323
3241
2699
2475
2799
3125
3223
3284
3670
4334
4930
5291
5457
5493
5342
4936
4257
3423
2471
1437
429
-510
-1091
-1546
-1916
-2197
-2281
-1959
-1578
-1326
-1189
-854
-283
172
418
610
1015
1696
2295
2589
3015
3632
4085
4214
4288
4324
4047
3443
2732
2209
1489
484
-589
-1406
-2095
-2881
-3740
-4505
-5009
-5566
-5979
-6541
-7184
-7810
-8227
-8243
-8207
-7715
-6834
-5528
-4153
-3110
-2174
-1164
111
1109
1523
1573
1631
1934
2401
2826
3124
3378
3875
4508
5094
5335
5202
5080
5026
4772
4110
3306
2679
2182
1778
1471
1333
1223
1104
1044
1060
1115
899
475
155
-1
-113
-406
-705
-764
-615
-268
-65
154
556
905
1269
1604
1840
1907
1906
1975
2026
1822
1409
943
530
129
-407
-986
-1556
-2147
-2699
-3216
-3814
-4630
-5393
-5936
-6310
-6507
-6617
-6226
-5272
-4304
-3884
-3882
-3547
-2684
-1856
-1648
-1927
-1911
-1304
-594
114
700
1369
2089
2826
3653
4201
4316
4317
4455
4602
4380
3784
3341
3131
3037
2879
2794
2976
2939
2788
2758
2909
2864
2399
1878
1641
1545
1188
715
504
607
601
444
376
493
430
275
219
183
-34
-433
-467
-312
-314
-559
-715
-642
-605
-731
-829
-874
-1062
-1422
-1716
-2037
-2600
-3519
-4229
-4567
-4856
-5117
-5126
-4350
-3294
-2648
-2640
-2724
-2388
-1880
-1947
-2704
-3364
-3480
-3116
-2592
-1950
-1221
-458
324
1296
2173
2459
2412
2538
3024
3175
2821
2590
2741
3105
3267
3424
3801
4148
4090
4000
4201
4187
3733
3077
2830
2746
2443
2018
1759
1906
1966
1812
1773
1942
1921
1715
1607
1572
1207
598
295
158
-59
-557
-1075
-1215
-1322
-1589
-2010
-2206
-2377
-2760
-3029
-3207
-3541
-4206
-4730
-4961
-5033
-5279
-5284
-4474
-3021
-2105
-2322
-2862
-2913
-2370
-2238
-2674
-3184
-3199
-2736
-2202
-1633
-998
-421
169
942
1691
1939
1744
1764
2160
2478
2283
1970
2052
2443
2660
2802
3234
3578
3626
3643
4101
4528
4351
3826
3647
3878
3842
3376
3124
3365
3399
3101
2885
2803
2494
1954
1653
1443
929
121
-426
-428
-452
-922
-1531
-1698
-1722
-1943
-2284
-2509
-2607
-2792
-2930
-2951
-3139
-3650
-4148
-4367
-4320
-4433
-4656
-4331
-3341
-2721
-3098
-3803
-3844
-3136
-2859
-3393
-3922
-3719
-3066
-2509
-2038
-1297
-582
1
746
1548
1918
1545
1414
1949
2486
2270
1753
1915
2551
2988
3225
3716
4192
4274
4223
4505
4783
4402
3639
3411
3780
3876
3427
3150
3513
3919
3888
3705
3473
3205
2805
2344
1916
1199
381
-307
-567
-711
-1251
-1905
-2273
-2333
-2536
-2964
-3462
-3738
-3816
-3975
-4368
-4926
-5257
-5507
-5610
-5572
-5603
-5373
-4596
-3421
-2723
-2803
-3125
-2793
-2079
-1832
-2311
-2843
-2545
-1942
-1374
-873
-106
646
1323
2089
2792
3086
2845
2798
3059
3185
2748
2182
2060
2206
2364
2502
2731
2762
2656
2836
3253
3394
2952
2631
2849
3321
3409
3160
3236
3581
3822
3844
3696
3321
2937
2696
2551
2126
1464
948
786
809
502
-139
-740
-1139
-1563
-2147
-2869
-3593
-4136
-4487
-4763
-5184
-5681
-6075
-6285
-6294
-6254
-5872
-5179
-4550
-4388
-4570
-4449
-3887
-3575
-3699
-3781
-3315
-2521
-1872
-1188
-200
1014
1921
2658
3295
3649
3538
3375
3580
3710
3436
2982
3067
3500
3803
3937
4251
4848
4980
4728
4420
4183
3659
2829
2216
2038
1924
1486
1196
1421
1878
1963
1823
1724
1695
1541
1157
720
365
79
-329
-513
-501
-588
-835
-1054
-1021
-1154
-1485
-1833
-2123
-2236
-2525
-3043
-3656
-4162
-4578
-5116
-5448
-5298
-4873
-4708
-4838
-5110
-5019
-4644
-4549
-4695
-4702
-4273
-3725
-3091
-2347
-1395
-403
557
1554
2383
2908
3056
3369
3920
4256
4167
3969
4094
4422
4607
4560
4738
5111
5184
4757
4264
4029
3696
3212
2840
2760
2822
2719
2597
2750
2968
2758
2227
1888
1551
890
90
-457
-696
-963
-1267
-1462
-1372
-1305
-1580
-1898
-2055
-2263
-2781
-3318
-3630
-3825
-4163
-4488
-4672
-4805
-4920
-5084
-4833
-4156
-3575
-3657
-3940
-3901
-3614
-3555
-3886
-4027
-3878
-3489
-3115
-2540
-1629
-754
-43
786
1701
2291
2443
2561
3045
3489
3571
3438
3586
4062
4432
4677
5103
5631
5805
5529
5255
5052
4676
4221
3810
3588
3449
3165
2977
3130
3219
2985
2591
2256
1822
1130
512
-33
-481
-937
-1394
-1653
-1776
-1963
-2374
-2661
-2881
-3190
-3596
-3997
-4258
-4457
-4631
-4811
-4966
-5075
-5159
-5107
-4664
-4034
-3700
-3717
-3782
-3672
-3456
-3537
-3743
-3689
-3358
-3025
-2662
-2050
-1269
-523
84
820
1445
1784
1927
2191
2631
2814
2850
3046
3524
3918
4215
4790
5494
5708
5393
5197
5254
5285
4917
4479
4419
4522
4496
4346
4406
4347
4001
3654
3308
2668
1705
948
491
104
-517
-1146
-1404
-1387
-1583
-2087
-2537
-2848
-3221
-3767
-4211
-4614
-4961
-5216
-5402
-5520
-5733
-5975
-5872
-5362
-4733
-4571
-4721
-4588
-4178
-3980
-4188
-4389
-4170
-3621
-3199
-2672
-1965
-1075
-248
502
1349
1875
2054
2187
2644
3083
3110
3038
3356
3961
4455
4843
5115
5266
5122
4807
4700
4647
4328
3784
3612
3822
3914
3732
3639
3802
3915
3723
3287
2842
2412
1869
1334
921
511
37
-321
-515
-656
-1035
-1566
-1967
-2316
-2703
-3301
-3925
-4312
-4555
-4809
-5252
-5591
-5772
-5772
-5476
-5157
-5073
-5233
-5173
-4881
-4524
-4599
-4731
-4449
-3825
-3301
-2974
-2336
-1475
-610
1
662
1193
1518
1744
2105
2559
2665
2719
3141
3862
4358
4576
4728
4829
4653
4314
4121
4044
3859
3572
3615
4090
4398
4377
4506
4799
4871
4439
3813
3204
2615
1944
1243
720
251
-183
-592
-758
-889
-1338
-1861
-2267
-2570
-3132
-3795
-4323
-4604
-4820
-5122
-5345
-5392
-5250
-4960
-4493
-4188
-4286
-4336
-4029
-3681
-3818
-4252
-4189
-3534
-3061
-2957
-2598
-1730
-875
-381
164
677
922
1049
1419
1976
2140
2129
2630
3626
4302
4321
4268
4573
4827
4543
4200
4227
4204
3805
3583
3962
4272
4132
3896
4133
4368
3923
3051
2493
2400
1890
997
345
242
145
-298
-575
-553
-667
-1117
-1551
-1831
-2182
-2920
-3594
-3809
-3935
-4330
-4956
-5082
-4680
-4310
-4259
-4476
-4510
-4253
-4056
-4340
-4829
-4959
-4546
-4052
-3787
-3375
-2625
-1694
-865
-81
647
1037
1227
1672
2278
2407
2177
2495
3534
4280
4094
3749
3975
4430
4311
3715
3581
3744
3528
3213
3385
3739
3698
3456
3698
4047
3792
3019
2536
2610
2350
1374
558
497
492
-49
-634
-749
-755
-1050
-1534
-1779
-2063
-2548
-3129
-3430
-3469
-3856
-4345
-4427
-3979
-3515
-3417
-3628
-3590
-3161
-2779
-3059
-3701
-3840
-3452
-2991
-2951
-2899
-2305
-1495
-920
-477
-17
264
294
583
1164
1367
1235
1671
2828
3550
3190
2627
3015
3815
3762
3065
2921
3370
3513
3243
3244
3565
3621
3448
3503
3615
3234
2437
2078
2195
1857
902
211
332
475
-121
-807
-886
-703
-852
-1449
-1838
-1895
-2162
-2544
-2836
-2959
-3306
-3797
-3892
-3457
-3079
-3253
-3709
-3531
-2644
-2248
-2868
-3548
-3334
-2528
-2164
-2404
-2244
-1407
-553
-105
399
963
1200
1278
1861
2500
2428
2225
2769
3821
3858
2912
2383
3063
3611
2952
2099
2261
2784
2606
2177
2205
2402
2169
1888
1936
1982
1423
760
825
1193
819
-145
-456
1
-32
-817
-1473
-1409
-1220
-1633
-2181
-2361
-2317
-2485
-2824
-2921
-2888
-3144
-3421
-3131
-2502
-2336
-2899
-3034
-2112
-1289
-1677
-2643
-2546
-1485
-891
-1279
-1420
-592
238
417
604
1162
1373
1190
1503
2416
2760
2393
2513
3482
3920
2962
2100
2526
3250
2783
1793
1935
2703
2765
2340
2428
2939
2914
2439
2353
2451
1929
973
593
796
419
-688
-1246
-925
-823
-1526
-2219
-2066
-1828
-2255
-2968
-3177
-3030
-3257
-3680
-3780
-3614
-3765
-3968
-3611
-2868
-2694
-3237
-3088
-1961
-1204
-1894
-2721
-2196
-970
-643
-1163
-954
217
1098
1186
1516
2242
2510
2368
2843
3747
3884
3401
3511
4347
4302
3189
2733
3462
3899
2985
2089
2389
2830
2263
1523
1630
1864
1277
622
725
824
162
-629
-535
-189
-743
-1719
-1810
-1311
-1452
-2248
-2465
-1943
-1792
-2344
-2703
-2361
-2207
-2611
-2992
-2885
-2798
-3191
-3353
-2878
-2451
-2904
-3210
-2372
-1270
-1505
-2561
-2476
-1272
-622
-1209
-1394
-378
675
826
915
1656
2328
2409
2662
3557
4008
3691
3602
4260
4525
3633
3032
3613
4225
3627
2689
2865
3518
3246
2438
2236
2465
2141
1339
1112
1173
667
-205
-552
-422
-857
-1922
-2374
-2127
-2293
-3151
-3729
-3443
-3228
-3648
-4204
-4146
-3847
-4015
-4420
-4427
-4173
-4155
-4047
-3564
-3124
-3190
-3030
-1971
-774
-837
-1587
-1276
54
803
333
131
1123
2136
2279
2236
2708
3303
3449
3684
4261
4407
3974
3790
4134
3987
2975
2436
2963
3317
2713
2065
2409
3031
2804
2242
2206
2363
1921
1314
1206
1177
569
-141
-162
-90
-705
-1614
-1788
-1545
-1879
-2724
-3114
-2945
-3177
-3938
-4470
-4386
-4420
-4857
-5107
-4958
-4765
-4758
-4460
-3892
-3747
-3980
-3572
-2374
-1748
-2395
-2874
-1920
-654
-436
-846
-452
846
1599
1667
1886
2572
3116
3394
4100
4800
4817
4520
4854
5359
4926
4062
4036
4740
4768
3947
3532
4013
4228
3634
3119
3135
2906
2057
1464
1349
903
-115
-873
-905
-1153
-2141
-2984
-2943
-2741
-3243
-3921
-3894
-3557
-3737
-4277
-4458
-4194
-4198
-4548
-4581
-4233
-3992
-3911
-3555
-3116
-3060
-3037
-2386
-1482
-1459
-2167
-2253
-1345
-641
-947
-1236
-476
616
1042
1105
1557
2321
2808
3323
3968
4190
3965
3920
4339
4424
3791
3421
3839
4296
3979
3422
3527
3880
3733
3179
2916
2692
2180
1658
1442
1185
472
-114
-222
-267
-866
-1633
-1832
-1650
-1875
-2495
-2807
-2783
-2907
-3360
-3700
-3806
-4041
-4397
-4630
-4631
-4654
-4633
-4425
-4129
-4082
-4129
-3571
-2657
-2268
-2710
-2834
-2001
-1116
-867
-905
-256
865
1664
2052
2548
3177
3731
4298
4857
5031
4580
4301
4527
4561
3952
3364
3542
3945
3744
3153
2968
3216
3133
2704
2319
1997
1563
1130
1061
920
406
-103
-230
-211
-707
-1534
-1936
-1924
-2079
-2672
-3162
-3198
-3241
-3482
-3692
-3748
-3836
-4082
-4284
-4341
-4380
-4417
-4257
-3932
-3795
-3820
-3423
-2408
-1739
-1873
-2100
-1657
-797
-435
-559
-362
399
1125
1491
1787
2239
2806
3500
4188
4392
4031
3816
4042
4315
4001
3443
3499
4079
4316
3963
3687
3818
3999
3816
3381
2785
2281
1946
1727
1417
784
159
-155
-273
-748
-1552
-2140
-2287
-2415
-2873
-3394
-3736
-3817
-3828
-3973
-4099
-4198
-4203
-4178
-4129
-4090
-3999
-3765
-3503
-3400
-3421
-3152
-2527
-1897
-1749
-1905
-1755
-1185
-629
-444
-350
69
754
1286
1557
1953
2625
3392
3864
3961
3933
3824
3857
3976
3897
3646
3598
3886
4124
3978
3639
3543
3616
3465
2832
2150
1795
1491
1140
770
492
207
-44
-263
-565
-1009
-1484
-1701
-1845
-2163
-2708
-3108
-3180
-3181
-3375
-3651
-3706
-3631
-3680
-3853
-3901
-3826
-3714
-3689
-3723
-3723
-3564
-3104
-2439
-2050
-1984
-1882
-1400
-723
-327
-176
101
717
1279
1649
1961
2558
3188
3671
3986
4022
3944
3897
4057
4116
3945
3756
3842
4006
3954
3638
3376
3361
3219
2812
2277
1827
1453
1137
836
463
32
-382
-617
-917
-1341
-1743
-2013
-2095
-2340
-2717
-3040
-3216
-3319
-3474
-3685
-3857
-3968
-4058
-4088
-4060
-3913
-3681
-3431
-3240
-3134
-2939
-2473
-1943
-1575
-1516
-1490
-1244
-783
-392
-150
178
708
1344
1882
2390
2840
3228
3609
3865
3902
3663
3493
3598
3755
3744
3690
3812
4061
4164
3969
3786
3593
3309
2904
2406
1919
1417
1052
826
582
202
-201
-413
-582
-933
-1411
-1727
-1955
-2258
-2620
-2960
-3108
-3222
-3379
-3519
-3627
-3767
-3871
-3937
-3871
-3770
-3666
-3500
-3394
-3242
-2998
-2557
-2012
-1629
-1457
-1353
-1113
-747
-439
-229
33
489
1061
1617
2028
2394
2865
3290
3543
3536
3438
3433
3520
3604
3565
3483
3515
3597
3597
3423
3132
2877
2740
2488
2061
1601
1285
1127
930
636
307
15
-188
-395
-654
-927
-1246
-1474
-1654
-1940
-2237
-2508
-2588
-2673
-2852
-3076
-3265
-3325
-3356
-3350
-3303
-3196
-3154
-3105
-2952
-2778
-2537
-2235
-1875
-1574
-1403
-1207
-829
-415
-67
235
658
1256
1672
1965
2312
2660
2927
3057
3181
3247
3254
3295
3390
3484
3407
3263
3235
3229
2971
2569
2347
2161
1862
1441
1113
873
630
327
33
-185
-446
-722
-953
-1100
-1374
-1684
-1814
-1906
-2073
-2342
-2490
-2518
-2555
-2700
-2809
-2790
-2742
-2707
-2654
-2474
-2349
-2279
-2151
-1994
-1809
-1662
-1442
-1157
-849
-607
-401
-108
200
460
679
996
1273
1504
1760
2005
2244
2441
2568
2689
2810
2850
2846
2851
2869
2799
2660
2590
2442
2245
2055
1874
1753
1599
1372
1133
915
659
383
121
-106
-328
-587
-787
-1004
-1279
-1532
-1771
-1957
-2147
-2343
-2558
-2679
-2743
-2829
-2882
-2870
-2841
-2815
-2716
-2606
-2508
-2388
-2301
-2135
-1948
-1758
-1520
-1216
-888
-608
-331
-19
325
588
858
1102
1368
1681
1969
2234
2441
2624
2799
2985
3071
3032
2965
2929
2902
2765
2608
2448
2297
2142
1927
1744
1539
1300
1035
743
421
115
-157
-353
-502
-680
-783
-909
-1065
-1203
-1426
-1591
-1709
-1832
-1969
-2056
-2091
-2146
-2206
-2186
-2105
-2067
-2036
-2023
-1957
-1849
-1805
-1781
-1713
-1570
-1411
-1210
-1010
-839
-683
-486
-229
-16
197
382
661
983
1227
1458
1684
1936
2119
2219
2272
2335
2358
2343
2290
2203
2125
1992
1864
1768
1589
1394
1235
1122
977
772
584
483
390
248
95
-24
-101
-278
-500
-668
-869
-1090
-1286
-1389
-1486
-1594
-1660
-1630
-1588
-1595
-1641
-1661
-1613
-1653
-1699
-1674
-1607
-1502
-1390
-1223
-991
-761
-564
-355
-146
2
102
211
398
539
678
891
1124
1375
1555
1716
1843
1910
1884
1811
1746
1667
1547
1380
1288
1160
1019
920
837
804
742
676
568
450
298
154
44
-40
-141
-219
-253
-336
-425
-531
-683
-790
-898
-1053
-1196
-1291
-1354
-1404
-1404
-1388
-1374
-1370
-1336
-1323
-1321
-1279
-1280
-1197
-1077
-964
-869
-712
-502
-323
-129
59
262
445
658
819
973
1119
1216
1356
1449
1518
1553
1584
1597
1578
1535
1484
1431
1335
1238
1088
952
830
648
515
411
303
181
81
-9
-115
-216
-267
-304
-373
-434
-546
-629
-706
-832
-948
-1032
-1106
-1170
-1173
-1148
-1119
-1116
-1059
-997
-979
-954
-947
-932
-896
-889
-843
-766
-668
-573
-491
-380
-280
-179
-72
19
97
243
371
496
620
701
815
922
1019
1078
1155
1201
1216
1229
1246
1266
1256
1286
1261
1196
1137
1031
958
866
761
630
497
368
224
66
-65
-155
-250
-336
-474
-588
-662
-778
-873
-1000
-1139
-1244
-1317
-1345
-1360
-1375
-1382
-1307
-1253
-1217
-1227
-1205
-1119
-1078
-1028
-973
-855
-742
-607
-442
-271
-114
15
183
330
461
546
636
802
910
982
1054
1164
1254
1283
1258
1247
1210
1122
1035
966
943
855
763
739
713
672
601
573
526
448
304
196
112
23
-87
-173
-142
-200
-279
-323
-341
-359
-442
-530
-609
-671
-773
-854
-893
-889
-916
-972
-939
-944
-990
-1029
-1061
-1054
-1090
-1152
-1156
-1097
-1025
-969
-893
-758
-593
-487
-331
-182
-75
44
147
315
441
523
628
756
899
975
1002
1046
1086
1090
1104
1100
1079
1069
1022
1022
1016
970
908
894
856
766
645
535
472
344
250
129
22
-43
-159
-229
-301
-361
-460
-548
-612
-713
-817
-910
-929
-956
-996
-1076
-1107
-1062
-1071
-1054
-1048
-1044
-1052
-1054
-1001
-923
-887
-841
-729
-602
-462
-405
-290
-129
-29
56
124
215
274
318
364
439
475
470
480
512
545
527
503
548
576
615
652
696
737
767
794
822
849
834
822
810
823
771
691
672
608
556
454
358
260
160
16
-121
-250
-367
-469
-599
-657
-754
-845
-883
-900
-921
-942
-966
-978
-979
-1008
-1013
-969
-899
-811
-746
-628
-518
-437
-343
-277
-202
-161
-133
-93
-50
-18
13
72
195
310
364
450
524
594
653
668
713
736
743
725
741
765
750
763
776
803
764
735
683
598
538
427
338
244
159
56
-27
-96
-162
-196
-214
-228
-289
-277
-307
-339
-372
-459
-463
-472
-452
-474
-500
-542
-561
-537
-555
-586
-635
-596
-601
-638
-643
-663
-645
-648
-624
-600
-574
-535
-485
-437
-373
-287
-199
-32
86
155
252
353
508
634
694
738
809
890
928
939
922
902
877
885
837
759
719
646
626
589
520
452
402
342
262
158
60
-8
-82
-131
-217
-273
-281
-351
-393
-452
-511
-565
-599
-644
-742
-823
-857
-859
-890
-879
-893
-875
-784
-726
-664
-607
-522
-435
-337
-271
-228
-180
-121
-40
-19
47
106
162
240
290
353
391
419
405
421
411
385
345
334
322
304
346
358
390
429
444
468
492
493
472
464
471
453
395
336
314
281
289
240
173
157
101
77
11
-54
-135
-191
-246
-324
-430
-528
-560
-584
-587
-646
-691
-674
-659
-642
-643
-641
-618
-573
-545
-509
-473
-431
-356
-306
-224
-185
-150
-58
23
104
138
209
278
372
436
475
498
526
590
602
663
646
631
684
707
680
627
610
581
552
482
411
351
309
270
210
180
87
12
-6
-54
-138
-213
-237
-247
-276
-308
-314
-309
-304
-320
-365
-364
-396
-426
-414
-469
-505
-522
-500
-496
-512
-506
-463
-408
-405
-398
-400
-341
-319
-301
-226
-185
-112
-50
47
118
188
277
375
435
466
499
543
636
645
630
662
687
720
710
691
672
678
660
638
599
574
555
537
566
520
452
412
344
297
223
134
60
11
-46
-112
-175
-242
-282
-364
-417
-498
-586
-635
-677
-705
-751
-776
-801
-788
-776
-775
-770
-745
-699
-667
-597
-560
-507
-402
-311
-207
-155
-88
-40
-13
16
34
63
78
104
123
190
207
217
294
336
390
416
457
497
535
544
564
600
616
646
678
747
770
772
816
808
800
767
736
665
579
471
381
301
198
108
-7
-66
-169
-243
-274
-344
-426
-492
-546
-589
-649
-715
-759
-768
-761
-773
-806
-771
-753
-751
-698
-700
-657
-628
-588
-559
-534
-508
-453
-391
-350
-299
-251
-163
-97
-43
21
52
143
255
323
360
406
466
523
564
592
607
623
688
660
642
649
620
620
611
606
569
542
540
516
471
421
396
365
335
251
194
185
124
86
52
38
21
-30
-82
-111
-167
-240
-292
-340
-382
-458
-509
-520
-562
-571
-569
-565
-571
-565
-551
-516
-482
-469
-437
-399
-327
-320
-299
-214
-170
-118
-100
-28
37
85
133
171
195
213
241
277
362
368
378
449
471
495
500
550
562
559
548
543
542
511
482
432
418
363
292
260
228
193
150
130
88
57
2
-50
-87
-121
-144
-166
-160
-216
-271
-264
-274
-284
-307
-312
-322
-352
-370
-395
-406
-412
-436
-461
-433
-446
-472
-420
-405
-372
-342
-313
-268
-229
-203
-152
-123
-92
-43
-16
61
92
122
196
219
259
290
324
349
371
366
350
341
318
302
280
301
260
223
250
247
237
242
261
267
267
252
231
196
158
137
93
81
21
-53
-72
-112
-154
-196
-219
-235
-252
-272
-284
-285
-274
-263
-266
-235
-240
-246
-207
-186
-172
-173
-139
-117
-114
-109
-98
-87
-71
-69
-82
-63
-67
-91
-70
-88
-94
-107
-92
-80
-54
-29
11
58
59
79
89
161
166
132
159
175
219
222
243
262
272
286
280
283
253
247
234
251
210
153
151
121
135
123
105
101
132
159
134
123
135
154
139
152
91
35
40
10
2
-22
-38
-74
-90
-112
-154
-227
-264
-253
-284
-296
-345
-353
-299
-295
-254
-228
-183
-147
-114
-71
-29
6
37
68
79
98
72
76
109
76
41
20
52
65
40
10
20
31
12
0
-34
-13
-20
-19
20
3
15
35
93
118
139
160
182
213
228
220
189
220
189
155
146
105
121
126
125
114
112
105
111
88
53
29
-12
8
-36
-78
-65
-85
-66
-81
-114
-141
-169
-190
-231
-262
-293
-310
-328
-307
-342
-371
-343
-347
-346
-350
-334
-311
-272
-247
-225
-193
-124
-63
-13
59
88
135
220
241
261
264
275
294
295
302
293
289
303
308
265
252
207
174
180
130
94
75
67
51
28
14
7
1
4
-5
-33
-18
-43
-75
-85
-153
-157
-157
-174
-197
-234
-232
-219
-221
-237
-258
-282
-246
-277
-326
-319
-328
-323
-335
-332
-344
-338
-312
-277
-248
-232
-202
-140
-66
-68
-91
-40
2
45
24
23
51
80
109
125
150
166
218
258
315
299
288
349
374
384
358
359
390
411
388
355
332
344
346
316
324
265
207
192
132
78
15
-22
-48
-85
-139
-191
-210
-227
-239
-290
-310
-349
-376
-385
-432
-450
-468
-455
-463
-490
-486
-473
-441
-419
-389
-366
-300
-301
-294
-222
-187
-127
-117
-60
-24
13
61
105
142
173
219
253
329
337
340
400
431
457
437
459
454
455
447
436
427
386
378
342
346
284
227
217
184
155
101
83
60
34
2
-22
-53
-81
-96
-123
-123
-182
-232
-213
-245
-259
-290
-305
-309
-318
-335
-356
-349
-351
-353
-358
-324
-344
-365
-313
-322
-304
-302
-280
-251
-224
-204
-171
-128
-87
-39
-21
38
37
31
81
92
115
120
143
177
207
216
218
246
274
282
266
288
282
268
297
279
274
268
279
278
237
205
165
126
85
27
-46
-62
-119
-180
-208
-264
-292
-328
-328
-353
-383
-405
-421
-428
-460
-476
-500
-458
-451
-446
-406
-379
-327
-298
-250
-251
-230
-203
-174
-137
-124
-104
-84
-1
16
10
55
65
112
126
140
150
180
205
219
221
225
241
238
271
249
223
225
215
208
177
166
142
123
88
49
30
-2
-21
-53
-47
-104
-140
-142
-196
-207
-218
-217
-217
-216
-217
-206
-200
-207
-212
-227
-212
-233
-276
-276
-292
-267
-262
-246
-253
-242
-230
-225
-218
-238
-222
-234
-186
-214
-241
-196
-187
-145
-141
-108
-87
-37
9
24
30
55
88
95
147
128
125
167
172
183
172
176
191
203
202
188
167
161
168
136
125
83
42
54
34
5
-25
-43
-73
-78
-89
-123
-133
-149
-165
-195
-203
-235
-267
-255
-280
-292
-309
-276
-283
-283
-287
-278
-255
-273
-262
-264
-217
-247
-260
-224
-231
-218
-234
-215
-191
-177
-154
-124
-99
-84
-63
-66
-7
-31
-56
-34
-40
-32
-38
-9
-22
-15
-11
4
14
18
23
21
47
24
5
26
19
19
15
10
18
20
28
40
41
44
53
63
89
78
62
92
89
103
98
114
123
115
106
107
110
85
61
28
51
-4
-47
-42
-75
-96
-147
-161
-182
-200
-212
-219
-228
-244
-244
-254
-219
-249
-272
-240
-261
-265
-270
-236
-230
-210
-186
-177
-156
-141
-116
-104
-73
-89
-110
-61
-45
-42
-37
-11
21
44
74
104
126
140
174
197
224
221
221
250
247
270
273
297
289
283
280
278
275
278
285
271
308
275
247
260
233
231
226
211
175
167
153
138
106
85
85
41
71
49
-1
-11
-66
-100
-135
-167
-221
-261
-287
-320
-350
-370
-372
-385
-366
-398
-425
-402
-406
-391
-398
-377
-354
-310
-274
-233
-174
-141
-108
-80
2
21
33
84
105
148
168
207
244
303
343
367
400
428
451
445
467
464
443
444
433
438
424
396
370
377
353
318
281
260
239
182
170
119
62
50
-4
-32
-59
-89
-149
-173
-213
-250
-283
-304
-315
-340
-312
-332
-358
-356
-375
-377
-373
-360
-380
-383
-378
-358
-350
-355
-308
-289
-236
-229
-232
-207
-184
-144
-127
-82
-46
-10
19
71
118
145
202
222
304
312
326
393
426
475
494
499
497
529
530
515
497
497
505
478
491
451
397
407
362
318
266
213
173
128
62
-6
-46
-96
-138
-196
-218
-275
-321
-355
-414
-435
-460
-483
-505
-515
-520
-511
-505
-487
-474
-479
-417
-396
-376
-328
-311
-257
-225
-174
-133
-95
-61
-11
41
74
124
165
231
246
272
321
328
368
382
414
417
425
420
424
426
408
411
405
435
427
402
407
385
364
343
322
284
256
243
207
174
142
111
54
64
17
-42
-61
-104
-133
-186
-219
-260
-302
-333
-347
-372
-379
-366
-385
-370
-391
-414
-388
-405
-411
-397
-363
-358
-348
-315
-291
-247
-213
-189
-157
-83
-56
-27
54
95
140
183
243
289
338
405
448
510
550
577
596
652
650
631
642
617
611
602
568
524
494
432
386
322
252
202
141
121
54
-3
-28
-93
-112
-173
-203
-231
-268
-310
-327
-345
-369
-382
-395
-361
-388
-403
-394
-405
-400
-405
-400
-383
-353
-343
-326
-277
-260
-241
-215
-177
-173
-170
-111
-86
-51
-17
24
59
78
99
118
162
203
220
232
294
301
299
350
358
373
379
407
424
415
416
419
419
415
392
360
378
338
286
296
260
227
177
139
82
42
-16
-66
-97
-155
-203
-263
-275
-337
-394
-413
-472
-480
-498
-525
-545
-535
-543
-534
-497
-477
-438
-416
-335
-322
-305
-244
-229
-169
-136
-82
-54
6
59
88
134
174
210
217
281
290
282
330
334
345
351
349
350
354
368
369
356
343
342
314
329
296
254
249
209
207
191
174
162
155
137
119
105
85
70
50
52
8
-24
-23
-72
-98
-131
-144
-175
-195
-223
-248
-236
-249
-250
-269
-231
-238
-270
-245
-265
-239
-238
-220
-208
-180
-150
-138
-116
-87
-59
-35
35
58
71
113
144
192
213
220
227
260
267
267
275
281
280
275
318
298
290
284
260
252
223
192
168
157
128
105
80
59
49
17
21
-6
-51
-43
-52
-55
-84
-88
-116
-131
-138
-135
-130
-128
-122
-144
-118
-117
-138
-121
-108
-92
-106
-83
-67
-49
-36
-18
-10
-15
1
4
39
29
18
34
29
40
39
41
31
33
29
17
21
35
66
59
97
109
93
98
98
121
112
113
102
103
109
109
98
90
96
66
75
61
34
26
-3
6
-11
-5
-17
-25
-36
-46
-40
-49
-53
-73
-66
-91
-106
-70
-74
-63
-57
-59
-46
-34
-24
-12
-12
-11
10
-1
34
17
-6
9
-14
-1
-4
11
-1
2
33
46
43
43
82
74
112
96
78
103
75
85
89
67
60
31
22
39
35
28
10
10
31
-8
-31
9
11
23
31
34
37
53
57
60
78
84
77
72
119
99
78
107
102
123
102
106
113
116
124
120
117
119
118
97
123
82
60
58
26
11
-19
-15
-37
-41
-45
-58
-60
-61
-53
-66
-29
-50
