17
29
26
62
48
20
17
0
5
-17
-18
-25
-3
0
12
15
12
33
29
49
14
-7
1
-20
-11
-26
-10
-5
-3
18
30
36
40
42
27
51
28
1
16
6
29
32
46
47
53
64
65
56
42
39
13
29
-6
-47
-36
-51
-37
-49
-49
-44
-39
-30
-21
-8
9
7
7
50
40
19
23
9
-2
-27
-46
-72
-91
-111
-112
-104
-82
-65
-52
11
15
30
53
30
33
17
-10
-30
-44
-80
-101
-118
-114
-109
-105
-43
-35
-33
11
14
35
48
34
30
34
18
18
-6
-28
-39
-56
-45
-68
-77
-54
-69
-54
-19
2
36
59
76
99
95
104
81
49
70
13
-36
-36
-49
-50
-69
-66
-67
-43
-22
-7
7
22
43
38
66
43
19
28
19
2
-8
-8
-13
-10
-9
18
29
37
59
51
70
27
1
19
-4
4
-11
-7
-29
-25
-6
-11
-27
-30
-24
-42
11
10
-5
18
19
36
35
68
81
91
90
107
112
101
77
51
73
43
12
20
-9
2
-4
10
6
-1
-3
2
11
17
53
44
80
61
47
61
40
26
-12
-40
-57
-56
-53
-36
-9
11
57
89
131
122
101
104
50
23
-20
-65
-100
-119
-127
-111
-77
-47
-3
29
85
69
49
62
33
16
-27
-35
-33
-27
-29
-9
21
28
33
17
42
-14
-81
-90
-130
-136
-95
-40
-15
40
89
93
85
80
49
-16
-47
-110
-144
-127
-132
-87
-52
1
56
94
107
131
124
92
75
31
28
5
-9
7
22
54
56
72
55
30
-8
-44
-74
-94
-87
-83
-12
34
81
158
195
224
220
197
138
68
3
-49
-93
-102
-67
-39
21
37
80
106
91
99
67
61
28
33
45
67
97
132
196
210
239
218
152
126
57
-24
-100
-137
-165
-146
-117
-56
24
81
142
158
191
145
84
52
-26
-52
-70
-77
-63
-10
37
69
103
135
155
128
129
65
14
6
-17
2
1
31
65
79
76
82
90
52
-2
-31
-28
-70
-95
-50
-33
22
90
144
172
228
236
195
158
126
52
-30
-19
-45
-64
-19
34
90
117
161
166
139
111
100
54
6
-16
-50
-20
-10
13
82
129
158
150
175
170
127
106
69
47
51
60
51
100
90
36
36
41
33
-34
-59
-87
-92
-87
-61
-23
12
83
141
191
193
183
154
66
39
-13
-70
-110
-101
-75
-30
33
100
177
199
246
237
180
128
67
2
-74
-100
-107
-79
-48
-1
60
107
146
144
155
103
52
40
41
90
90
102
138
203
214
217
200
116
36
-39
-67
-120
-139
-97
-94
-19
79
126
156
191
159
103
42
-29
-113
-166
-132
-139
-87
9
57
114
139
154
123
101
46
-58
-122
-151
-146
-131
-70
-25
4
76
135
162
126
113
45
-48
-105
-116
-130
-136
-105
-94
-18
26
27
75
43
25
-4
15
27
14
-9
-33
-61
-79
-53
-62
-27
-32
-48
-23
7
57
67
27
-30
-6
29
14
-37
-105
-107
-107
-65
-34
-30
-26
-33
7
25
60
101
91
25
-2
-3
-25
-25
-52
-1
-32
-77
-11
4
13
12
37
32
45
87
131
143
133
148
89
100
60
-47
-129
-213
-195
-170
-129
-73
-44
24
96
110
133
123
75
95
33
-32
-11
-4
-29
-77
-51
4
54
59
49
39
2
-40
-45
-11
-48
-10
26
10
67
100
137
114
69
49
-28
-111
-134
-138
-167
-120
-133
-150
-28
78
140
204
277
250
193
115
56
8
-70
-160
-211
-198
-172
-155
-122
-107
-74
-41
2
39
77
64
27
0
-24
24
21
22
-35
-55
6
-14
13
97
97
96
139
108
112
106
46
-23
-33
-27
-81
-90
-63
-44
-29
-66
-39
-46
-75
-62
-108
-176
-143
-54
-61
-4
53
56
71
110
155
159
128
59
19
24
-12
-82
-132
-128
-137
-158
-154
-140
-149
-161
-166
-188
-153
-117
-148
-111
13
90
208
298
274
293
302
219
107
43
-11
-135
-185
-148
-54
15
-21
-9
31
49
18
16
-72
-197
-211
-207
-173
-95
16
61
106
140
185
218
190
106
10
-42
-84
-50
70
115
143
241
263
219
216
110
-61
-197
-301
-387
-433
-348
-289
-240
-101
86
293
349
318
301
191
118
83
-88
-149
-41
-12
104
287
383
444
418
338
258
148
-65
-273
-429
-496
-457
-373
-275
-176
-40
-56
-42
32
-6
13
-48
-95
-1
107
173
237
350
326
297
315
252
135
-7
-152
-213
-183
-199
-198
-173
-79
-17
18
30
97
80
-62
-104
-125
-60
57
113
215
335
410
424
453
395
233
94
-55
-175
-249
-191
-172
-213
-180
-102
-8
0
51
24
-68
-84
-68
-79
-8
58
84
197
300
288
297
288
168
96
-21
-201
-238
-246
-296
-240
-100
57
174
223
195
138
109
-5
-71
-135
-230
-222
-175
-128
-71
46
96
141
191
215
134
57
32
-44
-44
-80
-89
-122
-96
-37
-48
-62
-35
-43
-103
-95
-119
-117
-56
3
106
162
199
166
180
194
144
111
27
-34
-45
11
32
64
105
96
76
42
21
-15
-50
-114
-163
-196
-219
-165
-60
57
88
200
298
268
222
229
171
39
18
13
42
89
140
190
168
199
139
7
-41
-148
-205
-271
-290
-248
-230
-120
14
55
72
95
178
191
28
-85
-109
-105
-115
-89
23
61
131
253
269
207
163
90
-148
-298
-340
-379
-393
-395
-239
-103
-59
6
96
80
-13
-47
-82
-167
-192
-62
-56
-82
49
238
272
244
314
272
139
62
-64
-156
-178
-233
-254
-173
-102
-89
-5
-45
-27
28
8
-94
-154
-107
-140
-204
-115
9
-10
41
90
179
111
76
169
-3
-124
-93
-75
-161
-180
-85
-88
15
185
261
236
153
139
44
-17
24
32
-87
-172
-100
-4
59
123
86
61
91
25
-25
-52
-126
-148
-187
-205
-171
-1
126
148
188
263
371
367
299
216
74
-28
-60
-116
-169
-93
-70
-102
-74
-3
27
-15
-82
-103
-80
-175
-138
48
47
60
85
80
184
218
174
113
40
-16
-82
-76
2
9
-14
-22
-67
-73
-56
-26
-228
-292
-126
-127
-142
-86
-27
-54
-6
18
-32
16
54
-32
-125
-122
-21
-20
-108
52
151
67
118
159
233
60
-113
-145
-290
-370
-291
-136
-121
-78
118
249
259
377
270
5
-90
-86
-170
-169
-121
-133
-131
-164
-6
153
62
-6
16
-26
-92
-90
-19
-93
-136
-73
-1
166
182
159
172
36
-51
21
-79
-255
-234
-235
-184
-97
-134
-31
109
126
58
133
146
-1
-57
-227
-331
-296
-408
-481
-363
-359
-258
-87
-105
-40
97
55
78
212
117
48
66
-2
48
-24
-57
16
-99
-203
-202
-192
-299
-254
-235
-397
-339
-230
-323
-201
-41
2
98
4
37
174
55
-34
-11
-102
-188
-112
-152
-245
-138
-99
-101
-12
115
131
114
109
100
92
-33
-27
-44
-154
-176
-77
-76
-38
47
-30
-41
11
-2
-45
-115
-280
-330
-213
-239
-226
-85
-1
56
145
116
94
2
-206
-223
-277
-419
-334
-261
-179
57
136
137
109
103
41
-114
-270
-349
-468
-610
-453
-278
-220
-51
63
4
96
179
78
-114
-306
-426
-597
-618
-539
-436
-270
-243
-39
79
100
210
31
-203
-295
-371
-484
-501
-429
-385
-324
-182
-34
156
232
50
-17
-93
-186
-195
-247
-324
-337
-288
-252
-74
-30
-29
-5
-135
-197
-121
-179
-265
-164
-195
-236
-109
0
85
71
62
86
-53
-234
-274
-187
-277
-350
-327
-390
-276
13
63
120
340
279
171
206
151
30
-223
-435
-419
-370
-332
-236
-211
-106
110
117
188
380
257
30
63
90
-72
-65
-26
-150
-191
-104
-62
-17
-32
-40
-54
-221
-21
136
-107
-145
6
53
1
175
239
37
-45
-169
-206
-96
-241
-347
-254
-199
-51
-22
-42
150
124
13
-45
3
-136
-278
-255
-382
-242
-194
-163
14
29
45
89
117
127
-5
-215
-220
-202
-245
-356
-223
-224
-219
129
64
17
128
2
-57
-113
-185
-275
-375
-329
-260
-321
-244
-84
-22
55
69
79
43
64
75
-98
-130
-67
-111
-115
-58
-51
-47
-152
-44
41
-40
-14
36
-28
0
105
36
-86
-80
-96
-193
-230
-122
-53
-187
-205
-120
-74
-118
-152
-88
-78
26
106
53
165
207
207
193
121
198
132
-141
-253
-207
-210
-330
-278
-144
-149
-70
-28
22
54
-36
-35
-57
-160
-176
-133
-162
-253
-113
-42
-13
50
61
108
165
170
148
78
-78
-88
-116
-293
-319
-247
-292
-248
-177
-41
86
-12
35
216
235
248
249
204
59
48
149
98
102
89
18
9
-25
-13
71
10
-129
-112
-164
-199
-143
-250
-251
-248
-314
-205
-101
-24
71
128
196
220
273
296
113
94
67
-39
24
61
110
80
6
16
112
68
-35
16
-35
-136
-202
-105
-78
-247
-236
-167
-87
-35
-81
34
103
-1
123
205
120
205
219
289
240
150
215
174
86
1
-25
-56
-114
-211
-278
-277
-317
-271
-310
-223
-141
-111
66
52
111
286
288
233
207
212
255
187
129
128
71
71
111
153
39
-50
-9
-92
-59
-65
-48
-63
-264
-167
-54
-154
-171
-82
-26
-192
-188
57
51
15
143
232
321
284
444
517
378
502
482
395
309
224
149
-75
-165
-138
-250
-382
-421
-379
-361
-302
-232
-176
-97
67
138
125
153
248
279
333
356
353
518
482
491
514
442
421
254
147
31
-98
-107
-190
-191
-204
-198
-47
-98
-129
-55
-110
-138
-191
-180
-57
-12
94
209
171
248
412
488
443
456
495
482
339
298
336
216
22
-116
-181
-248
-223
-225
-276
-262
-166
-88
-42
66
108
150
167
185
366
379
282
281
240
292
283
45
-10
36
-7
-92
-129
-29
29
84
188
182
154
135
57
-83
-154
-128
-209
-300
-247
-75
39
175
385
407
433
569
577
444
292
241
124
-35
-16
45
85
148
267
356
372
389
430
275
-32
-139
-234
-324
-420
-457
-279
-114
19
199
333
518
553
469
467
354
268
156
24
19
29
87
35
88
227
247
330
268
265
278
212
142
-32
-76
-99
-134
-104
-131
-32
62
17
168
260
196
174
118
207
137
21
54
36
37
-19
57
86
21
-45
-91
-30
21
-71
-83
4
-18
-58
4
100
66
56
94
28
88
112
107
144
143
267
280
282
249
224
263
98
-5
-42
-199
-213
-268
-370
-318
-345
-317
-248
-175
84
85
95
165
208
337
239
277
202
64
150
135
97
69
99
102
22
25
56
46
-9
-140
-107
-166
-190
-162
-394
-403
-311
-383
-423
-291
-112
-149
-226
-139
-48
52
33
84
-8
-33
161
198
167
111
165
173
74
279
240
43
-4
-121
-160
-269
-317
-235
-469
-480
-303
-281
-129
29
138
117
153
339
293
173
177
154
55
-93
-110
-93
-107
-8
82
86
197
333
340
288
231
146
44
-13
-37
-92
-187
-187
-140
-140
-41
70
161
157
226
387
379
428
439
402
455
455
466
412
316
415
387
197
123
93
65
-83
-214
-159
-206
-234
-219
-222
-171
-133
-99
-44
-50
-64
-13
-135
-267
-272
-279
-263
-312
-340
-274
-189
-130
-176
-193
-162
-237
-225
-163
-227
-183
-221
-268
-233
-318
-307
-270
-405
-461
-315
-300
-396
-428
-423
-351
-368
-481
-451
-447
-475
-526
-500
-440
-480
-465
-405
-427
-278
-226
-274
-257
-384
-377
-315
-400
-362
-251
-211
-142
47
275
499
622
723
917
1036
1100
1099
1084
966
836
870
790
702
750
717
816
846
843
1022
1011
865
850
764
660
541
423
348
205
218
233
357
439
397
587
670
586
671
743
687
588
454
445
466
327
265
239
121
-19
-90
-192
-366
-611
-811
-930
-1125
-1266
-1277
-1323
-1377
-1447
-1386
-1269
-1315
-1332
-1249
-1124
-1133
-1193
-1066
-956
-1144
-1068
-824
-677
-601
-731
-690
-728
-850
-889
-1179
-1524
-1915
-2331
-2628
-2998
-3423
-3276
-2831
-2210
-1686
-1267
-145
1075
1718
2312
2653
2953
3231
2940
2741
2533
2111
1986
1672
1416
1582
1594
1781
1670
1703
2152
2257
2249
1876
1471
1427
1114
764
373
21
69
-104
-96
260
444
800
1028
1228
1557
1722
2001
1992
1803
1709
1648
1654
1386
1097
988
705
431
189
-113
-444
-844
-1188
-1485
-1744
-1832
-1939
-2012
-1954
-1793
-1488
-1256
-1039
-898
-713
-668
-751
-925
-1126
-1204
-1493
-1797
-1877
-1960
-1958
-1923
-1911
-1763
-1811
-1847
-1720
-1887
-2057
-2241
-2566
-2783
-3168
-3376
-3650
-3893
-3336
-2429
-1506
-782
-36
1436
2791
3608
4301
4514
4680
4644
4107
3803
3171
2513
2015
1325
1069
944
896
935
656
526
482
466
433
-24
-283
-322
-382
-190
20
411
799
1141
1744
2179
2610
2930
3011
2953
2680
2657
2574
2220
1882
1500
1407
1308
1082
972
681
332
-2
-460
-839
-1335
-1811
-2224
-2653
-2762
-2764
-2664
-2430
-2180
-1727
-1203
-705
-238
117
309
343
315
129
-86
-442
-1047
-1625
-2124
-2473
-2631
-2970
-3262
-3350
-3440
-3191
-3075
-3197
-3110
-3195
-3174
-3117
-3311
-3383
-3594
-3864
-3567
-2555
-1203
-115
361
1271
2899
4379
5180
5493
5501
5486
5219
4613
4150
3394
2395
1640
800
404
253
78
0
-584
-933
-694
-620
-758
-1249
-1715
-1570
-1469
-1102
-408
126
846
1565
2496
3676
4367
4858
5092
4847
4676
4453
4027
3428
2445
1662
1293
949
741
437
89
-217
-574
-790
-1088
-1591
-2150
-2673
-3089
-3364
-3416
-3254
-2996
-2778
-2338
-1595
-739
40
553
823
1064
1188
1120
880
275
-493
-1178
-1827
-2429
-3008
-3470
-3737
-3906
-4146
-4262
-4178
-4154
-4154
-4258
-4403
-4454
-4584
-4709
-4626
-4458
-3760
-2387
-955
400
1424
2660
4567
6043
6803
7028
6862
6770
6305
5463
4596
3390
2262
1315
358
-172
-575
-853
-1079
-1524
-1753
-1663
-1557
-1751
-2284
-2656
-2669
-2429
-2158
-1695
-886
158
1499
2805
4068
5376
6424
7104
7267
6976
6698
6146
5198
3950
2606
1744
989
271
-336
-929
-1160
-1327
-1625
-1908
-2242
-2591
-2970
-3459
-3813
-3900
-3767
-3506
-3241
-2754
-1965
-978
-115
517
1041
1483
1842
1862
1518
1028
346
-418
-1247
-2004
-2626
-3216
-3780
-4387
-4777
-4904
-4892
-5003
-5262
-5452
-5371
-5190
-5038
-5000
-4913
-4130
-2773
-1155
27
787
2111
4077
5857
6809
7011
7091
7421
7375
6735
5758
4641
3651
2537
1336
414
-243
-760
-1335
-2061
-2506
-2533
-2454
-2574
-2971
-3245
-3079
-2715
-2270
-1641
-684
448
1510
2627
3994
5405
6370
6969
7094
7031
7021
6683
5972
4806
3528
2640
1913
1061
181
-622
-1187
-1702
-2234
-2587
-2983
-3373
-3814
-4272
-4446
-4409
-4154
-3843
-3591
-3127
-2299
-1337
-414
247
708
1300
1785
1927
1820
1366
812
160
-740
-1613
-2330
-3100
-3900
-4649
-5138
-5279
-5407
-5521
-5734
-5914
-5708
-5331
-5034
-4772
-3937
-2377
-777
55
720
2273
4317
5798
6212
6193
6599
7185
7227
6642
5616
4688
4065
3147
2049
995
145
-487
-1342
-2246
-2796
-3020
-3182
-3498
-3950
-4163
-3850
-3156
-2460
-1979
-1118
386
1964
3288
4395
5570
6754
7501
7714
7675
7426
7052
6348
5122
3915
2942
2189
1300
114
-763
-1215
-1608
-2147
-2796
-3338
-3664
-3875
-4158
-4536
-4667
-4327
-3910
-3592
-3170
-2402
-1379
-539
40
627
1229
1650
1823
1620
1126
599
-15
-715
-1600
-2534
-3209
-3823
-4414
-5005
-5486
-5770
-5800
-5741
-5742
-5675
-5485
-4876
-3582
-2049
-801
-32
692
2342
4370
5540
5813
5628
6054
6763
6727
6198
5307
4561
4107
3222
2250
1488
768
120
-947
-1989
-2448
-2711
-2929
-3520
-4289
-4567
-4334
-3618
-3039
-2675
-1972
-615
1232
2813
4085
5349
6499
7518
8062
8168
8188
7705
6831
5667
4332
3488
2574
1377
163
-959
-1364
-1552
-2070
-2680
-3261
-3534
-3629
-3923
-4235
-4496
-4479
-4219
-4081
-3699
-3006
-2108
-1207
-645
49
984
1816
2205
2128
1854
1518
1097
329
-763
-1900
-2907
-3681
-4355
-5155
-5738
-6166
-6345
-6174
-6185
-6098
-5819
-5220
-3697
-2075
-934
-375
296
2327
4626
5568
5416
5206
6152
7308
7116
6209
5348
5001
4867
3897
2720
1927
1424
769
-575
-1792
-2270
-2473
-2966
-3978
-4930
-5186
-4791
-4137
-3842
-3825
-3252
-1661
453
2154
3375
4690
6278
7738
8506
9088
9322
8912
8177
6956
5822
5041
3866
2327
658
-676
-1032
-1266
-2088
-3059
-3736
-3809
-3814
-4079
-4477
-4839
-4794
-4587
-4324
-3990
-3437
-2581
-1861
-1411
-631
507
1417
1798
1758
1635
1643
1538
951
-211
-1470
-2409
-3030
-3862
-5031
-5809
-6154
-6324
-6389
-6242
-5976
-5557
-4589
-3068
-1466
-433
43
1089
2985
4538
5133
4901
4887
5844
6511
6193
5384
4751
4758
4571
3552
2556
2059
1634
783
-562
-1582
-2032
-2415
-3158
-4244
-4961
-5042
-4720
-4337
-4281
-3974
-3085
-1831
-495
879
2591
4312
5648
6740
7729
8876
9711
9492
8753
7772
6991
6451
5041
3215
1618
370
-359
-1259
-2314
-2958
-3454
-3775
-3958
-4189
-4220
-4093
-3996
-4101
-4035
-3430
-2699
-2134
-1852
-1521
-673
212
853
1231
1307
1411
1555
1472
951
137
-647
-1518
-2675
-3743
-4635
-5435
-6158
-6810
-7139
-7233
-7170
-6757
-5919
-4719
-3193
-1484
-361
610
2291
4309
5759
6016
5679
6204
7050
7093
6558
5483
4736
4643
4085
3156
2223
1485
965
23
-1134
-1802
-2330
-3018
-3920
-4853
-5380
-5470
-5100
-4751
-4782
-4509
-3347
-1567
15
1260
2685
4423
6182
7496
8499
9302
9643
9529
9001
8113
7293
6301
4834
3200
1507
422
-273
-1358
-2538
-3414
-3834
-3976
-4163
-4481
-4730
-4660
-4392
-4110
-3837
-3425
-2740
-2013
-1582
-1049
-220
589
1170
1435
1600
1688
1790
1723
1078
136
-867
-1698
-2573
-3736
-4708
-5604
-6498
-6977
-7154
-7127
-6995
-6987
-6224
-4662
-3022
-1493
-708
375
2442
4420
5581
5707
5744
6672
7325
7050
6421
5664
5379
5048
4035
3012
2301
1870
1198
-52
-1205
-1786
-2163
-2864
-3904
-4816
-5340
-5314
-5079
-5023
-5026
-4678
-3575
-1896
-516
610
1993
3743
5629
6909
7681
8565
9329
9367
8870
8339
7744
6875
5568
4035
2623
1479
516
-538
-1870
-2955
-3337
-3583
-4064
-4566
-4738
-4628
-4419
-4142
-3906
-3513
-2844
-2116
-1542
-1078
-424
526
1033
1058
1285
1453
1475
1347
646
-203
-939
-1750
-2549
-3717
-4884
-5483
-6185
-6932
-7444
-7752
-7503
-7185
-6871
-5793
-4300
-2486
-836
65
1447
3644
5517
6505
6499
6538
7415
7863
7405
6491
5526
5079
4608
3584
2506
1751
1063
269
-750
-1793
-2376
-2846
-3628
-4515
-5334
-5781
-5509
-5177
-5161
-5094
-4572
-3059
-1265
27
1371
3070
5020
6748
7875
8959
9923
10104
9807
9212
8456
7638
6333
4663
2866
1339
377
-541
-1825
-3019
-3719
-3985
-4109
-4368
-4664
-4759
-4631
-4267
-3901
-3609
-3096
-2340
-1785
-1304
-593
238
990
1253
1353
1500
1670
1708
1375
491
-611
-1403
-2170
-3200
-4305
-5413
-6398
-7022
-7698
-7965
-7742
-7720
-7302
-6265
-4860
-2749
-1042
-77
1435
3416
5371
6578
6566
6695
7489
7753
7334
6498
5694
5332
4713
3591
2618
2014
1414
603
-573
-1640
-2144
-2631
-3458
-4421
-5294
-5724
-5633
-5445
-5364
-5275
-4684
-3354
-1899
-616
772
2476
4367
5851
7009
8242
9250
9703
9624
9151
8597
7958
6878
5449
3802
2349
1269
157
-1184
-2362
-3158
-3702
-4073
-4435
-4712
-4707
-4557
-4291
-3955
-3619
-2985
-2200
-1679
-1187
-549
245
955
1175
1264
1429
1495
1573
1215
384
-401
-1172
-2100
-3193
-4607
-5694
-6483
-7393
-8138
-8571
-8588
-8293
-7871
-7056
-5463
-3436
-1525
-141
1109
3028
5366
6845
7051
6961
7395
8066
8035
7053
6052
5432
4872
4159
3056
2138
1516
669
-453
-1582
-2350
-2827
-3666
-4848
-5733
-6284
-6300
-5977
-5830
-5767
-5295
-3984
-2204
-724
434
2086
4253
6057
7369
8386
9474
10344
10301
9773
9245
8479
7512
6116
4256
2717
1440
287
-964
-2465
-3490
-3937
-4308
-4773
-5132
-5165
-4951
-4604
-4244
-3891
-3309
-2490
-1735
-1222
-702
62
785
1112
1290
1413
1503
1455
1083
561
-221
-1072
-2004
-3187
-4364
-5324
-6274
-7239
-8072
-8431
-8378
-8248
-7804
-6632
-4849
-2944
-1450
-121
1649
4039
5964
6512
6565
7003
7836
8093
7256
6234
5611
5147
4547
3547
2563
2022
1346
422
-662
-1451
-1909
-2671
-3801
-4937
-5620
-5817
-5859
-5905
-6052
-5856
-4839
-3382
-1977
-884
380
2381
4322
5687
6695
7745
8914
9304
9110
9001
8654
8051
7084
5818
4570
3371
2359
1135
-451
-1629
-2327
-2986
-3769
-4517
-4754
-4770
-4719
-4344
-4033
-3659
-2926
-2054
-1380
-862
-152
550
937
1066
1169
1318
1205
884
464
-181
-925
-1644
-2522
-3573
-4540
-5364
-6197
-7103
-7986
-8375
-8161
-8163
-7915
-6793
-5230
-3244
-1598
-349
1662
3940
5829
6970
7082
7533
8505
8583
7871
6833
5991
5494
4605
3425
2379
1564
832
-12
-1026
-2022
-2542
-3025
-4027
-4994
-5690
-6003
-5886
-5979
-6091
-5826
-5047
-3530
-2066
-973
616
2676
4711
6191
7245
8638
9845
10009
9638
9343
8915
8098
6790
5223
3710
2535
1536
319
-1150
-2306
-2752
-3232
-4012
-4535
-4703
-4778
-4748
-4562
-4239
-3744
-3063
-2232
-1660
-1048
-115
723
1049
1053
1229
1468
1257
717
68
-689
-1382
-2306
-3510
-4595
-5640
-6443
-7205
-8154
-8598
-8511
-8100
-7370
-6335
-4662
-2784
-1267
422
2497
4454
5823
6511
7055
7625
7934
7752
7103
6382
5667
4996
4182
3182
2473
1707
694
-159
-947
-1698
-2507
-3563
-4407
-5142
-5845
-6044
-6152
-6276
-6084
-5488
-4363
-3064
-1809
-392
1439
3410
5015
6279
7416
8529
9416
9527
9257
8985
8357
7528
6447
5065
3907
2736
1481
299
-956
-1857
-2478
-3288
-4078
-4452
-4572
-4585
-4472
-4299
-3903
-3213
-2418
-1687
-1028
-414
285
847
1036
1079
1050
873
411
-212
-796
-1541
-2417
-3498
-4506
-5469
-6364
-7156
-7927
-8517
-8657
-8396
-7610
-6354
-4882
-3054
-1450
77
2336
4586
6065
6719
7003
7782
8498
8190
7381
6543
5777
5200
4319
3147
2290
1582
647
-366
-1258
-1939
-2462
-3511
-4748
-5408
-5869
-6114
-6179
-6392
-6341
-5663
-4446
-2979
-1707
-517
1229
3301
5103
6458
7581
8568
9362
9764
9609
9325
8737
7687
6522
5219
3974
2811
1464
-20
-1253
-2120
-2783
-3461
-4172
-4687
-4821
-4635
-4421
-4098
-3694
-3207
-2384
-1517
-837
-167
389
734
975
1040
957
752
135
-665
-1427
-2283
-3186
-4156
-5316
-6344
-7137
-7874
-8198
-8292
-8207
-7391
-6052
-4482
-2737
-1171
509
2666
4612
5870
6541
6944
7683
8137
7612
6855
6296
5712
5004
3996
2959
2386
1657
588
-383
-1285
-1937
-2626
-3798
-4944
-5609
-6057
-6321
-6478
-6643
-6306
-5392
-4148
-2768
-1489
-134
1653
3808
5516
6717
7662
8524
9378
9553
9077
8761
8153
6975
5912
4698
3516
2447
1029
-233
-1292
-2200
-2717
-3346
-4220
-4664
-4539
-4365
-4187
-3849
-3382
-2698
-1874
-1057
-283
299
734
1156
1232
1172
996
549
-216
-1075
-1860
-2804
-3903
-5191
-6352
-7205
-8147
-8852
-9037
-8991
-8445
-7229
-5540
-3715
-2156
-313
2001
4160
5712
6522
7173
7855
8278
8203
7398
6716
6282
5517
4568
3595
2952
2352
1207
58
-710
-1487
-2435
-3666
-4869
-5827
-6507
-6860
-7202
-7335
-7137
-6395
-5022
-3637
-2160
-412
1489
3437
5221
6804
8174
9206
9790
10043
10073
9768
9020
8020
6633
5369
4232
2704
1277
-152
-1528
-2435
-3360
-4235
-4751
-5188
-5422
-5213
-4862
-4442
-3697
-2974
-2251
-1258
-419
263
860
1052
1138
1216
906
439
-231
-1101
-2153
-3305
-4406
-5593
-6657
-7793
-8751
-8866
-8748
-8100
-6422
-5043
-3658
-1761
199
2848
4847
5350
6071
6937
7566
7872
7203
6223
5788
5365
4566
3909
3379
2762
2242
1305
376
157
-627
-2017
-3310
-4790
-5567
-6039
-6940
-7511
-7857
-7586
-6341
-4911
-3590
-2064
-120
2102
4219
5988
7448
8810
9800
10124
10189
10133
9800
8866
7446
6243
5057
3900
2512
705
-664
-1711
-2750
-3573
-4506
-5267
-5488
-5696
-5690
-5174
-4677
-4110
-3310
-2536
-1555
-436
186
532
854
883
942
701
-184
-951
-1818
-2965
-3911
-5053
-6254
-7045
-7914
-8255
-7798
-7073
-5648
-4206
-2956
-1194
888
3198
4923
5414
5840
6684
7295
7290
6501
5615
5148
4764
4036
3277
2885
2327
1718
978
140
-63
-751
-2144
-3402
-4642
-5310
-5663
-6555
-7215
-7344
-6921
-5603
-4224
-2959
-1387
616
2817
4797
6555
7968
9119
9796
9898
10025
9973
9263
8073
6710
5557
4503
3261
1747
157
-1093
-2032
-2927
-3788
-4599
-5104
-5321
-5438
-5199
-4618
-4091
-3694
-3091
-2274
-1382
-550
-303
-268
-103
-75
-88
-559
-1593
-2457
-3320
-4308
-5248
-6392
-7240
-7697
-7770
-7086
-5859
-4273
-2742
-1180
835
2975
4989
6255
6688
7110
7487
7522
7066
6142
5280
4453
3648
3073
2519
2083
1442
725
255
-255
-734
-1596
-2868
-4055
-5071
-5752
-6328
-6967
-7290
-7128
-6307
-4962
-3416
-1632
165
2279
4614
6639
8322
9489
10355
10829
10734
10384
9646
8582
7090
5436
4171
2799
1341
-6
-1431
-2518
-3189
-3868
-4512
-5071
-5447
-5381
-5086
-4769
-4274
-3602
-3094
-2351
-1462
-883
-437
-288
-411
-581
-930
-1630
-2562
-3812
-5080
-5978
-6993
-8017
-8532
-8468
-7605
-6120
-4419
-2626
-672
1555
3937
5941
7062
7543
8026
8294
7992
7266
6214
5370
4584
3630
2949
2531
2321
1855
1048
540
212
-264
-1385
-2998
-4261
-5246
-6226
-7191
-7981
-8188
-7879
-7065
-5651
-3937
-1900
287
2604
5104
7273
9082
10333
11023
11453
11451
10897
9980
8619
7001
5570
4060
2419
932
-538
-1918
-3005
-3903
-4665
-5198
-5765
-6144
-6033
-5634
-5040
-4413
-3834
-3050
-1929
-943
-323
-2
-14
-8
-240
-938
-1923
-3180
-4386
-5550
-6748
-7651
-8425
-8602
-7904
-6915
-5263
-3404
-1718
397
2522
4645
6228
6739
7092
7480
7584
7046
6199
5523
4849
4352
3721
3241
3372
3130
2537
2000
1384
1051
124
-1613
-3198
-4537
-5568
-6725
-7856
-8329
-8291
-7628
-6543
-4948
-2918
-834
1692
4220
6337
8271
9793
10969
11601
11306
10904
10315
9057
7481
5905
4409
2843
1320
-117
-1448
-2534
-3489
-4265
-5051
-5627
-5805
-6004
-6055
-5720
-5140
-4534
-3923
-3088
-2170
-1460
-1003
-804
-842
-1113
-1529
-2346
-3457
-4548
-5713
-6373
-7068
-7547
-6743
-5692
-4410
-2655
-1001
1083
3099
4823
6164
6556
6568
6687
6589
5678
4341
3578
2862
2284
1926
1513
1776
2080
2011
2054
1910
1950
1544
201
-1153
-2324
-3255
-4464
-5865
-6628
-6731
-6342
-5630
-4471
-2786
-806
1637
3939
5716
7522
9029
10170
10430
9919
9784
9113
7533
6088
4851
3465
2107
799
-469
-1309
-2032
-2948
-3615
-4332
-4739
-4822
-5315
-5587
-5158
-4841
-4527
-4114
-3503
-2807
-2276
-2128
-2216
-2310
-2770
-3410
-4218
-5328
-6315
-6868
-7299
-7185
-6609
-5143
-3383
-1523
322
2472
4504
6512
7588
7697
7548
7545
7131
5937
4304
3000
2264
1355
458
61
186
306
304
83
392
672
329
-689
-1624
-2435
-3004
-3917
-4964
-5522
-5385
-4868
-3954
-2559
-841
1158
3240
5296
7202
8736
9794
10264
10016
9583
8960
7739
6050
4502
3155
2002
810
-296
-1103
-1711
-2218
-2728
-3230
-3600
-3912
-4360
-4783
-4826
-4665
-4472
-4411
-4168
-3705
-3135
-2978
-3074
-3202
-3349
-3696
-4424
-5295
-6078
-6666
-7094
-7041
-6552
-5365
-3764
-2008
-220
1967
4051
5988
7283
7774
7878
7885
7492
6464
4954
3462
2433
1419
410
-380
-668
-686
-691
-735
-496
-139
-162
-717
-1338
-1731
-2046
-2682
-3552
-4101
-3923
-3430
-2796
-1879
-324
1839
3704
5262
6826
8362
9490
9611
8883
8287
7526
6020
4193
2466
989
-81
-1093
-2058
-2497
-2469
-2464
-2585
-2642
-2363
-2062
-2236
-2588
-2528
-2291
-2315
-2452
-2639
-2583
-2553
-2951
-3473
-3925
-4583
-5389
-6370
-7297
-7813
-8215
-8340
-7837
-6694
-5026
-3091
-1263
857
3182
5390
7012
7868
8169
8492
8484
7570
6236
4890
3770
2669
1371
258
-348
-662
-1053
-1481
-1642
-1471
-1470
-2039
-2697
-2929
-2981
-3294
-3778
-4040
-3500
-2515
-1590
-336
1377
3512
5569
7200
8680
10038
10842
10707
9905
8852
7639
5872
3525
1309
-346
-1791
-3116
-4301
-4972
-5043
-5035
-5127
-5063
-4691
-4246
-4075
-3965
-3649
-3113
-2626
-2478
-2295
-1928
-1558
-1519
-1880
-2439
-2840
-3430
-4313
-5277
-5964
-5887
-5615
-5183
-4246
-2789
-1013
439
1880
3511
4886
5592
5612
5624
5602
5039
4027
2908
2120
1594
967
309
-14
98
287
196
140
272
259
-157
-858
-1393
-1860
-2402
-3119
-3630
-3655
-3090
-2204
-1031
715
2648
4812
6648
8304
9744
10587
10663
10046
9301
8120
6382
4607
2595
966
-302
-1487
-2447
-3256
-3598
-3806
-4197
-4421
-4680
-4918
-5297
-5725
-5988
-5994
-6015
-6215
-6274
-5962
-5637
-5428
-5454
-5629
-5481
-5320
-5168
-5035
-4217
-3166
-1804
-262
1488
3271
4765
6121
7256
7972
8066
7573
6876
5966
4700
3147
1654
445
-596
-1518
-2215
-2541
-2425
-2276
-2184
-1958
-1523
-1168
-1186
-1335
-1417
-1404
-1589
-1840
-1982
-1711
-1142
-238
1060
2553
4142
5713
7135
8467
9297
9535
9259
8606
7788
6469
4938
3282
1784
719
-358
-1194
-1791
-2152
-2390
-2654
-2730
-2950
-3248
-3651
-4093
-4457
-4746
-4991
-5473
-5855
-6123
-6273
-6506
-6906
-7485
-7847
-8084
-8210
-8087
-7505
-6520
-5175
-3316
-1149
975
2908
4855
6718
8103
8761
8855
8770
8313
7284
5860
4567
3439
2232
987
-29
-617
-937
-1225
-1648
-1794
-1718
-1738
-2142
-2487
-2672
-2734
-3067
-3329
-3324
-2840
-2046
-1242
190
1852
3716
5314
6689
8050
9016
9492
9213
8652
8003
6909
5504
3907
2594
1616
564
-324
-1052
-1399
-1657
-2179
-2483
-2835
-3160
-3614
-4108
-4528
-4794
-4927
-5260
-5509
-5614
-5708
-5859
-6329
-6812
-7295
-7532
-7614
-7767
-7241
-6503
-5006
-3095
-1313
518
2178
4326
6025
6806
7158
7277
7352
6760
5485
4274
3395
2674
1678
679
284
257
204
-55
-228
-82
123
-282
-1022
-1513
-1785
-2236
-3123
-3652
-3517
-3072
-2494
-1662
-221
1720
3418
4856
6202
7689
8610
8675
8375
7913
7414
6343
4855
3532
2663
2002
994
58
-327
-538
-1009
-1684
-2329
-2765
-3311
-4139
-5056
-5544
-5839
-6331
-6800
-6979
-6923
-6867
-7036
-7369
-7422
-7076
-6477
-6192
-5663
-4792
-3185
-1236
112
1129
2475
4536
5901
5997
5835
5949
6208
5805
4490
3375
2781
2340
1463
498
427
530
437
-29
-139
376
857
372
-466
-563
-283
-560
-1597
-2289
-2086
-1579
-1251
-1088
-434
1142
2246
2992
3667
4697
5425
5251
5120
4988
5053
4547
3354
2804
2980
2892
2096
1435
1540
1539
1236
563
-258
-754
-1279
-2201
-3379
-4141
-4921
-5742
-6622
-7374
-7938
-8543
-8977
-9501
-9447
-9019
-8734
-7937
-6791
-4928
-2920
-951
1053
2747
4776
6359
7130
7436
7678
7794
7180
6032
4907
4080
3265
2248
1278
586
327
-50
-394
-653
-796
-683
-957
-1276
-1568
-1499
-1409
-1740
-1770
-1210
-395
535
1224
2293
3648
4726
5421
5620
5965
6083
5770
4980
3971
3279
2536
1543
666
196
-33
-550
-931
-997
-968
-1132
-1626
-2006
-2179
-2343
-2901
-3410
-3865
-4136
-4433
-5014
-5611
-6111
-6206
-6532
-7206
-7374
-7215
-6680
-6182
-5405
-3853
-2097
-366
800
2165
3627
4619
5183
5451
5468
5198
4828
4289
3721
3326
3049
2700
2312
1995
1962
1913
1671
1112
806
633
139
-626
-1262
-1542
-1821
-1906
-1821
-1440
-611
417
1337
2305
3378
4250
4842
5263
5443
5335
5033
4497
3973
3599
3043
2291
1900
1673
1191
593
240
-214
-964
-1585
-2275
-3085
-3843
-4556
-5173
-5555
-6039
-6453
-6746
-6904
-7060
-7280
-7342
-7561
-7517
-7117
-6476
-5799
-4584
-2983
-1307
192
1623
3088
4262
5231
5697
5878
5759
5413
4919
4445
3861
3330
2859
2443
2005
1672
1597
1377
1014
629
472
174
-297
-889
-1188
-1299
-1367
-1508
-1291
-528
244
1084
1789
2872
3837
4426
4840
5154
5429
5220
4706
4322
3978
3507
2908
2368
1999
1619
1197
688
132
-483
-1113
-1850
-2684
-3606
-4323
-4910
-5593
-6109
-6532
-6823
-7018
-7313
-7424
-7536
-7475
-7511
-7245
-6576
-5681
-4333
-3075
-1620
-261
1294
2672
3631
4442
4850
5002
4834
4585
4208
3767
3275
2843
2616
2460
2171
1918
1837
1815
1558
1136
756
435
49
-451
-831
-1057
-1040
-1129
-895
-282
362
802
1309
2203
2999
3536
3837
4171
4421
4430
4198
4055
3867
3393
2913
2691
2477
1876
1271
981
549
-120
-907
-1636
-2293
-3036
-3794
-4375
-4828
-5353
-5818
-6073
-6243
-6597
-6946
-7028
-7048
-6840
-6459
-5823
-4790
-3706
-2565
-1542
-267
1004
1935
2599
3028
3440
3619
3548
3411
3446
3437
3334
3226
3256
3239
3070
2909
2784
2527
1938
1365
928
431
-221
-806
-1032
-1085
-1308
-1164
-750
-91
311
470
1019
1693
2213
2294
2546
2945
3132
3171
3296
3494
3620
3428
3218
3225
3046
2394
1597
1158
455
-593
-1625
-2427
-3058
-3771
-4370
-4796
-5065
-5527
-5826
-6044
-6149
-6338
-6613
-6502
-6266
-5756
-5048
-4102
-3126
-2263
-1134
113
996
1689
2209
2661
3007
3069
2997
2897
2897
2981
2961
2947
2893
2822
2972
2980
2759
2433
2162
1842
1347
803
431
24
-329
-510
-613
-347
-191
-154
-147
201
681
874
1037
1271
1621
1880
2017
2264
2679
2870
2812
2795
3023
2918
2421
2067
1935
1646
915
221
-191
-635
-1358
-2028
-2550
-3030
-3726
-4522
-4933
-5376
-5961
-6532
-6673
-6524
-6458
-6109
-5593
-4932
-4252
-3424
-2502
-1692
-1181
-716
46
710
1090
1253
1756
2376
2900
3277
3705
4155
4481
4742
4869
4879
4536
4107
3687
3207
2512
1659
1032
596
301
-46
-118
155
301
249
214
540
585
432
384
341
232
28
-59
258
582
533
597
1082
1603
1531
1486
1797
1931
1682
1338
1064
759
274
-243
-645
-986
-1467
-2155
-2612
-2888
-3355
-3952
-4319
-4459
-4570
-4500
-4505
-4519
-4353
-3965
-3604
-3451
-3307
-3165
-2895
-2562
-2314
-2087
-1593
-1013
-363
365
1183
1914
2511
3216
3791
4116
4111
4093
4098
4003
3714
3315
3041
2818
2543
2306
2177
2139
1965
1691
1519
1491
1327
1091
1014
1021
940
812
931
1202
1371
1320
1311
1517
1629
1372
1097
1036
861
428
-43
-301
-526
-929
-1283
-1521
-1668
-1920
-2323
-2616
-2834
-3166
-3560
-3795
-3850
-3824
-3779
-3722
-3614
-3328
-2842
-2389
-2437
-2669
-2833
-2771
-2631
-2678
-2712
-2432
-1905
-1430
-1035
-525
132
655
1225
1762
2212
2467
2592
2960
3333
3469
3370
3351
3551
3690
3563
3425
3422
3444
3380
3148
2909
2561
2124
1778
1546
1261
841
600
707
894
928
863
913
1161
1309
1183
984
892
745
523
287
20
-290
-564
-755
-954
-1261
-1661
-2046
-2409
-2768
-3192
-3655
-3952
-4053
-3951
-3817
-3883
-4086
-4084
-3774
-3499
-3649
-3992
-4050
-3838
-3599
-3607
-3530
-3064
-2475
-1872
-1266
-513
208
797
1455
2173
2644
2717
2771
3066
3434
3408
3194
3239
3567
3895
3980
4066
4279
4488
4550
4441
4271
3976
3545
3185
2975
2569
2000
1603
1435
1357
1079
707
447
394
240
-90
-379
-577
-754
-925
-1018
-1231
-1503
-1671
-1763
-1932
-2191
-2505
-2789
-3048
-3297
-3538
-3793
-3836
-3795
-3685
-3620
-3648
-3566
-3282
-3124
-3220
-3327
-3236
-3070
-3047
-2969
-2693
-2264
-1900
-1467
-882
-224
252
597
1145
1641
1936
2017
2215
2509
2698
2748
2855
3107
3351
3513
3637
3852
3947
3988
4096
4174
4037
3670
3520
3495
3368
3040
2770
2724
2707
2505
2205
2023
1786
1434
1045
707
261
-271
-659
-908
-1193
-1616
-1944
-2108
-2222
-2445
-2750
-2932
-3097
-3397
-3698
-3907
-3993
-4037
-3995
-3860
-3798
-3858
-3786
-3438
-3117
-3254
-3607
-3531
-3223
-3103
-3237
-3141
-2530
-1917
-1568
-1151
-418
287
657
1015
1591
1966
1904
1846
2172
2532
2494
2353
2664
3282
3566
3527
3713
4160
4404
4351
4370
4356
4058
3697
3556
3504
3208
2690
2528
2649
2564
2100
1713
1641
1448
969
419
23
-418
-860
-1228
-1577
-1893
-2300
-2538
-2590
-2710
-2984
-3225
-3276
-3283
-3428
-3582
-3548
-3373
-3195
-3183
-3203
-3225
-3202
-3018
-2872
-3008
-3335
-3406
-3148
-2939
-3039
-3042
-2598
-1987
-1567
-1274
-748
-34
464
865
1348
1769
1902
1901
2141
2475
2482
2274
2409
2849
3125
2977
2956
3301
3550
3625
3614
3560
3345
3212
3202
3227
3074
2805
2788
3006
3079
2769
2509
2490
2354
1998
1553
1055
633
280
-111
-569
-1097
-1609
-1973
-2297
-2667
-3237
-3734
-4050
-4394
-4674
-4909
-4940
-4816
-4614
-4443
-4267
-4092
-3734
-3252
-2893
-2830
-2925
-2727
-2322
-2114
-2131
-2000
-1479
-941
-695
-441
57
592
884
1113
1453
1692
1652
1606
1933
2298
2372
2328
2594
3010
3296
3416
3619
3916
4049
4064
3928
3830
3588
3325
3246
3139
2881
2584
2491
2502
2416
2120
1860
1663
1440
1047
574
209
-181
-532
-867
-1232
-1628
-1967
-2128
-2256
-2489
-2798
-3065
-3236
-3370
-3488
-3548
-3540
-3544
-3673
-3706
-3742
-3694
-3569
-3435
-3452
-3569
-3483
-3171
-2855
-2781
-2541
-2043
-1425
-1101
-842
-303
308
746
957
1308
1623
1758
1804
2050
2329
2383
2337
2499
2843
2966
2989
3212
3529
3661
3629
3622
3634
3544
3401
3397
3429
3278
3088
3086
3196
3062
2756
2588
2417
2074
1580
1099
716
280
-208
-641
-1017
-1440
-1872
-2193
-2393
-2771
-3245
-3598
-3890
-4151
-4401
-4471
-4439
-4415
-4455
-4381
-4231
-4044
-3800
-3448
-3198
-3220
-3097
-2670
-2229
-2108
-2013
-1526
-883
-585
-467
-88
518
873
967
1212
1550
1668
1620
1831
2187
2277
2106
2170
2492
2710
2659
2689
2982
3167
3110
2986
3075
3115
2996
3021
3155
3170
3023
3022
3227
3285
3011
2745
2631
2466
1997
1414
1064
705
245
-196
-603
-962
-1343
-1615
-1845
-2120
-2546
-2960
-3186
-3418
-3681
-3869
-3916
-3972
-4118
-4176
-4157
-4059
-3943
-3757
-3603
-3649
-3562
-3233
-2843
-2666
-2453
-1937
-1266
-860
-589
-75
552
1012
1204
1503
1803
1969
1985
2154
2437
2489
2353
2346
2629
2809
2744
2784
2968
3031
2908
2774
2752
2636
2467
2469
2525
2406
2243
2257
2478
2484
2263
2172
2170
2085
1768
1498
1331
1107
781
452
139
-253
-681
-997
-1264
-1738
-2272
-2632
-2891
-3114
-3288
-3346
-3384
-3524
-3664
-3702
-3691
-3726
-3750
-3705
-3716
-3828
-3811
-3547
-3319
-3180
-2915
-2382
-1851
-1538
-1165
-525
140
525
852
1283
1716
1911
2055
2453
2842
2955
2900
3114
3469
3612
3576
3705
3811
3666
3464
3341
3237
2901
2609
2535
2433
2124
1822
1841
1880
1677
1371
1257
1151
853
534
319
161
-126
-395
-554
-693
-854
-1008
-1050
-1153
-1435
-1757
-1923
-2056
-2293
-2492
-2631
-2795
-3085
-3289
-3347
-3425
-3451
-3383
-3275
-3255
-3168
-2904
-2583
-2399
-2317
-2019
-1612
-1438
-1460
-1257
-797
-523
-423
-147
263
599
904
1354
1809
1966
2104
2568
2964
3010
2948
3237
3556
3434
3249
3332
3512
3493
3421
3541
3629
3459
3355
3430
3349
2953
2510
2335
2025
1368
783
439
148
-350
-815
-1121
-1350
-1601
-1810
-1863
-1970
-2195
-2396
-2449
-2496
-2685
-2708
-2542
-2496
-2641
-2762
-2724
-2689
-2733
-2688
-2546
-2495
-2526
-2406
-2129
-1868
-1831
-1662
-1269
-1006
-961
-908
-609
-394
-334
-238
29
216
309
511
848
1141
1244
1566
1999
2246
2321
2576
2882
2975
2903
2917
3080
3123
3072
2990
3078
3102
2975
2915
2872
2735
2534
2401
2196
1873
1558
1295
1041
710
374
22
-263
-542
-917
-1218
-1518
-1816
-2124
-2327
-2491
-2678
-2775
-2809
-2776
-2818
-2854
-2930
-2971
-2932
-2883
-2830
-2816
-2758
-2629
-2356
-2163
-2002
-1799
-1487
-1121
-908
-705
-478
-207
71
269
507
697
828
1056
1319
1460
1508
1611
1726
1753
1722
1767
1728
1621
1622
1703
1824
1874
1978
2186
2419
2564
2636
2730
2769
2718
2574
2424
2161
1837
1585
1289
990
667
387
154
-102
-397
-685
-930
-1235
-1594
-1872
-2022
-2210
-2430
-2489
-2470
-2451
-2478
-2493
-2455
-2407
-2404
-2363
-2289
-2223
-2241
-2217
-1994
-1873
-1823
-1701
-1488
-1223
-1052
-912
-704
-465
-268
-91
121
337
532
780
1095
1388
1639
1885
2143
2393
2479
2430
2453
2497
2450
2328
2253
2211
2170
2094
2056
2007
1866
1741
1606
1518
1341
1106
971
883
724
535
408
332
206
35
-52
-191
-361
-561
-763
-864
-1070
-1288
-1486
-1634
-1785
-1979
-2114
-2260
-2409
-2547
-2590
-2655
-2736
-2684
-2534
-2385
-2286
-2110
-1867
-1581
-1390
-1196
-883
-574
-334
-129
218
488
611
798
1060
1255
1315
1405
1631
1713
1586
1632
1847
1938
1742
1608
1814
1943
1857
1810
1842
1936
1905
1903
1937
1853
1730
1702
1768
1630
1328
1157
1151
975
624
344
183
31
-221
-479
-710
-898
-1121
-1294
-1428
-1641
-1828
-1899
-1822
-1907
-2082
-2141
-2161
-2159
-2204
-2208
-2207
-2152
-2025
-1837
-1731
-1657
-1492
-1232
-993
-962
-909
-702
-478
-378
-288
-143
14
155
322
522
708
943
1188
1389
1527
1609
1686
1798
1836
1862
1930
2015
2084
2155
2195
2188
2204
2219
2156
1962
1826
1695
1499
1277
1032
873
676
466
259
50
-152
-378
-580
-751
-931
-1162
-1307
-1426
-1541
-1668
-1739
-1668
-1641
-1671
-1735
-1738
-1750
-1774
-1813
-1842
-1856
-1847
-1698
-1524
-1419
-1308
-1123
-904
-755
-675
-566
-395
-276
-226
-119
20
155
264
450
601
717
898
1018
1103
1145
1198
1213
1195
1214
1266
1348
1443
1528
1617
1714
1754
1771
1781
1684
1585
1480
1369
1181
1004
881
755
611
440
318
151
19
-147
-348
-505
-724
-924
-1092
-1238
-1381
-1480
-1498
-1480
-1512
-1558
-1563
-1581
-1554
-1592
-1639
-1644
-1699
-1645
-1514
-1330
-1207
-1104
-915
-699
-536
-453
-343
-214
-78
-32
46
178
305
443
610
865
1074
1208
1299
1444
1527
1460
1355
1322
1337
1243
1164
1185
1181
1206
1244
1307
1334
1257
1201
1184
1129
940
748
624
521
312
77
-31
-162
-313
-446
-535
-652
-777
-869
-932
-1027
-1162
-1232
-1204
-1140
-1203
-1282
-1277
-1308
-1305
-1344
-1388
-1429
-1468
-1468
-1440
-1316
-1185
-1117
-1034
-857
-714
-615
-478
-362
-202
-78
52
197
356
481
643
922
1195
1385
1407
1506
1621
1604
1524
1446
1483
1475
1441
1419
1414
1398
1380
1390
1351
1185
958
867
783
567
309
140
86
-21
-190
-325
-399
-474
-539
-623
-727
-839
-939
-964
-1034
-1142
-1185
-1177
-1166
-1242
-1347
-1402
-1447
-1480
-1507
-1517
-1495
-1455
-1376
-1164
-924
-756
-640
-507
-312
-212
-174
-117
-23
39
75
143
239
328
364
527
713
822
863
810
906
1019
1020
916
847
856
885
907
935
944
974
1084
1128
1106
1002
947
1010
1006
868
679
620
614
519
360
242
145
12
-96
-273
-476
-621
-764
-841
-965
-1103
-1140
-1083
-1065
-1147
-1220
-1206
-1191
-1262
-1295
-1333
-1352
-1329
-1271
-1112
-931
-812
-680
-489
-318
-202
-93
51
199
322
454
589
722
838
942
1150
1343
1398
1387
1413
1419
1252
1003
876
832
711
598
533
527
563
540
583
598
535
435
389
312
122
-70
-157
-158
-260
-353
-394
-370
-347
-411
-427
-462
-538
-655
-737
-810
-890
-920
-890
-850
-891
-871
-820
-752
-716
-748
-729
-677
-658
-643
-526
-372
-227
-154
-70
34
103
197
249
290
322
339
411
480
534
580
684
823
871
900
981
1111
1151
1147
1055
989
986
943
891
820
776
734
723
656
537
403
313
259
105
-80
-268
-377
-438
-612
-748
-877
-951
-1036
-1151
-1257
-1343
-1376
-1406
-1403
-1410
-1368
-1340
-1283
-1177
-1121
-1062
-962
-852
-804
-741
-688
-623
-549
-448
-289
-162
-43
23
118
264
336
425
530
671
771
856
941
979
1034
1104
1182
1162
1160
1196
1269
1313
1200
1173
1216
1248
1213
1156
1118
1097
1053
980
882
719
596
463
312
117
-132
-267
-350
-481
-686
-852
-917
-989
-1118
-1260
-1343
-1395
-1416
-1444
-1486
-1480
-1484
-1423
-1377
-1355
-1333
-1293
-1216
-1155
-1120
-1081
-958
-848
-630
-448
-237
7
174
364
492
600
666
718
760
779
798
826
829
866
968
1038
1094
1166
1208
1215
1156
1080
1011
961
892
815
773
790
826
829
860
840
797
784
667
571
433
310
188
58
-14
-98
-170
-246
-336
-444
-518
-651
-789
-924
-1085
-1195
-1303
-1377
-1457
-1477
-1469
-1440
-1408
-1376
-1302
-1245
-1152
-1111
-1053
-944
-846
-688
-503
-352
-241
-83
82
211
292
380
495
608
762
835
894
1018
1139
1262
1325
1383
1433
1468
1457
1380
1297
1255
1213
1140
1069
960
882
838
714
586
433
294
122
-65
-287
-486
-635
-745
-821
-925
-964
-1007
-1029
-992
-1016
-990
-941
-886
-832
-792
-758
-733
-710
-693
-661
-673
-648
-652
-651
-621
-632
-609
-553
-489
-438
-350
-266
-220
-178
-131
-62
-54
25
90
160
292
389
542
692
845
983
1095
1172
1207
1217
1234
1254
1206
1192
1152
1116
1092
1016
986
939
888
788
693
557
418
284
133
-1
-167
-239
-354
-473
-568
-691
-770
-882
-983
-1095
-1188
-1281
-1353
-1377
-1376
-1376
-1338
-1238
-1166
-1110
-1023
-958
-855
-758
-706
-638
-565
-464
-349
-209
-85
33
125
267
378
435
516
578
675
757
827
884
950
1033
1090
1108
1108
1095
1059
1048
992
908
840
784
754
682
608
539
489
424
352
246
142
52
-45
-109
-215
-280
-298
-356
-404
-454
-482
-521
-583
-658
-732
-778
-836
-858
-884
-873
-897
-918
-873
-875
-863
-849
-822
-816
-788
-749
-698
-624
-541
-435
-338
-200
-111
-10
159
256
359
455
579
696
779
837
910
961
1003
1031
1015
1042
1014
979
976
930
894
859
841
798
727
651
565
467
354
215
62
-35
-177
-319
-404
-488
-527
-561
-614
-679
-724
-766
-822
-881
-945
-975
-1025
-994
-1006
-1019
-976
-939
-858
-830
-772
-722
-654
-598
-526
-448
-350
-224
-144
0
109
206
325
380
458
517
560
591
632
687
731
791
846
916
938
974
982
941
926
852
785
710
631
542
497
461
416
349
294
261
188
132
12
-107
-192
-331
-433
-522
-578
-633
-683
-724
-765
-799
-828
-864
-924
-938
-998
-1038
-1022
-1039
-1026
-982
-916
-877
-857
-798
-736
-676
-614
-529
-444
-320
-230
-120
22
132
269
376
492
606
701
801
904
993
1071
1122
1162
1210
1213
1195
1196
1156
1122
1073
1023
965
914
856
811
753
682
618
525
454
328
186
68
-96
-221
-352
-464
-551
-605
-642
-677
-707
-742
-777
-838
-870
-930
-993
-1013
-1055
-1043
-1028
-995
-963
-900
-860
-828
-802
-780
-741
-710
-615
-552
-471
-327
-183
-14
118
263
398
517
612
682
761
815
873
914
997
1032
1045
1088
1101
1123
1092
1065
1012
951
886
822
763
697
662
597
580
515
432
389
320
255
158
71
-22
-95
-204
-284
-347
-413
-490
-558
-591
-685
-774
-839
-956
-1045
-1119
-1179
-1232
-1261
-1277
-1242
-1182
-1125
-1047
-965
-828
-734
-635
-489
-368
-214
-69
70
184
302
404
494
563
604
666
685
759
794
822
891
914
963
985
1004
1000
988
949
923
878
832
794
745
730
664
612
592
515
457
384
307
208
99
-13
-122
-243
-361
-436
-512
-558
-653
-754
-795
-868
-926
-991
-1031
-1043
-1057
-1058
-1028
-984
-948
-873
-805
-715
-691
-672
-596
-560
-510
-468
-404
-322
-228
-147
-44
62
142
246
310
389
421
454
533
575
616
669
759
822
874
918
961
1002
1039
1052
1049
1075
1042
1003
984
914
859
781
709
612
493
362
244
121
-8
-129
-232
-285
-377
-474
-499
-528
-556
-581
-599
-618
-644
-664
-687
-705
-725
-724
-731
-696
-696
-711
-659
-651
-642
-616
-597
-576
-544
-504
-459
-412
-350
-268
-191
-77
-16
55
147
233
309
380
479
556
648
701
775
840
877
918
925
968
946
902
888
850
815
765
724
668
606
533
471
414
348
299
216
184
106
13
-19
-107
-173
-253
-312
-377
-444
-511
-572
-617
-652
-681
-718
-702
-719
-727
-686
-673
-627
-572
-505
-443
-392
-340
-280
-217
-169
-114
-78
-20
13
31
73
91
122
142
177
197
217
221
253
275
298
328
333
393
399
404
431
429
464
485
500
510
534
547
559
570
559
517
472
447
374
292
221
118
40
-56
-145
-224
-291
-348
-395
-433
-476
-488
-515
-504
-531
-565
-543
-567
-541
-546
-549
-556
-553
-516
-494
-491
-483
-441
-405
-349
-335
-302
-218
-166
-104
-14
71
145
232
309
373
425
462
512
547
599
601
581
601
582
589
579
561
530
499
449
389
338
273
224
146
111
65
28
24
-1
16
21
29
23
32
24
5
-16
-58
-111
-173
-194
-272
-344
-364
-432
-473
-508
-538
-579
-602
-635
-676
-704
-712
-703
-703
-634
-614
-584
-512
-474
-402
-336
-283
-225
-149
-79
-15
67
130
197
257
352
377
388
449
455
493
509
495
485
482
473
460
464
451
456
430
452
417
353
344
294
275
218
176
129
98
68
16
-22
-44
-61
-107
-116
-152
-199
-194
-213
-246
-275
-282
-304
-309
-326
-343
-359
-363
-375
-396
-358
-378
-405
-384
-400
-380
-404
-400
-391
-399
-395
-375
-334
-282
-226
-167
-49
3
57
143
189
251
300
332
353
364
365
364
357
355
361
356
401
388
370
397
382
395
367
344
309
295
270
226
198
174
160
126
144
91
36
28
-12
-40
-67
-101
-145
-183
-219
-248
-283
-319
-342
-371
-363
-386
-413
-386
-393
-373
-348
-317
-300
-274
-256
-232
-200
-182
-157
-142
-74
-54
-48
-4
16
43
70
101
103
123
144
155
158
162
179
183
247
251
244
295
308
344
347
360
342
340
338
335
309
269
252
208
203
129
49
29
-31
-75
-145
-197
-233
-275
-306
-332
-357
-371
-351
-351
-329
-336
-322
-260
-246
-218
-202
-168
-137
-125
-121
-113
-106
-123
-113
-124
-97
-117
-152
-134
-137
-127
-115
-74
-67
-48
-37
-15
12
22
34
42
123
123
120
178
201
255
263
300
316
312
316
312
306
294
294
268
293
245
211
233
205
186
150
135
90
60
-2
-30
-61
-92
-111
-155
-147
-170
-226
-239
-268
-299
-332
-330
-362
-402
-403
-398
-383
-374
-367
-363
-299
-285
-290
-252
-234
-190
-166
-139
-125
-97
-62
-37
-4
18
41
69
140
140
134
159
166
183
172
176
169
172
171
163
153
152
160
155
187
158
144
180
158
151
144
155
152
140
118
95
82
69
66
39
45
18
-6
3
-37
-60
-64
-67
-101
-134
-136
-142
-163
-183
-198
-200
-180
-205
-206
-183
-179
-143
-137
-122
-131
-125
-111
-101
-106
-105
-88
-79
-29
-44
-50
-30
-36
-23
-23
-9
-19
-9
12
19
35
46
68
62
96
91
97
135
121
140
142
147
145
160
157
145
144
149
145
125
155
137
115
125
104
99
83
82
54
47
21
-11
-28
-44
-56
-85
-60
-94
-131
-112
-121
-130
-156
-156
-164
-173
-175
-171
-164
-175
-152
-145
-100
-111
-125
-88
-79
-53
-44
-27
7
26
42
57
73
97
120
139
185
186
163
183
179
183
154
150
134
115
99
81
66
44
34
3
21
-3
-33
-3
8
33
39
71
85
96
105
102
114
114
123
109
143
137
116
134
114
113
77
48
30
7
-26
-46
-67
-104
-129
-154
-152
-197
-227
-204
-216
-203
-210
-195
-181
-153
-137
-129
-119
-120
-111
-109
-75
-85
-102
-73
-84
-64
-62
-47
-25
-3
29
62
85
90
119
120
174
167
155
196
193
213
220
261
273
280
265
250
261
238
222
208
231
198
153
170
144
118
100
100
84
63
42
29
11
-19
-20
-40
-31
-49
-68
-37
-45
-33
-39
-53
-69
-94
-118
-137
-148
-159
-159
-163
-139
-141
-149
-141
-174
-168
-184
-178
-186
-199
-193
-187
-161
-152
-124
-115
-73
-51
-65
-30
-25
3
15
37
42
50
50
75
102
107
133
144
204
203
204
248
255
269
266
275
267
268
256
245
239
220
214
196
210
166
119
121
92
89
65
39
7
-41
-71
-104
-147
-191
-220
-241
-224
-259
-286
-260
-274
-259
-277
-261
-252
-245
-233
-231
-207
-195
-170
-166
-109
-104
-102
-62
-56
-36
-19
13
34
51
71
103
136
151
162
183
223
215
198
218
200
195
207
213
204
197
192
181
183
175
168
153
171
153
120
138
117
111
101
94
77
50
45
23
0
-29
-44
-67
-69
-98
-133
-125
-148
-171
-195
-207
-242
-261
-277
-300
-313
-321
-319
-318
-282
-293
-304
-275
-266
-241
-231
-205
-192
-181
-156
-131
-99
-79
-54
-23
60
87
105
161
184
234
246
285
301
314
334
353
381
376
388
384
425
394
356
379
351
334
313
288
257
242
224
199
157
118
94
53
41
-26
-96
-113
-170
-212
-271
-298
-331
-348
-366
-395
-420
-427
-420
-443
-425
-453
-480
-435
-424
-407
-405
-379
-347
-314
-303
-280
-250
-228
-193
-190
-138
-130
-114
-42
-30
-3
32
84
114
141
159
189
228
249
273
287
342
346
338
365
353
355
358
374
367
359
356
366
364
356
350
332
367
323
288
263
207
188
161
123
76
53
14
-21
-72
-133
-169
-214
-238
-311
-397
-411
-452
-468
-504
-512
-526
-534
-518
-533
-532
-538
-515
-519
-466
-463
-470
-422
-397
-340
-289
-216
-165
-107
-70
-22
20
44
91
109
178
213
225
281
312
358
381
416
443
473
502
508
528
546
554
533
540
504
466
461
415
391
339
291
249
210
170
128
89
34
7
-35
-32
-87
-134
-143
-174
-171
-223
-241
-245
-260
-271
-286
-323
-339
-353
-380
-349
-378
-411
-393
-387
-382
-395
-391
-374
-344
-351
-337
-320
-295
-256
-241
-182
-171
-147
-89
-51
-11
10
48
95
166
205
234
273
299
328
355
405
389
369
397
408
428
424
429
430
433
428
421
400
380
370
331
319
274
214
221
175
144
93
56
28
-20
-66
-115
-163
-211
-240
-301
-320
-376
-424
-434
-481
-476
-500
-502
-510
-523
-506
-488
-472
-462
-428
-401
-339
-312
-289
-216
-169
-118
-70
-10
29
71
102
144
183
200
228
252
295
278
271
298
300
319
315
320
310
318
317
317
314
326
334
328
361
330
309
332
308
291
275
275
249
238
221
200
174
137
120
48
53
-3
-76
-106
-157
-194
-235
-263
-310
-324
-353
-368
-380
-405
-406
-424
-398
-430
-451
-418
-428
-407
-413
-397
-374
-340
-318
-304
-265
-218
-162
-125
-47
-28
5
89
129
177
206
274
313
340
382
414
445
456
468
462
500
485
471
485
448
439
424
392
356
333
300
280
239
197
181
136
146
101
37
26
-14
-28
-62
-82
-97
-104
-119
-134
-148
-180
-184
-207
-189
-234
-289
-280
-322
-335
-362
-377
-382
-379
-373
-377
-362
-355
-323
-330
-291
-286
-297
-257
-244
-216
-188
-143
-114
-75
-31
20
58
100
147
176
248
282
309
350
388
430
454
473
489
510
506
521
511
499
504
470
481
441
403
390
326
289
250
219
169
140
94
33
-12
-51
-89
-151
-156
-193
-239
-240
-271
-285
-298
-297
-318
-317
-323
-325
-318
-308
-305
-311
-259
-263
-285
-259
-260
-239
-231
-209
-189
-171
-154
-136
-105
-83
-48
-33
20
34
34
79
106
140
140
186
208
220
255
288
302
330
360
357
402
394
366
389
384
380
358
347
333
320
286
254
235
208
207
176
177
129
84
79
40
23
-6
-28
-59
-94
-129
-145
-173
-194
-224
-269
-253
-307
-358
-360
-381
-368
-376
-363
-370
-365
-344
-330
-323
-313
-293
-276
-230
-218
-206
-164
-139
-91
-72
-42
-17
24
62
82
122
157
188
203
261
273
258
296
296
314
324
334
350
358
365
361
366
376
380
356
377
351
321
311
265
237
204
164
122
95
65
51
18
-10
-34
-71
-64
-101
-148
-156
-192
-200
-229
-239
-255
-266
-272
-281
-286
-294
-270
-277
-231
-240
-239
-204
-203
-189
-181
-160
-143
-119
-113
-87
-72
-52
-29
-35
17
16
16
62
77
102
117
148
175
212
231
246
273
299
314
315
357
344
324
362
353
358
349
352
343
338
321
302
284
251
215
182
193
153
100
86
52
39
0
-17
-40
-62
-78
-110
-126
-145
-167
-198
-178
-198
-242
-236
-246
-247
-259
-245
-250
-242
-235
-214
-210
-206
-183
-163
-103
-103
-100
-56
-54
-23
-3
12
30
57
72
85
111
113
151
168
207
195
182
221
219
233
235
245
237
230
232
231
247
253
251
240
263
239
195
206
170
171
147
129
121
111
85
57
33
13
-18
-64
-56
-85
-114
-120
-162
-159
-179
-186
-202
-207
-216
-226
-235
-245
-239
-259
-231
-251
-260
-237
-246
-224
-211
-204
-195
-183
-174
-148
-135
-120
-85
-91
-31
-25
-9
23
30
62
67
100
127
155
181
191
200
211
222
212
256
239
214
242
218
229
231
224
212
215
199
179
169
145
124
97
104
66
33
51
31
17
3
-4
-28
-38
-62
-79
-107
-138
-157
-189
-173
-191
-223
-200
-215
-201
-202
-198
-192
-195
-179
-184
-166
-177
-170
-156
-118
-120
-139
-106
-106
-90
-78
-62
-48
-37
-46
-32
-20
-9
-1
0
53
56
51
101
113
158
169
191
211
230
250
261
277
287
305
275
317
300
272
279
253
253
225
193
180
151
122
111
76
58
43
7
13
-20
-55
-53
-86
-91
-126
-156
-179
-203
-236
-246
-258
-271
-257
-272
-232
-241
-260
-237
-234
-225
-217
-206
-191
-180
-168
-149
-144
-122
-90
-83
-43
-36
-48
-12
-3
15
16
30
49
59
66
80
92
108
115
117
163
169
151
174
178
190
206
217
224
249
256
262
275
283
280
274
296
268
229
240
209
192
159
129
101
71
44
26
-4
-37
-56
-88
-71
-111
-149
-150
-181
-199
-227
-236
-261
-261
-269
-268
-272
-278
-263
-274
-238
-240
-257
-228
-223
-206
-197
-176
-157
-118
-98
-81
-47
-30
-6
24
74
66
68
102
105
125
126
139
150
154
140
146
146
150
150
140
177
161
137
149
134
134
127
120
110
113
109
103
103
93
87
77
87
43
2
12
-26
-43
-58
-82
-107
-124
-157
-187
-205
-228
-234
-255
-240
-263
-274
-264
-274
-264
-275
-263
-264
-255
-250
-242
-229
-216
-186
-180
-115
-117
-130
-85
-80
-48
-38
-14
7
27
56
77
97
126
154
151
200
205
184
215
215
218
220
226
215
220
208
209
203
189
187
148
165
137
97
103
81
81
48
38
29
16
-14
-33
-53
-84
-95
-123
-115
-155
-175
-161
-198
-202
-221
-222
-246
-249
-262
-274
-280
-277
-266
-279
-240
-258
-263
-223
-214
-197
-194
-165
-146
-121
-102
-69
-41
-26
6
33
106
106
117
161
176
212
209
222
232
239
240
236
228
219
222
207
249
220
186
194
182
170
151
139
93
84
66
39
28
-3
-16
-40
-23
-49
-85
-79
-105
-103
-112
-121
-133
-139
-159
-176
-191
-224
-225
-239
-220
-243
-272
-264
-278
-271
-294
-278
-288
-285
-272
-260
-256
-253
-225
-204
-141
-143
-141
-82
-63
-17
12
52
65
81
111
124
152
161
185
183
236
221
202
225
224
233
211
222
221
212
200
195
189
178
167
144
157
122
85
77
38
22
-11
-22
-51
-90
-117
-141
-156
-184
-199
-221
-207
-233
-273
-257
-274
-259
-263
-256
-263
-260
-239
-219
-211
-212
-187
-188
-144
-140
-158
-126
-128
-101
-94
-92
-85
-72
-76
-61
-35
-28
-1
13
54
54
54
81
98
138
145
155
168
198
211
203
218
217
220
213
248
231
197
205
182
160
123
114
98
69
33
6
-13
-51
-71
-107
-98
-142
-197
-184
-201
-200
-218
-224
-224
-229
-242
-246
-252
-261
-256
-255
-221
-243
-261
-225
-223
-205
-196
-174
-165
-137
-114
-90
-69
-61
-21
-2
53
56
57
104
111
136
142
165
175
179
173
176
175
169
175
171
207
185
161
178
168
164
161
160
143
151
145
130
115
92
80
58
74
43
-7
-4
-34
-54
-86
-104
-121
-155
-181
-205
-229
-247
-255
-275
-254
-277
-305
-286
-294
-280
-290
-278
-265
-250
-242
-225
-208
-207
-170
-160
-118
-93
-106
-72
-67
-42
-32
3
19
33
56
69
84
101
127
128
167
154
150
184
186
202
198
204
206
211
200
208
208
203
192
170
190
151
123
118
99
103
70
49
32
21
1
-14
-41
-58
-61
-91
-78
-104
-135
-127
-151
-157
-167
-166
-172
-186
-194
-207
-205
-199
-192
-201
-165
-171
-187
-156
-152
-122
-110
-85
-76
-64
-46
-28
-7
4
28
36
98
93
83
126
127
148
158
161
154
162
160
142
138
130
117
111
124
94
79
94
76
75
58
60
58
56
47
42
45
41
37
26
53
18
-13
-15
-47
-39
-60
-75
-88
-98
-103
-109
-122
-125
-115
-127
-100
-122
-148
-120
-139
-128
-122
-109
-98
-94
-77
-59
-54
-40
-19
-10
25
17
19
47
48
73
67
81
77
83
98
113
116
119
125
125
168
154
134
163
156
151
154
142
125
128
112
100
96
80
59
37
44
7
-26
-22
-41
-46
-68
-74
-84
-87
-87
-101
-93
-90
-79
-84
-49
-68
-87
-74
-83
-62
-66
-66
-61
-53
-59
-47
-38
-42
-31
-27
18
2
-13
11
4
18
19
41
45
51
54
69
68
62
86
83
117
98
82
115
103
119
114
130
125
139
136
120
133
121
119
94
130
100
71
91
77
73
62
56
35
35
15
4
-18
-31
-40
-74
-50
-75
-97
-97
-114
-106
-128
-109
-120
-127
-118
-121
-123
-106
-89
-89
-57
-63
-78
-52
-57
-48
-63
-44
-21
-12
-15
5
21
23
52
62
96
86
72
96
96
118
129
149
142
153
162
164
177
170
179
162
198
172
125
134
115
114
97
95
89
83
82
73
78
68
61
45
91
77
45
51
20
28
12
21
5
3
-12
-24
-40
-42
-39
-65
-33
-54
-82
-73
-87
-94
-102
-91
-100
-98
-89
-85
-87
-88
-79
-79
-39
-51
-61
-27
-25
-17
-21
-3
-10
3
6
18
12
22
39
13
61
47
33
44
33
43
40
36
42
50
55
59
52
53
55
48
85
50
20
39
13
22
16
17
3
4
-1
-4
-2
-19
-21
-43
-25
-43
-66
-41
-50
-52
-56
-46
-46
-34
-31
-23
-28
-30
-11
-20
14
8
-5
18
7
7
1
10
18
21
22
35
40
39
53
50
80
73
52
80
68
71
76
73
73
89
75
65
73
86
88
71
108
92
79
86
74
70
60
57
40
39
30
22
16
9
1
-9
17
-3
-31
-17
-36
-27
-32
-42
-36
-30
-34
-40
-50
-46
-39
-50
-31
-51
-81
-57
-58
-50
-42
-36
-28
-14
-22
-10
-2
-6
4
4
47
32
23
43
40
63
72
72
78
79
81
87
81
85
93
77
107
79
46
69
39
53
37
28
23
28
26
16
17
3
3
-3
19
-7
-40
-23
-31
-42
-52
-57
-72
-86
-82
-83
-88
-93
-100
-106
-74
-105
-114
-94
-99
-78
-83
-76
-74
-61
-57
-39
-34
-46
-33
-41
-5
-25
-44
-18
-39
-25
-37
-22
-25
-24
-13
-29
-24
-22
-10
-29
19
30
6
39
21
38
44
42
44
51
53
54
50
50
52
44
56
28
-4
9
-18
-27
-37
-53
-65
-72
-77
-88
-93
-97
-97
-122
-84
-116
-139
-122
-127
-115
-130
-113
-120
-113
-122
-123
-112
-118
-98
-101
-77
-81
-99
-59
-69
-55
-50
-38
-27
-18
4
1
19
26
30
27
66
62
58
84
74
88
79
74
73
63
53
62
62
52
40
27
42
26
-3
15
-15
-17
-17
-31
-36
-46
-47
-40
-50
-56
-53
-63
