-14
14
-9
-1
23
26
-25
-21
-20
-47
-34
-18
-17
-21
27
-10
-20
14
22
38
14
28
50
71
89
98
109
108
83
53
65
-6
-56
-35
-92
-113
-93
-83
-89
-65
-67
-67
-52
-48
-52
-57
-45
-63
-44
-27
-37
27
60
40
57
93
77
63
40
54
66
-1
12
-11
-44
-8
-2
-26
-24
52
41
-14
-23
-21
-59
-80
-73
-83
-28
-17
-7
54
68
101
139
160
104
96
113
97
62
26
45
2
12
28
23
10
-22
-2
-42
-63
-26
-11
-53
-41
-10
-23
-6
12
31
55
33
20
39
84
40
57
112
112
130
161
144
157
174
172
200
159
95
85
39
-47
-60
-37
-69
-27
-7
-41
-5
60
97
116
164
151
156
203
161
159
142
70
65
46
-6
35
83
65
70
89
61
30
29
-13
-60
-89
-140
-117
-83
-82
-59
-33
-59
-31
24
27
103
99
46
73
91
85
80
47
-6
6
10
15
68
92
73
52
87
51
26
36
-62
-125
-175
-196
-193
-162
-140
-98
-33
28
86
109
180
229
194
137
99
115
73
42
37
52
76
88
91
108
108
47
12
-70
-131
-121
-123
-137
-130
-74
-24
45
92
70
-2
-25
-31
-112
-106
-141
-145
-68
-29
80
170
237
232
240
198
144
119
37
-37
-81
-78
-131
-136
-110
-117
-130
-174
-159
-167
-190
-180
-135
-136
-146
-94
-50
34
67
100
145
130
110
90
101
73
38
20
-3
-26
26
54
4
56
79
50
56
12
-6
-60
-148
-205
-198
-198
-224
-210
-167
-121
-100
-18
39
-2
6
24
47
14
-16
39
6
-2
42
79
88
110
97
64
29
-25
-38
-67
-82
-92
-76
-102
-110
-78
-68
-49
-9
-17
-18
26
7
48
80
14
-6
-5
-38
4
81
47
20
9
-19
-2
14
26
13
-20
-46
-11
52
21
-5
-27
-51
-90
-77
-43
-32
-4
7
106
130
105
133
117
77
0
-48
-79
-129
-189
-204
-150
-91
-52
-8
40
-47
-63
4
-11
-32
-40
-32
-45
-46
12
46
38
62
87
52
49
34
-24
-49
-123
-115
-78
-77
-55
12
-3
14
55
59
71
49
82
71
56
64
74
79
11
8
5
-3
3
-19
-27
6
27
-15
54
74
54
99
63
66
45
43
5
-43
-89
-122
-54
-58
-59
-13
74
97
104
139
145
174
166
139
68
9
1
36
23
-20
20
24
16
-8
6
31
28
42
38
24
17
78
83
30
-1
16
8
-59
-20
-29
-63
-25
-26
35
85
107
90
95
57
-28
-36
-64
-151
-162
-95
-181
-168
-45
-24
19
56
74
91
89
35
5
-32
-66
-45
-81
-101
-91
-50
-8
6
-2
-26
21
-18
-74
-84
-95
-87
-66
-89
-86
7
-9
-74
-4
16
27
127
145
112
160
171
125
154
197
171
148
160
113
86
119
65
-26
-81
-72
-83
-124
-143
-139
-190
-183
-130
-167
-92
-40
-37
-14
32
125
157
166
92
51
41
16
-9
-65
-117
-105
-56
-118
-117
-47
-72
-59
-53
-79
-40
6
-31
-116
-185
-209
-170
-212
-240
-221
-214
-202
-161
-121
-84
27
59
23
15
47
92
124
114
83
142
143
87
105
69
63
26
-67
-95
-48
-22
-28
-50
-78
-71
-24
21
-37
-55
-28
-15
7
3
79
135
103
64
87
125
149
160
94
90
85
51
86
74
53
34
23
-16
-29
7
1
-16
-61
-126
-111
-42
-39
-81
-83
-65
-13
17
17
23
18
-20
-6
-12
-14
7
-34
-13
15
50
73
77
69
-10
-66
-138
-209
-248
-279
-351
-349
-263
-201
-83
-47
-31
63
145
180
140
123
70
47
-30
-137
-106
-96
-131
-93
-33
-9
24
99
94
98
87
49
7
-94
-152
-166
-229
-289
-213
-200
-115
-21
7
117
202
230
229
221
134
88
37
-22
-49
-19
25
48
140
183
220
290
251
234
172
76
40
31
-12
-38
0
42
100
142
245
251
189
152
103
97
9
-52
-99
-108
-66
2
85
144
185
238
309
297
279
296
231
141
72
43
23
10
6
30
38
51
80
36
11
-60
-159
-220
-308
-323
-333
-348
-373
-344
-292
-305
-330
-348
-349
-403
-415
-471
-568
-591
-607
-562
-548
-512
-431
-370
-339
-340
-346
-346
-408
-468
-480
-497
-470
-408
-339
-235
-149
-58
43
183
286
357
401
424
473
551
632
615
616
654
688
715
692
749
754
746
708
692
683
647
620
558
530
488
459
449
404
397
383
409
439
438
466
473
453
410
397
381
400
400
364
363
342
332
306
267
239
192
70
-39
-120
-168
-237
-352
-391
-469
-542
-561
-626
-717
-819
-917
-1015
-1091
-1223
-1321
-1423
-1483
-1471
-1475
-1444
-1389
-1351
-1313
-1244
-1169
-1171
-1203
-1214
-1215
-1343
-1512
-1703
-1899
-2093
-2331
-2388
-2585
-2763
-2743
-2343
-1509
-726
-115
407
1315
2302
2894
3194
3283
3372
3197
2862
2587
2284
2090
1765
1456
1283
1274
1484
1552
1381
1122
973
991
875
580
329
135
11
-11
98
302
523
706
871
1086
1327
1614
1797
1743
1585
1554
1716
1714
1623
1554
1467
1426
1281
1170
995
683
328
-91
-477
-822
-1090
-1383
-1732
-1974
-2041
-1965
-1904
-1838
-1734
-1638
-1588
-1562
-1532
-1527
-1584
-1736
-1874
-1899
-1866
-1876
-1960
-2013
-2063
-2089
-2039
-2073
-2134
-2112
-2201
-2303
-2501
-2741
-2942
-3017
-2658
-2060
-1333
-588
151
1062
2097
3124
3776
4032
4033
3957
3809
3439
3009
2505
1992
1493
1144
1045
961
890
740
483
273
67
-151
-484
-938
-1240
-1393
-1389
-1164
-811
-248
386
1044
1696
2357
3001
3373
3574
3520
3407
3272
3004
2714
2309
2023
1775
1557
1433
1203
980
635
258
-163
-599
-984
-1429
-1830
-2137
-2244
-2136
-1880
-1623
-1355
-953
-563
-284
-107
-20
-14
-100
-328
-569
-794
-967
-1178
-1505
-1758
-2014
-2223
-2375
-2603
-2833
-3103
-3285
-3492
-3685
-3857
-3986
-4017
-4173
-4339
-4418
-4256
-3870
-3234
-2200
-918
390
1522
2473
3581
4764
5577
5747
5431
5016
4614
4149
3490
2689
1953
1329
816
485
311
178
-148
-564
-995
-1321
-1559
-1898
-2224
-2550
-2610
-2342
-1893
-1232
-544
270
1198
2158
3096
3891
4479
4818
4883
4757
4471
4147
3776
3167
2502
1963
1622
1362
983
525
33
-369
-771
-1204
-1670
-2147
-2513
-2847
-2936
-2829
-2531
-2087
-1670
-1131
-577
10
455
678
718
632
458
164
-197
-568
-868
-1197
-1545
-1875
-2184
-2463
-2743
-3133
-3523
-3757
-3931
-4136
-4436
-4620
-4591
-4584
-4597
-4679
-4570
-4093
-3342
-2254
-927
509
1741
2790
3868
5080
6073
6366
6073
5542
5094
4590
3883
3054
2132
1338
726
330
44
-204
-494
-889
-1312
-1660
-1856
-1987
-2219
-2724
-3043
-2790
-2139
-1438
-837
-19
1053
2349
3596
4578
5284
5674
5896
5805
5515
5136
4605
3970
3082
2352
1917
1587
1130
454
-173
-633
-996
-1394
-1941
-2467
-2852
-3139
-3254
-3195
-2902
-2479
-2012
-1524
-981
-303
291
629
683
636
627
505
235
-155
-605
-935
-1300
-1676
-2056
-2439
-2843
-3369
-3878
-4339
-4695
-5041
-5379
-5565
-5593
-5530
-5396
-5146
-4759
-4178
-3047
-1311
453
1745
2534
3608
5247
6650
7107
6655
6150
5883
5589
4894
3868
2920
2055
1252
486
8
-221
-511
-1080
-1875
-2428
-2614
-2716
-3079
-3652
-4008
-3904
-3329
-2438
-1488
-546
561
1863
3234
4514
5642
6465
6726
6608
6392
6266
5977
5216
4167
3168
2525
2109
1639
902
119
-544
-1105
-1581
-2105
-2569
-3054
-3557
-3886
-3856
-3380
-2779
-2356
-1975
-1330
-413
496
1019
1230
1308
1393
1443
1181
763
322
-162
-705
-1344
-1840
-2273
-2827
-3639
-4532
-5075
-5395
-5683
-6212
-6834
-7042
-6888
-6451
-6083
-5824
-4992
-3398
-1274
587
1714
2842
4418
6295
7477
7499
7174
6943
6874
6343
5229
4170
3339
2689
1728
750
121
-177
-530
-1431
-2411
-3060
-3312
-3542
-4079
-4644
-4952
-4770
-4089
-3208
-2241
-1031
404
1904
3300
4681
6080
7103
7528
7409
7249
7232
6910
6086
4918
3912
3209
2602
1850
989
192
-538
-1233
-1952
-2504
-2916
-3377
-3926
-4358
-4213
-3628
-3041
-2616
-2127
-1285
-229
692
1321
1628
1838
2029
1935
1589
1244
925
445
-319
-1100
-1623
-1982
-2539
-3424
-4380
-5114
-5510
-5942
-6460
-7011
-7270
-7242
-7215
-6998
-6518
-5737
-4594
-2952
-886
1023
2409
3692
5367
7145
8134
8032
7547
7381
7201
6479
5276
4061
3127
2283
1265
368
-265
-683
-1283
-2223
-3018
-3527
-3771
-4101
-4655
-5068
-5182
-4846
-4208
-3324
-2291
-1153
407
2099
3751
5257
6516
7564
8015
8139
8191
8027
7577
6547
5345
4406
3589
2839
1791
726
-116
-821
-1368
-2084
-2726
-3202
-3713
-4171
-4463
-4284
-3849
-3398
-2989
-2355
-1357
-283
607
1184
1650
1983
2189
2242
1979
1611
1194
690
16
-712
-1312
-1843
-2529
-3405
-4168
-4863
-5434
-6041
-6704
-7053
-7369
-7433
-7383
-7241
-6663
-5979
-5011
-3517
-1425
828
2284
3296
4806
6889
8490
8676
8007
7565
7635
7281
6079
4652
3508
2718
1711
621
-113
-618
-1032
-1964
-3030
-3613
-3854
-4006
-4584
-5268
-5599
-5320
-4605
-3788
-2869
-1843
-417
1430
3278
4930
6315
7548
8343
8519
8600
8617
8276
7323
5869
4737
3881
3071
2102
843
-131
-883
-1454
-2019
-2742
-3325
-3868
-4347
-4671
-4629
-4189
-3733
-3329
-2811
-1877
-653
469
1184
1610
2054
2438
2653
2521
2120
1662
1225
670
-59
-841
-1458
-2067
-2984
-4037
-4905
-5609
-6311
-7169
-7904
-8228
-8429
-8419
-8183
-7705
-6872
-5936
-4316
-1994
341
2181
3280
4832
7036
8763
9218
8616
8225
8254
7948
6835
5373
4274
3350
2298
1061
175
-293
-954
-1958
-3152
-3955
-4267
-4596
-5129
-5852
-6329
-6140
-5455
-4397
-3416
-2373
-766
1187
3208
4972
6524
7934
8862
9223
9309
9384
9069
8191
6847
5507
4566
3659
2632
1280
-15
-878
-1614
-2255
-3046
-3722
-4216
-4729
-4986
-4952
-4547
-4009
-3547
-2945
-2013
-806
352
1197
1753
2213
2635
2936
2873
2530
2032
1541
961
179
-606
-1365
-2131
-3214
-4486
-5455
-6215
-6835
-7661
-8585
-9084
-9162
-8823
-8427
-8053
-7294
-5951
-3766
-1236
802
2196
3612
5810
8048
9182
9063
8651
8791
8763
8001
6607
5332
4523
3433
2072
772
45
-327
-1256
-2595
-3756
-4256
-4448
-5004
-5903
-6668
-6643
-5983
-5258
-4561
-3701
-2283
-480
1492
3559
5386
6989
8123
8875
9543
9840
9878
9215
7923
6687
5662
4912
3710
2147
795
-307
-1034
-1799
-2620
-3371
-4079
-4692
-5153
-5229
-4943
-4588
-4347
-3976
-3093
-1797
-455
439
974
1532
2219
2846
2991
2735
2425
2080
1671
1039
289
-420
-1280
-2206
-3312
-4456
-5314
-6105
-6992
-8008
-8822
-9070
-8974
-8772
-8473
-8022
-7183
-5568
-3290
-890
863
2070
3753
6082
8172
9020
8820
8585
8768
8697
7876
6590
5435
4595
3413
1992
936
342
-226
-1433
-2914
-3891
-4230
-4433
-5078
-6055
-6712
-6650
-5990
-5095
-4406
-3617
-2282
-450
1623
3511
5364
7007
8131
8835
9392
10010
10123
9346
8029
6795
5911
5011
3808
2255
725
-339
-1141
-1900
-2711
-3496
-4168
-4844
-5267
-5271
-4952
-4612
-4497
-4191
-3315
-2010
-723
125
681
1245
2000
2684
2932
2715
2337
2001
1554
1073
444
-279
-1182
-2458
-3566
-4501
-5158
-6049
-7284
-8247
-9027
-9003
-8797
-8700
-8214
-7644
-5987
-3763
-1607
360
1623
3543
5708
7429
8391
8346
8616
8756
8477
7691
6581
5992
5079
3897
2525
1468
1056
232
-898
-2376
-3440
-3867
-4492
-5218
-6260
-6903
-6677
-6245
-5678
-5131
-4042
-2280
-546
1334
3113
5000
6867
8016
8894
9330
9752
9951
9239
8247
7072
6256
5381
3930
2572
1203
274
-693
-1863
-2773
-3675
-4230
-4924
-5557
-5729
-5542
-5118
-4896
-4463
-3635
-2503
-1301
-471
222
901
1629
2247
2342
2271
2186
2013
1718
1014
433
-70
-911
-2066
-3570
-4653
-5447
-6356
-7491
-8761
-9232
-9007
-8666
-8361
-7874
-6286
-3897
-1693
-190
916
2979
5509
7099
7471
7212
7749
8454
8304
7389
6260
5840
5411
4485
3298
2218
1712
996
-201
-1670
-2836
-3412
-4135
-5192
-6416
-7159
-6859
-6164
-5629
-5135
-4129
-2114
-25
1523
2990
4680
6511
7517
7869
8324
8821
8989
8298
7387
6660
6146
5598
4445
3084
1934
1181
304
-1000
-2226
-3212
-3850
-4614
-5376
-5607
-5405
-4982
-4749
-4388
-3485
-2272
-1125
-557
-227
428
1155
1694
1620
1267
1210
1235
1031
302
-376
-717
-1253
-2150
-3500
-4577
-5386
-6355
-7301
-8360
-8849
-8829
-8711
-8208
-7080
-4823
-2440
-881
324
2174
4959
6965
7428
7150
7203
7873
7887
7140
6043
5184
4840
4024
3186
2537
2124
1677
441
-841
-1747
-2298
-2965
-4302
-5785
-6818
-6949
-6374
-5938
-5732
-5224
-3494
-1046
955
2599
4171
5960
7324
7965
8604
9044
9093
8348
7233
6608
6122
5670
4701
3277
2268
1638
1194
219
-1145
-2307
-3225
-3917
-4655
-5150
-5298
-5241
-5092
-4737
-3851
-2651
-1569
-952
-590
-59
743
1353
1299
752
438
484
441
-80
-706
-976
-1477
-2308
-3494
-4367
-4826
-5786
-6848
-7938
-8437
-8146
-7925
-7226
-5875
-3870
-1905
-764
863
3362
5739
6794
6616
6727
7441
7826
7230
6088
5158
4619
4078
3321
2664
2194
1622
839
-109
-850
-1389
-2241
-3293
-4626
-5816
-6311
-6362
-6050
-5901
-5743
-4891
-3271
-1052
1092
2852
4376
5748
7001
8236
9089
9150
8543
7609
6978
6561
6015
5168
3872
2749
2034
1581
1174
246
-963
-2083
-2992
-3485
-3972
-4441
-4910
-5235
-5043
-4367
-3317
-2384
-1796
-1343
-765
51
792
1042
674
162
-26
-18
-215
-714
-1171
-1668
-2523
-3330
-4125
-4714
-5408
-6768
-7695
-8184
-8076
-7475
-7077
-5591
-3769
-2220
-575
995
3682
5765
6333
6489
6695
7723
7860
6876
5711
4896
4681
3963
3138
2513
2143
1709
701
17
-528
-1084
-1964
-3384
-4489
-5433
-5952
-6058
-6227
-6123
-5833
-4801
-2876
-894
915
2498
4149
5805
7115
8093
8759
8793
8165
7492
6977
6556
5763
4662
3714
2829
2324
1929
1207
277
-812
-1680
-2392
-3066
-3678
-4291
-4752
-4876
-4595
-3975
-3101
-2393
-1824
-1253
-532
351
844
894
529
202
151
17
-316
-1027
-1689
-2257
-2744
-3378
-4200
-4905
-5999
-6882
-7529
-7863
-7594
-7608
-6948
-5507
-3798
-1859
-612
1240
3692
5361
6325
6489
7118
7927
7727
6916
5794
5272
4890
3966
2907
2120
1800
1330
610
-237
-902
-1367
-2243
-3247
-4389
-5278
-5600
-5923
-6120
-6220
-5870
-4641
-3134
-1444
240
2176
4248
5745
6879
7893
8878
9125
8434
7708
7095
6590
5691
4542
3492
2554
2133
1544
782
24
-811
-1437
-2292
-3037
-3568
-4022
-4369
-4692
-4648
-4089
-3234
-2487
-1935
-1411
-608
269
739
851
608
387
289
0
-636
-1427
-2004
-2563
-3346
-4315
-4974
-5488
-6340
-7119
-7729
-7701
-7170
-6748
-5764
-4399
-2793
-1125
204
2130
4145
5432
6068
6272
6989
7565
7249
6475
5683
5242
4697
3892
3100
2471
1851
1017
168
-574
-1139
-1930
-2994
-3942
-4798
-5318
-5564
-5786
-5729
-5444
-4813
-3621
-2214
-630
1086
2846
4628
5945
6940
7953
8684
8731
8266
7691
7173
6554
5545
4587
3551
2607
1911
1026
337
-527
-1416
-2102
-2954
-3384
-3740
-4060
-4176
-4287
-3981
-3347
-2646
-1986
-1554
-1021
-315
228
511
550
404
212
30
-320
-806
-1374
-1950
-2575
-3696
-4623
-5337
-5802
-6472
-7621
-8018
-7797
-6864
-5673
-4580
-3066
-1737
32
2091
3888
5341
5777
6153
6618
6978
7031
6284
5596
4885
4204
3569
3017
2729
2116
1140
240
-290
-587
-1310
-2507
-3721
-4654
-5092
-5402
-5655
-5690
-5486
-4854
-3957
-2445
-448
1388
2812
3987
5368
6932
8121
8469
8202
7683
7310
7013
6352
5433
4313
3342
2573
1816
1317
702
-202
-1253
-2239
-2705
-2980
-3377
-3977
-4523
-4410
-3782
-3058
-2464
-2047
-1545
-912
-227
395
674
624
351
72
-94
-310
-715
-1476
-2239
-3112
-3993
-4687
-5319
-6015
-7178
-8101
-8089
-7365
-6492
-5548
-4166
-2695
-1181
714
2873
4722
5480
5665
6105
6740
7212
6747
5787
5050
4474
4054
3447
2927
2440
1606
700
-18
-357
-798
-1820
-3165
-4360
-4980
-5229
-5494
-5856
-5938
-5461
-4580
-3214
-1516
327
2001
3414
4904
6250
7553
8431
8436
7929
7326
7121
6804
5848
4721
3659
2956
2382
1701
1097
184
-767
-1664
-2508
-3013
-3473
-3921
-4524
-4860
-4453
-3650
-2851
-2382
-1946
-1287
-431
324
652
629
411
124
-124
-358
-787
-1460
-2319
-3064
-3648
-4264
-4938
-5965
-6860
-7261
-7351
-7027
-6432
-5235
-3646
-2454
-1258
543
2884
4657
5155
5267
5932
6799
7011
6330
5466
4977
4599
3960
3217
2727
2270
1548
557
-194
-586
-1083
-2000
-3336
-4432
-4966
-5203
-5301
-5541
-5718
-5315
-4240
-2691
-1217
185
1829
3527
5078
6267
7329
8335
8501
8099
7552
7170
6827
5864
4719
3552
2665
2179
1530
740
-232
-1052
-1666
-2357
-3019
-3628
-4055
-4413
-4661
-4554
-3941
-3135
-2622
-2223
-1688
-758
125
418
331
67
36
-15
-503
-1177
-1969
-2576
-3190
-3928
-4603
-5440
-6224
-6876
-6891
-6536
-6230
-5234
-4020
-2537
-1182
79
2191
3894
4880
5248
5365
6197
6538
6138
5427
4641
4398
3982
3320
2791
2264
1808
1091
278
-274
-836
-1647
-2824
-3976
-4744
-5136
-5370
-5710
-5745
-5458
-4551
-3098
-1628
-47
1343
3109
4979
6240
7313
7937
8420
8443
7810
7430
6850
6019
4952
3792
3082
2369
1731
1031
52
-723
-1352
-1899
-2618
-3399
-3912
-4280
-4392
-4436
-4143
-3574
-2974
-2352
-1861
-1083
-311
113
201
-22
-92
-180
-460
-1035
-1896
-2543
-3153
-3704
-4272
-5131
-5896
-6584
-6860
-6420
-5878
-4953
-3731
-2556
-1121
316
2395
4427
5222
5424
5549
6281
6888
6360
5346
4432
4034
3694
2969
2360
1922
1373
607
-167
-540
-842
-1542
-2811
-4040
-4658
-4934
-5136
-5602
-5892
-5525
-4741
-3367
-1930
-340
1291
2823
4959
6586
7819
8635
8902
9092
8381
7858
7299
5999
4844
3431
2603
1987
1077
534
-408
-1057
-1540
-2093
-2490
-3262
-3828
-4320
-4539
-4436
-4278
-3837
-3466
-2818
-2217
-1449
-578
-255
-80
-222
-196
-269
-793
-1343
-2217
-2982
-3649
-4418
-5065
-5547
-5912
-6376
-6666
-6226
-4869
-3339
-2250
-1378
-209
1806
3844
4937
5240
5300
5796
6312
6112
5548
4975
4520
3960
3159
2663
2479
2052
1072
-119
-817
-1002
-1464
-2618
-3936
-4884
-5155
-5161
-5296
-5402
-5255
-4568
-3491
-2163
-493
1327
2837
4005
5282
6751
8124
8549
8256
7877
7466
7185
6472
5382
4194
3010
2241
1518
819
154
-696
-1538
-2251
-2677
-2882
-3222
-3786
-4286
-4311
-3809
-3230
-2921
-2714
-2334
-1756
-1060
-623
-525
-631
-895
-1063
-1278
-1649
-2160
-3010
-3858
-4642
-5147
-5430
-5943
-6200
-6384
-6116
-5258
-3951
-2054
-774
96
1416
3217
5289
6119
5959
6030
6273
6595
6115
5327
4879
4227
3510
2614
2210
2176
1491
314
-940
-1436
-1668
-2411
-3570
-4852
-5460
-5553
-5420
-5181
-5027
-4513
-3572
-2148
-333
1188
2752
4158
5203
6349
7250
8088
8206
7487
7055
6573
6137
5427
4252
3328
2284
1523
973
261
-487
-1468
-2209
-2700
-3032
-3285
-3558
-3738
-3878
-3667
-3114
-2476
-2039
-1990
-1696
-1203
-840
-719
-997
-1313
-1687
-2049
-2381
-2993
-3598
-4341
-5256
-5990
-6385
-6464
-6471
-6458
-6017
-4784
-3282
-1822
-310
1202
3015
4518
5418
6222
6782
7188
7054
6279
5764
5487
4919
4040
2981
2320
2048
1467
623
-263
-926
-1514
-2458
-3473
-4243
-4848
-5387
-5824
-5926
-5496
-4817
-3982
-2899
-1566
147
1895
3549
4975
6041
6996
7721
8106
8092
7647
7011
6289
5465
4613
3705
2764
1845
957
228
-460
-1146
-1888
-2605
-3145
-3467
-3583
-3713
-3720
-3513
-3091
-2452
-1896
-1376
-945
-579
-295
-277
-383
-570
-949
-1632
-2385
-3027
-3722
-4526
-5602
-6552
-6933
-7167
-7288
-7241
-6883
-5364
-3639
-2315
-1021
320
2552
4509
5232
5725
6157
6896
7255
6557
5883
5575
5293
4596
3533
2926
2739
2234
1152
-4
-685
-1136
-1972
-3388
-4604
-5228
-5586
-5839
-6172
-5895
-5089
-4213
-3006
-1528
519
2363
3517
4788
6084
7431
8149
7961
7697
7320
6904
6281
5268
4296
3300
2364
1573
814
153
-587
-1474
-2338
-2851
-3167
-3484
-3793
-4122
-4012
-3584
-2992
-2324
-1852
-1310
-836
-316
209
368
223
-213
-635
-1098
-1724
-2500
-3477
-4592
-5732
-6803
-7547
-7804
-7808
-7436
-6922
-5981
-4216
-2259
-226
1293
2585
4273
5548
6460
6803
6739
6792
6416
5888
5382
4906
4466
3666
2885
2340
2006
1463
444
-615
-1671
-2511
-3401
-4489
-5317
-6114
-6474
-6394
-6017
-5040
-3886
-2439
-808
976
2954
4850
6450
7481
8089
8465
8715
8525
7740
6826
5768
4732
3763
2804
1972
977
7
-744
-1443
-2037
-2709
-3417
-3981
-4420
-4512
-4301
-3959
-3552
-3105
-2443
-1562
-734
-174
156
281
331
205
-121
-535
-1325
-2111
-2958
-3911
-4778
-5859
-6845
-7613
-7873
-7351
-6656
-6018
-4952
-3220
-1162
676
1979
3341
4944
5875
6197
6322
6556
6805
6220
5216
4746
4662
4354
3438
2364
1870
1527
652
-557
-1707
-2602
-3522
-4760
-5790
-6260
-6399
-6444
-6356
-5743
-4365
-2565
-762
851
2463
4519
6522
7783
8478
8848
9114
9024
8246
7501
6690
5578
4418
3206
2415
1670
624
-443
-1478
-2289
-2957
-3656
-4430
-5018
-5331
-5226
-4769
-4290
-3617
-2802
-1861
-976
-233
519
863
825
603
286
-73
-756
-1711
-2741
-3888
-4881
-5764
-6835
-7520
-7697
-7367
-6500
-5750
-4573
-2829
-1122
687
2146
3373
4695
5465
5949
6271
6370
6498
6164
5617
5251
5005
4701
4083
3301
2424
1736
774
-501
-1782
-3163
-4323
-5518
-6586
-7174
-7534
-7506
-7068
-6303
-5026
-3314
-1277
778
2487
4182
6223
8045
8907
9202
9375
9494
9200
8224
7329
6408
5226
4067
2885
2059
1177
-68
-1332
-2382
-3086
-3796
-4642
-5473
-5848
-5708
-5363
-4814
-4241
-3367
-2384
-1579
-763
8
650
731
378
207
106
-358
-1307
-2380
-3338
-4337
-5437
-6412
-7031
-7197
-6993
-6542
-5749
-4412
-2766
-1172
389
1773
3206
4415
5111
5658
6012
6148
6126
5841
5601
5460
5121
4696
4188
3670
3121
2256
1186
24
-1298
-2685
-3968
-5226
-6411
-7249
-7717
-7760
-7459
-6811
-5579
-3885
-1935
4
1949
4028
5835
7138
8016
8768
9216
9019
8464
7841
7195
6402
5402
4421
3570
2669
1694
653
-403
-1417
-2443
-3490
-4454
-5083
-5435
-5487
-5384
-5041
-4343
-3430
-2483
-1795
-1083
-367
64
192
127
-50
-383
-903
-1545
-2340
-3218
-4056
-4927
-5848
-6415
-6299
-5746
-5395
-5040
-3884
-1956
-124
808
1708
3093
4356
5030
5018
5253
5795
5794
5274
4914
5156
5367
4840
3958
3440
3237
2632
1364
-122
-1371
-2380
-3692
-5139
-6071
-6645
-6987
-7191
-6949
-5938
-4704
-3395
-1945
-192
2007
3930
5242
6201
7063
8036
8423
8018
7625
7227
6565
5778
4958
4299
3544
2467
1447
684
-161
-1140
-2247
-3327
-3968
-4548
-4947
-4895
-4749
-4473
-3916
-3112
-2232
-1520
-1066
-699
-513
-463
-461
-763
-1285
-1846
-2437
-3119
-3969
-4729
-5362
-5935
-6230
-5982
-5308
-4593
-3647
-2370
-894
535
1848
3129
4252
4833
5057
5359
5712
5841
5399
4839
4726
4740
4439
3909
3451
3069
2474
1435
414
-458
-1556
-2914
-4398
-5449
-5932
-6322
-6753
-6774
-6194
-5114
-3695
-2204
-511
1060
2581
4282
5663
6613
7208
7465
7481
7300
6970
6547
5882
4964
4163
3499
2887
2099
1054
-10
-994
-1915
-2780
-3541
-4282
-4815
-4964
-4788
-4384
-3826
-3170
-2461
-1872
-1371
-755
-325
-354
-702
-1086
-1376
-1795
-2627
-3505
-4352
-5204
-5986
-6454
-6186
-5373
-5041
-4547
-3163
-1024
770
1454
2207
3805
5111
5150
4744
4973
5671
5524
4401
4068
4797
5185
4501
3575
3574
3950
3329
1710
439
-354
-1328
-2909
-4717
-5622
-5894
-6406
-7055
-6754
-5204
-3581
-2558
-1659
263
2592
3978
4661
5245
6080
6521
6235
5835
5724
5429
4632
3955
3675
3600
3230
2287
1515
1045
411
-529
-1745
-2750
-3502
-4185
-4605
-4675
-4412
-4133
-3762
-3098
-2201
-1434
-1191
-1099
-964
-892
-1187
-1730
-2271
-2888
-3616
-4546
-5323
-5731
-5923
-6002
-5695
-4864
-3613
-2242
-915
408
1802
3080
4009
4599
4859
4857
4696
4464
4119
3861
3525
3322
3318
3335
3325
3272
3154
2888
2371
1543
768
-199
-1398
-2595
-3616
-4312
-4716
-5052
-5085
-4332
-3196
-1700
-447
775
2186
3530
4591
5010
5160
5132
4963
4482
3837
3394
2931
2531
2246
2014
2123
2086
1857
1497
1054
598
-119
-958
-1930
-2666
-3173
-3466
-3617
-3671
-3443
-3011
-2604
-2248
-1993
-1900
-1883
-2196
-2631
-3086
-3550
-4077
-4811
-5501
-6203
-6295
-6290
-5939
-5263
-4087
-2404
-812
765
2058
3636
5020
5618
5585
5441
5359
4999
3894
2822
2262
2142
1840
1344
1231
1650
2179
2084
1924
1890
1868
1305
282
-717
-1251
-1792
-2677
-3268
-3191
-2478
-1758
-1159
-289
1131
2461
3228
3735
4183
4543
4406
3774
3128
2735
2211
1555
1062
904
1092
1113
964
1074
1291
1302
996
478
27
-399
-977
-1588
-1938
-2141
-2259
-2343
-2284
-2106
-2009
-2088
-2342
-2588
-2992
-3519
-4218
-4986
-5694
-6371
-7082
-7555
-7555
-7136
-6198
-5236
-3838
-1822
324
2180
3468
4753
6114
6994
6862
6114
5590
5084
4128
2763
1543
1090
830
363
-48
7
589
952
773
563
723
816
321
-594
-1184
-1266
-1300
-1808
-2046
-1350
-43
1099
1694
2581
3904
5141
5436
5249
5057
4847
4122
2847
1853
1061
288
-381
-889
-911
-690
-519
-369
-191
140
290
184
-212
-514
-661
-829
-1045
-1272
-1309
-1165
-1113
-1155
-1186
-1283
-1684
-2207
-2824
-3550
-4415
-5537
-6455
-7305
-8098
-8541
-8445
-7883
-7045
-5739
-3900
-1706
505
2232
3960
5534
6718
7296
7140
6752
6127
5205
4045
2808
1840
1055
402
-124
-356
-210
-90
-137
-218
-173
-159
-375
-985
-1473
-1705
-1993
-2152
-2188
-1608
-610
463
1636
2877
4431
5626
6302
6561
6714
6583
5776
4638
3479
2411
1354
280
-541
-966
-1233
-1397
-1492
-1360
-1204
-1179
-1291
-1478
-1539
-1551
-1648
-1701
-1627
-1366
-1073
-925
-783
-616
-597
-846
-1287
-1843
-2334
-3285
-4370
-5395
-6242
-7109
-7840
-8061
-7770
-7006
-6071
-4584
-2623
-573
1107
2740
4311
5714
6302
6261
6014
5724
5164
4141
3020
2147
1711
1155
557
172
284
391
315
-73
-258
-238
-638
-1324
-1970
-2243
-2368
-2634
-2703
-2062
-939
263
1232
2518
4071
5400
6169
6454
6712
6710
6180
5183
4085
3240
2310
1359
563
7
-241
-575
-767
-893
-1010
-1167
-1572
-1921
-2131
-2290
-2436
-2546
-2456
-2226
-1883
-1547
-1273
-1010
-895
-989
-1284
-1608
-2190
-2844
-3795
-4664
-5475
-6302
-6869
-7216
-6962
-6517
-5580
-4259
-2594
-841
637
2255
3789
4916
5481
5519
5476
5277
4622
3729
2831
2318
1792
1259
897
756
843
845
630
456
360
35
-556
-1366
-1962
-2349
-2776
-3111
-2989
-2339
-1235
-333
739
2154
3646
4883
5440
5995
6302
6336
5731
4793
4116
3419
2575
1729
1062
718
392
75
-179
-359
-511
-937
-1410
-1850
-2074
-2333
-2659
-2842
-2734
-2480
-2158
-1926
-1700
-1314
-1193
-1253
-1436
-1721
-2099
-2723
-3546
-4293
-5028
-5695
-6188
-6376
-6081
-5682
-4769
-3491
-2074
-672
483
1988
3284
4120
4381
4376
4543
4449
3910
3135
2567
2352
2050
1590
1265
1246
1464
1409
1116
927
876
576
-100
-927
-1369
-1677
-2141
-2566
-2598
-1809
-973
-338
504
1650
3022
3899
4368
4870
5257
5363
4824
4194
3842
3357
2758
2065
1574
1375
1008
617
243
16
-290
-847
-1440
-1854
-2088
-2377
-2668
-2803
-2738
-2531
-2367
-2258
-2007
-1815
-1832
-1887
-2019
-2183
-2478
-3000
-3461
-3889
-4421
-4898
-5256
-5085
-4853
-4403
-3542
-2419
-1055
-131
795
1937
2882
3360
3256
3107
3217
2990
2401
1753
1441
1421
1249
1021
916
1159
1414
1372
1159
1130
1124
852
193
-461
-724
-920
-1215
-1457
-1217
-479
132
631
1288
2330
3293
3696
3993
4334
4657
4365
3649
3249
3068
2706
2071
1535
1373
1287
1046
718
461
247
-207
-829
-1328
-1703
-2095
-2496
-2851
-2872
-2789
-2732
-2755
-2682
-2500
-2404
-2512
-2675
-2839
-2888
-3134
-3461
-3737
-4040
-4230
-4346
-4125
-3682
-3135
-2429
-1352
-189
897
1651
2524
3292
3773
3680
3180
2928
2536
1930
1195
630
334
200
-81
-130
43
395
565
492
507
561
515
154
-363
-628
-723
-799
-834
-731
5
770
1423
2007
2739
3677
4211
4362
4444
4623
4415
3729
3138
2807
2451
2020
1492
1298
1213
1021
864
673
479
153
-385
-908
-1341
-1763
-2185
-2550
-2732
-2867
-2897
-2915
-3000
-2968
-3055
-3133
-3366
-3650
-3814
-4058
-4279
-4627
-4763
-4815
-4707
-4341
-3755
-3005
-2008
-839
471
1590
2422
3395
4095
4605
4440
4078
3792
3383
2696
1829
1139
843
447
-34
-365
-492
-229
-351
-548
-702
-678
-691
-1019
-1440
-1564
-1469
-1283
-1209
-879
59
917
1726
2249
3039
3959
4499
4651
4667
4832
4687
4077
3514
3131
2908
2462
1840
1589
1407
1272
938
558
334
36
-454
-982
-1372
-1697
-1984
-2275
-2435
-2520
-2510
-2593
-2685
-2692
-2865
-3086
-3417
-3778
-4029
-4372
-4764
-5073
-5298
-5343
-5244
-4900
-4240
-3452
-2382
-1093
225
1409
2376
3361
4171
4620
4605
4301
4117
3814
3252
2544
1926
1651
1391
1046
654
421
404
239
-112
-509
-774
-1072
-1522
-2074
-2314
-2322
-2120
-1963
-1620
-684
230
1086
1625
2364
3282
3925
4159
4185
4366
4282
3950
3571
3315
3194
2849
2419
2136
1950
1784
1387
921
514
187
-315
-897
-1381
-1741
-1985
-2242
-2428
-2566
-2551
-2666
-2800
-2846
-2995
-3144
-3431
-3724
-3887
-4127
-4467
-4702
-4921
-4888
-4800
-4562
-3997
-3378
-2464
-1393
-243
861
1767
2870
3626
4100
4194
4045
4083
3808
3308
2685
2197
1894
1603
1240
949
741
661
508
209
-43
-322
-545
-950
-1426
-1617
-1644
-1470
-1407
-1178
-468
287
873
1254
1781
2530
3128
3301
3393
3505
3535
3381
3151
3086
2954
2680
2359
2113
2064
1852
1491
1056
714
442
-40
-522
-953
-1225
-1477
-1692
-1965
-2162
-2265
-2465
-2656
-2858
-3059
-3385
-3703
-4015
-4167
-4448
-4706
-4887
-4946
-4783
-4628
-4259
-3709
-2997
-2100
-1077
-56
917
1834
2802
3477
3908
4033
4059
4112
3906
3492
3001
2617
2275
1956
1548
1222
838
605
318
-15
-374
-716
-967
-1358
-1654
-1845
-1802
-1601
-1359
-957
-242
496
1031
1428
1905
2491
2910
3023
3048
3124
3133
2999
2791
2776
2692
2512
2230
2043
1949
1687
1274
885
572
222
-245
-757
-1091
-1383
-1629
-1867
-2086
-2214
-2328
-2480
-2631
-2817
-3019
-3281
-3511
-3742
-3947
-4160
-4398
-4585
-4741
-4613
-4485
-4135
-3696
-3033
-2088
-1176
-202
681
1619
2547
3159
3459
3591
3717
3807
3625
3295
2974
2784
2635
2374
2097
1828
1526
1240
884
445
18
-416
-827
-1304
-1598
-1733
-1637
-1510
-1288
-813
-181
438
760
1115
1571
2137
2414
2460
2543
2598
2696
2627
2506
2517
2476
2365
2175
2039
1925
1644
1296
959
655
316
-168
-663
-978
-1259
-1530
-1884
-2173
-2343
-2509
-2678
-2880
-3074
-3244
-3405
-3608
-3775
-3975
-4207
-4325
-4451
-4363
-4283
-4018
-3685
-3141
-2421
-1629
-789
49
899
1759
2493
2822
3054
3262
3555
3529
3312
3060
2916
2836
2668
2423
2227
1986
1694
1394
1051
673
135
-308
-792
-1113
-1423
-1532
-1535
-1370
-1000
-579
-35
305
723
1028
1541
1924
2006
2179
2238
2434
2453
2360
2283
2318
2297
2156
2002
1860
1647
1371
1143
804
461
18
-449
-806
-1133
-1475
-1855
-2222
-2455
-2660
-2816
-3000
-3176
-3297
-3376
-3431
-3592
-3713
-3867
-3977
-4017
-3968
-3858
-3685
-3417
-3015
-2492
-1841
-1186
-539
205
930
1609
2075
2318
2497
2790
3041
3022
2812
2654
2620
2617
2496
2290
2106
1939
1746
1487
1248
872
519
143
-161
-460
-654
-769
-816
-644
-433
-70
185
425
682
1041
1473
1700
1745
1806
1932
2120
2111
1954
1966
1974
1923
1724
1587
1611
1434
1104
873
709
504
60
-349
-593
-826
-1193
-1696
-2047
-2247
-2470
-2760
-2975
-3130
-3245
-3339
-3447
-3474
-3522
-3553
-3608
-3556
-3490
-3372
-3229
-2978
-2602
-2160
-1638
-1162
-616
36
697
1245
1603
1857
2157
2498
2699
2642
2509
2452
2458
2411
2311
2142
1937
1771
1613
1477
1258
934
604
428
316
135
-49
-144
-11
119
255
333
454
682
774
981
1276
1493
1569
1580
1784
2004
1977
1812
1758
1745
1628
1291
1034
936
737
454
160
11
-164
-420
-619
-724
-845
-1099
-1397
-1618
-1799
-2011
-2289
-2489
-2637
-2731
-2768
-2825
-2887
-2952
-2992
-2966
-3008
-2981
-2989
-2885
-2680
-2533
-2345
-2067
-1690
-1313
-810
-331
148
455
762
1148
1679
2000
2072
2077
2202
2363
2353
2302
2170
2099
1933
1824
1695
1536
1248
1007
928
862
734
505
526
654
701
663
630
772
847
796
860
1075
1203
1268
1334
1610
1746
1689
1621
1598
1581
1355
1024
785
562
350
101
-164
-326
-510
-607
-695
-740
-852
-994
-1123
-1258
-1403
-1575
-1750
-1899
-1985
-2047
-2090
-2196
-2257
-2353
-2395
-2384
-2442
-2463
-2548
-2528
-2408
-2339
-2288
-2196
-1962
-1680
-1359
-1029
-699
-450
-164
216
704
1125
1258
1349
1585
1843
1966
1950
1935
1911
1896
1846
1761
1658
1456
1299
1247
1259
1105
895
921
1033
1064
925
889
1005
1053
990
993
1106
1174
1159
1186
1433
1502
1408
1379
1374
1353
1129
859
627
434
180
-102
-318
-488
-625
-729
-718
-742
-821
-891
-964
-1037
-1149
-1302
-1448
-1520
-1608
-1658
-1713
-1731
-1755
-1825
-1821
-1855
-1913
-2024
-2109
-2097
-2060
-2087
-2166
-2165
-2047
-1890
-1718
-1468
-1190
-966
-716
-411
12
420
565
675
895
1221
1384
1444
1480
1545
1590
1599
1615
1594
1549
1431
1398
1475
1419
1274
1260
1352
1359
1190
1100
1149
1148
1026
944
1014
1165
1148
1185
1368
1454
1472
1420
1432
1402
1265
1027
838
692
495
260
43
-90
-238
-361
-408
-495
-608
-726
-834
-963
-1117
-1290
-1453
-1538
-1578
-1610
-1630
-1577
-1575
-1595
-1585
-1578
-1587
-1659
-1726
-1758
-1704
-1758
-1858
-1913
-1839
-1689
-1549
-1326
-1097
-927
-779
-655
-382
-91
-7
-38
54
272
456
489
524
707
843
960
996
1105
1223
1244
1315
1427
1541
1528
1557
1638
1712
1625
1467
1350
1282
1215
1065
1027
1085
1123
1178
1329
1442
1542
1535
1483
1404
1266
1050
817
607
420
191
2
-141
-282
-324
-381
-406
-473
-570
-671
-759
-858
-997
-1134
-1235
-1265
-1333
-1413
-1441
-1465
-1499
-1543
-1562
-1555
-1583
-1619
-1631
-1566
-1499
-1480
-1565
-1556
-1514
-1500
-1472
-1465
-1374
-1318
-1227
-1100
-781
-533
-421
-362
-221
47
175
191
238
442
648
719
827
1020
1194
1281
1343
1491
1614
1630
1627
1708
1786
1742
1598
1535
1656
1704
1633
1560
1590
1666
1677
1644
1648
1649
1557
1435
1289
1194
959
615
416
238
51
-217
-437
-516
-580
-663
-769
-832
-864
-920
-1004
-1031
-1078
-1167
-1205
-1188
-1159
-1211
-1227
-1187
-1124
-1158
-1165
-1183
-1197
-1228
-1273
-1197
-1230
-1364
-1517
-1570
-1570
-1578
-1633
-1604
-1495
-1412
-1345
-1211
-933
-741
-647
-560
-382
-161
-4
47
223
487
699
831
968
1205
1401
1484
1536
1682
1804
1858
1826
1853
1901
1789
1705
1662
1727
1694
1633
1615
1678
1727
1675
1632
1622
1651
1483
1254
1089
918
681
380
152
-43
-251
-494
-683
-758
-823
-908
-1000
-1005
-1067
-1161
-1220
-1287
-1316
-1398
-1423
-1372
-1330
-1325
-1291
-1191
-1125
-1101
-1104
-1065
-1090
-1132
-1144
-1174
-1170
-1257
-1390
-1454
-1416
-1400
-1447
-1435
-1342
-1236
-1168
-1060
-876
-679
-552
-536
-396
-122
83
143
259
534
766
881
965
1182
1360
1453
1458
1555
1746
1806
1823
1826
1899
1876
1784
1711
1765
1743
1599
1511
1554
1648
1585
1494
1504
1536
1431
1243
1118
977
739
472
272
60
-198
-446
-641
-711
-841
-997
-1081
-1124
-1160
-1266
-1316
-1348
-1400
-1450
-1439
-1379
-1361
-1348
-1308
-1170
-1095
-1108
-1086
-1068
-1046
-1094
-1114
-1116
-1087
-1145
-1283
-1312
-1299
-1258
-1292
-1270
-1200
-1106
-1011
-978
-784
-577
-471
-430
-288
-28
214
329
451
745
1009
1205
1272
1414
1590
1628
1589
1581
1683
1731
1691
1677
1714
1671
1619
1558
1601
1615
1470
1347
1352
1404
1398
1327
1288
1309
1303
1215
1089
995
884
730
550
358
132
-79
-238
-419
-552
-706
-875
-1035
-1135
-1272
-1397
-1523
-1631
-1678
-1718
-1681
-1695
-1667
-1561
-1471
-1411
-1378
-1342
-1315
-1274
-1263
-1237
-1186
-1144
-1111
-1114
-1087
-1081
-1045
-992
-1033
-1004
-956
-869
-830
-762
-628
-515
-391
-297
-102
143
379
491
679
1000
1177
1293
1398
1582
1698
1716
1703
1772
1899
1927
1868
1827
1852
1794
1656
1588
1530
1417
1271
1149
1147
1145
1044
937
940
977
939
809
760
720
646
540
325
222
116
-31
-191
-294
-409
-547
-696
-835
-947
-1089
-1203
-1356
-1435
-1477
-1571
-1614
-1618
-1617
-1615
-1648
-1678
-1683
-1651
-1627
-1604
-1567
-1439
-1335
-1280
-1199
-1176
-1097
-1026
-964
-989
-975
-918
-830
-743
-697
-555
-453
-293
-207
-69
162
322
458
603
835
1012
1149
1233
1406
1556
1616
1636
1699
1906
1971
1926
1930
1948
1952
1827
1704
1651
1583
1442
1285
1248
1245
1135
987
1000
1002
902
752
657
642
534
387
229
135
28
-114
-242
-333
-410
-548
-657
-770
-889
-987
-1107
-1216
-1308
-1398
-1464
-1473
-1501
-1514
-1508
-1530
-1543
-1573
-1523
-1525
-1560
-1520
-1474
-1387
-1345
-1305
-1262
-1195
-1122
-1072
-1020
-1020
-976
-892
-748
-683
-622
-487
-393
-273
-151
22
168
344
482
687
917
1076
1213
1343
1577
1666
1715
1812
1926
2012
1990
1986
2011
2008
1904
1785
1709
1680
1579
1424
1374
1319
1231
1154
1061
1026
981
878
756
675
630
517
359
248
147
34
-68
-209
-313
-382
-510
-625
-723
-802
-936
-1086
-1198
-1271
-1363
-1470
-1528
-1566
-1597
-1664
-1734
-1699
-1677
-1667
-1656
-1628
-1529
-1421
-1333
-1291
-1229
-1195
-1149
-1127
-1027
-984
-1034
-984
-908
-739
-658
-620
-543
-392
-233
-148
-42
107
276
397
594
740
901
1054
1200
1416
1562
1689
1752
1902
2044
2090
2084
2075
2099
2034
1958
1848
1774
1678
1556
1469
1392
1288
1145
1078
1016
922
757
631
543
425
291
147
46
-21
-139
-229
-299
-353
-443
-537
-598
-656
-765
-889
-965
-1054
-1101
-1252
-1362
-1397
-1475
-1519
-1618
-1646
-1673
-1674
-1683
-1663
-1625
-1571
-1495
-1463
-1361
-1335
-1273
-1182
-1074
-992
-970
-895
-793
-599
-483
-431
-350
-233
-108
-17
93
175
282
402
519
664
802
921
1065
1247
1386
1488
1565
1685
1847
1936
2003
2027
2043
2050
1992
1960
1933
1876
1792
1709
1651
1570
1454
1358
1263
1135
1004
836
650
500
344
214
55
-79
-203
-309
-390
-478
-549
-623
-679
-758
-814
-897
-988
-1052
-1146
-1210
-1254
-1290
-1336
-1382
-1438
-1458
-1472
-1519
-1537
-1540
-1486
-1483
-1481
-1431
-1395
-1355
-1325
-1238
-1138
-1052
-1015
-954
-841
-688
-533
-454
-329
-247
-149
-24
8
85
179
325
407
489
608
760
892
1009
1143
1239
1364
1408
1535
1709
1765
1757
1753
1828
1824
1753
1717
1722
1727
1642
1559
1550
1545
1408
1298
1277
1168
974
785
694
585
406
197
66
-27
-156
-308
-421
-460
-581
-727
-801
-892
-1010
-1142
-1232
-1294
-1353
-1415
-1434
-1439
-1392
-1377
-1413
-1403
-1419
-1424
-1402
-1414
-1405
-1361
-1311
-1262
-1229
-1183
-1106
-1003
-915
-858
-830
-772
-698
-564
-403
-381
-324
-255
-135
-54
-15
47
144
272
348
474
596
768
878
1000
1155
1258
1385
1475
1623
1677
1671
1637
1633
1657
1631
1578
1553
1606
1597
1557
1518
1472
1420
1324
1195
1057
931
751
596
516
412
278
149
99
33
-72
-182
-315
-412
-549
-720
-877
-1005
-1141
-1280
-1371
-1424
-1457
-1490
-1465
-1466
-1484
-1480
-1501
-1466
-1439
-1417
-1409
-1361
-1309
-1238
-1178
-1105
-1026
-954
-835
-769
-698
-642
-639
-559
-406
-254
-216
-211
-168
-88
-17
-26
-16
50
183
234
292
434
577
721
849
1008
1138
1250
1322
1447
1576
1592
1491
1440
1503
1504
1429
1389
1400
1452
1426
1356
1351
1301
1198
1060
971
837
639
455
392
321
170
58
-23
-20
-76
-174
-273
-351
-447
-581
-714
-842
-962
-1074
-1116
-1192
-1283
-1319
-1353
-1326
-1339
-1362
-1397
-1387
-1370
-1379
-1371
-1374
-1323
-1299
-1214
-1160
-1118
-1059
-1002
-881
-802
-707
-695
-611
-458
-244
-110
-121
-97
-31
124
121
68
114
214
307
344
453
597
750
847
1008
1188
1283
1307
1346
1504
1505
1363
1258
1270
1331
1265
1175
1192
1283
1267
1196
1165
1148
1040
885
840
743
573
390
295
289
209
63
-55
-75
-116
-228
-364
-465
-551
-684
-802
-943
-1067
-1136
-1225
-1257
-1270
-1309
-1322
-1313
-1307
-1302
-1316
-1305
-1299
-1290
-1225
-1220
-1212
-1147
-1128
-1063
-1024
-980
-931
-868
-786
-749
-725
-692
-595
-412
-237
-264
-310
-219
-82
-7
-44
2
150
299
377
487
688
850
955
1113
1344
1441
1401
1454
1583
1633
1495
1357
1373
1417
1320
1171
1163
1225
1167
1021
1002
957
793
644
547
506
400
241
170
201
194
86
-3
11
15
-85
-196
-318
-424
-524
-687
-802
-926
-1019
-1087
-1149
-1180
-1220
-1269
-1303
-1298
-1300
-1296
-1324
-1338
-1276
-1245
-1216
-1168
-1109
-1038
-976
-929
-857
-773
-698
-615
-553
-472
-489
-479
-300
-137
-66
-168
-186
-79
33
16
-49
22
187
308
355
540
737
896
1079
1300
1489
1505
1489
1565
1681
1623
1469
1419
1503
1520
1378
1334
1367
1340
1239
1080
996
849
669
516
437
338
170
61
64
75
-11
-62
-94
-106
-152
-290
-396
-477
-550
-666
-777
-855
-923
-985
-1030
-1064
-1138
-1186
-1263
-1304
-1300
-1348
-1392
-1388
-1318
-1277
-1268
-1243
-1178
-1120
-1067
-1028
-970
-856
-812
-752
-642
-554
-504
-441
-266
-76
1
-38
-36
84
189
165
133
212
320
384
465
584
763
894
1029
1226
1403
1443
1380
1433
1540
1550
1410
1374
1422
1432
1351
1239
1295
1300
1179
1034
955
831
633
494
440
376
232
134
95
79
28
-98
-159
-174
-241
-361
-461
-528
-604
-690
-756
-786
-842
-835
-871
-905
-925
-1002
-1047
-1059
-1048
-1073
-1141
-1196
-1154
-1108
-1068
-1071
-1041
-943
-899
-868
-780
-708
-648
-597
-503
-424
-422
-415
-333
-222
-163
-147
-95
50
116
135
209
281
363
398
475
572
656
712
812
942
1022
1054
1083
1188
1237
1225
1234
1225
1238
1202
1154
1085
1029
951
858
784
687
586
462
408
334
256
190
96
53
7
-45
-129
-198
-262
-326
-403
-491
-555
-603
-631
-698
-754
-756
-802
-831
-876
-903
-943
-987
-1014
-1016
-1031
-1052
-1052
-1045
-984
-1005
-1038
-991
-952
-896
-880
-821
-752
-687
-610
-541
-461
-381
-288
-200
-75
-5
54
153
218
305
360
423
479
551
622
689
777
840
915
986
1080
1107
1108
1163
1176
1187
1166
1152
1133
1103
1058
1004
924
862
804
711
659
558
461
419
343
291
203
130
71
7
-58
-109
-161
-220
-275
-334
-346
-416
-475
-505
-553
-571
-628
-663
-688
-699
-725
-748
-776
-777
-764
-768
-749
-786
-802
-769
-766
-755
-760
-741
-726
-702
-657
-629
-589
-538
-486
-457
-376
-312
-265
-171
-97
-8
63
128
196
265
326
367
424
474
533
584
662
708
764
839
861
927
949
977
993
1007
1014
1002
971
928
901
840
815
747
669
625
549
477
407
350
279
208
155
97
42
-32
-93
-168
-207
-289
-384
-429
-478
-510
-568
-606
-637
-653
-656
-655
-665
-672
-679
-693
-669
-669
-677
-681
-700
-690
-666
-652
-649
-638
-615
-604
-589
-561
-527
-498
-460
-435
-432
-372
-343
-290
-218
-151
-81
-3
87
154
219
293
352
392
472
504
530
597
616
672
716
757
780
805
815
831
849
851
846
820
811
751
703
684
633
588
550
514
464
414
365
323
281
244
200
144
120
46
-45
-96
-166
-228
-302
-379
-461
-511
-565
-618
-661
-709
-713
-737
-716
-741
-772
-734
-716
-673
-674
-640
-618
-573
-538
-509
-485
-455
-410
-411
-376
-379
-371
-340
-318
-296
-259
-226
-207
-168
-114
-62
-42
-1
59
115
185
222
273
354
398
444
486
532
588
620
657
680
702
721
737
731
732
705
639
625
568
527
475
446
414
377
340
290
272
238
214
177
183
148
94
95
51
35
-15
-56
-115
-182
-241
-308
-361
-411
-461
-548
-569
-617
-667
-668
-709
-716
-735
-715
-710
-703
-686
-663
-618
-585
-540
-532
-454
-419
-404
-364
-355
-319
-314
-280
-257
-232
-216
-194
-177
-149
-127
-118
-58
-20
21
82
117
164
215
262
300
331
387
436
471
504
544
567
643
674
665
684
660
653
606
570
526
483
433
394
346
311
277
225
238
203
172
159
135
126
104
99
89
83
59
16
-27
-66
-115
-172
-208
-286
-368
-387
-448
-506
-536
-562
-593
-620
-644
-667
-677
-689
-700
-691
-632
-617
-598
-521
-494
-447
-410
-370
-343
-335
-304
-274
-240
-226
-221
-213
-173
-167
-165
-128
-120
-79
-62
-3
36
87
141
185
251
289
334
382
451
465
487
539
556
597
617
631
641
649
630
613
599
547
491
427
419
346
259
218
165
156
114
90
67
52
64
63
62
53
44
26
29
-7
-62
-75
-121
-156
-197
-214
-248
-272
-306
-343
-364
-389
-414
-441
-431
-459
-495
-505
-514
-502
-493
-455
-438
-394
-350
-312
-282
-267
-239
-227
-169
-175
-188
-160
-161
-140
-137
-128
-113
-84
-53
-15
33
65
102
143
212
214
225
277
292
327
351
385
410
443
470
496
512
530
556
543
569
532
480
462
410
385
332
270
230
193
153
118
85
75
71
56
65
55
46
57
30
35
6
-24
-64
-96
-124
-144
-176
-206
-189
-219
-196
-220
-246
-231
-263
-254
-281
-296
-315
-332
-344
-354
-359
-364
-354
-352
-291
-273
-285
-255
-246
-224
-221
-228
-233
-236
-213
-204
-205
-184
-158
-136
-71
-62
-52
9
57
114
136
176
210
248
268
276
289
307
322
337
378
371
369
389
381
398
380
361
327
297
265
235
191
153
138
119
124
81
65
73
59
57
52
48
36
18
-5
-21
-39
-66
-82
-104
-96
-131
-143
-120
-123
-118
-117
-106
-130
-138
-157
-159
-168
-174
-171
-188
-162
-183
-201
-168
-181
-174
-173
-173
-172
-185
-204
-218
-230
-244
-242
-261
-223
-218
-233
-208
-198
-154
-138
-110
-78
-37
-13
8
39
72
109
125
188
203
193
236
257
272
278
278
289
292
277
248
227
230
215
181
182
155
127
139
109
106
87
60
57
46
19
-9
-24
-49
-56
-76
-71
-88
-108
-97
-113
-109
-110
-105
-106
-87
-81
-91
-76
-65
-49
-65
-45
-53
-78
-59
-82
-83
-97
-92
-91
-107
-128
-140
-142
-170
-186
-196
-181
-211
-245
-240
-267
-250
-240
-245
-249
-226
-204
-191
-173
-146
-138
-139
-84
-87
-90
-51
-39
-9
14
21
31
60
67
62
71
67
77
73
99
88
54
76
75
95
101
118
116
141
144
131
118
103
94
46
55
9
-43
-56
-92
-104
-143
-146
-141
-147
-159
-148
-131
-124
-101
-94
-63
-62
-63
-39
-32
3
11
22
40
70
71
59
65
48
26
-13
-8
-62
-116
-117
-154
-177
-197
-209
-221
-234
-230
-223
-225
-211
-194
-194
-148
-152
-177
-134
-131
-124
-112
-89
-90
-83
-89
-66
-31
-41
-46
-60
-41
-62
-88
-74
-93
-78
-82
-75
-68
-39
-21
-1
44
51
66
66
114
100
69
80
62
36
7
-8
-45
-66
-81
-112
-146
-172
-178
-198
-193
-217
-237
-209
-193
-175
-181
-163
-135
-110
-78
-48
-28
-14
15
27
59
36
21
33
4
-9
-33
-55
-73
-86
-121
-147
-165
-175
-172
-206
-198
-213
-224
-198
-209
-209
-199
-183
-177
-160
-153
-151
-141
-149
-138
-139
-125
-143
-171
-157
-182
-187
-201
-202
-219
-223
-208
-191
-173
-152
-128
-120
-64
-53
-55
-12
-13
4
11
27
39
45
29
16
13
-15
-6
-30
-41
-67
-101
-106
-139
-147
-170
-170
-161
-147
-145
-127
-107
-79
-58
-46
15
24
17
55
48
70
82
83
65
50
49
42
33
9
6
-16
1
-36
-73
-71
-102
-92
-100
-114
-132
-153
-156
-153
-143
-143
-142
-152
-116
-143
-179
-157
-177
-178
-197
-192
-199
-216
-235
-245
-254
-251
-241
-234
-197
-213
-197
-164
-130
-84
-71
-51
-40
-20
-1
30
42
46
60
40
71
56
10
28
-7
-18
-40
-39
-53
-78
-98
-117
-133
-129
-116
-139
-103
-113
-102
-57
-45
-23
-42
-22
-6
21
38
37
30
22
43
26
35
5
-23
-21
-45
-38
-54
-55
-81
-118
-129
-144
-150
-161
-181
-189
-165
-184
-201
-179
-204
-199
-215
-219
-235
-235
-230
-245
-258
-275
-285
-298
-267
-279
-313
-285
-288
-262
-250
-222
-192
-153
-127
-119
-101
-78
-37
-47
-9
-18
-28
10
2
13
-2
-11
-6
6
-6
-45
-71
-89
-84
-94
-84
-105
-127
-103
-101
-82
-91
-77
-68
-68
-69
-68
-69
-49
-34
-54
-28
-36
-38
-22
-39
-39
-40
-45
-47
-43
-73
-83
-82
-85
-80
-108
-96
-106
-132
-125
-144
-148
-152
-148
-160
-163
-173
-164
-165
-186
-191
-228
-215
-240
-274
-263
-284
-283
-282
-272
-252
-234
-210
-193
-173
-160
-130
-121
-52
-59
-90
-53
-44
-16
-11
17
7
-1
-3
-8
-16
-25
-16
-45
-33
-45
-71
-61
-86
-77
-72
-68
-69
-78
-86
-96
-87
-84
-83
-86
-66
-83
-95
-84
-107
-99
-105
-114
-125
-127
-119
-112
-100
-101
-108
-141
-104
-104
-136
-119
-143
-131
-143
-140
-150
-155
-147
-142
-150
-181
-184
-195
-167
-189
-228
-214
-249
-239
-256
-263
-283
-277
-269
-261
-252
-249
-224
-223
-165
-179
-177
-151
-146
-118
-105
-73
-62
-41
-33
-36
-37
-49
-46
-51
-25
-48
-77
-61
-80
-73
-88
-75
-74
-61
-52
-50
-32
-35
-34
-48
-12
-40
-72
-44
-67
-66
-88
-98
-110
-115
-110
-108
-101
-107
-107
-121
-88
-98
-132
-122
-119
-102
-101
-92
-101
-83
-65
-65
-57
-84
-76
-98
-89
-107
-151
-146
-177
-185
-190
-201
-224
-222
-232
-238
-258
-258
-253
-254
-229
-250
-245
-209
-204
-180
-153
-135
-119
-94
-89
-84
-84
-74
-48
-69
-25
-39
-64
-45
-75
-78
-91
-77
-82
-75
-64
-70
-68
-67
-50
-58
-9
-27
-52
-42
-54
-31
-40
-28
-30
-27
-31
-38
-41
-52
-56
-79
-55
-104
-141
-132
-165
-167
-161
-169
-157
-152
-152
-138
-133
-100
-81
-82
-54
-74
-92
-49
-53
-62
-77
-82
-97
-100
-118
-130
-129
-137
-138
-131
-121
-144
-152
-127
-142
-136
-144
-129
-124
-127
-118
-108
