-2
3
14
37
61
62
49
29
20
-7
31
-1
-20
26
23
37
30
30
12
7
-14
-24
-9
2
8
2
38
8
-27
3
-21
-1
9
19
14
15
12
0
3
-3
0
-8
52
45
37
66
48
47
13
-2
-5
3
-2
-7
-11
-1
10
2
49
50
54
90
69
101
62
41
33
61
97
98
91
77
54
12
16
8
9
42
51
82
103
111
108
94
89
65
31
9
19
33
75
72
61
64
28
18
-12
8
35
64
90
113
140
151
163
131
128
77
31
55
54
71
78
95
104
90
66
45
25
-15
-11
-29
-14
-58
-74
-16
-13
37
70
69
41
43
48
66
71
37
25
-11
1
-29
-65
-33
-39
-39
-43
-50
-76
-67
-40
-33
-49
-19
10
9
35
16
-31
-32
-51
-68
-54
-16
43
82
78
58
23
0
14
-6
13
24
21
44
33
5
-45
-64
-100
-129
-122
-82
-44
7
59
67
114
96
39
23
-3
-10
-65
-111
-123
-98
-65
-8
51
73
65
28
-1
-58
-109
-106
-126
-99
-61
-49
-64
-47
15
-20
-78
-75
-50
-57
55
183
128
30
-13
7
-61
-122
-129
-109
-40
-29
-48
-3
52
31
55
95
111
115
151
180
130
36
-4
18
50
78
86
122
127
92
120
100
1
-16
-25
-8
16
71
98
140
182
174
119
76
81
-5
-56
-81
-72
-24
30
148
213
222
177
138
108
77
5
-14
4
11
54
79
118
117
48
-26
-124
-186
-122
-56
-49
-34
60
123
113
3
-40
-78
-92
-95
-135
-74
62
154
151
197
192
89
-35
-50
-36
-82
-42
-14
45
129
112
93
79
65
-12
-23
15
19
35
74
80
100
195
196
121
115
30
-116
-152
8
118
72
49
69
65
18
-102
-226
-140
-72
-125
-66
78
119
142
228
259
239
216
69
-18
-47
-119
-167
2
143
119
147
175
118
23
-15
-122
-236
-202
-70
-60
-58
45
36
103
178
184
150
116
99
48
15
-8
53
98
77
73
204
257
176
209
184
89
92
36
102
261
371
371
382
265
144
62
-64
-146
9
279
305
284
378
428
406
325
217
129
27
-94
-55
85
126
184
230
366
382
212
66
49
8
-116
-142
-101
-18
71
51
62
224
388
319
207
192
208
39
-154
-92
-26
68
161
188
216
256
167
58
30
-48
-42
-74
-127
-93
-26
-41
-60
74
86
-44
-9
87
68
92
144
78
105
143
50
48
80
16
-76
-25
34
129
267
249
268
305
204
18
-109
-339
-489
-489
-531
-303
-75
-47
-49
151
144
14
-42
-153
-190
-110
-55
-10
246
270
152
238
179
-173
-294
-327
-439
-382
-211
-134
86
310
163
-34
49
5
-205
-187
-158
-18
169
265
262
370
185
-252
-338
-365
-357
-244
-206
-79
319
346
108
142
9
-296
-307
-188
-338
-160
105
-34
134
299
69
39
118
-97
-218
-173
-292
-182
53
4
45
219
43
-83
20
-111
-199
-144
-153
-87
64
39
59
87
15
52
51
-140
-109
66
-99
-145
17
-9
-77
143
6
-147
-93
-209
-319
-238
-185
-87
42
-24
136
304
162
-51
52
-54
-231
-87
-163
-212
79
154
43
238
234
43
38
-26
34
227
118
-54
155
132
-17
122
71
-69
38
-47
-188
87
99
-99
32
145
-25
96
166
63
236
200
16
149
356
-13
18
149
-12
-111
-65
-42
15
60
-134
-58
-138
-141
-62
47
-107
16
186
110
189
70
106
92
72
-61
21
117
78
344
395
320
368
233
-111
-80
-48
-201
134
265
177
343
543
229
123
161
-106
-229
-250
-220
-251
37
14
12
45
33
123
-2
-24
216
416
85
182
457
432
237
222
239
191
75
-51
149
80
-68
-56
24
-18
135
119
159
229
218
69
-86
313
134
-131
-40
135
150
132
240
102
24
-145
-165
-117
89
276
153
59
111
122
10
5
48
-109
-473
-455
-456
-244
-135
-181
55
166
103
118
339
322
92
63
-22
31
178
125
147
274
220
-96
-75
-45
-19
-121
-255
-220
-50
-36
-251
109
97
-95
-13
70
-20
-64
131
8
-70
-37
-37
23
142
177
259
209
232
243
308
256
195
89
-356
-396
-368
-297
-280
-173
-35
-66
-47
132
49
-81
-110
-124
-158
-125
1
59
2
17
-91
-145
-143
-165
-95
-179
-77
35
-116
-198
-147
-129
-27
-39
-36
-103
-154
-197
-289
-374
-352
-238
-266
-184
8
418
298
125
142
19
-179
-309
-380
-260
-204
-111
210
340
450
297
181
27
-69
-223
-413
-540
-427
-189
-220
-46
155
257
119
-1
-82
-187
-135
-414
-454
-241
-105
-194
-83
163
206
141
2
-168
-365
-351
-403
-263
-61
140
239
257
263
248
148
-254
-369
-536
-675
-771
-354
-75
-78
89
70
28
-1
-163
-330
-365
-487
-331
-206
-62
307
544
368
182
383
163
-156
-184
-245
-293
-185
-135
-160
198
223
-92
-139
-132
-320
-493
-485
-488
-216
-135
-190
64
395
411
339
487
350
278
118
-225
-194
-142
-347
-349
-152
8
105
226
293
209
-55
-216
-123
-260
-452
-363
-241
-224
64
268
312
515
623
374
191
354
315
240
137
204
337
233
45
159
389
183
-2
-75
-126
-404
-336
-299
-322
-85
-79
19
175
327
362
475
409
267
261
255
122
147
247
145
233
316
269
179
126
-22
-176
-288
-296
-373
-407
-182
163
307
161
452
549
286
40
55
183
176
215
276
373
622
718
534
354
486
380
-224
-386
-156
-200
-376
-97
91
67
83
37
-108
-91
14
-128
-176
-196
-34
223
400
470
702
797
628
469
407
208
-247
-467
-707
-936
-795
-555
-453
-123
263
297
159
63
56
-147
-314
-296
-381
-459
-402
-228
-61
128
156
146
236
173
-72
-26
-113
-186
-241
-221
-93
-21
13
40
136
-132
-121
-96
-370
-598
-330
-310
-319
207
150
-71
182
304
-53
54
93
6
191
103
-116
99
204
-293
-488
-327
-316
-299
-116
-244
-108
100
74
-18
88
213
314
291
91
299
391
19
-298
-164
-95
-310
-282
-96
54
-30
-246
-206
107
35
-41
91
101
61
55
-238
-209
-42
-323
-620
-557
-292
51
142
205
495
311
30
-42
-8
-171
-166
-309
-376
-146
-31
-156
-25
206
21
-154
-157
-29
-105
-234
-176
-55
-29
-125
-56
-176
-279
-218
-306
-498
-322
-191
-208
-123
51
47
29
-126
-99
35
-134
-298
91
44
-291
-112
-104
103
-31
-285
-87
240
155
-34
38
83
27
-156
-299
-110
-20
-202
-342
-78
127
152
162
98
287
330
72
62
225
171
-117
-268
-133
93
78
-229
-88
207
-82
-399
-51
80
-80
-145
-140
41
164
144
120
85
28
205
46
-185
303
555
183
41
356
342
213
302
396
401
207
-165
-107
-100
-366
-339
-415
-509
-450
-341
-336
-80
117
-69
-62
24
98
257
193
224
335
91
-302
-234
-105
-235
-161
-95
-76
69
182
132
414
555
345
190
44
-143
26
-130
-249
-284
-615
-676
-586
-503
-275
-85
-238
-184
-140
-247
-60
73
-117
-266
-93
-22
36
101
162
59
-391
-546
-245
-353
-492
-153
-173
-580
-457
-166
-127
-133
-238
-294
-432
-404
-426
-288
-266
-246
-220
-585
-543
-110
-252
-449
-188
-100
-191
-81
133
286
353
222
30
-19
-111
-309
-442
-642
-702
-876
-1094
-859
-560
-572
-472
-356
-298
-168
-107
-20
218
297
121
-173
-142
39
-134
-161
-103
-249
-327
-147
62
-34
-106
-34
-290
-540
-339
-193
-353
-474
-298
-209
-320
-167
30
57
-39
-238
-348
-273
-248
-261
-82
62
-39
88
355
646
748
658
654
349
117
200
212
198
215
318
-12
-252
22
88
-126
-313
-285
-441
-631
-569
-376
-213
-266
-239
-125
-19
259
388
116
131
180
79
90
247
443
501
385
298
474
632
316
63
-58
-190
-408
-501
-216
69
-10
-76
0
-48
143
304
153
131
425
386
-36
83
766
736
204
167
473
301
-132
100
416
72
-118
104
150
107
120
91
-133
-237
-89
-79
-251
-148
-38
-266
-334
110
324
20
63
474
524
469
594
931
937
566
614
535
279
16
41
-56
-170
-126
-471
-597
-322
-126
-247
-168
180
228
-168
-229
130
74
-189
-335
-166
87
141
239
332
646
643
286
227
481
491
157
41
-26
177
397
279
170
434
423
-33
-291
-104
-148
-546
-441
-123
-42
110
430
538
554
798
688
154
218
180
-233
-492
-141
265
134
-2
267
583
208
17
251
157
-83
-127
-57
-26
96
-14
-102
84
135
144
55
-95
-50
-1
-311
-439
-55
210
134
9
374
766
426
246
548
623
63
-225
-40
-50
34
108
-109
94
356
300
233
169
364
191
-472
-546
-108
-153
-410
-74
264
147
198
265
368
477
149
-220
-98
38
-59
-3
-42
125
375
227
254
629
455
5
15
-79
-231
39
-1
-161
108
177
-155
37
321
204
-55
-280
-287
-417
-569
-471
-225
-267
-338
77
244
270
565
329
-18
96
117
-182
-273
-100
-181
-323
-204
-29
47
25
-72
126
146
115
465
715
894
1048
925
781
904
755
252
99
-125
-442
-460
-401
-218
167
617
657
907
1346
1396
1072
903
943
648
263
170
456
450
122
322
700
508
246
274
140
-139
-280
-452
-591
-561
-343
-155
-181
-85
95
-57
-221
-313
-459
-778
-1173
-1373
-1522
-1355
-1366
-1245
-662
-256
-201
-19
378
249
-100
-354
-703
-1126
-1390
-1649
-1775
-1642
-1678
-1414
-1053
-1094
-1010
-810
-1099
-1321
-1164
-1453
-1822
-1740
-1766
-1742
-1574
-1549
-1301
-962
-900
-841
-510
-170
87
456
1031
1497
2058
2334
2596
3116
3057
3027
3157
2894
2676
2622
2570
2359
2190
2071
1800
1651
1471
1207
1039
667
395
299
-21
-57
305
347
429
712
780
768
849
761
601
549
351
222
359
309
197
349
289
69
-49
-262
-585
-922
-1297
-1365
-1514
-1810
-1918
-1957
-2065
-2118
-1887
-1923
-1867
-1675
-1692
-1677
-1494
-1480
-1342
-1250
-1387
-1278
-1131
-1067
-1065
-1073
-1212
-1459
-1637
-1789
-1939
-2252
-2782
-3073
-3122
-3392
-3463
-3107
-2550
-1759
-975
-20
959
1691
2427
2939
3263
3230
3072
3119
2862
2831
3217
3524
3804
3995
4334
4655
4472
4209
3980
3271
2308
1503
1080
549
65
-3
199
392
458
787
1239
1292
1097
1016
884
749
786
822
985
1241
1413
1705
1860
1784
1747
1366
768
245
-341
-883
-1460
-1941
-2272
-2477
-2571
-2586
-2282
-2353
-2663
-2652
-2626
-2701
-2877
-2841
-2695
-2723
-2746
-2538
-2097
-1926
-1810
-1527
-1458
-1588
-1770
-1915
-1869
-1937
-2189
-2301
-2434
-2580
-2734
-2994
-3084
-2995
-2551
-1873
-941
68
809
1710
2480
2963
3275
3392
3423
3032
2518
2376
2350
2593
2861
3319
3869
4033
4420
4636
4506
4100
3358
2748
1866
1002
573
356
286
191
376
771
1091
1330
1461
1488
1320
1055
896
815
777
788
925
988
1080
1270
1290
1042
655
105
-595
-1291
-1870
-2235
-2642
-2873
-2948
-2925
-2855
-2782
-2757
-2940
-3225
-3567
-3776
-3901
-4186
-4308
-4424
-4488
-4235
-3764
-3238
-2935
-2870
-2865
-2905
-3159
-3256
-3297
-3321
-3238
-2483
-945
369
1506
2764
3977
4722
4780
4909
5033
4379
3280
2417
2027
1609
1137
1237
1491
1673
1883
2329
2974
3019
2725
2492
2095
1680
1309
1184
1229
1270
1432
1671
2017
2381
2562
2488
2316
2119
1844
1480
1234
1274
1261
1108
1139
1363
1487
1365
987
615
4
-877
-1654
-2337
-2865
-3369
-3701
-3755
-3702
-3486
-3281
-3117
-3115
-3231
-3292
-3489
-3659
-3906
-4331
-4636
-4870
-4999
-4803
-4540
-4172
-3975
-3821
-3426
-3205
-3119
-3179
-3420
-2762
-1468
-246
909
1557
3011
4408
4843
5539
5813
5637
4966
3656
3216
2596
1756
1333
720
678
633
795
1475
1769
1910
1868
1852
1920
1722
1531
1599
1545
1391
1548
2013
2691
2953
2945
3184
3165
3112
2848
2396
2262
1908
1405
1004
837
1095
887
376
137
-245
-804
-1511
-2220
-2828
-3585
-4276
-4696
-4966
-4969
-4733
-4611
-4634
-4574
-4460
-4215
-4294
-4640
-4948
-5441
-5623
-5558
-5400
-4987
-4865
-4623
-4141
-3956
-3380
-1977
199
1941
2633
3304
4720
6127
6583
6779
6667
5759
4651
3599
3331
2865
1827
1128
463
176
-39
-52
444
76
-691
-1168
-907
-208
-63
216
855
1469
1989
2890
4148
5034
5108
4708
4678
4709
4583
4256
3627
3159
2671
2182
2140
2106
2010
1333
426
-60
-777
-1360
-2035
-2815
-3524
-4269
-4392
-4292
-4185
-4173
-4118
-3962
-3916
-3711
-3451
-3028
-3080
-3780
-4347
-4626
-4736
-5175
-6018
-6383
-6731
-6891
-6869
-6753
-6170
-5362
-3062
-335
1636
2914
4113
6354
7721
7866
7772
7290
6854
5614
4511
4319
3825
3291
2401
1923
1891
1376
1151
438
-620
-1803
-2726
-3043
-3755
-4228
-3809
-2719
-1406
-34
1884
3986
5332
6255
6906
7514
7733
7156
6286
5521
5062
4518
3904
3458
3245
3030
2427
1815
1204
323
-833
-2218
-3511
-4480
-5226
-5726
-6149
-6249
-5926
-5386
-4760
-4534
-4215
-3671
-3222
-3089
-3425
-3436
-3513
-3884
-4368
-5137
-5401
-6020
-6685
-6877
-7220
-6753
-5984
-4608
-2207
-334
1511
3085
4702
6529
7284
7356
7223
6669
5997
5051
4364
4012
3415
2937
2390
2087
1809
1469
848
-227
-1394
-2724
-3521
-4087
-4640
-4797
-4643
-3569
-2120
-460
1817
3831
5406
6465
7340
8293
8440
7991
7360
6466
5660
4955
4445
4087
3579
3065
2544
1920
1382
606
-483
-1771
-3198
-4405
-5229
-5829
-6361
-6654
-6559
-6105
-5688
-5160
-4421
-3817
-3515
-3457
-3522
-3607
-3822
-4438
-5057
-6105
-7015
-7655
-8334
-8298
-8141
-7103
-5040
-2613
57
1978
3941
6223
7890
8794
8593
8271
7695
6592
5633
4549
3998
3508
2822
2449
2158
2177
1912
1211
152
-1316
-2516
-3754
-4992
-6074
-6847
-6819
-6316
-5290
-3363
-725
2107
4748
6932
8859
10393
11143
11256
10599
9498
8297
6820
5579
4552
3788
3145
2406
1869
1407
930
198
-935
-2378
-3715
-4778
-5856
-6686
-7158
-7174
-6814
-6336
-5470
-4354
-3397
-2802
-2732
-2637
-2582
-2853
-3292
-4301
-5303
-6302
-7354
-8128
-8705
-8891
-8444
-7198
-4939
-2263
37
2061
4301
6490
8149
8750
8593
8260
7492
6441
5307
4466
3939
3337
2659
2342
2397
2467
2156
1214
-50
-1393
-2829
-4232
-5647
-6937
-7638
-7796
-7279
-5955
-3957
-1561
1011
3589
6516
9129
10816
11807
11960
11834
11170
9869
8604
7097
5622
4379
3296
2565
1866
1205
428
-611
-1652
-2662
-3665
-4976
-6277
-7295
-7743
-7724
-7719
-7201
-6397
-5341
-4140
-3303
-2315
-1674
-1622
-1938
-2736
-3456
-4616
-6039
-7733
-9483
-10338
-10491
-9213
-6716
-4120
-1435
813
3316
6548
9081
10157
9748
8848
8028
6969
5733
4427
3491
2624
1712
1540
2092
3029
3214
2342
1161
10
-1020
-2495
-4452
-6444
-8326
-9326
-9245
-8260
-6442
-4346
-1912
941
4219
7676
10496
12237
12755
12766
12437
11714
10676
8964
7095
5460
4217
3468
2941
2447
1626
473
-656
-1649
-2575
-3867
-5613
-7297
-8389
-8714
-8615
-8286
-7686
-6761
-5662
-4631
-3461
-2377
-1913
-2110
-2708
-3403
-3880
-4689
-6236
-8019
-9957
-10602
-9311
-7244
-4460
-2245
-492
2504
5747
8972
10599
10346
9716
8601
7502
6107
4773
3632
2098
767
121
970
2300
2703
2165
1070
496
-142
-1367
-2971
-5215
-7416
-8984
-9577
-8661
-7212
-5569
-3523
-1199
2009
5585
8923
11378
12608
12945
12887
12858
12265
10974
9080
6922
5352
4186
3557
2947
1895
738
-565
-1442
-2112
-3106
-4552
-6353
-7739
-8397
-8498
-8264
-7866
-7343
-6721
-5915
-4786
-3545
-2911
-3184
-3688
-4197
-4545
-5142
-6616
-8059
-9284
-9422
-8309
-6872
-4833
-2428
351
3040
5243
7791
9977
10786
10012
8599
7841
7117
5720
3823
2145
1397
911
647
859
1240
1386
593
-377
-1100
-1947
-3083
-5058
-7069
-8368
-8908
-8421
-7467
-5843
-3789
-1305
1597
5001
8560
11058
12511
13043
13344
13422
12773
11609
9726
7702
6112
4806
3967
3093
2027
831
-414
-1346
-2120
-3064
-4454
-6155
-7638
-8351
-8403
-8277
-8015
-7739
-7214
-6248
-5119
-4069
-3701
-3718
-4102
-4600
-5040
-6095
-7254
-8584
-9720
-9658
-8554
-6510
-3813
-1331
962
3872
7016
9573
11182
11063
10535
9727
8261
6981
5443
3798
2306
948
301
716
1230
1135
673
51
-568
-1329
-2634
-4246
-6078
-7944
-9227
-9600
-9038
-7766
-6208
-3950
-957
2274
5951
9376
11853
13428
13812
13959
14050
13049
11510
9558
7376
5941
4853
3835
3040
2013
814
-166
-1143
-2068
-3126
-4991
-6789
-8125
-8940
-9027
-8982
-8773
-8337
-7522
-6256
-5164
-4181
-3597
-3887
-4357
-4958
-5768
-6718
-8547
-10331
-10651
-9749
-6662
-3757
-2130
203
3354
7601
10699
11318
11596
11423
10528
8797
6869
5900
4588
2383
-15
-341
1041
1724
1337
256
111
300
-753
-1900
-3627
-5695
-7679
-9693
-10110
-9408
-8492
-7264
-5704
-2586
1639
5180
7966
9996
12267
13988
13961
13706
13042
11906
10348
8054
6925
6256
5116
3741
2495
1703
1067
109
-1746
-3123
-4627
-6574
-7698
-8793
-9289
-9272
-9369
-8739
-7737
-6512
-5570
-4969
-4659
-4431
-4377
-5151
-6021
-7209
-8679
-10238
-11215
-10074
-7876
-4932
-2200
-395
2734
6490
10266
12423
11768
11144
10703
9685
7910
5625
4235
2803
976
-508
85
1929
2031
894
-168
-9
364
-1197
-3453
-5610
-7629
-9196
-10417
-10156
-9018
-7827
-6359
-4203
23
4869
8475
10449
11517
13272
14450
14418
13394
11689
10087
7972
6491
5971
5409
4620
3004
1866
1542
1265
281
-1734
-3974
-6195
-7586
-8412
-9222
-9732
-10257
-9974
-8942
-7576
-6041
-5153
-4886
-5116
-5106
-5306
-5943
-7338
-9560
-11048
-11529
-10105
-7181
-4799
-2033
735
4399
8906
11818
13366
13384
12653
11590
9636
7720
5858
3716
1234
-756
-872
35
992
786
137
412
447
-29
-1256
-3344
-5351
-7931
-9813
-10194
-9890
-9087
-8166
-6316
-3276
751
5159
8482
10872
12551
13726
14676
14508
13579
11995
9659
7674
6540
5904
5054
3889
2808
1981
1667
907
-323
-1778
-3998
-6113
-7674
-8500
-8947
-9636
-10037
-9700
-8448
-7190
-6155
-5341
-5160
-5199
-5584
-5992
-6527
-7771
-9545
-11251
-11445
-9498
-6528
-3751
-1397
1134
5034
9308
12237
13410
13167
12483
11334
9396
7410
5739
3694
1007
-919
-1063
279
1234
541
-186
71
384
-119
-1668
-3585
-5600
-7957
-9829
-10100
-9287
-8412
-7609
-5876
-2588
2090
6153
8736
10986
12414
13809
14423
13714
13058
11206
8671
7039
6052
5751
4964
3490
2331
2159
1949
1107
-168
-2192
-4170
-6195
-7780
-8296
-9096
-9959
-10373
-9975
-8537
-7230
-6358
-6136
-5917
-6005
-6195
-6468
-7655
-8887
-10504
-11667
-10376
-7959
-4759
-1979
-185
3213
7692
11448
13427
13438
12790
12137
10541
8320
6502
4566
1842
-495
-1658
-806
585
276
-509
-586
-88
211
-833
-2591
-4477
-6653
-8551
-9411
-9059
-8334
-7578
-6449
-3853
281
4757
7986
10330
12156
13497
14563
14450
13547
12143
9506
7236
6046
5379
4723
3425
2166
1643
1746
1390
473
-1020
-3042
-5017
-6704
-7609
-8241
-9305
-10123
-10224
-9155
-7773
-6873
-6376
-6118
-6019
-6294
-6640
-7454
-8585
-9923
-11471
-10789
-8169
-5267
-2410
-784
2365
7095
10768
12715
13065
13040
12566
10931
8555
6780
5386
2375
-573
-1770
-1264
39
-462
-1331
-995
-351
-111
-920
-2140
-3667
-5764
-7693
-8788
-8520
-8070
-7690
-6660
-4325
-291
4137
7455
9623
11579
13498
14707
14659
13548
12003
9778
7313
5781
5126
4364
2963
1815
1489
1788
1831
1002
-572
-2305
-3963
-5537
-6621
-7578
-8941
-9814
-10056
-9274
-7972
-7204
-6832
-6512
-6172
-6046
-6336
-7004
-8141
-9596
-10649
-10323
-8074
-5227
-3138
-1292
1851
6181
10078
12165
12561
12652
12410
10875
8942
7155
5160
2479
-572
-1946
-1315
-590
-1118
-1851
-1576
-745
-201
-811
-2001
-3315
-5090
-6817
-7724
-7712
-7440
-7243
-6620
-4389
-620
3791
7064
9138
11393
13217
14680
14965
13694
12295
9920
7163
5693
4789
3679
2218
981
558
1282
1629
803
-200
-1790
-3284
-4433
-5717
-6751
-8164
-9545
-10101
-9635
-8606
-7896
-7644
-7656
-7176
-6769
-6800
-7173
-8188
-9113
-9513
-8668
-6209
-3491
-1565
44
3173
7239
10452
11934
12034
12154
11672
10023
8236
6668
4650
1604
-1221
-2150
-1612
-1467
-2476
-3157
-2702
-1939
-1729
-2199
-2909
-3966
-5371
-6404
-6658
-6181
-5887
-5725
-4648
-2296
1307
5235
8137
10228
12072
13758
14958
14941
13624
11628
9172
6491
4749
3665
2022
373
-660
-876
-281
77
-335
-1324
-2437
-3557
-4411
-5173
-6454
-7917
-9182
-9794
-9537
-8938
-8464
-8522
-8420
-8228
-8018
-7674
-7603
-7960
-7976
-6454
-4009
-1657
317
2043
5137
8229
9858
11033
11715
11824
10754
8879
7370
6345
4459
1431
-798
-1488
-1764
-2351
-3492
-3809
-3461
-3613
-3847
-4014
-4037
-4675
-5679
-6031
-5660
-4939
-4363
-3534
-2051
129
3141
6148
8699
10822
12431
13685
14329
13911
12783
11078
8657
6165
4350
2618
934
-400
-1505
-2013
-1858
-1730
-2060
-2684
-3337
-4022
-4614
-5329
-6230
-6911
-7614
-8322
-8473
-8231
-8064
-8286
-8507
-8782
-8997
-8544
-8717
-8810
-7135
-4839
-2433
-185
1532
4519
8048
9884
10411
11044
11479
10870
9281
7151
5933
4693
1995
-286
-1090
-1121
-1667
-3056
-3619
-3344
-3226
-3799
-4679
-5022
-5418
-6137
-6710
-6424
-5526
-4796
-3718
-2218
83
3209
6295
8894
11001
12640
14051
14844
14547
13236
11474
9376
6955
4669
2989
1322
-446
-1512
-2069
-2280
-2143
-2433
-3275
-3878
-4309
-4931
-5543
-6454
-7383
-7602
-7954
-8167
-7877
-7700
-7765
-7893
-8219
-8374
-8239
-8427
-8450
-7531
-5296
-2203
-310
1336
4373
7778
10297
11100
11286
11921
11604
9690
7650
6277
4663
2179
-494
-1976
-1817
-2212
-3635
-4329
-4136
-3697
-4010
-4829
-5162
-5499
-6127
-6725
-6529
-5717
-4840
-3845
-2293
337
3583
6780
9448
11419
13375
15023
15446
14984
13841
11772
9426
6883
4471
2674
691
-1277
-2259
-2637
-2827
-2663
-3009
-3685
-4150
-4669
-5109
-5763
-6746
-7580
-8055
-8284
-8104
-7952
-7822
-7472
-7710
-7770
-7634
-7744
-7661
-7842
-6895
-4393
-1812
118
1738
4753
8231
10441
11365
11686
12278
11734
9884
7976
6475
4882
1962
-743
-1814
-2188
-2683
-4146
-4971
-4639
-4435
-4743
-5456
-5672
-6057
-6690
-6977
-6836
-5789
-4872
-3822
-2052
515
4030
7264
9648
11913
14155
15663
16211
15648
14380
12874
10240
7234
5251
3113
551
-1294
-2636
-3333
-3429
-3758
-4242
-4639
-5104
-5599
-5992
-6724
-7559
-8196
-8689
-8899
-8691
-8299
-8213
-8281
-7945
-7840
-7811
-7336
-7381
-6879
-5150
-2798
-175
1663
3457
6408
9410
11069
11416
11734
11954
11112
9188
7231
6026
4165
1283
-992
-1941
-2077
-3225
-4847
-5299
-5126
-5193
-5871
-6555
-6898
-7085
-7509
-7791
-7008
-5885
-4768
-3218
-1173
2073
5588
8602
10882
12747
14933
16070
16081
15287
13651
11971
9512
6734
4680
2940
652
-1547
-2389
-2932
-3399
-4052
-5024
-5582
-6119
-6632
-7313
-7964
-8523
-9291
-9359
-9219
-8965
-8609
-8640
-8557
-8391
-8039
-7940
-7663
-6959
-5734
-3160
-392
1908
3810
6309
9652
11633
12250
12362
12356
11853
9974
7949
6477
4806
2267
-242
-1226
-1669
-2418
-3656
-4780
-4827
-4984
-5568
-6385
-7062
-7577
-8217
-8269
-7885
-6906
-5604
-4026
-1705
1109
4706
8144
10634
12654
14295
15742
16268
15253
13668
12098
10015
7424
5404
3737
1858
97
-1296
-1771
-1989
-2923
-4140
-5113
-5904
-6897
-7837
-8687
-9509
-10112
-10477
-10366
-9954
-9429
-9392
-9401
-8765
-8701
-8445
-7956
-7658
-5900
-3300
-565
1959
3911
6630
10159
12683
13136
13228
13576
12899
11119
8703
7068
5419
2196
-409
-1563
-1871
-2668
-4364
-5080
-4879
-4881
-5460
-6153
-6772
-7527
-8021
-8349
-7921
-7006
-6231
-4618
-2330
636
4334
7708
10540
12629
14383
16018
16512
15516
13744
11992
9705
7090
4693
2917
1556
-360
-1753
-1654
-1527
-2150
-3218
-4142
-4666
-5504
-6952
-8251
-9113
-10146
-11019
-11295
-11071
-10572
-10706
-10733
-10203
-9679
-8877
-8427
-7630
-5651
-3087
-252
2205
4330
7065
10234
12287
12986
13424
13697
13183
11527
9466
8013
6200
3312
656
-883
-1678
-2994
-4717
-5646
-5829
-5965
-6498
-7041
-7346
-7596
-7848
-7944
-7381
-6554
-5470
-3764
-1633
1070
4376
7676
10480
12585
14316
15779
16187
15285
13707
11923
9700
6978
4285
2429
978
-1009
-2459
-2706
-2661
-3033
-3842
-4450
-4704
-5269
-6445
-7444
-8090
-9034
-10056
-10786
-11027
-11002
-11510
-11714
-11699
-11488
-10369
-9764
-8207
-5142
-2329
714
3257
5683
9002
11770
12882
12824
13134
13194
12170
10525
8558
7373
5508
2924
1453
441
-417
-2362
-4317
-4918
-5569
-6454
-7683
-8600
-9141
-9307
-9131
-8751
-7457
-6314
-4769
-2114
587
3941
7416
9936
12046
13665
15181
16146
15487
13751
12041
10462
8237
5710
3445
1842
192
-1765
-2549
-2742
-3260
-4370
-5623
-5948
-5860
-6568
-7695
-8266
-8518
-8772
-9190
-9498
-9495
-10068
-10823
-11310
-11436
-10919
-10850
-9996
-7346
-4214
-851
1964
4776
8206
11234
13000
13476
13686
13256
12049
10406
8475
7052
5164
2987
1561
665
251
-812
-2145
-3063
-4011
-4846
-6036
-7362
-8685
-9658
-9955
-9923
-9083
-7854
-5914
-3238
-454
3140
6991
10248
12506
13977
15435
16399
15872
13993
12072
10348
8178
5723
3488
2108
801
-996
-2066
-2333
-2705
-3832
-5413
-6294
-6639
-7366
-8546
-9196
-9315
-9467
-9580
-9646
-9252
-9169
-9692
-9978
-10177
-9933
-9812
-9357
-7397
-4642
-1706
928
3665
6928
10080
12208
12924
13215
13122
12199
10649
8695
7032
5247
2981
1274
359
2
-798
-2037
-2776
-3272
-3837
-4966
-6143
-7279
-8405
-8980
-9271
-8839
-7905
-6531
-4184
-1134
2642
6208
9403
12218
13997
15533
16459
16042
14563
12356
10165
8132
5982
3566
1610
448
-734
-1708
-2251
-2583
-3357
-4889
-6182
-6844
-7534
-8758
-10264
-10967
-10935
-11114
-11330
-11020
-10824
-10805
-10961
-10836
-9729
-8879
-7669
-5232
-2297
878
3176
5758
9172
11663
12675
12834
13148
12815
11400
9449
7690
6457
4135
1811
893
248
-642
-2162
-3011
-3149
-3931
-5017
-6024
-6641
-7621
-8721
-8788
-8218
-7434
-6658
-4881
-1676
1786
4949
7893
11053
13379
14641
15657
15916
15131
13034
10613
8918
7191
4832
2325
1013
140
-974
-1915
-2441
-2773
-4062
-5734
-6625
-6996
-7992
-9767
-10943
-11009
-11041
-11564
-11908
-11649
-11489
-11866
-11998
-11023
-9976
-8695
-6459
-3316
338
2823
5217
8824
11700
12868
12966
13117
13117
11719
9556
7875
6828
4642
1999
915
588
-164
-1922
-3092
-2993
-3654
-4913
-6102
-6538
-7166
-8514
-8971
-8241
-7068
-6402
-5105
-2136
1527
4551
7114
10302
12813
14152
14919
15099
14910
13069
10339
8623
7096
4903
2501
1038
397
-451
-1512
-2080
-2119
-3192
-4949
-6013
-6386
-7049
-8948
-10271
-10357
-10491
-11103
-11627
-11651
-11533
-12104
-12552
-11531
-10346
-9289
-7050
-3740
-116
2538
4935
8651
11721
12755
12637
12917
13078
11526
9211
7543
6777
4732
2038
1213
1181
556
-1377
-2569
-2297
-2853
-4567
-6050
-6355
-7021
-8384
-8847
-8004
-6609
-5860
-4609
-1345
2365
5332
7757
10466
12975
13936
14303
14629
14103
11889
9196
7558
6289
4400
1823
540
333
-490
-1554
-1909
-1896
-3061
-4988
-6098
-6208
-6847
-8811
-10259
-10209
-9938
-10375
-11131
-10748
-10568
-11522
-11698
-11093
-10003
-8569
-6822
-3800
-356
2099
4738
8469
11175
11795
11855
12214
12227
10600
8127
6895
5854
3560
1340
652
1070
65
-1907
-2356
-1744
-2377
-4194
-5315
-5548
-6075
-7514
-8059
-6788
-5712
-5269
-3724
-300
3369
5823
8183
11049
13252
14055
14045
14200
13403
10793
8013
6445
5178
2747
485
-327
-475
-1071
-1933
-1839
-1604
-2731
-4526
-5223
-5217
-6478
-8599
-9740
-9675
-9730
-10768
-11241
-10802
-10810
-11612
-11787
-10632
-9208
-7751
-5635
-2429
785
3131
5917
9140
11285
11734
11579
11831
11376
9509
7491
6319
5014
2762
1050
750
603
-608
-2244
-2457
-2338
-3411
-4856
-5647
-5836
-6649
-7569
-7150
-5737
-4614
-3740
-1499
2203
5568
7812
10241
12844
14332
14746
14555
14185
12803
9928
7286
5732
3906
1408
-552
-1294
-1579
-2324
-2987
-2871
-2992
-4142
-5403
-5770
-5921
-7095
-8671
-9159
-8862
-9174
-9848
-10037
-9944
-10149
-10873
-10939
-9930
-8848
-7392
-4825
-1508
1396
3753
6709
9769
11562
11741
11498
11545
10505
8346
6375
5154
3750
1467
80
34
-47
-1125
-2374
-2523
-2604
-3652
-5075
-5753
-6154
-7172
-7893
-7318
-5848
-4458
-3050
-138
3657
6543
9129
11843
14209
15467
15303
14934
14455
12519
9498
7003
5141
3011
571
-1203
-1744
-2179
-3174
-3719
-3625
-3906
-5063
-6276
-6727
-7118
-8385
-9681
-9949
-9884
-10222
-10570
-10647
-10236
-10297
-10593
-9841
-8738
-7098
-4788
-1922
1202
3393
5866
9120
11558
12359
11859
11722
11377
9767
7493
5717
4651
2431
200
-468
-415
-783
-2537
-3423
-3174
-3493
-4747
-6104
-6410
-6896
-7743
-7812
-6591
-4691
-3390
-1293
2185
5509
8474
10902
13294
15286
15775
15438
15091
14103
11481
8689
6631
4642
2469
-11
-1368
-1883
-2835
-3925
-4473
-4463
-5298
-6838
-7718
-7871
-8561
-9897
-10669
-10757
-10649
-10994
-11490
-11282
-10852
-11209
-11219
-9776
-7959
-5615
-2636
224
3344
6244
9013
11798
13208
13047
12360
11860
10610
8325
6105
4320
2674
539
-752
-733
-1009
-1925
-3267
-3546
-3272
-4303
-5878
-6841
-7292
-7967
-8295
-7521
-5940
-3921
-1917
1032
4940
8387
11113
13188
15084
16042
15806
15296
14019
11898
9157
6706
4912
3245
1272
-512
-1161
-1610
-2447
-3133
-3707
-4548
-5962
-7370
-8180
-8702
-9793
-11054
-11492
-11284
-11179
-11396
-11509
-11333
-11274
-11241
-10637
-9373
-7215
-4503
-1720
987
3912
7217
10305
12297
12802
12897
12891
11997
10092
7954
6225
4232
1880
139
-422
-692
-1819
-3078
-3397
-3185
-3785
-5137
-6128
-6618
-7276
-7908
-7688
-6468
-4992
-3377
-787
2828
6471
9560
12102
14438
16087
16459
16256
15459
13529
10743
8017
5902
3964
1694
-360
-1276
-1593
-2147
-2680
-2974
-3336
-4372
-5794
-6626
-7230
-8448
-10018
-11059
-11242
-11295
-11814
-12223
-11832
-11903
-12337
-11594
-10402
-8563
-6255
-3834
-519
2503
4993
7883
10699
12052
11890
11654
11490
10670
8573
6270
5091
3597
1580
181
-222
-299
-1577
-2981
-3109
-3058
-4143
-5788
-6715
-7090
-7561
-8102
-7678
-5822
-4010
-2217
839
4675
8220
10798
12972
15142
16463
16397
15420
14324
12333
9472
6843
4848
3061
867
-889
-1546
-1739
-2313
-3174
-3607
-4004
-5042
-6391
-7114
-7761
-8962
-10245
-10956
-11085
-11185
-11919
-12447
-12237
-12323
-12090
-11423
-10002
-7168
-4184
-1300
1599
4520
7856
10618
11915
12108
12009
11541
10276
8357
6372
4834
3051
885
-147
-289
-588
-1551
-2629
-2709
-2794
-3775
-5123
-5903
-6635
-7685
-8202
-7657
-6027
-4475
-2951
79
3725
7179
10317
12750
14972
16250
16337
16118
15435
13328
10262
7748
5683
3839
1643
-345
-1170
-1785
-2537
-3092
-3378
-3966
-5285
-6715
-7280
-7811
-9021
-10214
-10784
-10944
-11148
-11545
-11687
-11426
-11825
-11908
-11156
-9693
-7351
-4754
-1712
1201
3946
7143
10270
12283
12504
12081
11806
11019
9089
6558
4683
2963
611
-996
-1404
-1434
-2311
-3614
-3767
-3303
-3619
-5015
-6023
-6382
-6994
-7673
-7556
-6206
-4469
-2996
-520
3130
6761
9744
12151
14489
16240
16557
15999
15287
13695
10890
8005
5749
3958
1923
-143
-1171
-1442
-1954
-2724
-3114
-3542
-4521
-6006
-7088
-7751
-8828
-10307
-11163
-11355
-11603
-11873
-12312
-12077
-11784
-11901
-11237
-9814
-7559
-4728
-1950
841
3679
6806
9766
11838
12578
12392
12160
11360
9728
7769
5685
3850
1607
-284
-972
-1491
-2431
-3862
-4512
-4425
-4759
-5816
-6913
-7225
-7605
-8108
-7785
-6618
-4723
-3079
-994
2487
6096
9172
11647
13833
15628
16475
16272
15505
14315
11821
9026
6839
4856
2859
760
-682
-1230
-1717
-2424
-2913
-3372
-4273
-5572
-6581
-7230
-8149
-9542
-10553
-10820
-11121
-11544
-11982
-12081
-12036
-12123
-11862
-10802
-8936
-6575
-3522
-366
2337
5236
8383
11143
12515
12454
12185
11935
10730
8602
6600
5009
3134
878
-545
-755
-1205
-2657
-3932
-4139
-4139
-5150
-6722
-7457
-7733
-8416
-8904
-8179
-6544
-4915
-2878
122
3683
7056
9952
12512
14718
16091
16241
15781
15001
13050
10376
7949
5788
3689
1697
111
-785
-1161
-1777
-2414
-2717
-3323
-4490
-5590
-6501
-7586
-8855
-9975
-10613
-10992
-11561
-12061
-12158
-12059
-12292
-12319
-11608
-10211
-8292
-5597
-2443
510
3126
6065
9280
11552
12308
12081
11923
11585
10035
7977
6400
4839
2730
848
126
-113
-1003
-2646
-3572
-3594
-4113
-5422
-6686
-7317
-7879
-8577
-8499
-7310
-5641
-4128
-2022
1340
4854
7993
10560
12670
14699
15628
15519
15170
14004
11751
9245
7085
5127
3293
1293
-149
-656
-1198
-1834
-2290
-2781
-3637
-4914
-5919
-6623
-7602
-8909
-9955
-10277
-10549
-11247
-11866
-11907
-11910
-12357
-12315
-11381
-9757
-7559
-4860
-1680
1481
4134
7063
10019
11918
12154
11748
11501
10763
8924
6777
5247
3838
1862
368
-12
-52
-975
-2498
-2998
-2928
-3786
-5453
-6652
-7138
-7738
-8573
-8483
-7014
-5141
-3627
-1445
2125
5862
8757
10896
13035
14905
15425
14989
14277
13017
10677
7968
5835
4236
2509
482
-663
-917
-1333
-2033
-2547
-2979
-3784
-5097
-6209
-6798
-7638
-8964
-9888
-10144
-10247
-10609
-11137
-11164
-10977
-11430
-11361
-10418
-9042
-6885
-4395
-1559
1396
3989
6749
9638
11473
11684
11422
11259
10506
8840
6638
5004
3639
1652
91
-358
-451
-1309
-2692
-3190
-2885
-3414
-4917
-6002
-6273
-6721
-7302
-7391
-6050
-4017
-2636
-470
2905
6280
9050
11003
12967
14767
15195
14445
13563
12303
10025
7508
5216
3538
1955
161
-900
-1170
-1598
-2256
-2805
-3270
-4005
-5186
-6265
-6951
-7791
-9007
-9644
-9917
-10162
-10463
-10881
-10943
-10822
-11204
-11028
-10070
-8564
-6455
-3643
-860
1811
4462
7264
10090
11615
11587
11372
11238
10287
8431
6460
5037
3479
1357
-150
-290
-540
-1782
-3119
-3444
-3179
-3854
-5467
-6268
-6352
-6917
-7507
-7188
-5571
-3716
-2421
-245
3451
6845
9255
11205
13127
14774
15131
14335
13500
12154
9733
7167
5263
3626
1889
111
-968
-1277
-1832
-2664
-3266
-3880
-4886
-6138
-7038
-7581
-8417
-9520
-9975
-9868
-9866
-10244
-10404
-10298
-10407
-10716
-10602
-9775
-8356
-6615
-4094
-1071
1667
4109
6929
9808
11485
11736
11521
11387
10629
8761
6672
5310
3739
1670
27
-390
-521
-1589
-2915
-3295
-3158
-3837
-5221
-6019
-6216
-6770
-7552
-7347
-5696
-3954
-2655
-523
3066
6559
9173
11252
13401
15063
15365
14636
13848
12483
10072
7342
5197
3633
1935
176
-753
-1127
-1695
-2398
-2987
-3591
-4648
-6126
-7324
-7996
-8902
-10022
-10614
-10552
-10502
-10612
-10498
-10188
-10126
-10534
-10405
-9492
-8290
-6695
-4421
-1528
1198
3517
6297
9429
11426
11674
11494
11627
11226
9488
7235
5708
4386
2244
292
-257
-326
-1275
-2872
-3421
-3011
-3407
-4868
-5999
-6199
-6535
-7367
-7637
-6383
-4560
-3390
-1554
1957
5624
8348
10506
12647
14637
15512
14921
14036
12950
10732
7991
5836
4171
2425
569
-671
-1024
-1357
-2083
-2831
-3453
-4303
-5631
-6886
-7592
-8456
-9649
-10390
-10343
-10305
-10314
-10478
-10217
-9968
-10111
-10192
-9695
-8912
-7658
-5662
-2908
-187
1949
4396
7477
10102
11116
11209
11320
11281
10129
8226
6633
5560
3588
1454
328
284
-213
-1569
-2677
-2677
-2658
-3692
-4876
-5425
-5704
-6646
-7451
-6955
-5210
-3788
-2522
-185
3277
6555
9150
11287
13368
14611
14672
14009
13244
11768
9317
6709
4819
3429
1886
496
-387
-890
-1468
-2105
-2801
-3563
-4742
-6226
-7412
-8093
-8982
-9702
-10136
-10290
-10289
-10242
-10014
-9762
-10089
-10700
-10459
-9798
-8667
-7158
-4855
-2060
573
2879
5948
9126
11023
11281
11277
11491
11279
9598
7426
5986
4700
2728
1084
534
460
-342
-1763
-2213
-1882
-2193
-3609
-4826
-5393
-5869
-6780
-7350
-6352
-4839
-3768
-2149
1152
4941
7776
9794
11963
13987
14941
14454
13513
12348
10494
7852
5717
4305
2786
1050
-59
-588
-642
-1025
-2093
-3065
-3963
-5365
-6639
-7515
-8395
-9338
-9991
-9994
-9654
-9389
-9324
-9152
-9129
-9436
-9728
-9669
-9190
-8542
-7320
-4863
-1847
455
2748
5670
8557
10288
10663
10698
10978
10273
8184
6198
5095
3669
1603
-108
-439
-322
-977
-1980
-1978
-1373
-1577
-2679
-3528
-3572
-4004
-5077
-5476
-4620
-3331
-2165
-717
1865
5331
7978
9592
11499
13145
13510
12844
11737
10327
8464
5968
3660
2381
1330
55
-738
-697
-638
-899
-1373
-1869
-2512
-3631
-4928
-5946
-6624
-7364
-8179
-8486
-8288
-8435
-8671
-8690
-8919
-9401
-10162
-10615
-10435
-9818
-8616
-6490
-3844
-1373
1013
3977
7206
9296
9840
10210
10723
10441
9010
7102
5824
4715
2913
1217
751
719
-120
-1178
-1329
-877
-1062
-2277
-3290
-3540
-3837
-4752
-5376
-4883
-3708
-2746
-1460
1114
4179
6458
8144
9978
11723
12614
12060
11058
10159
8650
6524
4586
3355
2210
946
91
-13
38
-414
-1090
-1681
-2173
-3110
-4416
-5366
-6018
-6796
-7462
-7702
-7756
-7889
-8130
-8252
-8533
-8943
-9789
-10430
-10618
-10517
-9935
-8222
-5768
-3301
-1023
1793
5024
7790
9264
9976
10657
10911
10099
8476
7152
5937
4208
2426
1380
969
408
-562
-1113
-995
-834
-1514
-2387
-2837
-3156
-3846
-4444
-4487
-3898
-2945
-2057
-542
1865
4468
6398
8125
9901
11182
11578
11285
10590
9443
7843
5948
4322
3247
1968
746
221
156
-45
-405
-890
-1457
-2110
-3014
-4016
-4780
-5505
-6432
-7068
-7301
-7506
-7923
-8283
-8534
-8960
-9438
-10166
-10750
-10855
-10776
-10022
-8130
-5528
-3276
-1096
1741
5011
7763
9157
9840
10597
10933
10196
8653
7337
6165
4487
2709
1650
1150
437
-523
-1157
-1051
-838
-1404
-2352
-2814
-3142
-3632
-4199
-4419
-4212
-3716
-2532
-1020
780
3161
5351
7232
9143
10552
11106
11248
10761
9329
8026
6505
4655
3217
1966
901
356
128
-110
-337
-479
-962
-1596
-2283
-3194
-4205
-5232
-5969
-6620
-7189
-7502
-8013
-8276
-8241
-8516
-8997
-9376
-9890
-10368
-10535
-10228
-9158
-7185
-5142
-3111
-457
2750
5716
7802
9183
10335
11143
11057
10047
8620
7342
5859
3952
2398
1487
736
-128
-670
-759
-515
-442
-1158
-1712
-2021
-2520
-3306
-4063
-4482
-4419
-3838
-2878
-1472
613
3026
5045
7052
8902
10194
10720
10616
9824
8670
7401
5678
4052
2860
1790
1070
781
744
666
611
301
-318
-997
-2001
-3328
-4607
-5772
-6795
-7674
-8285
-8615
-8809
-8783
-8830
-8934
-9129
-9343
-9809
-10068
-10127
-9812
-8642
-6644
-4535
-2254
394
3431
6440
8607
9892
10819
11478
11237
9984
8347
6866
5327
3554
2005
1019
444
-56
-539
-528
-189
-173
-870
-1578
-2119
-2783
-3591
-4615
-5105
-4884
-4227
-3178
-1586
589
2873
5022
6996
8728
9862
10177
9925
9073
7993
6706
5160
3821
2749
1898
1517
1429
1410
1329
1119
609
-183
-1160
-2433
-3855
-5238
-6398
-7236
-7851
-8169
-8373
-8408
-8116
-8074
-8207
-8409
-8715
-9366
-9865
-10175
-10030
-8963
-7165
-4998
-2501
180
3179
6306
8684
10079
10902
11415
11324
10092
8245
6643
5223
3685
2203
1206
780
548
155
1
312
322
-349
-1318
-2170
-2826
-3684
-4783
-5449
-5337
-4788
-3850
-2490
-503
1751
3937
5800
7566
8939
9555
9593
9023
8178
7224
5955
4707
3640
2848
2397
2128
1895
1618
1292
726
-54
-1070
-2268
-3550
-4886
-5963
-6729
-7298
-7617
-7796
-7759
-7632
-7442
-7446
-7550
-7899
-8422
-8936
-9291
-9384
-9279
-8494
-6676
-4240
-1821
527
3256
6197
8526
9723
10185
10724
10733
9524
7812
6304
5317
4082
2448
1414
1107
1031
523
144
251
353
-216
-1333
-2104
-2657
-3426
-4557
-5390
-5293
-4776
-4076
-2922
-1151
1011
3214
5117
6809
8234
9032
9201
8905
8252
7222
6052
4857
3731
2918
2346
1970
1691
1515
1347
938
241
-654
-1692
-2873
-4006
-5167
-6023
-6589
-7003
-7151
-7037
-6748
-6685
-6553
-6497
-6656
-6992
-7420
-7901
-8331
-8567
-8652
-7968
-6259
-4199
-2155
154
2873
5674
7740
8872
9669
10380
10435
9248
7543
6199
5075
3621
2150
1277
959
752
403
335
695
781
168
-786
-1506
-2199
-3219
-4461
-5399
-5603
-5278
-4559
-3313
-1573
498
2672
4678
6351
7604
8274
8294
7918
7164
6216
5093
3935
3113
2615
2490
2340
2248
2301
2244
1916
1194
231
-1017
-2367
-3710
-4887
-5793
-6485
-6863
-6846
-6454
-6043
-5772
-5498
-5280
-5312
-5649
-6220
-6881
-7691
-8431
-8836
-8733
-7825
-6143
-4066
-1701
914
3714
6193
8033
9033
9651
9916
9362
7948
6182
4872
3868
2791
1809
1150
1010
1125
1190
1229
1246
946
234
-737
-1684
-2595
-3668
-4667
-5469
-5565
-5021
-4239
-3227
-1880
-43
1817
3341
4574
5480
6185
6539
6507
6184
5738
5218
4609
4326
4209
3998
3855
3620
3344
3060
2435
1481
219
-993
-2207
-3411
-4342
-5131
-5622
-5736
-5538
-5137
-4819
-4461
-4358
-4358
-4398
-4842
-5418
-6013
-6516
-7075
-7356
-7474
-7395
-6742
-5442
-3549
-1571
289
1999
3902
5585
6574
6839
7022
7154
6659
5654
4588
4017
3654
3122
2446
2180
2281
2228
1847
1539
1409
963
132
-1004
-1892
-2531
-3304
-4204
-4895
-4842
-4376
-3879
-3171
-2034
-497
970
2184
3149
4197
5157
5621
5726
5846
5839
5652
5270
4947
4783
4545
4141
3586
3193
2710
1992
1087
179
-727
-1590
-2421
-3184
-3730
-4122
-4374
-4460
-4424
-4355
-4300
-4177
-4173
-4253
-4367
-4562
-4716
-5003
-5339
-5619
-5826
-6080
-6234
-5993
-5101
-3880
-2507
-1117
560
2353
3683
4628
5277
6049
6364
5926
5167
4534
4292
3953
3326
2793
2644
2586
2373
2029
1789
1430
790
-99
-959
-1675
-2465
-3356
-4104
-4399
-4321
-4098
-3682
-2956
-1843
-526
697
1750
2714
3653
4402
4881
5049
5055
5119
5008
4783
4655
4634
4571
4427
4185
3929
3657
2969
2059
1160
305
-631
-1715
-2504
-3031
-3342
-3554
-3659
-3594
-3405
-3284
-3288
-3243
-3360
-3658
-4037
-4381
-4789
-5151
-5567
-5954
-6139
-6266
-6175
-5993
-5166
-4156
-2821
-1452
-26
1477
2554
3442
4072
4719
4996
4766
4228
3879
3669
3514
3229
2900
2738
2627
2621
2432
2173
1624
1169
638
-1
-838
-1658
-2210
-2689
-3140
-3508
-3406
-3214
-2946
-2363
-1416
-339
514
1236
2051
3003
3791
4029
4378
4809
4876
4704
4613
4714
4811
4602
4271
4096
4085
3710
2845
2300
1810
1044
31
-884
-1522
-2067
-2617
-3206
-3427
-3537
-3815
-4092
-4135
-4116
-4259
-4509
-4682
-4649
-4814
-5019
-5308
-5322
-5447
-5610
-5553
-5445
-4848
-4325
-3447
-2322
-1139
141
1183
2146
2779
3352
3971
4217
3984
3587
3292
3353
3249
2874
2474
2422
2543
2387
2112
1837
1541
1160
534
-125
-655
-1248
-1788
-2226
-2409
-2404
-2475
-2325
-1992
-1241
-370
253
996
1809
2726
3334
3732
3973
4349
4665
4625
4383
4270
4344
4270
4181
3915
3779
3671
3340
2755
2189
1551
661
-278
-1205
-1966
-2700
-3369
-3952
-4188
-4230
-4271
-4321
-4231
-4062
-3985
-3967
-4050
-3988
-3932
-4041
-4177
-4302
-4379
-4459
-4424
-4330
-4078
-3608
-3069
-2221
-1317
-350
478
1040
1424
1726
2181
2325
2056
1706
1598
1782
1940
1871
1911
2217
2557
2694
2663
2666
2487
2123
1723
1321
790
197
-318
-429
-435
-490
-558
-433
-84
176
435
694
1016
1013
1205
1615
1888
1903
1960
2410
2829
3225
3252
3362
3736
3893
3678
3560
3313
2666
2086
1603
954
160
-544
-1173
-1459
-1747
-2248
-2496
-2343
-2307
-2400
-2278
-2178
-2175
-2139
-2113
-2077
-2061
-2216
-2345
-2391
-2593
-2954
-3230
-3449
-3707
-4080
-4435
-4654
-4721
-4592
-4259
-3638
-2866
-2088
-1338
-656
-19
581
1101
1382
1487
1457
1553
1795
1975
2152
2442
2857
3275
3608
3845
4047
4146
4093
3821
3422
2895
2266
1738
1248
746
304
-26
-235
-324
-417
-317
-148
-17
127
234
493
545
518
478
614
755
816
919
1030
1291
1510
1824
2085
2307
2280
2218
2180
2008
1577
1075
751
369
70
-369
-677
-788
-896
-1034
-1105
-1170
-1317
-1453
-1607
-1775
-2073
-2385
-2633
-2743
-2870
-3161
-3348
-3370
-3423
-3595
-3807
-4068
-4188
-4341
-4425
-4307
-4011
-3605
-3129
-2431
-1716
-1079
-446
392
1094
1650
1937
2260
2748
3107
3317
3468
3820
4056
4149
4128
4196
4072
3831
3500
3125
2635
1910
1245
717
254
-389
-977
-1311
-1516
-1766
-1903
-1777
-1570
-1408
-1170
-689
-251
70
464
847
1213
1332
1449
1561
1764
1755
1567
1708
1760
1621
1615
1553
1319
1175
1012
865
670
564
401
384
401
228
211
344
310
173
145
-15
-214
-533
-843
-1229
-1653
-2155
-2678
-3070
-3447
-3657
-3898
-4009
-4052
-4156
-4177
-4181
-4128
-4017
-3763
-3461
-3014
-2499
-1792
-1043
-259
460
965
1679
2169
2311
2213
2157
2327
2259
2134
2135
2236
2395
2376
2335
2392
2285
2025
1830
1611
1198
643
232
45
-232
-600
-851
-857
-828
-910
-915
-714
-504
-351
-109
148
298
333
466
744
965
997
1037
1316
1570
1671
1759
1973
2194
2207
2198
2190
2095
1962
1769
1594
1322
922
617
422
235
-35
-260
-330
-394
-523
-606
-741
-888
-1025
-1242
-1418
-1644
-1888
-2147
-2297
-2437
-2640
-2802
-2884
-2827
-2864
-2889
-3005
-3034
-2996
-2974
-2861
-2588
-2137
-1657
-1000
-523
-173
-12
140
313
299
200
127
321
568
548
489
677
840
845
748
746
725
563
514
589
649
547
482
694
954
913
828
895
1037
977
816
798
868
878
847
985
1218
1320
1275
1318
1518
1634
1577
1489
1375
1298
1197
1151
1090
948
960
1070
1081
1088
1092
1074
1138
1103
1029
908
757
591
489
460
341
229
197
221
216
153
-13
-203
-388
-731
-1169
-1603
-1962
-2286
-2543
-2738
-2847
-2882
-2784
-2633
-2540
-2493
-2545
-2553
-2588
-2613
-2585
-2543
-2489
-2340
-2053
-1716
-1643
-1649
-1321
-738
-369
-469
-589
-394
-65
-116
-293
-235
83
248
377
669
982
1163
1289
1633
1900
1906
1708
1713
1886
1795
1452
1254
1379
1499
1435
1346
1465
1563
1627
1748
1861
1835
1539
1395
1451
1410
1178
929
920
952
970
973
938
951
1065
1156
1020
841
749
674
571
377
170
26
-51
-83
-61
-103
-157
-128
-15
2
-160
-304
-414
-481
-576
-792
-990
-1122
-1178
-1243
-1281
-1324
-1420
-1551
-1582
-1627
-1816
-2057
-2300
-2474
-2636
-2843
-2969
-3027
-3060
-3020
-2792
-2415
-2190
-2115
-1969
-1541
-1090
-961
-1113
-1007
-482
-177
-131
-9
437
893
1146
1360
1636
1843
1931
2069
2234
2301
2096
1948
2074
2197
2076
1832
1801
1902
1834
1548
1300
1205
1009
717
537
508
382
242
325
540
588
415
333
441
591
489
403
417
564
664
675
841
1073
1192
1221
1295
1314
1202
982
868
815
631
292
45
69
70
-41
-99
-117
-86
-157
-349
-450
-517
-646
-884
-1047
-1139
-1269
-1366
-1400
-1352
-1426
-1538
-1586
-1539
-1588
-1870
-2104
-2287
-2416
-2654
-2912
-3061
-2993
-2891
-2737
-2420
-2227
-2111
-1970
-1520
-1097
-1078
-1189
-985
-467
-233
-268
-110
368
784
954
1093
1326
1542
1551
1541
1674
1633
1369
1211
1356
1448
1249
1060
1224
1511
1504
1368
1463
1737
1784
1725
1782
1809
1661
1505
1524
1526
1212
795
668
750
627
353
251
417
601
574
504
568
752
739
683
673
618
559
568
684
750
742
722
889
1021
973
826
659
564
429
162
-228
-527
-731
-951
-1248
-1514
-1725
-1915
-2037
-2172
-2286
-2469
-2641
-2737
-2756
-2826
-2981
-3099
-3115
-2996
-2909
-2918
-2780
-2470
-2050
-1680
-1398
-1181
-1139
-940
-578
-384
-583
-798
-590
-172
-50
-166
-38
347
733
811
816
987
1088
1145
1215
1346
1330
1187
1241
1546
1718
1575
1515
1762
2031
1906
1673
1701
1756
1636
1443
1488
1564
1443
1224
1281
1468
1422
1202
1127
1299
1193
873
732
778
734
485
322
372
459
359
340
496
654
651
614
739
797
703
525
424
410
212
-84
-253
-318
-426
-605
-715
-694
-640
-678
-685
-632
-625
-701
-876
-918
-953
-1105
-1327
-1469
-1525
-1644
-1796
-1934
-2006
-2183
-2385
-2480
-2473
-2490
-2634
-2681
-2562
-2232
-1916
-1764
-1707
-1610
-1332
-1028
-941
-1117
-1109
-798
-440
-270
-225
116
661
1121
1357
1539
1754
1912
1996
2036
1991
1780
1591
1547
1578
1472
1208
1137
1279
1358
1226
1107
1160
1250
1217
1177
1235
1259
1272
1349
1484
1513
1354
1258
1279
1259
1055
834
788
854
818
630
498
559
627
489
332
275
161
45
-30
-11
-2
-21
15
173
363
399
405
481
640
641
472
351
320
271
79
-82
-202
-348
-581
-834
-1036
-1247
-1529
-1831
-2047
-2294
-2507
-2605
-2670
-2734
-2897
-3081
-3126
-3056
-3046
-3087
-3080
-2964
-2706
-2363
-2006
-1796
-1737
-1545
-1136
-823
-859
-1013
-798
-320
-23
-4
122
637
1195
1480
1674
1915
2136
2270
2320
2432
2424
2237
2123
2262
2344
2114
1853
1880
2018
1869
1582
1387
1310
1169
910
775
703
550
374
413
533
553
495
610
837
931
1032
1116
1214
1089
921
865
915
891
723
663
658
724
710
650
596
635
611
450
312
145
16
-89
-174
-312
-447
-501
-542
-537
-642
-725
-769
-830
-808
-912
-1060
-1091
-1044
-1036
-1131
-1181
-1169
-1151
-1207
-1321
-1426
-1491
-1560
-1635
-1681
-1849
-1962
-2012
-2005
-1975
-2119
-2226
-2198
-2027
-1867
-1725
-1564
-1438
-1343
-1147
-779
-610
-684
-624
-216
267
419
483
792
1366
1768
1866
1952
2167
2340
2308
2302
2273
2166
1991
1873
1956
1895
1674
1536
1606
1608
1357
1071
952
908
721
499
323
227
141
41
66
130
156
99
158
223
170
7
-19
63
4
-101
-194
-48
167
237
329
549
740
871
959
1010
1045
966
856
785
708
539
328
263
280
192
69
18
108
94
-36
-90
-101
-200
-384
-526
-628
-698
-861
-1001
-986
-998
-1063
-1102
-1066
-1033
-1107
-1226
-1277
-1340
-1539
-1809
-2009
-2076
-2185
-2316
-2382
-2462
-2454
-2414
-2210
-1918
-1702
-1663
-1680
-1454
-1083
-900
-984
-967
-680
-302
-91
-4
277
730
1154
1399
1585
1779
1906
1978
2039
2101
2012
1858
1820
1935
1972
1789
1691
1755
1776
1584
1316
1120
939
694
424
258
90
-65
-144
-98
18
-44
-114
-14
170
194
144
234
469
599
486
404
474
633
603
531
609
662
722
845
1005
1044
1040
1039
1074
1034
785
504
347
308
79
-200
-334
-393
-429
-525
-572
-584
-653
-747
-787
-871
-1010
-1110
-1167
-1129
-1195
-1317
-1343
-1341
-1316
-1401
-1520
-1582
-1575
-1580
-1650
-1656
-1625
-1562
-1570
-1535
-1504
-1504
-1528
-1620
-1591
-1463
-1257
-1129
-1100
-1106
-966
-633
-361
-372
-502
-348
1
231
268
330
658
1069
1286
1346
1453
1607
1702
1730
1730
1707
1596
1528
1584
1643
1604
1463
1440
1471
1423
1217
978
843
702
524
343
227
78
-2
-31
-30
-32
-132
-109
57
175
77
-40
98
323
427
381
437
614
804
879
934
1013
1013
1060
1098
1089
960
797
734
744
638
419
260
194
219
118
-41
-127
-208
-249
-292
-335
-456
-541
-549
-542
-585
-689
-737
-729
-683
-762
-870
-905
-940
-963
-1047
-1143
-1227
-1308
-1413
-1490
-1557
-1617
-1680
-1734
-1705
-1743
-1788
-1801
-1827
-1786
-1800
-1796
-1708
-1548
-1360
-1219
-1149
-1069
-889
-668
-500
-523
-524
-311
-57
141
269
469
775
1099
1318
1469
1607
1733
1794
1836
1881
1809
1715
1697
1708
1707
1594
1510
1462
1397
1279
1131
1001
873
769
664
642
588
524
535
565
636
648
662
682
699
645
552
496
502
505
446
431
434
455
427
347
316
269
199
63
-69
-184
-324
-436
-512
-567
-675
-726
-788
-821
-820
-876
-849
-814
-784
-756
-696
-635
-577
-523
-458
-371
-324
-237
-178
-103
-8
36
83
119
141
111
94
38
-79
-222
-399
-542
-707
-876
-1061
-1212
-1278
-1390
-1478
-1583
-1648
-1691
-1773
-1859
-1908
-1878
-1825
-1676
-1493
-1299
-1232
-1094
-702
-375
-246
-194
22
378
621
730
880
1135
1396
1529
1611
1737
1773
1731
1735
1715
1623
1414
1255
1213
1141
965
763
653
553
392
196
78
-76
-247
-354
-421
-426
-473
-472
-377
-218
-108
-56
5
117
246
285
328
318
379
515
544
571
579
628
637
663
675
608
503
470
497
459
441
361
377
436
414
353
290
282
223
161
62
-56
-143
-205
-183
-196
-201
-200
-143
-50
-50
-33
-5
31
12
-23
-74
-154
-220
-312
-385
-482
-558
-685
-803
-839
-1004
-1208
-1390
-1500
-1631
-1801
-1949
-2028
-2090
-2173
-2222
-2256
-2220
-2170
-2055
-1804
-1562
-1320
-1104
-879
-655
-408
-147
13
95
163
339
551
725
809
944
1181
1332
1436
1487
1548
1571
1571
1559
1517
1461
1436
1457
1464
1478
1411
1328
1291
1205
1087
920
762
606
497
400
314
268
263
304
299
287
241
224
280
255
209
161
156
206
218
199
179
169
187
184
145
105
36
-23
-30
-113
-208
-261
-281
-297
-330
-355
-342
-294
-230
-161
-89
11
81
162
280
315
337
333
370
371
317
250
198
176
97
-6
-116
-180
-301
-427
-527
-661
-757
-860
-938
-998
-1021
-1032
-1037
-1017
-1011
-992
-1025
-1047
-1135
-1253
-1317
-1422
-1499
-1594
-1650
-1674
-1611
-1497
-1356
-1206
-1020
-830
-721
-575
-448
-295
-178
-139
-35
141
332
469
632
841
1011
1126
1186
1246
1279
1273
1209
1161
1139
1047
986
970
1002
991
973
968
958
909
846
801
738
676
561
463
407
329
277
236
208
149
65
5
-29
-79
-161
-234
-286
-285
-355
-440
-443
-419
-335
-256
-169
-72
38
147
277
389
449
483
505
551
534
477
457
423
414
388
358
336
309
278
267
215
143
77
7
-10
-93
-182
-232
-283
-315
-378
-446
-532
-637
-740
-831
-944
-1070
-1162
-1245
-1263
-1306
-1373
-1338
-1294
-1230
-1169
-1102
-1042
-990
-954
-938
-958
-1037
-1081
-1112
-1093
-1101
-1112
-1038
-932
-766
-608
-448
-318
-202
-90
2
62
105
165
202
306
442
582
745
856
1055
1230
1347
1407
1431
1456
1439
1384
1305
1241
1181
1153
1084
1047
1045
988
941
880
808
703
585
470
333
203
82
-19
-106
-145
-211
-268
-286
-369
-418
-452
-486
-566
-652
-669
-651
-660
-669
-591
-467
-316
-202
-87
82
203
302
380
441
463
464
467
459
446
436
453
472
503
458
440
462
439
424
393
354
294
251
202
153
98
27
-18
-82
-88
-159
-260
-321
-390
-446
-532
-621
-711
-791
-880
-943
-1010
-1061
-1101
-1126
-1089
-1073
-1044
-967
-904
-815
-744
-683
-641
-598
-533
-481
-442
-404
-333
-267
-185
-150
-103
-4
37
57
69
120
187
197
174
212
283
314
307
301
366
394
362
367
382
403
384
368
358
353
323
286
276
249
195
132
118
69
2
-30
-66
-76
-111
-116
-109
-91
-102
-123
-103
-70
-37
-57
40
121
162
165
124
204
278
317
277
309
370
422
476
538
584
613
708
754
757
756
742
758
787
758
708
703
694
680
657
629
614
572
586
562
521
501
452
419
366
308
196
76
-30
-155
-290
-439
-561
-676
-733
-851
-945
-983
-1058
-1101
-1154
-1192
-1229
-1236
-1257
-1261
-1204
-1148
-1080
-1028
-911
-842
-775
-699
-660
-583
-557
-529
-508
-479
-453
-421
-356
-277
-208
-170
-70
7
39
85
82
85
93
119
152
155
136
132
187
242
248
216
249
280
273
282
254
269
290
315
330
337
330
332
370
408
442
458
518
564
603
679
696
730
755
761
755
724
711
676
670
651
617
539
489
471
451
450
381
363
372
391
399
381
371
334
326
287
238
162
134
98
52
40
-32
-58
-73
-85
-131
-171
-227
-254
-277
-278
-271
-277
-207
-166
-142
-87
-82
-64
-65
-75
-105
-167
-235
-277
-299
-336
-355
-367
-342
-364
-389
-394
-430
-473
-557
-628
-676
-705
-755
-778
-756
-726
-687
-645
-541
-501
-490
-430
-399
-365
-348
-300
-257
-211
-169
-103
-33
28
97
165
260
303
335
392
381
395
359
340
330
313
293
243
214
209
196
168
203
180
150
159
114
95
67
39
28
29
27
34
60
86
136
154
221
248
271
313
335
377
402
465
497
558
606
678
746
776
801
819
870
862
824
835
813
813
770
724
670
609
552
503
442
355
285
225
192
91
-7
-55
-125
-184
-236
-273
-330
-364
-369
-360
-346
-348
-338
-346
-335
-390
-470
-499
-572
-625
-684
-749
-797
-828
-859
-880
-865
-867
-870
-874
-837
-831
-852
-784
-742
-676
-605
-503
-425
-344
-256
-191
-107
-52
1
16
90
139
156
219
253
322
374
411
427
426
408
398
382
333
289
238
239
219
196
187
164
157
128
102
67
22
-36
-90
-134
-145
-169
-179
-110
-83
-56
17
64
132
182
237
284
321
341
339
372
395
410
383
410
404
382
402
397
401
385
399
379
353
305
258
208
162
124
59
56
14
-22
-18
-45
-30
-36
-35
-46
-83
-115
-144
-174
-195
-198
-194
-146
-125
-94
-28
1
34
40
47
18
-30
-89
-142
-203
-255
-282
-313
-282
-309
-334
-328
-332
-327
-356
-364
-386
-405
-433
-440
-433
-421
-390
-364
-264
-215
-165
-99
-64
9
11
18
-13
-41
-88
-115
-133
-167
-196
-239
-195
-195
-216
-214
-232
-203
-212
-215
-225
-205
-165
-115
-70
-10
68
132
245
294
315
357
379
422
428
448
458
491
533
576
617
640
691
720
778
761
708
716
688
667
626
586
528
499
468
426
388
354
333
278
272
222
160
141
109
89
60
54
42
47
52
72
80
89
111
127
151
128
78
64
12
-38
-101
-163
-238
-298
-349
-408
-464
-516
-552
-583
-578
-644
-713
-714
-748
-749
-771
-772
-756
-731
-699
-650
-609
-579
-521
-460
-358
-321
-306
-216
-162
-104
-55
-5
45
92
126
177
223
231
240
254
307
301
261
272
245
221
198
174
153
127
122
114
111
101
104
111
155
163
143
174
179
204
228
265
280
306
334
358
389
398
407
395
420
382
340
318
264
254
224
205
155
130
107
86
74
51
49
32
48
33
12
32
25
33
22
36
25
21
20
39
43
33
25
10
45
21
-8
10
1
-7
-37
-58
-95
-127
-154
-176
-198
-243
-269
-322
-330
-380
-446
-480
-530
-571
-608
-628
-657
-637
-630
-627
-616
-587
-573
-522
-452
-437
-438
-375
-336
-314
-293
-256
-212
-191
-162
-133
-88
-70
-27
11
66
75
63
96
95
103
86
94
112
113
99
110
116
150
207
255
293
240
233
284
302
308
315
353
387
437
463
488
499
507
519
503
479
417
361
372
344
306
280
260
248
238
213
175
113
83
59
5
-4
-39
-64
-49
-53
-42
-48
-38
-34
-34
-41
-35
-22
-13
-17
-14
6
-34
-73
-94
-148
-183
-228
-268
-324
-353
-361
-374
-376
-386
-398
-405
-401
-431
-468
-451
-452
-448
-465
-454
-440
-412
-374
-359
-337
-309
-271
-242
-175
-157
-159
-117
-77
-23
19
58
90
133
184
201
216
237
242
253
294
258
208
212
195
181
161
129
110
104
94
86
83
72
72
73
112
119
95
126
147
178
184
201
206
219
228
216
197
169
156
133
154
118
84
96
72
73
40
15
-11
-23
-52
-79
-102
-122
-132
-160
-141
-159
-198
-177
-188
-173
-165
-156
-142
-121
-92
-84
-66
-50
-8
10
57
47
48
101
94
111
111
123
127
127
103
85
56
16
-17
-62
-73
-130
-195
-221
-266
-288
-310
-339
-353
-367
-360
-365
-349
-334
-307
-296
-230
-205
-205
-161
-148
-102
-76
-51
-42
-22
4
18
25
32
52
70
114
110
99
143
141
158
153
152
145
145
150
139
132
138
143
126
163
141
129
156
145
163
183
206
206
218
233
250
278
309
325
335
395
397
391
429
424
418
399
374
334
291
252
217
185
142
103
67
79
40
-36
-58
-97
-96
-132
-185
-223
-243
-253
-257
-273
-288
-290
-304
-255
-271
-305
-282
-283
-258
-240
-231
-224
-177
-137
-101
-80
-60
-32
-13
20
-8
-47
-36
-63
-69
-98
-117
-128
-138
-144
-142
-157
-161
-146
-149
-115
-141
-166
-152
-158
-143
-140
-124
-106
-72
-31
4
32
61
108
123
172
161
150
183
189
212
220
222
220
220
217
240
252
253
272
270
280
265
234
253
227
192
182
168
154
132
106
79
44
12
-19
-66
-57
-95
-123
-103
-122
-106
-89
-62
-47
-34
-19
-5
21
25
20
24
64
43
2
-11
-22
-23
-41
-29
-34
-21
-13
-2
18
39
44
24
37
12
-2
-3
-13
8
11
16
6
24
27
35
37
29
26
4
20
-10
-28
-34
-54
-44
-45
-54
-68
-58
-67
-70
-70
-86
-90
-104
-84
-104
-120
-103
-118
-106
-103
-92
-91
-75
-58
-53
-40
-29
-7
3
43
50
46
85
100
128
135
145
133
138
127
109
76
28
8
-22
-5
-39
-85
-64
-62
-37
-39
-29
-12
-11
-15
-23
-43
-60
-66
-77
-39
-46
-60
-30
-18
10
9
27
20
7
-17
-23
-18
-32
-28
-25
20
14
13
38
33
49
52
68
71
60
51
43
42
20
10
-17
13
-16
-30
-8
-37
-12
2
18
35
63
89
119
137
161
185
209
282
285
289
328
334
351
341
330
292
274
227
159
106
53
23
-20
-17
-62
-109
-105
-125
-120
-146
-158
-161
-174
-199
-209
-225
-233
-232
-243
-207
-213
-228
-206
-184
-169
-175
-169
-174
-166
-175
-180
-192
-189
-191
-191
-149
-162
-171
-135
-126
-110
-107
-103
-113
-109
-95
-90
-94
-94
-84
-90
-73
-93
-95
-71
-62
-45
-39
-12
16
31
56
88
117
147
169
175
218
229
235
260
257
271
262
279
292
285
293
303
291
272
266
251
268
245
206
217
196
198
187
187
167
161
157
153
157
128
135
120
149
137
101
116
87
78
63
47
21
-1
-32
-72
-105
-137
-172
-219
-230
-267
-327
-330
-359
-372
-375
-377
-398
-415
-434
-446
-428
-417
-408
-396
-335
-315
-310
-267
-244
-185
-156
-107
-104
-85
-81
-57
-30
-50
-50
-55
1
7
1
36
56
98
124
153
167
177
187
202
229
226
228
239
283
278
253
265
262
287
287
276
274
248
236
222
205
160
129
110
110
69
32
33
15
12
-13
-12
-27
-30
-36
-41
-64
-69
-62
-72
-49
-59
-81
-36
-27
-20
-21
-9
24
39
53
67
85
100
117
133
181
184
171
189
172
163
130
121
97
65
20
-20
-33
-66
-103
-137
-138
-175
-218
-224
-259
-268
-300
-321
-325
-329
-332
-330
-308
-287
-259
-239
-172
-150
-149
-106
-98
-61
-41
-33
-19
4
27
37
47
43
54
40
65
23
-11
-6
-28
-19
-37
-36
-36
-23
-21
-10
-1
-6
5
-7
28
23
-4
38
42
66
78
94
106
142
157
166
161
141
150
136
160
116
89
91
77
68
35
30
9
8
-9
-18
-25
-29
-44
-61
-36
-63
-93
-81
-97
-93
-106
-118
-117
