80
114
132
177
147
110
89
29
24
1
-12
-3
11
20
27
66
77
81
52
53
-2
-72
-61
-82
-73
-72
-25
28
51
94
133
141
156
157
115
96
45
-6
-3
-21
-22
-6
25
58
90
92
93
77
45
31
13
37
7
-9
13
0
53
68
92
100
130
157
143
132
89
80
28
-4
-50
-73
-57
-84
-87
-55
-30
-18
-2
-22
-24
-40
-34
-51
-105
-84
-110
-123
-102
-62
-9
5
58
80
118
116
91
61
-12
-47
-96
-83
-134
-203
-154
-156
-122
-81
-22
4
-19
-13
9
-1
-30
-10
13
28
14
27
61
25
-10
-6
-22
-51
-54
-76
-95
-109
-75
-6
-8
40
79
94
103
71
63
18
-42
-111
-107
-98
-109
-93
-58
-8
33
144
148
77
102
83
82
24
-24
-31
-72
-92
-62
-17
20
58
73
113
114
84
68
-5
-72
-108
-108
-128
-99
-52
-11
54
95
168
195
220
149
77
56
-23
-59
-94
-133
-119
-63
-19
49
91
131
184
164
178
133
56
10
-46
-36
-58
-33
25
55
91
109
106
150
133
67
55
9
-42
-44
-72
-77
-63
-52
-20
3
10
43
35
29
17
2
17
-25
-21
11
24
51
57
94
106
137
161
143
124
92
86
47
59
50
-4
-4
-35
-36
-21
-32
-98
-134
-150
-172
-192
-212
-226
-228
-176
-152
-99
-38
-18
-5
18
45
74
110
82
69
56
68
84
58
74
51
15
40
32
49
43
37
22
37
68
63
47
1
-58
-91
-98
-153
-221
-220
-189
-141
-80
-12
55
104
98
117
122
84
55
-22
-28
-30
-33
26
42
111
157
175
174
155
109
9
-88
-168
-207
-245
-218
-166
-101
-6
79
159
200
216
197
171
89
-1
-70
-122
-142
-152
-85
-67
-27
48
78
112
90
80
7
-66
-129
-164
-168
-203
-174
-95
26
82
124
215
240
246
222
187
128
47
-41
-121
-174
-182
-184
-154
-65
-39
-11
35
37
2
-30
-62
-153
-246
-340
-348
-336
-312
-198
-124
-3
115
235
355
361
329
272
220
146
89
22
-78
-74
-37
22
109
149
115
64
18
-29
-97
-218
-296
-337
-314
-246
-136
-40
35
128
212
309
285
202
140
51
-1
-44
-45
-70
-101
-28
44
84
84
70
53
45
-36
-116
-143
-195
-209
-216
-186
-115
-35
-18
9
70
162
179
131
140
113
62
33
47
47
-29
-41
-38
-27
13
34
28
3
-4
33
55
-33
-101
-95
-156
-162
-123
-83
-58
-26
39
111
149
211
250
206
146
65
55
31
-55
-113
-171
-155
-162
-124
-47
-16
6
-9
14
32
88
65
-32
-20
10
25
43
20
9
46
19
50
62
76
106
70
135
144
170
212
135
124
103
122
123
71
12
-41
-60
-91
-112
-137
-97
-99
-96
-11
75
144
147
144
154
149
113
51
-24
-103
-124
-133
-124
-152
-142
-77
-61
-43
9
110
57
24
-13
-68
-84
-152
-188
-239
-206
-148
-146
-63
-25
16
62
23
23
29
-46
-47
-130
-203
-180
-173
-162
-220
-168
-58
-36
1
-8
59
21
-10
-37
-91
-94
-133
-146
-193
-154
-15
1
36
80
98
133
61
-19
-48
-113
-158
-207
-189
-121
-88
-21
-14
43
124
137
138
54
30
24
-46
-86
-103
-139
-140
-107
-47
78
89
58
131
140
142
145
95
49
30
-2
44
76
75
112
175
272
256
234
249
221
208
179
149
120
50
7
61
55
18
69
64
93
88
76
112
52
-17
-13
-16
-40
19
12
10
83
176
233
214
205
174
128
125
115
83
-13
-47
-54
-45
-40
4
53
-12
-17
44
69
32
-31
-90
-158
-197
-230
-188
-274
-298
-188
-151
-104
-21
-12
19
5
-52
-20
-84
-164
-220
-270
-243
-221
-247
-273
-244
-154
-126
-142
-117
-79
-140
-253
-263
-292
-318
-356
-344
-353
-324
-209
-151
-181
-194
-186
-158
-174
-246
-148
-134
-173
-92
-42
65
142
215
302
291
351
426
420
382
335
333
292
311
364
400
445
520
561
644
725
745
704
652
608
596
640
524
455
429
351
409
412
459
487
490
569
592
641
691
634
563
543
488
431
370
261
178
73
0
-37
-86
-175
-277
-387
-439
-500
-589
-627
-719
-792
-841
-904
-907
-864
-919
-999
-950
-935
-916
-968
-1046
-956
-962
-910
-891
-874
-718
-703
-654
-645
-694
-637
-708
-852
-1000
-1208
-1375
-1578
-1792
-1903
-2160
-2438
-2531
-2490
-2399
-2182
-1851
-1496
-975
-366
355
1054
1507
2005
2509
2897
3063
3138
3287
3336
3210
3068
3064
3078
2896
2588
2368
2193
1933
1595
1223
896
535
269
143
7
-54
-24
95
185
345
588
731
813
862
1024
1201
1292
1295
1314
1413
1469
1466
1417
1281
1080
841
511
186
-210
-601
-1009
-1535
-1871
-2106
-2327
-2552
-2811
-2773
-2691
-2632
-2507
-2337
-2116
-1987
-1830
-1573
-1399
-1280
-1168
-1224
-1231
-1102
-1013
-1074
-1201
-1199
-1298
-1393
-1473
-1483
-1440
-1787
-1976
-1959
-2113
-2120
-2313
-2381
-1867
-1365
-853
-310
367
1401
2071
2475
3036
3427
3545
3405
3243
2953
2535
2177
1688
1223
872
764
729
632
794
1042
1198
1333
1442
1530
1462
1384
1279
1021
937
975
953
981
1104
1480
1771
1921
2172
2366
2450
2409
2319
2012
1657
1410
1010
617
288
71
-130
-452
-625
-701
-917
-1129
-1300
-1486
-1608
-1726
-1867
-2002
-2001
-1873
-1791
-1757
-1675
-1484
-1400
-1434
-1478
-1571
-1718
-1976
-2171
-2344
-2640
-2742
-2957
-3056
-2921
-2849
-2699
-2685
-2664
-2412
-2265
-2199
-2336
-2474
-2420
-2534
-2414
-2076
-1392
-458
30
702
1733
2818
3729
3960
4075
4213
4079
3791
3300
2622
1841
1261
803
344
103
35
-86
-263
-432
-160
84
136
248
255
528
881
1315
1688
1813
2178
2618
2779
3014
3221
3259
3139
2829
2691
2635
2333
2048
1656
1198
1122
1057
744
406
175
-33
-224
-482
-656
-892
-1243
-1442
-1553
-1586
-1528
-1401
-1365
-1346
-1058
-699
-644
-799
-868
-861
-1022
-1315
-1605
-1993
-2373
-2703
-2982
-3176
-3495
-3561
-3625
-3822
-3527
-3386
-3351
-3235
-3311
-2920
-2628
-2679
-2459
-2406
-2486
-2259
-1804
-1047
-199
579
1383
2229
3200
4218
4889
4860
4669
4575
4233
3676
2762
1873
1109
275
-214
-577
-783
-878
-1058
-1075
-918
-661
-442
-569
-496
-30
291
825
1236
1753
2324
2764
3570
4088
4324
4680
4551
4420
4255
3880
3597
2883
2124
1734
1296
893
564
138
-186
-362
-466
-691
-904
-1183
-1379
-1520
-1757
-1667
-1632
-1714
-1646
-1453
-1124
-840
-667
-587
-667
-782
-944
-1184
-1512
-2133
-2812
-3237
-3707
-4061
-4381
-4765
-4874
-5008
-5010
-4693
-4420
-4210
-4007
-3781
-3437
-3077
-2881
-2554
-1876
-969
207
1319
2278
3329
4348
5336
6167
6320
6117
5735
5199
4483
3333
2327
1251
55
-800
-1464
-1728
-1979
-2307
-2382
-2288
-2036
-1767
-1670
-1579
-1483
-1181
-490
109
641
1131
2009
3270
4250
5194
6085
6594
6781
6849
6858
6436
5489
4382
3282
2234
1235
426
-368
-1239
-1658
-1686
-1754
-1688
-1703
-1782
-1774
-1697
-1527
-1444
-1337
-1305
-1164
-847
-388
104
208
274
449
389
89
-334
-948
-1708
-2520
-3259
-4019
-4825
-5517
-5981
-6359
-6756
-6672
-6440
-6351
-6057
-5693
-5240
-4880
-4653
-3719
-2493
-1098
418
1649
3107
4602
6095
7603
8155
8077
8005
7577
6991
5893
4334
2842
1235
-160
-1291
-2337
-3150
-3794
-4292
-4566
-4303
-3972
-3803
-3563
-3340
-2878
-2231
-1574
-669
36
707
1985
3424
5048
6334
7274
8137
8667
9373
9512
8652
7622
6267
4956
3570
1887
535
-928
-2223
-2849
-3167
-3308
-3361
-3395
-3375
-3149
-2674
-2254
-1974
-1938
-1663
-989
-436
217
697
948
1329
1601
1805
1590
1005
358
-589
-1447
-2337
-3448
-4578
-5769
-6634
-7161
-7689
-7996
-8267
-8516
-8427
-8144
-7640
-7060
-6082
-4029
-1533
400
1643
3419
6055
8329
9346
9365
9472
9690
9223
8221
6875
5323
3760
1985
427
-720
-1740
-2681
-3888
-4869
-5186
-5225
-5192
-5534
-5970
-5933
-5267
-4230
-3418
-2310
-571
1325
3104
4857
6944
8814
9625
10054
10358
10411
10175
8953
7320
5660
4135
2984
1509
-135
-1297
-1992
-2631
-3239
-3561
-3782
-4002
-4302
-4496
-4200
-3719
-3347
-3023
-2593
-1566
-329
576
1275
1802
2393
2740
2601
2265
1571
710
-358
-1732
-2908
-3971
-5232
-6563
-7896
-8607
-8551
-8799
-9262
-9402
-9032
-7973
-6758
-5308
-3460
-1464
319
1995
4286
6689
8299
8931
9003
9506
10068
9545
8453
7008
5559
4369
2803
1390
49
-1502
-2881
-4064
-4821
-5226
-5661
-6239
-6781
-6718
-6302
-5574
-4694
-3854
-2562
-805
1444
3865
5828
7504
8879
10161
11319
11536
11278
10388
8920
7617
6085
4553
2868
866
-621
-1690
-2511
-3013
-3605
-4300
-4705
-4788
-4757
-4589
-4482
-4456
-4116
-3490
-2522
-1414
-711
-10
801
1558
2187
2380
2166
1566
817
-109
-1267
-2504
-4030
-5759
-7419
-8668
-9303
-9825
-10540
-10713
-9774
-7616
-4940
-2841
-1310
715
3563
6379
7921
8256
8459
8913
9032
8425
7543
6708
5711
4561
3438
2616
2224
1509
178
-1291
-2359
-2834
-3552
-4883
-6363
-7452
-7772
-7456
-6963
-6482
-5655
-4043
-1782
853
3660
6252
8253
9748
10989
12317
12941
12100
10639
8949
7319
6007
4302
2194
336
-1184
-1939
-2369
-3092
-3614
-4195
-4900
-5076
-4875
-4833
-4879
-5049
-4939
-4035
-2861
-1726
-858
-380
462
1586
2269
2385
2029
1285
277
-863
-2060
-3520
-5330
-7123
-8682
-9672
-10287
-10549
-9921
-8387
-6178
-3966
-2227
89
3330
6083
7398
7555
7952
9008
9184
8037
6671
5789
5313
4583
3533
2718
2474
2087
1090
19
-799
-1353
-2444
-4271
-5966
-7066
-7577
-7777
-7976
-7995
-7213
-5365
-2906
-463
1825
4402
7057
9277
10834
12034
12766
12605
11464
9925
8701
7402
5434
3044
1130
-128
-946
-1912
-3073
-3985
-4566
-4841
-5184
-5654
-5836
-5840
-5789
-5481
-4632
-3550
-2532
-1609
-842
153
1292
2015
2215
1862
1153
741
-63
-1550
-3611
-5910
-7441
-8645
-10193
-11115
-10508
-8469
-6203
-4909
-3326
97
4152
6666
7192
7183
8425
9696
9116
7354
5871
5134
4686
3549
2382
2188
2274
2104
1313
517
486
315
-931
-2977
-4961
-6053
-6415
-7202
-8515
-9168
-8242
-6098
-3962
-2021
730
4236
7123
9104
10845
12727
13865
13063
11526
10375
9188
7595
5175
2548
931
184
-658
-1903
-3097
-3601
-3813
-4646
-5525
-5881
-6251
-6720
-7009
-6951
-6079
-4737
-3760
-3027
-2019
-380
1290
1817
1647
1757
1925
1212
-292
-2403
-4105
-5436
-7392
-9235
-10536
-10103
-7735
-5952
-4939
-3428
-437
4104
6716
6847
7026
7712
8740
8413
6297
4651
3843
3318
2329
1255
1391
2218
2389
1501
1158
1662
1769
874
-1525
-3894
-4773
-5480
-6473
-8078
-9335
-8428
-6649
-4886
-2924
-726
2443
5338
7483
9896
11826
12844
12367
11157
10862
10230
8423
6036
3409
2082
1696
617
-811
-2158
-2921
-3170
-3836
-4816
-5351
-6086
-7116
-7381
-7248
-6681
-5600
-5278
-4816
-3399
-1614
-101
218
-18
184
106
-674
-2032
-3253
-4930
-6975
-8307
-8701
-6967
-4833
-4416
-3644
-1615
2473
6784
7373
6771
7160
8174
8914
7361
4975
3543
2219
1013
-30
-262
273
389
-5
-211
1088
2496
2332
914
-1157
-2093
-2337
-3289
-4709
-6920
-7975
-7001
-5571
-3998
-2334
-239
2264
4422
7065
9865
11296
11226
10321
9839
9605
8712
6814
4139
2045
1428
1398
656
-455
-1170
-1572
-1750
-1970
-2222
-2948
-4439
-5569
-5963
-5902
-5434
-5377
-5986
-5693
-4149
-2375
-1454
-1624
-1728
-1403
-1427
-2121
-3463
-5384
-7218
-8022
-8096
-7891
-6936
-5430
-3389
-1157
1144
4614
7731
8872
9104
8803
9178
9411
7729
5088
2346
921
501
-602
-1688
-2094
-1818
-1252
-772
69
636
491
-244
-1311
-2067
-2654
-3314
-4505
-5980
-6079
-4889
-3055
-1388
-235
1820
4794
7846
9865
10456
10839
11149
10679
9296
7722
6218
4114
1843
210
-481
-595
-1385
-2367
-2701
-2513
-1871
-1972
-3038
-3843
-4138
-4144
-4406
-4729
-4891
-4814
-4441
-4069
-3304
-2571
-2358
-2434
-2986
-3489
-3794
-5049
-6882
-8359
-9042
-8498
-7145
-5504
-3735
-1996
130
3731
7690
9571
9626
9411
9893
10679
9534
6847
4509
2641
1252
-127
-1537
-1893
-2043
-2884
-3239
-2547
-1391
-1061
-2244
-3533
-3732
-3463
-3531
-4170
-5135
-5306
-4009
-2038
-67
1688
3636
6237
8800
10840
12303
12991
12733
11513
9956
8696
7021
4477
1466
-802
-1715
-2231
-2919
-3885
-4558
-4409
-4039
-3867
-3979
-4298
-4639
-4859
-4727
-4265
-3779
-3521
-3479
-3210
-2444
-1641
-1403
-2030
-3067
-3769
-4469
-5743
-7334
-8596
-8763
-7694
-6281
-4827
-3083
-870
2263
5256
7147
8326
9133
9693
9621
8679
7295
5934
4338
2458
898
-96
-512
-747
-1515
-2122
-1877
-1387
-1354
-2186
-3378
-4047
-4468
-5008
-5735
-6382
-6315
-5418
-4015
-2262
73
2768
5617
8380
10653
12475
13794
14289
13720
12294
10751
9066
6655
3923
1591
-133
-1388
-2689
-3755
-4327
-4749
-5013
-5352
-5801
-6060
-6290
-6756
-6935
-6646
-6185
-5682
-5400
-4908
-4080
-3437
-3043
-3113
-3699
-4346
-4963
-5708
-6044
-5647
-4607
-3146
-1943
-630
1931
4925
7149
8168
8176
8657
9324
8798
7289
5135
3350
2049
383
-1151
-1967
-2383
-2873
-3251
-3143
-2335
-1500
-1754
-2525
-2961
-2988
-2789
-3330
-4412
-4851
-4600
-3559
-2171
-920
831
3033
5558
8156
10281
11926
12855
12925
12386
11667
10576
8586
5982
3428
1657
419
-905
-2266
-3381
-3889
-3960
-4110
-4435
-4862
-5396
-5913
-6400
-6458
-6283
-6420
-6796
-6998
-6492
-5754
-5577
-6084
-6921
-7582
-7794
-7779
-7585
-6622
-5006
-3092
-975
1092
3944
7362
9612
10418
10501
10965
11810
11112
8653
6210
4385
3028
1306
-959
-2505
-3122
-3794
-4579
-4723
-4379
-3974
-4309
-5264
-5377
-4963
-4788
-4995
-5683
-5721
-4459
-2776
-1044
567
2569
5789
8716
10686
12330
13576
14480
13997
12465
11324
9720
7331
4638
1940
408
-522
-1767
-2966
-3876
-3996
-3691
-4017
-4712
-4942
-5268
-5939
-6218
-6423
-6448
-6349
-6657
-6660
-6474
-6144
-6025
-7001
-8135
-8389
-8027
-7657
-7094
-5480
-3196
-1388
311
3009
6561
9028
9467
9243
9900
10942
10588
8417
6041
4724
3854
2148
327
-532
-1121
-2060
-2977
-3112
-2602
-2645
-3717
-4799
-5398
-5409
-5319
-5992
-6849
-6899
-5889
-4126
-2258
-512
1786
4866
7784
10156
11910
13306
14268
13668
12300
11302
9930
7718
4829
2393
1267
321
-914
-2097
-2891
-2951
-3060
-3712
-4423
-4872
-5452
-6474
-7283
-7525
-7325
-7487
-8081
-8107
-7674
-7219
-7298
-8239
-8772
-8315
-7442
-6231
-4706
-2622
-446
1065
3409
6883
9439
9971
9204
9253
10131
9737
7505
4897
3180
1987
507
-1072
-1924
-2099
-2850
-3764
-3527
-2596
-2022
-2754
-3911
-4005
-3721
-3558
-3761
-4552
-4839
-4141
-2675
-1019
473
2444
4993
7218
8861
10468
11921
12460
11481
9864
8856
7749
5818
3348
1081
-70
-448
-1052
-1660
-1961
-1882
-1819
-2203
-2459
-2660
-3469
-4779
-5785
-6275
-6559
-7028
-7975
-8721
-8858
-8761
-9071
-10096
-10474
-9489
-7708
-5740
-3807
-1497
950
3537
6574
9287
10762
10925
10589
10655
10480
9180
6801
4382
2700
1190
-274
-1569
-2426
-3020
-4096
-4663
-4245
-3828
-4211
-5360
-6037
-5761
-5272
-5094
-5146
-4923
-3919
-2081
153
2955
5829
7800
9270
10941
13027
14262
13326
11587
9745
7939
6471
4147
1398
-1064
-2767
-3260
-3409
-3509
-3560
-3809
-4079
-3691
-2964
-3102
-3825
-4838
-5625
-5466
-5267
-5439
-6123
-7016
-7134
-7073
-7792
-8382
-8243
-7503
-6268
-4601
-2602
-210
2240
4270
6521
8422
9475
9990
9554
8993
8456
6837
4989
3427
1914
544
-842
-1721
-1911
-2398
-3078
-3293
-3262
-3316
-3511
-4096
-4771
-4886
-4965
-4885
-4648
-4331
-3249
-1420
1372
4173
5948
7543
9557
11905
13016
12632
12018
10803
9113
7378
5409
3471
1200
-911
-2124
-2646
-2751
-3133
-3974
-4713
-4511
-4187
-4982
-5778
-6505
-7104
-7170
-7383
-7370
-7520
-8053
-8359
-8543
-8775
-8543
-8082
-7560
-5901
-3232
-589
1590
3394
5851
8886
10697
10969
10705
10507
10297
9253
6959
4910
3554
1841
-209
-1885
-2650
-2879
-3935
-5179
-5426
-5076
-4821
-5292
-6092
-6284
-5727
-5092
-4797
-4438
-3511
-1646
1044
3844
6301
8267
10146
12220
13778
14149
13792
12609
10540
8476
6624
4718
2239
-454
-2265
-3023
-3252
-3583
-4285
-4974
-5073
-4904
-5198
-5697
-6178
-6800
-7421
-7646
-7495
-7256
-7639
-8416
-8831
-9092
-8662
-7983
-7658
-6715
-4941
-2111
977
2735
4705
7184
9190
10342
10193
10015
9927
8986
7106
5130
4079
3089
1558
-490
-1809
-1552
-2055
-3151
-4026
-4653
-4518
-4866
-5671
-6031
-6230
-6030
-5736
-5331
-4290
-2177
374
2323
4417
6726
9249
11682
12424
12669
12970
12346
11266
9495
7631
5969
3928
1786
247
-534
-1273
-2144
-3214
-3930
-3860
-4370
-5370
-6190
-6913
-7220
-7517
-7986
-8234
-8197
-8207
-8553
-8915
-9249
-9204
-8564
-8041
-6936
-5044
-2480
567
2786
4773
7379
9823
11212
11117
10575
10229
9542
7840
5481
3721
2421
927
-739
-1990
-2153
-2259
-3193
-4033
-4269
-4149
-4499
-5501
-6307
-6602
-6450
-6354
-5826
-4241
-2204
-29
1982
4522
7625
9978
11366
12129
12690
12893
12129
10570
8634
6803
5012
3118
1538
323
-371
-1072
-1969
-2329
-2462
-2866
-3830
-5044
-5787
-6433
-7034
-7915
-8861
-9294
-9448
-9689
-10009
-10382
-10635
-10225
-9129
-7174
-5012
-3209
-833
2119
5248
7815
9489
10825
11471
11568
11000
10193
9110
7100
4974
3025
1662
773
-599
-1944
-2962
-3505
-3776
-4253
-4640
-5381
-6142
-6513
-6609
-6375
-6261
-5477
-3828
-2063
6
2221
4867
7226
8820
10133
11183
11837
11533
10509
9112
7595
6164
4328
2587
1210
142
-600
-1441
-1905
-2175
-2769
-3515
-4392
-5063
-5597
-6317
-7091
-7880
-8141
-8103
-8402
-8854
-9262
-9373
-9341
-9247
-8128
-5865
-3562
-1724
-113
2002
5312
8299
9346
9273
9225
9659
9844
8627
6688
5217
3784
2432
1278
353
96
-502
-1866
-2578
-2279
-1883
-2377
-3850
-5118
-5066
-4639
-4788
-4728
-4045
-2576
-748
1053
3393
6086
7881
8783
9668
10684
11287
10618
8773
6991
5715
4362
2696
811
-661
-1400
-2056
-2542
-2612
-2701
-3137
-3944
-4594
-4800
-4970
-5707
-6879
-7871
-8144
-8007
-8458
-9362
-10073
-10171
-9603
-8706
-7238
-4961
-2111
343
2526
4921
7301
9563
10408
9905
9431
8683
7874
6636
4527
2631
1244
289
-421
-897
-1289
-1601
-1815
-2360
-2373
-2226
-2902
-3711
-4804
-5221
-4681
-4111
-3215
-2008
-238
1939
4400
6895
8928
10470
11092
11291
11333
10843
9661
7515
5366
3692
2295
1079
-211
-1222
-1925
-2352
-2418
-2528
-2857
-3708
-4729
-5553
-6074
-6435
-7362
-8367
-8941
-9126
-9076
-9317
-9579
-9899
-9995
-9376
-7957
-5449
-2952
-881
1124
3373
6339
8972
10218
10269
9828
9431
9004
8174
6433
4273
2358
697
-250
-890
-1702
-2416
-3328
-3963
-3749
-3303
-3387
-4238
-5202
-5474
-4823
-3852
-2947
-1925
-576
1437
3989
6597
8869
10328
11103
11589
11974
12048
11129
9098
6871
4981
3576
2244
603
-918
-2104
-2754
-2971
-3054
-3349
-4033
-4878
-5644
-5785
-5708
-6237
-7109
-7810
-8006
-7824
-7918
-8491
-9195
-9589
-9132
-7868
-6360
-4534
-2482
-278
2067
4486
6976
8911
9611
9263
8928
8794
8254
6800
4478
2536
1364
305
-739
-1677
-2388
-2916
-3510
-3720
-3311
-3151
-3776
-4697
-5031
-4634
-3755
-2901
-2191
-813
1106
3363
5772
7745
9434
10691
11155
11388
11610
11089
9615
7677
5743
4359
3213
1665
39
-1252
-2060
-2411
-2883
-3518
-4112
-4937
-5825
-6425
-6678
-7015
-7710
-8468
-8866
-8847
-8799
-8986
-9475
-9616
-8610
-6935
-5075
-3253
-1571
592
3252
5712
7742
8806
9024
9233
9121
8534
7616
6222
4343
2605
1259
287
-284
-1413
-2752
-3438
-3795
-3730
-3844
-4567
-5239
-5538
-5602
-5260
-4303
-3161
-2098
-646
1459
4085
6609
8247
9456
10519
11187
11599
11354
10240
8746
7241
5692
4321
3164
1788
401
-800
-1561
-1838
-2374
-3320
-4409
-5419
-6106
-6540
-7069
-7912
-8649
-8999
-9106
-9082
-9125
-9443
-9803
-9531
-8541
-6853
-4860
-3078
-1081
1204
3815
6511
8210
9174
9566
9505
9282
8563
7476
5817
3877
2065
678
-139
-1114
-2113
-3206
-3992
-4029
-4073
-4277
-4790
-5357
-5645
-5599
-4856
-3808
-2644
-1442
150
2463
4868
7108
8665
9638
10503
10893
11090
10742
9530
8102
6595
5249
4075
3029
1845
543
-429
-1190
-1531
-2110
-3144
-4215
-5385
-6048
-6529
-7271
-8171
-8898
-9239
-9571
-9589
-9702
-9933
-9816
-9496
-8078
-5907
-3888
-1768
145
2190
4866
7172
8576
9187
9102
8912
8796
8147
6825
5295
3475
1846
775
-310
-1087
-2059
-3532
-4373
-4623
-4670
-4898
-5600
-6371
-6382
-5672
-4650
-3185
-1934
-598
1404
3682
6256
8305
9447
10163
10443
10648
10731
10021
8421
6665
5173
3968
3196
2115
799
-247
-1266
-1678
-1904
-2592
-3491
-4581
-5569
-5917
-5811
-6249
-6869
-7383
-7788
-7605
-7542
-7920
-8430
-8845
-8598
-7321
-5655
-4018
-1982
-66
1877
4221
6383
8075
8676
8205
7749
7709
7225
5900
4158
2376
1261
419
-549
-1171
-1802
-2639
-3425
-3818
-3626
-3565
-4358
-5331
-5491
-4684
-3486
-2565
-1794
-481
1433
3506
5472
7141
8425
9032
9197
9421
9538
9021
7671
5981
4576
3783
3153
2046
822
-181
-767
-1173
-1747
-2504
-3484
-4696
-5793
-6333
-6716
-7242
-7821
-8552
-8843
-8548
-8407
-8664
-8774
-8517
-7320
-5742
-4322
-2327
-54
2161
4101
5682
7321
8731
9064
8191
7463
7129
6431
4921
2657
1158
477
-529
-1714
-2599
-3133
-3516
-4014
-4564
-4510
-4186
-4541
-4993
-4623
-3212
-1589
-612
403
2091
4176
6063
7278
8198
8815
9044
8842
8217
7542
6672
5359
3610
2351
1881
1327
403
-640
-1160
-1178
-1374
-1990
-2822
-3393
-3958
-4611
-5313
-5784
-5989
-6586
-7433
-7791
-7696
-7720
-7910
-7981
-7235
-5730
-4128
-2518
-770
1164
3107
4544
5591
6498
6809
6371
5583
4849
4220
3292
1967
739
-13
-475
-809
-1254
-1795
-1996
-2049
-2265
-2506
-2695
-2834
-2817
-2582
-2066
-1128
70
1187
2275
3564
5099
6375
7019
7182
7285
7250
6754
5911
5027
4137
3098
2125
1416
912
473
-80
-661
-1038
-1241
-1640
-2311
-3101
-3807
-4285
-4780
-5261
-5674
-6029
-6336
-6593
-6768
-7017
-7015
-6755
-6054
-4887
-3570
-2140
-401
1501
3053
4239
5180
5918
6176
5729
5004
4311
3580
2597
1426
415
-291
-845
-1467
-2100
-2470
-2583
-2843
-3216
-3340
-3307
-3082
-2772
-2095
-1128
-13
1325
2529
3727
5014
6067
6711
7064
7074
6865
6531
5690
4679
3968
3155
2385
1733
1124
798
539
142
-246
-492
-929
-1641
-2383
-3202
-3815
-4388
-5182
-5743
-6097
-6307
-6487
-6719
-6997
-7099
-6784
-6304
-5434
-4423
-3171
-1524
132
1819
3306
4464
5364
5971
6024
5655
5228
4525
3543
2520
1592
912
236
-509
-1124
-1523
-1859
-2164
-2527
-2935
-3117
-3252
-3302
-3015
-2211
-1319
-350
833
2062
3507
4733
5576
6159
6531
6703
6563
6171
5438
4684
4121
3385
2790
2314
1826
1410
1014
645
272
-136
-871
-1781
-2578
-3401
-4088
-4863
-5680
-6211
-6581
-6743
-6961
-7019
-6942
-6894
-6612
-5956
-4857
-3780
-2553
-1073
654
2293
3472
4430
5368
5920
5745
5257
4719
4079
3202
2008
927
255
-301
-928
-1514
-1855
-1948
-1942
-2180
-2290
-2211
-2047
-1849
-1501
-805
-46
932
1727
2479
3481
4406
5012
5278
5419
5412
5429
5073
4386
3943
3418
2853
2343
1817
1478
1167
724
175
-117
-378
-890
-1486
-2163
-2712
-3145
-3636
-4215
-4657
-4982
-5282
-5701
-6148
-6398
-6371
-6245
-5835
-5085
-4031
-2556
-1082
382
1823
3061
4070
4890
5162
4886
4515
3956
3203
2280
1271
499
-102
-704
-1280
-1580
-1672
-1790
-1883
-2078
-2073
-1913
-1788
-1674
-1170
-476
232
1103
1900
2811
3667
4336
4794
5053
5198
5091
4872
4365
3844
3558
3062
2542
2140
1876
1625
1334
929
483
117
-450
-1186
-1879
-2639
-3390
-4119
-4814
-5227
-5487
-5686
-5965
-6134
-6129
-6035
-5820
-5481
-4790
-3843
-2777
-1478
43
1603
2873
3823
4642
5423
5699
5313
4791
4142
3403
2525
1445
513
-193
-832
-1492
-1981
-2226
-2380
-2551
-2846
-2908
-2688
-2337
-2015
-1640
-795
112
1212
2054
2818
3743
4515
5031
5175
5398
5370
5114
4701
4136
3830
3401
2803
2245
1699
1368
958
510
-92
-580
-957
-1617
-2211
-2799
-3355
-3804
-4363
-4839
-5162
-5345
-5549
-5903
-6100
-6125
-5866
-5559
-4999
-4162
-3062
-1766
-485
1004
2324
3288
4016
4610
4924
4760
4349
3720
3048
2394
1578
887
336
-112
-482
-752
-1001
-1120
-1149
-1384
-1585
-1625
-1575
-1404
-1195
-831
-168
630
1401
2088
2817
3569
4124
4359
4485
4592
4497
4175
3857
3515
3230
2986
2665
2301
2061
1860
1510
1084
517
-46
-610
-1369
-2210
-2938
-3617
-4258
-4934
-5547
-5858
-6084
-6324
-6646
-6776
-6675
-6345
-5719
-4828
-3794
-2594
-1198
375
1803
2850
3748
4458
4931
4956
4628
4055
3495
2822
1984
1178
489
-119
-661
-1161
-1513
-1645
-1781
-1955
-2192
-2204
-1973
-1600
-1222
-704
90
1059
1995
2808
3656
4422
4974
5162
5193
5227
4972
4533
3927
3367
3079
2631
2164
1695
1361
1163
810
404
-67
-441
-904
-1496
-2049
-2549
-2961
-3425
-3982
-4413
-4685
-4949
-5351
-5816
-6156
-6180
-6102
-5847
-5209
-4290
-3080
-1731
-300
1028
2274
3194
3758
4234
4193
3818
3322
2668
2080
1472
821
284
-92
-295
-513
-718
-894
-1016
-1094
-1332
-1582
-1648
-1669
-1559
-1386
-786
87
893
1676
2419
3396
4116
4554
4572
4608
4681
4349
3983
3521
3071
2770
2468
2233
2004
1807
1560
1247
951
568
152
-509
-1241
-1893
-2422
-2930
-3473
-4088
-4522
-4699
-4883
-5231
-5681
-5896
-5883
-5758
-5572
-5034
-4147
-3135
-1977
-658
758
2033
2958
3582
4152
4341
4115
3704
3097
2521
1871
1106
461
-34
-318
-642
-952
-1173
-1235
-1180
-1351
-1532
-1547
-1440
-1288
-1043
-612
125
972
1721
2491
3317
4121
4569
4712
4752
4825
4649
4175
3621
3099
2741
2389
1957
1596
1276
1019
734
435
95
-271
-730
-1340
-1889
-2308
-2719
-3207
-3708
-4191
-4414
-4505
-4848
-5190
-5439
-5582
-5559
-5456
-5034
-4380
-3602
-2676
-1482
-71
1079
1937
2637
3290
3806
3733
3287
2836
2430
1996
1313
567
91
-110
-315
-683
-843
-770
-702
-805
-1050
-1060
-849
-807
-786
-552
61
873
1438
2017
2738
3642
4247
4439
4559
4698
4775
4374
3776
3354
2973
2562
1990
1549
1262
1014
685
340
160
-87
-428
-896
-1412
-1769
-2068
-2596
-3257
-3832
-4187
-4394
-4790
-5333
-5679
-5851
-5850
-5926
-5718
-5021
-4194
-3256
-2258
-874
484
1486
2208
2820
3456
3656
3301
2834
2480
2165
1633
951
452
293
199
-87
-345
-288
-157
-254
-589
-819
-742
-702
-817
-808
-340
383
1054
1580
2341
3172
3886
4172
4231
4448
4486
4317
3834
3265
2990
2759
2429
1971
1671
1586
1367
1073
727
485
181
-301
-929
-1380
-1695
-2134
-2744
-3415
-3779
-3963
-4297
-4866
-5385
-5616
-5796
-5967
-6123
-5790
-5087
-4342
-3399
-2343
-1017
128
974
1727
2428
2926
2780
2511
2367
2264
2055
1560
1081
945
1039
941
726
519
500
510
184
-249
-508
-627
-851
-1007
-935
-360
281
764
1374
2156
2988
3406
3521
3587
3803
3819
3329
2848
2529
2395
2322
2009
1732
1700
1799
1603
1393
1119
833
511
-52
-601
-1025
-1413
-1998
-2641
-3097
-3298
-3548
-4079
-4646
-5001
-5128
-5381
-5823
-5901
-5532
-4841
-4316
-3605
-2566
-1360
-390
253
997
1799
2230
2000
1773
1839
1971
1894
1468
1154
1245
1523
1610
1421
1271
1314
1357
1050
583
277
185
-60
-403
-513
-40
555
827
1161
1746
2547
2915
2885
2747
2961
3134
2662
2167
1841
1747
1821
1562
1285
1319
1555
1464
1193
1031
912
711
248
-253
-580
-791
-1363
-1964
-2454
-2765
-3112
-3777
-4407
-4859
-5103
-5441
-5810
-6010
-5700
-4971
-4374
-3628
-2707
-1622
-535
209
870
1503
2004
1874
1711
1837
2005
1998
1671
1462
1655
2059
2069
1787
1634
1678
1719
1355
823
491
310
86
-129
-95
238
716
947
1239
1727
2197
2454
2357
2291
2376
2399
2027
1584
1547
1693
1639
1407
1292
1409
1554
1375
1082
931
801
591
205
-157
-458
-728
-1127
-1582
-2066
-2527
-3022
-3643
-4225
-4730
-5110
-5548
-5961
-6229
-6020
-5471
-5000
-4500
-3661
-2582
-1526
-704
44
823
1515
1713
1763
2194
2559
2686
2559
2560
2824
3114
3047
2850
2679
2577
2388
1984
1468
956
578
237
-33
-141
7
267
615
901
1277
1632
1808
1840
1687
1698
1772
1588
1259
1134
1339
1592
1587
1532
1690
2020
1992
1739
1552
1437
1190
713
269
-95
-486
-967
-1509
-1993
-2402
-2911
-3486
-4011
-4466
-4812
-5323
-5819
-6187
-6290
-5999
-5767
-5435
-4805
-3885
-2896
-2053
-1235
-315
591
1214
1524
1929
2457
2843
3004
3100
3181
3370
3482
3390
3212
2982
2846
2599
2183
1607
1189
945
754
474
365
525
772
911
927
1145
1345
1483
1255
1074
1170
1259
1238
1039
1116
1436
1590
1634
1571
1713
1837
1688
1499
1343
1246
1023
727
385
87
-304
-748
-1345
-1951
-2558
-3186
-3824
-4595
-5199
-5690
-6062
-6468
-6811
-6747
-6371
-5864
-5491
-4814
-3842
-2842
-1970
-1240
-354
574
1170
1489
1994
2649
3083
3288
3383
3635
3912
3967
3770
3527
3346
3004
2579
1974
1343
879
491
184
-120
-190
-15
244
502
657
873
1006
1125
1024
933
1146
1234
1214
1226
1457
1907
2208
2201
2251
2522
2640
2424
2103
1925
1668
1274
832
349
19
-459
-966
-1504
-2085
-2676
-3403
-4086
-4750
-5289
-5808
-6224
-6637
-6856
-6692
-6297
-5866
-5366
-4689
-3811
-2827
-1999
-1214
-273
609
1137
1521
2103
2760
3152
3341
3436
3721
3954
3954
3808
3648
3458
3160
2764
2276
1780
1267
897
586
297
125
41
127
97
55
69
222
345
254
257
480
768
922
1112
1421
1800
2020
2090
2280
2524
2563
2395
2238
2142
1968
1663
1282
953
526
56
-526
-1214
-1946
-2752
-3509
-4263
-4987
-5627
-6113
-6475
-6719
-6881
-6705
-6290
-5780
-5271
-4593
-3729
-2812
-1957
-1101
-146
678
1229
1689
2353
3008
3337
3449
3607
3823
4034
3988
3830
3661
3427
3137
2830
2425
1883
1349
912
701
364
123
3
70
131
-54
-25
96
272
184
175
454
721
914
1089
1536
1998
2197
2348
2588
2817
2752
2543
2405
2219
1925
1536
1160
739
286
-266
-725
-1345
-2071
-2807
-3452
-3982
-4682
-5239
-5617
-5805
-5993
-6075
-5873
-5517
-5053
-4696
-4115
-3385
-2650
-2049
-1410
-519
262
788
1118
1599
2254
2702
2839
2964
3202
3356
3384
3348
3355
3293
3036
2830
2619
2298
1858
1398
1189
991
708
447
399
489
383
289
317
465
505
453
579
848
1051
1114
1312
1712
2035
2141
2204
2346
2494
2405
2182
1985
1750
1443
1067
667
306
-230
-751
-1266
-1840
-2497
-3185
-3752
-4261
-4730
-5108
-5284
-5380
-5432
-5431
-5176
-4733
-4312
-3894
-3450
-2834
-2245
-1775
-1113
-362
306
668
923
1400
2024
2360
2361
2466
2695
2868
2842
2791
2765
2713
2500
2280
2140
1888
1507
1135
1023
964
764
620
665
888
911
866
997
1196
1231
1121
1234
1451
1567
1514
1711
2077
2200
2128
2122
2301
2260
1924
1579
1368
1098
656
230
-118
-484
-995
-1433
-1791
-2250
-2793
-3339
-3626
-3929
-4227
-4432
-4455
-4363
-4353
-4227
-3969
-3570
-3315
-3044
-2676
-2270
-1948
-1714
-1244
-636
-126
56
279
796
1341
1599
1650
1863
2128
2244
2195
2228
2382
2298
2093
2023
2022
1851
1478
1246
1308
1337
1126
1008
1150
1389
1392
1318
1430
1585
1620
1502
1610
1759
1801
1756
1843
2061
2093
2003
1879
1906
1801
1492
1207
923
621
265
-66
-387
-753
-1189
-1541
-1828
-2224
-2673
-3081
-3241
-3453
-3681
-3786
-3724
-3562
-3560
-3490
-3294
-2955
-2743
-2572
-2368
-2084
-1840
-1729
-1410
-910
-483
-313
-309
8
519
836
819
859
1153
1387
1416
1429
1628
1759
1739
1667
1799
1923
1712
1489
1550
1785
1798
1643
1733
2005
2149
2041
2046
2158
2181
1969
1792
1815
1728
1528
1434
1548
1501
1337
1181
1191
1118
847
553
365
217
-136
-473
-636
-844
-1128
-1403
-1528
-1640
-1930
-2237
-2386
-2402
-2559
-2747
-2812
-2702
-2708
-2834
-2868
-2748
-2620
-2610
-2562
-2413
-2257
-2243
-2183
-1871
-1425
-1117
-1039
-894
-461
-18
274
367
610
914
1126
1215
1389
1649
1756
1774
1880
2123
2117
1990
1840
1988
2133
2039
2058
2237
2467
2391
2237
2238
2295
2203
1976
1830
1736
1590
1464
1472
1482
1324
1168
1126
1089
826
490
274
105
-191
-543
-712
-807
-971
-1226
-1343
-1280
-1402
-1684
-1895
-1889
-1910
-2112
-2264
-2253
-2164
-2251
-2398
-2459
-2318
-2326
-2470
-2503
-2510
-2505
-2581
-2586
-2399
-2011
-1730
-1589
-1400
-985
-545
-232
-61
101
397
671
826
1050
1364
1612
1773
1942
2187
2344
2330
2302
2420
2567
2625
2536
2492
2545
2591
2518
2375
2248
2083
1907
1676
1473
1290
1154
1037
900
850
745
627
547
392
270
135
-4
-246
-446
-533
-560
-663
-858
-920
-894
-852
-1038
-1287
-1355
-1404
-1560
-1854
-1992
-2026
-2147
-2419
-2614
-2611
-2658
-2834
-3006
-2934
-2889
-3018
-3080
-2934
-2507
-2124
-1870
-1635
-1268
-817
-455
-151
82
338
580
826
1007
1213
1470
1641
1828
1988
2200
2319
2323
2380
2518
2702
2673
2615
2588
2712
2709
2505
2349
2107
1930
1651
1370
1131
922
775
680
563
492
467
471
464
348
251
227
122
-32
-141
-122
-133
-284
-415
-409
-369
-530
-802
-1003
-1098
-1331
-1703
-1962
-2111
-2230
-2476
-2713
-2815
-2848
-2978
-3109
-3100
-3034
-3016
-3097
-3012
-2772
-2450
-2064
-1712
-1341
-1062
-723
-372
-25
237
350
554
788
978
1129
1353
1603
1824
2005
2223
2417
2524
2552
2603
2734
2769
2730
2644
2584
2523
2359
2195
1973
1760
1567
1301
1096
948
892
802
642
543
551
567
474
372
344
387
340
171
94
49
2
-158
-324
-436
-569
-731
-944
-1155
-1339
-1529
-1761
-1933
-2126
-2267
-2347
-2515
-2644
-2730
-2798
-2840
-2877
-2868
-2811
-2740
-2661
-2543
-2339
-2006
-1672
-1387
-1156
-933
-554
-208
86
296
532
809
1045
1233
1444
1720
1926
2055
2154
2294
2406
2358
2304
2352
2425
2365
2247
2214
2221
2131
1988
1839
1713
1622
1439
1252
1106
955
918
902
838
802
820
904
864
734
635
539
374
144
-152
-356
-487
-743
-947
-1063
-1104
-1224
-1398
-1505
-1580
-1678
-1848
-2013
-2082
-2075
-2142
-2272
-2337
-2337
-2315
-2325
-2321
-2282
-2239
-2253
-2266
-2222
-2083
-1849
-1600
-1194
-851
-570
-228
105
463
688
822
960
1120
1232
1308
1455
1635
1758
1828
1960
2087
2139
2141
2114
2176
2189
2129
2011
1921
1920
1845
1726
1621
1578
1539
1459
1373
1330
1310
1217
1084
997
939
777
540
303
98
-114
-347
-584
-787
-895
-996
-1092
-1177
-1282
-1300
-1332
-1399
-1521
-1617
-1654
-1709
-1800
-1855
-1814
-1800
-1842
-1923
-1953
-1914
-1980
-2059
-2084
-2052
-2048
-2111
-2021
-1777
-1502
-1216
-882
-528
-254
-75
112
349
452
464
508
666
802
907
1062
1313
1581
1721
1874
2031
2167
2167
2124
2192
2187
2062
1933
1904
1928
1852
1697
1635
1610
1535
1382
1232
1167
1018
837
724
609
480
317
198
120
-25
-198
-320
-420
-539
-668
-768
-821
-944
-1057
-1081
-1115
-1164
-1290
-1378
-1446
-1545
-1685
-1792
-1791
-1782
-1782
-1842
-1807
-1731
-1647
-1536
-1477
-1403
-1339
-1279
-1213
-1104
-995
-868
-717
-491
-333
-275
-137
3
172
285
313
447
607
743
868
1066
1306
1433
1514
1644
1821
1900
1884
1869
1963
2094
2032
1909
1814
1826
1698
1517
1355
1214
1054
808
652
586
575
401
315
368
372
281
171
112
43
-51
-187
-309
-424
-505
-539
-612
-654
-769
-862
-877
-996
-1158
-1320
-1374
-1459
-1550
-1582
-1556
-1480
-1470
-1438
-1369
-1251
-1252
-1352
-1350
-1383
-1455
-1556
-1546
-1442
-1312
-1156
-914
-574
-321
-139
31
283
438
456
520
597
711
788
881
1047
1227
1323
1404
1527
1663
1697
1677
1713
1668
1578
1483
1410
1367
1266
1131
1048
1014
962
899
843
817
822
787
811
780
695
663
595
522
376
213
90
-2
-133
-298
-393
-443
-511
-608
-633
-699
-778
-857
-961
-996
-1041
-1083
-1123
-1093
-1066
-1082
-1131
-1197
-1244
-1301
-1338
-1488
-1603
-1649
-1705
-1691
-1632
-1486
-1363
-1160
-895
-573
-353
-268
-146
24
212
226
196
305
431
565
710
861
996
1103
1196
1308
1386
1402
1389
1334
1329
1306
1247
1184
1108
1104
1110
1104
1048
1029
1050
996
957
948
940
882
842
776
694
622
498
407
306
238
122
-2
-113
-212
-311
-411
-506
-640
-676
-749
-866
-967
-1055
-1079
-1146
-1192
-1243
-1255
-1303
-1343
-1365
-1357
-1381
-1475
-1515
-1521
-1519
-1505
-1519
-1481
-1379
-1258
-1121
-911
-682
-561
-485
-387
-206
-87
-41
-27
68
245
340
442
552
749
865
954
1070
1163
1265
1342
1467
1516
1511
1446
1428
1471
1422
1366
1301
1275
1257
1235
1233
1190
1143
1149
1157
1126
1049
937
849
804
659
477
335
238
102
-45
-165
-267
-380
-519
-640
-762
-887
-1045
-1171
-1218
-1270
-1321
-1379
-1403
-1394
-1391
-1380
-1360
-1393
-1448
-1498
-1562
-1590
-1665
-1669
-1584
-1533
-1471
-1338
-1071
-784
-562
-451
-333
-209
-96
-23
-45
29
85
130
241
344
514
662
794
979
1181
1316
1338
1376
1505
1614
1549
1473
1446
1500
1552
1517
1503
1547
1583
1554
1540
1505
1442
1356
1277
1171
1005
879
729
578
448
298
160
8
-129
-267
-348
-458
-617
-778
-864
-933
-1070
-1174
-1257
-1292
-1325
-1427
-1484
-1532
-1546
-1616
-1693
-1719
-1776
-1825
-1887
-1896
-1861
-1755
-1692
-1594
-1411
-1287
-1144
-959
-674
-425
-318
-287
-209
-63
21
32
55
196
308
382
526
685
865
958
1121
1319
1476
1541
1568
1713
1832
1854
1793
1857
1913
1912
1884
1841
1847
1763
1658
1587
1496
1348
1216
1126
1031
870
708
644
557
386
250
106
-15
-182
-346
-463
-567
-749
-923
-1025
-1104
-1195
-1354
-1412
-1459
-1558
-1651
-1741
-1734
-1755
-1788
-1803
-1785
-1758
-1779
-1746
-1689
-1584
-1511
-1403
-1308
-1202
-1094
-981
-752
-520
-362
-328
-245
-104
41
85
110
229
360
499
608
778
1029
1212
1389
1590
1789
1915
1980
2007
2043
2010
1932
1868
1824
1831
1741
1664
1662
1634
1580
1482
1393
1279
1169
1045
912
757
593
498
377
255
60
-103
-202
-367
-552
-738
-869
-1033
-1221
-1399
-1489
-1538
-1629
-1701
-1709
-1638
-1660
-1733
-1700
-1650
-1619
-1663
-1673
-1651
-1616
-1613
-1611
-1552
-1470
-1370
-1308
-1208
-1154
-1094
-943
-751
-524
-417
-380
-285
-101
90
203
273
440
674
864
1043
1201
1372
1510
1647
1857
2035
2030
1854
1805
1866
1816
1661
1555
1594
1626
1616
1555
1572
1577
1450
1360
1268
1102
864
721
616
477
304
165
52
-96
-200
-351
-522
-697
-892
-1012
-1117
-1273
-1449
-1473
-1386
-1363
-1407
-1405
-1324
-1308
-1325
-1391
-1427
-1422
-1509
-1546
-1529
-1490
-1489
-1456
-1361
-1243
-1132
-1076
-1002
-908
-797
-717
-596
-347
-109
68
190
337
553
734
812
874
982
1105
1177
1243
1380
1456
1479
1583
1672
1696
1612
1561
1601
1619
1548
1465
1448
1445
1408
1344
1344
1240
1094
1007
903
766
558
417
330
233
75
-66
-145
-215
-327
-454
-503
-616
-757
-850
-923
-991
-1117
-1191
-1199
-1189
-1256
-1350
-1398
-1403
-1435
-1503
-1507
-1524
-1566
-1540
-1487
-1386
-1293
-1214
-1091
-930
-781
-656
-526
-355
-200
-71
106
296
494
692
798
904
1000
1080
1105
1124
1138
1127
1129
1156
1218
1244
1294
1320
1347
1384
1325
1305
1276
1249
1188
1125
1074
1005
947
905
880
796
712
609
504
398
255
152
81
37
-30
-93
-146
-196
-276
-362
-436
-540
-637
-790
-930
-1012
-1119
-1187
-1245
-1283
-1309
-1325
-1337
-1341
-1350
-1369
-1364
-1359
-1285
-1241
-1164
-1033
-911
-738
-550
-346
-183
1
168
306
444
574
700
785
902
976
1033
1108
1135
1191
1224
1206
1195
1201
1197
1159
1106
1096
1087
1021
1020
953
887
869
803
768
712
653
601
555
497
461
425
385
352
293
268
199
112
63
-22
-65
-137
-233
-326
-418
-516
-638
-743
-855
-948
-1077
-1135
-1212
-1283
-1305
-1335
-1321
-1304
-1274
-1269
-1212
-1163
-1128
-1077
-993
-877
-772
-638
-505
-363
-203
-76
78
209
300
385
482
571
649
689
735
801
824
897
927
948
985
974
1009
1005
989
972
948
930
900
858
835
824
795
782
727
694
682
644
609
573
542
503
472
414
358
301
231
162
65
-1
-112
-240
-314
-421
-501
-590
-685
-761
-826
-881
-933
-998
-1025
-1039
-1077
-1051
-1060
-1038
-975
-945
-872
-815
-746
-674
-575
-472
-370
-262
-153
-56
17
125
195
255
342
392
470
539
598
644
696
716
735
764
795
806
769
794
800
780
800
803
825
827
846
850
867
885
888
889
886
891
865
885
858
787
740
660
605
518
429
326
244
141
36
-69
-175
-256
-372
-431
-530
-604
-637
-696
-709
-741
-748
-770
-781
-790
-789
-794
-795
-774
-750
-676
-630
-565
-448
-376
-292
-214
-126
-67
0
49
89
113
136
188
225
290
329
392
492
523
544
554
579
569
545
530
523
514
520
562
581
660
692
731
801
821
863
881
910
895
881
855
827
782
722
676
593
539
430
333
283
196
114
18
-48
-139
-234
-325
-436
-506
-556
-599
-643
-632
-662
-685
-664
-650
-621
-620
-613
-602
-570
-537
-501
-488
-427
-343
-299
-204
-166
-124
-47
-39
-12
5
17
35
78
103
132
168
222
287
321
379
382
368
395
376
390
395
417
464
538
605
656
715
768
840
865
909
894
861
871
822
788
729
693
639
565
499
421
355
286
224
157
133
55
-39
-84
-144
-185
-262
-328
-388
-429
-466
-500
-512
-507
-504
-504
-452
-433
-424
-398
-388
-362
-355
-343
-345
-322
-308
-288
-247
-206
-192
-192
-122
-110
-129
-112
-136
-100
-82
-60
-24
28
79
114
155
212
267
296
369
415
443
517
551
630
683
730
770
795
815
822
817
802
785
735
748
705
648
614
555
515
458
397
314
265
217
154
128
81
59
1
-17
-78
-150
-177
-231
-254
-288
-267
-270
-272
-278
-260
-243
-245
-257
-255
-210
-224
-259
-261
-265
-265
-284
-277
-264
-261
-271
-270
-261
-260
-253
-257
-219
-224
-236
-200
-182
-151
-94
-21
44
108
139
217
303
358
409
441
521
529
516
555
555
558
535
535
538
528
518
527
549
560
574
549
559
515
452
439
395
368
330
314
286
264
240
217
195
155
121
75
58
2
-61
-73
-119
-148
-183
-202
-216
-225
-248
-266
-285
-318
-328
-362
-354
-385
-428
-408
-431
-427
-434
-434
-410
-389
-382
-381
-369
-349
-312
-270
-185
-133
-86
-2
54
153
229
297
350
405
457
489
517
544
576
590
624
612
593
613
617
637
640
641
629
626
606
600
586
569
555
497
519
483
414
427
393
379
352
338
331
324
299
265
247
204
162
82
62
-7
-83
-114
-181
-210
-280
-323
-377
-408
-444
-478
-514
-551
-561
-590
-551
-565
-580
-536
-511
-467
-423
-366
-322
-271
-218
-148
-95
-53
9
60
145
168
194
249
280
323
347
394
410
434
445
496
519
523
556
566
645
645
625
663
656
654
656
645
626
615
593
574
547
519
508
486
504
464
412
397
362
343
290
259
225
163
96
45
-26
-82
-149
-215
-234
-303
-372
-414
-472
-523
-571
-602
-649
-697
-725
-738
-742
-728
-706
-685
-614
-584
-564
-476
-421
-358
-310
-240
-174
-119
-63
7
67
131
206
247
348
385
407
474
511
563
598
632
650
669
686
715
721
710
701
676
699
672
622
619
599
594
569
567
551
538
507
485
456
424
380
318
303
247
174
132
88
58
9
-36
-88
-147
-184
-242
-322
-383
-426
-478
-503
-559
-624
-640
-687
-704
-710
-700
-695
-679
-662
-623
-570
-522
-480
-448
-358
-320
-291
-228
-175
-114
-66
13
77
163
228
295
384
456
528
572
645
671
688
737
740
747
737
744
729
721
710
700
690
680
675
649
666
623
595
602
573
554
523
505
457
417
385
336
283
236
184
124
85
10
-68
-107
-168
-209
-263
-318
-376
-426
-481
-525
-563
-596
-613
-659
-644
-658
-688
-661
-656
-631
-617
-581
-542
-503
-450
-408
-355
-304
-240
-178
-68
-7
61
162
220
299
370
441
483
528
583
638
666
677
695
689
731
703
671
680
647
648
629
619
603
587
573
565
541
525
514
492
490
446
394
378
336
311
263
221
172
138
95
43
-11
-70
-126
-195
-218
-288
-366
-395
-449
-480
-528
-555
-582
-605
-614
-620
-623
-625
-614
-632
-588
-592
-606
-564
-547
-503
-465
-407
-337
-251
-169
-81
7
97
185
254
376
428
454
524
556
592
620
645
659
691
702
697
675
670
670
651
667
628
571
567
528
504
490
467
452
436
411
386
361
330
308
281
298
260
205
191
152
134
83
38
-14
-59
-109
-160
-207
-256
-297
-350
-344
-395
-449
-455
-505
-517
-540
-567
-593
-586
-583
-567
-552
-528
-481
-457
-367
-334
-295
-205
-150
-61
3
83
150
226
278
325
372
407
438
446
498
513
514
530
526
545
540
545
537
541
522
508
495
483
472
431
442
398
358
354
325
314
284
265
237
218
194
159
134
114
91
48
53
9
-50
-63
-118
-139
-176
-202
-238
-278
-297
-319
-347
-379
-400
-448
-445
-494
-555
-546
-574
-569
-568
-543
-505
-459
-403
-355
-290
-225
-149
-91
8
65
107
189
232
288
325
365
384
410
427
439
449
444
451
442
472
440
404
418
397
394
371
366
351
353
337
327
313
304
303
284
309
258
218
219
191
163
123
107
90
62
46
27
6
-16
-32
-61
-75
-123
-181
-186
-229
-253
-293
-314
-350
-371
-388
-404
-418
-441
-433
-451
-406
-392
-407
-364
-329
-292
-253
-179
-130
-80
-28
28
78
111
157
181
267
294
297
348
345
371
373
375
358
368
349
331
316
297
292
263
275
231
206
216
183
188
169
148
127
120
104
83
69
57
47
10
35
12
-6
15
-8
2
-7
-1
-15
-28
-47
-62
-88
-119
-157
-218
-217
-265
-313
-321
-344
-346
-360
-360
-362
-346
-325
-301
-259
-223
-178
-155
-80
-32
-2
60
96
143
170
213
249
289
301
304
307
316
325
301
336
316
298
317
299
311
300
301
292
297
283
272
264
247
238
219
251
213
161
158
122
116
77
53
26
-1
-18
-34
-46
-52
-60
-71
-25
-24
-49
-36
-54
-39
-48
-70
-79
-111
-134
-160
-173
-206
-216
-241
-210
-219
-247
-213
-213
-182
-161
-129
-101
-47
-13
34
70
94
127
162
237
241
231
267
260
288
297
296
278
273
276
278
272
250
244
238
279
261
230
234
222
249
240
214
193
177
163
143
103
68
54
38
51
3
-32
-20
-29
-44
-65
-68
-85
-88
-106
-98
-116
-143
-150
-168
-150
-199
-236
-235
-250
-253
-268
-272
-276
-274
-258
-257
-250
-235
-195
-184
-136
-115
-115
-43
-4
21
56
95
124
181
194
209
217
221
243
247
288
263
241
257
265
274
261
265
266
271
271
270
266
254
257
236
234
200
159
172
135
123
86
69
45
42
25
-7
-16
-25
-3
-13
8
-21
-37
-13
-42
-60
-77
-83
-89
-105
-122
-155
-161
-174
-184
-194
-185
-224
-240
-201
-209
-198
-203
-156
-113
-86
-69
-59
-25
7
45
60
109
125
113
164
172
191
176
155
169
181
171
156
160
173
190
191
235
234
236
255
236
253
250
261
254
250
229
215
218
209
185
160
182
156
134
132
95
107
106
96
79
58
44
34
26
10
-9
-35
2
-22
-51
-41
-58
-51
-51
-54
-62
-83
-91
-90
-109
-119
-110
-114
-73
-74
-93
-72
-68
-43
-31
-4
2
7
21
31
50
44
49
53
88
72
45
63
69
91
99
113
106
110
125
141
141
133
137
113
163
148
111
113
85
93
85
81
63
57
78
97
102
109
114
129
164
150
135
140
118
128
124
108
73
52
48
48
40
15
-2
-34
-2
-13
-50
-43
-64
-57
-54
-36
-44
-44
-44
-39
-17
-4
6
0
41
31
8
30
8
23
12
4
-23
-27
-12
-7
-4
-7
2
3
47
27
18
49
46
52
49
67
68
60
63
50
37
33
46
43
72
72
57
93
80
95
100
103
118
123
122
121
141
147
148
128
159
147
133
145
118
100
88
93
95
85
65
49
37
34
22
12
43
18
2
36
13
16
-3
1
4
-7
-9
-20
-8
-19
-19
-28
7
-11
-48
-16
-36
-22
-18
-13
-19
-14
-4
-16
-27
-33
-33
-41
-26
-62
-82
-58
-73
-61
-55
-61
-39
-20
-3
27
32
22
29
43
101
72
38
53
41
59
51
53
55
69
67
54
43
41
77
81
97
83
66
92
95
102
78
77
93
115
106
93
86
86
87
66
79
41
9
14
1
3
-27
-23
-30
-10
-27
-69
-59
-48
-47
-72
-52
-65
-79
-60
-81
-72
-77
-72
-90
-82
-102
-110
-112
-110
-108
-120
-86
-98
-104
-75
-80
-57
-33
-18
-6
-2
5
15
26
32
30
12
50
46
20
44
23
29
25
35
29
34
46
53
72
74
73
53
86
63
40
55
43
53
49
61
68
59
50
52
60
50
35
14
43
16
-5
-3
-13
-12
-44
-60
-73
-74
-91
-114
-134
-157
-178
-190
-157
-192
-228
-210
-212
-191
-187
-176
-164
-147
-118
-108
-97
-82
-59
-45
-9
