-25
-22
-22
-12
-11
11
23
50
40
18
34
13
4
-13
0
2
5
7
-13
-21
-28
-8
-18
1
-14
-33
-6
-29
-15
-21
-21
-3
22
10
5
9
13
7
-6
36
4
-30
-21
-37
-22
-7
3
11
17
-7
-20
-36
-31
-48
-14
-2
17
-44
17
12
-4
33
-33
32
-63
-5
-35
17
-9
56
-9
50
2
-19
13
-10
13
-29
-33
-22
-14
-32
17
-15
-12
-8
-19
-18
-14
-34
2
-33
-11
-11
1
-9
-9
-8
6
-8
-34
-17
-26
33
8
-35
-24
-30
-42
-31
-45
-21
-141
-185
-111
36
175
247
146
-1
-177
-265
-141
-47
81
107
78
8
-3
36
90
68
-31
-135
-195
-116
-22
69
144
112
58
-34
-66
-67
-45
-19
-6
-17
-8
60
110
145
100
4
-48
-79
-26
30
79
87
55
44
19
20
39
39
8
9
-6
0
52
63
72
49
29
12
35
29
15
12
7
27
28
68
52
24
38
10
11
3
15
22
33
17
-5
-2
9
16
-18
1
-36
-68
-31
-18
13
10
22
7
5
-7
-23
-41
-47
-18
-7
28
11
11
48
24
16
-3
2
-5
5
-1
18
21
20
36
7
22
-5
-60
-62
-67
-48
-31
-5
1
14
30
31
25
24
25
17
62
57
24
39
16
20
6
-22
-6
-159
-168
-146
113
172
234
97
-19
-94
-136
-26
-63
20
-27
57
73
207
264
196
50
-110
-128
-110
23
90
83
94
104
136
112
60
-41
-117
-175
-192
-122
-63
7
12
62
47
41
55
12
-30
-85
-68
-50
2
3
26
32
40
51
34
46
2
-22
15
23
52
68
95
75
70
46
22
-10
-36
-51
-71
-20
-25
-17
14
16
13
-21
-33
-40
-23
-26
-50
-50
-19
13
7
11
-57
-130
-123
-118
-114
-117
-73
-48
-25
11
47
36
-16
-29
-42
-12
-15
-2
19
7
12
10
-7
-46
-52
-60
-50
-47
-35
-6
25
93
94
45
34
16
38
18
-3
-7
-30
-36
-8
50
67
60
39
44
11
-16
-31
-66
-62
-41
-12
-15
11
21
8
11
17
18
-14
17
15
-9
7
-1
5
-9
-18
-34
-36
-48
-72
-62
-51
-23
-7
45
43
11
8
-21
-31
-45
-29
-37
-32
-33
3
13
8
19
20
61
61
37
30
-7
-18
-15
-19
-16
12
0
-3
30
18
14
10
49
18
-16
15
12
14
1
-1
-9
-6
2
23
35
27
15
12
56
65
52
72
65
82
77
112
135
117
68
47
47
37
19
-20
6
-33
-30
24
51
70
54
42
7
11
3
-10
-50
-85
-57
-18
42
35
3
43
58
78
13
-36
-33
12
12
-37
-39
-39
-5
13
92
117
120
144
84
44
13
11
-9
0
9
28
59
63
11
-30
20
-1
-13
29
6
-13
34
83
99
122
126
78
39
38
45
10
-7
-65
-85
-13
-6
0
-2
48
78
83
76
91
111
129
141
124
146
85
19
-39
-101
-125
-110
-85
-74
-28
20
58
67
85
81
67
95
56
-4
-1
-2
-12
-62
-42
-25
-42
-20
22
58
79
121
131
136
73
15
29
0
-5
-33
-17
-32
-24
-18
-10
-9
-26
-10
-9
39
49
71
82
67
84
62
22
-1
-5
0
-5
16
4
-41
-54
-20
-34
-71
10
58
82
114
188
201
123
84
33
-44
-107
-125
-146
-128
-122
-119
-58
-19
4
-15
19
71
97
105
73
18
9
27
-23
-41
-90
-141
-111
-94
-78
-116
-83
-17
33
51
92
144
196
223
203
191
110
4
-137
-240
-255
-255
-233
-211
-159
-83
-28
-28
-40
20
11
11
12
30
73
97
147
138
161
115
-30
-153
-191
-215
-262
-227
-174
-16
94
95
145
201
223
118
41
-58
-102
-75
-89
-122
-66
21
10
15
-1
-37
18
84
81
109
225
272
209
205
223
133
23
-66
-130
-117
-114
-136
-52
64
133
126
117
103
83
58
-25
-105
-106
-49
-57
9
78
139
127
54
21
-9
-42
-55
-8
25
94
156
129
96
146
211
118
7
-17
-86
-82
-83
-59
-6
67
58
62
110
72
46
30
4
-32
29
45
-22
55
154
162
149
141
68
46
45
-37
-83
-87
-45
0
74
118
111
191
204
146
139
132
78
73
72
-57
-131
-145
-138
-113
-26
30
-18
82
177
165
119
163
194
148
134
88
39
52
119
64
33
81
75
36
14
-53
-117
-116
-76
33
130
239
328
377
345
272
223
110
-94
-150
-148
-160
-165
-87
45
158
125
9
-33
-62
-59
-93
-71
27
105
177
202
259
266
227
150
59
-87
-212
-213
-196
-96
7
117
223
280
349
363
331
201
72
-23
-108
-232
-301
-212
-130
-75
-41
-1
17
48
107
71
45
92
104
74
114
182
226
279
241
144
10
-60
-55
-119
-126
-104
-72
-122
-142
-59
27
34
33
57
13
22
22
9
68
85
31
-65
-20
70
103
140
183
189
195
163
34
28
33
-59
-157
-239
-208
-49
162
213
283
428
422
242
93
17
-143
-236
-269
-281
-165
-34
77
141
220
205
71
-53
-125
-180
-244
-260
-225
-104
-30
62
174
312
407
324
173
-13
-157
-230
-281
-324
-234
-4
111
194
284
320
231
106
-45
-247
-311
-269
-282
-230
-8
135
159
272
287
273
199
21
-182
-276
-275
-346
-280
-158
-110
-64
-37
-78
-65
-41
-155
-164
-102
-142
-71
117
286
290
319
266
186
98
-53
-236
-290
-316
-409
-327
-145
4
171
336
422
349
240
106
-57
-194
-317
-406
-400
-277
-174
-78
48
161
177
62
16
11
-40
-118
-149
-167
-86
19
95
175
248
320
247
103
25
0
-53
-193
-236
-133
-45
-20
90
239
289
292
186
94
21
-19
-101
-182
-142
-117
-137
-121
-71
-2
20
-59
-135
-65
-39
-41
-4
45
143
200
242
232
277
243
145
133
133
-11
-60
26
42
46
84
98
61
83
142
104
117
145
88
19
60
167
228
255
221
235
210
143
72
50
122
96
33
25
80
123
150
149
106
78
10
-71
-117
-75
-19
-31
-17
-13
48
85
5
-108
-138
-283
-513
-555
-483
-433
-432
-399
-338
-272
-156
-160
-187
-145
-132
-289
-417
-334
-190
-178
-193
-55
-16
-43
6
9
-5
6
-18
-220
-261
-62
98
203
340
467
458
485
469
399
359
258
144
43
22
128
303
431
514
647
694
698
776
918
829
646
579
462
346
302
395
454
428
404
369
363
338
303
234
98
-15
-66
-12
97
210
301
307
304
222
99
44
-36
-190
-383
-530
-544
-520
-463
-380
-305
-263
-335
-426
-518
-569
-657
-766
-883
-930
-866
-837
-805
-774
-741
-758
-834
-698
-574
-572
-574
-485
-453
-533
-565
-586
-678
-790
-841
-989
-1217
-1327
-1417
-1494
-1500
-1452
-1481
-1527
-1468
-1377
-1280
-1262
-1319
-1389
-1313
-1277
-1188
-955
-561
41
625
1120
1647
2387
2955
3167
3335
3526
3566
3272
3032
2857
2672
2487
2161
1898
1709
1563
1254
854
594
425
173
-91
-130
34
249
394
620
1007
1333
1516
1562
1578
1546
1362
1046
806
688
588
458
336
394
408
316
183
18
-76
-364
-786
-1116
-1272
-1360
-1543
-1647
-1625
-1592
-1565
-1596
-1617
-1632
-1692
-1868
-2086
-2117
-2019
-1833
-1640
-1476
-1162
-967
-942
-993
-1001
-964
-1281
-1632
-1784
-1865
-2012
-2243
-2377
-2566
-2757
-2966
-3259
-3350
-3248
-2862
-2007
-775
305
1073
2055
3014
3478
3648
3891
3913
3386
2670
2375
2242
2072
1927
1875
1856
1734
1593
1478
1353
1163
848
502
242
209
327
555
758
1041
1398
1568
1783
1922
1965
1921
1800
1768
1652
1739
1920
2046
2162
2197
2202
2000
1774
1498
1072
531
2
-374
-761
-1019
-1153
-1233
-1252
-1285
-1266
-1183
-1063
-1025
-1089
-1142
-1123
-1107
-1110
-1051
-981
-906
-945
-1162
-1366
-1613
-1985
-2379
-2688
-2972
-3297
-3383
-3316
-3218
-2956
-2727
-2742
-2708
-2372
-2183
-2230
-2238
-2367
-2617
-2988
-3300
-3856
-4230
-3322
-1643
-219
677
1904
3556
4448
4676
4906
5181
4635
3122
1938
1604
1534
1251
1042
1168
1344
1355
1222
1162
1214
854
-178
-1132
-1299
-846
-509
-73
1014
2181
2975
3498
4179
4714
4512
3793
2846
2104
1614
1200
1004
1121
1505
1700
1763
2061
2387
2215
1388
499
-199
-788
-1396
-1817
-1804
-1633
-1515
-1328
-833
-255
28
-53
-379
-684
-942
-1265
-1548
-1620
-1537
-1673
-1846
-1754
-1592
-1639
-2128
-2603
-3088
-3784
-4399
-4797
-4795
-4672
-4592
-4370
-3922
-3182
-2618
-2202
-1974
-2079
-2575
-3343
-3813
-3756
-3133
-2058
-552
1190
2649
3976
5338
6291
6511
5991
5050
3826
2414
1230
445
49
-137
-290
-91
303
688
887
722
320
-409
-1258
-2046
-2472
-2543
-2415
-1615
69
2032
3638
5076
6531
7345
7275
6770
6065
4960
3569
2331
1577
1210
1131
1281
1465
1750
1838
1578
1053
372
-442
-1469
-2443
-3088
-3273
-3192
-2864
-2183
-1316
-603
-125
327
478
290
-52
-558
-1064
-1506
-1800
-2031
-2202
-2239
-2361
-2652
-3041
-3408
-3941
-4639
-5298
-5795
-6079
-6324
-6317
-6149
-5766
-5289
-5057
-4840
-4323
-3520
-2242
-274
1771
3132
3907
4847
6088
6845
6966
6669
5988
4979
3746
3101
2810
2326
1635
725
128
-338
-787
-1175
-1834
-2693
-3784
-4531
-4676
-4347
-3531
-2769
-1801
-506
1049
2936
4942
6706
7552
7780
7882
7770
7439
6859
6083
5000
3871
2958
2426
2064
1641
1076
155
-712
-1317
-1738
-2212
-2885
-3507
-4010
-4146
-3838
-3228
-2446
-1789
-1280
-796
-269
344
866
946
616
151
-238
-593
-965
-1292
-1799
-2486
-3289
-4033
-4504
-5067
-5704
-6394
-7019
-7419
-7712
-7704
-7507
-7207
-6750
-6126
-4995
-2681
117
2337
3622
4828
6712
7979
8420
8392
8077
7453
5962
4815
4305
3747
2989
1857
1051
284
-603
-1247
-1931
-2880
-4318
-5623
-6159
-6032
-5644
-5091
-3995
-2326
-76
2093
4337
6678
8047
8622
8600
8832
8683
7560
6610
5660
4904
3950
3237
3257
2858
2199
1055
94
-585
-1583
-2647
-3816
-4591
-5285
-5748
-5551
-4919
-4095
-3493
-2872
-2227
-1455
-944
-711
-431
-549
-801
-961
-866
-867
-1246
-1729
-2241
-2732
-3305
-3804
-4225
-4822
-5981
-7051
-7198
-6714
-6025
-5918
-5127
-2809
-374
1403
2406
4102
6134
6821
6587
6247
6390
6058
4843
4041
3607
3281
2892
2505
2219
1676
961
249
-520
-1824
-3355
-4366
-4997
-5481
-5788
-5131
-3587
-1919
-195
1621
3954
5868
6649
7068
7520
7616
6731
5548
5084
4958
4373
3650
3580
3892
3753
3012
2303
1639
561
-959
-2558
-3668
-4641
-5456
-5829
-5683
-5165
-4625
-3937
-3211
-2654
-2423
-2338
-2163
-2283
-2586
-2942
-2969
-3040
-3469
-3819
-4139
-4189
-4409
-4851
-5060
-5169
-4980
-4580
-4159
-2934
-938
1075
2151
2584
3896
5602
6336
6125
5662
5588
5298
4447
3957
3675
3456
2843
1907
1243
725
291
-351
-1536
-2921
-4085
-4663
-4926
-5262
-5488
-5101
-4151
-3036
-1694
-8
2243
3974
4973
6204
7552
8579
8376
7927
8081
7699
6886
5834
5381
5073
3908
2815
1959
1361
521
-683
-1752
-2739
-3595
-4363
-4847
-5062
-5060
-4948
-4700
-4110
-3609
-2911
-2182
-1791
-1592
-1663
-1392
-1224
-1627
-2084
-2510
-2815
-3534
-4655
-5343
-5622
-6046
-6628
-6857
-6494
-5918
-5078
-3051
-457
1162
1966
2998
4950
6495
6513
6249
6211
6216
5612
4844
4945
5175
4829
3785
2984
2710
2256
1304
-107
-1664
-3405
-4698
-5508
-6265
-6776
-6978
-6473
-5786
-4899
-3260
-1247
662
1920
3293
5385
7175
8099
8478
9071
9486
8995
8370
8142
7828
6752
5220
4163
3426
2481
1183
-151
-1372
-2604
-3692
-4467
-4953
-5493
-5923
-6022
-5863
-5417
-4800
-3900
-3259
-2926
-2477
-1791
-999
-843
-935
-816
-1017
-1464
-2184
-2726
-3359
-4456
-5490
-6345
-6970
-6991
-6302
-5603
-4446
-2904
-796
1082
2067
3601
5115
5885
5888
5349
5613
5684
5204
4673
4244
4511
4422
4012
3631
3338
2763
1599
221
-1265
-2520
-3831
-5328
-6443
-7264
-7156
-6777
-6117
-4886
-3688
-1898
-209
1273
2997
4891
6358
6920
7367
8165
8733
8502
8199
8085
7570
6905
6116
5512
4640
3370
2141
567
-860
-2125
-3220
-4304
-5428
-6067
-6043
-5784
-5613
-5157
-4441
-3739
-3281
-2898
-2163
-1703
-1693
-1900
-1947
-1541
-1451
-1696
-2172
-2660
-3232
-4422
-5521
-6198
-6645
-7210
-7197
-6482
-5212
-3353
-1247
799
2074
3431
5337
6310
6371
5985
5847
5826
4927
4319
4253
4531
4372
3717
3595
3720
3490
2443
1076
-323
-1900
-3331
-4944
-6180
-7077
-7544
-7362
-7051
-5869
-4269
-2569
-920
347
1934
3939
5737
6692
7049
7641
8336
8485
8249
8277
8071
7282
6410
5871
5390
4466
3108
1625
117
-1153
-2141
-3288
-4437
-5365
-5809
-5749
-5624
-5180
-4492
-3862
-3546
-3247
-2471
-1757
-1604
-1874
-1963
-1823
-1807
-1999
-2425
-3124
-3817
-4977
-6281
-7098
-7415
-7425
-7822
-7399
-5365
-2922
-842
620
2402
4787
6198
6617
6466
6629
6726
5926
4659
4128
4509
4569
4042
3536
3775
4104
3480
2363
1129
-67
-1517
-3557
-5317
-6583
-7404
-7854
-8105
-7724
-6497
-4691
-2882
-1450
51
1882
3501
4449
5543
6889
7672
7906
7915
8413
8896
8839
8482
7773
7127
6413
5312
3750
2081
621
-1080
-2853
-4247
-4901
-5227
-5693
-6024
-5751
-4783
-4053
-3752
-3484
-2933
-2383
-2332
-2386
-2265
-2065
-2129
-2436
-2498
-2617
-2806
-3394
-4647
-5540
-6234
-6801
-7331
-7634
-6840
-5415
-3583
-1719
-196
1858
4061
5768
6429
6526
6944
6911
6333
5294
4779
4695
4248
3776
3262
3473
3732
3196
2291
1226
480
-778
-2577
-4243
-5659
-6573
-7425
-7860
-7638
-6680
-5232
-3955
-2411
-519
1454
3077
4175
5492
6504
7139
7408
7427
7761
7833
7748
7368
7027
6926
6374
5509
4257
3063
1777
146
-1428
-2950
-3909
-4751
-5458
-5761
-5572
-4813
-4373
-3919
-3321
-2635
-2035
-1916
-1867
-1923
-2058
-2283
-2529
-2787
-3216
-3531
-4181
-4923
-5543
-6514
-7011
-7329
-7236
-6333
-5374
-3730
-1822
-49
1914
3596
5264
6393
6750
6845
6715
6611
6023
5448
4964
4617
4332
3810
3741
3551
3136
2335
1075
194
-1064
-2529
-3991
-5478
-6426
-7188
-7469
-7304
-6669
-5597
-4395
-2847
-1325
338
1789
3202
4779
5776
6802
7465
7989
8525
8508
8646
8421
7949
7429
6561
5688
4390
3023
1484
-17
-1395
-2818
-3786
-4687
-5158
-5509
-5587
-5156
-4857
-4311
-3909
-3437
-2935
-2749
-2550
-2646
-2741
-2896
-3074
-3556
-4018
-4369
-5049
-5668
-6601
-7163
-7147
-6957
-6069
-5058
-3299
-1199
450
2302
4047
5822
6743
6780
6746
6570
6350
5517
4754
4281
3797
3591
3156
3210
3263
2858
2239
1213
440
-676
-2087
-3595
-5239
-6348
-7141
-7288
-7205
-6731
-5598
-4341
-2629
-1000
732
2354
3648
4963
5966
6852
7396
7666
7833
7873
7953
7667
7401
7015
6408
5742
4635
3535
2266
852
-611
-2142
-3317
-4241
-4881
-5311
-5488
-5224
-4841
-4426
-4001
-3519
-3098
-2983
-3104
-3329
-3424
-3664
-4122
-4691
-5286
-5797
-6463
-7144
-7514
-7423
-7163
-6413
-5105
-3293
-1006
748
2418
4239
5921
7124
7271
7156
6968
6487
5718
4761
4276
3783
3339
2801
2577
2736
2463
1900
965
106
-802
-2071
-3381
-4785
-5881
-6633
-7013
-6871
-6383
-5380
-4147
-2708
-1169
444
2178
3418
4477
5554
6529
7354
7629
7721
7878
7933
7802
7365
6880
6291
5507
4380
3212
2121
828
-528
-2012
-3124
-3856
-4445
-4799
-5069
-4896
-4444
-4129
-3816
-3407
-2996
-2818
-2872
-3052
-3011
-3186
-3734
-4218
-4861
-5319
-5957
-6887
-7460
-7529
-7347
-6893
-5865
-4040
-1754
68
1575
3586
5648
7023
7291
7098
7178
6860
5885
4772
4154
3735
2967
2226
2080
2381
2339
1707
998
370
-330
-1481
-2798
-4026
-5258
-6080
-6522
-6538
-6054
-5185
-3990
-2670
-1167
511
2262
3572
4298
5392
6722
7603
7793
7584
7805
8040
7671
7065
6485
5910
5022
3819
2660
1765
802
-682
-2155
-3084
-3581
-4097
-4729
-5057
-5025
-4629
-4373
-4163
-3672
-3271
-3116
-3216
-3313
-3223
-3440
-4174
-5058
-5792
-6476
-7294
-8066
-8355
-8153
-7531
-6220
-4444
-2012
230
2070
3993
5991
7598
8199
8157
7886
7453
6584
5397
4595
3839
2995
2163
1639
1749
1646
1161
413
-227
-962
-2008
-3099
-4249
-5402
-6340
-6820
-6633
-6053
-5090
-3780
-2167
-430
1360
3273
4797
5966
6794
7537
8201
8215
8060
7729
7378
7112
6360
5787
5278
4484
3571
2503
1468
402
-737
-2231
-3376
-4135
-4808
-5167
-5460
-5269
-4810
-4361
-3802
-3172
-2411
-2034
-1900
-1986
-2164
-2466
-3073
-4024
-5191
-6165
-7284
-8044
-8704
-9047
-8466
-7441
-5666
-3490
-1292
902
2845
5039
6689
7648
7918
7817
7684
6946
6092
5244
4689
4047
3102
2732
2617
2529
1959
963
308
-623
-1748
-3112
-4343
-5437
-6581
-7174
-7242
-6615
-5622
-4466
-2797
-1019
1065
3039
4666
5873
6890
8150
8545
8709
8646
8301
8262
7486
6854
6585
5789
4943
4033
2973
1870
787
-782
-2250
-3263
-4445
-5238
-5852
-6163
-5999
-5681
-5138
-4557
-3712
-2852
-2349
-1957
-1692
-1323
-1212
-1552
-2083
-2551
-3329
-4347
-5208
-6240
-6953
-7429
-7868
-7546
-6177
-4094
-2460
-1214
511
2923
5229
5928
6122
6620
6908
6457
5422
5044
4920
4248
2963
2334
2921
3014
2291
1367
826
418
-435
-1565
-2785
-3809
-4929
-5804
-6070
-5914
-5200
-4339
-3436
-2044
-153
1971
3719
4720
5593
7043
8349
8779
8752
8864
8998
8708
8020
7532
7192
6300
4820
3428
2390
1334
-211
-2210
-3736
-4558
-5404
-6266
-6666
-6655
-6425
-6094
-5757
-4964
-4021
-3688
-3695
-3694
-3414
-3392
-4028
-4869
-5626
-6095
-6803
-7430
-7396
-6947
-5827
-3955
-1970
18
2039
3888
5793
7306
7500
7355
7226
6558
5542
4356
3520
3050
2201
1342
1369
1767
1723
1181
587
181
-425
-1707
-3104
-4174
-5265
-6370
-7029
-6794
-6033
-5090
-3764
-2007
159
2488
4616
6388
7844
8891
9693
10151
10015
9791
9319
8448
7609
6914
6179
5455
4573
3392
2406
1398
237
-1016
-2479
-3840
-5012
-5928
-6574
-6954
-7074
-6921
-6582
-6086
-5196
-4331
-3784
-3492
-3421
-3103
-3091
-3445
-3955
-4864
-5736
-6352
-6639
-6279
-5399
-4305
-2676
-617
1312
3287
5085
6363
7203
6985
6384
6048
5222
3966
2631
1697
1272
918
528
549
945
856
466
129
-182
-774
-2172
-3599
-4606
-5411
-6018
-6364
-6119
-5380
-4147
-2534
-536
1670
3677
5592
7204
8527
9452
10010
10294
9944
9286
8620
8012
7328
6345
5405
4612
3739
2719
1735
680
-490
-1827
-3294
-4343
-5039
-5844
-6578
-7008
-7045
-6810
-6543
-6266
-5820
-5457
-5307
-5170
-4857
-4466
-4432
-4799
-5389
-5930
-5913
-5624
-5282
-4415
-3341
-1421
1060
2932
4643
6404
7916
8569
8226
7607
7058
6094
4070
2238
1299
657
-127
-1129
-1295
-823
-759
-1164
-1501
-1524
-2038
-3158
-4262
-5019
-5409
-5962
-6274
-5933
-4902
-3384
-1673
338
2482
4775
7001
8633
9835
10707
11301
11206
10465
9550
8681
7797
6329
5014
4214
3448
2594
1579
662
-101
-943
-2230
-3451
-4275
-5082
-5830
-6507
-6720
-6533
-6258
-6107
-5894
-5362
-5029
-4949
-5116
-5136
-5116
-5568
-6164
-6804
-7135
-6990
-6708
-5756
-4356
-2525
33
2438
4555
6615
8450
9801
10137
9586
8745
7983
6549
4504
2940
1605
674
-335
-1287
-1330
-1305
-1651
-2317
-2752
-3077
-3843
-4945
-6139
-6721
-7145
-7446
-7179
-6419
-4884
-3084
-968
1483
3996
6485
8574
10161
11194
12025
12299
11849
11004
9798
8759
7447
5911
4724
3651
2567
1505
515
-526
-1371
-2459
-3795
-4685
-5532
-6186
-6594
-6937
-6938
-6558
-6030
-5609
-5009
-4515
-4133
-3987
-4153
-4148
-4665
-5282
-6136
-6881
-6958
-7368
-6991
-5784
-4136
-1744
355
2601
5076
7416
8974
9656
9939
9474
8812
7452
5829
4630
3126
1879
871
276
138
-160
-604
-1264
-1721
-2422
-3531
-4714
-6102
-7144
-8030
-8622
-8552
-7942
-6653
-5108
-2994
-437
2265
4937
7080
9065
10545
11676
12199
11993
11661
10695
9720
8570
7236
6233
5017
3775
2613
1666
510
-652
-1955
-3468
-4495
-5639
-6564
-7176
-7582
-7616
-7506
-7065
-6509
-5766
-5246
-4994
-4680
-4511
-4415
-4681
-5177
-5768
-6344
-6628
-6785
-6268
-5290
-4061
-1953
325
2439
4569
6510
8357
9387
9446
9080
8735
7943
6309
4792
3557
2617
1682
621
342
342
-8
-694
-1332
-1801
-2716
-4033
-5585
-6698
-7541
-8402
-8638
-8304
-7261
-5700
-3765
-1359
1235
3916
6304
8320
9816
10945
11744
11712
11181
10275
9354
8401
7063
5903
4934
3940
2940
2003
1000
-26
-1071
-2561
-3795
-4788
-5840
-6569
-7151
-7451
-7282
-6828
-6434
-5889
-5271
-4913
-4533
-4409
-4263
-4326
-4907
-5571
-6326
-6593
-6705
-6815
-6279
-5300
-3142
-592
1221
3098
5228
7418
8867
9098
8779
8565
8036
6396
4927
4004
3183
2334
1087
695
1215
1252
568
-275
-720
-1376
-2558
-4141
-5623
-6563
-7705
-8550
-8539
-7796
-6396
-4881
-3008
-600
2218
5082
7310
8866
10189
11314
11701
11430
10676
9763
8789
7300
5991
5205
4282
3302
2313
1218
510
-183
-1554
-2853
-4033
-5227
-6008
-6727
-7255
-7273
-7058
-6956
-6446
-5702
-5117
-4687
-4762
-4719
-4595
-4710
-5154
-5847
-6392
-6810
-6899
-6541
-5542
-3956
-1830
283
2126
4396
6622
8471
9408
9128
8595
8194
7268
5631
4041
2733
1775
990
167
253
742
424
-141
-496
-716
-1206
-2523
-4328
-5624
-6543
-7498
-7891
-7733
-7067
-5615
-3863
-1672
1087
3829
6207
7984
9374
10648
11498
11431
10618
9621
8631
7632
6408
5263
4294
3331
2502
1676
858
146
-881
-2342
-3577
-4531
-5320
-5935
-6676
-7083
-6812
-6361
-5945
-5376
-4978
-4656
-4357
-4420
-4470
-4572
-5188
-5847
-6441
-7056
-7025
-6812
-6378
-5136
-3430
-1104
1238
3253
5131
6826
8434
9130
8913
8208
7428
6524
4989
3649
2587
1879
1234
384
316
563
442
-131
-871
-1486
-2198
-3190
-4693
-5835
-6555
-7179
-7189
-6846
-5818
-4062
-2337
-384
1994
4561
6725
8148
9263
10230
10882
10717
10008
9331
8444
7376
6227
5168
4177
3288
2335
1138
245
-648
-1746
-2882
-4056
-4964
-5517
-5893
-6305
-6373
-6020
-5659
-5265
-4858
-4473
-4144
-4076
-4374
-4589
-4728
-5275
-5856
-6400
-7045
-7221
-7062
-6256
-4822
-3299
-1308
997
3085
4915
6615
8266
8923
8484
7725
7324
6732
5176
3593
2619
2115
1426
627
530
638
325
-582
-1414
-1836
-2617
-3968
-5559
-6522
-6959
-7276
-7190
-6604
-5432
-3828
-2027
204
2770
5443
7481
8955
10208
11255
11907
11634
10534
9414
8292
6910
5518
4285
2960
1920
1069
60
-579
-1183
-2196
-3209
-4162
-4995
-5385
-5725
-6357
-6576
-6273
-5868
-5274
-4750
-4323
-3933
-3709
-3778
-3767
-3825
-4334
-4999
-5843
-6498
-6570
-6534
-6265
-5530
-4157
-2210
30
2123
3933
5639
7294
8552
8703
8225
7804
7154
5908
4337
3080
2493
1817
669
45
108
75
-396
-1261
-2010
-2423
-3253
-4739
-5840
-6391
-6817
-7034
-6905
-5978
-4186
-2287
-426
1963
4565
6922
9026
10454
11357
11917
11809
11156
10086
8658
7235
5795
4133
2818
1976
1138
201
-688
-1434
-1955
-2634
-3690
-4663
-5357
-5885
-6367
-6679
-6661
-6245
-5732
-5423
-4828
-3991
-3365
-3282
-3352
-3268
-3316
-3813
-4940
-5843
-6239
-6327
-6428
-6084
-4893
-2990
-836
982
2703
5015
7148
8235
8292
8071
8004
7544
6049
4263
3244
2547
1606
593
45
286
419
-193
-949
-1118
-1430
-2451
-3875
-5119
-5766
-6197
-6772
-6864
-6001
-4674
-3150
-1310
769
3284
5858
8006
9560
10802
11647
12054
11713
10600
9359
8097
6562
4707
3177
2105
1138
148
-849
-1442
-1752
-2290
-3210
-4003
-4476
-4920
-5417
-5971
-6134
-5891
-5720
-5520
-5107
-4403
-3844
-3531
-3454
-3340
-3128
-3390
-4158
-4918
-5564
-5858
-6119
-6193
-5782
-4554
-2683
-662
1315
2987
4909
6885
8145
8307
7877
7594
7085
5694
3950
2714
2105
1251
-5
-597
-312
24
-542
-1344
-1562
-1578
-2236
-3620
-4706
-5100
-5329
-5770
-5795
-4873
-3390
-1886
-331
1879
4443
7114
8856
10099
10943
11670
11761
10751
9333
7655
6275
4507
2664
1490
577
-98
-848
-1263
-1358
-1375
-1775
-2666
-3207
-3618
-4065
-4594
-5367
-5575
-5441
-5179
-4986
-4482
-3878
-3477
-3136
-3052
-2964
-2934
-3434
-4385
-5220
-5937
-6462
-6944
-7042
-6427
-4816
-2996
-1141
1006
3241
5402
7188
8302
8627
8501
8017
7009
5569
3970
2555
1502
424
-583
-894
-860
-834
-1023
-1302
-1449
-1543
-2125
-3196
-4059
-4599
-4947
-5230
-5271
-4600
-3229
-1737
-82
2111
4470
6943
8762
10198
11054
11733
11612
10525
9196
7492
6043
4146
2351
1105
248
-357
-975
-1233
-1262
-1333
-1667
-2338
-2886
-3349
-3938
-4552
-5224
-5430
-5303
-5060
-4785
-4281
-3649
-3155
-2951
-2785
-2799
-2812
-3357
-4348
-5081
-5946
-6301
-6813
-6678
-6052
-4578
-2568
-456
1647
3394
5405
7238
8412
8270
7730
7136
6412
4873
3004
1673
806
31
-977
-1324
-1133
-781
-1003
-1353
-1341
-1205
-1620
-2597
-3525
-3852
-3928
-4190
-4283
-3797
-2631
-1264
233
1981
4031
6096
7892
9008
9867
10425
10457
9652
8254
6850
5526
4088
2409
1145
365
-170
-515
-732
-910
-981
-1185
-1639
-2224
-2724
-3229
-3818
-4393
-4843
-4787
-4546
-4346
-4137
-3739
-3327
-3001
-2992
-3273
-3483
-3780
-4345
-5144
-5854
-6399
-6559
-6514
-5891
-4909
-3079
-1157
847
2724
4505
6463
7790
8199
7792
7561
7025
5855
4128
2609
1586
781
-262
-1154
-1370
-1305
-1310
-1707
-1822
-1811
-1806
-2421
-3150
-3487
-3453
-3566
-3722
-3600
-2798
-1491
-269
1095
2648
4590
6273
7574
8481
9247
9646
9262
8339
7305
6265
4950
3426
2014
1014
440
-134
-706
-992
-1201
-1263
-1511
-1961
-2449
-2845
-3253
-3741
-4077
-4255
-4169
-4074
-3916
-3730
-3383
-3030
-2984
-3032
-3137
-3266
-3549
-4172
-4765
-5225
-5586
-5816
-5886
-5306
-4510
-3009
-1328
472
2122
3672
5504
6792
7374
7153
7062
6728
5820
4303
2889
1833
1017
58
-944
-1311
-1435
-1399
-1606
-1641
-1509
-1390
-1689
-2184
-2517
-2513
-2605
-2837
-2867
-2451
-1539
-459
562
1842
3441
5153
6510
7305
8061
8390
8340
7510
6625
5630
4491
3125
1822
953
210
-305
-654
-853
-1128
-1242
-1401
-1600
-2063
-2524
-2886
-3163
-3456
-3849
-3940
-3777
-3632
-3579
-3528
-3342
-3099
-3202
-3344
-3590
-3583
-3902
-4357
-4752
-5078
-5071
-5191
-4951
-4438
-3392
-1801
-334
1125
2461
4095
5648
6432
6513
6508
6458
5994
4756
3358
2314
1421
588
-406
-1003
-1296
-1294
-1247
-1243
-1152
-983
-942
-1195
-1482
-1751
-1784
-1969
-2228
-2196
-1630
-676
197
1147
2480
4061
5508
6372
7058
7487
7582
7076
6173
5248
4195
2917
1705
769
22
-431
-761
-873
-1070
-1115
-1120
-1193
-1397
-1920
-2257
-2420
-2726
-3160
-3464
-3459
-3313
-3382
-3467
-3407
-3170
-3120
-3320
-3569
-3608
-3762
-4177
-4644
-5141
-5227
-5269
-5224
-4913
-4284
-2794
-1321
136
1397
2886
4663
5705
6128
6090
6229
6051
5205
3984
2911
1997
1312
530
-135
-591
-778
-626
-667
-660
-744
-703
-764
-1186
-1656
-1790
-1851
-1981
-2186
-1985
-1109
-244
554
1450
2791
4413
5476
6143
6669
6997
6960
6280
5500
4536
3449
2363
1328
517
-153
-579
-647
-694
-908
-990
-917
-954
-1419
-1856
-2082
-2257
-2663
-3273
-3417
-3189
-3109
-3246
-3395
-3079
-2798
-2958
-3237
-3523
-3414
-3828
-4427
-5014
-5239
-5223
-5435
-5336
-4926
-3862
-2532
-1146
159
1536
3166
4549
5200
5386
5567
5705
5318
4295
3293
2502
1925
1335
809
372
18
-85
36
16
-204
-422
-578
-792
-1287
-1742
-1912
-1963
-2067
-2105
-1628
-719
62
681
1661
3033
4295
5019
5328
5803
6050
5872
5154
4362
3714
2859
2030
1200
648
235
-1
-75
-227
-444
-585
-687
-909
-1346
-1738
-1978
-2235
-2629
-2954
-2860
-2674
-2767
-2883
-2864
-2604
-2580
-2903
-3279
-3520
-3611
-4116
-4619
-5078
-5207
-5274
-5316
-5161
-4572
-3677
-2541
-1369
-34
1290
2565
3629
4166
4668
4892
5009
4678
4049
3451
2945
2389
1992
1593
1208
809
574
599
457
114
-352
-544
-678
-1084
-1607
-1770
-1759
-1662
-1682
-1395
-813
-146
381
1143
2128
3053
3770
4097
4631
4845
4874
4506
4116
3632
3056
2512
1916
1485
1078
726
594
462
90
-163
-321
-489
-965
-1321
-1635
-1870
-2131
-2523
-2573
-2435
-2461
-2606
-2655
-2577
-2563
-2852
-3198
-3496
-3606
-3999
-4510
-4798
-4976
-5011
-5182
-5172
-4671
-4107
-3301
-2271
-1002
191
1093
2319
3124
3873
4255
4508
4665
4298
3860
3518
3195
2688
2320
2013
1720
1236
1004
925
798
409
-211
-388
-501
-976
-1463
-1669
-1527
-1454
-1564
-1406
-914
-337
25
503
1182
1938
2531
2892
3424
3882
4241
4216
4107
3891
3600
3320
2926
2445
1774
1377
1196
925
329
-105
-198
-409
-849
-1282
-1510
-1604
-1828
-2133
-2201
-2097
-2173
-2348
-2439
-2350
-2412
-2787
-3159
-3412
-3541
-3898
-4198
-4575
-4592
-4659
-4433
-4309
-4086
-3619
-3080
-2104
-1627
-704
194
1213
1930
2479
2969
3390
3776
3862
3789
3502
3340
3045
2976
2751
2502
2045
1703
1625
1446
959
331
13
-151
-453
-1052
-1465
-1507
-1442
-1532
-1619
-1349
-1129
-804
-572
100
861
1412
2048
2515
3155
3382
3712
3650
3562
3444
3418
3157
2470
2130
2052
2063
1498
995
600
514
200
-405
-950
-1214
-1273
-1634
-1887
-2097
-2064
-2070
-2225
-2394
-2518
-2614
-2908
-3174
-3404
-3424
-3506
-3749
-4032
-4057
-3909
-3879
-3982
-3904
-3404
-2776
-2361
-1920
-1219
-316
373
1044
1630
2262
2740
2884
3194
3326
3340
3286
3294
3142
2996
2794
2629
2332
1976
1703
1465
1122
487
119
-94
-355
-837
-1226
-1416
-1384
-1501
-1694
-1651
-1402
-1057
-801
-309
295
1125
1870
2516
3019
3294
3498
3575
3624
3499
3353
3068
2691
2374
2259
2088
1692
1272
925
745
382
-185
-677
-976
-1103
-1403
-1779
-2038
-2068
-2042
-2182
-2358
-2514
-2582
-2679
-2926
-3128
-3241
-3323
-3480
-3682
-3667
-3696
-3706
-3685
-3562
-3137
-2802
-2378
-1986
-1443
-526
283
921
1339
1686
2169
2720
2981
2874
2702
2849
2974
2858
2696
2581
2594
2361
2119
2011
1884
1376
764
464
402
-10
-782
-1232
-1135
-955
-1219
-1512
-1311
-656
-160
120
434
936
1399
1789
2044
2213
2315
2437
2554
2527
2453
2512
2487
2346
2227
2208
2219
1775
1323
1032
929
536
-177
-731
-882
-940
-1297
-1720
-1844
-1622
-1623
-1853
-2107
-2144
-2064
-2187
-2455
-2654
-2802
-2915
-3126
-3322
-3484
-3559
-3606
-3622
-3514
-3258
-2794
-2434
-2064
-1487
-605
115
550
700
1061
1594
1983
2021
1849
2043
2297
2390
2332
2388
2612
2659
2425
2311
2325
2098
1552
1054
971
862
327
-263
-463
-209
-197
-511
-677
-471
-212
-246
-205
61
530
815
963
1003
1095
1304
1591
1688
1660
1728
1952
2163
2065
2034
2115
2166
1855
1416
1159
958
562
38
-263
-338
-424
-764
-958
-917
-814
-928
-1257
-1473
-1575
-1687
-2063
-2474
-2705
-2807
-2967
-3277
-3466
-3484
-3377
-3355
-3370
-3167
-2842
-2520
-2356
-2077
-1600
-979
-551
-248
-106
118
577
938
1157
1159
1387
1693
1961
2039
2132
2365
2487
2415
2323
2412
2259
1899
1609
1575
1580
1168
674
515
677
620
189
-220
-256
-91
-173
-430
-518
-198
165
195
96
297
648
935
1095
1221
1489
1712
1823
1871
1945
2023
1892
1588
1366
1236
1112
775
427
335
389
298
-29
-266
-204
-133
-435
-913
-1282
-1397
-1568
-2008
-2386
-2552
-2591
-2693
-2868
-2957
-2989
-2974
-3017
-3057
-2977
-2836
-2699
-2718
-2618
-2342
-1896
-1527
-1278
-1049
-699
-254
173
504
652
946
1253
1585
1742
1885
2199
2370
2436
2460
2579
2576
2363
2141
2115
2091
1718
1190
888
916
706
196
-238
-377
-427
-691
-975
-944
-595
-276
-77
108
407
741
1040
1304
1445
1533
1703
1841
1808
1676
1700
1779
1672
1461
1398
1442
1302
976
771
854
822
413
39
-46
-30
-341
-837
-1107
-1164
-1334
-1691
-1996
-2098
-2148
-2284
-2415
-2538
-2667
-2753
-2910
-3037
-3194
-3203
-3107
-3094
-3160
-3018
-2552
-2126
-1764
-1474
-1035
-711
-434
-71
279
517
619
860
1215
1490
1598
1761
1984
2196
2257
2246
2267
2131
1983
1899
1730
1381
943
750
692
448
-61
-390
-280
-161
-297
-254
163
570
602
680
926
1119
1136
1189
1353
1367
1234
1260
1406
1371
1345
1339
1458
1348
1142
1110
1106
1004
688
577
633
485
134
-45
-26
-134
-478
-790
-876
-1000
-1231
-1517
-1678
-1749
-1913
-2183
-2401
-2497
-2645
-2917
-3207
-3363
-3379
-3323
-3255
-3128
-2887
-2516
-2117
-1660
-1256
-1020
-1017
-967
-591
-112
92
-10
105
585
1089
1209
1158
1440
1809
1936
1853
1818
1820
1701
1536
1488
1445
1157
840
755
954
990
774
678
764
978
1064
1170
1320
1458
1552
1564
1451
1243
1176
1262
1276
995
815
912
1040
1020
910
1048
1160
1069
848
788
844
678
423
346
452
351
51
-96
-37
-25
-275
-631
-836
-938
-1152
-1441
-1707
-1910
-2125
-2352
-2505
-2715
-2868
-2956
-2981
-3085
-3170
-3039
-2723
-2489
-2462
-2326
-2000
-1627
-1365
-1248
-1289
-1311
-1083
-642
-446
-593
-508
19
560
642
614
928
1359
1458
1336
1429
1621
1507
1313
1527
1756
1672
1440
1567
1951
2050
1818
1698
1849
1956
1904
1744
1646
1524
1431
1363
1103
863
797
918
891
678
613
780
908
751
637
737
880
698
429
475
599
495
223
208
368
363
70
-186
-163
-154
-440
-897
-1142
-1276
-1472
-1744
-2025
-2130
-2139
-2173
-2282
-2339
-2266
-2208
-2238
-2345
-2424
-2364
-2247
-2259
-2262
-2162
-2121
-2119
-2063
-1784
-1575
-1566
-1529
-1173
-726
-614
-599
-316
211
494
503
666
986
1284
1380
1536
1803
1982
1999
2111
2377
2484
2396
2324
2451
2418
2173
1973
1835
1716
1587
1521
1465
1256
1001
926
912
751
562
555
692
624
480
594
782
795
651
704
842
766
546
504
656
642
388
200
282
263
-10
-311
-511
-637
-890
-1197
-1449
-1622
-1728
-1789
-1780
-1784
-1796
-1792
-1761
-1819
-1893
-1899
-1989
-2136
-2379
-2543
-2657
-2708
-2662
-2621
-2514
-2342
-2108
-1910
-1695
-1527
-1288
-1031
-819
-678
-554
-274
2
291
570
917
1245
1491
1773
2046
2296
2387
2415
2514
2565
2508
2381
2294
2238
2152
2053
1959
1761
1493
1321
1320
1283
1015
759
736
667
550
492
591
615
514
526
694
765
611
556
711
872
702
460
466
527
433
169
-15
-106
-259
-456
-652
-799
-928
-1010
-1047
-1069
-1204
-1302
-1305
-1313
-1372
-1570
-1680
-1783
-1913
-2060
-2184
-2304
-2510
-2667
-2684
-2565
-2561
-2664
-2644
-2505
-2271
-2119
-1946
-1693
-1347
-1075
-880
-640
-335
-99
77
374
618
809
979
1258
1588
1846
2002
2139
2289
2348
2322
2252
2180
2065
1898
1825
1791
1673
1532
1424
1400
1300
1157
1077
1046
937
755
625
624
645
598
628
675
733
768
754
797
781
688
597
521
437
277
134
57
-17
-128
-234
-337
-427
-498
-596
-662
-717
-798
-934
-1031
-1093
-1204
-1344
-1488
-1613
-1771
-1926
-2098
-2232
-2319
-2445
-2538
-2616
-2596
-2480
-2385
-2393
-2461
-2360
-2088
-1885
-1827
-1647
-1238
-876
-727
-607
-233
106
258
318
590
908
992
1088
1345
1735
1855
1814
1903
2072
2167
1992
1854
1860
1845
1692
1509
1434
1495
1580
1554
1426
1236
1286
1330
1230
1006
786
789
775
678
566
621
718
714
634
644
649
478
341
279
286
161
-67
-132
-48
30
-117
-268
-257
-205
-303
-508
-689
-753
-773
-905
-1075
-1209
-1307
-1358
-1446
-1614
-1743
-1778
-1791
-1819
-1909
-2000
-2082
-2213
-2197
-2148
-2160
-2163
-2153
-1971
-1719
-1579
-1504
-1354
-1031
-665
-469
-408
-279
17
391
560
615
794
1021
1234
1338
1445
1590
1667
1718
1762
1812
1787
1687
1667
1774
1756
1588
1456
1448
1493
1405
1245
1081
1043
1013
923
779
631
611
656
707
642
552
595
635
662
609
551
512
458
391
322
255
142
42
6
24
-93
-269
-342
-378
-404
-542
-718
-836
-882
-959
-1086
-1199
-1263
-1272
-1306
-1315
-1395
-1484
-1511
-1579
-1652
-1781
-1931
-2030
-2083
-2109
-2120
-2079
-1984
-1885
-1777
-1561
-1334
-1161
-949
-662
-320
-147
-72
64
368
567
614
684
860
1075
1151
1270
1421
1585
1688
1709
1802
1847
1780
1660
1600
1539
1399
1238
1186
1174
1097
1036
960
928
939
954
989
898
743
736
776
753
633
596
657
701
671
665
650
614
577
472
408
297
150
13
-36
-93
-228
-341
-372
-373
-428
-488
-579
-663
-658
-731
-815
-912
-1005
-1035
-1080
-1179
-1373
-1517
-1617
-1724
-1866
-1937
-1990
-2034
-1973
-1905
-1793
-1695
-1549
-1411
-1259
-1137
-1063
-1003
-887
-558
-306
-148
-107
60
444
674
789
806
968
1124
1174
1173
1198
1252
1273
1292
1337
1387
1292
1229
1248
1252
1218
1113
1082
1038
1021
1028
1053
1050
994
986
961
906
762
740
843
852
766
742
830
874
837
733
703
608
448
279
150
124
18
-69
-82
-74
-96
-140
-156
-179
-252
-360
-520
-717
-875
-994
-1089
-1166
-1267
-1319
-1290
-1317
-1372
-1425
-1439
-1447
-1485
-1557
-1573
-1566
-1564
-1555
-1507
-1357
-1261
-1218
-1102
-952
-846
-819
-695
-401
-120
-30
-39
88
344
468
475
520
640
711
758
818
959
1068
1106
1184
1314
1361
1288
1227
1252
1283
1206
1165
1131
1134
1143
1105
1097
1113
1155
1215
1186
1046
921
920
968
909
761
736
763
754
722
656
649
591
489
405
330
224
83
-12
-52
-105
-242
-359
-448
-505
-566
-714
-836
-948
-973
-1001
-1030
-1071
-1090
-1040
-989
-1003
-1089
-1113
-1141
-1166
-1215
-1301
-1331
-1338
-1342
-1328
-1261
-1190
-1144
-1100
-1026
-922
-930
-939
-858
-612
-398
-425
-427
-231
71
190
220
337
538
642
683
808
955
1058
1075
1144
1311
1384
1328
1259
1220
1221
1255
1261
1223
1153
1156
1206
1198
1201
1165
1123
1051
896
878
890
885
793
722
790
789
706
579
524
493
369
149
-46
-129
-224
-338
-448
-478
-473
-479
-523
-554
-554
-575
-595
-684
-729
-751
-768
-759
-796
-766
-718
-698
-743
-777
-806
-863
-1001
-1114
-1175
-1230
-1288
-1414
-1479
-1448
-1418
-1369
-1315
-1258
-1155
-1115
-1092
-1007
-785
-553
-475
-433
-248
26
197
302
420
615
730
799
880
1004
1071
1074
1152
1215
1229
1176
1189
1226
1233
1245
1196
1170
1138
1129
1187
1216
1179
1158
1173
1157
1054
914
922
895
767
614
498
484
409
305
202
140
78
-34
-143
-208
-255
-307
-312
-342
-371
-354
-328
-287
-279
-258
-263
-291
-341
-338
-321
-327
-372
-455
-452
-531
-650
-767
-914
-1014
-1153
-1306
-1461
-1548
-1626
-1676
-1690
-1671
-1634
-1580
-1443
-1330
-1239
-1112
-1018
-849
-674
-456
-289
-186
-68
120
337
438
498
599
793
849
837
900
1000
1072
1062
1086
1122
1149
1108
1135
1211
1249
1224
1174
1213
1193
1196
1223
1138
1066
986
904
777
636
574
543
479
371
298
263
263
172
71
62
38
-44
-154
-144
-117
-109
-122
-87
-27
7
38
39
82
66
2
-45
-146
-223
-303
-377
-491
-638
-756
-838
-958
-1125
-1260
-1379
-1462
-1589
-1693
-1702
-1674
-1649
-1622
-1548
-1437
-1314
-1234
-1129
-961
-842
-783
-685
-448
-214
-89
-43
5
166
321
403
448
495
531
545
638
756
814
831
936
1036
1048
1050
1050
1107
1135
1150
1130
1076
960
921
993
1028
947
780
712
672
575
452
347
339
316
243
187
188
200
198
213
242
246
183
202
227
237
262
233
240
217
212
199
143
52
-66
-143
-254
-427
-613
-693
-763
-907
-1041
-1155
-1218
-1298
-1369
-1427
-1442
-1461
-1482
-1462
-1393
-1308
-1278
-1212
-1117
-1022
-924
-860
-744
-650
-557
-500
-460
-368
-214
-57
17
30
47
198
293
295
321
376
461
489
560
681
778
813
873
970
1016
1022
976
1017
1003
925
849
759
739
718
700
657
604
533
509
496
473
416
392
461
472
450
456
484
509
499
498
470
454
401
360
342
309
253
145
106
37
-81
-192
-336
-464
-597
-736
-837
-932
-1006
-1040
-1070
-1073
-1085
-1093
-1035
-1016
-1026
-1012
-1007
-979
-962
-938
-904
-855
-833
-829
-796
-757
-704
-679
-592
-551
-533
-505
-519
-418
-279
-205
-231
-199
-80
54
112
164
300
411
517
585
710
818
820
829
882
897
829
762
734
720
676
647
668
674
692
693
725
753
713
715
716
689
609
590
636
645
587
561
586
592
592
527
475
445
349
264
154
41
-74
-172
-260
-370
-450
-508
-572
-656
-679
-704
-711
-723
-756
-730
-676
-652
-682
-661
-627
-620
-679
-712
-683
-676
-686
-756
-755
-716
-761
-774
-760
-742
-722
-695
-645
-614
-607
-585
-529
-411
-263
-154
-87
-3
77
206
308
349
356
382
398
397
407
403
425
404
471
495
505
549
556
608
637
665
696
719
717
727
739
739
718
710
748
720
674
698
722
744
694
651
610
557
487
387
280
169
61
-74
-152
-247
-331
-354
-396
-391
-400
-396
-408
-400
-402
-406
-410
-442
-451
-456
-435
-482
-536
-548
-556
-560
-620
-651
-665
-672
-720
-763
-781
-793
-810
-831
-789
-753
-697
-596
-517
-426
-372
-315
-277
-221
-132
-32
25
13
20
62
145
111
62
113
148
146
127
199
269
310
326
383
461
518
508
473
566
631
649
657
681
747
805
811
801
827
836
820
774
743
718
683
651
558
462
400
297
201
102
37
-21
-116
-194
-216
-199
-202
-213
-252
-192
-191
-246
-270
-317
-298
-328
-371
-404
-413
-409
-438
-465
-502
-516
-545
-568
-623
-674
-671
-702
-698
-690
-633
-578
-543
-511
-444
-357
-316
-292
-304
-248
-238
-247
-224
-220
-142
-64
-9
-1
-8
26
56
50
25
34
47
80
102
174
280
321
366
435
532
575
618
631
695
753
772
788
782
878
909
904
866
808
796
752
690
610
545
479
430
373
325
287
232
211
160
124
97
29
-9
-26
-22
-36
-69
-98
-122
-130
-155
-200
-233
-225
-271
-342
-370
-405
-386
-370
-371
-405
-424
-416
-408
-428
-435
-413
-396
-353
-340
-334
-267
-246
-229
-181
-143
-154
-174
-199
-206
-219
-234
-243
-243
-197
-188
-156
-90
-80
-62
-41
4
1
4
47
108
154
216
335
436
553
598
683
817
872
899
920
966
991
1004
978
913
872
836
799
727
670
585
512
482
387
339
280
235
175
147
149
104
62
43
27
10
9
-70
-144
-156
-201
-240
-287
-298
-285
-269
-276
-306
-312
-318
-337
-378
-375
-404
-416
-388
-397
-353
-323
-287
-254
-207
-196
-192
-215
-238
-240
-260
-261
-312
-346
-328
-360
-381
-402
-415
-408
-413
-416
-407
-396
-370
-320
-281
-220
-191
-138
-36
14
87
186
318
433
573
689
777
848
916
989
1002
1011
963
916
913
865
843
806
764
726
683
625
536
451
348
281
198
131
56
-10
-15
-50
-65
-106
-140
-175
-200
-242
-294
-327
-374
-390
-414
-378
-389
-383
-342
-354
-341
-337
-331
-339
-327
-321
-298
-274
-234
-189
-174
-112
-113
-134
-123
-165
-182
-221
-242
-258
-276
-281
-290
-284
-291
-302
-344
-345
-380
-423
-401
-411
-391
-368
-305
-248
-172
-88
-9
61
133
224
276
376
415
475
548
581
636
661
704
708
707
691
653
614
583
554
518
518
475
439
416
371
349
312
281
215
171
123
71
23
-21
-41
-76
-83
-139
-191
-202
-241
-262
-292
-296
-293
-276
-261
-235
-218
-200
-170
-157
-125
-148
-174
-173
-201
-187
-189
-187
-198
-184
-187
-187
-183
-208
-227
-276
-280
-316
-381
-374
-400
-433
-449
-452
-442
-439
-449
-444
-427
-403
-365
-335
-255
-195
-149
-75
-3
81
133
200
234
291
338
364
398
434
457
450
480
471
466
484
469
475
459
453
436
418
376
350
329
279
229
171
163
103
46
11
-37
-61
-105
-129
-154
-153
-164
-182
-188
-186
-167
-177
-148
-150
-149
-112
-109
-98
-103
-91
-107
-122
-154
-165
-195
-232
-238
-262
-248
-271
-301
-304
-306
-292
-300
-309
-332
-348
-377
-406
-420
-437
-435
-452
-430
-428
-416
-362
-349
-305
-274
-238
-204
-172
-121
-87
-40
3
47
79
151
198
212
261
282
319
326
349
353
361
377
401
420
408
398
378
399
339
271
249
183
136
85
56
5
-24
-50
-62
-76
-83
-81
-91
-53
-39
-37
-2
-1
16
32
25
12
-1
-1
1
-24
-37
-35
-49
-18
-43
-68
-65
-103
-136
-187
-218
-242
-263
-303
-306
-312
-322
-315
-326
-300
-302
-323
-303
-330
-342
-342
-338
-351
-341
-334
-315
-289
-273
-219
-197
-122
-86
-66
17
47
85
111
170
215
247
267
288
309
313
328
324
371
375
380
396
384
386
360
330
285
241
184
116
49
9
-8
-31
-5
-19
-22
36
25
41
55
55
63
49
38
31
25
20
20
-8
28
-5
-50
-33
-62
-56
-72
-89
-126
-144
-145
-180
-208
-245
-260
-319
-306
-332
-364
-344
-350
-327
-325
-300
-308
-295
-302
-311
-321
-359
-364
-381
-329
-322
-301
-247
-220
-152
-88
-36
-7
29
63
97
110
115
147
185
243
234
232
277
296
319
308
322
317
311
301
268
241
201
166
103
97
47
6
0
-41
-29
-17
13
32
50
70
94
106
107
110
120
141
115
85
101
92
93
98
83
62
47
23
11
3
-22
-45
-87
-90
-145
-178
-178
-228
-235
-245
-241
-259
-261
-256
-271
-270
-288
-301
-315
-289
-315
-340
-312
-307
-266
-237
-183
-143
-114
-71
-29
11
21
38
50
92
99
95
133
147
187
217
259
278
290
305
307
295
285
265
228
236
191
138
132
104
106
76
61
50
47
53
53
77
65
60
52
80
67
27
17
-5
5
7
6
22
24
28
44
46
24
5
-36
-37
-105
-157
-163
-207
-197
-213
-202
-207
-204
-213
-225
-236
-261
-289
-330
-319
-349
-366
-352
-364
-334
-333
-295
-282
-238
-193
-164
-125
-99
-44
-16
43
56
51
89
90
103
114
138
143
159
183
200
227
237
252
235
261
236
192
189
141
132
129
123
119
125
148
148
144
142
140
128
149
121
88
93
73
70
65
82
58
54
52
49
38
25
28
10
34
11
-21
-27
-55
-45
-69
-88
-117
-127
-136
-138
-136
-151
-142
-167
-139
-167
-206
-221
-280
-290
-308
-304
-309
-305
-271
-239
-203
-166
-134
-114
-47
-36
-31
13
15
53
77
119
136
159
178
192
216
217
231
206
252
240
209
227
205
206
185
178
171
154
141
145
160
157
164
161
207
221
213
235
231
230
221
222
204
188
164
152
146
137
145
129
162
133
90
91
66
60
29
18
9
11
-5
-21
-12
-15
-8
-25
-16
-58
-93
-91
-125
-140
-178
-192
-221
-252
-270
-272
-281
-285
-267
-256
-196
-185
-183
-143
-134
-118
-103
-55
-42
-21
-3
32
65
92
130
134
184
179
158
179
163
169
145
131
115
109
95
88
95
82
105
93
132
130
123
152
146
165
169
183
188
183
197
215
203
179
161
140
165
140
103
113
90
87
76
48
22
6
-19
-42
-54
-66
-53
-44
-11
-30
-42
-6
-31
-22
-46
-58
-63
-79
-96
-113
-130
-146
-162
-185
-150
-194
-239
-231
-252
-250
-257
-253
-249
-226
-210
-186
-159
-134
-96
-81
-19
-11
-13
30
28
51
58
60
49
50
44
40
43
31
38
42
83
70
66
109
117
134
144
152
159
182
180
210
218
212
230
225
261
236
197
214
174
154
140
128
90
67
52
42
26
8
-2
-12
9
-23
-56
-35
-41
-34
-29
-25
-16
-1
7
18
16
8
15
-19
2
-28
-75
-73
-116
-135
-161
-184
-213
-233
-248
-263
-266
-278
-258
-240
-194
-179
-175
-128
-115
-88
-88
-75
-66
-51
-34
-20
-1
4
27
36
80
70
61
94
106
124
118
138
152
181
190
200
222
232
241
242
276
260
233
244
225
230
221
223
201
177
155
146
113
66
37
-1
26
-12
-49
-51
-62
-49
-65
-55
-53
-45
-40
-26
-5
8
24
34
80
82
72
82
71
73
58
45
9
-11
-51
-67
-96
-136
-152
-169
-159
-196
-235
-230
-239
-241
-248
-240
-234
-216
-205
-189
-157
-147
-138
-125
-89
-80
-94
-72
-51
-31
-33
-6
24
33
55
77
102
108
130
147
185
180
171
194
189
204
183
195
199
194
171
144
143
135
118
84
91
38
-3
-11
-46
-68
-96
-96
-117
-126
-123
-117
-105
-101
-87
-76
-16
0
12
51
57
74
95
130
133
131
114
106
92
63
50
12
15
-28
-75
-82
-125
-143
-174
-186
-216
-224
-251
-277
-266
-273
-286
-291
-240
-252
-251
-220
-209
-178
-185
-145
-115
-98
-79
-44
-14
3
29
34
95
108
87
135
132
152
157
165
181
180
183
184
184
165
164
145
161
128
92
100
75
66
26
5
-18
-42
-69
-85
-94
-103
-100
-111
-74
-79
-89
-57
-51
-16
-8
25
50
65
93
124
129
138
143
135
182
161
117
113
93
79
59
34
-11
-40
-64
-93
-124
-171
-196
-230
-221
-258
-295
-273
-280
-270
-283
-258
-263
-248
-227
-224
-195
-184
-158
-133
-74
-70
-71
-28
-22
6
13
21
24
37
56
70
70
76
95
98
133
108
86
112
101
106
89
77
64
58
59
44
33
18
10
3
25
-3
-24
-9
-23
-5
-5
6
12
26
33
51
68
80
111
97
146
135
110
137
126
138
139
151
139
131
109
80
54
23
7
-27
-27
-75
-132
-150
-187
-190
-223
-223
-239
-256
-267
-272
-264
-254
-231
-234
-197
-198
-207
-184
-169
-137
-138
-110
-109
-94
-86
-78
-62
-54
-40
-41
5
7
5
21
33
55
49
75
67
57
63
70
62
61
72
64
81
62
48
67
57
68
56
55
60
57
53
43
44
46
62
53
98
94
85
109
107
138
137
145
141
160
173
171
163
140
142
135
150
127
68
69
39
25
3
-23
-44
-65
-93
-99
-98
-110
-120
-141
-121
-156
-182
-153
-160
-156
-172
-181
-168
-166
-176
-171
-162
-168
-166
-165
-129
-137
-160
-131
-129
-109
-112
-101
-79
-64
-37
-21
-5
-2
18
20
61
69
42
56
56
79
74
84
89
86
86
77
93
88
90
85
113
88
76
110
93
115
123
125
125
137
134
145
150
151
159
141
169
150
128
140
110
115
106
101
81
61
41
42
31
11
5
-19
9
-14
-45
-37
-55
-50
-60
-60
-85
-94
-100
-99
-98
-118
-120
-137
-112
-133
-163
-159
-167
-147
-152
-139
-117
-101
-86
-67
-35
-20
-31
-14
39
33
21
50
40
56
59
74
90
94
101
106
105
111
124
132
174
167
155
182
174
179
182
191
201
198
201
204
208
202
210
196
229
203
174
187
153
164
154
128
108
113
93
87
85
85
93
82
115
103
72
88
83
79
73
68
57
53
44
32
19
6
7
1
-1
-41
-71
-77
-98
-103
-121
-122
-129
-122
-129
-130
-137
-132
-119
-107
-67
-80
-82
-52
-45
-21
-18
-12
-6
2
9
15
40
29
52
49
81
72
63
95
86
102
98
123
125
134
148
179
204
215
237
226
262
253
221
239
214
202
198
183
160
150
133
132
120
102
92
56
85
69
48
63
67
89
74
83
91
96
87
87
90
69
76
69
85
75
47
39
4
-4
-28
-41
-70
-102
-139
-142
-148
-171
-172
-181
-161
-176
-193
-178
-177
-163
-157
-133
-116
-93
-79
-69
-60
-66
-59
-71
-41
-59
-75
-41
-51
-51
-60
-47
-39
-22
-18
-4
10
19
44
60
109
112
104
137
137
159
159
167
155
162
161
149
