-80
-83
-73
-54
-51
-8
-30
-48
-31
-43
-53
-71
-66
-44
-17
-11
-6
-30
-16
11
1
38
45
36
44
35
53
52
40
25
21
26
37
24
-2
-14
-5
30
1
-24
-10
-28
-16
-19
-17
-1
31
35
34
40
40
30
31
94
84
80
133
135
132
115
117
103
72
62
75
109
129
137
127
156
144
103
72
25
34
20
6
18
56
89
110
116
124
101
58
69
32
-3
12
22
38
49
78
108
92
46
41
46
39
23
21
78
66
46
47
17
22
-1
-15
-24
1
9
20
38
69
88
61
87
46
20
46
9
-18
-27
8
46
68
40
18
30
47
50
30
84
92
95
138
120
96
72
65
33
-4
-26
-42
-10
17
61
105
122
44
-21
36
56
22
-4
50
76
83
65
36
35
47
53
19
34
19
54
133
122
98
72
58
-1
-74
-136
-104
-56
-25
33
99
200
183
136
131
127
130
101
106
113
116
119
174
171
114
68
11
-1
-10
-7
21
46
87
115
117
93
67
22
5
5
-8
42
107
181
221
231
204
108
89
69
23
-7
39
63
77
119
125
65
17
71
24
-38
-51
-75
-22
33
-21
-64
-28
-4
-55
-79
-58
-13
23
64
34
39
136
90
33
5
40
35
40
9
-33
-28
21
46
-62
-86
-69
-17
23
-8
2
29
42
-10
-28
8
19
46
11
47
144
214
102
76
208
189
105
44
59
17
43
39
-34
-78
-3
71
73
149
171
153
166
178
88
41
61
40
-30
-21
63
-12
-82
-48
54
62
24
-27
-16
71
153
90
67
160
162
112
109
134
81
92
56
60
31
-45
-117
-137
-45
16
27
-6
35
141
146
48
53
127
80
107
79
34
118
176
116
32
158
201
152
112
107
50
58
12
-168
-104
-46
-97
-88
9
70
102
114
88
55
104
50
-20
20
53
17
65
84
64
115
17
-84
-111
-62
-122
-84
-39
-68
-53
-71
-124
-71
42
-61
-26
126
106
125
174
151
194
224
37
-82
-65
-143
-278
-210
-92
-67
85
60
-44
40
57
-93
-102
-57
-124
-70
-41
-19
96
159
103
43
22
44
57
7
-65
-40
26
-26
-1
91
73
84
8
-122
-163
-159
-202
-110
-43
-34
51
137
128
96
110
-33
-31
82
9
-97
20
9
-90
-38
-90
-193
-109
-26
-154
-133
-99
-133
-134
-151
-138
-12
59
1
-7
129
55
-10
-13
22
-57
-53
-106
-206
-142
-90
-162
-184
74
-29
-132
-50
-14
-95
-197
-217
-103
27
0
98
182
219
256
192
56
149
148
7
-34
78
88
36
-82
-154
-17
48
-200
-354
-235
-239
-187
-266
-264
62
310
141
49
217
150
57
-55
-135
-30
85
-72
-98
254
278
131
177
190
118
67
-152
-351
-233
-194
-295
-306
-182
-98
-37
-97
-167
-118
-55
-88
-20
130
278
314
320
375
349
317
146
17
-91
-101
-202
-275
-160
-57
-55
-104
-36
-71
-73
-127
-272
-228
-145
-152
-83
52
67
162
236
110
230
221
57
25
201
10
-56
25
7
-9
0
-32
-202
-151
-269
-206
-228
-248
-175
41
-61
23
162
46
175
316
195
92
199
93
181
276
109
120
186
82
-12
12
-147
-132
-3
-90
-110
-36
43
-17
123
37
34
8
-43
-2
-30
-59
-114
18
-29
63
89
38
60
217
89
-61
140
200
19
6
75
84
162
-26
-286
-220
-127
-287
-376
-306
-92
31
45
-79
106
193
-108
-149
9
20
-73
-124
-131
140
186
-2
87
234
258
55
-115
-91
63
-164
-460
-322
-120
-196
-317
-300
-202
-130
-341
-558
-444
-113
-90
-197
-87
176
199
40
94
177
85
-72
-47
-17
-59
-179
-159
-101
-84
-166
-227
-119
-139
-294
-432
-390
-349
-279
-292
-279
59
76
-107
-29
212
112
-40
-58
-62
57
33
-41
70
229
49
-254
-202
17
-49
-336
-451
-367
-261
-306
-309
-74
191
255
72
-19
64
75
-102
-224
-171
-257
-322
-242
-142
-147
-149
-172
-109
19
27
-32
-71
-116
-154
-274
-461
-330
-18
133
-45
-161
-116
-18
-219
-291
-172
-232
-189
-40
-65
-111
111
-52
-285
-209
-316
-514
-507
-534
-459
-315
-306
-95
102
2
64
199
49
-87
-94
-303
-303
-47
-90
-137
16
50
116
315
56
-179
-117
-335
-469
-429
-466
-454
-175
-192
-222
-9
23
32
55
-26
-134
-162
-98
55
116
158
380
435
335
325
40
-178
-134
-243
-443
-369
-284
-219
37
-50
-13
240
216
89
71
-40
-175
-142
-149
-175
160
322
251
368
457
313
149
-142
-184
-38
-418
-568
-275
125
170
329
456
335
311
61
-262
-255
-28
-155
-134
107
353
480
417
368
389
209
-179
-340
-230
-171
-238
-267
-68
251
340
246
345
363
171
-106
-335
-255
-55
-127
-104
96
194
219
343
467
419
227
33
-49
0
-29
-103
103
193
304
310
222
428
455
80
-7
44
-66
-237
-245
-186
-45
-19
-213
-214
85
135
-146
-187
-111
13
-191
-306
-64
251
236
183
251
273
311
182
56
-3
-111
-477
-589
-497
-412
-271
-121
-15
192
147
8
78
59
-41
-187
-311
-251
34
-15
-82
225
280
169
271
168
-128
-12
-134
-539
-361
-225
-350
-250
-23
116
216
-12
-139
-97
-303
-436
-168
-151
-267
51
179
166
126
69
-49
-145
-220
-239
-192
-370
-201
-45
-174
-45
330
454
170
197
65
-48
-89
-186
-230
-116
19
79
132
167
417
458
101
-146
-183
-280
-147
-32
-70
37
338
324
230
168
202
157
-123
-333
-232
-6
135
388
488
658
802
595
139
87
115
-121
-369
-481
-319
23
260
147
332
722
512
35
35
101
195
94
25
123
342
504
327
240
241
198
-67
-59
73
131
96
43
107
170
124
150
191
151
125
140
220
299
157
66
115
-36
-108
126
-17
-390
-192
-44
-187
-53
207
108
304
391
151
18
-113
-28
-16
-348
-566
-404
-363
-339
-89
73
182
449
407
430
766
794
515
219
97
299
338
13
-185
-210
-337
-577
-496
-424
-574
-585
-705
-825
-773
-533
-431
-399
91
448
262
328
774
753
413
298
342
179
-217
-380
-190
121
82
-13
114
33
34
-176
-633
-677
-434
-699
-952
-744
-342
42
-29
-89
240
465
103
64
229
120
-115
-175
-12
108
195
229
108
-61
85
-157
-566
-601
-323
-476
-709
-480
-81
65
-72
-25
144
256
32
227
236
223
474
202
-118
140
281
24
-136
-142
49
71
-101
48
466
224
-76
-4
-58
-122
-162
-288
13
188
141
232
283
234
288
51
-125
249
403
94
147
438
388
124
-190
-222
-218
-455
-733
-505
-312
-252
-256
-169
303
429
205
251
504
336
380
278
263
600
600
286
333
475
123
-100
-238
-472
-353
-471
-798
-169
133
-14
131
220
156
0
-301
-559
-557
-494
-445
-231
264
559
717
709
738
831
416
-110
-131
-144
-472
-468
-240
-183
-352
-423
-440
-499
-599
-660
-581
-629
-588
-405
-139
82
275
629
533
403
455
378
-107
-412
-232
-250
-487
-290
83
267
348
259
132
-125
-204
-395
-887
-1123
-1031
-1000
-774
-533
-228
24
-65
39
286
279
84
-55
-247
-109
23
-56
86
118
36
42
201
-159
-385
-322
-652
-802
-512
-374
-272
-57
-111
-5
-28
-159
-114
-207
-425
-350
-270
-356
-221
19
207
117
120
84
-135
-394
-417
-531
-815
-852
-789
-735
-690
-320
17
163
294
244
133
173
164
-64
-265
-279
-257
-337
-186
102
38
-134
-104
-323
-498
-257
-178
-469
-500
-324
-382
-188
27
-158
-123
7
-141
-246
-144
35
-108
-314
-172
115
148
115
91
-86
-227
-174
-245
-430
-302
-473
-872
-810
-555
-485
-419
-328
-109
144
238
348
443
466
330
366
229
115
170
-23
-163
-30
-76
-80
-45
-244
-95
44
-109
-256
-181
-245
-46
348
471
676
784
439
247
115
-8
104
1
-423
-233
-44
-142
45
224
41
-185
20
-69
-52
73
107
186
-280
-257
28
36
-50
41
203
231
274
296
535
628
370
31
157
144
171
385
54
111
492
158
-153
-93
-216
-534
-997
-969
-574
-604
-900
-584
-82
-186
-126
155
391
606
422
226
323
350
231
106
116
462
643
472
392
518
708
522
-46
-260
-175
-379
-626
-371
-122
-278
-249
-298
-92
116
-65
-172
-181
-70
178
472
373
592
1102
928
815
1222
1105
654
311
-138
-280
-276
-510
-497
-480
-479
-84
210
439
732
700
314
242
131
-283
-463
-466
-546
-593
-381
-20
353
531
569
538
436
242
219
153
33
230
330
130
121
230
140
-90
-288
-383
-527
-601
-537
-310
-118
7
237
532
676
878
741
264
166
2
-277
-425
-551
-408
-228
-184
80
449
649
535
360
133
-68
-283
-425
-451
-252
13
114
82
206
519
152
-112
-112
79
-151
-497
-161
95
192
434
430
593
760
311
55
-258
-402
-376
-684
-748
-315
-81
-200
-310
261
543
164
58
193
230
-22
-224
-77
-1
-56
176
290
285
432
502
153
102
261
50
-380
-472
-214
-167
-344
-418
-30
335
169
117
449
291
78
25
-68
57
211
73
23
109
-26
-252
-340
-241
-230
-273
-483
-427
-236
-132
-164
-157
120
270
211
217
310
322
34
-165
80
132
-27
-212
-148
-135
-227
-109
203
3
-256
-144
-391
-390
18
40
-195
71
337
397
538
386
267
178
-150
-305
-33
-61
-275
-281
-161
-72
-62
-146
-32
173
-98
-219
-179
-337
-340
-132
-289
-408
-253
52
118
86
208
109
-83
-171
181
249
-68
-150
189
110
25
308
428
268
194
341
134
-89
-72
-245
-541
-699
-605
-718
-799
-678
-399
-223
-269
99
276
468
605
507
526
415
22
-224
-102
-238
-422
-355
-378
-272
-242
-179
-49
-142
-375
-471
-523
-647
-350
-256
-600
-364
222
343
194
269
323
-21
-31
234
392
306
2
-83
44
-9
9
128
-73
-31
-155
-386
-59
274
-70
-377
-84
130
80
-110
-173
-21
63
-259
-95
249
161
311
620
521
372
662
493
272
263
112
-33
-88
16
171
62
-166
-104
-188
-176
-109
103
353
128
-6
90
242
293
5
-155
15
-128
-176
84
163
282
225
161
351
409
456
420
43
22
129
-195
-345
-252
-136
-120
-164
32
411
420
502
522
366
170
-13
-69
-238
-313
-206
-265
-125
194
203
62
121
37
-99
-129
-182
-115
-155
-32
-51
22
57
98
124
177
33
-150
-97
-131
-20
-41
-173
-25
-34
-142
-38
-113
-1
29
-212
-90
93
-115
-8
88
61
181
68
10
273
132
-154
-39
-280
-459
-307
-337
-476
-470
-538
-453
-226
-253
-129
71
-6
-77
64
230
88
-2
137
320
301
342
801
725
262
336
201
7
23
-244
-530
-635
-599
-520
-506
-487
-367
-295
-362
-181
63
-53
23
92
51
237
497
491
500
587
609
601
505
469
573
458
384
20
-278
-50
-143
-333
-343
-241
-403
-492
-336
-230
-281
-238
-189
-378
-289
-1
118
75
42
380
294
114
211
198
-13
-301
-371
-315
-357
-144
15
-233
-277
-40
-27
-231
-201
-99
-225
-392
-247
-263
-353
-181
-197
-364
-259
76
-11
-212
76
88
-284
-99
-22
-218
-393
-312
-155
-220
-118
192
109
-271
6
151
-212
-266
-311
-531
-693
-528
-356
-387
-445
-325
-60
-7
297
488
167
63
266
267
57
8
-84
-282
-263
-378
-404
-231
-322
-535
-553
-240
-38
-12
148
428
375
395
667
611
217
-15
62
-302
-542
-213
-96
-159
-31
315
366
221
428
537
100
-85
-76
-335
-617
-511
-373
-534
-258
4
54
97
200
343
149
38
42
28
53
196
502
633
661
785
846
759
549
253
-180
-625
-853
-1033
-1129
-1000
-983
-729
-220
-71
185
407
306
150
51
100
15
-108
-146
-249
-274
16
342
411
142
30
233
-279
-546
-440
-759
-1011
-974
-877
-739
-641
-537
-11
-127
-379
-15
-13
-233
-25
136
-109
64
534
566
639
838
908
742
223
66
57
-522
-639
-234
-506
-761
-369
-341
-482
-68
28
-225
-208
-371
-276
-314
-724
-500
-317
-348
28
411
523
867
1235
1021
941
1230
1057
583
77
-265
-185
-527
-673
-412
-387
-245
121
456
564
867
1055
633
462
802
802
584
390
338
464
601
787
1104
1082
1043
1178
854
860
1089
652
318
390
324
360
344
233
8
-158
-8
-289
-374
-159
-317
-310
-359
-133
283
-82
-245
-55
-304
-289
-235
-593
-615
-515
-548
-432
-459
-228
86
-450
-819
-555
-722
-955
-1032
-1190
-1104
-918
-707
-674
-527
-353
-524
-540
-682
-837
-688
-884
-926
-700
-811
-727
-491
-551
-398
-282
-741
-1021
-840
-941
-1269
-1391
-1455
-1163
-856
-753
-209
244
497
862
927
1000
1068
1021
930
973
1201
1295
1426
1628
1731
2093
2259
2246
2203
1689
1522
1357
953
723
667
656
707
1091
1518
1820
1923
1830
1759
1611
1215
881
512
143
20
104
291
472
556
620
768
885
748
605
415
49
-184
-386
-483
-531
-815
-887
-811
-855
-741
-620
-792
-852
-831
-1013
-1081
-1082
-1055
-966
-996
-1117
-1195
-1148
-952
-1031
-1187
-1180
-1166
-948
-994
-1023
-790
-963
-940
-640
-567
-644
-838
-980
-927
-1110
-1360
-1319
-1357
-1694
-1997
-2052
-1948
-1704
-1714
-1766
-1658
-1399
-981
-792
-753
-801
-714
-531
-563
-115
510
622
919
1478
2213
2983
3451
3785
3939
3952
4025
4131
3885
3334
3061
2798
2266
2054
2020
1842
1359
919
913
888
705
482
411
308
167
317
442
472
508
542
605
682
742
704
824
656
198
255
390
167
-34
-62
-120
-341
-566
-515
-497
-797
-1082
-1294
-1533
-1689
-1699
-1801
-1974
-2104
-2000
-1758
-1765
-1719
-1538
-1436
-1456
-1205
-798
-660
-798
-837
-629
-634
-782
-1009
-1293
-1411
-1562
-1874
-2250
-2400
-2303
-2342
-2342
-2182
-1939
-1618
-1740
-1890
-1660
-1356
-1152
-1643
-1950
-1499
-1134
-976
-797
-173
458
1128
1932
2380
2879
3289
3759
3972
3550
3723
3921
3538
3104
2908
3139
2929
2541
2492
2300
2139
1781
1443
1386
983
836
762
438
615
740
766
851
769
928
1133
1150
904
764
844
709
495
441
714
689
319
331
410
332
154
-202
-543
-932
-1253
-1331
-1730
-2077
-2131
-2272
-2436
-2355
-2054
-2007
-2101
-2048
-1688
-1311
-1333
-1407
-1472
-1412
-1274
-1488
-1566
-1596
-1706
-2005
-2056
-1909
-2127
-2110
-2247
-2488
-2472
-2515
-2230
-2176
-2819
-3031
-2830
-3020
-3294
-3114
-2486
-2024
-1787
-1291
-152
1050
1410
2107
2763
3060
3761
4042
4381
4419
4316
4576
4349
4223
4214
4200
3835
3096
3126
3075
2657
2280
1785
1494
1312
1091
984
945
923
900
840
702
879
1037
732
737
732
645
964
922
840
935
956
1027
759
640
657
332
-195
-660
-835
-1121
-1641
-2002
-2132
-2307
-2308
-2184
-2278
-2155
-2172
-2237
-2167
-2334
-2168
-2085
-2424
-2630
-2517
-2427
-2320
-2179
-2383
-2351
-2396
-2628
-2398
-2437
-2693
-2976
-3262
-3533
-3732
-3826
-4220
-4424
-4777
-5007
-4252
-3239
-2092
-1134
-250
1233
2555
3548
4100
4411
4690
4225
3805
3600
3577
4055
3924
3740
4172
4529
5090
5065
4383
4068
3376
2389
1875
1195
571
333
-4
15
565
1087
1495
1448
1364
1726
1844
1647
1533
1457
1393
1312
1469
1780
1883
1986
1758
1316
1198
869
369
-399
-1563
-2112
-2304
-2717
-2849
-3009
-3166
-2876
-2872
-2899
-2624
-2597
-2744
-2900
-3151
-2885
-2540
-2847
-2875
-3058
-3196
-2734
-2896
-2894
-2858
-3076
-2855
-3127
-3090
-2910
-3407
-3859
-4424
-4595
-4385
-4504
-3957
-2884
-1778
-490
636
2129
3474
4127
4729
4941
4863
4455
3946
3492
3068
2893
2872
3550
4095
4636
5286
5148
5302
4933
4104
3338
1976
1052
156
-520
-552
-621
-102
485
907
1575
2100
2514
2584
2291
2157
2002
1669
1525
1492
1341
1539
1649
1559
1571
1122
769
173
-834
-1350
-2102
-2792
-3164
-3479
-3267
-3079
-2838
-2641
-2587
-2324
-2280
-2457
-2981
-3419
-3586
-3891
-4007
-4171
-3976
-3864
-3942
-3566
-3383
-2873
-2916
-3498
-3448
-3964
-3986
-4272
-4824
-4135
-3538
-2271
-842
368
1986
3272
4450
5142
5627
5665
5209
4692
3711
3324
2990
2458
2358
2056
2518
3201
3638
4361
4158
4028
3677
2947
2728
1772
1098
633
-38
231
615
1076
1513
1852
2193
2568
2800
2646
2572
2128
1756
1640
1333
1437
1413
1198
1044
821
669
310
-340
-1103
-1985
-2669
-3198
-3819
-3988
-4053
-4072
-3660
-3506
-3151
-2731
-2793
-2873
-2998
-3340
-3590
-4075
-4551
-4702
-4693
-4168
-4106
-4084
-3715
-3627
-3084
-3323
-3684
-3612
-4297
-3379
-1974
-1093
455
1143
2902
4746
5244
6589
6725
6295
5742
4605
4363
3510
2552
1823
1128
1232
1498
2176
2396
2592
2713
2727
3168
2639
2376
1948
1201
1148
815
1313
1660
1431
1995
2277
2764
3246
3184
3293
2932
2484
2470
2213
1846
1582
1112
671
486
144
-103
-690
-1669
-2285
-3094
-3735
-4146
-4870
-5173
-5324
-5171
-4683
-4506
-4067
-3707
-3816
-3692
-4046
-4244
-4256
-5026
-5329
-5534
-5522
-4871
-4694
-4241
-3867
-3600
-3177
-2845
-1133
680
1645
1983
2097
4053
5572
5538
5795
5463
5316
4974
4087
4163
3872
2675
1689
1012
997
1315
1096
147
-395
-518
-294
172
54
279
599
853
1848
2685
3738
4183
3811
4081
4297
4622
4616
3773
3382
3002
2763
3066
2954
2717
2499
1970
1567
1458
997
328
-746
-2093
-2770
-3256
-3756
-4167
-4859
-5126
-5001
-4709
-4400
-4260
-4193
-4250
-4286
-4133
-3891
-3893
-4414
-4836
-5281
-5477
-5241
-5554
-5695
-5871
-5639
-4437
-4032
-3711
-2862
-953
1543
2812
3342
3966
5675
6830
6673
6533
5855
5633
4991
3811
3840
3327
2782
2137
1174
1256
1127
891
253
-754
-1148
-1440
-1339
-1255
-973
-241
329
1337
2410
3562
4586
4758
4920
5087
5191
5182
4705
4289
3847
3661
3629
3550
3386
2973
2474
1852
1178
411
-527
-1654
-2912
-4017
-4772
-5180
-5439
-5788
-6145
-6101
-5888
-5411
-4893
-4967
-4865
-4809
-4663
-4163
-4433
-4784
-5140
-5899
-6245
-6367
-6273
-5868
-5647
-5362
-4285
-2327
400
2833
4014
4830
5995
7466
8344
7856
6856
5928
4990
4149
3314
3022
2807
2008
1402
1238
1540
1671
909
-318
-1499
-2174
-2713
-3085
-3401
-3626
-2964
-1912
-294
1961
3883
5622
6692
7407
8453
8892
8606
7563
6238
5411
4667
4102
3557
3024
2617
2174
1929
1572
1118
202
-1257
-2765
-4175
-4935
-5726
-6600
-7090
-7388
-6921
-6122
-5398
-4632
-4174
-3842
-3482
-3057
-2949
-3248
-3788
-4743
-5448
-6060
-6770
-7067
-7622
-7802
-7163
-6149
-4081
-1616
592
2477
3870
5484
7318
8418
8096
7129
6425
5863
5314
4365
3644
3444
2972
2558
2495
2650
2677
1647
226
-914
-1935
-2834
-4064
-5128
-5489
-5265
-4409
-3002
-1099
1118
3269
4929
6479
8041
8973
9291
8698
7868
7335
6533
5818
5113
4399
4039
3753
3452
3196
2695
1800
525
-1003
-2486
-3801
-5188
-6511
-7549
-8204
-8081
-7687
-7105
-6425
-6018
-5256
-4527
-3944
-3531
-3824
-4115
-4512
-5190
-5849
-6628
-7384
-7835
-8267
-8056
-6464
-4428
-2387
-452
1574
4393
6758
7935
8573
8800
8495
7618
6325
5271
4461
3355
2305
1743
1663
1946
1986
1499
1010
341
-573
-1598
-2971
-4375
-5696
-6658
-6670
-6008
-4961
-3256
-917
1920
4929
7353
9333
10790
11304
11365
10750
9553
8269
6641
5130
4112
3420
3043
2791
2497
2251
1924
1095
70
-1312
-3066
-4717
-6388
-7630
-8299
-8693
-8606
-8115
-7322
-6146
-5065
-4336
-3730
-3346
-3214
-3487
-4248
-5105
-5786
-7016
-8065
-8625
-9058
-8275
-7482
-6141
-3576
-1214
1945
4606
6111
7843
8985
9755
9545
8091
6830
5729
4756
3531
2434
2073
1857
1912
1487
1315
1555
777
-343
-2114
-3638
-4595
-6179
-7333
-8187
-8258
-7217
-5789
-3406
-818
1980
5182
7774
10115
11922
12933
13225
12353
11280
10196
8838
7308
5663
4449
3620
3154
2700
1938
1198
189
-959
-2392
-4093
-5442
-6842
-8197
-9133
-9430
-8984
-8321
-7614
-6812
-5765
-4535
-3361
-2808
-2517
-2404
-2525
-2984
-4303
-5471
-6355
-7369
-8545
-9486
-8826
-6704
-4174
-2050
30
2856
5725
8207
9393
9442
9379
8342
6882
5593
3977
3125
1953
821
695
978
1881
2270
1963
1248
468
-138
-1456
-3173
-5295
-7065
-7884
-8363
-7784
-6537
-4771
-2132
721
4044
7346
9923
11689
12295
12540
12391
11673
10307
8253
6641
5481
4652
4091
3603
3371
2920
2267
1423
361
-873
-2784
-4911
-6898
-8210
-8810
-9281
-9416
-9218
-8314
-7071
-5852
-4761
-4058
-3494
-3377
-3430
-3673
-4471
-5369
-6672
-7997
-8643
-8599
-7718
-6719
-5353
-2764
417
3405
5621
7621
9388
10282
10064
8889
8037
6808
4883
3083
1560
1213
1101
663
597
870
1298
1187
442
-532
-1765
-3327
-5158
-6725
-7828
-8508
-8444
-7701
-6114
-3690
-884
2246
5136
7817
10383
12358
13446
13360
12856
11999
10721
9316
7554
6052
4879
3836
3129
2453
1818
1092
-74
-1502
-2831
-4071
-5477
-7067
-8384
-9003
-9008
-8827
-8462
-7829
-6967
-5739
-4792
-4126
-3517
-3374
-3362
-3972
-5161
-6223
-7508
-8903
-9400
-9423
-8423
-6345
-4179
-1030
2603
5495
7947
9682
11073
11838
11206
9172
7311
5969
4088
2336
795
84
389
221
246
994
1269
1025
-164
-1618
-2714
-4222
-6243
-8184
-9263
-9473
-8923
-7476
-5412
-2478
939
4334
7673
10555
12647
13917
14218
13672
12859
11534
9744
7966
6338
5223
4514
3912
3447
2850
2099
1211
5
-1677
-3504
-5330
-7088
-8513
-9548
-9896
-9635
-9097
-8336
-7320
-6120
-4905
-4111
-3711
-3555
-3629
-4023
-4784
-6112
-7518
-8935
-9877
-9670
-8824
-7305
-4847
-1928
1376
4500
7312
9925
11684
12040
11146
10009
8659
6940
4757
2341
977
295
-243
-162
77
619
820
377
-187
-873
-2173
-4197
-6325
-8128
-9292
-9683
-9581
-8562
-6661
-4078
-594
3288
7021
10133
12380
13883
14753
14855
14042
12560
10610
8618
7032
5697
4843
4148
3463
2900
2447
1943
933
-637
-2669
-4680
-6383
-8000
-9172
-9933
-10140
-9826
-9157
-7880
-6424
-5296
-4537
-4239
-3863
-3355
-3849
-4753
-6068
-7599
-8500
-9453
-9761
-8853
-7444
-4907
-1777
1088
4264
7486
10025
11825
12195
11426
10683
9363
7196
5088
2932
1398
712
-216
-376
121
459
562
154
-432
-1035
-2337
-4433
-6465
-8112
-9329
-9844
-9877
-8995
-7079
-4494
-1094
2714
6309
9435
11875
13500
14712
14979
14143
12798
10813
8972
7582
6027
4990
4121
3254
2970
2586
1921
1035
-592
-2452
-4155
-5936
-7559
-8767
-9681
-10066
-9766
-9166
-7921
-6749
-5885
-5032
-4413
-3732
-3645
-4252
-5062
-6283
-7256
-8547
-9656
-9722
-9090
-7206
-4759
-2072
1291
4503
7588
10110
11761
12591
12117
10950
9219
7375
5492
3172
1460
267
-356
-286
-189
254
428
287
-254
-1247
-2359
-4170
-6125
-8004
-9533
-10031
-10023
-9160
-7378
-4954
-1568
2278
6317
9690
12254
14159
15088
15564
14822
13238
11503
9097
7315
5831
4551
3767
2994
2471
1972
1611
784
-638
-2351
-4499
-6236
-7855
-9267
-10047
-10639
-10488
-9802
-8712
-7352
-6364
-5545
-4835
-4656
-4485
-4692
-5759
-6650
-7908
-9278
-9304
-9176
-7508
-4726
-2697
408
3661
6985
10509
12211
13029
12913
12153
10868
8839
6844
4159
2135
372
-951
-717
-874
-706
-679
-985
-587
-1111
-1982
-3584
-5672
-7199
-8784
-9458
-9646
-9377
-8033
-6138
-2916
1050
5139
8835
11318
13517
15142
16007
15786
14150
12079
9804
7773
6069
4611
3375
2309
1777
1420
1369
1021
-204
-1786
-3727
-5377
-6795
-8287
-9602
-10599
-10826
-10337
-9232
-7906
-6978
-6082
-5440
-4774
-4362
-4607
-5493
-7021
-8281
-9195
-9786
-9630
-8469
-6109
-3342
-396
2810
6559
10277
12189
13187
13375
12907
12135
9761
7242
5121
2846
1181
-296
-781
-570
-482
-574
-629
-167
-544
-1581
-3111
-5093
-6479
-8082
-9331
-9658
-9593
-8440
-6520
-3612
222
4190
7924
10824
13276
15254
16222
16058
14676
12907
10768
8658
6779
5027
3756
2556
1927
1673
1325
824
-303
-1758
-3416
-5119
-6834
-8517
-9830
-10899
-11229
-10856
-10085
-8909
-8074
-7158
-6315
-5572
-5263
-5555
-5956
-7395
-8624
-9242
-9988
-8669
-6987
-4995
-1776
669
4446
8486
11078
12974
13530
13392
12707
11275
9134
6496
4220
1562
-106
-890
-1543
-1167
-1538
-1786
-1069
-962
-1119
-2221
-3891
-5226
-6667
-7724
-8586
-8674
-8220
-7030
-4558
-1044
3150
6595
9535
12293
14599
16292
16223
15199
13601
11282
9126
7093
5298
3695
2410
1553
1292
1547
1374
554
-789
-2342
-3512
-5200
-7112
-8728
-10103
-10838
-10958
-10330
-9477
-8524
-7710
-7012
-6055
-5339
-5589
-6167
-7291
-8801
-9571
-10360
-10108
-7817
-6107
-3804
-438
2921
7425
10622
12310
13607
13823
13356
11956
9848
7292
4600
2200
-261
-944
-1278
-1754
-1609
-1852
-1123
-606
-1095
-1813
-3412
-4938
-6486
-7863
-8527
-9095
-8787
-7734
-5380
-1781
2132
6242
9280
12004
14574
16005
16757
15681
13636
11587
9261
7095
5278
3721
2219
1633
1535
1590
1938
1254
-46
-1417
-3103
-4676
-6544
-8666
-10316
-11255
-11456
-11080
-10087
-9106
-8076
-7226
-6450
-5585
-5284
-5718
-7222
-8603
-9277
-9692
-8747
-7360
-5288
-2589
-176
3919
8080
11059
12770
13176
13479
13008
11512
9130
6153
3533
659
-1191
-2127
-2606
-2475
-3035
-2746
-1698
-1038
-935
-2137
-3415
-4564
-5939
-6918
-7835
-7969
-7682
-6455
-3795
-114
3987
7314
10204
12756
14989
16402
15896
14478
12443
9950
7747
5502
3778
2287
1131
641
916
1606
1617
1011
-57
-1343
-2495
-4212
-6154
-8116
-9753
-10528
-10847
-10389
-9619
-8831
-7893
-7088
-6251
-5477
-5515
-6276
-7584
-8636
-9199
-9201
-8147
-6245
-4065
-1734
1131
5232
9303
11612
12688
12989
13247
12768
10675
8116
5428
2709
186
-1797
-2430
-2717
-3052
-3529
-3234
-1844
-1325
-1716
-2743
-3946
-4737
-5889
-6995
-7453
-7513
-6825
-5369
-2344
1620
5456
8714
11081
13691
15869
16455
15579
13429
11140
8784
6260
4020
2220
942
-10
-106
569
1317
1328
582
-344
-1265
-2469
-4221
-6350
-8161
-9554
-10339
-10457
-10202
-9567
-8941
-8077
-7217
-6162
-5571
-6190
-6694
-7618
-8357
-7937
-7428
-5566
-3428
-1973
639
4499
8522
10998
11877
12495
13143
12992
11043
8582
6397
3497
809
-1483
-2541
-2647
-3623
-4423
-4353
-3017
-1976
-2549
-3369
-3989
-4254
-5080
-6113
-6305
-6249
-5625
-4480
-1902
1913
5324
8217
10628
13073
15430
16199
15314
13468
11402
9014
6361
4083
1865
362
-764
-1315
-641
-7
79
-468
-1087
-1555
-2495
-3767
-5689
-7279
-8451
-9339
-9467
-9431
-9076
-8796
-8422
-7405
-6816
-6493
-6588
-7510
-7739
-7915
-7640
-5894
-4062
-2475
-520
2081
5786
9067
10835
11469
11916
12174
11580
10050
7767
5424
3046
466
-1157
-1877
-2471
-3290
-4302
-4107
-3065
-2716
-3269
-4272
-4936
-5168
-5537
-5968
-6045
-5409
-4606
-2905
207
3608
6846
9212
11207
13651
15315
15549
14513
12588
10421
8245
6040
3756
1745
164
-781
-1078
-722
-288
-606
-1355
-1969
-2561
-3316
-4629
-6289
-7636
-8547
-8971
-8926
-8641
-8457
-8259
-7711
-7240
-6703
-6567
-7310
-7946
-8331
-8387
-7393
-5415
-3328
-1276
643
3548
7726
10629
11640
11891
12053
12125
10900
8620
6395
4094
1389
-906
-2043
-2381
-2751
-3713
-4328
-3571
-2567
-2546
-3412
-4587
-5072
-5429
-6102
-6342
-6028
-5396
-4104
-1462
1875
5380
8588
10815
12990
14876
15783
15580
13815
11232
8930
6861
4412
2113
477
-604
-1042
-908
-399
0
-447
-1348
-2141
-2844
-3853
-5563
-7285
-8416
-9009
-9077
-8890
-8519
-8147
-7646
-7336
-6922
-6386
-7087
-7854
-8518
-8881
-7995
-6411
-4241
-1974
-4
3009
6973
10364
12085
12658
12972
12843
11838
9739
7343
4884
1687
-916
-2451
-3144
-3393
-4483
-5048
-4496
-3428
-2903
-3470
-4305
-5100
-5591
-6138
-6532
-6303
-5969
-4746
-2294
906
4611
8005
10846
13294
15214
16403
16517
15164
12602
9893
7442
4758
2305
171
-1126
-1649
-1855
-1368
-754
-672
-1253
-2066
-2795
-3794
-5218
-6993
-8402
-9127
-9519
-9330
-9002
-8327
-7735
-7179
-6477
-6101
-6256
-6997
-7729
-8012
-7684
-6309
-4193
-2062
-151
2297
6343
10044
12034
12659
12958
13341
12472
10351
8069
5553
2735
-409
-2395
-3244
-3864
-4779
-5859
-5510
-4451
-3842
-4071
-4873
-5304
-5624
-6032
-6147
-6016
-5546
-4462
-2119
943
4192
7505
10402
12906
14831
16042
16607
15582
13167
10560
8269
5886
2993
511
-1007
-1671
-2209
-2281
-1676
-1574
-2083
-2783
-3314
-3812
-5140
-6813
-8162
-8894
-9152
-9313
-9278
-8885
-8235
-7602
-7209
-6711
-6645
-7191
-7295
-7370
-6711
-4976
-3232
-911
1103
3188
6857
10109
11876
12462
12532
12823
12113
10176
7751
5487
3101
211
-1696
-2734
-3427
-4350
-5769
-5623
-4872
-4685
-5001
-5997
-6286
-6349
-6629
-6565
-6074
-4675
-3063
-1026
1847
5084
8482
11079
12902
14363
15357
15556
14263
12056
9699
7415
5076
2577
696
-549
-1325
-1859
-2107
-1897
-1938
-2485
-3548
-4665
-5356
-6340
-7818
-9165
-9794
-9744
-9772
-9547
-9029
-8507
-7998
-7620
-7423
-7448
-7306
-7622
-7155
-5188
-3208
-691
1453
3359
6755
10016
12123
12986
12928
12915
12313
10674
8411
6219
3892
1032
-1053
-2168
-2700
-3476
-4874
-5174
-4969
-4690
-4753
-5807
-6409
-6759
-7065
-6961
-6241
-4702
-3312
-1364
1361
4725
8420
10968
12719
14044
14749
15113
14182
12044
9551
6944
4723
2735
1032
-280
-965
-1376
-1725
-1436
-1296
-1759
-3115
-4814
-5697
-6622
-8073
-9746
-10850
-11036
-10918
-10530
-9942
-9125
-8388
-8250
-7958
-7559
-7043
-6867
-6650
-4950
-2511
-217
2013
4376
7575
10598
12401
13402
13810
13737
12616
10678
8458
6144
3598
703
-1483
-2771
-3742
-4342
-5129
-5325
-5049
-4968
-5048
-5585
-6052
-6393
-6680
-6688
-5805
-4233
-2812
-839
1913
5118
8719
11391
13044
14428
15092
15009
13983
11856
9147
6380
3925
1695
-6
-1276
-1910
-2138
-2326
-1767
-1362
-1534
-2442
-3834
-4775
-5856
-7493
-9241
-10441
-11218
-11564
-11606
-11255
-10311
-9437
-9390
-9029
-7960
-7126
-6312
-5333
-3364
-715
1177
3004
5653
8696
10986
11946
12550
13303
13395
12123
10311
8518
6453
3869
1321
-791
-2164
-3758
-5268
-5939
-6257
-6110
-6191
-6435
-6443
-6359
-6089
-5725
-4980
-3803
-2553
-862
1203
3734
6545
9207
11199
12513
13495
14075
13894
12720
10453
8084
6013
3857
1606
-406
-1519
-2287
-2928
-3229
-2971
-2637
-3128
-4009
-4461
-4641
-5403
-6944
-8216
-8962
-9444
-10139
-10886
-11059
-10793
-10786
-11056
-10558
-9592
-8688
-7011
-4654
-1696
1150
3169
5758
8858
11228
12311
12639
12978
12823
11842
10329
8921
7296
4916
2871
1442
286
-1182
-3002
-4168
-5011
-5801
-6495
-7243
-7734
-8227
-8340
-7746
-6653
-4874
-3374
-1520
1128
3917
6973
9550
11485
12987
13792
14079
13949
12936
10855
8472
6283
4394
2629
586
-920
-1668
-2412
-3015
-3247
-3365
-3963
-5104
-5813
-6041
-6448
-7345
-8289
-8581
-8650
-8747
-9150
-9374
-9382
-9948
-10644
-11085
-10565
-10159
-9507
-7388
-4375
-945
1745
4134
7884
11282
12836
13270
13418
13656
12644
10545
8688
7258
5417
2775
1223
657
-162
-1397
-2902
-3343
-3873
-4806
-5895
-7177
-7929
-8688
-9026
-8538
-7102
-5298
-3615
-757
2757
6141
9464
11863
13830
15229
15323
15075
14136
12130
9285
6609
4755
2862
838
-1019
-1503
-1668
-2513
-2952
-3103
-3370
-4678
-6288
-6899
-7303
-8324
-9745
-10176
-9954
-9677
-9768
-9909
-9172
-8860
-9232
-9638
-9610
-8986
-8475
-7152
-4537
-1958
605
2938
6203
9811
11700
12666
13000
13332
12796
11007
9433
7569
5444
2840
1063
534
-589
-1832
-3053
-3455
-3579
-4526
-5103
-5881
-6903
-7778
-8326
-7604
-6393
-5393
-4028
-1671
1633
4967
8163
10753
12853
14447
14981
15375
14899
13040
10442
7766
5774
3869
1824
-197
-1429
-1906
-2502
-2822
-3000
-3478
-4586
-5926
-6532
-7032
-8076
-9408
-10364
-10487
-10431
-10490
-10277
-9934
-9775
-9908
-9903
-9336
-8771
-8140
-6634
-4108
-1314
1095
3302
6367
9551
11452
12277
12716
13049
12369
10775
9048
7508
5669
3149
1278
413
-356
-1513
-2831
-3236
-3464
-4111
-4918
-5841
-6555
-7300
-7859
-7307
-6113
-4919
-3461
-1373
1681
5084
8039
10278
12339
13672
14183
14309
13651
12191
9792
7269
5484
4022
2239
395
-568
-1010
-1482
-2047
-2455
-2883
-4050
-5577
-6555
-7056
-8032
-9476
-10567
-10735
-10628
-10681
-10714
-10541
-10396
-10412
-10360
-9872
-9031
-8156
-6374
-3619
-796
1759
4150
7276
10270
11966
12706
13080
13332
12466
10743
9022
7535
5588
2997
1128
341
-463
-1799
-3137
-3508
-3541
-4296
-5274
-5859
-6253
-7087
-7790
-7174
-5726
-4402
-3255
-1424
1774
5248
8025
10150
12254
13546
13890
13906
13393
11934
9400
6732
4927
3614
1862
36
-884
-1268
-1775
-2237
-2427
-2795
-4001
-5492
-6358
-6629
-7517
-9035
-10053
-10195
-10313
-10593
-10633
-10431
-10326
-10876
-10987
-10152
-9421
-8576
-6834
-4078
-922
1347
3631
7114
10174
11622
12052
12565
13114
12248
10273
8631
7604
5708
3102
1542
940
282
-1374
-2770
-2820
-3011
-4030
-5176
-5779
-6137
-6985
-7523
-6768
-5233
-4146
-3011
-669
2347
5346
7834
9881
11916
12974
13053
13110
12682
11049
8544
6417
4958
3619
1789
187
-317
-726
-1453
-1944
-2148
-2560
-4001
-5502
-6076
-6459
-7529
-9031
-9775
-9745
-9858
-10391
-10321
-10134
-10498
-11115
-11529
-10810
-9913
-9164
-7216
-4300
-1229
1383
3937
7398
10359
11676
11992
12415
12703
11572
9617
7879
6574
4904
2539
1258
810
128
-1141
-2257
-2246
-2441
-3444
-4676
-5457
-5954
-6796
-7366
-6665
-4924
-3569
-2361
60
3249
6469
8822
10388
12217
13144
12826
12331
11504
9863
7290
4884
3581
2714
1222
-270
-544
-512
-892
-1463
-1812
-2164
-3610
-5363
-6134
-6497
-7523
-9056
-9850
-9712
-9469
-9854
-9958
-9647
-9789
-10531
-10861
-10130
-9404
-8643
-6826
-4002
-847
1546
3984
7585
10391
11624
11843
12281
12630
11206
8929
7182
5977
4014
1401
173
-66
-591
-2036
-2932
-2380
-2410
-3418
-4493
-4901
-5062
-6063
-6670
-5746
-4178
-2393
-1255
908
4321
7159
9413
11259
12614
13123
12669
11839
10874
9040
6249
3739
2308
1281
11
-1158
-1457
-1249
-1625
-1986
-1833
-2216
-3447
-5126
-5817
-5975
-6934
-8476
-9263
-9087
-9163
-9721
-9886
-9638
-9760
-10342
-10823
-10065
-8772
-7497
-5403
-2707
46
2467
5266
8665
10749
11406
11574
12016
11995
10408
8333
6818
5349
3238
1097
406
90
-1225
-2739
-3254
-2669
-3013
-4415
-5346
-5467
-5704
-6668
-6542
-4963
-3545
-2032
-213
2743
6275
8688
10524
12465
13844
13743
12865
12006
10426
7875
4980
2886
1644
85
-1457
-2154
-2023
-2011
-2547
-2706
-2636
-3373
-4689
-5823
-6188
-6707
-7912
-9117
-9058
-8643
-9120
-9396
-9133
-9006
-9412
-10178
-9986
-8922
-7799
-6455
-4159
-940
1631
3754
6686
9832
11579
11643
11549
11967
11465
9536
7323
5982
4598
2331
507
-19
-310
-1590
-2986
-3160
-2840
-3324
-4715
-5556
-5567
-6167
-6927
-6427
-4476
-2938
-1723
595
3901
7461
9900
11474
13453
14580
14134
13123
12122
10342
7266
4163
2237
1088
-573
-2378
-2873
-2610
-2694
-3201
-3330
-3119
-4081
-5638
-6489
-6679
-7228
-8657
-9646
-9407
-8984
-9371
-9599
-9135
-9008
-9382
-9732
-9108
-8104
-7280
-5558
-2874
-6
2113
4210
7458
10330
11327
11209
11575
12149
11001
8773
7137
6104
4345
1682
267
244
-319
-1970
-3191
-2762
-2480
-3459
-4714
-5028
-4966
-5806
-6516
-5493
-3607
-2532
-1529
990
4525
7601
9552
11316
13402
14238
13697
12989
12182
10138
6914
4214
2745
1394
-770
-2474
-2709
-2641
-3144
-3710
-3588
-3649
-4949
-6372
-6703
-6689
-7727
-9342
-9955
-9426
-9411
-10161
-10299
-9733
-9644
-10369
-10591
-9349
-7920
-6841
-5012
-2040
1240
3434
5483
8416
10919
11761
11329
11491
11624
10291
8205
6489
5511
3816
1602
442
173
-458
-2005
-2896
-2745
-2972
-3999
-5028
-5232
-5416
-6021
-5740
-4467
-2923
-1526
37
2903
6018
8175
9912
11671
12957
13081
12533
11733
10628
8503
5837
4025
2820
1359
-355
-1425
-1673
-1909
-2638
-3290
-3596
-4255
-5502
-6708
-7158
-7457
-8475
-9483
-9573
-9237
-9389
-9839
-9964
-9828
-10101
-10809
-10874
-10111
-9159
-7637
-5187
-2009
928
3177
6153
9546
11700
12281
12149
12415
12100
10324
8215
6712
5282
2987
1011
314
91
-800
-2321
-2778
-2391
-2648
-3733
-4691
-4895
-5397
-5947
-5505
-4259
-2931
-1835
-20
3206
6418
8577
10326
12090
13376
13521
12892
11952
10456
7952
5327
3784
2613
1030
-643
-1413
-1305
-1415
-2011
-2546
-2963
-3950
-5367
-6452
-6980
-7746
-9214
-10204
-10034
-9705
-9847
-10120
-10176
-9963
-10255
-10849
-10481
-9796
-8975
-7298
-4817
-1688
1053
3404
6512
9635
11470
12013
12282
12558
11825
9971
8099
6840
5076
2588
861
173
-298
-1478
-2833
-2962
-2780
-3416
-4419
-4894
-4997
-5488
-5732
-5166
-3720
-2291
-1036
1303
4256
6983
9124
10951
12674
13426
13210
12575
11615
9838
7276
4959
3317
1924
291
-1034
-1412
-1528
-1922
-2371
-2657
-3010
-4090
-5429
-6278
-6817
-7701
-8995
-9680
-9605
-9490
-9641
-9839
-9617
-9621
-10167
-10484
-10171
-9530
-8510
-6962
-4502
-1594
773
3253
6383
9163
10773
11262
11650
11939
11257
9578
7893
6532
4672
2624
1101
403
-288
-1615
-2560
-2655
-2722
-3331
-4222
-4769
-5019
-5432
-5443
-4559
-3448
-2427
-868
1459
4358
7210
9180
10968
12659
13303
13302
12852
11539
9435
6952
4689
3102
1581
-212
-1479
-1979
-2066
-2208
-2580
-2850
-3359
-4347
-5310
-5938
-6568
-7540
-8822
-9467
-9301
-9256
-9443
-9506
-9546
-9580
-9839
-10083
-9623
-8868
-7985
-6295
-3768
-1045
1273
3509
6306
8904
10253
10619
10952
11147
10444
8878
7240
6166
4709
2593
1138
530
-59
-1215
-2379
-2659
-2639
-3306
-4355
-4822
-4983
-5163
-5201
-4615
-3252
-1646
54
2214
4838
7441
9461
11032
12415
12894
12591
11846
10594
8873
6681
4561
2841
1519
149
-1025
-1510
-1822
-2220
-2825
-3279
-3746
-4627
-5730
-6628
-7061
-7660
-8529
-8950
-8855
-8758
-8913
-9105
-9100
-9102
-9388
-9818
-9822
-9257
-8106
-6131
-3663
-1325
850
3448
6683
9246
10358
10661
11078
11226
10287
8725
7316
5976
4013
1881
925
676
-77
-1551
-2497
-2284
-2176
-2984
-4054
-4472
-4800
-5193
-5194
-4432
-3175
-2072
-472
2018
4781
7386
9309
11004
12474
12952
12769
12213
10951
8885
6584
4747
3281
1824
187
-877
-1146
-1522
-1990
-2532
-2974
-3756
-4996
-6065
-6723
-7312
-8427
-9438
-9525
-9262
-9052
-9241
-9256
-8902
-8933
-9330
-9525
-9292
-8753
-7858
-6169
-3575
-851
1316
3636
6665
9386
10872
11224
11317
11391
10628
8919
7253
5779
4000
1876
417
-158
-661
-1746
-2798
-2909
-2845
-3184
-4034
-4657
-5035
-5408
-5360
-4748
-3629
-2446
-989
1569
4456
6930
9192
11112
12622
13460
13342
12818
11811
9794
7215
5302
3783
2039
387
-931
-1368
-1566
-2148
-2655
-3029
-3631
-4769
-5888
-6514
-7132
-8130
-9226
-9452
-9182
-9027
-9155
-9339
-8847
-8679
-8997
-9162
-9084
-8523
-7883
-6664
-4326
-1757
626
2559
5087
8076
10104
10960
11015
11120
10875
9620
8122
6363
4782
2864
933
3
-614
-1272
-2408
-3014
-3036
-3138
-3449
-4280
-4912
-5339
-5446
-4947
-4307
-3366
-2147
-148
2559
4975
7448
9771
11514
12621
12981
12992
12368
10913
8580
6396
4929
3198
1501
30
-785
-1190
-1742
-2168
-2625
-3076
-3957
-5138
-5958
-6593
-7306
-8362
-9026
-9136
-9147
-8944
-9121
-8999
-8814
-9054
-9280
-9519
-9326
-8851
-8124
-6475
-4115
-1304
999
3271
6151
8944
10912
11476
11614
11841
11210
9772
7838
6170
4653
2530
727
-227
-497
-1295
-2380
-2808
-2794
-2852
-3780
-4793
-5342
-5752
-5918
-5836
-5014
-3636
-2062
131
2787
5676
8227
10204
11817
12769
12961
12476
11445
9824
7679
5676
3995
2619
1290
96
-498
-766
-1145
-1804
-2358
-2918
-3951
-5227
-6394
-7003
-7692
-8662
-9299
-9205
-8847
-8787
-8898
-8609
-8116
-8149
-8834
-9229
-9085
-8727
-8176
-6981
-4520
-1902
239
2559
5812
9061
11065
11604
11971
12427
12069
10257
8258
6566
4721
2380
477
-289
-609
-1532
-2525
-2645
-2239
-2299
-3218
-4180
-4867
-5409
-6052
-5802
-5026
-4380
-3213
-794
2281
5229
7552
9625
11562
12751
12845
12534
11741
9897
7299
5334
4103
2719
930
-363
-644
-681
-986
-1587
-1831
-2273
-3532
-4951
-5570
-6043
-7179
-8461
-9070
-8731
-8338
-8536
-8738
-8361
-8068
-8244
-8607
-8813
-8867
-8954
-8658
-7222
-4850
-2323
-267
1889
4993
8399
10784
11862
12222
12398
12170
11027
9145
7236
5369
3101
1111
103
-240
-786
-1762
-2506
-2378
-2111
-2545
-3706
-4788
-5412
-5681
-5748
-5391
-4634
-3658
-1788
752
3488
6469
8691
10211
11557
12321
12450
11966
10376
8103
6247
4706
3227
1815
489
-424
-750
-953
-1145
-1405
-1968
-2939
-4111
-4917
-5403
-6197
-7448
-8337
-8416
-8193
-7908
-8146
-8287
-7931
-7999
-8334
-8708
-9090
-9239
-9190
-8580
-6715
-4090
-1586
485
3075
6479
9719
11592
12046
12205
12435
11835
10182
8054
6402
4594
2305
623
87
3
-825
-2045
-2558
-2164
-2140
-3296
-4602
-5356
-5791
-6040
-6030
-5315
-4324
-3165
-1169
1581
4617
7147
8758
10205
11525
12114
11919
11006
9325
7343
5634
4134
2819
1414
24
-671
-823
-969
-1328
-1789
-2430
-3382
-4294
-4938
-5434
-6379
-7514
-8149
-7910
-7533
-7585
-7822
-7694
-7484
-7571
-7980
-8368
-8681
-8960
-9076
-8297
-6217
-3634
-1218
754
3273
6607
9799
11438
11788
11717
11881
11303
9618
7678
6130
4389
2236
623
222
180
-744
-2186
-2700
-2263
-2269
-3337
-4725
-5448
-5929
-6135
-5828
-5029
-4193
-3157
-1384
1503
4417
6596
8230
9711
10899
11491
11429
10737
9243
7124
5288
4193
3064
1517
158
-551
-655
-776
-1065
-1398
-1902
-2955
-4052
-4565
-4928
-5703
-7026
-7726
-7514
-7052
-7060
-7150
-7040
-6896
-6950
-7194
-7379
-7833
-8542
-8996
-8485
-7033
-4956
-2831
-606
1680
4498
7615
10359
11566
11624
11531
11662
10926
9146
7124
5425
3689
1767
440
57
-286
-1478
-2622
-2697
-2073
-2317
-3602
-4791
-5187
-5376
-5619
-5597
-4900
-4058
-2973
-1097
1644
4441
6520
7995
9436
10870
11487
11175
10189
8623
6789
5171
3873
2586
1150
-35
-548
-473
-459
-729
-1150
-1715
-2581
-3468
-4161
-4849
-5878
-7074
-7685
-7461
-7129
-7238
-7452
-7158
-6718
-6530
-6732
-6970
-7313
-7734
-8057
-7476
-5997
-4189
-2435
-578
1987
5143
8042
9990
10985
11471
11824
11653
10487
8656
6676
4562
2559
804
-338
-1148
-2002
-2880
-3036
-2511
-2107
-2491
-3358
-3907
-4071
-4231
-4545
-4659
-4348
-3743
-2491
-405
2080
4185
5872
7563
9342
10602
10761
10031
8842
7383
5759
4245
2799
1286
6
-542
-431
-151
-111
-269
-452
-772
-1322
-2031
-3032
-4164
-5520
-6470
-6746
-6765
-7005
-7311
-7209
-6767
-6270
-6104
-6399
-6773
-7317
-7769
-7779
-7364
-6565
-5278
-3348
-1066
1546
4397
7264
9531
10777
11442
12058
11987
10698
8373
6230
4589
2761
722
-885
-1709
-2167
-2590
-2695
-2336
-1911
-2244
-3004
-3403
-3582
-3953
-4623
-4996
-4696
-3941
-2778
-1090
1087
3127
5034
7053
8827
9958
10183
9661
8873
7695
6097
4588
3155
1676
523
101
206
250
67
-69
-25
-248
-1006
-2023
-3093
-4112
-5367
-6352
-6791
-6847
-6974
-7069
-6648
-5958
-5374
-5378
-5526
-5651
-6095
-6884
-7443
-7481
-7088
-6144
-4499
-2142
487
2958
5670
8475
10511
11366
11571
11545
10830
8861
6435
4498
2824
930
-986
-2073
-2316
-2413
-2725
-2673
-2058
-1685
-2083
-2681
-3046
-3297
-3877
-4405
-4449
-3949
-3209
-2120
-268
1783
3791
5595
7313
8714
9373
9403
8946
8030
6642
5064
3822
2654
1440
540
318
476
483
328
185
51
-389
-1447
-2548
-3479
-4448
-5521
-6386
-6406
-6228
-6107
-5987
-5576
-4876
-4599
-4753
-5104
-5525
-6123
-6907
-7403
-7469
-7044
-5969
-4152
-1781
630
3024
5526
7950
9647
10304
10419
10287
9389
7597
5447
3696
2232
505
-1108
-2066
-2265
-2291
-2473
-2342
-1842
-1554
-1757
-2257
-2534
-2841
-3440
-4198
-4425
-3596
-2760
-1992
-818
1102
3398
5195
6523
7620
8658
9056
8563
7864
6698
5467
4252
3068
2164
1234
838
714
416
373
320
221
-568
-1514
-2164
-2810
-3492
-4659
-5256
-5238
-5033
-4948
-5053
-4678
-4211
-4153
-4488
-4846
-4892
-5388
-6389
-7154
-7208
-6720
-6266
-5329
-3369
-916
1329
3260
5437
7654
8891
9114
9045
8854
7897
6059
4000
2486
1288
-2
-1285
-2021
-2096
-1955
-1841
-1622
-1262
-1067
-1332
-1671
-2050
-2468
-2975
-3602
-3817
-3599
-2666
-1596
-368
1169
2920
4864
6343
7261
7828
8143
8088
7305
6223
5155
4204
3202
2146
1454
1182
1012
699
440
527
417
-215
-1125
-1879
-2333
-3072
-3982
-4631
-4706
-4495
-4501
-4352
-3964
-3662
-3577
-3828
-4003
-4205
-4645
-5487
-6222
-6541
-6619
-6477
-5862
-4499
-2624
-670
1112
3016
5016
6557
7208
7313
7400
7004
5837
4187
2777
1802
851
-179
-1049
-1346
-1176
-1049
-905
-669
-401
-309
-661
-1120
-1537
-1953
-2602
-3279
-3622
-3232
-2293
-1493
-514
971
2896
4585
5578
6243
6919
7459
7153
6271
5594
4818
3910
3048
2422
2091
1776
1399
1074
1008
1065
550
-325
-1180
-1692
-2268
-3096
-3750
-4113
-3984
-3877
-3882
-3543
-3214
-3050
-3198
-3342
-3614
-3991
-4534
-5375
-6007
-6500
-6667
-6813
-6423
-5446
-3906
-2101
-586
1085
2945
4613
5595
5925
6207
6258
5638
4442
3159
2426
1892
983
119
-221
105
172
170
229
426
531
72
-578
-1143
-1610
-2320
-3174
-3642
-3531
-3163
-2646
-1795
-502
1171
2764
3930
5009
6041
6828
6947
6791
6349
5775
5276
4352
3520
2970
2482
2005
1465
1250
1110
780
242
-445
-843
-1348
-1997
-2715
-3138
-3130
-3215
-3216
-3183
-2890
-2516
-2564
-2887
-3261
-3473
-4087
-4917
-5900
-6673
-7240
-7846
-8189
-8005
-6959
-5490
-3877
-2174
-271
1907
3751
4980
5759
6340
6690
6351
5365
4476
3735
3167
2344
1591
1275
1258
1306
1082
1073
1025
824
199
-654
-1412
-2149
-2940
-3821
-4420
-4483
-4073
-3399
-2455
-987
707
2404
3857
5077
6125
6865
7118
6767
6428
5881
5190
4447
3684
3205
2934
2704
2357
2107
2107
1837
1215
545
-12
-634
-1464
-2196
-2707
-2853
-2932
-3054
-2996
-2746
-2603
-2723
-3047
-3560
-4188
-5012
-5911
-6868
-7566
-8270
-8833
-9070
-8812
-7994
-6747
-5046
-3105
-1139
819
2767
4416
5608
6327
6761
6916
6576
5868
5095
4501
3911
3314
2646
2095
1721
1386
1019
565
62
-517
-1124
-1761
-2406
-3017
-3377
-3688
-3852
-3859
-3355
-2546
-1772
-742
483
1911
3103
3943
4759
5690
6330
6369
6366
6363
6157
5853
5395
4951
4584
4102
3539
2897
2442
1930
1103
353
-352
-921
-1570
-2196
-2648
-2931
-3049
-3307
-3543
-3723
-3920
-4147
-4502
-5042
-5558
-5916
-6345
-6771
-7091
-7318
-7432
-7528
-7406
-7078
-6389
-5315
-3904
-2246
-634
1081
2808
4347
5511
6227
6785
6922
6616
5960
5059
4284
3633
2861
2018
1311
990
801
522
280
49
-131
-463
-1050
-1621
-2156
-2689
-3284
-3755
-3894
-3719
-3364
-2720
-1656
-271
1411
2846
4140
5425
6558
7346
7613
7617
7336
6986
6279
5294
4622
4081
3388
2685
2261
1973
1514
954
330
-305
-943
-1812
-2699
-3454
-4009
-4460
-4833
-4995
-5021
-4854
-4588
-4461
-4340
-4142
-4212
-4394
-4593
-4919
-5265
-5596
-5940
-6210
-6268
-6165
-5741
-4860
-3648
-2315
-823
710
2200
3600
4615
5271
5690
5966
5819
5171
4431
3906
3480
2909
2260
1750
1606
1443
1062
731
518
236
-260
-936
-1602
-2102
-2598
-3059
-3243
-3192
-2884
-2348
-1726
-662
563
1765
2832
3803
4730
5482
5996
6076
5978
5872
5624
5204
4695
4120
3640
3263
2717
2161
1747
1267
564
-152
-717
-1330
-2105
-2841
-3394
-3701
-3819
-4042
-4080
-3796
-3505
-3267
-3040
-2860
-2718
-2711
-2969
-3350
-3618
-3917
-4428
-4826
-5089
-5292
-5441
-5513
-5350
-4841
-4062
-3233
-2201
-970
308
1544
2652
3466
4176
4683
4979
4840
4462
4038
3591
3228
2740
2265
1843
1615
1426
1307
1178
978
779
567
368
0
-433
-846
-1199
-1388
-1567
-1664
-1620
-1396
-1025
-489
319
1102
1843
2546
3277
3892
4185
4274
4232
4248
4038
3607
3248
2880
2476
2248
2026
1670
1340
1118
813
279
-271
-838
-1398
-1944
-2458
-2858
-3084
-3255
-3253
-3045
-2869
-2656
-2446
-2259
-2108
-2055
-2267
-2578
-2879
-3162
-3474
-3904
-4167
-4392
-4556
-4561
-4549
-4297
-3876
-3298
-2515
-1697
-761
209
1032
1700
2288
2818
3140
3234
3253
3158
3043
3068
3161
3112
3077
3028
3058
3005
2801
2582
2219
1842
1342
899
365
-163
-646
-1099
-1396
-1674
-1865
-2050
-2107
-1941
-1700
-1438
-1019
-445
204
785
1536
2364
2904
3283
3577
3887
4046
3850
3488
3199
2885
2380
1985
1664
1201
784
446
146
-169
-498
-813
-1037
-1123
-1349
-1568
-1581
-1592
-1668
-1722
-1725
-1666
-1595
-1631
-1647
-1680
-1761
-1993
-2218
-2454
-2965
-3461
-3879
-4295
-4727
-5030
-5334
-5313
-5005
-4540
-3859
-2972
-1970
-1064
-79
869
1732
2339
2756
3133
3491
3665
3686
3794
4046
4189
4152
4122
4028
3877
3524
3032
2363
1641
887
91
-663
-1398
-1968
-2358
-2590
-2811
-2861
-2789
-2504
-2255
-2111
-1725
-1271
-952
-721
-413
260
821
1238
1742
2281
2878
3116
3321
3532
3742
3631
3312
3090
2725
2480
2150
1760
1493
1366
1275
1124
949
874
757
682
402
19
-288
-705
-1125
-1579
-2015
-2365
-2630
-2887
-3071
-3112
-3223
-3432
-3622
-3743
-3838
-4110
-4266
-4429
-4478
-4426
-4407
-4176
-3785
-3162
-2412
-1583
-750
68
951
1744
2308
2696
2917
3115
3225
3082
2879
2769
2845
2825
2724
2695
2693
2618
2437
2200
1882
1351
760
200
-351
-938
-1571
-1973
-2208
-2376
-2543
-2513
-2290
-1974
-1800
-1534
-1116
-718
-498
-341
63
583
871
1178
1654
2298
2778
3072
3574
3983
4247
4165
4149
4222
4110
3745
3230
2890
2507
1961
1448
1005
503
38
-451
-807
-1137
-1478
-1746
-1944
-2043
-2240
-2398
-2338
-2310
-2261
-2174
-2089
-1927
-1885
-1896
-1947
-2015
-2150
-2406
-2620
-2721
-2887
-3054
-3133
-3145
-2942
-2729
-2442
-2123
-1591
-1102
-695
-276
219
689
804
879
998
1277
1319
1092
1028
1235
1419
1335
1232
1372
1550
1496
1378
1350
1287
1053
767
633
526
155
-145
-190
-109
-197
-370
-276
24
170
153
287
493
548
437
391
555
588
399
463
700
1037
1136
1249
1584
1994
2269
2379
2486
2561
2562
2422
2304
2229
2094
1708
1456
1353
1188
783
417
231
98
-70
-483
-749
-851
-1041
-1288
-1464
-1562
-1582
-1603
-1587
-1468
-1357
-1380
-1412
-1326
-1269
-1439
-1621
-1754
-1922
-2098
-2357
-2550
-2789
-2974
-3042
-3042
-3019
-2961
-2856
-2694
-2425
-2043
-1606
-1381
-1161
-839
-367
79
302
470
787
1320
1689
1883
2086
2344
2589
2682
2683
2611
2334
2091
1944
1715
1300
868
641
595
493
215
74
125
176
134
81
83
45
-97
-164
-104
-92
-209
-253
-22
299
527
678
909
1104
1313
1550
1626
1622
1670
1703
1668
1547
1450
1358
1209
1119
1008
839
685
609
667
771
747
604
577
532
472
337
133
28
-79
-238
-373
-483
-703
-955
-1143
-1277
-1614
-2039
-2349
-2615
-2830
-3195
-3474
-3540
-3595
-3662
-3740
-3744
-3622
-3465
-3303
-3062
-2785
-2469
-2107
-1561
-999
-594
-353
-8
628
1007
1082
1095
1412
1891
2044
2018
2112
2324
2399
2184
1978
1877
1648
1258
967
896
743
369
178
322
404
277
87
199
314
164
40
89
168
43
10
214
489
547
586
921
1302
1409
1289
1348
1563
1509
1192
931
885
776
541
376
356
311
229
334
531
679
702
694
873
998
963
841
768
753
666
537
422
388
334
234
172
126
-57
-325
-534
-777
-1018
-1383
-1752
-1982
-2129
-2338
-2579
-2702
-2648
-2511
-2548
-2554
-2545
-2481
-2475
-2415
-2232
-2109
-2038
-1960
-1631
-1254
-1066
-1079
-1077
-838
-526
-356
-421
-544
-438
-234
-112
-63
6
305
713
1107
1463
1756
2027
2285
2527
2699
2593
2347
2193
2109
1958
1559
1216
1024
935
759
508
421
341
251
120
121
116
-23
3
161
448
543
501
623
871
1096
1161
1146
1179
1272
1347
1411
1376
1301
1237
1249
1333
1246
1075
947
965
967
835
605
414
351
240
116
-75
-248
-326
-411
-462
-458
-488
-576
-605
-527
-496
-619
-782
-869
-922
-1122
-1448
-1754
-1896
-2026
-2167
-2304
-2411
-2475
-2558
-2482
-2407
-2431
-2529
-2632
-2540
-2382
-2309
-2229
-2042
-1848
-1591
-1312
-977
-792
-720
-536
-266
-36
-46
-26
163
520
737
794
977
1240
1480
1640
1808
1921
1961
1913
1947
2021
1939
1758
1663
1777
1825
1720
1631
1667
1798
1827
1746
1672
1603
1493
1354
1184
974
678
433
343
227
-28
-268
-373
-360
-345
-405
-402
-359
-240
-74
96
180
268
412
638
858
894
970
1120
1320
1448
1437
1399
1392
1314
1129
868
583
239
-173
-466
-791
-1117
-1420
-1719
-1884
-1968
-2035
-2221
-2333
-2382
-2489
-2603
-2772
-2811
-2833
-2842
-2907
-2895
-2724
-2584
-2441
-2333
-2174
-2007
-1842
-1627
-1412
-1306
-1275
-1184
-919
-608
-564
-583
-349
84
450
622
841
1212
1637
1850
1972
2162
2323
2375
2294
2316
2307
2127
1957
1906
1966
1883
1679
1581
1620
1552
1309
1088
981
832
640
479
376
276
173
156
276
371
318
275
431
612
565
329
163
250
277
199
37
20
136
136
233
316
303
246
326
426
445
278
146
260
387
379
235
192
301
310
201
79
20
-51
-224
-354
-433
-571
-759
-812
-817
-852
-1015
-1168
-1154
-1183
-1296
-1535
-1723
-1833
-1950
-2101
-2183
-2222
-2279
-2276
-2224
-2064
-2001
-1934
-1765
-1561
-1309
-1083
-904
-815
-705
-527
-282
-196
-236
-255
-71
311
456
440
593
933
1272
1372
1404
1514
1633
1652
1630
1624
1573
1500
1476
1624
1705
1655
1607
1669
1826
1794
1590
1370
1276
1112
875
628
452
294
88
59
63
-23
-173
-254
-183
-161
-186
-245
-212
-231
-264
-161
-69
15
26
233
459
601
737
883
1062
1184
1180
1124
1104
1001
884
760
725
628
493
471
474
488
420
273
259
182
34
-202
-451
-618
-791
-972
-1201
-1408
-1533
-1594
-1722
-1855
-1929
-2034
-2200
-2314
-2343
-2449
-2616
-2773
-2796
-2692
-2700
-2710
-2579
-2288
-1986
-1704
-1285
-904
-652
-492
-185
196
375
271
127
276
535
555
457
539
852
1104
1201
1267
1441
1607
1601
1576
1582
1482
1275
1157
1218
1231
1042
904
966
1127
1108
936
921
972
935
774
676
651
552
391
387
475
406
281
231
337
438
309
258
358
409
247
85
73
124
78
-19
45
75
130
186
298
479
558
569
611
661
627
544
492
506
415
307
250
226
249
126
46
41
-80
-208
-358
-430
-553
-728
-917
-1063
-1138
-1242
-1399
-1559
-1563
-1607
-1712
-1802
-1829
-1806
-1846
-1877
-1872
-1843
-1848
-1871
-1846
-1810
-1773
-1729
-1579
-1346
-1121
-945
-854
-625
-363
-118
7
17
27
125
292
386
402
431
648
848
948
1007
1070
1162
1221
1222
1160
1053
925
861
857
840
756
705
799
885
921
915
903
978
1010
995
959
928
880
837
815
790
740
648
628
598
544
491
368
387
473
515
380
282
335
388
357
212
183
171
199
200
195
182
201
300
339
367
260
199
200
205
139
41
35
58
159
153
197
302
301
357
395
360
204
43
-76
-207
-419
-689
-884
-1045
-1187
-1404
-1605
-1711
-1830
-1910
-2021
-2092
-2172
-2254
-2260
-2232
-2194
-2159
-2126
-2036
-1816
-1609
-1357
-1069
-836
-643
-506
-294
-24
109
13
-98
23
253
313
234
373
697
935
1053
1139
1374
1596
1720
1778
1838
1841
1760
1742
1799
1833
1680
1568
1577
1605
1522
1272
1140
1089
979
775
630
531
419
295
301
369
338
278
293
446
592
556
522
574
573
525
440
366
218
44
-86
-192
-338
-470
-602
-673
-636
-682
-713
-716
-649
-576
-510
-456
-432
-369
-285
-170
-83
3
47
133
284
355
368
397
463
484
446
330
239
164
28
-154
-345
-471
-656
-856
-951
-1073
-1188
-1314
-1399
-1418
-1421
-1492
-1590
-1632
-1646
-1686
-1823
-1868
-1900
-1915
-1869
-1785
-1561
-1389
-1276
-1198
-996
-693
-474
-387
-335
-147
165
483
639
820
1142
1462
1720
1893
2020
2084
2150
2156
2098
1945
1705
1531
1407
1320
1112
883
778
710
637
491
348
223
152
20
-90
-207
-355
-454
-476
-422
-470
-543
-508
-391
-265
-225
-195
-112
-24
69
254
415
436
345
370
523
553
415
389
499
562
594
623
724
808
861
868
881
816
640
505
468
360
127
-63
-145
-145
-220
-316
-345
-311
-298
-300
-330
-371
-378
-389
-365
-394
-448
-443
-449
-444
-450
-495
-595
-720
-830
-927
-1084
-1276
-1431
-1538
-1568
-1689
-1796
-1841
-1913
-1940
-1978
-1954
-1911
-1830
-1745
-1597
-1500
-1432
-1337
-1104
-801
-710
-691
-544
-232
44
172
288
546
846
1041
1169
1315
1501
1611
1666
1752
1773
1729
1702
1717
1765
1728
1635
1566
1556
1518
1416
1272
1128
982
809
687
505
322
190
86
63
22
-78
-180
-202
-199
-216
-293
-319
-236
-125
42
104
83
150
271
390
363
266
238
261
264
268
284
302
376
467
563
586
530
552
558
537
440
259
149
114
68
-15
-89
-89
-82
-92
-53
-114
-209
-240
-264
-342
-480
-595
-679
-766
-885
-980
-1104
-1221
-1276
-1306
-1306
-1366
-1419
-1352
-1305
-1274
-1270
-1262
-1273
-1290
-1332
-1427
-1487
-1533
-1543
-1503
-1356
-1244
-1109
-949
-823
-644
-445
-242
-178
-149
-35
180
342
455
622
869
1167
1344
1510
1686
1802
1870
1862
1846
1758
1621
1478
1404
1349
1197
1064
997
999
900
748
670
571
486
359
270
150
40
-58
-126
-148
-218
-284
-346
-276
-254
-284
-296
-324
-347
-350
-266
-210
-258
-381
-380
-297
-273
-324
-299
-122
-11
91
244
381
544
695
831
916
926
856
835
859
832
720
619
634
644
599
560
523
506
448
375
272
131
10
-71
-184
-318
-435
-541
-588
-674
-726
-789
-906
-1000
-1089
-1164
-1294
-1417
-1528
-1591
-1626
-1697
-1726
-1754
-1724
-1716
-1743
-1736
-1761
-1729
-1637
-1493
-1392
-1294
-1155
-976
-839
-705
-503
-376
-252
-140
29
250
390
572
786
1014
1200
1350
1484
1628
1710
1743
1763
1747
1746
1655
1611
1621
1533
1449
1377
1348
1277
1142
1022
922
812
677
563
472
416
289
158
120
47
-66
-241
-379
-457
-522
-608
-697
-679
-644
-630
-655
-588
-535
-516
-485
-482
-417
-400
-327
-217
-123
-14
117
277
442
578
655
791
893
921
926
906
912
875
827
760
735
662
552
458
372
269
150
93
-21
-136
-226
-350
-438
-555
-674
-807
-941
-1057
-1170
-1280
-1404
-1475
-1519
-1515
-1549
-1604
-1597
-1615
-1622
-1609
-1619
-1617
-1582
-1510
-1424
-1364
-1244
-1022
-773
-507
-292
-71
165
330
475
604
739
745
703
749
829
870
887
964
1092
1232
1238
1238
1306
1300
1261
1187
1132
1042
923
842
824
812
748
692
663
713
622
484
407
300
176
17
-115
-242
-374
-507
-570
-590
-655
-703
-679
-549
-505
-550
-530
-478
-394
-381
-339
-240
-129
-18
131
307
453
596
740
919
1000
1007
1055
1074
1085
1044
983
961
945
925
895
883
882
836
796
797
738
637
577
484
394
275
172
57
-51
-133
-229
-358
-479
-561
-692
-794
-931
-1071
-1157
-1279
-1374
-1485
-1562
-1605
-1637
-1682
-1694
-1665
-1642
-1619
-1588
-1489
-1462
-1432
-1380
-1356
-1313
-1282
-1183
-1053
-890
-767
-593
-416
-259
-131
-35
147
234
219
254
333
440
504
568
693
849
982
1085
1210
1318
1403
1419
1465
1457
1392
1344
1266
1232
1150
1057
951
879
797
713
605
516
441
340
290
190
102
42
-18
-19
-41
-56
-54
32
95
56
12
78
195
209
237
302
395
474
508
578
615
629
621
618
598
516
432
389
382
319
258
214
206
213
136
80
40
-37
-132
-222
-290
-338
-397
-416
-410
-439
-406
-452
-486
-480
-526
-571
-638
-655
-686
-711
-717
-703
-680
-668
-635
-613
-567
-573
-594
-596
-667
-711
-782
-835
-889
-932
-999
-1064
-1090
-1097
-1094
-1130
-1118
-1115
-1067
-998
-956
-858
-755
-641
-535
-343
-211
-115
18
166
310
411
601
746
868
1000
1134
1281
1350
1382
1401
1422
1399
1301
1201
1123
1037
905
830
747
650
563
438
377
277
151
31
-47
-124
-219
-294
-352
-385
-409
-336
-263
-237
-222
-278
-241
-160
-104
-124
-99
28
145
250
351
506
629
796
891
924
954
938
975
991
975
898
858
844
835
786
679
607
525
468
342
222
119
-14
-85
-159
-252
-387
-462
-519
-580
-650
-743
-827
-889
-892
-951
-1007
-1009
-1012
-993
-1007
-1016
-1028
-1039
-1065
-1077
-1099
-1114
-1101
-1068
-1010
-1006
-1000
-937
-886
-843
-828
-805
-747
-690
-632
-571
-468
-359
-239
-117
34
131
178
303
414
557
626
632
644
700
796
812
793
823
875
887
936
923
906
915
878
854
807
728
628
576
559
517
428
359
347
319
309
259
207
193
129
87
68
51
-8
-2
95
175
112
-5
19
103
142
44
-11
63
103
145
182
240
270
314
374
404
378
321
333
364
401
332
293
344
354
363
330
322
294
236
192
152
74
-1
-32
-59
-52
-115
-180
-180
-214
-229
-299
-356
-398
-433
-483
-520
-550
-578
-597
-633
-628
-675
-744
-780
-832
-874
-915
-959
-960
-936
-932
-895
-838
-782
-722
-670
-579
-564
-564
-506
-478
-385
-335
-296
-241
-160
-65
-10
14
0
29
89
237
253
171
166
218
287
279
246
245
293
301
318
351
399
442
472
572
626
607
590
575
602
585
496
411
369
336
275
204
153
110
73
105
72
40
85
126
122
47
21
53
92
78
107
176
227
306
408
541
579
595
654
677
657
610
600
628
635
576
548
571
585
578
542
561
517
414
390
314
258
169
96
37
-21
-99
-184
-250
-319
-390
-517
-602
-701
-794
-852
-937
-992
-1047
-1095
-1120
-1117
-1148
-1170
-1159
-1134
-1110
-1106
-997
-931
-860
-742
-657
-555
-488
-408
-345
-279
-230
-187
-170
-130
-72
-40
9
25
39
64
69
106
93
57
30
-1
1
45
120
142
133
165
269
300
293
332
348
387
407
441
463
497
521
566
589
546
498
436
442
381
279
234
206
210
185
180
201
223
222
228
258
249
199
127
155
145
85
61
56
142
217
261
312
400
466
511
532
529
510
475
517
514
485
474
489
535
533
516
480
440
381
308
222
137
49
-36
-62
-133
-210
-265
-321
-353
-434
-508
-583
-643
-705
-747
-790
-820
-826
-833
-792
-784
-759
-713
-715
-687
-654
-624
-618
-609
-572
-519
-472
-452
-424
-394
-330
-317
-324
-287
-296
-301
-298
-251
-239
-219
-183
-146
-121
-113
-78
-66
-29
-55
-75
-48
-64
-62
-40
48
130
144
161
235
299
294
300
323
382
376
356
396
400
424
423
438
411
343
255
191
158
101
36
-18
19
6
0
48
119
218
272
225
127
183
275
297
209
213
347
439
534
611
688
747
783
818
815
748
646
645
657
605
478
405
448
436
382
268
177
118
0
-87
-187
-288
-380
-417
-409
-449
-517
-529
-526
-539
-538
-631
-719
-716
-720
-726
-760
-757
-724
-685
-662
-637
-625
-613
-542
-484
-455
-490
-487
-388
-345
-325
-326
-303
-288
-270
-250
-280
-313
-332
-314
-335
-339
-381
-377
-278
-232
-219
-226
-184
-159
-133
-108
-106
-96
-85
-47
-7
89
146
200
275
298
360
386
386
370
364
345
325
319
314
315
300
330
293
231
198
124
69
17
-28
-91
-100
-83
-61
-41
-18
82
221
313
226
120
208
293
292
198
217
322
380
436
507
553
566
616
633
636
531
447
466
471
425
302
261
278
266
201
113
65
-9
-79
-132
-163
-253
-313
-276
-273
-285
-320
-307
-328
-324
-336
-409
-462
-477
-448
-460
-450
-454
-450
-390
-364
-358
-399
-403
-392
-401
-463
-495
-494
-450
-416
-410
-353
-342
-301
-266
-288
-288
-316
-331
-312
-302
-316
-322
-280
-192
-169
-195
-144
-110
-87
-76
-85
-58
-55
-44
-3
80
127
153
173
221
258
257
284
267
269
267
248
273
294
312
310
330
322
302
267
232
217
191
209
171
170
219
242
302
350
410
443
451
426
426
451
460
455
433
495
529
550
617
632
660
656
658
619
567
488
427
379
330
290
230
241
215
181
159
122
103
69
31
-22
-73
-123
-156
-181
-206
-249
-287
-276
-316
-371
-397
-453
-473
-501
-503
-525
-531
-541
-554
-527
-508
-518
-537
-489
-459
-466
-443
-445
-400
-354
-322
-303
-296
-286
-279
-276
-281
-284
-308
-263
-253
-262
-245
-266
-230
-217
-239
-266
-260
-250
-248
-250
-249
-234
-231
-161
-102
-56
-18
-23
29
91
118
103
98
130
146
157
166
195
220
254
266
281
310
280
276
279
274
259
248
230
233
238
236
221
214
244
261
307
338
238
158
168
219
196
102
118
192
225
232
284
309
372
402
388
414
369
360
380
433
420
363
369
406
416
374
349
315
309
257
194
168
77
24
4
-28
-109
-182
-265
-327
-375
-450
-525
-589
-559
-586
-640
-667
-689
-692
-703
-693
-698
-691
-668
-655
-652
-634
-614
-584
-504
-464
-438
-384
-358
-303
-288
-295
-278
-262
-235
-209
-214
-195
-169
-170
-130
-158
-199
-160
-177
-199
-218
-233
-257
-255
-219
-172
-137
-103
-55
-21
77
97
102
130
147
189
223
247
322
415
433
503
555
560
568
570
620
618
562
593
602
651
663
643
616
642
661
638
593
550
517
493
535
513
426
414
397
390
344
279
211
176
132
85
6
-37
-41
-72
-47
-71
-118
-116
-147
-170
-203
-246
-293
-312
-344
-380
-404
-424
-437
-473
-435
-464
-504
-500
-536
-575
-603
-602
-612
-589
-602
-574
-570
-599
-582
-585
-531
-527
-540
-479
-431
-406
-349
-326
-295
-250
-252
-242
-245
-243
-235
-256
-221
-206
-209
-153
-127
-74
-67
-56
-41
-14
-11
16
30
39
96
123
206
250
296
381
392
419
437
446
462
447
444
447
471
490
492
501
533
535
509
523
499
473
449
438
425
405
425
418
397
401
377
348
343
309
289
279
269
245
206
205
192
156
127
54
22
-5
-66
-102
-131
-171
-213
-180
-208
-188
-204
-182
-189
-203
-220
-262
-269
-299
-302
-328
-313
-345
-380
-377
-381
-398
-441
-466
-513
-495
-462
-464
-466
-466
-397
-371
-304
-292
-277
-228
-202
-189
-219
-207
-203
-157
-154
-145
-116
-127
-90
-81
-34
-40
-50
-64
-110
-102
-153
-203
-228
-189
-109
-53
-68
-48
-26
38
108
107
101
113
127
186
226
250
270
338
419
441
414
398
439
479
498
464
443
492
522
525
525
502
519
522
539
493
453
425
419
391
369
328
273
299
260
224
158
114
84
39
5
-39
-87
-111
-107
-138
-141
-182
-222
-191
-217
-226
-257
-247
-270
-276
-259
-274
-254
-242
-234
-241
-243
-278
-277
-278
-298
-283
-339
-332
-362
-349
-370
-369
-368
-367
-351
-378
-346
-369
-355
-313
-271
-256
-238
-241
-220
-189
-198
-186
-174
-152
-175
-185
-155
-150
-162
-140
-133
-89
-117
-136
-134
-128
-131
-142
-142
-106
-76
-91
-16
-24
-13
49
42
77
94
122
122
130
150
162
186
185
182
191
224
235
215
247
272
305
339
373
408
434
468
481
503
505
509
522
558
540
526
529
531
549
526
496
465
446
393
358
313
266
217
160
151
108
70
84
59
52
30
6
4
-20
-50
-72
-108
-140
-171
-193
-170
-227
-268
-250
-252
-241
-270
-254
-285
-283
-286
-293
-288
-306
-292
-298
-262
-275
-273
-239
-237
-234
-212
-210
-197
-200
-194
-221
-239
-242
-277
-313
-318
-332
-355
-335
-360
-347
-339
-317
-322
-308
-312
-302
-289
-298
-255
-225
-170
-160
-134
-62
-19
26
50
95
139
164
199
226
238
262
303
327
375
405
394
491
505
505
511
525
552
545
536
519
548
519
545
532
543
532
507
508
474
464
423
400
350
336
320
294
268
251
228
225
234
188
147
138
121
77
58
35
0
-32
-53
-84
-132
-126
-125
-150
-122
-152
-154
-177
-216
-206
-231
-264
-295
-298
-296
-308
-334
-333
-345
-333
-291
-300
-305
-286
-307
-306
-323
-334
-352
-364
-358
-328
-300
-291
-284
-252
-207
-211
-230
-223
-246
-251
-247
-238
-262
-249
-216
-185
-184
-187
-152
-135
-70
-84
-117
-90
-69
-61
-78
-51
-27
2
15
54
86
100
116
129
175
180
163
183
181
208
210
189
200
225
246
253
244
282
302
300
361
351
351
367
352
366
348
367
356
371
383
385
394
383
379
366
371
346
329
325
318
305
280
289
288
285
273
258
264
236
220
164
162
108
67
