26
35
53
40
0
69
129
117
114
141
114
67
61
9
-19
-32
-39
-39
-14
88
66
43
85
93
45
73
78
-1
36
95
129
78
86
100
107
157
121
91
143
144
32
31
69
86
69
53
128
191
159
98
116
179
130
34
64
137
104
127
164
149
149
156
147
14
-6
16
-40
-46
-6
109
172
116
106
159
102
55
61
37
88
84
35
77
157
165
110
157
173
57
65
87
-8
49
141
114
178
183
110
180
169
117
83
137
135
45
82
180
109
35
96
68
117
56
101
186
150
64
23
61
9
-37
-94
-60
36
60
26
145
278
134
-54
-46
-49
-118
-141
-107
47
59
-98
-61
87
42
8
126
254
193
97
73
69
89
-77
-101
-1
-12
-75
-73
-13
42
64
-48
-52
-8
-5
15
-56
-54
-11
-41
-86
18
92
42
72
38
-74
-88
5
-18
117
343
310
289
271
194
79
-31
-138
-212
-87
-61
3
161
186
116
54
-32
-148
-147
-165
-175
-62
-26
-18
62
30
-29
48
84
-11
-22
76
50
-27
67
8
-161
-52
-52
-120
8
-4
-223
-129
-23
-208
-238
-104
-55
-37
-12
41
252
167
24
54
64
-66
-115
-67
-120
56
113
-32
217
346
168
130
148
-53
-93
28
-58
152
306
121
183
231
-35
-42
-22
-257
-214
-123
-305
-223
104
49
29
150
197
98
30
61
131
-12
-30
63
80
59
201
327
216
240
367
497
513
411
314
375
248
-35
-144
-193
-207
-223
-127
36
213
170
-17
2
-26
-91
-145
-128
-36
37
107
270
493
515
435
500
377
152
98
1
12
110
-57
-97
-9
-65
-90
-111
-117
-59
-160
-405
-291
-61
-137
-140
139
156
43
170
222
103
32
-13
-77
-89
-19
96
99
106
124
-34
-164
-94
-191
-318
-239
-234
-314
-247
-170
-208
-179
-175
-297
-267
-230
-326
-152
28
-72
111
230
55
174
229
-10
-2
25
-186
-260
-218
-329
-323
-184
-231
-257
-129
-129
-248
-242
-240
-299
-306
-195
-149
-29
101
51
65
45
-25
-144
-245
-245
-204
-188
-171
-3
24
-89
-109
-198
-233
-248
-315
-271
-77
-42
-94
-7
77
26
-112
-154
-11
-34
-190
-89
28
-48
-144
-63
-86
-142
-5
-67
-58
110
22
30
250
292
99
83
227
57
-184
-72
78
118
133
221
339
335
179
152
125
-1
-129
-216
-202
7
112
-1
211
338
90
-103
-69
-95
-196
-157
-164
-149
-23
-5
14
280
256
-37
29
80
-159
-329
-282
-176
-119
-215
-169
140
47
-111
-98
-184
-201
-260
-387
-128
161
36
110
306
115
-31
-50
-181
-207
-143
-263
-148
81
74
44
118
223
115
-87
-2
-59
-231
-185
-131
-277
-181
147
107
104
209
111
-106
-83
-46
-244
-213
-60
-160
-210
-121
-126
-112
-19
161
137
53
95
34
-11
101
80
-31
-99
-25
-5
-44
12
91
6
-121
-31
72
12
32
117
13
-3
30
-56
-12
26
-34
-64
29
53
56
94
119
49
73
-17
-124
41
24
-162
-87
-39
-129
-61
57
109
167
175
184
146
56
75
75
-103
-56
20
-159
-187
-52
-127
-294
-185
-220
-427
-269
-101
-234
-141
4
-50
-27
-40
29
121
-52
-235
-113
-60
-306
-348
-210
-240
-274
-315
-359
-289
-279
-421
-471
-376
-380
-365
-350
-203
-24
-83
-123
-35
13
-34
-116
-186
-137
-147
-280
-175
-124
-231
-177
-185
-242
-168
-109
-304
-266
-4
-135
-229
-120
-156
-80
-113
-209
-137
-30
-202
-206
-136
-261
-286
-343
-401
-330
-396
-492
-315
-245
-394
-267
-105
-201
-96
-20
-177
-9
87
-111
-58
-79
-340
-476
-534
-562
-477
-392
-425
-288
-115
-111
-103
-64
-78
-94
-189
-253
-152
-7
-1
28
55
39
-78
-34
-41
-119
-52
-29
-185
-247
-115
-175
-189
-14
-131
-202
46
71
0
99
-4
-269
-115
-201
-262
54
136
41
238
379
64
-10
97
-187
-206
-37
-192
-149
-100
-228
-82
-124
-199
-112
-114
-206
-285
-95
82
29
21
271
306
351
440
355
493
360
4
19
129
-4
-93
-49
4
92
64
-36
210
224
18
-84
-181
-115
-32
41
-16
209
639
629
343
626
721
246
100
235
67
48
136
58
279
163
-84
-2
117
43
24
-44
-124
-181
-130
-86
-49
119
161
120
378
411
356
433
283
333
416
57
-95
135
-67
-303
-13
139
-26
359
585
246
176
349
41
-259
-35
123
-226
-336
-20
-2
-51
-36
-70
138
86
-106
211
514
348
393
553
537
431
218
297
379
81
-8
2
-208
-36
-112
-202
-44
-159
-153
-160
-239
59
-105
-297
100
82
-147
188
297
38
92
166
162
142
107
86
267
265
250
300
411
378
275
224
130
151
68
-243
-155
-34
-119
-232
-170
41
85
-108
-74
64
9
38
143
184
95
75
304
281
281
264
94
238
287
90
62
87
-58
-39
-124
-184
-110
52
-213
-70
394
103
-60
268
180
4
95
-80
-266
-33
-184
-204
363
264
47
276
369
24
-95
97
40
-48
155
337
331
273
236
272
160
-9
66
-42
-114
-75
-142
-67
59
137
35
248
388
184
220
295
63
72
192
239
356
299
26
156
201
-113
-66
57
-27
55
214
341
288
73
173
323
82
-74
265
353
66
309
540
91
22
206
-22
-102
-41
-125
-104
-86
-66
22
-26
-43
142
-7
-87
272
335
177
428
620
508
399
324
301
264
74
24
188
140
32
162
109
-109
15
-91
-297
-300
-199
-199
-179
-87
-63
19
65
58
321
490
164
312
482
245
117
70
-150
-168
-270
-297
-178
-215
-256
-181
-326
-282
-145
-411
-290
-113
-160
-253
-163
65
162
16
122
340
105
95
248
301
197
166
263
323
172
50
32
-158
-303
-414
-422
-451
-517
-530
-384
-488
-454
-334
-513
-563
-262
-315
-574
-229
-87
-122
-11
28
52
168
-1
23
318
40
-162
-83
-102
-267
-208
-37
-194
-210
-152
-153
-272
-409
-400
-503
-660
-542
-420
-451
-385
-230
-87
25
181
189
66
-120
-66
-193
-365
-150
-57
-18
179
163
149
152
-70
-223
-264
-460
-670
-619
-748
-782
-584
-576
-533
-469
-361
-276
-125
-80
-112
-220
-248
-184
-121
45
42
85
236
223
199
248
-1
-150
-262
-490
-423
-365
-574
-390
-287
-303
-35
117
160
229
269
167
221
122
17
52
-53
-197
-98
-11
-176
-226
-131
-180
-163
-182
-323
-267
-327
-498
-392
-322
-376
-218
-109
-102
6
186
-46
-13
159
-115
-207
-217
-134
-42
39
150
216
273
267
348
467
343
275
386
217
82
156
24
-26
194
19
-68
118
-122
-218
-131
-331
-297
14
-10
3
228
73
-106
-108
-280
-244
-160
-132
26
107
187
290
360
240
54
242
213
-76
85
74
-252
-6
56
-314
-179
-47
-293
-122
-22
-317
-185
2
-158
-85
127
-4
61
128
66
103
217
150
35
-1
45
-77
16
23
-65
-25
-115
-21
47
30
14
245
287
-34
44
107
-140
-125
-106
-123
-32
-135
-238
21
-2
-128
-229
-192
-140
-210
-203
181
406
225
199
232
198
17
94
228
248
292
333
334
575
535
340
324
306
74
-157
-37
-60
-164
-147
-175
-260
-238
-467
-414
-272
-431
-308
-123
-269
-198
72
152
337
598
726
544
665
701
465
385
352
24
-188
-284
-296
-266
-352
-474
-437
-325
-325
-318
-78
-94
-237
-91
-287
-277
-54
-44
-11
229
251
75
148
227
-65
-213
-337
-482
-473
-491
-334
-131
-72
-91
-119
-88
-35
-299
-387
-383
-669
-732
-512
-408
-300
-173
17
118
130
118
289
268
77
284
376
180
216
364
104
-83
-84
-419
-573
-532
-500
-564
-462
-253
-423
-445
109
38
-307
57
110
-143
149
392
114
270
583
84
30
302
-182
-419
-117
-354
-336
132
6
-266
42
36
-74
155
-245
-338
94
-334
-637
-124
-200
-300
224
115
-137
356
426
-87
210
382
-23
49
356
-26
19
276
-43
-65
-52
-312
-275
-166
-591
-492
-169
-360
-290
47
-170
42
416
81
205
458
-46
94
395
123
129
354
184
294
402
313
391
372
278
349
273
203
353
317
198
259
349
201
200
378
446
207
238
343
244
181
327
345
280
369
448
555
451
297
350
277
151
93
122
18
-71
-33
7
23
8
170
360
378
202
267
315
183
180
207
175
260
326
421
431
448
559
461
302
350
286
123
203
132
82
137
-76
-87
185
19
-83
86
-82
36
66
-178
4
189
126
324
301
221
487
361
238
368
140
136
191
92
119
134
96
198
12
-154
-65
-163
-179
-215
-351
-237
-237
-479
-250
-255
-363
-131
-127
-304
8
-68
-253
-104
48
95
40
156
198
129
32
85
38
-44
-146
-309
-258
-130
-297
-434
-329
-393
-422
-452
-580
-405
-498
-602
-432
-371
-410
-315
-211
-165
-21
-174
-252
-187
-259
-331
-160
0
56
47
-14
2
-93
-106
-178
-382
-295
-289
-446
-287
-213
-247
-136
-176
-217
-115
-141
-187
-188
-274
-338
-143
-12
166
349
357
401
392
391
414
348
208
143
7
-194
-302
-435
-492
-443
-376
-195
-130
-37
158
74
-58
91
-15
-207
-156
-240
-324
-241
-147
85
282
279
295
262
170
-69
-144
-121
-142
-194
-167
-259
-337
-206
-200
-195
-140
-153
-242
-196
-335
-281
-206
-290
-206
-55
92
157
293
402
312
92
95
85
-129
-263
-350
-461
-544
-489
-370
-278
-211
-68
-28
-147
-105
-34
-48
-103
-157
-132
-232
-274
-283
-153
-55
-80
80
-45
-63
-94
-231
-138
-152
-178
-61
-62
-185
-190
-259
-243
-242
-244
-275
-302
-142
-119
-181
-179
-51
-68
-117
-41
-56
-67
-88
-153
-150
-204
-272
-213
-87
-26
-41
63
172
157
259
417
360
297
373
357
160
16
-47
-269
-496
-412
-358
-404
-432
-358
-150
-22
155
368
451
467
354
276
314
297
294
222
39
43
-31
-22
89
206
209
145
34
-35
-41
-151
-233
-235
-350
-350
-162
-49
113
230
295
335
300
313
388
336
329
289
266
300
366
412
399
443
463
436
350
210
154
129
-48
-160
-87
-45
-12
32
164
275
228
167
157
181
119
100
88
-11
29
159
138
113
145
32
37
114
66
38
-16
-122
-133
-35
-47
-23
16
31
46
-58
-95
-164
-186
-244
-303
-155
-20
-27
-3
155
328
289
127
173
49
-93
-176
-238
-263
-298
-240
-147
-138
-67
-74
-138
37
-16
-30
34
39
36
130
179
135
231
266
186
178
76
69
-4
-242
-277
-159
-317
-430
-244
-114
-64
37
173
229
362
158
250
344
0
-83
-120
-359
-405
-412
-501
-394
-416
-312
-65
11
-18
193
315
150
117
198
39
-125
-138
-107
-148
-201
-199
-112
-80
-172
-107
29
-65
-159
89
-40
-268
-125
-18
-294
-174
17
-31
58
144
32
53
131
-48
43
-14
-238
-313
-260
-167
-110
-168
-71
140
-51
-156
16
-19
-207
-223
-170
-221
-308
-133
-67
-9
96
132
199
253
234
183
115
-58
-140
-169
-395
-390
-200
-500
-521
-228
-351
-347
-102
-15
-96
43
24
-30
128
60
-64
124
-31
-336
-1
18
-337
-114
142
-281
-432
-181
-99
-134
-329
-315
-220
-265
-263
-39
81
8
-117
66
308
52
-149
50
-89
-389
-233
-99
-28
67
113
192
342
306
357
532
485
170
-25
-113
-233
-285
-376
-274
-350
-561
-333
-187
-257
-19
103
182
220
291
445
616
545
566
661
841
703
673
709
630
370
134
192
-24
-89
11
-5
-80
-15
-3
-22
143
11
-36
150
77
-148
68
174
114
311
191
305
446
405
611
664
506
697
667
551
816
820
695
733
523
321
399
174
-61
-58
-213
-205
-60
-92
72
205
222
401
415
366
579
556
420
430
410
383
470
359
453
553
332
318
372
207
101
201
118
45
-80
-215
-177
-327
-261
-164
-269
-323
-264
-251
-167
-193
-214
-12
-132
-43
227
292
404
534
517
565
643
406
433
357
0
-141
-139
-328
-448
-458
-542
-623
-727
-759
-653
-654
-628
-450
-317
-299
-206
-13
53
139
274
390
334
345
416
353
190
25
29
-62
-299
-302
-220
-369
-474
-386
-425
-429
-338
-284
-212
-301
-351
-223
-205
-263
-231
-199
-229
-211
-222
-100
41
15
-38
22
83
40
-14
-40
-133
-224
-267
-270
-325
-331
-229
-246
-322
-239
-286
-414
-410
-461
-602
-763
-862
-898
-697
-488
-300
-131
12
52
141
252
322
278
179
251
160
43
24
11
-3
-77
-232
-265
-275
-361
-304
-223
-394
-557
-524
-594
-527
-409
-284
-200
-72
111
253
297
323
341
298
276
121
26
131
159
122
74
39
-94
-224
-318
-208
-239
-375
-419
-447
-336
-275
-355
-268
-136
-131
-95
-45
-48
-40
-144
-188
-131
-175
-114
-18
82
25
-77
-55
-9
-106
-120
-118
-301
-308
-266
-209
-151
-208
-193
-180
-269
-298
-210
-291
-323
-272
-365
-297
-179
-32
96
139
147
141
31
1
-41
-109
-153
-264
-368
-400
-394
-305
-220
-196
-97
-51
-88
-37
105
94
51
-7
-126
-106
-123
-124
-78
-116
-160
-134
-92
-62
0
42
-1
-79
-5
9
-55
-74
-77
-16
-45
-17
13
-71
-191
-226
-192
-220
-243
-155
-77
-101
-65
-21
-55
-19
75
119
122
220
224
197
222
187
149
142
97
126
24
23
27
-1
40
6
52
64
82
168
127
189
331
227
228
227
75
42
-16
-66
-87
-63
3
55
163
297
365
358
389
462
469
324
214
182
30
-78
-109
-137
-153
-94
-5
114
224
230
315
273
254
271
240
169
91
29
-4
53
18
31
95
61
117
275
272
277
401
383
292
223
112
45
8
-104
-145
-112
-195
-198
-88
-38
24
87
151
122
28
44
-25
-87
-84
-63
-48
-62
42
167
213
241
267
247
196
105
90
22
-101
-75
-113
-37
-11
-87
6
43
-33
-59
13
-12
-13
-34
-126
-51
-48
-159
-102
-20
-91
-23
54
58
34
-31
31
37
-35
-66
6
-17
-86
-64
-17
2
-154
-171
-134
-237
-278
-256
-256
-222
-58
61
116
190
249
196
142
125
89
118
114
4
-83
-27
-1
-34
21
16
33
28
20
115
111
40
54
-15
-108
-107
-123
-97
-54
-74
41
130
52
106
160
163
155
140
117
67
41
32
-13
-6
-12
-136
-93
-85
-147
-128
-125
-113
-125
-51
4
13
-5
-22
-39
-68
-78
-77
-24
-37
-73
-28
72
149
218
237
210
199
152
153
141
118
83
7
8
-15
-16
14
18
14
-5
54
49
64
70
-62
-82
-100
-201
-179
-84
-100
-11
47
28
175
287
259
223
166
40
15
-72
-144
-48
-105
-138
-52
-80
-43
72
138
93
35
50
107
2
-114
-124
-116
-168
-167
-15
57
132
207
206
221
183
202
240
144
59
46
-15
-60
-111
-193
-112
-98
-218
-198
-81
-50
-152
-141
-148
-233
-183
-105
-52
-32
-22
5
140
167
215
320
302
242
165
176
147
82
-2
-7
29
9
37
46
158
173
111
134
88
62
140
192
123
18
-49
-30
55
100
131
209
259
222
285
333
306
327
242
147
100
77
89
74
9
-41
-63
-61
-1
-19
-30
58
48
-8
-24
83
196
239
227
201
280
318
363
369
379
365
340
334
260
184
171
170
80
-7
-78
-3
10
-39
-59
-80
22
-16
-121
-108
-137
-122
-127
-191
-201
-113
-12
46
124
147
168
235
268
204
209
224
178
115
-1
26
38
-21
-100
-181
-181
-118
-127
-111
-35
-34
-74
-80
-104
-29
46
59
73
77
102
174
266
267
276
259
266
195
113
142
167
91
-33
-67
-41
-47
6
29
13
25
1
9
122
137
127
126
25
-23
-12
62
95
125
86
96
179
215
262
302
331
293
216
175
198
178
122
108
11
-57
-40
-48
-103
-138
-156
-232
-207
-178
-148
-76
-116
-119
-61
-6
92
224
261
295
283
266
295
245
243
186
148
112
69
134
139
102
86
33
35
-1
-35
-16
-13
-124
-203
-200
-201
-199
-177
-203
-187
-142
-163
-40
45
12
60
109
104
92
133
135
140
104
-21
27
-28
-101
-92
-148
-218
-272
-331
-339
-352
-354
-306
-302
-353
-351
-281
-244
-241
-208
-176
-160
-151
-111
-62
-73
-88
-105
-46
-50
-42
15
16
-28
-84
-92
-118
-218
-255
-336
-381
-416
-472
-411
-363
-381
-325
-307
-240
-181
-216
-136
-159
-190
-206
-269
-247
-273
-349
-370
-371
-361
-335
-287
-222
-221
-175
-79
-77
-49
9
46
53
75
171
200
270
273
259
374
384
437
506
541
562
650
651
653
714
683
673
678
660
607
592
545
564
549
535
545
563
513
533
565
536
496
513
422
439
413
325
398
392
337
347
309
251
271
168
91
21
-63
-115
-207
-276
-349
-476
-499
-571
-608
-612
-665
-679
-753
-857
-912
-1000
-1099
-1117
-1208
-1262
-1384
-1472
-1481
-1453
-1413
-1427
-1380
-1316
-1218
-1092
-981
-932
-836
-746
-754
-664
-626
-715
-720
-867
-1016
-1142
-1315
-1511
-1640
-1678
-1591
-1443
-1257
-941
-513
-46
357
818
1240
1608
1931
2129
2311
2389
2430
2439
2363
2312
2311
2329
2317
2282
2198
2122
2064
1886
1673
1448
1179
919
618
323
176
8
-114
-126
-153
-3
133
199
379
518
640
807
911
997
1140
1226
1290
1357
1425
1501
1522
1490
1354
1187
978
681
370
-29
-429
-826
-1229
-1555
-1778
-1954
-2072
-2101
-2122
-1983
-1846
-1780
-1639
-1554
-1463
-1343
-1375
-1409
-1385
-1382
-1302
-1247
-1253
-1265
-1186
-1077
-1004
-872
-844
-839
-816
-995
-1088
-1247
-1409
-1513
-1710
-1818
-1845
-1861
-1738
-1549
-1316
-1035
-658
-135
418
854
1284
1667
2065
2413
2606
2686
2708
2706
2594
2451
2264
2086
1938
1665
1383
1137
900
657
497
348
181
0
-176
-232
-229
-144
-57
24
141
331
592
807
1085
1347
1495
1611
1691
1779
1883
1907
1855
1799
1676
1572
1514
1410
1251
1058
841
552
306
44
-193
-434
-745
-986
-1190
-1293
-1320
-1366
-1340
-1254
-1158
-1031
-864
-738
-610
-565
-606
-627
-694
-802
-864
-961
-1196
-1398
-1605
-1797
-1888
-2012
-2031
-2079
-2198
-2273
-2296
-2359
-2352
-2264
-2258
-2162
-2060
-2012
-1778
-1528
-1373
-1170
-1076
-899
-568
-308
27
481
871
1325
1696
2083
2417
2692
2910
2966
2839
2643
2454
2223
1876
1511
1156
768
431
152
-86
-173
-333
-462
-532
-606
-475
-284
-167
-85
-4
214
510
730
984
1262
1506
1767
1924
2077
2306
2467
2463
2320
2196
2055
1941
1751
1442
1160
877
614
376
168
-37
-210
-414
-678
-833
-895
-915
-955
-1033
-1032
-933
-845
-675
-482
-336
-111
-10
20
136
171
234
171
-61
-269
-492
-729
-977
-1310
-1629
-1888
-2205
-2467
-2742
-2928
-2978
-3097
-3276
-3347
-3255
-3054
-2852
-2677
-2593
-2337
-2026
-1743
-1471
-1140
-899
-604
-408
-147
352
833
1415
1901
2235
2567
2946
3252
3507
3500
3252
2970
2614
2183
1835
1370
893
431
2
-375
-561
-684
-747
-799
-954
-1023
-973
-772
-499
-282
-124
53
375
783
1215
1596
1961
2250
2460
2647
2810
2959
2982
2935
2662
2361
2180
1951
1717
1395
1018
671
380
115
-82
-316
-575
-837
-1095
-1235
-1313
-1315
-1295
-1309
-1263
-1116
-874
-606
-336
-119
48
187
290
375
440
440
296
31
-192
-439
-626
-902
-1259
-1572
-1895
-2225
-2452
-2728
-2923
-3003
-3226
-3294
-3247
-3156
-2908
-2682
-2490
-2208
-1926
-1612
-1285
-982
-731
-527
-362
-66
374
974
1464
1905
2251
2611
3083
3453
3638
3608
3335
3055
2685
2232
1773
1289
759
284
-239
-606
-732
-814
-860
-975
-1058
-1063
-958
-831
-657
-448
-244
-76
144
538
1010
1454
1862
2154
2431
2736
3027
3185
3211
3079
2885
2636
2369
2105
1777
1451
1012
552
228
-29
-258
-536
-865
-1182
-1401
-1546
-1661
-1729
-1780
-1815
-1807
-1676
-1484
-1213
-903
-673
-458
-236
6
219
297
258
155
-17
-204
-417
-736
-991
-1341
-1733
-2049
-2403
-2611
-2694
-2904
-3071
-3262
-3323
-3156
-3022
-2906
-2718
-2685
-2429
-2173
-1964
-1557
-1340
-1126
-704
-150
539
1257
1830
2392
2909
3371
3730
4005
4088
3915
3624
3173
2661
2244
1710
1227
698
108
-269
-551
-794
-906
-1106
-1312
-1380
-1519
-1548
-1489
-1390
-1179
-907
-602
-223
296
953
1569
2107
2509
2938
3354
3637
3748
3705
3591
3365
3080
2727
2410
2049
1633
1195
730
329
23
-322
-709
-1099
-1507
-1790
-1968
-2149
-2224
-2245
-2218
-2101
-1904
-1608
-1210
-878
-637
-392
-221
15
189
186
147
-40
-268
-450
-663
-883
-1086
-1427
-1775
-2131
-2471
-2668
-2864
-3020
-3212
-3410
-3408
-3429
-3376
-3207
-3037
-2772
-2491
-2271
-1912
-1446
-788
75
786
1453
2028
2660
3464
4047
4355
4444
4395
4308
4059
3640
3157
2639
2064
1411
736
239
-178
-526
-896
-1372
-1696
-1914
-2005
-2104
-2258
-2323
-2291
-2168
-1841
-1356
-708
-13
524
1116
1866
2652
3395
3834
4113
4259
4347
4363
4233
3994
3647
3198
2683
2237
1804
1424
987
410
-226
-767
-1166
-1548
-1934
-2347
-2637
-2759
-2793
-2656
-2407
-2023
-1624
-1351
-980
-572
-146
205
349
369
368
328
280
83
-127
-338
-621
-867
-1275
-1670
-1989
-2376
-2666
-3037
-3357
-3526
-3743
-3815
-3839
-3880
-3752
-3536
-3302
-2826
-2446
-1987
-1382
-671
172
970
1695
2373
3031
3709
4155
4414
4568
4558
4451
4133
3648
3196
2679
2083
1452
755
188
-328
-820
-1279
-1762
-2130
-2380
-2586
-2725
-2762
-2732
-2631
-2418
-2118
-1704
-1124
-419
325
1064
1730
2393
3071
3591
4019
4258
4428
4427
4246
4047
3755
3387
2972
2462
1913
1451
979
480
-27
-561
-1077
-1516
-1879
-2206
-2422
-2543
-2599
-2479
-2325
-1997
-1586
-1212
-842
-488
-195
147
378
478
547
408
265
181
-31
-272
-543
-752
-970
-1270
-1558
-1899
-2248
-2585
-3006
-3436
-3729
-3952
-4125
-4202
-4255
-4178
-3870
-3542
-3132
-2561
-2120
-1589
-825
-72
846
1628
2164
2762
3381
3954
4415
4515
4486
4513
4341
3999
3557
3084
2596
2014
1303
555
26
-461
-976
-1485
-2087
-2451
-2626
-2798
-2891
-2925
-2863
-2624
-2354
-1993
-1485
-920
-229
507
1224
1989
2653
3290
3866
4315
4530
4695
4757
4585
4338
3951
3502
3052
2464
1826
1271
691
138
-385
-916
-1342
-1742
-2077
-2315
-2477
-2576
-2554
-2412
-2222
-1910
-1585
-1210
-753
-373
-13
334
556
659
767
742
667
502
198
-52
-372
-731
-1102
-1520
-1947
-2355
-2768
-3148
-3400
-3669
-3922
-4044
-4115
-4070
-3889
-3779
-3563
-3070
-2650
-2137
-1586
-1159
-312
571
1277
1975
2573
3146
3906
4335
4539
4700
4621
4511
4295
3787
3272
2750
2126
1444
784
85
-427
-854
-1385
-1844
-2227
-2514
-2606
-2652
-2778
-2733
-2581
-2332
-1951
-1588
-1061
-468
125
843
1630
2410
3095
3601
4004
4458
4717
4782
4747
4496
4179
3796
3318
2823
2302
1711
1170
594
44
-398
-814
-1191
-1620
-2039
-2261
-2396
-2484
-2503
-2397
-2204
-1893
-1560
-1198
-745
-354
-29
205
434
565
623
567
386
218
-17
-274
-524
-837
-1179
-1544
-1902
-2263
-2657
-3037
-3332
-3741
-3990
-4106
-4248
-4197
-4115
-3933
-3594
-3252
-2787
-2223
-1665
-1038
-245
650
1492
2142
2721
3359
4103
4607
4724
4764
4713
4637
4398
3841
3283
2759
2133
1462
740
22
-472
-938
-1528
-2058
-2461
-2670
-2779
-2909
-3030
-2981
-2769
-2512
-2147
-1717
-1174
-556
28
702
1505
2358
3121
3667
4071
4525
4904
5104
5076
4821
4511
4113
3660
3087
2448
1849
1210
526
-154
-644
-1057
-1477
-1943
-2359
-2620
-2711
-2725
-2747
-2624
-2421
-2141
-1774
-1441
-990
-535
-158
109
282
484
654
688
583
371
166
30
-305
-704
-1044
-1477
-1801
-2271
-2840
-3308
-3643
-3904
-4104
-4410
-4598
-4502
-4318
-4106
-3809
-3472
-2970
-2387
-1861
-1213
-332
554
1422
2127
2683
3431
4233
4803
5055
5061
4984
4935
4712
4193
3600
2935
2254
1523
713
-6
-561
-1108
-1697
-2255
-2711
-2901
-2991
-3115
-3196
-3230
-3061
-2701
-2289
-1855
-1298
-660
-17
671
1453
2380
3287
3971
4383
4729
5173
5493
5495
5255
4882
4416
3917
3307
2659
2013
1310
616
-93
-655
-1090
-1471
-1897
-2373
-2690
-2817
-2795
-2743
-2700
-2532
-2217
-1834
-1374
-909
-417
109
448
655
913
1103
1202
1102
806
467
173
-134
-475
-1000
-1573
-1957
-2377
-2794
-3181
-3580
-3907
-4148
-4466
-4546
-4380
-4404
-4211
-3920
-3693
-3085
-2556
-2030
-1224
-483
325
1299
2041
2785
3566
4203
4833
5161
5158
5141
5118
4867
4356
3688
2932
2367
1660
794
96
-588
-1198
-1684
-2240
-2705
-2894
-3093
-3180
-3277
-3334
-3061
-2726
-2346
-1941
-1475
-792
-52
647
1363
2208
3135
3900
4394
4740
5138
5545
5600
5314
4997
4567
4124
3572
2800
2130
1476
784
103
-559
-1067
-1428
-1825
-2302
-2651
-2791
-2732
-2704
-2696
-2549
-2249
-1810
-1373
-941
-487
-2
407
670
856
1028
1170
1074
816
551
270
19
-331
-823
-1289
-1717
-2166
-2561
-3169
-3719
-4063
-4403
-4659
-4897
-4946
-4796
-4582
-4276
-3959
-3482
-2850
-2208
-1528
-751
135
1165
1995
2613
3350
4079
4809
5203
5177
5155
5126
4961
4540
3873
3160
2524
1791
965
126
-531
-1123
-1732
-2264
-2812
-3104
-3190
-3317
-3395
-3434
-3287
-2909
-2509
-2092
-1581
-954
-215
490
1194
2028
2878
3692
4341
4734
5134
5498
5697
5591
5264
4880
4419
3865
3178
2443
1729
1066
337
-374
-943
-1386
-1766
-2185
-2572
-2805
-2809
-2759
-2709
-2594
-2364
-1972
-1542
-1089
-675
-219
277
608
836
999
1141
1185
1026
728
410
89
-262
-712
-1227
-1635
-2124
-2582
-2994
-3441
-3757
-4093
-4530
-4798
-4907
-4845
-4662
-4599
-4308
-3824
-3370
-2682
-1949
-1136
1
983
1844
2630
3423
4363
5197
5481
5456
5423
5451
5320
4814
4082
3342
2661
1912
1051
301
-400
-967
-1601
-2330
-2829
-3122
-3297
-3471
-3745
-3880
-3667
-3363
-2942
-2504
-2040
-1329
-504
289
1093
1970
2868
3720
4406
4940
5408
5754
5927
5839
5523
5178
4762
4174
3466
2705
1953
1243
456
-317
-917
-1464
-1952
-2419
-2764
-2963
-3025
-2989
-2932
-2736
-2402
-1954
-1500
-1032
-550
-24
436
793
1089
1277
1411
1346
1140
918
651
369
-53
-540
-1052
-1504
-1950
-2484
-3048
-3538
-4037
-4428
-4714
-5064
-5131
-5041
-5065
-4776
-4429
-3997
-3255
-2655
-2041
-1196
-396
622
1760
2489
3184
3888
4572
5278
5564
5461
5395
5342
4999
4420
3674
2898
2274
1466
463
-371
-1007
-1611
-2146
-2812
-3324
-3469
-3598
-3629
-3671
-3655
-3358
-2932
-2517
-2004
-1418
-691
187
916
1632
2459
3330
4156
4775
5186
5482
5795
5916
5705
5352
4911
4387
3727
2910
2093
1350
551
-232
-949
-1590
-1989
-2383
-2756
-3045
-3183
-3116
-2994
-2882
-2699
-2276
-1857
-1441
-933
-500
25
461
776
987
1156
1281
1312
1095
791
496
117
-301
-895
-1512
-2055
-2727
-3270
-3745
-4192
-4525
-4806
-5082
-5131
-5113
-5077
-4776
-4474
-4046
-3494
-2962
-2280
-1406
-468
616
1627
2386
3176
4130
5028
5639
5804
5760
5799
5770
5274
4554
3804
3029
2268
1291
320
-369
-988
-1646
-2322
-2949
-3269
-3365
-3569
-3705
-3796
-3753
-3427
-3047
-2629
-2130
-1498
-786
-4
789
1617
2526
3365
4109
4789
5397
5796
6019
6080
5905
5582
5112
4525
3788
2988
2177
1343
493
-308
-987
-1577
-2101
-2575
-2935
-3141
-3233
-3244
-3186
-3001
-2696
-2316
-1907
-1507
-988
-457
-9
382
734
991
1106
1127
1048
910
666
325
-172
-683
-1162
-1598
-2173
-2918
-3548
-4121
-4483
-4809
-5255
-5438
-5560
-5606
-5300
-5032
-4652
-3954
-3418
-2604
-1459
-401
903
1905
2713
3888
4951
5681
6116
6244
6351
6457
6077
5423
4789
4126
3335
2371
1290
410
-142
-965
-1870
-2539
-3153
-3438
-3691
-4091
-4249
-4282
-4176
-3804
-3513
-3090
-2348
-1610
-781
42
918
1969
2941
3700
4424
5209
5830
6197
6318
6310
6229
5880
5359
4685
3916
3100
2248
1311
397
-407
-1092
-1731
-2380
-2855
-3077
-3202
-3322
-3281
-3129
-2828
-2349
-1952
-1560
-1006
-428
103
484
770
1131
1422
1453
1335
1168
991
753
378
-139
-788
-1338
-1823
-2462
-3157
-3766
-4255
-4768
-5292
-5639
-5712
-5823
-5808
-5539
-5254
-4775
-4055
-3304
-2217
-1120
42
1266
2307
3282
4542
5492
6067
6316
6431
6576
6528
6059
5347
4560
3831
3036
2066
1025
226
-483
-1431
-2283
-2918
-3337
-3714
-4112
-4477
-4549
-4571
-4320
-3907
-3604
-3134
-2407
-1555
-644
312
1337
2346
3201
3949
4710
5401
5940
6226
6270
6098
5950
5733
5184
4532
3681
2861
2063
1147
293
-443
-1289
-1991
-2516
-3007
-3253
-3298
-3394
-3376
-3152
-2716
-2177
-1705
-1281
-710
-166
246
722
1019
1236
1318
1295
1152
964
727
486
95
-444
-1005
-1443
-2054
-2702
-3331
-4001
-4700
-5244
-5753
-6094
-6202
-6353
-6152
-5759
-5318
-4664
-3676
-2677
-1393
-147
1034
2278
3404
4424
5476
6106
6464
6601
6666
6607
6360
5692
4949
4277
3504
2623
1657
763
-35
-841
-1880
-2670
-3194
-3737
-4228
-4658
-4929
-4891
-4756
-4420
-3936
-3400
-2739
-1822
-904
112
1176
2237
3181
3884
4564
5278
5891
6207
6334
6242
6077
5861
5509
4889
4162
3396
2507
1567
703
-127
-878
-1710
-2422
-2903
-3193
-3320
-3333
-3306
-3168
-2764
-2244
-1709
-1276
-767
-231
201
546
895
1162
1288
1249
1134
955
741
478
139
-378
-900
-1441
-2052
-2721
-3400
-4035
-4773
-5431
-5983
-6301
-6434
-6447
-6294
-5960
-5615
-4898
-3712
-2630
-1527
-242
1019
2334
3473
4504
5599
6322
6565
6698
6798
6752
6494
5805
5012
4269
3530
2639
1683
763
-75
-967
-2004
-2761
-3250
-3834
-4437
-4847
-5106
-5138
-4921
-4584
-4151
-3634
-2935
-1925
-939
30
1058
2163
3113
3931
4634
5250
5795
6159
6322
6279
6136
5909
5568
4974
4253
3546
2730
1775
932
67
-766
-1541
-2220
-2809
-3098
-3286
-3332
-3243
-3085
-2669
-2117
-1632
-1175
-616
-92
340
679
945
1149
1261
1250
1128
878
637
287
-155
-762
-1394
-2021
-2692
-3484
-4242
-4830
-5425
-5853
-6333
-6574
-6560
-6378
-6041
-5667
-5069
-4130
-2938
-1703
-422
813
2072
3293
4471
5546
6282
6737
6975
7033
7048
6663
6084
5415
4615
3710
2732
1767
887
-3
-1000
-1982
-2798
-3371
-3918
-4505
-4977
-5228
-5221
-5086
-4794
-4326
-3729
-2970
-2080
-1088
-48
982
2023
3107
3931
4647
5258
5734
6094
6268
6275
6148
5867
5400
4900
4328
3611
2766
1842
949
111
-726
-1461
-2172
-2719
-3108
-3296
-3314
-3189
-2948
-2553
-2110
-1617
-1037
-489
59
435
736
990
1145
1229
1154
938
689
352
-48
-623
-1214
-1843
-2515
-3264
-3858
-4445
-5096
-5593
-6050
-6332
-6504
-6430
-6227
-5830
-5406
-4636
-3655
-2465
-1209
166
1473
2685
3857
5104
6101
6733
7028
7189
7207
7008
6567
5865
5087
4220
3297
2244
1340
452
-445
-1431
-2369
-3101
-3623
-4151
-4634
-5003
-5197
-5158
-4886
-4507
-4002
-3378
-2509
-1529
-445
685
1781
2787
3623
4481
5170
5628
5908
6060
6036
5960
5770
5428
4995
4411
3758
3107
2293
1502
685
-184
-1032
-1761
-2357
-2893
-3142
-3267
-3326
-3178
-2791
-2272
-1755
-1212
-632
-34
333
637
949
1038
990
854
546
280
-92
-537
-954
-1580
-2298
-2823
-3471
-4026
-4502
-5218
-5895
-6303
-6504
-6535
-6455
-6360
-5994
-5434
-4491
-3254
-1867
-535
838
2163
3483
4912
6150
6772
7009
7162
7342
7197
6561
5751
5018
4057
3015
2051
1115
278
-629
-1632
-2550
-3143
-3565
-4051
-4658
-5085
-5159
-5045
-4785
-4371
-3847
-3195
-2310
-1222
-51
1183
2323
3324
4111
4895
5723
6185
6218
6065
5902
5665
5299
4819
4168
3481
2808
2157
1480
806
106
-614
-1382
-2016
-2402
-2639
-2845
-3017
-2986
-2641
-2093
-1410
-861
-318
312
898
1356
1640
1746
1721
1461
1026
653
167
-487
-1165
-1956
-2688
-3292
-4024
-4698
-5303
-5869
-6362
-6807
-7106
-7144
-7077
-6767
-6352
-5716
-4705
-3333
-1782
-272
1200
2682
4221
5722
6860
7470
7761
7952
8001
7642
6757
5806
4990
3941
2729
1532
590
-266
-1200
-2221
-3045
-3555
-3925
-4428
-4970
-5209
-5105
-4898
-4671
-4321
-3648
-2769
-1760
-757
366
1648
2881
3864
4531
5239
5981
6374
6172
5804
5598
5303
4833
4159
3440
2844
2267
1655
975
341
-216
-797
-1521
-2045
-2334
-2520
-2716
-2831
-2704
-2230
-1541
-911
-339
272
970
1599
1927
1998
1994
1867
1382
705
140
-514
-1225
-2085
-2931
-3637
-4153
-4729
-5316
-5980
-6477
-6852
-7207
-7296
-7200
-6970
-6652
-5943
-4815
-3302
-1699
-188
1273
2959
4672
6139
7028
7558
7963
8255
7903
7220
6479
5630
4578
3380
2213
1269
454
-433
-1382
-2202
-2726
-3060
-3524
-4077
-4432
-4555
-4521
-4412
-4110
-3722
-3105
-2286
-1298
-226
982
2175
3239
4049
4814
5627
6041
5994
5794
5525
5254
4794
4236
3599
2978
2396
1787
1158
535
-13
-627
-1300
-1878
-2246
-2437
-2668
-2802
-2668
-2245
-1645
-1003
-407
213
908
1549
1936
2066
2150
1946
1493
856
180
-514
-1380
-2334
-3197
-3962
-4662
-5292
-5855
-6461
-6966
-7243
-7285
-7126
-6882
-6513
-5869
-4696
-3285
-1791
-427
898
2566
4245
5452
6238
6886
7393
7671
7362
6659
6095
5460
4476
3280
2151
1279
584
-343
-1385
-2074
-2485
-2922
-3422
-3872
-4116
-4101
-4056
-3953
-3663
-3115
-2402
-1570
-747
216
1431
2573
3434
4139
4826
5503
5852
5727
5440
5260
5014
4512
3905
3226
2689
2117
1380
629
14
-600
-1278
-1949
-2544
-2854
-2934
-3102
-3145
-2843
-2271
-1560
-922
-341
415
1162
1641
1903
2009
1991
1733
1206
437
-281
-1008
-1835
-2809
-3727
-4539
-5181
-5739
-6374
-6949
-7280
-7242
-6935
-6563
-6184
-5253
-3872
-2380
-1036
230
1666
3292
4621
5397
5850
6422
6864
6780
6198
5486
4994
4454
3418
2312
1414
816
138
-794
-1699
-2220
-2529
-3017
-3617
-4005
-3970
-3841
-3809
-3727
-3236
-2410
-1576
-795
55
1166
2372
3304
3993
4629
5275
5688
5776
5599
5465
5408
5053
4466
3829
3279
2766
2012
1075
223
-402
-1063
-1871
-2641
-3115
-3304
-3428
-3512
-3361
-2880
-2243
-1609
-1063
-418
314
903
1094
1150
1189
1103
791
163
-495
-1051
-1650
-2419
-3215
-3981
-4580
-5168
-5814
-6414
-6610
-6469
-6166
-5815
-5184
-3969
-2500
-1038
125
1415
2952
4361
5242
5588
5929
6310
6330
5785
4981
4346
3920
3090
1993
1114
528
100
-621
-1431
-1998
-2212
-2525
-3061
-3581
-3660
-3483
-3409
-3447
-3246
-2508
-1594
-853
-155
830
2066
3129
3880
4472
5145
5722
6003
6043
5978
5931
5674
5141
4495
3857
3232
2442
1489
509
-240
-931
-1735
-2455
-2953
-3108
-3156
-3196
-3117
-2733
-2174
-1693
-1295
-891
-439
-92
-41
-153
-261
-459
-933
-1496
-2089
-2532
-3105
-3864
-4524
-5098
-5523
-5965
-6279
-6390
-6027
-5395
-4820
-3792
-2391
-758
574
1821
3229
4576
5552
5875
6099
6341
6288
5829
5008
4210
3675
3013
2122
1213
525
87
-507
-1228
-1825
-2260
-2645
-3165
-3706
-4003
-3997
-3867
-3911
-3796
-3145
-2212
-1376
-603
339
1546
2675
3467
4151
4807
5327
5630
5795
5831
5743
5531
5154
4632
4027
3418
2703
1812
874
103
-591
-1370
-2056
-2564
-2735
-2684
-2631
-2528
-2124
-1534
-1018
-560
-249
70
356
254
46
-210
-634
-1300
-1992
-2709
-3413
-4133
-5027
-5864
-6533
-7063
-7545
-7816
-7774
-7120
-6371
-5341
-3834
-2064
-364
1115
2808
4361
5580
6316
6634
6995
7003
6674
6106
5273
4647
4084
3309
2395
1666
1187
564
-164
-907
-1504
-2051
-2658
-3409
-3983
-4199
-4336
-4415
-4479
-3945
-3097
-2308
-1521
-467
845
2014
3028
3868
4721
5416
5890
6178
6185
6133
5895
5476
4801
4110
3373
2430
1517
591
-323
-1141
-1835
-2425
-2939
-3119
-3064
-2895
-2689
-2277
-1594
-956
-481
-46
366
670
763
617
302
-130
-746
-1388
-2229
-3153
-3908
-4877
-5688
-6567
-7229
-7515
-7645
-7241
-6797
-5850
-4414
-2898
-1292
-1
1533
3116
4230
4893
5213
5651
5849
5612
5135
4625
4374
4009
3504
2825
2315
2037
1623
931
131
-356
-900
-1620
-2510
-3160
-3400
-3645
-3882
-4021
-3551
-2753
-2046
-1358
-438
887
2185
3122
3915
4896
5812
6327
6433
6440
6416
6143
5563
4717
3889
3081
2040
989
-118
-1072
-1774
-2519
-3249
-3716
-3873
-3864
-3811
-3681
-3267
-2642
-2118
-1699
-1219
-690
-315
-210
-265
-349
-535
-964
-1665
-2322
-2921
-3670
-4529
-5369
-5796
-5858
-5693
-5374
-4564
-3169
-1697
-449
707
2082
3336
4004
4203
4271
4341
4080
3537
2961
2439
2197
2007
1746
1405
1357
1514
1396
990
550
276
-190
-925
-1758
-2394
-2725
-3052
-3387
-3506
-3094
-2404
-1790
-1172
-162
1255
2260
3068
3926
4778
5430
5647
5843
5874
5823
5615
5178
4619
3893
3391
2773
1702
823
140
-585
-1414
-2243
-2776
-3062
-3315
-3615
-3649
-3403
-3114
-2885
-2792
-2581
-2320
-2224
-2482
-2698
-2778
-3062
-3630
-4111
-4537
-4934
-5432
-5934
-5997
-5669
-4956
-4154
-2991
-1321
475
1938
3156
4449
5747
6299
6229
5961
5647
5224
4271
3292
2513
2103
1758
1093
552
405
664
547
-92
-647
-890
-1171
-1831
-2740
-3332
-3416
-3400
-3442
-3445
-2683
-1591
-690
86
1025
2505
3618
4120
4606
5178
5634
5392
5183
5123
4835
4342
3729
3316
2684
2123
1596
779
45
-550
-1073
-1713
-2348
-2702
-2807
-2813
-2881
-2750
-2381
-2000
-1684
-1484
-1388
-1409
-1450
-1842
-2475
-2832
-3401
-4198
-5024
-5794
-6292
-6317
-6307
-6116
-5704
-4622
-3145
-2019
-947
243
1922
3194
3721
4037
4258
4605
4877
4556
4041
3663
3608
3695
3268
2818
2758
2805
2550
1930
1416
1091
650
-296
-1308
-1811
-1978
-2370
-2960
-3016
-2470
-1747
-1338
-1034
-116
980
1932
2367
2746
3292
3532
3639
3722
3838
3800
3553
3325
3126
2996
2777
2249
1648
1090
752
267
-579
-1352
-1781
-1992
-2352
-2733
-2922
-2880
-2779
-2806
-2916
-2985
-3040
-3329
-3701
-3929
-4215
-4549
-5187
-5541
-5700
-5859
-5681
-5367
-4680
-3608
-2130
-613
554
1827
3152
4301
4897
5058
5251
5097
4523
3850
3337
2775
2056
1565
1206
949
617
418
334
147
-85
-367
-596
-963
-1366
-1610
-1673
-1671
-1705
-1489
-710
137
888
1734
2685
3590
4055
4356
4644
4815
4668
4318
4044
3527
2955
2666
2231
1715
1330
957
492
2
-432
-889
-1331
-1797
-2206
-2480
-2616
-2764
-2805
-2717
-2546
-2395
-2532
-2596
-2745
-2907
-3345
-3871
-4200
-4770
-5282
-5934
-6332
-6650
-6554
-5841
-5060
-3834
-2274
-618
976
2243
3509
4525
5120
5477
5463
5200
4600
4063
3610
3109
2654
2211
1945
1732
1646
1515
1280
937
575
181
-343
-893
-1443
-1933
-2238
-2415
-2333
-1947
-1241
-465
397
1499
2393
3085
3413
3811
4192
4292
4230
3927
3679
3426
3216
2969
2474
2100
1786
1370
751
150
-393
-1067
-1672
-2162
-2507
-2852
-3112
-3151
-3083
-2878
-2758
-2840
-2898
-2942
-3094
-3449
-3924
-4323
-4774
-5246
-5744
-6223
-6559
-6322
-5686
-4761
-3594
-2138
-382
1015
2153
3318
4163
4709
4948
4862
4480
3922
3627
3288
2822
2481
2212
2130
1991
1902
1788
1546
1262
909
469
-90
-619
-1194
-1680
-1948
-2003
-1676
-1389
-709
150
1133
2124
2734
3364
3783
4283
4544
4527
4456
4170
4015
3883
3519
3071
2578
2226
1725
968
302
-458
-1232
-2005
-2663
-3192
-3741
-4234
-4480
-4547
-4588
-4565
-4634
-4585
-4481
-4448
-4410
-4588
-4586
-4730
-4888
-4939
-5098
-4883
-4401
-3675
-2547
-1295
121
1537
2632
3659
4325
4764
4933
4769
4327
3596
2969
2449
1855
1359
1056
863
869
812
923
954
861
800
649
444
50
-281
-621
-855
-978
-782
-430
28
652
1312
2091
2528
2920
3224
3527
3903
3966
3971
3791
3675
3859
3795
3536
3225
3032
2773
2184
1531
790
20
-776
-1630
-2461
-3191
-3899
-4534
-4977
-5284
-5504
-5834
-6016
-6103
-6100
-6141
-6273
-6360
-6443
-6389
-6273
-6102
-5579
-4853
-3622
-2070
-653
1015
2526
3870
4986
5709
6258
6394
6250
5670
4878
4392
3641
2748
2031
1423
1021
536
213
29
-196
-406
-509
-624
-799
-1027
-1152
-1037
-716
-421
-19
669
1307
1877
2260
2719
3106
3380
3546
3681
3765
3504
3303
3531
3488
3146
2841
2691
2572
2101
1610
1077
575
-98
-745
-1275
-1823
-2404
-2977
-3281
-3557
-3899
-4317
-4503
-4655
-4872
-5136
-5393
-5648
-5969
-6310
-6557
-6754
-6802
-6561
-5954
-4914
-3767
-2435
-1026
243
1488
2553
3523
4331
4725
4857
4820
4979
5097
4819
4576
4376
4315
4103
3666
3325
2872
2389
1841
1295
684
19
-557
-861
-992
-1084
-987
-811
-532
-347
-68
305
593
861
1057
1426
1788
2021
2320
2709
3140
3394
3596
3736
3707
3565
3238
2853
2270
1540
745
-68
-922
-1842
-2647
-3443
-4184
-4801
-5324
-5706
-6104
-6308
-6461
-6532
-6487
-6515
-6358
-6249
-5931
-5331
-4695
-3683
-2515
-1340
-126
796
1789
2657
3305
3767
3866
3922
3710
3617
3512
3242
2987
2751
2666
2537
2306
2046
1863
1639
1373
1090
855
690
572
738
904
1209
1509
1679
1837
1830
1981
1960
1859
1771
1608
1543
1411
1322
1366
1385
1386
1403
1497
1476
1302
1141
991
719
309
-110
-631
-1106
-1619
-2128
-2585
-3073
-3521
-3814
-4079
-4407
-4669
-4808
-4820
-4966
-5143
-5150
-5190
-5033
-4796
-4371
-3613
-2837
-1914
-1098
-244
558
1243
1945
2418
2717
2907
2994
3131
3243
3261
3253
3161
3175
3133
2966
2721
2404
2178
1957
1698
1352
1101
1093
1152
1212
1279
1495
1755
1913
1947
2006
2018
1924
1854
1755
1694
1541
1371
1328
1271
1116
894
679
463
164
-136
-388
-746
-1102
-1424
-1645
-1831
-2166
-2500
-2660
-2791
-2993
-3179
-3263
-3294
-3418
-3523
-3548
-3542
-3636
-3704
-3648
-3482
-3341
-2999
-2499
-1992
-1597
-1326
-907
-502
-109
86
270
468
693
1015
1297
1638
1922
2225
2623
2944
3138
3220
3221
3290
3324
3205
3036
2959
2895
2797
2677
2674
2563
2364
2187
1937
1777
1531
1293
1168
1105
1069
1069
1213
1352
1413
1452
1465
1324
1041
781
468
109
-325
-768
-1155
-1531
-1982
-2452
-2844
-3237
-3628
-3980
-4232
-4467
-4718
-4846
-4975
-4996
-4952
-4900
-4716
-4438
-3974
-3290
-2540
-1851
-1193
-506
267
929
1457
1783
1910
2033
2130
2233
2189
2100
2038
2061
2122
2108
1979
1796
1749
1747
1702
1679
1659
1732
1816
1871
1921
1977
2018
1958
1849
1755
1680
1639
1697
1726
1792
1890
1999
2072
2088
2114
2040
1929
1728
1454
1207
958
640
292
-26
-344
-718
-1083
-1516
-1900
-2254
-2621
-2962
-3262
-3527
-3817
-4039
-4183
-4308
-4460
-4555
-4634
-4577
-4462
-4257
-3875
-3383
-2939
-2619
-2113
-1537
-1158
-1110
-1019
-585
-102
283
589
1070
1656
2026
2392
2845
3171
3175
3151
3331
3528
3453
3265
3215
3195
3094
2848
2663
2496
2263
2109
2056
2065
1960
1903
1927
1890
1828
1783
1835
1807
1732
1680
1689
1608
1309
1044
897
695
272
-138
-368
-586
-994
-1447
-1767
-1993
-2291
-2668
-2964
-3131
-3417
-3771
-4035
-4163
-4303
-4503
-4579
-4463
-4315
-4261
-4156
-3940
-3665
-3522
-3236
-2593
-1992
-1701
-1558
-1128
-458
-26
258
657
1180
1601
1979
2493
3042
3245
3284
3660
4051
4075
3734
3588
3657
3622
3354
3075
2931
2666
2347
2173
2145
1906
1632
1585
1682
1656
1459
1402
1447
1437
1323
1280
1253
1083
912
892
911
642
263
145
95
-184
-703
-1097
-1302
-1603
-2043
-2407
-2641
-2946
-3401
-3729
-3800
-4037
-4441
-4694
-4728
-4734
-4924
-4973
-4706
-4329
-4136
-3866
-3229
-2442
-1971
-1800
-1415
-803
-334
-75
215
634
998
1299
1793
2375
2811
3090
3502
4018
4326
4382
4442
4573
4606
4458
4184
4022
3868
3677
3525
3395
3134
2868
2699
2545
2261
1804
1532
1294
946
545
171
-74
-412
-794
-1020
-1127
-1363
-1680
-1841
-1823
-1884
-2173
-2360
-2401
-2399
-2474
-2594
-2529
-2440
-2426
-2459
-2383
-2333
-2411
-2532
-2561
-2549
-2675
-2800
-2859
-2868
-3011
-3108
-2887
-2515
-2474
-2738
-2650
-2190
-1764
-1589
-1291
-693
-138
369
1015
1805
2440
2829
3441
4222
4683
4748
4889
5299
5545
5405
5167
5101
5029
4831
4530
4256
3896
3399
3039
2663
2140
1486
1013
687
288
-177
-546
-799
-1097
-1362
-1536
-1661
-1883
-2227
-2345
-2308
-2442
-2756
-2963
-2895
-2854
-2989
-3118
-3067
-3030
-3067
-3140
-3136
-3147
-3274
-3322
-3263
-3215
-3281
-3187
-2869
-2592
-2488
-2215
-1640
-1115
-944
-931
-683
-271
-122
-38
243
575
751
946
1510
2042
2172
2222
2695
3303
3508
3381
3459
3740
3792
3703
3738
3877
3834
3761
3869
4003
3869
3619
3548
3465
3185
2742
2390
2118
1717
1365
1050
677
218
-142
-342
-654
-1182
-1650
-1861
-2094
-2521
-3001
-3255
-3435
-3728
-4006
-4106
-4163
-4448
-4666
-4653
-4537
-4638
-4777
-4637
-4369
-4124
-3924
-3586
-3287
-3148
-2850
-2167
-1409
-1056
-937
-610
-62
292
530
865
1211
1448
1630
2001
2365
2460
2560
2945
3384
3497
3346
3334
3442
3430
3272
3193
3187
3168
3073
3081
3159
3073
2969
2923
2906
2708
2427
2203
2033
1824
1574
1354
1097
827
554
361
131
-296
-679
-974
-1265
-1684
-2134
-2459
-2671
-2894
-3153
-3278
-3391
-3514
-3666
-3716
-3664
-3749
-3816
-3795
-3702
-3648
-3685
-3679
-3506
-3279
-3075
-2881
-2553
-2089
-1790
-1560
-1351
-1048
-716
-470
-152
194
542
903
1333
1897
2395
2758
3136
3526
3771
3761
3769
3742
3723
3678
3611
3526
3422
3347
3312
3237
3043
2816
2604
2448
2086
1714
1462
1217
981
756
637
524
345
157
90
41
-169
-477
-732
-914
-1232
-1608
-1897
-2154
-2379
-2622
-2873
-3078
-3299
-3503
-3666
-3772
-3904
-4037
-4086
-4060
-4002
-3840
-3497
-3203
-2989
-2802
-2375
-1827
-1359
-1093
-879
-624
-371
-139
121
426
590
821
1270
1777
2139
2388
2698
3093
3318
3300
3209
3176
3169
3151
3095
3086
3044
3015
3060
3033
2924
2746
2625
2482
2261
1958
1687
1462
1250
1083
887
682
390
124
-31
-218
-482
-819
-1051
-1250
-1466
-1684
-1839
-1962
-2096
-2192
-2267
-2344
-2515
-2629
-2648
-2703
-2837
-2984
-3067
-3141
-3248
-3313
-3342
-3367
-3302
-3101
-2872
-2714
-2596
-2268
-1776
-1470
-1341
-1105
-672
-162
317
666
895
1092
1443
1938
2321
2552
2694
2986
3457
3728
3840
3859
4010
4154
4214
4109
3865
3705
3590
3467
3219
2917
2542
2266
2060
1722
1291
916
632
369
142
-114
-382
-610
-768
-855
-1051
-1334
-1646
-1822
-1891
-2101
-2381
-2605
-2731
-2807
-2879
-2972
-2980
-3021
-3040
-3017
-2977
-2951
-2972
-2944
-2785
-2634
-2480
-2307
-2059
-1752
-1464
-1253
-1135
-988
-823
-616
-452
-171
144
498
912
1209
1496
1766
2021
2226
2337
2422
2437
2425
2433
2506
2515
2513
2469
2451
2537
2521
2459
2391
2364
2299
2170
2013
1905
1812
1689
1556
1445
1336
1139
934
798
621
399
120
-97
-292
-533
-822
-1086
-1264
-1438
-1662
-1895
-2068
-2258
-2446
-2575
-2726
-2872
-2963
-3003
-3025
-3020
-2844
-2617
-2579
-2740
-2789
-2587
-2319
-2257
-2254
-1990
-1673
-1382
-1100
-739
-439
-230
51
469
765
840
982
1297
1738
1922
2024
2224
2435
2666
2768
2803
2759
2731
2742
2702
2576
2419
2354
2319
2252
2070
1941
1842
1699
1610
1514
1388
1170
1028
975
929
720
501
425
365
253
-29
-315
-532
-786
-1019
-1237
-1461
-1713
-1930
-2086
-2220
-2352
-2513
-2627
-2701
-2710
-2755
-2778
-2726
-2669
-2564
-2428
-2312
-2230
-2044
-1831
-1670
-1500
-1328
-1136
-937
-713
-523
-327
-68
142
390
652
895
1110
1335
1582
1797
1935
2048
2187
2303
2438
2475
2489
2544
2577
2612
2590
2544
2475
2431
2294
2121
1958
1781
1617
1413
1284
1101
913
730
523
391
284
193
85
7
-85
-220
-391
-510
-615
-773
-937
-1147
-1326
-1475
-1672
-1793
-1944
-2085
-2162
-2281
-2410
-2534
-2613
-2685
-2759
-2811
-2787
-2767
-2754
-2665
-2516
-2317
-2167
-1934
-1645
-1324
-1060
-787
-475
-156
207
511
858
1169
1455
1766
2049
2325
2518
2730
2903
3009
3051
3066
3075
3027
2956
2839
2742
2566
2349
2139
1925
1729
1538
1335
1153
1007
812
621
444
269
114
-52
-126
-232
-364
-477
-641
-721
-793
-918
-1083
-1187
-1296
-1403
-1492
-1573
-1652
-1737
-1796
-1898
-1982
-2032
-2113
-2146
-2140
-2083
-2080
-2027
-1926
-1834
-1734
-1627
-1482
-1385
-1242
-1154
-1075
-922
-796
-642
-457
-250
-42
175
413
654
878
1097
1292
1472
1679
1831
1995
2172
2283
2435
2587
2714
2791
2853
2891
2870
2789
2672
2541
2341
2159
1933
1687
1437
1152
872
608
372
107
-140
-390
-604
-822
-1057
-1253
-1469
-1624
-1789
-1902
-1977
-2065
-2047
-2025
-2002
-1980
-1942
-1911
-1888
-1803
-1735
-1706
-1674
-1594
-1505
-1396
-1269
-1236
-1139
-1028
-948
-875
-762
-656
-537
-393
-235
-78
25
183
308
447
595
687
833
1001
1147
1229
1323
1428
1531
1619
1689
1760
1821
1932
1999
2057
2142
2151
2170
2167
2175
2123
2012
1892
1767
1607
1382
1170
973
803
566
293
56
-231
-490
-748
-970
-1233
-1501
-1708
-1861
-2008
-2159
-2245
-2286
-2253
-2260
-2278
-2235
-2183
-2091
-1998
-1907
-1823
-1723
-1608
-1448
-1300
-1185
-1020
-878
-706
-567
-451
-277
-161
-43
76
216
313
401
542
699
827
923
1033
1136
1251
1277
1305
1368
1383
1404
1425
1455
1474
1500
1563
1637
1694
1728
1752
1772
1784
1761
1695
1617
1494
1381
1257
1130
986
852
746
608
455
255
64
-204
-431
-694
-981
-1173
-1409
-1632
-1827
-1973
-2115
-2263
-2341
-2366
-2437
-2493
-2477
-2445
-2361
-2322
-2228
-2068
-1925
-1732
-1553
-1315
-1094
-883
-624
-384
-203
-9
177
354
569
697
843
1047
1193
1343
1431
1522
1582
1643
1678
1713
1706
1663
1661
1626
1608
1533
1461
1382
1275
1184
1076
975
895
843
792
733
657
581
541
482
439
354
266
215
115
52
-58
-193
-279
-335
-459
-582
-667
-784
-923
-1059
-1132
-1246
-1320
-1379
-1461
-1480
-1554
-1631
-1701
-1715
-1732
-1787
-1773
-1723
-1628
-1591
-1434
-1269
-1130
-966
-843
-637
-435
-220
-35
178
392
592
822
1029
1210
1336
1505
1637
1722
1786
1802
1839
1850
1838
1750
1704
1653
1609
1526
1419
1352
1239
1181
1040
862
726
584
460
329
229
148
76
16
-50
-152
-247
-319
-412
-465
-567
-673
-752
-869
-927
-1032
-1114
-1223
-1323
-1380
-1406
-1440
-1480
-1510
-1539
-1465
-1446
-1453
-1377
-1347
-1261
-1144
-1063
-1012
-900
-768
-663
-557
-415
-252
-114
87
235
360
503
615
721
833
983
1069
1158
1268
1377
1448
1500
1556
1585
1656
1648
1575
1555
1492
1436
1345
1249
1162
1060
954
866
763
637
503
402
324
146
-26
-175
-345
-469
-615
-750
-868
-946
-1017
-1090
-1120
-1172
-1209
-1262
-1214
-1219
-1224
-1194
-1212
-1181
-1163
-1144
-1145
-1114
-1118
-1077
-1042
-1013
-970
-925
-803
-777
-710
-623
-561
-475
-391
-294
-208
-52
104
261
413
574
733
877
1061
1141
1201
1319
1365
1429
1460
1466
1461
1463
1450
1411
1369
1318
1263
1180
1116
995
840
724
619
549
450
384
302
225
148
81
3
-135
-228
-354
-421
-508
-628
-734
-843
-860
-929
-1019
-1120
-1229
-1303
-1373
-1420
-1438
-1472
-1499
-1421
-1388
-1352
-1290
-1205
-1074
-968
-827
-732
-627
-508
-372
-233
-88
65
168
306
440
525
576
631
722
786
845
873
919
979
1041
1075
1091
1134
1143
1169
1162
1135
1147
1124
1133
1147
1123
1087
1048
971
884
778
667
587
489
387
213
45
-82
-256
-403
-532
-647
-786
-875
-921
-958
-993
-1048
-1045
-1101
-1109
-1178
-1212
-1172
-1214
-1183
-1172
-1096
-1027
-964
-921
-815
-704
-636
-531
-450
-339
-338
-304
-208
-164
-100
-45
50
152
276
367
467
559
612
674
735
842
855
867
942
974
983
1008
1054
1071
1067
1071
1060
1018
965
911
845
811
716
590
526
451
425
371
298
188
94
5
-85
-199
-354
-457
-560
-596
-686
-783
-808
-877
-892
-909
-953
-1017
-1034
-1053
-1052
-1036
-1063
-1048
-1033
-974
-952
-919
-843
-796
-716
-650
-551
-498
-403
-295
-195
-112
4
145
247
403
509
585
693
784
847
870
913
929
942
966
988
989
982
980
953
978
947
896
869
842
822
749
699
642
563
483
435
374
284
198
84
20
-110
-259
-369
-493
-578
-681
-754
-827
-872
-919
-967
-970
-999
-1032
-1064
-1038
-1033
-984
-920
-874
-813
-764
-655
-572
-479
-398
-330
-231
-141
-69
-42
40
76
136
227
231
254
293
353
397
426
437
475
520
555
577
592
672
701
726
780
790
811
824
858
851
813
785
761
729
703
642
585
587
557
511
482
403
304
200
102
1
-147
-288
-366
-451
-554
-650
-744
-797
-850
-932
-1004
-1118
-1148
-1144
-1149
-1148
-1159
-1101
-998
-892
-800
-702
-627
-462
-349
-263
-152
-87
10
116
227
284
348
433
511
556
584
600
610
666
670
626
623
590
604
609
595
576
597
614
615
589
528
515
494
523
494
458
466
439
438
407
384
332
290
260
218
123
34
-26
-104
-145
-259
-350
-375
-457
-528
-620
-688
-744
-783
-805
-852
-890
-910
-897
-880
-795
-803
-805
-749
-717
-644
-594
-532
-473
-376
-305
-238
-162
-77
37
110
220
291
344
431
499
572
645
721
768
810
840
862
853
818
804
771
768
704
631
599
508
449
389
322
246
164
73
-17
-73
-149
-167
-174
-145
-182
-211
-196
-215
-191
-212
-214
-213
-207
-197
-193
-189
-176
-161
-191
-202
-271
-340
-377
-423
-425
-450
-463
-476
-467
-476
-480
-466
-444
-400
-410
-349
-328
-277
-186
-128
-51
27
131
199
262
358
442
492
549
611
655
734
759
743
770
783
783
772
752
698
653
601
523
426
326
255
175
141
59
-52
-113
-184
-212
-272
-311
-385
-422
-439
-499
-562
-606
-599
-582
-533
-546
-572
-523
-492
-482
-483
-486
-479
-450
-411
-394
-383
-339
-276
-221
-176
-167
-134
-78
-46
-1
31
85
126
182
211
225
230
243
306
333
359
362
377
424
447
479
502
534
557
573
566
571
547
537
543
498
482
433
387
366
283
217
160
108
42
-21
-81
-118
-124
-147
-197
-270
-314
-385
-475
-528
-606
-628
-645
-680
-705
-723
-741
-767
-774
-773
-765
-764
-710
-667
-635
-557
-505
-417
-340
-263
-206
-137
-63
-8
41
86
137
162
229
239
250
288
287
313
329
331
313
318
302
292
305
323
331
330
366
383
377
422
424
438
477
507
515
521
517
519
498
459
424
377
345
253
171
137
88
31
-33
-79
-149
-228
-302
-363
-439
-528
-585
-624
-610
-650
-700
-702
-703
-687
-704
-697
-668
-630
-598
-571
-527
-505
-471
-403
-309
-274
-251
-175
-109
-14
38
107
151
214
274
288
331
355
397
419
483
456
426
466
444
432
398
395
392
355
327
311
267
251
242
222
233
205
171
200
215
247
258
272
267
265
283
266
239
206
188
149
122
35
-43
-59
-133
-180
-233
-274
-328
-345
-378
-428
-467
-515
-545
-587
-567
-602
-618
-598
-608
-580
-562
-519
-504
-461
-430
-386
-349
-314
-226
-189
-132
-101
-61
28
82
142
191
238
301
342
385
414
443
481
485
487
543
542
508
528
521
517
499
477
463
426
378
331
270
198
125
20
-38
-118
-193
-194
-255
-288
-313
-310
-312
-306
-317
-304
-283
-291
-283
-271
-233
-243
-222
-203
-219
-211
-222
-204
-227
-228
-245
-250
-244
-250
-227
-237
-210
-227
-233
-191
-205
-196
-180
-162
-144
-112
-73
-45
12
68
99
113
165
175
203
259
258
275
280
303
320
338
336
319
330
356
361
311
328
332
340
367
341
354
345
351
342
317
262
226
179
116
61
-49
-84
-144
-220
-262
-334
-378
-436
-458
-476
-514
-571
-577
-567
-571
-573
-579
-525
-513
-488
-442
-414
-354
-306
-240
-198
-158
-132
-78
-37
-17
25
29
85
65
54
95
95
107
105
118
128
141
156
181
195
215
237
257
306
326
302
323
297
294
294
289
303
303
307
323
345
342
321
291
307
265
218
214
167
157
151
152
133
101
76
50
19
-27
-93
-151
-155
-227
-304
-332
-380
-411
-443
-454
-464
-478
-472
-438
-399
-389
-355
-340
-287
-287
-299
-270
-262
-218
-195
-155
-130
-118
-84
-54
-19
-1
30
30
71
83
65
98
109
162
175
216
252
279
305
326
343
361
376
343
376
368
351
357
328
314
290
278
242
215
156
118
126
121
88
56
69
58
42
57
38
41
58
69
70
67
67
57
46
20
5
-32
-20
-64
-122
-137
-204
-223
-271
-311
-364
-410
-450
-478
-494
-545
-543
-563
-517
-506
-488
-405
-357
-271
-193
-133
-74
20
89
164
222
284
339
375
443
441
442
461
457
433
386
389
364
336
318
277
233
228
214
172
192
149
114
134
115
126
112
105
92
91
109
90
77
91
110
82
86
59
38
48
9
1
-18
-25
-36
-67
-101
-116
-127
-157
-164
-186
-177
-214
-220
-182
-184
-189
-197
-195
-221
-208
-220
-246
-243
-242
-247
-256
-201
-212
-216
-152
-138
-121
-96
-64
-35
28
78
126
158
174
233
264
308
303
300
334
336
327
310
321
325
316
290
276
227
198
179
149
159
117
82
90
55
40
26
22
3
-5
8
-37
-50
-53
-56
-74
-57
-77
-97
-94
-117
-119
-121
-98
-137
-149
-145
-136
-160
-161
-156
-184
-160
-180
-198
-189
-162
-169
-193
-183
-179
-163
-180
-187
-167
-162
-140
-150
-116
-101
-93
-47
-43
-17
27
63
92
118
139
161
200
236
260
264
300
272
241
280
269
231
194
203
189
175
151
142
158
159
166
121
125
102
78
89
58
31
27
71
108
97
97
140
139
121
101
60
53
2
-52
-80
-120
-146
-177
-208
-227
-275
-323
-331
-329
-361
-368
-360
-322
-323
-312
-268
-262
-220
-207
-156
-137
-134
-94
-63
-17
-7
14
33
91
76
51
85
92
101
93
105
125
158
156
176
211
229
248
260
304
288
286
313
312
333
318
332
345
355
335
313
288
249
233
192
202
153
97
63
26
17
-27
-26
-36
-55
-75
-70
-73
-109
-103
-109
-81
-97
-130
-120
-161
-166
-198
-202
-237
-266
-275
-285
-297
-327
-324
-330
-308
-329
-348
-301
-287
-272
-254
-201
-152
-119
-72
-14
47
100
159
209
264
252
258
304
307
328
341
348
323
288
277
268
221
199
192
213
249
228
213
203
189
179
146
131
133
133
111
121
151
164
168
142
153
115
56
41
-11
-27
-64
-51
-63
-61
-73
-101
-117
-134
-141
-173
-159
-190
-224
-213
-210
-215
-223
-184
-176
-163
-157
-151
-157
-152
-123
-128
-85
-75
-80
-49
-33
-9
17
49
53
67
102
141
157
169
183
196
277
283
251
265
261
277
258
238
208
196
173
157
158
160
157
136
151
139
109
103
76
69
55
49
34
34
34
27
15
17
12
-3
25
-20
-71
-96
-122
-142
-176
-192
-206
-192
-196
-215
-219
-208
-195
-212
-195
-194
-207
-191
-177
-128
-90
-64
-47
-3
25
21
12
35
63
51
103
96
72
109
111
131
137
146
106
120
145
126
127
158
204
215
226
205
193
199
173
174
150
152
102
96
126
92
68
44
46
13
12
-41
-71
-41
-80
-111
-124
-134
-173
-185
-206
-221
-230
-246
-238
-227
-190
-209
-225
-201
-207
-199
-220
-217
-212
-225
-246
-239
-235
-254
-239
-219
-182
-184
-182
-126
-118
-89
-68
4
33
50
65
88
130
135
157
188
245
231
224
261
251
258
234
230
235
218
207
184
172
167
155
115
132
100
59
64
25
9
-20
-33
-44
-66
-90
-99
-101
-101
-97
-116
-106
-136
-176
-175
-202
-199
-218
-222
-239
-234
-219
-232
-248
-242
-238
-235
-195
-206
-212
-170
-177
-154
-155
-144
-126
-120
-89
-63
-57
-63
-22
-16
43
75
89
136
168
194
197
202
210
210
197
199
191
198
203
192
253
246
218
240
241
233
220
206
166
149
133
100
86
88
89
83
103
83
23
19
8
-18
-33
-34
-64
-115
-143
-135
-158
-184
-187
-215
-194
-216
-231
-199
-215
-209
-238
-245
-249
-249
-271
-258
-213
-206
-175
-140
-65
-80
-85
-55
-40
-11
-1
20
41
73
59
75
76
91
112
107
151
153
148
173
194
218
215
215
243
265
244
253
251
253
250
229
237
208
157
142
132
143
99
58
30
11
-21
-64
-103
-142
-158
-183
-162
-206
-249
-228
-208
-206
-226
-223
-231
-234
-234
-227
-249
-238
-224
-220
-186
-193
-216
-181
-184
-178
-180
-198
-186
-153
-148
-139
-132
-126
-98
-82
-33
-39
-8
56
57
93
110
151
151
165
182
182
191
188
208
213
249
211
193
248
222
200
184
162
141
123
104
72
66
60
24
19
51
4
-20
-7
-20
-10
-47
-68
-66
-78
-100
-128
-128
-158
-182
-213
-183
-200
-237
-243
-260
-253
-299
-290
-298
-307
-311
-317
-320
-298
-277
-265
-210
-205
-199
-144
-114
-68
-29
10
34
53
72
89
110
130
134
137
178
172
178
210
203
226
241
235
212
210
223
231
225
242
243
234
266
235
219
220
189
176
154
157
132
131
117
78
30
11
-16
-73
-75
-110
-145
-148
-185
-185
-198
-214
-242
-252
-231
-228
-245
-240
-204
-216
-194
-216
-236
-188
-194
-176
-170
-147
-119
-94
-68
-36
-34
-15
19
42
91
87
90
116
129
157
150
181
196
212
228
230
248
256
285
281
318
287
250
256
241
230
184
186
168
170
158
147
154
134
123
101
131
97
54
81
60
62
48
47
21
-5
-32
-44
-63
-104
-135
-150
-141
-192
-247
-264
-288
-304
-333
-333
-310
-323
-335
-335
-337
-321
-294
-290
-253
-243
-243
-209
-192
-139
-121
-104
-74
-31
14
47
94
96
123
143
213
230
218
258
270
295
289
316
327
346
333
322
318
283
290
256
262
222
195
202
165
164
129
117
108
72
10
-22
-50
-65
-110
-140
-100
-158
-193
-165
-188
-184
-181
-188
-182
-191
-203
-215
-200
-191
-191
-210
-186
-201
-229
-210
-233
-224
-226
-218
-215
-196
-203
-194
-164
-173
-149
-137
-80
-75
-72
-11
-14
22
66
81
107
153
182
213
265
309
330
342
379
349
333
370
354
361
365
364
353
327
303
290
264
237
218
173
177
128
94
106
61
40
5
-28
-72
-99
-136
-165
-177
-201
-233
-258
-241
-268
-280
-274
-298
-271
-278
-272
-278
-287
-288
-280
-260
-245
-222
-223
-194
-208
-215
-207
-197
-150
-119
-98
-70
-18
2
15
12
9
6
12
64
79
60
85
114
151
161
174
174
176
189
204
233
227
255
244
254
262
254
266
240
239
217
210
211
197
187
161
129
95
69
19
10
-13
-77
-91
-124
-146
-205
-235
-263
-282
-314
-336
-350
-360
-354
-368
-352
-377
-397
-383
-372
-367
-373
-350
-325
-294
-277
-235
-193
-181
-158
-143
-92
-64
-67
-20
-1
44
79
124
153
168
202
218
219
242
261
285
334
316
304
329
335
330
327
323
309
306
290
267
230
211
192
172
173
136
94
94
62
60
26
-7
-19
-55
-79
-82
-110
-130
-128
-156
-123
-156
-187
-169
-183
-184
-211
-201
-222
-228
-249
-258
-259
-271
-257
-273
-212
-217
-238
-175
-171
-150
-133
-101
-69
-68
-49
-6
16
50
84
111
170
166
163
202
213
237
238
247
266
279
267
261
285
293
288
297
345
311
275
268
256
254
239
249
247
250
247
243
233
190
169
133
150
113
45
23
-20
-57
-104
-136
-164
-198
-234
-267
-301
-320
-350
-377
-347
-360
-384
-375
-391
-346
-325
-293
-261
-230
-207
-180
-137
-110
-81
-58
17
22
20
53
53
109
128
143
147
169
169
163
159
172
193
181
215
208
190
202
192
214
198
189
173
171
176
152
160
152
153
125
145
107
54
72
36
39
6
-25
-48
-53
-61
-90
-110
-117
-142
-170
-137
-175
-205
-190
-202
-193
-208
-198
-202
-196
-194
-213
-226
-231
-211
-231
-185
-191
-211
-184
-193
-168
-156
-131
-109
-63
-29
-8
34
74
119
137
185
184
173
198
218
253
272
295
304
324
328
338
337
333
318
279
320
271
233
236
209
199
155
136
109
86
55
18
-13
-39
-45
-55
-59
-87
-131
-134
-171
-197
-200
-196
-204
-218
-225
-248
-235
-249
-257
-280
-252
-278
-313
-280
-283
-240
-234
-219
-207
-192
-170
-149
-133
-116
-98
-94
-32
-35
-28
33
35
76
80
100
114
112
121
118
132
141
157
164
203
208
196
239
253
285
288
303
306
296
296
298
281
267
271
243
261
202
155
166
129
100
69
45
22
11
-14
-49
-85
-130
-169
-214
-211
-259
-305
-288
-322
-319
-334
-331
-337
-332
-330
-318
-288
-297
-263
-238
-195
-191
-189
-159
-164
-162
-169
-120
-104
-81
-57
-38
-4
9
35
59
109
113
129
178
209
241
262
294
304
322
340
346
342
338
338
313
323
304
261
256
232
225
208
186
164
158
144
120
116
83
73
48
41
4
-13
-24
-92
-93
-113
-108
-137
-149
-172
-179
-181
-194
-209
-222
-187
-212
-243
-238
-254
-252
-255
-251
-260
-243
-220
-212
-188
-174
-145
-131
-87
-88
-84
-23
-20
14
57
96
115
153
171
189
225
226
245
247
286
284
265
290
267
278
271
278
272
250
253
242
217
201
207
177
190
163
96
93
61
52
7
-8
-19
-47
-58
-81
-82
-106
-86
-103
-100
-133
-183
-181
-193
-183
-203
-176
-179
-165
-167
-169
-162
-167
-158
-170
-136
-142
-143
-119
-123
-91
-88
-69
-49
-36
-33
-13
5
33
57
76
140
134
137
177
184
206
215
227
236
258
262
253
265
275
295
289
311
276
224
223
187
181
152
134
120
92
73
64
34
16
0
-31
-15
-57
-97
-98
-128
-140
-154
-148
-158
-176
-181
-181
-202
-202
-201
-230
-196
-219
-244
-217
-220
-213
-202
-185
-192
-170
-154
-134
-130
-108
-74
-58
-1
0
17
42
35
80
68
89
98
109
104
109
133
134
142
141
195
181
161
199
200
198
187
211
213
217
220
222
221
216
196
168
191
151
98
88
51
47
8
-19
-34
-41
-52
-76
-71
-85
-108
-159
-139
-162
-195
-167
-195
-176
-182
-185
-199
-185
-201
-201
-192
-190
-184
-202
-141
-140
-162
-141
-157
-146
-142
-126
-122
-124
-98
-86
-67
-34
4
20
76
88
87
135
156
174
177
203
218
233
217
228
231
210
226
210
243
192
163
178
150
156
122
105
84
76
40
15
11
-5
-20
-36
-4
-36
-75
-62
-86
-81
-86
-99
-118
-118
-117
-141
-165
-175
-162
-181
-158
-173
-204
-197
-186
-171
-176
-155
-152
-136
-127
-108
-93
-69
-43
-31
16
12
14
41
46
67
66
89
100
115
101
118
133
135
150
152
198
173
154
192
178
181
178
183
189
175
167
170
152
135
128
118
144
107
78
80
71
59
30
30
10
-21
-53
-75
-100
-132
-138
-162
-148
-180
-224
-229
-261
-252
-257
-262
-275
-260
-256
-252
-252
-233
-224
-226
-173
-197
-212
-176
-168
-148
-135
-108
-105
-77
-49
-26
1
19
35
36
80
86
72
96
96
108
109
115
125
125
124
137
125
111
133
126
156
138
126
146
131
137
126
121
109
119
118
109
89
69
51
27
55
29
-16
-15
-46
-50
-62
-84
-104
-121
-145
-157
-170
-175
-172
-194
-177
-201
-238
-227
-219
-204
-207
-195
-196
-172
-143
-140
-123
-110
-93
-80
-53
-55
-58
-24
-20
2
25
49
60
66
89
107
112
123
138
130
165
162
144
168
151
164
147
138
134
127
135
123
100
87
89
74
92
77
57
62
43
33
14
7
-4
-10
-30
-34
-30
-29
-30
-51
-23
-48
-73
-75
-104
-104
-112
-110
-125
-123
-133
-142
-154
-186
-188
-206
-164
-173
-192
-163
-173
-147
-127
-112
-110
-104
-97
-88
-84
-68
-40
-44
6
-2
-9
33
24
55
66
84
87
113
133
135
129
129
148
145
175
157
139
135
109
111
102
109
107
99
99
101
98
63
42
12
33
-2
-37
-25
-42
-35
-63
-66
-77
-77
-94
-111
-111
-123
-119
-126
-97
-113
-125
-104
-122
-106
-122
-105
-96
-91
-101
-103
-106
-124
-101
-112
-58
-59
-70
-38
-29
-1
9
22
32
53
50
58
77
86
105
90
134
122
97
114
103
107
112
124
113
127
133
124
123
117
106
91
119
85
26
42
21
23
25
24
2
-22
-15
-24
-24
-29
-41
-72
-49
-76
-107
-87
-102
-96
-109
