107
4.30253
2.74522
-0.273739
1.0045
2.44487
0.249881
0.289937
-1.09255
-0.418876
-0.394412
0.588826
0.171851
4.5801
2.76101
-1.20201
0.359746
2.75006
0.0717811
0.893042
-1.19289
-0.0516832
0.0940053
0.481584
0.160205
4.83265
2.66695
-0.953317
-1.04588
2.86715
0.301755
1.09009
-1.01246
0.115451
0.29162
0.313989
0.0961111
4.21098
2.96302
-0.961644
-0.875299
2.36395
0.289011
1.2626
-1.20587
0.531764
0.237877
0.49411
0.0898812
3.05818
2.65059
-0.485099
-1.2189
1.67126
-0.286819
1.13082
-0.787259
0.675564
0.464798
0.649311
0.147134
2.76156
3.0963
0.00670173
-0.664808
2.90431
-0.283984
1.32339
0.348557
0.683042
0.795147
0.679408
0.0958514
3.31591
2.80313
-0.623379
0.0808816
3.99072
0.589831
1.62378
1.58151
0.60549
0.8857
0.29313
0.0621717
4.38461
2.65152
-0.45586
0.635805
4.21806
0.769053
1.75276
1.31543
1.10335
0.418232
-0.0730588
0.0211885
5.12825
2.48577
0.398042
1.38157
4.22383
1.43675
2.52465
0.472631
1.43712
0.0665916
-0.19602
-0.0106889
5.81443
2.62724
0.77503
0.984991
3.67831
1.37389
1.63902
0.17764
0.996961
0.485999
0.0206576
-0.012745
6.06909
2.95611
0.476102
0.808872
3.13745
1.40508
1.19872
0.172596
0.797084
0.671304
0.176326
-0.0222113
6.01587
2.81982
0.144548
1.13707
2.96773
1.26293
1.03288
0.412004
0.94832
0.485137
0.0618953
-0.0525067
6.02129
2.73887
0.295201
1.52655
2.71242
0.87168
0.984935
1.30053
1.44646
0.20714
-0.25588
-0.115878
6.13423
2.81701
0.41024
1.17222
2.39174
1.0411
1.13377
1.75811
1.21513
0.00629212
-0.318391
-0.106343
6.21461
2.85937
0.320829
1.38931
2.60484
0.959588
0.898712
1.38091
1.22481
0.253818
-0.213326
-0.10153
6.14972
2.79856
0.445554
1.7527
2.90062
0.951665
0.570036
1.24763
1.10573
0.220519
-0.202086
-0.0793375
6.0973
2.85887
0.608467
1.81999
3.2102
1.34596
0.767277
1.36208
0.845433
-0.346325
-0.335918
-0.0466373
6.56421
3.14821
0.523216
1.19645
2.76366
1.38895
0.755438
0.807013
0.45954
-0.365401
-0.229665
-0.0176977
6.69408
3.53456
0.0760168
0.00270576
1.72787
0.661744
0.824058
0.0164045
0.729663
0.122391
0.139954
0.03372
6.9129
3.27948
-0.168599
0.101873
1.63872
-0.471084
0.638657
-0.298143
1.04084
0.274693
0.11431
0.0276124
7.05552
2.79151
-0.484133
1.15731
2.56841
-1.13072
0.738848
-0.676106
0.791597
-0.018218
-0.0498533
0.0501005
7.31002
1.86714
-0.205276
2.39467
3.25726
-1.58872
0.743458
-1.21449
0.527879
-0.371424
-0.198703
0.079379
7.35138
1.02679
0.662866
2.79221
1.93627
-0.711871
0.525693
-1.19958
0.17735
-0.329969
-0.282585
0.00949256
7.50045
1.16256
0.703552
2.95497
1.42428
-0.440113
0.0713973
-1.02282
0.290115
-0.352417
-0.380649
-0.0294212
7.1782
1.81906
0.341081
2.42716
2.09307
-0.265921
-0.702177
-0.690568
0.326481
-0.515807
-0.331141
0.0239621
6.72816
1.7052
0.962502
2.64126
1.48594
-0.662866
-0.739834
-0.745512
0.50874
-0.51025
-0.277447
0.0549821
6.35284
2.25979
1.30553
2.4569
1.57414
-0.961718
-1.35967
-0.631582
0.534453
-0.391502
-0.17907
0.0512712
6.34208
2.33108
1.1159
2.28535
2.06074
-1.31334
-1.44201
-0.554883
0.412522
-0.412722
-0.193688
0.0618339
6.46614
2.39909
0.910528
2.47416
2.2906
-1.89049
-1.42389
-0.370793
0.334226
-0.445657
-0.246034
0.0851564
6.54813
2.58257
0.833666
2.7924
2.36601
-1.93821
-1.87123
-0.265405
0.211934
-0.26642
-0.239246
0.0666031
6.21296
2.60591
1.15303
2.67298
2.32138
-1.60462
-1.83768
-0.370313
0.144828
-0.260427
-0.203721
0.0384415
6.11866
2.71811
1.27235
2.40991
2.62749
-1.16609
-1.28556
-0.380806
-0.111566
-0.359872
-0.21175
0.0181457
6.36526
2.35928
1.8247
2.69531
2.65799
-0.693902
-0.657797
-0.914334
0.0462577
-0.283929
-0.241602
-0.0375357
6.88101
1.78823
1.24056
3.43858
3.3648
-0.390942
-0.381926
-1.10951
0.122833
-0.609327
-0.459296
-0.056458
6.923
1.84945
0.799549
3.63876
3.73103
-0.367995
-0.752841
-0.898977
0.0986447
-0.661693
-0.472017
-0.051133
6.55044
2.14687
0.938616
3.36236
3.66305
-0.320285
-1.12829
-0.715837
-0.00418714
-0.635212
-0.434141
-0.0471944
6.26278
2.49682
1.04476
3.31041
3.63525
-0.453749
-1.31283
-0.487415
-0.140575
-0.614873
-0.416753
-0.0438097
6.74088
2.23845
0.968346
3.54913
3.89213
-0.808836
-1.3193
-0.470326
-0.0684726
-0.483556
-0.44063
-0.0411112
6.7521
2.07652
1.08202
3.43411
3.79825
-1.04688
-1.10576
-0.673699
0.034754
-0.459331
-0.422948
-0.032817
6.14996
2.34744
1.35468
3.15252
3.2834
-0.626017
-1.22877
-0.73855
0.131477
-0.508975
-0.352769
-0.0450329
6.08517
2.43234
1.52816
3.03036
3.06108
-0.469677
-1.33079
-0.657228
0.250141
-0.539559
-0.366877
-0.0533458
6.43954
2.08355
1.86559
3.13142
2.86817
-0.493572
-0.678882
-1.10498
0.395416
-0.574047
-0.464602
-0.054961
6.82313
1.37792
2.34828
2.8418
3.18857
-0.614011
0.296299
-1.72488
0.22743
-0.441598
-0.773272
-0.0343634
6.12567
2.1706
1.95934
3.31424
2.81708
0.0358435
-0.968568
-1.0361
0.425759
-0.707688
-0.448872
-0.0628603
6.16947
2.4243
1.87098
3.37021
3.00553
-0.107041
-1.12299
-0.783976
0.242702
-0.662177
-0.425314
-0.0742151
6.47712
1.88696
2.17545
3.51032
3.30422
-0.53366
-0.940732
-0.871883
0.262272
-0.620131
-0.539593
-0.064976
6.57754
1.76858
2.25042
3.66133
3.56563
-0.824204
-1.09135
-0.705331
0.188467
-0.532679
-0.546344
-0.0708655
5.87624
2.46042
1.81209
3.49055
3.487
-0.40026
-1.32693
-0.262718
-0.0109988
-0.716277
-0.414562
-0.0505039
5.81388
2.5833
1.8649
3.32575
3.52088
-0.694838
-1.39551
-0.153538
-0.0523569
-0.683749
-0.423772
-0.0457986
6.59216
1.89789
2.10346
2.86323
4.63172
-1.77725
-0.803264
-0.515582
-0.200557
-0.348169
-0.644507
-0.0025832
6.30811
1.80854
2.15935
3.16247
4.08308
-1.44074
-0.5843
-1.22814
0.165489
-0.430001
-0.599867
-0.0229739
5.73887
2.303
2.06537
3.45058
3.97244
-1.30703
-1.30932
-0.811976
0.08989
-0.468143
-0.470582
-0.0656368
5.7093
2.44141
2.03288
3.74339
3.76991
-1.34955
-1.53249
-0.653842
0.137198
-0.464313
-0.492832
-0.0831641
5.71685
2.47694
2.20669
3.41741
3.751
-1.34056
-1.35896
-0.73728
0.0772879
-0.427976
-0.466929
-0.0753938
6.31489
1.98439
2.48221
2.79488
4.18215
-1.5462
-1.08501
-0.756249
-0.207199
-0.350518
-0.559763
-0.0368196
6.27024
2.23185
2.03725
3.44903
4.10044
-1.92005
-1.47447
-0.56728
-0.0143215
-0.301357
-0.548803
-0.0548266
5.97376
2.33071
1.66792
3.70182
3.87525
-1.36961
-1.90033
-0.500074
-0.104352
-0.293577
-0.451262
-0.0802992
5.79821
2.16459
1.40905
3.62564
3.85262
-0.89978
-1.78277
-0.662299
-0.177851
-0.415684
-0.35297
-0.0617159
6.52153
1.57994
1.38795
3.35944
4.14856
-1.59702
-0.682101
-1.25224
-0.205095
-0.517091
-0.42523
0.0244913
6.09612
1.9192
1.29014
3.47117
3.51264
-1.31921
-1.13157
-0.895192
-0.171726
-0.660002
-0.318679
0.0188389
5.95091
1.95796
1.3082
3.7415
3.59576
-1.78303
-1.50811
-0.848903
0.0783951
-0.418265
-0.362179
-0.0177773
6.16554
1.81466
1.10903
3.86313
4.15196
-2.54039
-1.23446
-1.09941
0.215175
-0.276823
-0.417999
0.00809875
6.36728
1.58644
0.903413
3.82258
4.01609
-2.51334
-1.29055
-0.975012
0.206752
-0.306478
-0.364152
0.0353056
5.81242
1.91014
0.852731
3.49743
3.456
-1.68864
-1.85986
-0.669206
0.0687453
-0.235489
-0.244555
0.00708173
6.32198
1.89016
0.751714
3.83821
3.47964
-2.32041
-1.87773
-0.484543
0.18957
-0.14183
-0.28405
0.0262474
6.91578
1.79315
0.671364
3.94249
3.92012
-3.25165
-1.54735
-0.698418
0.502669
-0.0574552
-0.318882
0.0700695
6.26253
1.97801
0.628878
3.55614
3.45605
-2.49267
-1.81277
-0.523163
0.187709
0.0439047
-0.198271
0.0508826
5.76241
1.88798
0.935892
3.31391
3.03211
-2.09792
-2.0063
-0.354541
0.133684
0.0504773
-0.12817
0.0423665
5.93702
1.7436
1.12768
3.66472
3.01767
-2.76868
-2.07029
0.00609757
0.24066
0.054788
-0.179268
0.074064
6.25718
1.71256
0.896772
3.78177
3.27445
-3.3301
-1.7227
-0.140551
0.441095
0.0541895
-0.178172
0.120211
6.2537
1.78388
0.602561
3.83773
3.38366
-3.50136
-1.34981
-0.508226
0.623628
0.0651466
-0.123323
0.136333
5.66493
2.02679
0.67056
3.41702
2.88351
-3.05175
-0.918984
-0.702705
0.598823
-0.10879
-0.0104741
0.146282
5.40701
2.19602
0.801747
2.97518
2.45683
-2.27517
-0.988389
-0.544339
0.381706
-0.0824206
0.103336
0.130562
6.06274
1.75158
0.23609
3.43356
3.25947
-2.65044
-1.06789
-0.632354
0.396894
0.175035
0.121731
0.149343
6.58399
1.5328
0.0830128
3.9003
3.68928
-3.07511
-0.630593
-0.848827
0.584674
0.166399
0.194091
0.172751
6.14056
1.82776
0.549581
3.94203
3.06944
-2.25175
-0.728732
-0.150791
0.24746
0.287405
0.23504
0.132481
5.57184
2.22589
1.05624
2.95493
2.57709
-1.05943
-0.496978
-0.331631
0.239192
0.476104
0.279645
0.0871306
5.81084
1.66612
1.32374
2.13341
2.94302
-0.713634
0.470763
-1.48039
0.348456
0.544437
0.386732
0.16079
5.55512
1.3701
1.22676
2.40991
3.71446
-0.594558
0.333711
-1.61544
0.260554
0.557757
0.474445
0.192199
4.95625
1.208
1.87918
2.33284
3.55062
-0.500951
0.13251
-1.33768
0.225209
0.579511
0.588079
0.204628
4.34712
1.43845
2.08383
2.13261
3.01793
-0.391077
-0.227218
-0.688039
0.580146
0.507018
0.806255
0.213509
3.76545
1.84994
1.81636
1.18289
2.55677
-0.0106992
1.22457
-1.06862
0.435755
1.13226
1.04041
0.220644
3.84527
1.63517
1.77177
0.830189
3.28959
-0.492521
1.07166
-0.848661
0.404867
0.714696
1.05923
0.299141
4.08342
1.53816
1.43513
1.6058
3.83774
-0.684831
0.250072
-0.858297
0.470906
0.391995
0.764151
0.216601
3.85058
1.11544
2.7292
1.60201
3.74936
0.575958
0.235515
-1.16618
0.193542
0.462773
0.498265
0.0869018
3.39545
1.03361
3.10404
2.22344
4.50177
1.41481
0.566509
-0.874552
0.150896
0.340502
0.4239
0.0203087
3.05239
1.52295
2.81816
1.92933
4.79049
0.971339
0.617427
-0.951529
0.512884
0.435095
0.422705
0.0233836
2.93732
1.23046
2.06714
1.76163
4.7156
0.634669
0.849815
-0.679775
0.64414
0.885929
0.434657
0.0409853
2.97194
0.738035
1.62487
1.64851
4.65053
0.249183
1.16125
-0.277895
0.77208
0.836204
0.624378
0.0976088
2.95147
0.68633
1.57268
2.58718
4.50414
0.381075
0.992318
0.155818
0.466836
0.605971
0.642869
0.0673571
2.25618
0.305849
2.03149
3.73192
4.28051
1.99282
0.648521
-0.465433
0.956359
0.611524
0.261064
-0.0104176
1.53553
0.390021
1.86061
3.40582
5.21205
1.84594
0.475828
-0.354778
0.483989
0.56618
0.184243
0.042989
1.39466
0.751556
1.19519
2.90992
5.088
0.770768
0.935764
-0.407427
-0.0789592
0.585551
0.167583
0.0109251
1.60183
0.574914
1.0529
1.88964
3.93076
0.17916
1.3904
-0.249521
0.0217606
0.319506
0.253007
-0.0255117
1.52772
0.699894
0.563361
2.29997
3.78915
0.637912
1.14584
-0.116373
-0.144945
0.619395
0.295422
-0.031025
1.31878
0.457956
0.222681
2.33647
3.93633
0.492968
1.1662
0.70138
-0.230504
0.743038
0.0794214
0.0230601
1.09025
0.215124
0.8158
1.82686
3.60743
0.440363
1.09044
0.322429
-0.0950498
1.03061
-0.129495
0.0109549
0.97061
-0.227175
0.568023
2.16845
3.72999
0.91885
0.0275318
-0.14896
-0.154604
0.797768
0.0396848
0.0487207
1.11668
-0.931258
0.728709
1.73962
3.98675
1.03145
-0.034964
-0.328376
0.0335206
0.831636
0.137697
-0.0038286
0.995285
-0.385093
0.930811
1.98443
4.16633
0.324636
0.137464
-0.441229
-0.285056
0.866692
0.0687262
-0.0755255
1.05535
-0.104275
0.707575
1.85768
3.9222
0.308623
0.702737
-0.552396
-0.632275
0.580343
0.10683
0.00823994
1.24057
0.035269
0.139888
1.67168
3.95936
-0.276214
1.31629
-1.28616
-0.167839
0.5894
0.0880019
0.103239
1.32412
-0.0472726
0.153582
2.05736
4.24045
-0.85205
1.51953
-1.51368
0.261555
0.793051
0.0644828
0.0837017
1.16012
0.253043
1.37495
0.893269
4.46317
-0.22352
1.06216
-1.11398
0.379854
0.708692
0.094282
0.0500476
1.30439
-0.115456
1.97923
0.8278
3.93575
0.635471
0.0957119
-0.649627
0.212236
0.780401
0.204412
-0.0418077
1.46054
-0.110375
1.22694
1.33763
3.63261
-0.0579044
0.325314
-0.337265
-0.00900343
0.76512
0.29493
-0.0464539
1.34733
-0.767011
0.783157
2.2041
3.71197
-0.841431
0.650854
0.00276732
-0.0762861
0.562214
0.211914
0.0221123
