106
1.94655
0.948348
2.17846
0.836078
1.37429
-0.788733
1.33887
-0.159035
1.30289
-0.204336
0.47687
0.10984
3.24338
1.0069
0.664619
-0.069628
1.82128
-0.636363
0.500939
-0.789791
1.26145
0.405726
0.84868
0.160886
4.33103
1.0087
-0.852383
0.769709
1.79543
-1.09976
0.398805
-0.999488
1.27786
0.665042
0.827975
0.184961
4.85246
0.737481
-1.33634
-0.274613
0.556192
-0.834748
0.601264
-1.25523
0.989409
0.446615
0.605744
0.19329
5.23912
0.731219
-0.88181
-1.02671
0.842159
-1.05755
-0.272445
-0.562092
0.305644
0.396677
0.402708
0.17867
4.63611
1.2309
-0.370048
-0.739457
1.53941
-0.525927
-0.840832
-0.320171
0.451079
0.876433
0.631316
0.10798
3.63021
0.673054
-0.281778
-0.763917
0.439658
0.457378
-0.950151
-1.0252
0.9169
0.720347
0.868523
0.119701
3.2225
0.969748
-0.837231
-1.67905
0.298769
0.756158
0.197916
-0.993819
1.81651
0.541044
0.675991
0.13325
3.05388
1.60106
-0.207887
-1.64936
1.11868
0.123897
0.379895
0.184093
1.6963
0.642468
0.611194
0.0645461
3.38855
2.2604
0.572085
-0.526223
2.60182
0.742271
0.778493
1.41021
1.41246
0.414919
0.904019
0.0346129
4.1566
2.55212
0.365486
-0.721789
3.28165
2.25714
0.895127
1.60346
1.92717
-0.141864
0.41749
-0.0623969
4.64433
2.51436
0.190216
-0.500142
4.06516
2.7412
1.09085
1.3692
2.14937
-0.129228
0.14184
-0.121851
5.00032
2.00541
0.678957
0.610256
4.46635
2.67128
1.1882
1.53162
1.38801
0.317698
-0.156977
-0.100674
5.22204
1.88602
0.380527
1.5304
4.17153
2.8651
1.30114
1.53291
1.11024
0.339595
-0.21771
-0.0917686
5.6777
2.00589
0.0635217
1.67843
4.33188
2.41458
0.830223
1.37714
1.11078
0.399341
-0.196971
-0.101284
6.0465
2.27839
-0.380236
1.52575
3.61866
1.50062
0.993499
1.48178
1.38684
0.286463
-0.297879
-0.103497
6.17462
2.34458
-0.418435
1.17464
3.11999
1.39695
1.23195
1.55829
1.33046
0.0982108
-0.305505
-0.0833994
6.10213
2.38737
0.00599476
0.921681
2.7439
1.71215
1.29875
1.6595
1.18443
0.00823451
-0.252648
-0.0693004
6.38257
2.50431
-0.180641
0.852391
2.65881
1.75159
1.59014
1.53997
0.996547
-0.0658255
-0.237745
-0.0429284
6.48849
2.61788
-0.140652
1.15954
2.93174
1.81033
1.52651
1.0413
0.998898
-0.022101
-0.168602
-0.0338961
6.62681
2.71388
-0.183269
0.870225
2.57791
0.64874
1.10489
0.82695
0.995608
0.140359
-0.0498179
0.0237257
6.66653
2.75463
-0.27586
0.546968
1.99294
0.084413
0.932448
0.759767
1.05866
-0.0727441
-0.139862
0.0198537
6.96168
2.37527
0.0225343
1.20248
2.22592
-0.209328
0.438303
0.45694
0.909852
-0.285127
-0.320609
-0.000681325
7.10637
1.28246
0.877264
2.17278
2.13073
-0.547081
-0.563989
0.310172
0.586333
-0.213578
-0.19512
0.0679897
6.87166
0.826941
1.10457
3.22312
1.61463
-0.504646
-0.852416
-0.238823
0.616341
0.00115832
-0.128683
0.0424672
6.71256
1.32397
1.03075
3.12459
1.80099
-0.328475
-0.773758
-0.455955
0.668489
-0.0904485
-0.205479
0.00632506
6.64932
1.65955
1.79861
2.96075
1.40389
-0.119767
-0.700281
-1.10635
0.711588
0.0300842
-0.241936
-0.0248554
6.4254
1.87765
2.80315
3.33788
0.396978
-0.315772
-0.543788
-1.52396
0.722412
0.190955
-0.272201
-0.0267311
6.45365
1.86161
2.33732
3.59923
0.748371
-0.834547
-0.985295
-1.11735
0.845611
-0.0639533
-0.298468
-0.00190193
6.56039
2.22948
1.65966
3.15369
1.51686
-0.9404
-1.5601
-0.686724
0.775933
-0.267469
-0.276043
0.0212588
6.41578
2.23491
2.57432
3.30635
0.466398
-0.739202
-1.05388
-1.37953
0.761629
-0.0358169
-0.238665
0.0102656
6.29923
2.60781
3.11833
2.92439
-0.126815
-0.258514
-0.197522
-1.83696
0.173346
0.152555
-0.091744
-0.0103206
6.45695
2.54993
2.4437
2.92919
0.334798
-0.352271
-0.145677
-0.949886
0.442401
-0.553154
-0.290262
0.00491744
6.23115
2.59847
2.63215
3.26176
0.895099
-0.351674
-0.510768
-0.716781
0.637511
-0.637976
-0.375308
-0.0128694
6.06996
2.55525
2.95299
3.29148
0.745232
-0.0989275
-0.578455
-1.04916
0.682208
-0.55389
-0.402185
-0.0223143
6.35115
2.8087
2.43166
2.6122
1.24466
0.369742
-0.187484
-0.725981
0.25756
-1.01288
-0.450562
-0.0263409
6.51426
2.8268
2.60369
2.48496
1.18433
0.819747
0.115935
-1.17447
0.231183
-1.00333
-0.538074
-0.0509316
6.02981
2.8554
2.3807
2.98461
2.05095
0.285832
-0.826919
-0.875423
0.410168
-0.987391
-0.45202
-0.0612053
6.09942
2.78384
2.03866
2.98649
2.32289
0.214994
-0.980462
-0.619692
0.373009
-1.16654
-0.52032
-0.0550729
6.52562
2.5697
2.1155
2.72855
1.98066
0.334533
-0.109837
-1.06281
0.305291
-1.26499
-0.642608
-0.0462974
6.92087
2.02634
2.66228
2.46975
1.93953
-0.651971
0.683139
-1.60675
0.512737
-0.94114
-0.984016
-0.0445132
6.09592
2.69011
2.77121
3.34097
1.92654
-0.48743
-1.23003
-1.09615
0.935968
-0.958345
-0.63312
-0.0644347
5.94565
2.67513
3.15326
3.65068
1.79839
-0.613503
-1.48561
-1.33843
1.03301
-0.754829
-0.643034
-0.0742212
6.59734
2.04655
3.30317
3.42088
1.69307
-0.896607
-0.752312
-1.63062
0.954565
-0.606699
-0.871245
-0.0662548
6.02333
2.63646
2.66281
3.48636
2.52042
-1.05721
-1.18643
-0.812637
0.636098
-0.859377
-0.581019
-0.0573254
6.26135
2.72469
2.50322
3.11487
2.78422
-1.01359
-0.795876
-0.574164
0.506059
-0.97397
-0.633426
-0.0532311
6.25068
2.71186
2.60603
3.24626
2.35277
-0.681403
-0.825972
-0.695291
0.767804
-1.04384
-0.673909
-0.070294
6.57026
2.2377
2.88554
2.66341
2.53449
-0.914507
0.290077
-1.07854
0.630738
-1.01326
-0.902438
-0.0269537
5.7921
2.54985
2.86381
3.43832
2.71893
-1.01931
-0.753531
-0.6446
0.797999
-0.901968
-0.616203
-0.05366
5.94304
2.40725
2.86646
3.35556
3.10227
-1.44158
-0.44993
-0.719586
0.782146
-0.880218
-0.710982
-0.0298346
6.46406
2.2405
2.76181
2.79211
3.62732
-1.91679
0.090285
-0.852229
0.541626
-0.812865
-0.963528
0.0108184
6.00995
2.58378
2.80008
3.13765
3.10034
-1.16133
-0.870998
-0.622516
0.751713
-1.0008
-0.725848
-0.0529864
5.94404
2.54136
2.77996
3.12041
2.77673
-0.719162
-0.783009
-0.47603
0.72039
-1.1901
-0.679919
-0.0411288
6.09882
2.47004
2.82829
3.17101
2.68634
-0.957904
-0.729121
-0.441823
0.710888
-1.10335
-0.703072
-0.0327775
6.01561
2.63423
2.75124
3.40353
2.84387
-0.95823
-1.07236
-0.19567
0.665797
-0.954615
-0.636545
-0.0539194
5.73176
2.8262
2.62816
3.37975
3.14203
-1.37658
-1.04461
-0.127054
0.755717
-0.866959
-0.606724
-0.048038
5.84088
2.60339
3.03508
3.48302
3.37526
-2.03952
-0.6162
-0.299722
0.851092
-0.665585
-0.712506
-0.0138248
5.72151
2.75699
2.49786
3.55044
3.47362
-1.71138
-0.640922
-0.131039
0.84499
-0.765648
-0.648586
-0.0365002
5.93354
2.69626
2.35841
3.57955
3.73996
-1.97248
-0.434517
-0.148966
0.801078
-0.674497
-0.698429
-0.0249959
6.03235
2.25841
2.42738
3.70054
3.88489
-2.1065
-0.298812
-0.153808
0.723132
-0.576054
-0.72283
-0.00870905
6.01011
2.00282
2.50404
3.79614
3.9297
-2.52818
-0.00501228
-0.308251
0.761541
-0.503073
-0.759369
0.0226617
5.28612
2.30376
2.3796
4.29416
3.25896
-2.24513
-0.57788
-0.146549
0.964559
-0.551732
-0.588639
-0.0248175
5.66048
2.19896
1.79948
4.52613
3.74422
-2.4246
-0.696908
-0.178029
0.879129
-0.552533
-0.608951
-0.0189529
6.26168
1.77728
1.59895
4.78527
4.53269
-3.75378
-0.412709
-0.390655
1.00641
-0.418019
-0.745171
0.0628241
5.65905
2.09389
1.29235
4.49673
4.04846
-3.16641
-0.988916
-0.348032
0.929157
-0.375227
-0.609842
0.0241737
5.70209
2.00165
0.779076
4.13636
4.14672
-2.78605
-1.13553
-0.587949
0.910566
-0.344389
-0.514279
0.0255814
5.7731
1.9136
0.419757
3.99723
4.15774
-2.76648
-1.11557
-0.793483
0.965697
-0.312546
-0.422141
0.0456076
6.8615
1.6716
-0.102665
4.2889
4.77769
-3.80461
-0.812354
-1.15427
1.42993
-0.183734
-0.459038
0.10686
5.95282
1.86934
0.257854
3.82516
4.31107
-3.3298
-0.793472
-1.09802
1.13199
-0.18509
-0.35886
0.109592
5.89073
1.81855
0.674667
3.73635
3.99537
-3.34315
-0.641725
-1.04035
1.14924
-0.149539
-0.338514
0.109871
5.79386
1.83081
1.02567
3.81804
3.69585
-3.21343
-0.68613
-0.678948
1.09671
-0.141654
-0.327898
0.102974
6.37239
1.58314
1.08098
4.3667
3.91059
-3.88864
-0.244533
-0.241533
1.12398
-0.148217
-0.344683
0.159558
6.52746
1.90026
0.914266
4.48486
3.94627
-3.79596
0.214767
-0.129069
1.06867
-0.125312
-0.168174
0.190075
5.82476
1.78265
0.958404
3.68508
3.64099
-2.4238
0.357165
-0.453381
0.634159
-0.14915
-0.00842367
0.170229
5.58042
1.32118
1.14382
2.72271
3.48114
-1.38393
0.058991
-0.909438
0.648511
-0.0540299
0.151909
0.212561
5.02623
1.14547
1.57485
2.44549
3.37617
-0.865896
-0.217853
-0.857341
0.751535
0.0306699
0.289466
0.199417
4.53991
1.24496
1.80229
2.73064
3.41002
-0.894495
0.173493
-0.86791
0.762426
-0.152038
0.372882
0.194032
4.32352
1.02632
1.91598
2.04658
4.42685
-0.656674
-0.304177
-0.604757
0.869778
-0.290021
0.386392
0.238965
4.04411
0.727203
1.75885
2.76135
3.88914
-0.83715
-0.14009
-0.305316
1.10659
0.0180132
0.401245
0.166333
3.55917
1.08534
2.09692
2.62268
2.44232
-1.14362
0.286726
-0.253008
0.888411
0.95062
0.555106
0.0730287
3.54416
1.52788
1.30741
1.88313
2.65246
-0.409694
-0.427465
-0.143472
0.724111
1.07512
0.749018
0.067728
3.71805
1.64437
0.769012
2.14934
2.8753
0.576513
-1.027
-0.0544223
0.866473
0.509836
0.698862
0.0411095
3.56351
1.14001
1.94397
2.80896
2.0733
1.40563
0.263791
-0.520104
0.794633
0.537036
0.322048
-0.00542806
3.1509
0.739688
2.54873
2.39782
3.50407
0.547071
1.07849
-0.961301
1.13545
0.609017
0.263379
0.0440492
2.95598
1.03385
1.65337
2.4073
4.389
0.477714
1.70281
-1.07626
1.12425
0.696091
0.426594
0.0744263
2.63179
0.421768
1.85958
2.66459
3.94807
0.586311
2.25828
-0.790354
0.835234
0.712393
0.499823
0.0794932
2.10043
0.232874
1.43734
4.1694
3.48567
0.18305
2.09167
0.513161
0.592574
0.530343
0.288522
0.0557838
1.32812
0.259549
0.77513
4.15997
3.79672
0.394625
2.05923
0.612687
0.395812
0.741082
0.14547
0.0832359
1.01408
-0.20105
0.958072
3.25409
3.72773
0.598145
1.42232
0.095717
0.881603
0.382605
0.124954
-0.0191508
0.878664
-0.506969
0.887802
2.97742
3.89673
-0.277261
1.24032
0.270525
0.630017
0.190968
-0.174392
-0.0472922
0.519232
-0.157209
0.234082
3.22099
3.90728
-0.361465
0.731957
0.489649
0.148207
0.4314
-0.0317743
0.00824395
0.296113
-0.19475
0.0932625
3.111
2.55937
-0.577837
0.0122079
0.708881
-0.178924
0.282392
0.0383283
0.0442399
0.00702299
-0.578674
0.439777
3.17322
2.02269
-1.4384
1.15376
0.549088
-0.0860995
0.227065
0.0964884
0.110368
0.289942
-0.697964
0.430715
3.24082
2.81976
-1.52076
1.05425
0.149439
0.505621
0.244227
0.148887
0.0766232
0.472123
-0.258579
-0.188483
2.75692
2.48218
-0.952112
0.811576
0.142906
0.742051
0.137144
-0.083514
0.131926
0.444077
-0.345442
0.158143
3.06333
2.31813
-1.35482
1.28325
0.180619
0.502794
0.0881287
-0.309238
0.13891
0.32235
-0.640766
-0.242942
3.23601
3.00472
-1.41091
1.31909
0.147095
0.214713
0.112228
-0.138571
0.0922698
0.281054
-0.428303
0.342083
2.66807
3.29578
-0.435925
1.32681
-0.00186164
0.212352
0.126324
0.0528262
0.0874277
0.377442
-0.453277
0.630154
2.13874
4.48361
-0.713013
1.56633
0.193006
0.693457
0.04828
-0.205861
0.182408
0.336996
-0.82872
0.806721
2.28788
5.21614
-0.8955
1.73293
0.576332
0.906842
0.129051
-0.155927
0.158278
0.569704
-0.976056
1.31152
3.11797
4.41495
-1.10818
1.21744
0.757885
0.87318
0.0657981
0.0179635
0.0983519
1.00938
-1.57108
1.09984
2.905
3.82666
0.0312289
2.05192
1.07757
0.392981
0.16343
0.180505
0.0683289
1.41942
-2.19656
0.932403
2.60019
4.11334
-0.0879477
1.99369
1.66037
-0.172628
0.280095
0.0600413
0.0565502
1.91388
-1.45135
0.381125
2.4053
3.04921
-0.787088
1.90899
1.4549
-0.405581
0.381893
0.098016
0.0182877
2.10498
-0.905851
0.26103
1.8533
2.1477
-0.807832
1.79668
1.56854
-0.203697
0.152475
0.207277
-0.00873873
2.05286
-0.726244
0.293724
1.54806
2.80023
-0.851569
1.7156
1.382
0.00466682
0.250127
0.335609
-0.00221731
