97
2.53385
0.933541
1.81291
0.52459
2.08531
0.341988
1.5139
-0.364892
0.552868
-0.0404219
0.553887
0.0715856
2.45673
0.969245
1.72338
0.227095
1.8659
0.109164
1.28404
-0.727527
1.12855
0.0487644
0.368768
0.070488
2.41986
0.73124
1.95196
0.140013
1.86082
0.0621238
1.36181
-0.346239
0.828622
0.255696
0.550608
0.065069
4.11433
1.30933
0.661779
-0.0765016
1.38219
-0.525
0.230805
-0.566484
0.108531
-0.542847
0.406346
0.143229
5.13492
1.68084
0.0340636
-0.158469
0.369376
-0.203443
-0.0960905
-0.67203
-0.458108
-0.39261
0.305081
0.145138
4.59689
1.98566
0.822741
-1.55662
0.202208
0.504807
-0.150685
-0.778341
-0.336421
-0.43207
0.39605
0.160359
3.23091
2.38173
1.2536
-2.34351
1.28553
0.84208
0.138135
-0.107307
0.361647
0.0117058
0.71455
0.166157
3.28857
2.15305
0.945625
-1.5017
1.69436
0.625009
0.268118
0.0892584
0.835079
0.138567
0.618795
0.130945
4.46479
2.10965
1.44133
-0.064114
2.81847
1.81634
1.24943
0.82021
1.17132
0.363197
0.203226
0.0542984
5.40045
2.63962
0.863076
0.392298
2.4885
2.28238
1.16842
0.778142
1.28489
0.557183
0.188291
-0.00805165
6.65399
2.55172
-0.27572
-0.419434
2.63878
1.04993
0.997893
0.388039
1.6028
0.569638
0.11906
-0.00641906
6.89682
1.87411
-1.13535
0.475496
3.31472
0.897666
0.921127
0.580665
1.28135
0.655178
0.0497707
-0.0128036
6.65184
1.48539
-1.20003
1.38808
4.04573
1.61781
0.808053
0.582779
0.864558
0.593338
0.0545701
-0.0232057
6.37534
1.51206
-1.30583
1.66548
4.19142
1.60449
0.76826
0.508056
0.792528
0.556581
0.0616144
-0.00793682
7.17275
1.28575
-1.68624
1.61338
4.55622
0.878221
0.962505
0.479751
1.02717
0.543514
-0.0275534
0.0101037
7.29698
1.05574
-1.7176
1.44068
4.99625
1.0003
1.09204
0.84196
1.00508
0.52099
-0.181477
-0.0145127
6.58257
1.2392
-1.47294
1.66271
4.59296
1.81386
1.02166
1.10949
0.775238
0.328848
-0.226331
-0.0481689
6.263
1.2358
-1.35377
1.84807
4.6607
2.17628
1.15447
1.14607
0.655349
0.233374
-0.267232
-0.0531313
6.77816
0.965891
-1.71779
1.88407
5.26438
1.87382
1.01331
1.37086
0.637144
0.263312
-0.322318
-0.0332304
6.88295
1.18504
-1.79947
1.73608
4.98838
1.71302
1.28816
1.03514
0.671275
0.218314
-0.265263
-0.0161476
6.77858
1.41728
-1.57168
1.70724
4.91434
1.66893
1.17996
0.730745
0.666417
0.271676
-0.190769
-0.00617244
6.80417
1.67449
-1.41009
1.76838
4.59128
1.35945
0.82402
0.211958
0.758868
0.287829
-0.0580912
0.0286688
7.28062
1.3799
-1.00057
1.24814
3.51736
0.816037
0.237632
-0.0287103
0.803996
0.43558
0.102654
0.0702359
7.6031
1.16986
-0.648996
1.48127
3.41116
0.55221
-0.583645
-0.152899
0.520953
0.344201
0.0888314
0.0798772
7.91614
1.52976
-0.645569
1.8908
4.08059
0.0609459
-0.512677
-0.418481
0.250034
0.0491955
-0.17003
0.033505
6.71624
1.91317
-0.162872
2.25269
3.78786
0.911777
-0.568386
-0.309008
0.274431
-0.0882683
-0.224463
-0.0531416
6.39237
1.46593
0.495413
2.88762
4.0189
1.27121
-0.358771
-0.257479
0.45811
0.0711141
-0.213491
-0.100997
7.56334
0.689213
0.349214
2.84789
3.71258
1.11456
0.075282
-0.930936
0.240528
0.112752
-0.241992
-0.0993651
6.83128
1.63779
-0.130294
2.45575
3.39552
1.36048
-0.638357
-1.0679
0.404624
0.0144714
-0.151407
-0.0779537
6.88413
1.91665
-0.173324
2.28723
3.64282
0.993578
-1.0482
-1.02521
0.251786
0.0807193
-0.112287
-0.0722435
6.75751
2.02928
0.148532
2.62084
3.69601
0.54425
-1.44844
-1.01235
0.253565
0.243689
-0.0807656
-0.0882474
7.94781
1.06825
0.26191
2.7534
4.19542
-0.220795
-0.53549
-1.31779
0.154007
0.254262
-0.214184
-0.087014
6.63043
1.95347
0.286658
2.91136
4.08872
1.08545
-0.973714
-0.975158
0.429257
0.100984
-0.207358
-0.134467
6.68706
2.08163
0.11564
2.96254
4.26348
0.815361
-1.36815
-0.928411
0.223297
0.0753787
-0.231061
-0.126682
6.63945
2.17326
0.14097
2.96999
4.16861
0.473818
-1.69487
-1.12768
0.125561
0.103935
-0.20789
-0.123754
6.77009
2.07269
0.414829
3.26031
4.01003
0.150542
-1.9997
-1.24728
0.125716
0.140405
-0.223269
-0.136107
6.40747
2.36573
0.674404
3.37519
3.83383
-0.265223
-2.30558
-1.17766
0.130662
0.162504
-0.259052
-0.143383
6.77455
2.23055
0.529862
3.72032
4.11019
-0.561268
-2.07228
-0.8943
0.160923
0.0871723
-0.333739
-0.125956
6.50991
1.86197
0.949732
4.07352
3.94979
-0.227631
-1.70587
-0.703735
0.229967
-0.0420616
-0.329622
-0.124985
6.16192
1.86772
1.27105
4.1928
3.93989
-0.192484
-1.57585
-0.805375
0.255227
-0.0202998
-0.298873
-0.132641
5.96723
2.16387
1.37138
4.09823
3.84914
-0.461842
-1.66129
-0.722206
0.232635
-0.0264782
-0.311917
-0.120376
7.3283
1.34872
1.32422
4.16693
4.55619
-1.80852
-1.05596
-0.966243
0.262107
-0.09679
-0.465557
-0.063478
6.39555
1.86504
1.35497
4.153
3.46317
-0.915816
-1.77663
-0.83841
0.221821
-0.271213
-0.355424
-0.0708697
6.78419
1.49098
1.51981
3.82636
2.9139
-0.986272
-1.3507
-1.24497
0.239157
-0.270701
-0.317506
-0.033814
6.50715
1.54065
1.57951
3.4934
2.70001
-0.721942
-1.46241
-1.60918
0.39061
-0.205081
-0.296371
-0.0356486
6.61112
1.67961
1.58242
2.88523
2.82996
-0.974295
-1.51498
-1.43862
0.165153
-0.270851
-0.27989
-0.000371071
6.14473
2.54346
1.27593
2.51273
3.01145
-1.17186
-1.63849
-1.15476
-0.41613
-0.100526
-0.0710878
0.0158167
6.6846
2.43777
1.1515
2.62449
3.6388
-2.04907
-1.24591
-1.22722
-0.263489
0.0564217
-0.186583
0.037078
6.46695
2.44842
1.18985
2.9298
3.477
-2.08034
-0.916837
-1.11308
0.149022
-0.0288804
-0.223357
0.0317547
6.62802
2.22324
1.07843
2.992
4.14962
-2.5662
-0.919196
-1.03837
0.41508
0.0960183
-0.392828
0.0431648
6.44788
1.80648
0.699312
3.41738
4.49349
-2.24056
-1.57543
-0.634157
0.302831
0.0548287
-0.370526
0.0297563
6.79559
1.16818
0.576141
3.73491
4.87923
-2.12466
-1.08428
-0.83235
0.210612
-0.176989
-0.402363
0.0501436
6.75333
0.857243
0.342237
4.14318
4.41737
-1.50685
-1.55076
-1.12846
0.27656
-0.222656
-0.312372
-0.0173203
7.6793
-0.0556534
0.0121729
4.12541
5.06678
-2.78019
-0.82943
-1.39927
0.0750292
-0.228227
-0.473056
0.0762518
6.52357
0.824396
0.0785983
4.33845
3.92339
-1.8668
-1.72737
-0.913677
0.376292
-0.32216
-0.242404
0.0259413
7.41515
-0.320372
0.293539
4.0816
4.28408
-2.66534
-1.1777
-1.20407
-0.0540237
-0.189828
-0.251491
0.0935895
6.48574
0.432798
0.0901614
3.85434
3.84855
-1.72502
-1.80419
-1.44004
0.349951
-0.157134
-0.15393
0.0391673
6.94484
0.305397
-0.309999
3.96572
4.47537
-2.97173
-0.861357
-1.71393
0.44641
-0.236932
-0.166973
0.158006
6.23288
0.989804
-0.173498
3.80993
3.98797
-2.82678
-0.965895
-1.52861
0.465079
-0.280102
0.00334552
0.158647
6.13624
0.996587
-0.152102
3.67928
3.81155
-3.0842
-0.601562
-1.83912
0.640664
-0.227395
0.0130777
0.131639
5.64022
1.44011
-0.436687
3.25551
3.96361
-2.55613
-0.761242
-2.10829
0.962601
-0.177894
0.0414454
0.0782821
6.16485
1.23468
-1.07924
3.51609
4.08851
-2.52089
-0.352776
-2.11516
1.1656
-0.220238
0.132867
0.0901392
6.2124
0.855876
-1.05014
3.69884
3.83973
-2.32389
0.10571
-1.81856
1.16946
-0.190531
0.275237
0.118891
5.84299
0.687644
-0.60243
3.49252
3.67686
-2.1731
0.121462
-1.59651
1.04376
0.0423328
0.327696
0.13851
5.45628
0.791356
-0.406824
3.0995
3.65183
-2.02603
0.289703
-1.3989
1.01297
0.333263
0.51566
0.193342
5.31358
0.75353
-0.45555
2.91239
3.74989
-1.98253
0.694643
-1.40352
1.29821
0.51237
0.702793
0.255325
4.9566
0.641975
-0.109494
2.60778
3.65037
-1.74716
0.71873
-1.37372
1.38993
0.508145
0.772209
0.285977
4.71282
0.848699
0.194708
2.49202
3.90838
-1.48528
0.393583
-0.930329
1.00147
0.553773
0.716971
0.262237
4.31215
1.30659
0.549326
2.82061
4.21108
-1.0593
0.115145
-0.532809
0.368817
0.582499
0.616261
0.17417
4.48145
1.4471
1.41627
2.84271
3.96239
-0.226954
0.374419
-1.03508
-0.0855904
0.312404
0.429313
0.0855654
3.91822
1.4154
1.91355
2.59973
4.13901
0.0167916
0.734309
-0.857904
0.0294591
0.268151
0.317933
0.0536771
3.21095
1.7911
2.137
2.25787
4.26017
-0.654183
0.673174
-0.625664
0.0349131
0.60056
0.451311
0.0564687
2.82301
1.74779
1.67964
1.96097
3.60479
-0.424331
1.09177
0.131397
-0.175864
0.75206
0.80439
0.0751961
2.42722
1.27794
1.53502
3.11122
3.09486
-0.366943
0.770448
0.182292
0.485666
0.65859
0.655095
-0.0360786
2.47357
1.28895
1.97709
3.39541
3.71477
-0.0662265
1.00337
-0.482858
0.731938
0.808602
0.361668
-0.0569027
2.12747
1.04815
1.75601
2.85013
4.2113
0.26329
1.90799
-0.686694
1.1574
0.999444
0.0893491
0.0197627
1.58863
1.26503
0.951881
2.7092
4.12649
0.501908
2.21052
-1.11083
1.04214
0.934153
0.0571369
0.0435155
1.33813
0.864012
0.802663
2.42761
3.81499
-0.677209
2.03964
-0.964695
0.69758
0.657697
-0.0277767
0.0441264
1.23316
0.280685
0.964289
1.97834
4.17695
-0.481685
1.80937
-0.542569
0.436392
0.540033
0.174051
0.0360803
1.34788
0.4336
1.29163
2.16799
4.24913
-0.660816
1.85125
-0.256071
0.0487571
0.785727
0.337759
0.0164092
1.09368
0.483643
1.28187
2.54541
4.18085
-0.796912
2.53231
-0.073014
0.0894742
0.732012
0.197777
0.067763
0.860645
-0.247553
1.12378
2.35123
4.62291
-0.574334
2.26794
-0.284735
0.403615
0.489394
0.155777
0.0724166
0.798283
0.387229
0.808826
2.40465
4.26235
-1.03954
1.41547
-0.3544
0.389191
0.47235
0.174769
-0.0183284
0.614118
0.951768
1.36082
2.4213
3.68032
-1.23137
2.36186
-0.419433
0.203579
0.368764
0.135999
0.0581115
0.829872
0.514751
1.54786
1.87043
3.71379
-1.14549
1.70342
-0.673065
0.0909857
0.378179
0.122946
0.047319
0.855633
-0.265535
0.850065
1.64138
3.70402
-0.429175
0.143807
-0.312083
-0.279677
0.698224
0.0851086
-0.07955
0.849522
-0.751206
1.29128
1.41665
4.41993
-0.290397
0.830351
-0.394864
-0.0365833
0.856521
0.0923194
-0.0687352
1.08659
-0.163519
1.56634
2.00778
5.08459
-0.41211
1.17958
-0.731272
0.450217
0.947204
-0.083283
0.0364072
1.16391
0.00989656
1.33057
2.22654
5.39521
-0.175657
1.60427
-0.374563
0.272796
1.03764
-0.0144061
0.0656363
1.0141
-0.126127
0.91778
2.4197
4.62648
0.569127
1.46047
-0.164384
0.296981
1.05792
0.0783246
-0.0120091
1.26933
-0.265805
0.522083
2.10911
3.7638
0.664859
0.587495
-0.410736
0.246363
0.976074
0.084972
-0.0695315
1.57783
-0.591765
0.289715
1.88037
3.18253
0.950754
0.0920597
-0.700235
-0.0571302
1.18651
-0.0186292
-0.0911194
1.60014
-0.672473
0.886457
2.54168
3.86279
0.24646
0.458007
-0.779009
-0.291708
0.990762
0.03935
-0.1047
1.86204
-0.630379
1.45328
2.97993
4.11145
-0.699526
0.980831
0.188172
-0.777372
0.79483
0.337958
-0.0717745
2.44368
-0.880807
0.940827
2.83557
3.64974
-0.933472
1.25086
0.78359
-0.634638
0.801539
0.553865
-0.00455789
2.53408
-0.825561
0.802915
3.11181
3.46055
-0.660959
1.35164
0.573669
-0.551162
0.582957
0.542222
-0.0231539
2.39221
-0.80736
0.0916488
2.42244
3.01677
0.364696
0.946385
0.547202
-0.399639
0.376857
0.389982
-0.113799
