115
3.44671
2.69981
0.562783
-1.79013
1.2522
-0.0830392
0.838311
0.0736681
-0.439014
-0.451278
0.459647
0.143617
3.74015
2.53458
-0.262197
-1.5834
1.36265
0.473511
0.425533
0.180464
-0.0070734
-0.542181
0.465473
0.118112
3.84064
2.5145
0.0775865
-1.10883
1.90451
0.0692642
0.606173
0.247531
-0.305863
-0.445396
0.309701
0.0858508
3.70257
2.75093
1.05575
-0.891661
1.6445
-0.300269
1.45416
-0.104458
-0.634428
-0.316969
0.290586
0.0991285
3.03956
2.26427
1.20774
-1.15223
1.04727
-0.496403
1.41691
-0.169972
-0.162705
-0.0935279
0.687512
0.0768417
2.98232
1.40244
-0.326625
-1.88687
0.981454
-0.220719
0.491809
0.296994
-0.0106421
0.0728354
0.731526
0.184347
3.07884
1.50156
-0.1534
-1.64759
2.18362
0.2643
0.304637
0.273026
0.00929262
0.218601
0.730845
0.145221
3.1385
1.63639
0.511469
-1.39055
2.32128
0.158553
1.04658
0.530985
0.19998
0.116995
0.686623
0.15193
3.57183
2.19519
1.07999
-0.590653
3.06724
1.06842
2.23168
1.21978
0.564198
0.332311
0.51529
0.139434
4.58324
2.75616
0.0146434
-0.621748
4.09998
2.1108
2.60451
0.911914
1.18456
0.231748
0.0635226
0.0353597
5.00436
3.25701
0.420212
-0.434922
4.1009
2.11811
2.03083
0.914355
1.47497
-0.0159686
0.0980555
-0.0264088
5.02072
3.14363
0.943452
0.304247
3.74295
2.80214
2.05344
0.457823
1.01417
0.26739
0.152649
0.0287295
5.15281
2.65746
0.763232
0.57294
3.6261
3.63227
2.3134
0.568442
0.43815
0.521345
0.127824
0.0346108
5.69541
2.63758
0.291272
0.236652
4.30176
3.43246
1.72161
0.692631
0.248494
0.53428
0.244757
0.0173746
5.96167
2.43806
0.00152601
0.489753
5.14958
3.55417
2.14686
0.293694
0.500209
0.36189
0.120773
0.00988713
5.76841
2.17759
0.0775909
1.03112
5.08634
3.9029
2.52775
0.24669
0.601846
0.382563
0.091516
0.0124153
5.72896
2.2184
-0.279754
1.40056
4.9463
3.70315
2.40161
0.248957
0.678954
0.386408
0.0925627
-0.00631313
5.58139
2.22935
-0.205937
1.54783
4.61489
3.51729
2.21695
0.305869
0.904909
0.398377
0.0534577
-0.036854
5.51305
2.21776
-0.0567404
1.90027
4.62934
3.18111
2.27984
0.343538
1.11264
0.417991
-0.00183006
-0.0519587
5.62568
2.19861
0.0177953
1.80313
4.90793
3.48251
2.14428
0.72732
0.92627
0.384055
-0.0468771
-0.0426535
6.09619
2.289
0.0368904
1.17928
4.92293
3.91719
2.15085
0.79274
0.621438
0.301317
0.0251125
-0.0186405
6.1626
2.23426
-0.188694
1.09671
4.66505
3.85811
2.03324
0.444736
0.6673
0.18793
0.0294189
-0.017929
6.08405
2.34888
-0.301706
1.14518
4.48565
3.61807
1.67412
0.218381
0.730001
0.107594
0.0562864
-0.0182463
5.82392
2.22558
-0.0657401
1.48195
4.31993
3.32942
1.53773
0.303838
0.712353
0.165808
0.0699348
-0.00613982
5.69874
2.07269
-0.018151
1.27452
3.7636
2.34778
0.733525
0.747882
0.672043
0.303762
0.0540304
-0.0176825
7.2697
1.29758
-0.0149902
1.32918
4.46254
1.08559
-0.351533
0.541656
0.461237
0.363741
-0.033005
-0.00987545
7.4091
1.1703
-0.284267
2.95293
4.10948
-0.795394
-0.373925
-0.455948
0.681369
0.0717768
-0.170798
0.0524687
6.79219
1.53908
-0.222255
3.49112
3.88324
-0.911417
-0.997189
-0.541684
0.630472
0.0776015
-0.131494
0.00551674
6.59178
1.63066
-0.0214271
3.71299
4.00063
-0.413224
-1.28229
-0.477209
0.40695
0.11517
-0.171038
-0.0489636
7.08466
1.56721
-0.080468
3.88032
4.44286
-0.516447
-1.43008
-0.583682
0.450753
0.155879
-0.219386
-0.0711204
6.78088
1.81205
0.0368486
3.89601
4.2497
-0.538939
-1.70568
-0.521621
0.3452
0.134317
-0.25006
-0.0702753
7.27407
1.51872
0.0833436
4.10228
4.10662
-1.09444
-1.48356
-0.780076
0.451136
0.0168928
-0.220637
-0.0500783
7.37864
1.61859
0.165412
4.10921
3.74005
-1.34451
-1.69874
-1.06482
0.354033
0.0250683
-0.160084
-0.0428202
6.68197
2.02663
0.638257
3.77802
3.59204
-1.10676
-2.4734
-0.825166
0.0231718
0.220285
-0.159429
-0.0537778
6.52076
2.22835
0.865659
3.7928
3.39169
-1.15181
-2.44237
-0.849528
-0.0658465
0.271773
-0.136012
-0.0586234
7.04212
2.20205
0.942456
3.90218
3.53699
-1.35169
-2.29724
-0.836053
0.0383815
0.239599
-0.145123
-0.0592306
7.30729
1.76485
1.31765
4.07481
3.42036
-1.31166
-1.879
-0.780605
0.212459
0.0767297
-0.229944
-0.0843012
6.08601
2.47494
1.60806
3.94995
3.1302
-0.868207
-1.69279
-0.623013
0.289395
-0.0941586
-0.347611
-0.103071
6.60402
2.46067
1.56549
4.03951
3.3007
-1.59671
-1.08148
-0.904227
0.413453
-0.260492
-0.377746
-0.0707144
6.64301
2.72838
1.34852
3.10808
2.98812
-0.749316
-0.686401
-0.993281
-0.0316192
-0.454911
-0.260269
-0.0224492
7.24802
2.47736
1.20963
2.63212
3.01706
-0.627305
-0.420496
-1.25513
-0.328404
-0.406137
-0.201368
0.0154434
5.95509
3.07728
1.35551
2.54372
2.71546
0.057643
-1.3403
-1.18506
-0.389045
-0.313364
-0.0401464
-0.00740687
7.75219
2.4056
0.969624
2.54548
3.38607
-1.03597
-0.517416
-1.80487
-0.324611
-0.112817
-0.151804
0.00191797
7.67691
2.27654
1.46815
2.30445
2.53824
-0.839998
-0.0872338
-1.85212
-0.306308
-0.166983
-0.214816
-0.0124615
6.41325
3.07863
1.44417
2.33696
2.45377
-0.165122
-1.23776
-1.52333
-0.198462
-0.282284
-0.0698301
-0.0144742
6.02131
3.20283
1.47294
2.21158
2.56732
-0.010805
-1.78136
-1.67377
-0.111929
-0.164173
-0.0288123
-0.0486337
7.43745
2.31668
1.32616
1.69429
3.08173
-0.708566
-0.795743
-2.2061
-0.128389
0.0296999
-0.275016
-0.0468236
7.09233
2.68413
0.941369
1.77543
3.4208
-0.542951
-0.837014
-1.99903
-0.195216
-0.0938178
-0.180394
-0.0312284
6.37453
2.68444
0.762345
2.33803
3.54691
-0.271607
-1.15193
-1.56658
-0.150535
-0.160856
-0.114049
-0.0387226
6.78192
1.98848
0.661921
3.09594
3.82663
-0.73102
-1.01872
-1.43094
0.0860601
-0.148982
-0.233732
-0.0491775
7.32939
1.29258
0.765502
3.58926
3.81171
-0.765135
-0.944308
-1.34718
0.0776038
-0.122383
-0.272663
-0.061465
7.099
1.15436
0.903593
3.79935
3.67952
-0.555899
-1.0428
-1.56727
0.113495
-0.0386253
-0.213221
-0.0699042
7.01544
1.33489
1.04251
3.50398
3.88137
-0.42346
-0.684917
-1.85866
0.215346
0.0192325
-0.276063
-0.0929546
6.97985
1.60696
0.982563
2.93236
4.34178
-0.7195
-0.826649
-1.8745
0.199186
0.0146024
-0.361185
-0.0685186
6.67574
1.81938
1.22802
2.9256
3.31375
-0.0905467
-0.718084
-1.90782
0.147022
-0.211036
-0.256948
-0.0641352
6.28757
2.02731
1.44303
3.13268
3.22786
-0.299242
-0.769553
-1.62648
0.0555079
-0.389702
-0.245901
-0.0511711
7.19776
1.82981
1.4758
2.70083
3.55344
-0.851078
0.373813
-2.06446
-0.332091
-0.125159
-0.308012
-0.0307613
6.68022
2.06383
1.36261
2.63905
3.94523
-0.639865
-0.532738
-1.62136
-0.158784
-0.185515
-0.306658
-0.0457418
6.14654
2.11619
1.22817
2.85017
3.90243
-1.14974
-0.929733
-1.47025
0.141718
-0.337966
-0.359037
-0.0346692
6.1866
1.8197
0.813542
3.17096
4.63683
-2.02115
-1.04405
-1.60732
0.153547
-0.291891
-0.465655
0.00674445
6.51091
1.38033
0.639111
3.3841
5.50747
-2.79487
-1.44743
-1.48216
0.106056
-0.0332812
-0.638724
0.0352972
5.81775
1.94045
0.23386
3.26226
5.49512
-2.66008
-1.49927
-1.79562
0.15834
-0.0893055
-0.547767
0.0328405
5.82647
1.99069
0.38478
3.26249
5.06056
-2.86055
-1.41689
-1.77931
0.0973793
-0.239537
-0.497007
0.0644775
7.07295
1.26773
0.714387
3.39393
4.86637
-3.48895
-1.30409
-1.4981
0.19832
-0.121065
-0.642228
0.0952163
6.63917
1.61417
0.944402
3.412
4.64105
-3.27617
-1.75196
-1.29473
0.28877
-0.0248104
-0.585559
0.0397869
5.82086
2.0947
1.05295
3.50502
3.62246
-2.84762
-2.20578
-0.940319
0.311936
-0.177474
-0.450102
0.00188191
5.74039
2.30277
1.15973
3.24892
3.20735
-3.29517
-1.66285
-1.12788
0.407387
-0.315989
-0.395717
0.0612641
6.79594
2.19923
1.35876
3.68246
2.54839
-3.99874
-0.664396
-1.36235
0.319905
-0.38537
-0.208274
0.114516
6.80177
2.38537
2.06133
4.0487
2.36878
-4.18517
-1.29976
-0.602215
0.0827601
-0.271491
-0.217162
0.119027
5.8268
2.65243
1.83194
3.47372
1.91165
-3.79117
-1.49481
-0.500843
0.219515
-0.257636
-0.238335
0.109846
5.79187
2.53862
0.467563
2.48835
2.76283
-3.45177
-0.691648
-1.29586
0.415691
-0.30793
-0.131098
0.161033
6.68301
2.43272
-0.82855
2.38883
3.85704
-3.27597
-0.211953
-2.09066
0.41764
-0.118714
0.041272
0.246899
6.52465
2.51264
-0.771389
1.99166
3.8478
-2.65468
0.0748481
-2.34058
0.383599
0.108354
0.22069
0.245181
6.75806
2.3688
-0.721489
1.85479
3.65013
-2.35918
0.350432
-2.49177
0.310162
0.202273
0.386097
0.261196
6.12534
2.61548
-0.240003
1.40374
3.0473
-1.38294
0.164243
-2.30189
0.0134572
0.460062
0.571968
0.224292
6.54879
2.61236
0.0916077
1.51364
3.04215
-1.64284
0.703043
-2.31665
-0.00866315
0.65364
0.618202
0.256252
6.18648
2.58882
0.387978
1.00567
3.39699
-1.1502
0.676732
-2.48895
0.311899
0.817832
0.547562
0.252601
5.93694
2.12269
0.475965
0.667116
4.28183
-0.719105
0.286208
-2.27812
0.502151
0.963286
0.517748
0.292455
5.31674
2.4065
1.00227
1.55592
3.19706
-0.540087
0.421354
-1.56466
0.0943711
0.894427
0.632639
0.204748
4.78779
2.58699
1.19843
1.6527
2.79383
-0.218362
1.09984
-1.13612
-0.117155
1.00394
0.55236
0.158668
4.6554
1.86071
1.39104
1.93816
2.63332
-0.748206
1.5919
-0.570165
-0.187095
0.774635
0.711434
0.218254
4.53671
0.97045
2.21356
1.86586
2.71363
-0.278623
1.43975
-0.26443
-0.27253
0.555589
0.784443
0.232584
3.97865
1.45972
2.35364
1.73109
3.31753
0.39751
0.771401
-0.592849
-0.15435
0.531926
0.793315
0.161559
3.52056
1.92468
2.44088
1.99184
2.66095
0.962551
0.175789
-0.827722
-0.0729865
0.8836
0.845549
0.0701878
3.20886
1.76048
2.99586
1.84311
2.68698
0.93234
0.824104
-1.3375
0.0409322
0.96564
0.702786
0.0415888
3.07197
1.85247
2.64428
1.90545
3.19312
0.325421
1.41077
-1.50764
-0.152771
1.08436
0.567727
0.0413397
2.9032
2.06001
2.29894
1.86811
2.97597
0.328199
1.19033
-1.45576
0.0429005
1.02405
0.519884
0.0251013
2.41277
1.81988
2.82568
1.39397
3.36827
-0.208954
0.870925
-0.776216
0.436131
0.554921
0.443605
0.0119758
1.97937
1.69064
2.04586
1.89575
2.42596
-0.4586
1.26783
-0.559728
0.0732567
0.416611
0.301195
-0.0165623
1.71983
1.62983
0.904117
1.88855
2.82559
-0.948349
0.913042
-0.81083
-0.4054
0.2298
0.17528
0.0630618
1.68835
1.47411
2.26983
1.69463
3.59412
-0.381843
1.54961
-0.377335
0.347309
0.358056
-0.0342852
0.0708016
1.87071
1.49232
2.73083
2.05614
2.51425
-0.572136
1.74221
-0.165141
0.293102
0.791277
0.120471
0.0229164
1.77502
1.54084
2.55607
1.99367
2.1444
0.0140684
1.67319
0.0429417
0.130133
0.852637
-0.0490871
0.0185309
1.64145
1.19267
2.45789
1.52409
2.45774
0.39981
1.1335
-0.00118433
0.0821571
0.35865
0.191567
-0.0152696
1.74101
0.750487
1.80769
1.58714
3.43374
0.631635
0.96816
-0.330579
0.00745999
0.203872
0.185844
0.0175622
1.51495
0.472403
0.846486
2.65674
3.99171
1.19182
1.24825
-0.305326
0.10126
0.726169
0.279542
0.00867122
1.47385
0.907639
0.73562
3.1952
3.8639
0.72111
1.38246
0.0306387
-0.246351
0.80421
0.348191
0.0217633
1.08334
0.923009
0.847799
3.14495
4.19006
0.489832
0.78438
0.94197
-0.500942
0.77039
0.103982
0.0474258
1.22029
1.24697
0.98158
2.50099
3.42602
-0.24957
0.304385
0.48045
-0.446155
0.871393
0.210996
-0.0550679
1.49926
0.345124
1.22103
1.93467
3.01116
0.43168
0.408204
-0.184387
-0.573161
0.347208
0.377595
0.00616768
1.3146
0.254863
1.10956
2.02192
3.82416
0.285604
0.733572
-0.196783
-0.920559
0.224464
0.280502
-0.00182268
1.33805
0.578039
0.0611184
2.65111
3.80912
-0.427349
0.80326
-0.503482
-0.723741
0.173995
0.207172
0.0132928
1.19422
0.398269
0.326927
2.02075
2.94286
-0.426005
0.272646
-1.02352
-0.680035
0.507858
0.101921
-0.0348429
1.47469
0.309997
0.401601
1.38411
2.76332
-0.696991
0.355365
-1.06452
-0.989369
0.789353
0.177056
7.14165e-005
1.6402
0.781468
-0.184721
1.90821
2.33548
-0.401027
0.0384162
-0.517673
-0.696722
0.460118
0.370647
-0.0296782
1.63696
1.04476
-0.0352628
2.35754
2.43055
-0.232829
-0.0129963
-0.156388
-0.449706
0.381029
0.233537
-0.102816
1.88379
0.5651
0.45567
2.34809
2.6077
-0.291409
0.00825436
-0.164092
-1.12104
0.549954
0.329451
-0.0375995
2.32676
0.609142
0.282257
2.7325
3.49319
-0.648492
0.503186
0.123022
-0.95853
0.78793
0.452171
0.0237036
2.20195
0.174808
0.114024
2.66253
4.27291
-0.216959
1.21448
0.127651
-0.127113
0.912567
0.444155
0.0128723
2.46411
-0.143336
0.0734919
2.30324
3.73361
-0.162516
1.51295
0.0928397
-0.0030538
0.427849
0.622036
0.0581813
3.0674
-0.202738
-0.0753201
1.80261
2.91281
-0.220786
0.728729
-0.0311888
0.203472
0.451813
0.677147
0.0700781
3.24524
0.499083
0.854265
1.34963
2.88293
0.331331
0.516435
-0.836127
0.996561
0.801164
0.739095
0.0383266
3.25497
1.03893
1.17752
1.27435
3.28943
0.761317
0.619344
-1.03366
1.25062
0.799795
0.633298
0.0392468
3.42226
0.768714
0.575217
1.68527
2.96753
0.957769
1.04973
-0.288053
1.31281
0.54495
0.612391
0.0403771
3.56219
1.25863
1.03832
1.10974
2.51114
0.260847
1.1591
-0.507609
0.630171
0.406491
0.726537
0.135467
