144
1.37767
1.21174
2.45165
0.828936
2.26429
0.247288
1.86452
0.767046
1.17964
-0.0131167
0.493544
0.0394862
1.17678
1.24273
2.82041
0.957274
2.62188
0.649731
1.76536
0.128065
1.1294
0.385741
0.636732
0.0141002
1.20633
1.37914
3.10727
1.28016
2.25422
0.113937
1.55517
0.276077
1.31371
0.41311
0.569376
0.0207623
1.53991
1.51112
3.25236
1.58595
2.36599
0.324456
1.49148
0.085168
1.3833
0.379633
0.573694
0.0408885
1.98086
1.73794
2.93598
1.87799
2.17639
0.987084
2.03572
0.648993
1.33844
0.31981
0.501771
0.0748667
2.36854
2.34909
3.64978
2.51103
3.22455
1.87224
2.27915
0.825762
0.938881
0.251115
0.442997
0.10912
2.71556
2.99073
3.99554
2.52606
3.8165
2.14558
2.26179
1.17221
0.936596
0.255337
0.458901
0.111997
2.98527
3.44724
4.45223
2.67198
4.01279
1.97586
1.93561
0.693463
0.783194
0.251541
0.530774
0.0774381
3.09171
3.56419
4.23416
2.98716
3.60699
1.4432
1.62622
0.725967
1.06234
0.156115
0.438391
0.0860056
3.16707
3.33951
4.30544
3.11671
3.5198
1.28097
1.74304
1.10539
1.23357
0.115861
0.395073
0.112534
3.13374
3.42418
3.98407
3.02369
3.60103
1.43961
2.1362
1.33757
1.27693
0.0768928
0.403887
0.11291
3.21087
3.68028
4.6751
3.22457
4.52318
1.53495
2.05589
0.660927
1.21458
0.0435235
0.459409
0.0913907
3.13518
3.45684
4.71832
3.43201
4.23846
1.75651
1.94867
0.1798
1.28715
0.199422
0.378099
0.0832847
4.21835
2.70858
2.85596
3.22602
2.67358
0.71641
0.691584
0.110317
1.42244
0.595328
0.114472
0.0493614
5.64402
2.04231
1.95528
3.87336
2.66672
0.198043
-0.822065
-0.49664
1.11092
0.244192
-0.239404
-0.104484
6.40714
1.43792
0.627949
3.94466
2.82636
-1.13669
-2.20743
-0.388545
0.674581
0.0664196
-0.325173
-0.0765578
7.51717
0.769906
-0.69661
4.69867
2.20504
-1.67693
-2.88538
-0.47036
0.708925
0.111043
-0.295562
-0.042617
7.46903
0.560328
-1.07245
4.5751
1.86252
-1.82096
-2.78179
-0.439226
0.679415
0.0889129
-0.190572
0.0109978
7.22703
0.175839
-0.902448
3.57912
1.99254
-1.8512
-2.12341
-0.419222
0.341044
-0.0790193
0.0578657
0.126468
7.66245
-0.0375663
-0.766339
2.79888
2.15564
-1.89335
-1.83251
-0.202156
0.184042
-0.0734201
0.178125
0.180729
7.84848
0.398286
-0.97609
2.16056
2.58444
-1.6892
-2.01328
-0.241499
0.535012
0.335081
0.161813
0.115561
7.41711
0.902739
-0.886915
2.47874
2.19568
-2.09732
-1.78839
0.436267
1.1238
0.494431
0.0796884
0.0841178
5.93117
1.52132
0.713189
2.32483
0.916403
-2.04077
-1.17541
1.23556
1.49705
0.507123
0.101925
0.111906
5.97021
1.89904
1.98433
2.3183
0.990236
-2.27406
-0.656235
0.951004
1.6365
0.284709
0.144086
0.210643
5.5533
1.2258
1.5938
2.93212
0.899566
-2.78656
-1.09058
0.912198
1.16976
0.0837875
0.0134997
0.150446
6.96821
0.300472
0.157503
3.26997
1.81264
-3.25548
-1.28183
0.683609
0.995256
-0.0895283
-0.140092
0.103567
8.44973
-0.283967
-1.52764
3.54098
2.12565
-3.27083
-1.2931
0.513291
1.10794
-0.370752
-0.309244
0.0513882
8.29726
-0.464174
-1.89461
3.70628
1.65362
-3.10427
-1.63609
0.364725
0.950394
-0.439974
-0.295321
0.0499272
7.49641
-0.153982
-1.37791
3.02543
1.56455
-2.80344
-1.79421
0.0571149
0.788443
-0.275422
-0.246264
0.0485282
7.2646
-0.265031
-0.820874
2.73914
1.56469
-2.6807
-1.98714
0.0898109
0.633407
-0.258651
-0.259922
0.0489622
7.59695
-0.652728
-0.094562
2.51951
1.84797
-2.74316
-2.21804
0.0890163
0.509761
-0.27469
-0.313232
0.0377868
7.60111
-0.428732
0.297794
2.25444
1.88615
-2.28059
-2.74628
0.0242769
0.485006
-0.296416
-0.311891
0.0154792
7.75447
-0.752666
1.14835
1.40061
2.14615
-2.2168
-3.17598
0.270397
0.396626
-0.378153
-0.272347
-0.00894795
6.96032
-0.0961496
0.765589
1.80238
1.62023
-1.74095
-3.1636
0.239738
0.428194
-0.484531
-0.306818
-0.00217553
7.03722
-0.728869
1.79034
1.63466
1.58585
-1.05314
-3.63412
0.14509
0.680261
-0.76174
-0.274933
0.00590936
6.89833
-1.08627
2.41057
1.26927
2.32877
-0.913129
-3.2797
0.141926
0.293536
-0.866605
-0.323412
-0.0304647
6.68085
-1.00806
2.35111
1.12654
2.24898
-0.371714
-2.57585
-0.230308
0.182217
-0.911755
-0.474358
0.00741815
7.02341
-1.41279
3.00206
-0.0142213
2.18882
0.396469
-2.46124
-0.0958174
-0.0305066
-1.10592
-0.497266
0.0228498
6.58653
-0.499418
2.32464
-0.282822
2.41912
0.592182
-2.57546
0.111815
0.227611
-1.35142
-0.413333
0.0627219
6.4798
-0.215348
2.59853
-0.5826
2.64356
0.39418
-2.77783
0.257394
0.0945424
-1.4071
-0.294344
0.0886868
6.78891
-0.31037
2.74894
0.0169139
2.20911
0.570356
-2.77335
0.10044
0.217132
-1.50291
-0.273485
0.144793
6.7787
-0.471812
3.143
0.247868
2.84937
0.00376238
-2.37526
0.48328
-0.329741
-1.28287
-0.257732
0.0799356
6.04929
0.0948822
2.7576
0.928001
3.29894
-0.0934971
-2.26616
0.647111
-0.226264
-1.21058
-0.197535
0.0319905
5.80764
0.277501
2.73692
1.53193
2.91455
0.544509
-2.38638
0.388957
0.163943
-1.38798
-0.231247
0.0569289
5.95437
0.0691893
3.28622
1.52771
2.73837
0.647879
-2.11812
0.25323
0.294141
-1.4209
-0.332978
0.087404
6.00782
0.224455
3.35686
1.25993
2.97132
0.372346
-1.79083
0.310687
0.153632
-1.33691
-0.414674
0.0729264
6.2767
0.0496448
3.79267
0.739505
3.26468
0.269982
-2.03256
0.361725
-0.0108113
-1.22294
-0.47143
0.0399185
5.73343
1.3957
2.83901
1.70168
2.66453
-0.0868826
-1.93493
-0.151117
0.495733
-0.919359
-0.425472
-0.0161718
6.12577
1.901
2.04133
2.44284
3.03343
-1.06793
-1.994
0.130952
0.17777
-0.499242
-0.445543
-0.0690182
6.09006
2.12701
1.70653
3.27377
3.48092
-1.20521
-2.07758
0.288647
0.156238
-0.28683
-0.494126
-0.0881226
6.63944
1.3796
2.25788
3.30075
4.08996
-2.16294
-2.16821
0.588601
0.245373
-0.0343566
-0.467837
-0.0745465
5.77659
1.85068
2.27789
3.21694
3.75251
-1.80518
-2.5586
0.889828
0.0182006
-0.0220527
-0.34977
-0.059499
6.24229
1.18307
1.97667
2.02089
4.61782
-1.90459
-2.50799
0.62412
-0.0335218
0.308099
-0.139443
-0.00330383
6.0767
1.18579
0.921412
2.18891
4.29974
-1.67203
-1.90754
0.00393885
0.19524
0.440231
0.114614
0.146695
6.31357
0.717339
0.540145
2.81324
3.45605
-1.44841
-0.897252
-0.649694
0.441518
0.164407
0.290328
0.266181
5.67124
0.318591
1.08269
2.80956
3.19997
-1.55049
-0.271343
-1.23986
0.962772
0.244017
0.276124
0.294715
4.68459
1.07742
1.11923
2.47163
3.11942
-0.608877
-0.353913
-1.17654
1.16281
0.0727347
0.575828
0.21298
3.75462
1.69656
1.67308
2.1277
3.12296
-0.294022
-0.128755
-0.467386
0.531212
0.3238
0.664039
0.101309
3.10663
2.05444
2.35599
2.67768
2.97599
-1.23054
0.109998
0.0915577
0.433172
0.0353331
0.680576
0.0977162
3.09782
2.18539
1.87747
3.32519
3.5131
-1.9053
0.194762
0.274946
0.914298
-0.233838
0.463712
0.133574
2.99905
1.85655
2.00985
2.84247
3.46398
-1.30691
-0.122153
0.642227
0.521315
0.254594
0.344949
0.0874461
2.60337
1.87563
2.74303
2.76889
3.07605
-1.08257
-0.0762601
1.57611
-0.182834
0.407198
0.467713
0.0563406
2.61825
1.70634
2.48954
2.72437
3.24858
-1.10189
0.476521
0.375964
0.229446
0.695698
0.348274
0.0400205
2.8601
1.22145
2.1491
2.82095
3.38261
-0.935978
0.727837
0.297664
0.803628
0.101214
0.117948
0.0628257
2.48664
1.21902
2.35278
2.62911
3.66983
-0.217537
0.993841
0.873049
0.820916
-0.414762
-0.150146
0.0890367
1.98111
1.84145
2.77176
2.2568
3.26326
-0.119699
1.09597
0.88527
0.565766
-0.235455
-0.173372
0.0752759
1.91663
1.16718
2.44229
3.27904
3.42059
-0.338687
1.40184
0.556782
0.520495
-0.322697
-0.0317379
0.0940749
1.42505
0.559121
2.80652
2.98632
4.22399
-0.632654
1.39712
0.408819
0.605794
-0.436732
-0.0558762
0.166291
1.23489
0.719408
2.68991
2.67284
3.60175
-1.18696
1.30797
0.470436
0.550373
-0.387147
0.0488023
0.120814
1.01983
0.641733
2.74552
3.4768
2.55593
-0.777627
1.12168
0.922129
0.526325
-0.269379
0.191069
0.0725506
0.892935
0.19467
2.37352
4.29695
3.10801
-1.06422
1.48872
0.893194
0.643234
-0.0490031
0.151427
0.081833
0.92811
0.462806
2.1691
3.44133
4.02797
-1.80798
2.46547
1.17379
0.320598
0.187703
0.0729124
0.191232
0.981276
0.310325
2.73879
3.01919
4.49267
-1.84366
2.15758
1.44561
0.331443
0.3022
0.287184
0.112319
1.38737
0.135823
3.45732
2.60812
3.31928
-1.51611
1.3135
1.40609
1.26082
-0.0446253
0.378684
0.0791595
1.77322
-0.0342925
3.18974
1.95384
3.81156
-0.967831
1.48541
0.845381
1.18537
0.124374
-0.0349566
0.146004
2.59152
-0.0659538
2.66525
1.87577
3.9389
-1.62299
1.1223
0.406213
1.16347
0.276235
-0.110925
0.154736
3.66717
-0.0444397
1.61812
2.0983
3.91901
-2.25903
-0.00572547
0.0791909
1.82716
0.0532584
-0.0479836
0.204319
4.4336
-0.38986
1.2859
1.55725
4.26626
-1.79099
-0.50293
-0.0898353
1.44934
0.209745
-0.0695516
0.243056
5.29228
-0.694025
0.998997
1.8049
3.98127
-2.08334
-0.552554
-0.176641
0.986152
0.464269
-0.0969053
0.237424
6.02655
-0.511142
0.0510273
2.4153
3.73301
-2.4465
-0.944812
0.138607
0.933324
0.383406
-0.036504
0.170406
6.57295
-0.782126
-0.301453
2.45089
3.95378
-2.63129
-0.616276
-0.0520749
0.757822
0.356863
-0.126098
0.188486
6.66021
-0.908378
-0.251511
2.2997
4.06632
-2.54174
-0.307776
-0.309468
0.396691
0.218095
-0.222357
0.211366
6.80963
-1.06879
-0.226215
2.19788
3.69803
-2.2444
-0.47995
-0.341914
0.180506
0.0592909
-0.194136
0.193452
7.05376
-1.47063
-0.431079
2.50175
3.06602
-1.87357
-0.857847
-0.324769
0.212785
-0.0543214
-0.126317
0.132656
7.04674
-2.04797
0.0754609
2.08393
2.68157
-1.35454
-1.24939
-0.365299
0.155594
0.027945
-0.115565
0.0872192
7.1921
-2.34856
0.571105
1.73571
2.16005
-0.82035
-1.75763
-0.404426
0.323924
-0.0426505
-0.118527
0.0707001
6.63061
-1.74146
0.308832
1.61545
2.34719
-1.28623
-1.61847
-0.53202
0.344912
0.00456992
-0.172136
0.066469
6.58099
-1.87849
0.299461
1.56793
2.37674
-1.53679
-1.34208
-0.564963
0.211961
0.0434689
-0.19385
0.0746301
6.95667
-2.15528
0.203081
1.50541
2.66573
-2.07862
-1.31693
-0.1878
-0.0897779
0.0628819
-0.156213
0.0773459
7.22295
-2.01854
-0.150844
1.38471
3.01747
-2.58337
-1.30629
-0.00745971
-0.228617
0.0739459
-0.163325
0.103271
6.54557
-0.85047
-0.833238
1.67199
2.46833
-1.86028
-1.6124
-0.454104
0.306994
-0.148324
-0.0901426
0.0969692
6.68014
-1.24382
-0.33241
1.26222
2.65108
-1.93767
-1.691
-0.529917
0.194673
-0.0175624
-0.130242
0.100941
7.12447
-1.60826
-0.266017
1.18021
3.0046
-2.36327
-1.67759
-0.394143
-0.0412495
0.132856
-0.16851
0.0942514
7.16237
-1.42879
-0.528272
1.25899
2.78472
-2.16987
-1.65165
-0.601985
0.0524798
0.0926885
-0.129721
0.101495
6.56937
-0.511437
-1.14774
1.84455
1.72154
-1.14987
-1.99254
-0.756536
0.343728
-0.12178
0.00153178
0.101468
7.2284
-0.807078
-1.32076
2.31907
1.63127
-1.5392
-1.62932
-0.534969
0.177986
-0.174018
0.0509247
0.132496
7.50712
-1.05197
-1.26634
2.39789
1.85861
-1.67803
-1.43775
-0.422511
0.156365
-0.200597
0.0436367
0.147339
7.41348
-1.07843
-0.817142
2.27642
2.03941
-1.38929
-1.73169
-0.489129
0.234815
-0.131342
-0.0128527
0.121343
6.53041
-0.547691
-0.595843
2.33389
1.89707
-1.02779
-2.10248
-0.588451
0.43238
-0.146589
-0.0615335
0.093568
6.65087
-0.616105
-0.64637
2.43731
2.33448
-1.37842
-1.60631
-0.462624
0.281192
-0.236884
-0.066844
0.10247
6.72479
-0.451625
-0.914225
2.22919
2.72278
-1.46412
-1.13561
-0.427439
0.189741
-0.281294
-0.0272092
0.148668
7.47942
-0.773436
-1.14203
1.93788
3.03936
-1.76039
-0.956608
-0.269187
0.153614
-0.177925
-0.0734217
0.155793
7.59539
-0.744955
-1.25456
2.11712
3.15637
-2.10556
-0.867803
-0.27745
0.21465
-0.198557
-0.147467
0.136248
7.24266
-0.820061
-0.87889
2.3123
3.0881
-2.43162
-1.19231
-0.200099
0.440463
-0.0145928
-0.109972
0.128648
6.89561
-0.220386
-0.943641
2.17842
2.95681
-1.87603
-1.2765
-0.235306
0.343432
-0.164895
-0.0970105
0.120875
7.32822
-0.718904
-0.70379
2.44766
3.28163
-2.15373
-0.980472
-0.152109
0.308131
-0.163524
-0.200256
0.116264
7.07656
-0.254975
-0.467173
2.7373
3.32287
-1.89397
-1.16984
-0.118177
0.267462
-0.364943
-0.317591
0.0652668
7.14294
0.120329
-0.712628
2.6536
3.34372
-2.16277
-0.999512
-0.288221
0.182147
-0.436099
-0.305386
0.0886339
6.97253
0.475493
-0.447299
2.82762
3.28443
-2.30914
-1.54071
0.0869255
0.363363
-0.260201
-0.308073
0.0507536
7.17365
0.64503
-0.550239
3.0017
3.20561
-2.71565
-1.36548
-0.0674665
0.402582
-0.327146
-0.300738
0.0696987
6.83932
0.603951
-0.121491
3.64855
2.1084
-3.03805
-1.20661
0.277851
0.473989
-0.533984
-0.237079
0.0713345
6.59271
0.948754
0.255631
3.57303
1.48288
-2.674
-0.966737
0.447407
0.205883
-0.641591
-0.202678
0.0665194
5.93236
1.07435
1.00907
3.76558
0.684932
-1.33353
-0.466071
0.168241
0.392464
-0.328858
-0.221017
-0.0410104
6.2472
1.38338
0.700405
3.10214
1.23037
-2.33516
-1.27752
0.610574
0.826951
-0.0441364
-0.164635
0.0312383
6.54671
1.59228
0.670214
2.18434
2.3744
-2.94278
-1.90351
1.13122
0.391555
0.032229
-0.299803
0.0281991
5.64665
1.40985
0.618182
1.59098
1.88673
-1.85479
-1.64967
0.633098
0.487954
-0.110146
-0.0985902
0.0518471
5.32478
1.45675
0.697375
1.17502
2.01653
-1.18102
-1.22982
0.8114
1.61795
0.20625
0.206282
0.141376
5.11765
1.71634
1.17545
1.14728
1.98908
-1.05387
-1.25194
0.891116
2.06219
0.146564
0.180381
0.131073
5.59038
1.79644
1.91508
1.74698
1.72259
-0.823873
-0.979506
0.611174
1.50054
0.373631
-0.0937556
0.000708921
5.55895
1.30092
2.02407
1.91268
1.71526
-0.254479
-0.737791
0.499981
0.716162
0.00132374
-0.172672
-0.043298
5.40875
0.491985
2.44665
1.95892
1.97801
-0.121136
-0.65474
0.06442
0.373363
-0.251564
-0.313196
-0.0656978
5.12491
1.04993
1.85294
2.2266
2.98569
-0.40559
0.040449
-0.647435
0.627172
-0.118429
-0.344238
-0.032947
4.99605
1.11011
0.94326
1.85951
3.49442
0.166926
0.147267
-0.615956
0.754233
0.0738609
0.133547
0.104514
5.18287
0.942073
0.898329
1.59309
3.03166
-0.369111
-0.0749947
-0.118312
1.07206
-0.00642964
0.247775
0.224084
5.11221
0.733667
2.31229
1.33177
2.7504
-0.791615
-0.1192
-0.147751
0.976226
-0.264156
-0.139376
0.21202
5.0522
0.90888
2.28877
1.02083
1.8053
-0.978357
-1.00696
0.00241744
0.566504
-0.357982
-0.0835456
0.0772267
4.85019
0.523914
1.4691
0.701259
1.32518
-0.969663
-1.72788
0.0588993
0.574271
-0.556319
0.16507
0.115801
4.92268
0.993452
1.63973
0.978485
2.41607
-1.37341
-1.0293
0.0125936
0.191975
-0.41768
-0.0614572
0.0754685
5.03524
0.843674
1.44845
0.824456
3.00328
-1.31678
-0.722775
0.739431
0.843992
0.219512
0.116104
0.14278
4.8453
0.559152
1.40465
0.933666
3.16278
-0.970708
-0.575904
0.899715
1.72823
0.78977
0.358424
0.191069
5.00141
1.03312
1.39163
1.69462
2.95526
-1.27152
-0.0613307
0.85566
1.73382
0.639983
0.18345
0.176998
5.18549
1.54768
1.27838
1.39305
2.28828
-1.78775
0.00386739
0.931459
1.76007
0.534037
0.0826316
0.150092
5.27218
1.57381
1.26088
1.30969
1.43598
-2.09127
-0.478584
0.0953739
1.54552
0.438276
-0.0509547
0.0437776
5.22368
1.33283
1.06035
1.10219
1.53447
-1.74358
-0.631156
-0.477061
1.2295
0.038157
-0.0735031
0.0537196
5.35102
2.03509
1.20526
1.05707
3.02654
-1.21687
-0.741066
-0.226769
0.739484
-0.504527
-0.327689
0.0179319
5.17012
2.21628
1.38602
1.39069
4.15464
-0.261039
-0.725972
0.0189514
0.409656
-0.676893
-0.386213
-0.0509154
5.07224
2.13651
1.15191
1.59107
2.98686
-1.12376
-0.747709
-0.155163
1.01558
-0.331581
-0.137397
0.044893
4.70196
1.84994
1.01928
1.65242
1.98841
-2.22283
-0.726573
0.281639
1.52441
-0.0623654
0.0593571
0.119745
4.64177
2.04146
1.3929
1.73002
1.76626
-2.7215
-1.03892
0.220644
1.2808
-0.380049
-0.209477
0.0619642
4.59543
2.21267
1.63807
1.68504
1.96275
-2.43624
-0.796613
0.0640166
1.23277
-0.5136
-0.373866
0.00264299
4.88862
2.16067
1.49652
1.14335
2.25239
-1.68277
-0.679975
-0.429764
0.951095
-0.570156
-0.312396
-0.00785797
4.6718
2.32852
1.93304
0.766234
2.02653
-0.573941
-0.535952
-1.4359
0.425446
-0.354137
-0.213963
-0.051443
4.29814
1.50149
1.2338
0.705094
2.13666
-1.03959
-0.438071
-0.995933
0.426596
-0.836539
-0.0641828
0.0206409
4.29115
1.59495
0.938885
0.848112
2.62469
-1.46044
-0.659193
-0.508504
1.04827
-0.695045
-0.0846411
0.0273383
