120
1.37084
1.11427
2.77453
1.42391
2.67461
0.379371
2.38631
1.39174
1.68495
0.17408
0.51452
0.078465
1.52257
1.53325
2.80445
1.31607
2.81933
1.08839
2.54556
1.2971
1.37867
0.206419
0.617594
0.0775595
1.76761
1.80651
2.97507
1.89914
3.25922
1.46276
2.25595
0.770865
1.2246
0.291916
0.668644
0.0933309
2.05161
2.43845
3.66059
2.16666
3.5327
2.05939
2.4686
0.635258
1.10702
0.253025
0.550076
0.126681
2.34375
2.55568
3.92912
2.67626
3.66535
2.28134
2.47858
0.655604
1.29844
0.322315
0.401693
0.149553
2.49709
2.70264
4.13872
2.76024
3.91034
1.96591
2.63635
0.992377
1.37576
0.0954449
0.479011
0.160546
2.60621
2.9312
3.82331
1.95303
3.39717
1.14403
2.2718
0.841173
1.18185
0.11514
0.610523
0.130261
2.60787
3.05201
4.17818
2.51502
3.56778
1.3878
1.85784
0.325194
1.11064
0.292284
0.578602
0.10254
2.81714
2.39023
3.75053
2.37964
3.38173
2.27438
1.80497
0.0126986
1.32916
0.290633
0.513417
0.132218
3.33096
2.37943
3.60087
1.67465
2.84655
0.904071
1.1945
-0.329318
0.967104
0.490006
0.300642
0.124218
3.82962
1.85988
2.48515
0.788769
3.00906
0.193368
1.16597
-0.117201
1.02816
0.993171
0.167277
0.11217
3.76419
0.693011
-0.348812
-0.207595
3.46208
0.680887
1.03685
0.61096
1.59219
0.501609
0.366641
0.0261352
4.18091
1.15675
-0.355415
-0.114584
3.35685
0.433726
0.566846
0.0512214
1.38977
0.311208
0.270266
0.00295834
5.66392
1.3233
0.0548485
1.82195
2.85803
-1.35276
-0.300209
0.0190682
1.03577
0.06721
-0.153103
0.0351279
6.87609
0.949183
-0.738232
3.3696
2.49584
-1.89504
-1.27655
0.702053
0.965969
0.0139955
-0.228547
0.000705855
7.58935
0.680232
-1.65378
4.18417
2.18343
-2.39875
-0.960406
0.409274
1.26373
-0.351616
-0.184658
-0.0133912
8.03869
0.484385
-1.82215
4.34957
2.05505
-2.74092
-0.883521
0.618071
1.42284
-0.468604
-0.239145
-0.01281
7.74871
0.0649519
-0.903011
4.25659
1.9651
-3.24646
-0.773687
0.913714
1.36996
-0.361939
-0.268774
0.0189287
6.97068
0.326456
-0.318849
4.16506
1.84317
-2.99536
-1.33588
1.17385
1.35572
-0.134525
-0.300462
0.00415216
7.39482
0.12828
-0.678778
4.44626
1.89731
-3.27779
-1.17524
1.09127
1.46094
-0.298845
-0.340749
-0.00422411
7.03139
0.145968
-0.876125
3.83196
2.25178
-2.5914
-1.51736
0.756004
1.0945
-0.237173
-0.365929
-0.0154824
7.62774
-0.215106
-1.29961
3.61746
2.5231
-2.77079
-1.78169
0.0222312
0.838323
-0.31228
-0.325467
0.0107129
7.89847
-0.780428
-1.04259
3.44209
2.24419
-3.37913
-2.11109
-0.154417
0.593133
-0.349172
-0.307945
0.0470281
7.44307
-0.609294
-0.273847
2.74579
2.07061
-3.68624
-2.60444
-0.154824
0.511736
-0.223265
-0.341596
0.0350273
6.9082
-0.0805458
0.170264
2.46143
2.13932
-3.89513
-3.0587
0.0190494
0.442439
-0.183939
-0.37551
0.020921
6.94402
-0.0602436
0.301221
2.2778
1.96483
-3.51396
-3.12576
0.0162242
0.361292
-0.25964
-0.366272
0.011277
6.858
-0.0751706
0.443927
1.56885
1.88284
-2.5247
-3.00325
0.0539795
0.147264
-0.445248
-0.335578
0.00279939
6.93435
-0.459686
1.32893
0.28733
2.5107
-1.64551
-2.93567
0.434407
-0.377545
-0.828054
-0.2781
-0.0211386
6.20631
-0.0665791
1.58356
0.531065
1.7814
-0.897496
-2.85988
0.0184012
-0.386542
-1.31867
-0.245266
0.0744387
6.35957
-0.289862
2.09913
0.372197
1.25612
-0.567109
-2.86338
-0.299518
-0.433287
-1.55233
-0.176713
0.161802
6.2307
-0.350629
2.52109
0.0495052
1.25872
-0.43496
-2.74572
-0.412742
-0.520974
-1.66601
-0.139169
0.208758
6.74795
-1.09605
3.27153
-0.0526498
1.31891
-0.101618
-3.09602
-0.551971
-0.398043
-1.54974
-0.158984
0.189433
6.04914
-0.0384009
2.39496
0.482876
1.87964
0.0465686
-2.89581
-0.690985
-0.279333
-1.45173
-0.193035
0.136423
6.08627
-0.268065
2.80332
-0.122475
3.21968
0.0879498
-2.58545
-0.576431
-0.599226
-1.23119
-0.346969
0.0870177
6.20575
-0.186263
2.7884
-0.0238227
3.27618
0.0944727
-2.81341
-0.623822
-0.610951
-1.31259
-0.297761
0.103058
6.74345
-0.393238
3.19465
-0.0205757
3.13778
0.40735
-3.06523
-0.556398
-0.804948
-1.56603
-0.275196
0.10415
6.32461
0.734876
2.30004
0.720416
2.80599
0.410933
-3.11192
-0.31708
-0.861533
-1.85154
-0.115503
0.106092
6.68584
0.246445
2.72002
0.590225
3.05627
0.464761
-3.09989
-0.299638
-0.852714
-1.74926
-0.0987633
0.0949224
6.16378
0.425971
3.04828
0.130064
3.86762
0.0447945
-2.64836
-0.0319234
-1.13005
-1.51545
-0.135168
0.0606165
6.17839
0.314089
3.55949
-0.466428
4.57701
0.516539
-2.65721
0.180922
-1.18239
-1.46201
-0.216932
0.0306113
5.82261
0.974582
2.42803
0.379005
4.62165
0.812925
-2.20016
-0.247718
-0.493427
-1.36298
-0.188447
0.056886
6.01032
0.853904
2.69896
-0.0222822
5.19759
0.663671
-2.04913
-0.158306
-0.639562
-1.05592
-0.240507
0.0849445
6.03921
1.33994
1.65935
0.552137
5.40001
0.30803
-1.80165
-0.231147
-0.691085
-0.739212
-0.205449
0.0510439
6.19034
1.60681
1.37666
0.427624
5.93144
0.0679415
-1.65261
-0.266352
-0.999849
-0.448124
-0.306018
0.00640048
6.36647
1.35514
1.76698
0.107517
6.34918
-0.24085
-1.69974
-0.397389
-1.15223
-0.0412416
-0.430793
-0.023983
6.36487
1.3718
2.19149
0.870725
6.05291
-0.680378
-1.41005
-0.361585
-0.905094
0.147167
-0.504819
-0.0410361
6.00615
2.30748
1.83922
2.40256
4.55461
-0.854705
-1.29236
-0.0717213
-0.385633
-0.218136
-0.363508
-0.0421864
6.17726
2.43235
1.91321
2.95026
2.59179
-0.732363
-1.19891
-0.512533
0.362415
-0.412573
-0.26606
0.00405648
5.97131
2.16441
2.23226
3.37199
2.55565
-1.22791
-1.03833
-0.483371
0.417312
-0.266474
-0.150345
0.0612215
5.74699
1.93967
2.06201
3.48336
3.35056
-1.90226
-0.810301
-0.518917
0.398132
-0.0174588
-0.0356984
0.129746
5.45742
2.02335
1.31547
3.75571
3.55779
-2.07518
-0.389712
-0.696533
0.610982
-0.113933
0.141637
0.194197
4.96225
2.46748
0.900715
2.99835
3.91403
-1.60702
-0.0466892
-0.638983
0.44937
-0.264118
0.290882
0.244055
4.5676
1.83442
1.92773
2.1964
3.57933
-0.606757
-0.265111
-0.502239
0.611959
-0.255473
0.48033
0.226071
4.02436
1.23397
2.27714
2.37524
2.91162
0.0959508
0.653295
-1.01708
1.10186
-0.0628615
0.509568
0.188592
3.48191
1.1872
1.82103
2.28074
3.84347
-0.376549
0.898951
-0.661721
0.863096
0.170145
0.504763
0.14386
3.02783
1.10072
1.77721
2.87969
4.11354
-0.73063
1.27545
-0.943121
0.827924
0.321465
0.287162
0.0846737
2.86346
0.698426
1.95282
3.13529
2.31537
0.0177278
1.22394
-1.25987
1.08624
0.223111
0.315546
0.0118
2.28651
1.39755
1.18234
3.18049
2.65343
-1.08497
0.642922
-0.335451
1.1028
0.417978
0.282157
-0.0129522
2.13078
1.21407
1.50453
2.6873
3.96335
-1.45872
0.344679
-0.0143956
0.683934
0.291661
0.122778
-0.00530129
2.18032
0.845889
2.0712
2.97986
4.34169
-1.35843
0.431656
-0.410663
0.780723
-0.0329793
0.0246036
-0.0102011
1.75302
0.736448
2.51328
3.60531
3.98527
-1.09654
0.970804
-0.317284
0.721534
-0.096359
-0.156481
0.00978275
1.49444
0.624194
2.77293
3.26979
3.36037
-1.57528
0.911977
0.312469
0.793818
-0.0513839
0.010309
0.034578
1.47978
-0.151598
2.60509
2.53916
2.93058
-1.09906
1.24455
0.403777
0.931071
0.291459
0.286744
0.0224395
1.2845
-0.115444
2.21044
2.6216
3.56341
-1.33322
1.36871
-0.0584951
1.06235
0.16591
0.111678
0.0879479
1.0473
0.645799
1.53273
3.15946
4.22984
-2.03461
1.47382
0.153871
1.19329
0.15678
-0.0258165
0.0897077
1.18598
0.392353
1.81309
2.42751
4.26164
-1.20858
1.32927
-0.139994
1.43246
0.295562
0.0721979
0.041365
1.42076
0.0492078
2.35788
2.53005
4.22093
-0.584242
1.46367
0.0790769
1.14464
0.100784
0.133003
0.0862985
2.00586
-0.0798579
2.85339
2.63064
3.54178
-0.283171
1.37853
0.425904
0.59121
-0.0156466
0.0475636
0.104278
2.43923
0.0683048
2.90951
1.87716
2.98294
-0.242617
1.6214
0.18392
0.412907
0.180165
0.0665417
0.085197
2.99411
0.041808
2.56601
1.8075
3.08183
-1.02932
1.53292
0.356162
0.281196
0.255685
0.224639
0.113723
3.54088
0.144513
1.9011
2.48128
3.63159
-2.07736
1.31833
0.689656
0.290562
0.227531
0.150241
0.170622
4.11578
0.340727
1.64663
2.60855
3.32376
-1.32885
0.841046
0.194065
0.50113
-0.00332677
0.153442
0.144807
4.44737
0.824781
1.79489
1.83583
4.01351
-1.23957
-0.384058
-0.0664892
0.877759
-0.26003
0.0388054
0.184832
4.81631
0.590068
1.59836
2.58299
3.92755
-2.05615
-0.343195
-0.164342
0.857266
-0.0899655
-0.199679
0.160408
5.72393
0.0469715
0.799396
2.25421
3.92912
-1.87925
-0.368267
-0.410546
0.437258
-0.0768501
-0.176997
0.211905
6.21818
-0.0953145
-0.377556
2.61009
3.77966
-2.06384
-0.248636
-0.655852
0.550997
-0.149584
-0.116702
0.201345
6.61594
-0.337547
-0.642666
2.28531
3.98587
-2.65889
0.139877
-0.825376
0.364692
-0.0923016
-0.218194
0.257351
6.45023
-0.193428
-0.604182
1.81119
3.50711
-2.33799
-0.227938
-0.85536
0.38634
-0.0543396
-0.148504
0.225126
6.86865
-0.962555
-0.524753
2.20392
3.40751
-3.195
-0.125425
-0.647135
0.194977
0.0547924
-0.174605
0.254125
6.34675
-0.104506
-0.937739
2.61037
3.06981
-2.59276
-1.13054
-0.52746
0.717322
-0.0901291
-0.064074
0.138326
7.5681
-0.572593
-1.28479
2.92475
3.76351
-3.87688
-0.882859
-0.575671
0.835641
-0.0383023
-0.2797
0.185975
6.64813
0.374215
-0.660515
2.60136
2.8505
-2.77119
-1.44802
-0.479678
0.672162
-0.0692044
-0.114213
0.117669
7.23392
-0.282393
-0.829768
2.69665
3.27873
-3.46744
-0.728085
-0.746118
0.501676
-0.113301
-0.173976
0.185819
6.42945
0.365476
-0.99254
2.67172
2.91224
-2.34434
-1.16817
-0.658118
0.48176
-0.294156
-0.0613755
0.136005
7.21093
-0.34115
-1.06949
2.8155
3.5301
-2.9317
-0.436471
-0.790239
0.387382
-0.339199
-0.248111
0.158952
6.98259
-0.016859
-0.856014
3.02482
3.00962
-1.91978
-0.885641
-0.612608
0.314457
-0.392918
-0.176242
0.0868103
7.01403
0.104681
-0.785276
2.84166
3.44725
-2.20646
-0.637306
-0.658584
0.224689
-0.418171
-0.191949
0.140627
6.92883
0.0609467
-0.597823
2.46997
3.84312
-2.31222
-0.412775
-0.692269
0.186134
-0.279425
-0.237412
0.181783
6.70404
0.25982
-0.501533
2.2297
3.64675
-2.42761
-0.221106
-0.533178
0.0363909
-0.413725
-0.264092
0.190468
6.85496
0.587758
-0.694097
2.08862
3.41464
-2.38156
-0.418546
-0.420734
0.216963
-0.331101
-0.227753
0.175162
7.07986
0.968176
-0.780978
2.60913
3.25752
-2.14248
-0.890944
-0.0218398
0.462831
-0.240881
-0.189038
0.12654
7.37839
0.457218
-0.566352
3.16887
4.23373
-2.1958
-0.328623
-0.264861
0.381976
-0.445622
-0.425174
0.0961917
7.03795
0.0595061
-0.393156
2.85922
3.99239
-2.19409
-0.145479
-0.50146
0.324262
-0.330018
-0.382153
0.124223
6.50759
0.314123
-0.0527867
3.08332
3.3589
-2.64665
-0.689057
-0.118109
0.48141
-0.357643
-0.359819
0.0786454
7.09399
-0.144461
-0.344686
3.53559
3.31507
-2.74819
-0.541859
-0.381998
0.354472
-0.52458
-0.360659
0.0756577
7.01519
-0.335356
-0.26368
2.82465
3.53525
-3.28258
-0.0976734
-0.812786
-0.016974
-0.452582
-0.446269
0.143263
6.95081
-0.396633
-0.282769
2.23407
3.5342
-3.27633
-0.126482
-0.744838
-0.264367
-0.439893
-0.463299
0.186415
6.24202
0.380251
0.0412183
2.20479
3.34613
-2.34826
-0.828482
-0.324357
-0.0972121
-0.491265
-0.343327
0.103714
6.48311
-0.0584833
1.27068
2.63346
3.18436
-3.10236
-1.18347
0.398843
0.148641
-0.220476
-0.448111
0.0473254
6.47474
0.513338
1.39416
3.80347
2.74366
-2.81085
-0.88436
0.790181
0.541817
-0.445903
-0.402477
0.053557
5.85955
0.788901
1.35863
3.73015
2.36691
-2.98691
-1.03997
0.867345
0.57049
-0.382886
-0.28853
0.088218
4.3432
1.85405
1.7999
2.98376
1.97452
-1.33738
-0.788566
0.783343
0.799613
-0.228009
-0.0246325
0.0702199
4.74172
2.08285
1.88231
3.20846
4.19907
-0.0157134
0.27084
0.132466
0.639392
-0.791462
-0.286294
0.0146034
4.94578
2.25288
1.82731
2.69443
4.09381
-0.695424
-0.0144416
0.0376002
0.499116
-0.566348
-0.426902
-0.0256257
4.84551
2.43365
0.946419
1.12918
1.95515
-1.14098
-1.35835
0.607361
0.588422
-0.174561
-0.0348495
-0.011208
4.60452
1.86749
0.941221
0.807921
1.79928
-0.121882
-0.839296
0.859923
0.529228
0.240204
0.478462
0.0980355
5.13013
1.6672
2.30561
2.26679
2.36894
-0.258149
-0.469471
0.846209
0.444608
0.0145775
0.00768083
0.0249623
5.5399
3.0203
3.20461
2.9177
2.67751
-1.45236
-0.315615
0.37276
1.11645
0.0546393
-0.348072
-0.00685577
5.90539
3.28552
3.00457
2.13994
2.13372
-1.8918
-0.702071
-0.0245483
1.39313
0.337154
-0.176237
0.0355766
5.51243
2.17618
2.09853
2.44146
1.71087
-1.51362
-0.568319
0.11754
1.58443
0.362012
-0.0274895
0.0759486
5.28324
1.78572
1.7662
3.17739
2.03289
-1.66947
-0.202416
0.317424
1.47823
0.167216
-0.00540832
0.108137
4.77364
1.67613
2.68295
2.03227
2.5763
-0.828908
-0.438938
0.362539
1.319
-0.076739
-0.0409039
0.12517
4.56121
1.23207
2.72833
1.6321
2.99137
-0.306533
-0.486017
0.46759
1.45541
-0.301931
-0.172137
0.109548
4.13248
0.933074
2.34435
1.70715
2.64443
-0.265149
-0.443755
0.74157
1.72933
-0.153085
-0.0344412
0.115968
4.0691
0.979714
3.2355
1.6036
2.98822
0.553208
-0.522898
1.17293
0.856712
-0.291253
-0.325617
-0.0464683
4.50177
1.22533
3.00092
1.79377
2.7499
0.0851611
-0.370699
0.999866
0.89835
-0.274601
-0.585326
-0.119999
4.77277
1.4238
1.95135
2.12382
1.67669
-1.69219
-0.696654
-0.597794
1.15318
-0.304775
-0.526848
-0.0788086
4.78606
1.95588
2.21515
1.472
1.10528
-2.25512
-1.37062
-0.824679
1.12149
-0.374669
-0.27654
0.0183694
4.80144
2.12472
2.35701
0.482208
1.6277
-1.60233
-0.977268
-0.160878
0.323597
-0.50016
-0.111023
0.0217105
4.72075
2.142
2.39979
0.609111
2.19141
-0.545133
-0.421056
-0.137813
0.209927
-0.351466
-0.23287
-0.0535576
