149
1.30014
1.53836
2.82928
1.40488
2.31402
0.115842
1.46769
0.659211
0.874621
-0.00640214
0.526404
0.0547597
1.46646
1.49363
3.05884
1.31139
2.08411
-0.128307
1.44809
0.250874
1.16827
0.0959314
0.497631
0.0683843
1.4911
1.30124
2.97971
1.11909
1.82715
-0.779818
1.10428
0.404095
1.26011
0.0491101
0.530914
0.0628264
1.80977
1.78963
3.37241
1.64646
2.34043
0.137841
1.7273
0.792951
1.4816
0.296393
0.624243
0.0873434
1.92623
2.32425
3.83238
2.01695
3.0947
1.2583
2.44387
0.433299
1.24191
0.206656
0.573907
0.10855
2.57579
3.13543
4.1594
2.38653
4.4838
2.09085
2.73999
0.977215
0.986308
-0.0113574
0.587633
0.115415
2.84109
3.05948
4.43492
2.66191
4.87335
2.05555
2.696
1.24543
0.762122
0.0809759
0.623871
0.115875
2.79268
2.91594
4.22985
3.26995
3.84433
1.94983
2.63685
1.02306
1.1139
0.113211
0.467612
0.118981
2.3515
2.52744
4.11907
3.34683
4.41189
1.73037
2.48681
0.812811
1.17465
0.145697
0.680326
0.119401
2.39029
2.71765
4.17789
2.82525
3.86334
1.83289
2.64924
1.01681
1.27536
0.0968689
0.547474
0.147802
2.46249
2.89588
4.43077
2.76223
3.33904
1.63495
2.53373
1.03321
1.40413
0.0808362
0.45487
0.146765
2.49636
3.01549
4.4216
3.0975
3.87341
1.91649
2.32934
0.21785
1.35471
0.28184
0.505268
0.103999
2.72821
2.91783
3.93119
2.96792
3.68436
1.90651
2.64526
0.69595
1.3152
0.174312
0.450646
0.134419
2.74916
2.78747
3.94027
3.00379
3.35516
1.97277
2.718
0.850874
1.31715
0.211181
0.356935
0.139926
2.71257
3.1747
4.49951
3.09959
3.5322
1.83229
2.81079
1.07339
1.40375
0.130651
0.420044
0.141003
2.81216
3.24496
4.48591
3.04154
3.47008
1.80796
2.71665
1.00593
1.34188
0.175363
0.407341
0.132382
3.24821
2.57214
3.23831
2.82821
3.1304
1.51674
1.91979
-0.129836
1.21443
0.529575
0.312733
0.0993861
4.13887
1.72382
3.24922
3.12879
3.72484
0.731113
1.66995
-1.13859
0.420397
0.531469
0.220288
0.059452
4.50183
1.57234
3.15305
2.39175
3.41597
0.393568
0.864117
-1.01805
-0.321287
0.101232
0.262323
0.0864403
4.18212
1.66962
3.06984
1.46915
2.59061
0.470859
-0.0123589
-0.427718
0.208868
0.169157
0.445447
0.120544
3.97931
2.05641
3.13683
1.02292
1.79739
0.261238
0.152461
-0.931741
0.891302
1.45796
0.260995
0.100496
5.13407
0.947661
2.2563
1.19858
2.6937
-0.117652
-0.11883
-0.387093
1.15203
0.815731
0.0565638
0.0531629
6.11389
0.505089
0.710384
1.54329
2.57511
0.28395
-1.50908
0.0628574
1.00916
0.459514
0.0561803
-0.0243745
7.00724
0.963393
-0.807644
2.14234
3.13911
-0.856442
-2.0952
0.0238228
0.700787
0.533108
-0.0244351
-0.0169049
7.78023
1.10677
-1.58333
2.33057
3.53642
-1.62699
-2.2046
-0.570481
0.878267
0.600475
-0.000576068
0.0231688
8.26406
0.593943
-1.62343
2.71202
3.25462
-2.34469
-1.99821
-0.737706
1.05288
0.437325
-0.000716756
0.0483713
7.75645
0.732254
-1.31439
2.96458
2.88353
-2.49688
-2.4086
-0.482117
1.17559
0.503064
-0.00920006
0.0391178
7.27155
0.912332
-1.02544
2.84001
2.64948
-2.37301
-2.74002
-0.176699
1.06966
0.581826
-0.0199764
0.0345216
7.44338
0.945038
-1.04907
2.72927
2.70196
-2.35965
-2.81151
-0.272324
1.02766
0.570543
-0.0477053
0.0183106
8.426
0.0589336
-0.6683
2.16178
3.5534
-3.44245
-2.34022
-0.334017
0.92209
0.565315
-0.236568
0.0422538
7.47979
0.69362
-0.773039
2.59723
2.73689
-2.92094
-2.89301
-0.381922
0.862024
0.372477
-0.160918
0.00578069
6.95118
0.856013
-0.762961
2.6041
2.32561
-2.69151
-3.11574
-0.311087
0.584859
0.299679
-0.139718
0.0102271
6.99057
0.760206
-0.678149
2.51824
1.90446
-2.71591
-3.02128
-0.420114
0.556174
0.185979
-0.163993
0.000263812
8.01262
-0.441171
0.311948
1.5251
2.26452
-2.94822
-2.97876
-0.325552
0.366803
0.126923
-0.230473
-0.0182587
7.18145
0.239503
0.293705
1.60719
2.07205
-2.44085
-3.15638
-0.418127
0.32495
0.0996896
-0.154909
-0.0253313
6.86548
0.520193
0.203293
1.4799
2.21836
-2.06618
-3.35576
-0.234745
0.176462
0.0194691
-0.177733
-0.0519114
6.65352
0.612824
0.388384
1.4301
2.25111
-1.63223
-3.48718
-0.0486621
0.10775
-0.0982734
-0.223175
-0.0890666
7.12846
0.0780439
1.16165
1.06375
2.43892
-1.47482
-3.37461
-0.00825923
0.244615
-0.250309
-0.254188
-0.117849
7.16783
-0.271427
2.00581
0.0556466
2.6749
-1.35001
-2.54383
-0.15065
-0.179666
-0.224481
-0.500476
-0.145702
6.71082
-0.19602
2.54096
-0.586153
3.13303
-0.535467
-2.43446
-0.0945889
-0.304235
-0.506953
-0.640453
-0.139267
6.37468
0.0752923
2.57208
-0.109917
2.74827
0.199138
-2.9418
-0.11225
0.254489
-1.09236
-0.508883
-0.0756117
6.0002
0.596971
2.15128
0.910321
1.95846
0.150605
-3.43886
-0.389578
0.51992
-1.12014
-0.432633
-0.032296
6.66199
-0.221725
3.03956
0.613168
2.20282
-0.204406
-3.46417
-0.565788
0.39195
-0.982457
-0.483979
-0.0295315
6.69883
-0.0786087
3.01129
0.485145
2.33701
-0.707733
-3.13704
-0.523048
0.0609318
-0.846992
-0.520574
-0.0423278
6.68103
0.456991
2.63703
0.893036
1.78596
-0.562751
-3.11925
-0.676876
0.211258
-1.03954
-0.523902
-0.00755351
6.05567
1.28208
2.32998
1.07909
1.94187
-0.917895
-2.96197
-0.546755
0.085886
-1.05961
-0.460657
-0.0234655
6.44918
0.678385
3.26916
0.368801
2.83041
-1.02694
-2.89428
-0.214907
-0.369582
-0.955234
-0.486877
-0.0546594
6.47658
0.797575
3.01415
0.823165
3.17047
-0.570002
-2.91417
-0.0654876
-0.558697
-1.1243
-0.354458
-0.0737089
6.26933
0.860454
3.16635
0.865389
2.35931
0.47582
-3.02335
-0.516397
-0.151975
-1.48858
-0.27688
0.0337289
6.56084
0.364221
3.35445
0.817808
2.22045
0.649699
-2.90934
-0.810319
-0.136031
-1.30769
-0.215358
0.0926501
6.20848
0.728214
3.17526
0.679365
2.44811
0.488946
-2.74254
-1.00791
-0.111298
-1.09836
-0.156039
0.10732
5.62158
1.38345
2.9802
1.04515
2.44186
0.307785
-2.71699
-1.11159
-0.135452
-0.89077
0.00634194
0.0679149
5.81405
1.13168
3.13461
0.988712
3.01514
-0.121471
-2.60778
-1.03093
-0.251408
-0.687312
-0.0656524
0.0496405
6.49564
0.121013
3.79872
0.0341043
3.37254
0.112378
-2.49555
-0.652577
-0.475171
-0.689903
-0.304407
0.0937868
6.17188
0.64668
2.94905
1.01264
3.03367
-0.318895
-2.04227
-0.957525
-0.092891
-0.779012
-0.336157
0.126924
5.85003
1.34437
2.36181
1.82681
3.17942
-1.09445
-2.10833
-0.568887
-0.0822401
-0.611882
-0.261625
0.0385742
5.87178
1.59406
2.49687
2.24017
3.38203
-1.56358
-2.39703
-0.14829
-0.12547
-0.44285
-0.318576
-0.0233856
5.64421
2.19666
2.24836
2.6788
2.95802
-1.29882
-2.58394
-0.0433878
-0.0345689
-0.47248
-0.320949
-0.04218
6.73706
1.27797
2.83243
2.423
3.48722
-1.82824
-1.81645
-0.033698
-0.215586
-0.278942
-0.414215
-0.0322369
6.92092
1.17223
2.52307
2.98379
3.13449
-1.77193
-1.32244
0.147605
-0.0773977
-0.406192
-0.393351
-0.00584427
6.56612
1.16598
1.53292
3.77611
3.1342
-1.23756
-1.06955
-0.203045
0.0710109
-0.345033
-0.280124
-0.0161251
5.66973
1.66143
1.0126
3.82335
3.85764
-0.605962
-1.37972
-0.192176
0.0149551
-0.288988
-0.248601
-0.0258549
7.01322
1.35523
0.573837
3.24647
4.74116
-2.14404
-1.41231
-0.209885
0.110165
0.13064
-0.245393
0.077735
5.9062
1.68272
0.339551
3.25337
3.23627
-1.42795
-1.6877
0.238833
-0.0383105
0.123911
0.102789
0.157557
4.87844
1.64422
0.891552
2.95416
3.01262
-0.701512
-1.33987
-0.00825716
0.0268898
0.02144
0.480434
0.19464
4.54815
1.36146
1.61593
2.80926
3.58136
-0.181675
-1.20475
-0.744271
0.738721
-0.0537917
0.537689
0.157622
4.88773
1.67343
1.75061
2.89324
3.49388
0.520914
-0.900597
-0.955841
0.506521
-0.0644401
0.461278
0.14056
5.36776
1.94222
1.66054
2.93668
3.86435
0.706794
-0.332762
-0.843357
0.06251
-0.190142
0.349059
0.152977
4.98921
2.10411
2.31265
2.83643
3.52304
0.194837
0.111633
-0.917245
0.433237
-0.108984
0.232061
0.113003
4.47189
2.17419
2.77543
3.79016
2.9054
0.201998
-0.248145
-0.714544
0.758397
-0.0127034
0.124326
0.0183662
4.27252
2.06496
2.56468
3.78835
3.39888
0.291822
-0.534392
-0.0473131
0.56926
-0.053581
0.152083
0.0162582
3.71968
2.0737
2.43324
3.13792
4.05442
0.404407
0.714575
-0.508711
0.9143
0.105107
0.0611402
0.00287629
3.34056
1.76575
2.49159
3.06812
4.16089
-0.557067
1.04776
-0.351366
0.878645
0.188965
0.0618974
0.061243
2.71432
1.51821
2.49201
3.16441
3.86389
-1.10719
0.847267
-0.396113
1.33697
0.0885921
0.179239
0.0622151
2.16193
1.27797
2.40244
2.94267
3.71085
-0.54135
0.556038
-0.189439
1.40711
0.200709
0.16327
0.0177642
1.85544
0.662218
2.62977
2.64378
3.80913
-0.337805
0.95381
-0.250466
1.40621
0.219507
0.0563449
0.0678398
1.7145
0.372878
2.075
2.82619
3.94417
-0.461244
1.13495
-0.00703237
1.44958
0.0434347
-0.0010199
0.0999988
1.78452
0.500087
2.15338
2.56622
4.27139
-1.77062
0.908583
0.877897
1.07387
0.0627938
0.167116
0.107256
1.29788
0.841969
2.45754
2.42735
4.15442
-1.97586
1.78303
0.737066
0.826971
0.0594073
0.134357
0.13899
0.79705
0.809669
2.94065
3.11148
4.18085
-1.11507
2.14444
0.0591424
0.657486
0.0420104
0.224001
0.0967849
1.00153
0.369829
3.14581
3.17438
3.98877
-0.625619
2.20076
0.0159303
0.592278
0.148337
0.207959
0.115233
1.39
0.0667146
2.74591
3.01833
4.21991
-0.30486
2.30802
0.0753637
0.347201
0.25626
0.108383
0.174166
1.66651
0.415608
2.83042
3.13108
3.8819
-1.03086
2.15522
0.473806
0.516941
0.306052
-0.0524671
0.150264
2.11474
0.813458
2.63198
3.35847
3.9207
-1.2407
1.80859
0.362251
0.400304
0.342369
-0.0392152
0.0956387
2.52928
0.719267
2.6765
2.95811
4.76331
-0.631987
0.95254
0.00108435
0.974639
-0.394656
0.087828
0.11721
3.0873
0.45623
2.66197
2.89158
5.13439
-0.894503
0.260921
-0.112105
1.39008
-0.435337
-0.0679475
0.143629
3.48699
0.381132
2.97667
2.89832
4.23666
-1.12406
-0.0450172
-0.266247
1.55796
-0.259043
-0.257263
0.130045
4.21714
-0.00371258
2.22843
3.27193
3.61323
-0.911412
-0.300379
-0.373869
1.3479
-0.314721
-0.168375
0.129325
5.25189
0.0876331
0.991039
3.3328
3.14168
-1.05245
0.367025
-0.821763
0.576052
-0.287984
0.0579659
0.158633
6.04732
0.228552
0.526626
3.0493
3.68054
-1.68593
0.530392
-1.59024
0.277101
-0.15841
-0.00218629
0.204372
6.00644
0.866943
-0.281405
3.05863
4.35694
-1.25752
-0.761647
-0.987944
0.38439
-0.230653
-0.0841372
0.124947
7.3322
0.245306
-0.741635
3.11192
5.12894
-2.27329
-0.502432
-0.965688
0.370629
-0.0196408
-0.2784
0.164261
7.01172
0.297433
-0.565922
2.95302
4.62413
-2.34438
-0.859142
-0.761246
0.425207
0.0261197
-0.24704
0.127539
6.58333
0.630733
-0.473059
2.85844
3.90667
-2.11103
-1.46943
-0.521271
0.45897
0.000501037
-0.204662
0.0687378
6.86498
0.838208
-0.644066
2.4813
4.22428
-2.69042
-1.58504
-0.690418
0.548565
0.208301
-0.298051
0.069237
7.00764
0.531121
-0.861851
2.40161
4.30096
-2.75406
-1.50187
-0.985554
0.577369
0.216823
-0.300933
0.0741274
7.62244
-0.231277
-1.11912
2.62347
4.40916
-2.82852
-1.19565
-1.20067
0.434076
0.118539
-0.33165
0.0952214
6.97667
0.48342
-0.929415
2.48017
3.61484
-1.6304
-2.00859
-0.891519
0.39846
0.0649281
-0.180882
0.019477
8.23169
-0.518702
-1.07667
1.99681
4.71001
-2.92035
-1.3592
-0.91924
0.0662922
0.290377
-0.397707
0.111405
7.19879
0.536744
-1.24771
2.11654
3.62094
-1.74757
-1.67218
-1.0755
0.258488
0.0237051
-0.1068
0.0829144
6.58025
0.714319
-0.997635
2.25672
3.06334
-1.46901
-1.9876
-0.857788
0.22091
-0.0298828
-0.0265949
0.08261
6.94078
0.260712
-1.12248
2.88247
2.90644
-1.67938
-1.98268
-0.886009
0.44687
-0.0416921
-0.0517686
0.0726999
7.82635
-0.235296
-1.75148
3.04666
3.05632
-1.85642
-1.30461
-1.10756
0.255458
-0.272606
-0.0342579
0.127564
8.2195
-0.191539
-2.02727
2.61692
3.71636
-2.07055
-1.28044
-1.34394
0.303728
-0.162671
-0.122761
0.126057
6.4954
1.03219
-1.20905
1.90187
2.9357
-0.819797
-2.34719
-1.09035
0.269695
-0.00323044
-0.0395914
0.0587173
6.53103
1.32604
-1.04951
1.72257
3.02783
-1.06497
-2.36587
-0.9852
0.193822
0.104411
-0.0376108
0.0485328
6.9318
1.29538
-0.960912
2.17741
3.15118
-1.68498
-2.1711
-0.801685
0.227321
0.11781
-0.0638103
0.0720572
7.4485
0.697746
-0.566986
2.49335
3.10624
-1.87724
-1.71771
-0.685986
0.263577
-0.032584
-0.0792995
0.0973387
7.32067
0.756356
-0.702802
2.19669
3.87545
-1.82545
-1.34926
-0.775764
0.330417
0.0584268
-0.174444
0.101101
7.18023
0.974128
-0.908908
2.17835
4.29016
-1.54343
-1.21048
-0.550735
0.378698
0.126596
-0.201734
0.0865241
6.79059
0.991124
-0.499179
2.64974
3.24658
-1.15231
-1.50472
-0.261137
0.32998
-0.120288
-0.149517
0.0710486
7.36208
0.948021
-0.885013
2.86839
3.16887
-1.33461
-1.59989
-0.222096
0.460198
-0.111198
-0.171393
0.0674448
7.41856
0.978301
-0.739999
2.7494
3.50895
-1.83415
-1.7387
-0.119756
0.735049
0.0984375
-0.233696
0.0381038
7.61287
0.603348
-0.315049
2.83871
3.50735
-2.8004
-1.66123
-0.142096
1.0456
0.278056
-0.270617
0.0504998
7.42194
0.391654
-0.352052
3.50281
3.3967
-2.98603
-1.78597
0.000678274
1.25668
0.264943
-0.207526
0.0623812
6.98749
0.687696
-0.460109
3.24926
3.26563
-2.21278
-1.8906
-0.00299017
0.87598
0.0498767
-0.269493
0.0276609
7.10186
0.471436
-0.589629
3.00629
3.54545
-1.59298
-1.3651
-0.189897
0.644233
-0.13793
-0.338629
0.0100635
7.43148
0.174648
-0.59357
2.96373
3.88232
-2.33717
-0.967988
-0.188425
0.97124
0.118636
-0.352054
0.0320241
6.85678
0.44772
-0.349454
3.78995
3.27089
-2.23475
-1.61029
0.153222
1.04363
-0.0477966
-0.35908
-0.0191426
6.75012
0.285228
-0.200599
3.61489
3.09371
-1.69862
-1.3907
-0.269475
0.460625
-0.420923
-0.447125
-0.0472908
7.42479
0.207654
-0.636128
3.58036
3.40904
-1.62062
-0.802579
-0.591538
0.211956
-0.60075
-0.409306
0.000432285
7.91182
0.0496197
-0.899552
3.56619
3.18616
-2.56724
-0.803992
-0.368757
0.619519
-0.410035
-0.292677
0.0834361
6.68183
0.901804
-0.21419
3.43332
2.65652
-1.81681
-1.50878
-0.0553142
0.665039
-0.25024
-0.224323
0.0648367
6.45796
0.899861
-0.00592492
3.69856
2.83437
-2.3257
-0.971382
-0.0135759
0.889619
-0.313601
-0.200662
0.0990535
5.53464
1.38059
0.8093
3.60397
2.51571
-2.48995
-0.277192
-0.0687818
1.07414
-0.445508
-0.104743
0.142352
5.39144
1.59955
0.552272
2.75885
3.17699
-1.37157
-0.292895
-0.0701406
1.24259
0.00605019
0.175039
0.205195
5.54993
2.23151
1.03362
1.90814
3.03031
-0.959481
-0.200869
0.104556
1.27479
0.118127
0.0473853
0.123636
5.02609
2.07443
2.07367
1.59
1.86109
-1.04943
-0.252721
-0.678405
1.1188
0.712469
0.265939
0.111161
4.12306
0.882943
3.4498
1.83571
1.10024
-0.976639
0.223029
-1.54239
0.99923
1.28292
0.23193
0.100451
4.38746
0.78304
3.19757
2.53103
1.24447
-0.933863
0.870408
-1.80725
1.12949
0.984395
0.0722335
0.0806695
4.85528
1.72319
2.75328
3.29655
2.17336
-0.954365
1.19401
-1.32946
0.85923
0.271579
-0.133342
-0.0183445
5.3427
2.7175
2.81183
3.22167
2.37872
-1.50304
0.134791
-0.582809
1.38792
0.243501
-0.361174
-0.0528643
5.39868
2.40138
2.58373
3.1369
1.98007
-1.88869
-0.224779
-0.387468
1.53318
0.541752
-0.184951
0.00720823
4.87562
2.26868
2.40506
2.52437
2.04651
-1.67878
-0.429158
-0.485417
1.47887
0.597502
0.0417639
0.0898763
4.48974
1.84383
2.24042
2.44109
1.65826
-1.45642
-0.416086
-0.430465
1.06831
0.387195
0.166677
0.0860374
4.80838
1.69988
2.44505
1.5773
1.41193
-0.0504337
-0.372725
-0.732844
0.728433
0.204573
-0.019828
0.0051393
4.41558
1.56431
2.69752
1.89134
2.97826
0.0128945
0.349766
-0.125674
0.991223
-0.161552
-0.281052
0.0194951
4.132
1.22752
2.60725
2.12338
3.21129
-0.254586
0.368768
0.267476
1.31624
-0.0335077
-0.202955
0.082276
4.73468
1.27118
2.14616
1.93269
1.82808
-0.616948
0.476172
0.045996
1.66388
0.518815
-0.0204517
0.0790487
5.13191
1.93611
1.70362
1.47615
1.89911
-0.700173
0.475043
0.206785
1.53081
0.576459
0.0313327
0.0425202
5.11438
2.36953
2.32543
1.42945
1.5023
-1.57441
-0.10545
0.335536
1.10257
0.614793
0.0134468
0.0440168
5.00006
2.34768
2.76744
1.67331
1.66088
-1.61513
-0.32035
0.374322
0.809609
0.819993
0.0183491
0.039382
5.06004
2.33383
2.46171
1.92765
2.31927
-1.0776
-0.147919
-0.201096
0.974565
0.437121
-0.159638
-0.000262766
4.77069
2.12861
2.62503
1.70716
1.92822
-0.846812
-0.361727
-0.93501
1.07351
0.667561
-0.208512
-0.0309472
4.80645
2.35017
2.4628
1.48701
2.10577
-0.496203
-0.207719
-0.369654
1.02168
0.38101
-0.178577
-0.0342861
4.6051
2.75513
2.34757
1.25227
2.69791
-0.162716
-0.074717
0.22233
1.09823
0.113595
-0.268023
-0.0746604
4.49438
3.13887
2.40407
0.846369
2.39584
-0.859378
-0.667875
0.149746
1.32299
0.30768
-0.0584515
-0.0162719
4.57232
3.34431
2.12181
0.762337
2.59548
-1.1271
-0.983876
-0.259204
1.45883
0.302589
0.0440082
-0.00818388
4.33288
2.75842
1.47109
0.832567
2.61071
-1.2145
-0.931275
-0.554749
1.21672
-0.0177354
0.0413389
-0.0290162
