152
1.76755
1.10892
2.66329
1.18652
2.5007
0.792397
2.17088
0.39029
1.53394
0.519357
0.6565
0.0666251
1.87499
1.25222
2.49163
0.983447
2.85998
0.839861
2.45315
1.10956
1.63941
0.303954
0.69787
0.0909253
2.09048
1.66578
2.86686
1.22356
3.18579
1.04593
2.59736
1.57287
1.3459
-0.127468
0.561358
0.144573
2.61391
2.713
3.52762
2.39768
3.05147
1.816
2.79356
1.06415
1.41998
0.0606825
0.333597
0.146913
3.37182
3.61061
4.21961
2.46879
3.03833
1.45547
2.49862
0.609439
1.34712
-0.0290124
0.422855
0.116646
3.63804
3.67973
4.11596
2.71334
2.9865
1.20875
1.9167
0.623512
1.09815
-0.0571857
0.402813
0.0974934
3.56882
3.79501
4.79685
2.72881
3.39304
1.41668
2.64972
0.624851
1.1307
-0.107334
0.427319
0.109084
3.32363
3.68542
4.31256
2.76536
3.25022
1.82416
2.6193
0.862645
1.08648
0.170291
0.393227
0.100636
3.33168
3.60694
4.93247
3.29475
3.8566
1.6422
2.44613
0.736003
1.38269
-0.0183814
0.446765
0.120639
3.14624
3.37423
4.02679
3.11618
3.60107
2.12612
2.39321
1.17066
1.39296
0.204993
0.382716
0.123737
3.27751
3.23276
4.2603
3.00294
4.10869
1.69978
2.47586
1.13891
1.63422
0.107279
0.375055
0.159887
3.13424
3.00005
3.72627
3.07565
3.42436
2.07417
2.21181
0.557552
1.4148
0.412306
0.334663
0.126603
2.99171
3.20864
4.25647
3.1525
3.47505
2.0633
2.20406
0.418763
1.43057
0.321612
0.414946
0.123554
2.92449
3.23483
4.0623
3.16418
3.56466
2.01818
2.46419
0.473017
1.48556
0.286016
0.445483
0.129883
2.72355
3.21657
4.07624
3.16982
4.10356
2.00262
2.77811
0.669318
1.4415
0.210327
0.528742
0.138667
2.77503
3.06129
3.92104
3.04151
3.90746
2.23808
2.72995
1.01568
1.29147
0.265257
0.448709
0.145491
2.74359
2.90048
4.06109
3.07446
3.60285
2.42126
2.53602
1.17009
1.26456
0.350366
0.369037
0.146135
2.68269
2.87204
4.22557
3.46144
4.50829
2.75338
2.54615
0.816338
1.42233
0.423441
0.530268
0.148899
2.89528
3.03997
3.42094
2.83445
3.62849
2.42637
2.22144
1.14284
1.13267
0.349936
0.398862
0.12788
4.034
2.36042
3.0148
1.54418
1.81421
0.997255
1.52315
0.48176
0.792765
1.00595
0.234569
0.081017
4.82687
2.24275
2.83187
2.54663
2.16626
0.227454
0.239272
-0.242335
0.168045
0.504522
-0.0604426
-0.0622958
6.18888
1.32681
1.41706
3.48609
2.83344
-1.00944
-0.899419
-0.126666
-0.0933953
-0.416071
-0.178784
0.0208319
7.56759
0.33879
0.45923
3.31863
2.75672
-1.4466
-1.52448
0.148561
-0.0114687
-0.370127
-0.0276757
0.11977
7.92036
0.5667
-0.415251
3.11394
2.56897
-1.97378
-1.71532
-0.0234236
0.415912
0.0527281
0.117403
0.13327
7.47009
1.38386
-0.575526
2.19496
2.53121
-1.31325
-2.00977
-0.104395
0.617356
0.525686
0.132093
0.0641718
6.03858
1.48509
1.15456
1.36235
1.26495
-0.750424
-1.38597
0.278119
1.34552
0.583516
0.158232
0.0580817
5.08521
1.7846
2.07815
1.3918
1.03154
-0.619075
-0.905761
0.707951
1.52722
0.459187
0.317307
0.137478
4.95495
2.10597
2.34313
1.68513
1.39513
-1.06375
-1.457
0.824478
1.49437
0.061839
0.170497
0.127947
6.02687
1.00008
1.92293
1.98645
2.0174
-2.18134
-1.63215
0.823804
0.93629
0.112574
-0.0854802
0.0925156
6.53476
1.17582
0.274925
3.0355
2.40094
-2.58951
-2.03333
0.850364
0.797824
0.125133
-0.185485
0.0682632
8.394
0.281542
-0.619072
2.78578
3.59261
-3.79792
-1.32978
0.197405
1.10582
0.128888
-0.43527
0.0795065
7.80407
0.58807
-0.97247
2.93553
3.02856
-2.91085
-1.93027
-0.101084
0.87741
0.00290448
-0.264538
0.0352759
7.50264
0.425915
-0.985535
2.94303
2.81705
-3.11507
-2.14246
-0.0921632
0.904074
-0.0268391
-0.323999
0.0123488
7.27253
0.4891
-1.08813
3.1004
2.43263
-3.17212
-2.24603
0.0117092
0.965514
-0.107322
-0.374643
-0.0110798
8.27664
-0.101136
-1.07999
2.62344
3.27339
-4.42697
-1.71715
-0.178762
0.985128
-0.0914265
-0.60499
0.0452451
7.50435
0.445073
-0.881317
2.28564
3.31286
-4.06484
-1.92006
-0.276969
0.90215
0.0732012
-0.555482
0.0159755
7.48745
0.0277531
-0.630946
1.96815
3.54398
-3.89617
-1.70394
0.0686461
0.668259
0.00565718
-0.721726
-0.0158513
7.75685
-0.348387
-0.261571
1.48078
3.47081
-3.8821
-1.76668
0.278723
0.263124
-0.0309207
-0.751926
-0.0118979
7.86086
-0.594008
0.238161
1.0337
3.65858
-4.16548
-2.09125
0.366337
-0.254255
0.0838597
-0.758506
0.000710064
6.89321
0.242115
-0.0614157
1.46589
2.8967
-2.92598
-2.75752
-0.118028
0.0638412
-0.20662
-0.476039
-0.0291019
7.50468
-0.729416
1.16712
0.389693
3.06875
-2.38602
-3.10635
0.236304
-0.413005
-0.360755
-0.392509
-0.0693126
6.7004
0.0669308
1.01987
0.303761
2.69313
-1.75498
-3.19681
0.109541
-0.212745
-0.606094
-0.342377
-0.046694
7.03118
-0.696516
1.99075
-0.0918851
2.69387
-1.64585
-2.96528
0.119155
-0.478702
-0.618431
-0.398842
-0.0454811
6.74655
-0.35807
1.5108
0.755788
2.10246
-1.25743
-3.30004
-0.239695
0.0370205
-0.779341
-0.309756
0.00505342
6.92428
-0.79485
2.19563
0.247851
2.14799
-1.07709
-3.19873
-0.147016
-0.25663
-0.941009
-0.247516
0.0357829
6.53238
-0.346598
2.00352
0.382077
1.99757
-0.721634
-2.9729
-0.120204
-0.43407
-1.18104
-0.123923
0.0817558
6.68558
-0.392016
2.03347
0.350996
2.0323
-0.614209
-2.79832
-0.107646
-0.594926
-1.19329
-0.0968026
0.0764449
7.2917
-0.735482
2.26986
0.399175
2.33221
-0.884918
-2.92871
-0.185048
-0.703532
-0.987742
-0.122768
0.0359164
6.71717
-0.347277
2.45161
0.467511
2.32407
-0.618729
-3.37533
-0.382388
-0.367939
-1.06776
-0.109468
0.0549583
6.54395
-0.211071
2.72459
0.427621
2.37199
-0.637732
-3.18859
-0.326218
-0.370093
-1.08626
-0.127873
0.0747541
6.30773
-0.00120843
2.67826
0.674521
2.66808
-0.921344
-2.96244
-0.0845248
-0.439998
-0.949285
-0.0652436
0.0762122
6.56582
-0.530384
3.01179
0.595995
3.01187
-0.570622
-2.70477
0.02519
-0.551105
-0.799846
-0.0407549
0.0592208
6.73643
-0.540607
2.73585
0.829603
2.72768
0.17897
-2.61099
-0.0708721
-0.336922
-1.09364
-0.0607148
0.0740745
6.73384
-0.0172998
2.16332
0.953138
2.89081
0.233602
-2.49677
-0.208278
-0.466326
-1.14343
-0.156262
0.0540967
7.0266
0.200635
1.40921
1.44461
3.49363
-0.598322
-1.66787
-0.410984
-0.752253
-0.733917
-0.317259
0.0260582
7.33545
-0.376477
1.90917
1.14462
3.83438
-1.43067
-1.22371
-0.231186
-1.33901
-0.43313
-0.391103
0.0326338
6.51981
0.727719
1.79213
0.921493
3.32363
-0.919158
-1.46847
-0.265561
-1.05511
-0.830676
-0.253728
0.0652513
6.43415
1.0874
1.87352
0.808453
3.56029
-1.11845
-1.15748
0.180444
-1.35897
-0.970042
-0.302728
0.0691796
6.4985
1.46596
1.52073
1.15223
3.96343
-2.04151
-1.01769
0.354525
-1.21773
-0.58098
-0.434849
0.0721675
7.50972
0.513861
1.61526
1.3687
3.93128
-2.6109
-1.32348
0.334758
-0.695109
-0.259102
-0.561996
0.0599057
6.28461
1.50319
1.098
2.21364
3.09639
-2.18054
-1.74502
0.088783
0.0999344
-0.31418
-0.347565
0.053079
6.23879
1.21989
1.46876
2.04794
3.66924
-2.80845
-1.25006
-0.0633849
0.121879
0.0315595
-0.366476
0.11044
6.33122
1.41379
0.63707
2.59299
3.95024
-3.16922
-1.28217
-0.332397
0.282227
0.28031
-0.192907
0.163789
6.74457
0.990532
0.204037
2.67668
4.20152
-3.52399
-0.700798
-0.72785
0.616815
0.382858
-0.1285
0.259837
5.96036
1.19949
0.26084
2.64783
3.77289
-2.8378
-0.787152
-0.381516
0.661661
0.333851
0.119576
0.265303
5.75305
1.53655
-0.0350153
2.9849
3.37716
-2.41676
-0.584738
-0.401327
0.811898
0.148298
0.257936
0.261322
4.54195
1.92095
0.842362
2.81596
2.70983
-1.17359
-0.755931
-0.28424
0.732762
-0.0427513
0.484912
0.171257
3.9071
1.61041
2.01389
3.02367
3.59077
-1.08782
-0.686157
-0.282968
0.901765
-0.253095
0.322569
0.096376
3.67311
1.07663
2.21833
3.26536
3.457
-1.0937
-0.64288
-0.876485
1.73889
-0.595777
0.335429
0.1247
3.46202
0.679075
1.70821
3.28121
3.51266
-0.951147
0.250372
-0.243779
1.34247
-0.2818
0.23476
0.0936679
3.47912
0.368433
1.8052
2.66814
3.87045
-2.03434
0.66365
0.443228
0.630041
0.40399
0.0301413
0.115845
3.23307
0.510952
2.07397
2.78711
4.11361
-2.47558
0.732402
0.0638707
0.717269
0.299059
-0.177372
0.130809
2.81739
0.788663
2.32599
2.41984
4.06981
-1.89148
0.347421
-0.0379887
1.00058
-0.136723
-0.217908
0.0978241
2.31358
0.479519
2.94872
2.13499
3.09326
-0.897605
0.27389
-0.0744837
0.623148
0.30587
-0.176952
0.0111098
1.91955
-0.0368037
2.49019
2.218
2.84865
-0.110556
0.530556
-0.169092
0.193443
0.711099
-0.134124
-0.0226083
1.75882
0.502863
2.07914
2.32089
2.69519
-0.122371
0.728593
0.0943531
0.554532
0.304315
-0.0940134
0.0340815
1.41698
0.912887
2.9263
1.69714
3.741
-0.72467
1.23295
-0.227385
0.613577
-0.0302573
-0.111919
0.0903335
1.54915
0.871725
2.69493
2.57929
3.99813
-1.30097
1.18683
-0.140277
0.531778
-0.147734
-0.126911
0.0789815
1.84572
0.872307
2.81167
2.79579
3.39107
-1.80004
0.549924
0.728936
0.2883
-0.155753
-0.0764479
0.0556019
1.72175
0.79727
3.08667
2.84897
3.80465
-1.82243
0.869453
0.819078
0.219134
0.0345664
-0.275071
0.0805721
1.88801
0.524606
2.41796
3.41598
4.20501
-1.84768
0.62513
0.75834
0.470086
0.0570782
-0.259204
0.0536168
2.11338
0.523173
1.93608
3.31503
4.0761
-2.05495
0.385909
1.01433
0.728288
-0.105623
-0.176828
0.0608412
2.63486
0.140546
1.63791
3.22191
3.90667
-1.85156
0.486357
0.83044
1.06508
-0.193413
-0.189732
0.0823635
3.17774
0.172448
0.778
3.44566
4.53421
-1.10065
0.17344
0.834611
0.717866
-0.1787
-0.0908945
0.0796107
3.80866
-0.130681
1.31411
2.42865
4.78178
-0.713596
-0.286069
0.611586
0.708272
-0.115945
0.122315
0.127911
4.57134
-0.628843
2.24346
2.06249
4.0839
-0.96785
-0.516192
-0.139331
1.21302
0.0567716
-0.154284
0.235775
4.74833
-0.0806966
1.90773
2.17195
3.58433
-1.78999
-0.143222
-0.382337
1.41084
-0.0308327
-0.180687
0.280226
5.28791
0.309697
0.763063
1.93453
3.88172
-2.43827
0.398433
-0.48853
0.927308
0.0641401
-0.056544
0.338212
6.09297
-0.393862
-0.294048
2.71558
3.79196
-2.82123
0.713521
-0.850886
0.833648
0.0910166
0.0438181
0.337634
6.30161
-0.909859
-0.372474
2.94178
3.37974
-2.9273
1.04192
-1.1112
0.566314
0.0212899
0.0933811
0.353865
6.63888
-0.901863
-0.810996
2.94068
3.55504
-2.94852
0.762944
-0.956166
0.46649
-0.12308
0.0409606
0.334649
6.86028
-0.825228
-1.26529
2.82577
3.64605
-2.55707
0.119806
-0.68662
0.545573
-0.173588
-0.040456
0.248211
6.93546
-0.918925
-1.34646
2.70909
4.07658
-2.81077
0.0541635
-0.681164
0.509203
-0.155548
-0.221931
0.225268
6.73528
-0.962943
-1.12236
2.75417
4.05114
-2.75576
-0.165253
-0.646044
0.453124
-0.190898
-0.325093
0.163924
6.80481
-0.937718
-1.11447
2.74982
3.77029
-3.00441
-0.215275
-0.845757
0.422763
-0.219028
-0.300455
0.16917
6.45825
-0.836256
-0.614101
2.27509
3.59127
-2.86214
-0.458877
-0.835183
0.333666
-0.0730183
-0.314485
0.157219
6.14881
-0.632674
-0.443348
2.30646
3.47631
-3.09044
-0.48521
-0.79354
0.364768
-0.13415
-0.293279
0.162657
6.29848
-0.754926
-0.195267
2.22004
3.36211
-3.32149
-0.442135
-0.841867
0.0978948
-0.137754
-0.29782
0.196702
6.33177
-0.61385
-0.197951
2.12656
3.31933
-3.27768
-0.732797
-0.724545
0.0300345
-0.196304
-0.287132
0.183321
6.37761
-0.466877
-0.143681
1.91345
3.00513
-2.86916
-1.14048
-0.427069
-0.0472545
-0.308916
-0.227382
0.155069
6.29387
-3.51953e-005
-0.424729
2.00115
2.75865
-2.39183
-1.56455
-0.286617
-0.0235982
-0.429513
-0.170447
0.122387
6.98472
-0.376332
-0.31973
1.83608
3.31863
-2.83142
-1.39525
-0.358568
-0.175561
-0.300617
-0.294686
0.134298
6.59903
-0.440837
-0.0152654
1.58813
2.78481
-2.10778
-1.63589
-0.565139
-0.149577
-0.404773
-0.207082
0.135536
6.44667
-0.213691
-0.136785
1.64568
2.94122
-2.19968
-1.51902
-0.670427
-0.140776
-0.429095
-0.235222
0.136795
6.32064
0.167377
-0.663327
2.03644
2.42782
-1.86395
-1.83417
-0.684035
0.0719995
-0.47888
-0.170986
0.103468
6.7162
-0.627569
-0.292971
1.86013
2.27846
-2.27079
-1.41964
-0.816487
0.0783202
-0.309773
-0.202779
0.122746
7.05449
-0.617314
-0.554578
2.16848
2.1546
-2.37213
-1.64326
-0.447116
0.0853013
-0.317335
-0.108256
0.121263
7.04338
-0.338657
-0.659156
2.30243
2.2079
-2.4127
-1.72945
-0.235192
0.163825
-0.297918
-0.0619113
0.131344
6.44574
0.0255605
-0.593414
2.39264
2.2279
-2.43211
-1.90879
-0.217835
0.412201
-0.202756
-0.0549047
0.126388
6.71792
-0.277699
-0.241376
2.10843
2.54629
-2.82355
-1.823
-0.249722
0.490339
-0.0494802
-0.131863
0.126632
6.88092
-0.718946
0.0272692
1.82658
3.00012
-3.3334
-1.33834
-0.364881
0.198444
0.11702
-0.212811
0.16764
6.80876
-0.407977
-0.410726
1.99699
3.26131
-3.34576
-1.02807
-0.586645
0.166037
-0.0149315
-0.16657
0.213647
6.72128
-0.366373
-0.119338
1.92875
3.36635
-2.57214
-1.18446
-0.318621
-0.0270662
-0.167546
-0.174564
0.173992
7.13534
-0.684493
0.495962
2.09557
3.39443
-2.4914
-1.55727
0.182349
-0.0268571
-0.173473
-0.272718
0.0830763
7.30573
-0.352076
0.168924
2.34312
3.38044
-2.70013
-1.48109
0.144066
0.152764
-0.146818
-0.274137
0.09378
7.36986
-0.0153697
-0.276644
1.83765
3.38113
-2.33093
-1.40744
-0.103218
-0.0475834
-0.211339
-0.240736
0.110679
6.93363
0.185074
-0.159273
1.90264
2.7524
-1.60312
-1.60573
-0.185441
-0.144912
-0.419515
-0.139154
0.112856
7.07946
0.281451
-0.0371101
2.39611
2.82205
-2.276
-1.49237
-0.119819
-0.0368072
-0.455543
-0.259776
0.0896117
6.83706
0.00951753
1.23319
2.10683
2.44698
-2.07915
-1.08635
0.0633456
-0.147751
-0.619351
-0.415337
0.0704541
6.87329
-0.438216
1.6121
1.9988
1.67384
-1.21163
-1.11088
0.479316
0.203018
-0.673548
-0.245586
0.133883
7.0919
-0.0710394
0.451426
2.78115
2.80023
-1.82427
-1.11388
0.554832
0.182312
-0.433722
-0.178398
0.110876
6.80165
0.340901
-0.112846
2.82387
2.95693
-1.71573
-1.33904
0.431263
0.131027
-0.366319
-0.145447
0.101043
7.59197
-0.695939
0.0499586
1.89771
3.16561
-2.60272
-0.823899
0.392672
0.077663
-0.0772004
-0.142706
0.194801
7.48672
-0.144191
-0.00481603
2.06702
2.47598
-2.57702
-0.627615
0.655332
0.487594
-0.0759673
-0.0290583
0.211051
6.39631
1.29534
-0.0045484
3.06964
1.87807
-2.78155
-0.617745
0.760432
0.727915
-0.170717
0.0486318
0.186181
6.22588
2.01926
0.560532
3.36631
2.72616
-1.7993
-0.636509
0.480055
0.324694
-0.275549
-0.249508
0.0511979
5.99585
1.48445
1.2724
1.66848
1.5918
-0.568735
-1.37109
-0.11138
0.334796
-0.490111
-0.219901
0.0196781
5.16213
0.968158
1.15999
0.94023
0.422604
0.125934
-1.70333
-0.481933
1.28908
-0.61732
-0.072415
0.119379
5.20536
1.19993
1.98941
1.28854
0.0266973
0.0751216
-1.37471
0.0625886
1.55961
-0.259279
0.0695711
0.192469
5.97461
1.78861
2.308
1.97674
1.22123
-1.43214
-1.09074
0.447988
1.82129
0.409431
-0.0233804
0.112362
6.47732
1.69494
1.32097
2.05051
2.12026
-1.62484
-1.12766
0.96058
1.27096
0.327009
-0.0870936
0.0614597
6.49063
1.47775
1.74557
2.34331
2.22554
-1.51597
-0.887138
1.43322
1.06132
0.133034
-0.18943
0.0154806
5.48336
1.51938
2.52887
2.44281
2.28032
-0.938664
-0.25233
1.1489
1.0374
-0.168383
-0.304132
0.0179186
5.28135
1.45786
2.06014
2.59394
2.53127
-1.18121
-0.443663
0.49295
1.4924
-0.128716
-0.14456
0.12931
5.47744
1.55867
1.73457
2.69694
2.14192
-2.02426
-0.984536
0.419557
1.15836
-0.0640188
-0.145076
0.114223
5.19763
1.21454
1.55024
1.97604
2.29879
-1.35098
-1.18404
0.576872
0.765066
-0.0683348
0.0018652
0.0965299
5.1218
1.42937
2.08338
1.08502
2.76257
-1.12153
-1.0212
0.528592
0.606077
0.100841
-0.164564
-0.0142127
4.96542
1.45494
2.36973
0.872296
2.23041
-1.21537
-0.603204
0.815323
0.590047
0.127019
-0.188063
-0.0187404
5.49794
2.19108
2.21245
1.4956
1.58403
-1.73166
-0.195956
0.25793
0.843733
-0.101578
-0.281436
0.00601205
5.91364
2.42484
2.11678
2.92662
1.43581
-2.46555
-0.0281191
0.0861954
1.24855
-0.014449
-0.249666
0.0113716
5.57276
1.90685
2.47105
3.07066
1.02398
-2.21198
-0.0353956
-0.160207
1.28433
0.529541
-0.145754
-0.0168884
5.13946
1.24784
3.02474
1.85816
0.719599
-1.61004
-0.492436
-0.266451
0.978493
0.748812
-0.226353
-0.0543037
4.64363
1.10029
2.47517
1.39266
1.45266
-1.4518
-0.85928
0.119879
0.822267
0.0738976
-0.308338
-0.0517519
4.83646
0.693124
2.01863
0.871425
2.69615
-0.64657
-1.10186
0.487069
0.959309
-0.0404567
-0.231652
-0.0281922
4.74576
0.827882
1.36312
0.86502
2.0302
-1.45098
-1.14583
0.481929
1.42209
-0.0727611
0.0382541
0.115845
4.55847
1.2339
1.42003
0.893492
1.45442
-2.16375
-0.977324
-0.114298
1.60646
-0.393139
0.109615
0.177419
4.8411
1.51068
1.08849
1.24939
2.34279
-1.1846
-0.182853
-0.791409
0.5541
-0.735261
-0.165064
0.0583028
5.12921
1.7784
1.042
2.08865
3.06968
-1.22324
-0.0758922
-0.487536
0.288734
-0.897084
-0.300101
0.0596447
5.07624
2.07917
1.60411
2.94543
3.36
-1.2949
-0.0926962
-0.285833
0.444332
-1.07305
-0.429185
0.0315543
4.86878
2.00332
1.60921
2.87378
4.05485
-0.313376
-0.12306
-0.0843573
0.433152
-1.26276
-0.392668
0.025003
4.60976
2.19116
2.06262
1.73393
2.80068
-1.51155
-0.849308
0.223125
0.980078
-1.00688
-0.452181
-0.0135154
4.53873
2.39235
2.51324
1.85375
2.19642
-1.95662
-1.04649
0.423342
1.15703
-0.594631
-0.335813
0.0207029
