-33
-23
-31
-41
-58
-60
-54
-65
-64
-79
-69
-85
-96
-102
-91
-101
-151
-131
-143
-149
-157
-169
-163
-172
-177
-196
-209
-228
-213
-216
-208
-208
-259
-243
-255
-268
-274
-276
-281
-277
-273
-263
-263
-277
-275
-283
-255
-244
-277
-248
-252
-234
-217
-202
-198
-174
-148
-136
-114
-109
-84
-71
-31
-5
-24
20
39
79
95
128
164
185
215
226
240
257
284
291
334
349
316
347
350
366
371
385
382
378
386
383
396
380
390
372
372
372
323
314
269
259
230
224
212
190
168
127
101
68
46
10
22
-6
-67
-70
-97
-117
-140
-160
-194
-225
-255
-275
-294
-315
-348
-382
-380
-396
-453
-468
-494
-522
-550
-562
-587
-615
-634
-658
-663
-699
-696
-714
-702
-671
-722
-699
-701
-692
-680
-669
-677
-673
-641
-634
-617
-580
-555
-534
-473
-420
-415
-341
-285
-223
-153
-75
-3
69
158
240
332
409
506
587
693
798
823
916
966
1041
1087
1119
1167
1178
1208
1227
1234
1230
1231
1205
1207
1158
1090
1054
983
933
866
810
733
657
571
491
417
334
256
165
112
31
-85
-134
-209
-288
-357
-413
-472
-525
-569
-614
-640
-674
-673
-712
-714
-701
-760
-733
-735
-735
-721
-726
-730
-726
-724
-705
-692
-694
-682
-682
-651
-642
-684
-659
-656
-651
-638
-638
-630
-630
-624
-622
-606
-617
-611
-600
-559
-517
-538
-486
-453
-410
-362
-314
-262
-203
-157
-84
-24
38
129
195
303
409
459
569
647
725
812
893
953
1016
1073
1115
1172
1200
1237
1254
1293
1308
1267
1264
1238
1205
1153
1100
1058
991
933
875
807
732
650
564
513
442
305
249
174
92
22
-54
-121
-190
-247
-299
-346
-391
-431
-479
-488
-507
-580
-574
-588
-603
-618
-628
-629
-621
-614
-597
-576
-565
-555
-562
-533
-526
-564
-521
-511
-503
-503
-497
-485
-487
-478
-486
-480
-492
-490
-495
-484
-472
-526
-496
-493
-485
-476
-474
-465
-469
-451
-440
-409
-396
-362
-357
-290
-246
-259
-195
-164
-111
-68
-13
19
75
116
166
233
282
337
365
423
490
496
558
597
622
655
691
717
734
761
776
800
799
810
809
836
834
783
793
752
732
710
695
663
629
586
543
511
474
442
400
384
360
295
287
244
222
178
133
102
79
43
12
7
-26
-32
-71
-74
-80
-142
-137
-167
-179
-193
-222
-234
-252
-281
-292
-309
-332
-358
-402
-417
-442
-508
-522
-554
-576
-602
-643
-680
-714
-738
-773
-816
-856
-886
-911
-917
-941
-989
-987
-999
-1017
-1022
-1013
-1022
-1009
-987
-975
-937
-902
-860
-827
-743
-679
-675
-576
-502
-416
-321
-227
-109
9
145
271
377
480
588
679
778
862
898
991
1046
1091
1147
1181
1236
1255
1287
1308
1317
1314
1316
1294
1296
1304
1238
1244
1216
1212
1189
1166
1137
1101
1068
1009
975
914
860
807
771
717
611
574
517
453
386
328
271
211
168
117
68
26
-6
-47
-47
-58
-137
-135
-162
-174
-194
-226
-248
-266
-282
-302
-320
-358
-372
-412
-431
-451
-529
-544
-596
-641
-673
-718
-758
-799
-827
-874
-910
-957
-991
-1041
-1048
-1065
-1143
-1156
-1182
-1191
-1200
-1201
-1204
-1193
-1152
-1102
-1064
-1016
-954
-905
-821
-748
-712
-609
-535
-432
-336
-220
-109
15
149
252
372
466
566
625
713
796
818
896
945
996
1041
1085
1130
1149
1170
1176
1188
1175
1166
1153
1157
1162
1110
1104
1075
1061
1028
999
963
926
889
851
820
764
732
682
656
619
538
512
466
423
364
325
269
218
174
128
105
75
55
12
-2
-24
-78
-84
-116
-133
-161
-178
-199
-220
-242
-259
-281
-317
-327
-346
-343
-368
-440
-455
-505
-547
-577
-613
-649
-689
-718
-773
-815
-863
-908
-958
-971
-1002
-1091
-1111
-1159
-1179
-1190
-1201
-1213
-1232
-1238
-1248
-1230
-1206
-1161
-1121
-1041
-970
-937
-833
-756
-679
-596
-493
-402
-311
-211
-105
18
126
245
365
480
576
624
711
774
851
911
973
1032
1083
1133
1161
1200
1230
1259
1261
1277
1275
1232
1234
1218
1222
1204
1180
1151
1110
1068
1032
999
950
905
840
816
775
680
651
592
550
503
459
406
357
310
268
238
192
158
105
88
65
-1
-4
-25
-33
-56
-78
-95
-128
-137
-170
-183
-225
-237
-267
-267
-273
-336
-338
-382
-412
-456
-505
-554
-606
-652
-699
-733
-785
-839
-888
-917
-961
-1062
-1102
-1147
-1192
-1236
-1275
-1309
-1353
-1377
-1395
-1416
-1426
-1405
-1390
-1330
-1270
-1252
-1152
-1074
-989
-912
-829
-730
-637
-520
-408
-279
-152
0
138
292
440
512
656
745
838
927
998
1076
1147
1207
1254
1307
1348
1390
1420
1448
1478
1453
1459
1434
1393
1360
1334
1316
1291
1265
1211
1171
1120
1073
1007
949
892
768
750
684
651
582
547
554
510
416
330
313
292
259
175
174
160
171
144
44
31
23
13
25
24
39
7
-72
-101
-101
-116
-100
-135
-205
-211
-244
-264
-275
-301
-343
-375
-419
-522
-644
-740
-797
-908
-992
-1005
-1101
-1153
-1251
-1354
-1431
-1470
-1539
-1645
-1729
-1756
-1754
-1771
-1802
-1783
-1591
-1355
-1211
-1098
-993
-764
-561
-486
-511
-467
-283
-82
28
98
280
515
720
854
881
1001
1090
1111
1051
1033
1134
1202
1202
1228
1278
1368
1403
1338
1298
1230
1257
1359
1213
1042
1031
1139
1193
1172
1099
1014
1020
1007
1010
935
913
865
688
718
791
821
737
716
772
901
967
898
769
617
721
826
880
840
575
394
318
320
256
282
343
356
251
222
168
8
-59
-201
-285
-318
-468
-605
-677
-675
-677
-723
-881
-1140
-1265
-1289
-1413
-1612
-1851
-1969
-2047
-2148
-2273
-2366
-2445
-2492
-2513
-2537
-2564
-2585
-2626
-2679
-2608
-2312
-1692
-1013
-617
-368
148
1041
1582
1494
1137
1172
1594
1821
1528
1202
1307
1665
1709
1388
1285
1343
1171
736
381
395
538
239
-227
-241
349
695
511
359
424
614
807
713
347
278
318
241
171
381
740
987
1145
1515
1960
2245
2245
2034
1876
1908
1969
1838
1569
1539
1744
1786
1541
1236
1194
1062
701
370
245
171
35
-79
-197
-79
41
-21
-233
-343
-320
-456
-833
-1121
-1118
-1168
-1416
-1700
-1732
-1720
-1896
-2033
-2155
-2220
-2351
-2540
-2763
-2964
-3171
-3589
-4205
-4530
-4489
-4582
-4794
-4810
-4522
-4265
-4219
-4268
-3818
-1959
817
2322
1960
2405
5187
7330
5934
3284
2996
4365
4073
2347
1843
2849
2775
1052
93
756
713
-1784
-4480
-4488
-2889
-3122
-5222
-5917
-3830
-1673
-1570
-1517
74
1463
1147
806
1931
2835
1881
824
1921
4080
4834
3989
3523
4214
4447
3387
2210
1774
1147
-102
-542
327
677
-364
-1120
-423
425
15
-856
-888
-617
-701
-540
363
1117
1009
985
1935
2836
2282
931
386
491
54
-860
-1152
-1050
-1371
-1900
-1806
-1568
-2294
-3643
-4217
-3785
-3786
-4599
-5250
-4922
-4406
-4498
-4810
-4822
-4757
-4909
-4852
-4391
-4041
-4177
-4305
-3768
-1584
1649
3979
4520
4893
6622
8631
8495
5949
2854
1378
2024
3030
2855
1714
1229
1912
2684
1764
-1156
-4353
-5955
-5771
-5360
-5304
-5126
-4117
-2295
-458
584
908
997
1016
1171
1469
2064
2595
2714
2744
3183
4288
5276
5313
4472
3373
2640
2388
1815
367
-1096
-1319
-232
1038
1407
908
234
38
14
-553
-1657
-2410
-2003
-526
1219
2323
2620
2521
2540
2405
1603
403
-615
-865
-491
105
539
467
74
-424
-751
-1365
-2291
-3376
-4055
-3895
-3479
-2995
-2747
-2600
-2639
-2563
-2402
-2770
-3572
-4023
-4136
-4007
-3632
-3236
-2980
-2771
-2359
-2108
-1412
-97
1182
1853
2022
2534
3570
3937
2928
1185
398
1285
2454
2734
2335
2446
3208
3649
2654
577
-1314
-2155
-1947
-1380
-881
-327
589
1701
2321
1785
490
-749
-1456
-1566
-1396
-865
67
1050
1796
2036
1840
1359
641
-197
-590
-311
374
1226
1897
2317
2446
2332
1923
1232
286
-394
-455
125
796
1232
1628
2067
2441
2343
1895
1133
369
163
597
1004
1045
1113
1389
1806
1758
1167
507
101
-63
-57
-111
-370
-480
-284
-32
49
-175
-459
-663
-837
-1031
-1342
-1569
-1522
-1390
-1176
-1094
-1072
-1053
-1139
-1388
-1672
-1866
-2002
-2048
-2076
-2043
-1975
-1833
-1740
-1621
-1312
-916
-544
-320
-139
99
240
81
-185
-184
146
563
853
1233
1749
2186
2353
2105
1766
1488
1241
1025
935
1010
1115
1183
1207
1180
995
732
464
265
183
154
302
503
708
862
992
1116
1082
851
573
487
568
753
938
1151
1468
1700
1774
1666
1335
948
685
636
701
758
660
866
1322
1487
1206
823
681
382
128
165
215
248
403
550
583
631
456
170
-156
-349
-282
-341
-429
-512
-381
-416
-578
-631
-739
-869
-1099
-1230
-1366
-1585
-1670
-1747
-1842
-1810
-1763
-1871
-1940
-2052
-2308
-2658
-2935
-3185
-3526
-3792
-3753
-3288
-2551
-1612
-727
-116
324
633
812
605
162
167
947
2099
2929
3470
4087
4607
4419
3442
2294
1381
667
-41
-425
-256
124
241
61
-69
-183
-632
-1392
-1983
-2131
-1858
-1420
-905
-182
423
790
1029
1091
783
266
-22
298
1012
1718
2453
3244
3982
4203
3701
2717
1555
548
11
-86
105
396
730
1254
1372
845
64
-547
-1373
-1698
-1059
-680
-83
630
835
1330
1461
1061
437
-455
-1153
-1454
-1697
-1692
-1435
-1066
-695
-296
-642
-1783
-2568
-2610
-2936
-3248
-3180
-2995
-2763
-2966
-3412
-3851
-4221
-4806
-5352
-5424
-5357
-5220
-5278
-4731
-2716
500
3186
4082
4231
5175
6077
4719
1754
571
2619
4916
5035
4405
5162
5854
3700
5
-2137
-2691
-4109
-6195
-6282
-4144
-2662
-3345
-3956
-2480
-855
-1167
-2409
-2517
-1429
-662
-55
1467
3674
5193
5617
6005
6333
5426
3260
1516
1232
1935
2652
3252
3765
3848
3419
2587
1196
-781
-2428
-2855
-2118
-1210
-648
-194
191
512
689
642
108
-728
-990
-272
638
980
948
1205
1771
1818
1114
-10
-1351
-2524
-3117
-2948
-2757
-2978
-3111
-2796
-2407
-2706
-3820
-5060
-5944
-6199
-6044
-5980
-6038
-5973
-5353
-4623
-4365
-4588
-5067
-5751
-5288
-2057
3336
7524
8056
7705
9869
12206
9510
2680
-1072
1590
4824
3789
1428
2075
3717
1589
-2984
-5223
-5170
-7071
-10598
-10503
-6035
-2553
-3246
-3945
-347
4580
5501
2851
1231
2336
3351
2891
3251
5259
6798
6597
6138
6421
5356
1571
-2273
-2978
-1305
-209
-394
-308
880
2161
2408
1569
259
-742
-954
-218
767
1170
1073
1301
2346
3500
3664
2473
663
-558
-728
-651
-1188
-1872
-1630
-288
810
498
-936
-2417
-3481
-4063
-3945
-3559
-3296
-3290
-2776
-1639
-1291
-2360
-4203
-5184
-5093
-5104
-5569
-5996
-5900
-5429
-4948
-4730
-4707
-5193
-4780
-1572
3947
8123
8222
7315
9352
11727
8994
2395
-639
2688
5717
3936
1275
2334
3977
956
-4348
-5950
-4671
-6050
-9849
-9759
-4609
-1018
-2315
-3406
601
5760
6062
3130
2439
4355
4774
3235
3299
5665
6895
5758
4952
5461
4598
859
-2763
-3250
-1721
-860
-907
-431
1128
2710
2946
2102
994
299
37
186
785
1474
1921
2250
2928
3883
4209
3130
1095
-450
-783
-739
-1401
-2280
-1912
-247
902
396
-913
-2033
-2965
-3974
-4450
-4174
-3824
-3457
-2723
-1671
-1207
-2143
-3826
-5021
-5428
-5624
-6068
-6495
-6292
-5586
-4842
-4586
-4818
-5064
-3740
148
4972
7589
7178
7352
9761
10418
6337
972
410
3895
5179
2864
1308
2684
2801
-1188
-5432
-5824
-4836
-6771
-9477
-7732
-2932
-1129
-2985
-2754
2075
5957
4949
2759
3462
5426
4903
3294
4119
6263
6450
5076
4891
5282
3434
-428
-2593
-1734
-510
-435
-583
320
1592
1907
1429
763
322
187
449
1247
1970
2104
2033
2220
2817
3389
3282
2491
1206
306
44
-330
-1290
-2196
-1665
-217
399
-311
-1339
-1935
-2644
-3548
-3911
-3646
-3260
-3046
-2637
-1972
-2000
-3063
-4549
-5420
-5588
-5873
-6572
-7010
-6843
-6135
-5574
-5260
-5279
-4733
-1742
3297
7483
8082
7234
8922
11190
9030
3101
-71
2657
5601
4206
1678
2226
3571
739
-4548
-6736
-5701
-6454
-9805
-9988
-5232
-1400
-2289
-3713
-212
4961
5646
3087
2703
5057
5766
4020
3963
6408
7622
6129
4907
5560
4938
1189
-2562
-3008
-1423
-1012
-1638
-1328
182
1387
1284
858
738
656
518
789
1675
2221
2082
1940
2553
3597
3928
3131
1755
536
56
-162
-929
-1909
-1935
-535
721
415
-737
-1572
-2068
-2859
-3673
-3766
-3429
-3284
-3125
-2584
-2072
-2667
-4422
-5923
-6302
-6231
-6700
-7394
-7172
-6015
-5256
-5177
-5131
-4135
-1047
3682
7739
8901
8566
9869
11090
8211
2543
-36
2676
5070
3547
1389
2071
3068
21
-5098
-7210
-6360
-6945
-9646
-9698
-5483
-2028
-2501
-2953
967
5906
6163
3493
3279
5425
5498
3403
3611
6384
7543
5833
4481
4916
3839
-41
-3259
-2957
-920
-445
-1184
-823
842
1902
1322
446
582
1012
860
780
1398
2044
1877
1699
2459
3582
3655
2361
773
-239
-606
-966
-1705
-2171
-1523
93
960
208
-1085
-1757
-2152
-2861
-3597
-3629
-3283
-3180
-3110
-2851
-2736
-3481
-5020
-6201
-6458
-6560
-7287
-8279
-8270
-6993
-5760
-5229
-4471
-1542
3492
7988
9485
8900
9443
10680
8782
3862
746
2317
4549
3348
1004
995
1878
-248
-4705
-7002
-6331
-6561
-9019
-9687
-6212
-2219
-1298
-1191
2101
6814
7678
4976
3774
5278
5781
3851
3297
5766
7311
5615
3260
2852
2443
-488
-3831
-4109
-2167
-1254
-1803
-1495
551
2558
2943
2354
2375
2927
2500
1264
823
1512
1984
1806
1998
2874
3150
1925
146
-1072
-1330
-1338
-1686
-1944
-1393
124
1335
1109
178
-286
-499
-1463
-2905
-3646
-3648
-3604
-3666
-3327
-2835
-3143
-4423
-5813
-6652
-6892
-7631
-8408
-8239
-7085
-5692
-5304
-5254
-3424
1232
6972
10482
10508
9810
10831
10937
6658
847
-634
2267
3508
640
-1815
-1125
-843
-3781
-7144
-7065
-5406
-6785
-9581
-8304
-3067
353
198
1495
6939
11208
9322
5085
4539
6270
5380
2557
2534
4863
4618
1409
-450
68
-382
-3255
-5325
-3521
-452
248
-471
451
3683
5903
4949
3269
3038
3089
1892
252
182
999
946
432
497
1097
836
-508
-1623
-1584
-711
-455
-1145
-1292
23
1742
2186
1281
454
129
-630
-2063
-3297
-3678
-3538
-3544
-3490
-3185
-3153
-4271
-5766
-6627
-6745
-6908
-7920
-8459
-7622
-6290
-5460
-5342
-4392
-84
6133
10638
11440
10170
10579
11153
7806
2062
-876
678
2089
-167
-3206
-3324
-2155
-3366
-6064
-6882
-5685
-5888
-8295
-8361
-3691
1098
2442
3112
6737
11181
11011
6998
5015
6096
6044
3055
533
911
1523
-155
-1928
-1384
-487
-1714
-3813
-3647
-1307
208
299
1267
4162
6880
7044
5226
4093
4152
3428
1280
-530
-900
-1040
-1724
-2110
-1391
-352
-211
-672
-799
-300
-15
-445
-714
291
2030
2886
2254
1440
1279
791
-476
-2205
-3369
-3689
-4069
-4419
-4433
-4349
-4331
-4724
-5374
-5717
-6066
-6917
-7451
-7297
-6623
-6037
-5875
-5302
-3349
1317
7528
12353
13405
11208
10328
10574
7006
761
-2919
-1628
445
-1869
-5387
-4962
-2370
-1821
-4358
-6520
-6141
-6044
-7825
-7433
-2253
3157
4872
5115
7888
11859
11484
7069
4717
5350
4642
772
-3044
-2853
-716
-600
-1570
-1445
-782
-1236
-2587
-2394
-120
1818
2295
3070
5108
7310
7586
5633
4139
3926
2530
-715
-3691
-4371
-3187
-2482
-2548
-1849
-400
599
611
406
716
1085
699
100
630
1957
2506
1955
1438
1363
825
-1108
-3544
-4646
-4647
-4722
-5314
-5847
-5233
-4260
-4274
-4898
-5376
-5976
-6917
-8098
-8437
-7429
-6447
-5452
-3474
877
7668
13025
13925
11993
11164
11544
8322
1458
-2896
-2402
-1061
-2735
-5691
-5192
-1913
-828
-3517
-6308
-6590
-6447
-7492
-7295
-3227
2077
4594
5687
8548
12174
12738
9407
6119
5238
3830
-96
-3893
-4216
-1997
-1037
-2074
-2744
-1990
-1471
-2062
-2288
-774
1867
3382
4351
6094
8363
9513
7639
5290
4125
1741
-1569
-4457
-5709
-4593
-3417
-3332
-2689
-847
970
1569
1192
813
1082
1084
431
683
1779
2666
2815
2008
982
-31
-1391
-3371
-5096
-5629
-5652
-5745
-5508
-4581
-3265
-2974
-4263
-5695
-6744
-7706
-8446
-8976
-8423
-6761
-5181
-3323
1073
7766
13388
14584
11862
10512
11140
7945
1709
-1926
-1718
-1005
-3293
-6305
-4907
-1312
-999
-4106
-6855
-7015
-6437
-7348
-7192
-3080
1625
3699
5329
8436
11960
12700
9995
7489
6327
3931
-159
-3349
-3344
-1553
-1624
-3140
-3144
-1699
-438
-187
-391
164
1299
2040
2927
4415
6310
7833
7252
5385
4348
3023
154
-2520
-3774
-4067
-4246
-4640
-3735
-1059
1301
1899
1575
1452
1838
1836
931
527
1189
1550
1202
903
907
694
-118
-1869
-3916
-5165
-5885
-6382
-6240
-5792
-5275
-4705
-4983
-5664
-5788
-6235
-6800
-7209
-7846
-7535
-5766
-4142
-1040
5486
11656
13986
12736
11475
12465
10875
4654
-455
-2128
-2950
-4892
-7507
-6976
-3147
-1492
-3660
-5892
-5799
-4916
-5419
-6507
-4987
-1380
937
2854
6369
10435
12857
11902
9279
7733
5985
2350
-1717
-3845
-3587
-3573
-4934
-4871
-2357
302
1290
913
688
1741
2737
2670
3175
4518
5849
6310
5189
4608
4832
2988
-209
-2500
-3826
-4372
-4683
-4499
-2684
-312
843
1288
2166
3193
3471
2387
826
389
479
128
-176
61
284
-153
-1238
-2770
-3856
-4320
-5342
-6235
-6260
-5921
-5202
-4901
-5007
-4714
-4667
-5308
-6439
-7164
-6755
-6016
-5233
-3230
1520
7595
11752
12504
11744
12326
12263
8176
2761
-501
-2120
-4069
-7011
-7924
-5320
-3099
-3511
-4904
-5026
-4078
-4185
-5491
-5254
-2782
-662
637
3236
7219
10538
11298
10165
9407
8426
5619
1994
-975
-2635
-3749
-5479
-6292
-4973
-2718
-1043
-262
350
1545
3483
4417
4317
4788
5507
6271
5749
4241
4581
4086
1206
-783
-2232
-3382
-3619
-4290
-4200
-2551
-1350
-616
881
2356
3206
3287
2150
1410
1604
974
86
-142
-557
-909
-1353
-2187
-3020
-3729
-4275
-5360
-6627
-6631
-6307
-5845
-5477
-6338
-6444
-6109
-6576
-6542
-6572
-5825
-3912
-1995
2505
8126
11284
12049
11820
12544
11998
8148
4180
1385
-1007
-3953
-6841
-6842
-4898
-4084
-4915
-5906
-5266
-4480
-5119
-5638
-4690
-2644
-1321
-50
3142
6694
9103
9844
9496
9428
8413
5797
2991
623
-1328
-3438
-5483
-5885
-4629
-2977
-1928
-1002
368
1762
3200
3662
3308
3861
4408
4314
4244
4160
4446
4314
2626
1065
237
-1102
-2488
-3328
-3537
-3222
-2867
-2407
-1071
874
1893
2004
2230
2608
2590
1894
837
139
-515
-1441
-2009
-2262
-2621
-3117
-3736
-4120
-4447
-4872
-5020
-5399
-5861
-6127
-6907
-7219
-7156
-7817
-7888
-7031
-5479
-2896
751
5550
9876
11774
11879
12430
13006
10915
7180
3927
932
-1824
-4569
-6138
-4946
-3942
-4771
-5499
-5432
-4600
-4423
-5576
-5909
-4688
-3436
-2239
315
3963
7101
8853
9404
9826
10026
8624
6105
3613
1221
-905
-3099
-4682
-4492
-3422
-2600
-1916
-883
543
2123
2875
2656
2794
3229
3327
3468
3599
3924
4511
3920
2524
1972
1381
60
-1366
-2460
-2653
-2480
-2662
-2348
-1015
215
746
1020
1445
1852
1784
813
-239
-617
-1347
-2170
-2672
-3136
-3246
-3537
-3974
-3923
-3938
-4288
-4624
-5281
-5999
-6022
-6281
-6952
-7512
-7850
-7125
-5931
-4111
-81
4675
8237
10143
10710
12207
13562
11551
8116
5319
2640
-218
-3158
-4626
-3826
-3554
-4984
-5563
-4809
-4072
-4084
-5254
-5883
-4953
-4585
-4181
-1744
1466
4266
6130
7211
9087
10481
9610
7806
5972
3835
1623
-634
-2370
-2675
-2597
-2695
-2092
-1127
46
1343
1739
1639
1782
1777
1815
1856
1823
2351
2889
2685
2518
2749
2565
1823
884
79
-325
-796
-1486
-1628
-1204
-945
-749
-261
326
717
628
98
-346
-759
-1652
-2622
-3250
-3934
-4364
-4445
-4516
-4150
-4109
-4480
-4471
-4997
-5663
-6182
-6957
-7219
-7861
-8170
-6749
-4653
-990
3659
7033
9016
10129
11922
13447
12012
9057
6313
3762
1303
-1441
-3125
-3080
-3115
-3962
-4795
-4346
-3403
-3611
-4974
-6098
-5895
-5701
-5591
-3788
-1098
1344
3431
5410
7982
9959
9990
8997
7505
5718
3720
1441
-303
-1232
-1954
-2503
-2170
-878
348
1029
1309
1121
1021
1174
838
603
620
469
980
1620
1922
2754
3163
2595
2231
1959
1496
1150
272
-521
-711
-992
-1026
-489
-14
265
257
-7
-22
-336
-1398
-2458
-3315
-4024
-4718
-5394
-5259
-4618
-4404
-4317
-4075
-3824
-3752
-4277
-5076
-5771
-6617
-7296
-7286
-6532
-4528
-697
3466
6551
8246
9571
11902
12968
11068
8504
6166
3737
1374
-1061
-2385
-2415
-3083
-3868
-3788
-3320
-2866
-3221
-4444
-5166
-5391
-5981
-5686
-4152
-2562
-852
1087
3579
6547
8417
8874
8950
8365
7087
5463
3482
1766
426
-798
-1380
-1320
-790
142
1126
1680
1585
1463
1505
1004
97
-708
-845
-638
-635
116
1233
1768
2220
2586
2959
3135
2659
1865
1191
577
-141
-613
-695
-592
-486
-653
-806
-683
-984
-1920
-2776
-3733
-4837
-5760
-6145
-6142
-6036
-5826
-5489
-4871
-4394
-4136
-3884
-4238
-5007
-5517
-5564
-5030
-3593
-1197
1857
4736
6550
8224
10642
11895
11065
9358
7196
5227
3255
689
-914
-1896
-3159
-3769
-3789
-3544
-3096
-3398
-4101
-4246
-4552
-5076
-4957
-4354
-3454
-2321
-943
1232
4014
5982
7088
7929
8205
7968
7075
5570
4117
2678
1158
176
-36
75
288
472
788
1145
1428
1609
1161
161
-676
-1217
-1527
-1486
-1146
-582
98
876
1934
2971
3496
3434
3179
2706
2072
1498
767
240
-158
-594
-740
-754
-706
-1017
-1595
-2308
-3347
-4355
-5338
-6055
-6382
-6792
-6848
-6457
-6070
-5525
-5013
-4949
-4832
-4820
-4975
-4625
-4103
-3347
-1210
1513
3724
5288
6806
9321
11192
10920
9854
8682
7267
5393
3074
1217
-1
-1454
-2802
-3465
-3468
-3329
-3735
-4478
-4794
-4825
-5231
-5441
-5023
-4573
-3916
-2759
-816
1621
3595
5163
6648
7638
8096
7885
7055
6142
4960
3452
2289
1661
1312
952
666
728
959
993
1152
1025
339
-244
-827
-1260
-1564
-1870
-1668
-1325
-839
211
1404
2251
2900
3404
3500
3417
3125
2515
1841
1042
198
-248
-463
-739
-1034
-1417
-1783
-2272
-3170
-4267
-5154
-5983
-6965
-7536
-7586
-7500
-7283
-6935
-6488
-6085
-5820
-5671
-5126
-4234
-3179
-1353
986
2909
4323
5893
8082
9920
10266
9731
9172
8401
7049
5303
3756
2245
628
-849
-1996
-2511
-2910
-3734
-4630
-5271
-5775
-6250
-6426
-6256
-5950
-5542
-4637
-2844
-598
1253
2868
4426
5837
7087
7541
7341
7043
6423
5496
4478
3760
3476
3144
2502
2094
1926
1612
1193
562
-72
-695
-1304
-1753
-2299
-2504
-2323
-2320
-2071
-1234
-326
641
1508
2184
2868
3243
3405
3452
3052
2329
1745
1218
657
270
-170
-582
-966
-1473
-1975
-2706
-3832
-5161
-6384
-7178
-7594
-8144
-8529
-8343
-7764
-7314
-7094
-6455
-6068
-5853
-5048
-4009
-1950
536
2178
3726
5495
7679
9712
10212
10033
9907
9196
8026
6708
5426
4069
2431
759
-551
-1280
-2034
-3105
-4237
-5304
-5966
-6714
-7270
-7116
-6896
-6750
-6103
-4594
-2472
-667
855
2509
4110
5577
6428
6719
6997
6881
6286
5473
4901
4771
4354
3647
3172
2921
2822
2325
1555
844
-170
-867
-1594
-2455
-2595
-2981
-3276
-2917
-2436
-1642
-772
-64
834
1749
2277
2816
3253
3048
2782
2449
1971
1743
1444
958
619
339
-126
-691
-1312
-2226
-3401
-4582
-5793
-6787
-7495
-8410
-8792
-8678
-8580
-8188
-8104
-8138
-7476
-6749
-5863
-4086
-1809
393
2090
3677
6162
8739
9881
10022
10171
10205
9880
8894
7546
6457
5185
3558
1980
897
191
-1075
-2778
-4194
-5217
-6146
-7186
-8018
-8235
-8203
-7936
-6909
-5276
-3441
-1747
-233
1434
3243
4568
5190
5655
6063
6258
6061
5730
5733
5887
5649
5386
5298
5040
4719
3869
2739
1788
493
-744
-1955
-3096
-3692
-4094
-4247
-3902
-3319
-2689
-1947
-1130
-293
526
1126
1473
1645
1689
1749
1839
1851
1898
1956
2123
2104
1752
1268
333
-547
-1681
-3259
-4385
-5636
-6932
-7931
-8641
-8862
-8973
-9192
-9469
-9504
-9099
-8622
-7769
-6109
-3953
-1645
-27
1619
4551
7196
8597
9188
9570
10259
10435
9718
8903
8197
7252
5859
4362
3293
2533
1191
-760
-2337
-3454
-4823
-6344
-7484
-8069
-8533
-8822
-8306
-7050
-5364
-3949
-2729
-957
914
2358
3243
3817
4574
5201
5345
5541
6056
6599
6890
6934
7066
7109
6752
5867
4644
3557
2205
549
-947
-2206
-2995
-3550
-4028
-4037
-3707
-3417
-3076
-2632
-2178
-1543
-993
-686
-283
258
758
1207
1583
1994
2435
2657
2701
2584
2277
1600
638
-468
-1655
-2739
-4006
-5178
-6137
-6823
-7312
-7980
-8401
-8774
-9415
-9666
-9662
-9344
-8355
-6708
-4428
-2334
-714
1682
4612
6732
7864
8502
9154
9730
9653
9029
8609
8250
7482
6377
5285
4773
4068
2450
649
-826
-2209
-3973
-5851
-7059
-7783
-8431
-8661
-8263
-7033
-5397
-4197
-2951
-1375
190
1245
1798
2419
3238
3750
4006
4581
5529
6520
7175
7762
8330
8334
7894
6824
5609
4327
2519
820
-727
-1862
-2395
-2996
-3406
-3390
-3249
-3124
-3084
-2918
-2706
-2544
-2391
-2221
-1741
-1042
-327
330
1009
1743
2246
2559
2579
2326
1931
1109
199
-825
-1836
-2797
-3895
-4777
-5540
-6152
-6765
-7483
-8053
-8818
-9414
-9488
-9395
-8660
-7053
-5043
-3245
-2030
69
3014
5116
6068
6477
7419
8433
8550
8199
7993
8283
8170
7129
6251
6106
5775
4213
2131
670
-613
-2450
-4613
-6143
-6733
-7353
-7928
-7843
-6872
-5331
-4399
-3734
-2628
-1363
-437
-32
619
1578
2355
3051
3856
4984
6250
7225
8043
8543
8495
8184
7269
6130
4878
3312
1881
543
-328
-941
-1571
-1934
-2253
-2404
-2608
-2950
-3030
-3068
-3164
-3166
-3000
-2493
-1751
-956
-154
637
1383
1903
2184
2317
2109
1541
845
253
-345
-1061
-2006
-2669
-2981
-3502
-4240
-5124
-5915
-6756
-7893
-8945
-9662
-9787
-9563
-8713
-6742
-4404
-2483
-1000
913
3352
4918
5255
5461
6164
6854
6875
6730
7206
8030
8447
7897
7336
7247
6580
4841
2572
816
-767
-2842
-4764
-5849
-6185
-6395
-6578
-6233
-5242
-4269
-3754
-3449
-2956
-2347
-1890
-1451
-672
481
1688
2907
4346
5787
7090
8021
8468
8404
7947
7222
6122
4967
3851
2815
1947
1333
872
339
-185
-746
-1399
-2227
-3038
-3593
-3831
-3943
-3856
-3516
-2922
-2055
-1275
-511
230
786
1114
1118
1096
1023
802
412
60
-110
-289
-680
-1212
-1546
-1884
-2517
-3546
-4818
-5886
-6911
-8059
-9078
-9529
-9259
-8543
-7140
-4961
-2870
-1496
-329
1353
3076
3667
3498
3814
4716
5560
5874
6374
7477
8613
8953
8378
7849
7359
5986
3747
1723
241
-1387
-3146
-4318
-4505
-4394
-4547
-4747
-4547
-4075
-3895
-4085
-4212
-3981
-3575
-2985
-1985
-569
990
2382
3856
5261
6119
6547
7063
7232
6828
6127
5501
5104
4585
4152
3671
3144
2780
2074
1103
101
-764
-1680
-2849
-3611
-3755
-3605
-3403
-3021
-2423
-1841
-1397
-1162
-1051
-923
-714
-747
-803
-548
-127
156
313
438
542
467
-66
-687
-1345
-2102
-3039
-4237
-5339
-6148
-6706
-7474
-8114
-7880
-7250
-6542
-5302
-3649
-2455
-1877
-954
629
1918
2156
2263
3410
5015
5935
6249
6821
7941
8624
8162
7217
6570
5828
4180
2308
1317
569
-712
-2061
-2639
-2625
-2862
-3499
-4098
-4253
-4280
-4487
-4580
-4274
-3637
-2877
-1786
-326
1137
2254
3239
4291
5200
5486
5482
5592
5597
5581
5522
5433
5204
4883
4566
4000
3319
2407
1219
32
-858
-1513
-2202
-2807
-2995
-2777
-2526
-2329
-2225
-2206
-2142
-2121
-2132
-2107
-2003
-1826
-1522
-1004
-369
69
186
178
188
167
-140
-825
-1524
-2163
-2694
-3402
-4261
-4981
-5566
-6205
-6926
-7056
-6672
-6307
-5610
-4227
-2736
-2113
-1628
-185
1384
1846
1780
2601
4372
5553
5677
5947
6991
8000
7728
6732
6171
5768
4600
2736
1607
1200
398
-1013
-2016
-2118
-2234
-2872
-3635
-4016
-4080
-4177
-4204
-3922
-3321
-2638
-1716
-369
987
1895
2638
3564
4401
4668
4687
4942
5125
5107
5094
5241
5305
4946
4458
4008
3530
2690
1473
295
-490
-952
-1454
-1946
-2208
-2099
-1960
-2049
-2146
-2268
-2409
-2604
-2707
-2572
-2381
-2177
-1956
-1565
-968
-514
-414
-456
-382
-469
-782
-1123
-1336
-1708
-2272
-2885
-3411
-3936
-4634
-5412
-6179
-6355
-6024
-5770
-5408
-4311
-2611
-1793
-1748
-962
707
1635
1187
1131
2713
4676
5292
5118
5725
7035
7398
6464
5649
5324
4534
3013
1946
1617
1166
183
-615
-860
-1133
-1679
-2343
-2887
-3411
-3833
-3690
-3199
-2746
-2435
-1710
-266
1142
1690
1879
2516
3495
4144
3997
3925
4303
4840
5100
4907
4817
4678
4472
4004
3315
2617
1646
716
54
-298
-584
-1005
-1319
-1473
-1476
-1592
-1863
-2189
-2558
-2829
-2831
-2579
-2387
-2432
-2376
-1919
-1289
-944
-1103
-1174
-907
-750
-928
-1346
-1520
-1518
-1663
-2150
-2812
-3155
-3484
-4127
-4957
-5407
-5226
-4868
-4483
-3861
-2855
-1962
-1523
-1047
-122
636
673
654
1653
3247
4196
4459
4942
5849
6350
5829
5186
4785
4016
2989
2217
2079
1888
1249
543
368
253
-380
-1241
-1906
-2285
-2701
-2838
-2431
-1876
-1541
-1130
-189
791
1225
1291
1575
2045
2302
2373
2597
3069
3345
3512
3744
3966
3828
3384
3064
2725
2189
1500
1037
821
545
255
-6
-173
-463
-858
-1222
-1556
-1928
-2336
-2686
-2786
-2648
-2394
-2236
-2219
-1877
-1431
-1136
-1138
-1100
-970
-710
-596
-873
-1074
-973
-1161
-1553
-2006
-2433
-2700
-3097
-3655
-4324
-4761
-4810
-4586
-4263
-3849
-3300
-2654
-2104
-1497
-678
-79
94
328
1168
2319
2998
3234
3706
4571
5092
4961
4621
4390
3971
3235
2710
2618
2363
1693
1209
1197
1124
604
-126
-567
-862
-1249
-1469
-1233
-861
-736
-503
90
728
1024
1180
1332
1403
1423
1552
1956
2177
2021
1928
2229
2560
2394
1888
1486
1291
1080
691
356
-26
-396
-706
-634
-723
-923
-1546
-1413
-1278
-1321
-1094
-1555
-903
-1088
-1353
-1443
-1186
-811
-1255
-1161
-757
-510
-267
-474
-626
-600
-671
-651
-1004
-1638
-2166
-2270
-2306
-2847
-3732
-4101
-4192
-4269
-4380
-4300
-3897
-3377
-2866
-2399
-1876
-1343
-760
-353
-104
379
1193
2039
2541
2835
3367
3955
4197
3964
3733
3509
3183
2819
2652
2524
2071
1711
1695
1854
1528
894
519
487
421
53
-48
149
281
271
494
1078
1319
1132
1031
1252
1537
1434
1238
1261
1262
1224
1314
1268
1033
657
602
746
513
191
-216
130
-329
-608
-518
-645
-908
-825
-1134
-1076
-626
-955
-1104
-1230
-575
-632
-830
-628
-637
-110
-332
-493
20
-318
-386
-267
109
-257
-813
-989
-1195
-1347
-2117
-2564
-2971
-3239
-3708
-4075
-4164
-4187
-3996
-3836
-3490
-3164
-2732
-2337
-2052
-1535
-1052
-516
-215
230
1002
1791
2232
2372
2705
3009
3104
2898
2841
2755
2400
2221
2275
2400
2094
1694
1659
1865
1657
1071
831
864
786
455
487
655
638
668
959
1466
1435
1045
1015
1344
1292
969
805
1054
1138
886
829
868
759
210
291
457
34
-135
-364
-421
-485
-916
-826
-913
-1392
-1419
-1052
-667
-880
-1378
-783
-429
-572
-639
-654
-287
-286
-394
41
466
167
102
466
495
-24
-539
-586
-941
-1404
-1944
-2342
-2542
-2855
-3320
-3589
-3605
-3669
-3730
-3674
-3565
-3395
-3047
-2545
-2239
-1987
-1618
-866
-242
-83
131
713
1503
1765
1630
1742
2074
2168
2019
1916
2022
2009
1831
1910
2060
1903
1604
1505
1661
1429
987
821
979
983
693
673
1029
1329
1268
1296
1386
1460
1338
1313
1431
1205
1040
869
980
1062
919
656
640
750
454
486
234
59
-201
-641
-645
-768
-1174
-1221
-1007
-1243
-1233
-918
-1269
-677
-492
-1044
-729
-472
-238
-616
-57
382
219
211
613
800
758
249
176
160
-232
-558
-1032
-1160
-1454
-1788
-2313
-2486
-2601
-2945
-3071
-3462
-3657
-3503
-3012
-2916
-3069
-2675
-1912
-1357
-1391
-1200
-566
32
140
75
432
809
1021
968
1097
1286
1382
1418
1513
1582
1458
1395
1449
1592
1488
1149
1040
1083
1118
866
805
930
1289
1384
1136
995
1342
1630
1672
1397
1264
1390
1497
1311
1065
1041
820
1083
828
1028
850
648
791
246
460
246
-528
-995
-804
-543
-783
-1191
-952
-898
-541
-1112
-1426
-705
-723
-817
-1054
-488
-193
195
111
258
802
642
955
1152
526
559
228
273
11
-472
-569
-923
-814
-1399
-1608
-1950
-2097
-2415
-2907
-2778
-3220
-2880
-2733
-2868
-2562
-2277
-1499
-1621
-1338
-1077
-704
-746
-1052
-511
-320
-85
-450
-44
621
740
652
453
935
911
895
890
1112
1143
831
1066
1336
1664
1288
1225
1496
1591
1606
1181
1329
1649
1429
1456
1526
1402
1314
1519
1380
1327
1362
1054
1376
1399
1328
995
797
1209
986
678
248
176
-141
-271
-321
-157
-361
-805
-777
-463
-941
-874
-1001
-1266
-818
-5
-185
-390
606
371
183
1136
1285
852
832
943
854
611
986
714
-72
-294
125
-64
-868
-1196
-1200
-1581
-1955
-2136
-2207
-2346
-2314
-2068
-2126
-1889
-1780
-1580
-1494
-1591
-1506
-1395
-1407
-1533
-1492
-1320
-1008
-997
-1064
-809
-380
-165
-427
-407
-140
64
93
97
275
497
800
1091
1313
1435
1555
1777
1901
1995
1749
1660
1587
1499
1473
1259
1288
1352
1530
1577
1371
1392
1462
1371
1514
1193
1389
1323
1327
1027
965
808
468
429
396
113
90
-397
-218
-305
-152
-1078
-944
-679
61
-516
-1023
-24
440
269
-367
525
1225
934
974
461
1121
1213
978
1000
384
770
435
393
-712
-303
-93
-1316
-1199
-1924
-1126
-1454
-1860
-1699
-1583
-1069
-2036
-1293
-1328
-926
-1371
-2047
-1394
-1605
-1195
-2001
-2002
-1773
-1336
-1231
-2046
-1455
-1598
-1268
-1574
-1848
-1233
-1204
-570
-1056
-529
-139
298
547
165
969
1088
1531
1202
1300
1813
1714
1872
1304
1601
1564
1621
1549
1127
1564
1408
1649
1008
1423
1854
1600
1283
1002
1487
1123
1121
777
302
821
182
226
-68
-83
353
-75
310
-195
-191
8
-414
121
-168
503
897
417
929
929
1895
1039
524
977
1479
1193
696
716
368
1318
388
-164
425
-622
-514
-658
-106
-1019
-1455
-625
-1113
197
-962
-1381
-560
-975
-260
-1648
-999
-1499
-1531
-927
-1542
-1596
-2462
-978
-1500
-1739
-2174
-2155
-1475
-2308
-1993
-2470
-1936
-1964
-1988
-1078
-1267
-868
-1369
-303
103
-144
30
13
1029
487
801
878
1279
1444
1013
1642
1380
1770
1419
1526
1909
1517
1920
1863
1716
1383
1695
1743
1050
966
680
907
467
813
421
446
605
-580
586
450
-307
-452
-262
480
-45
476
595
475
1267
685
1073
1039
1212
1017
904
1630
1342
874
518
1527
604
-496
141
723
436
-480
-500
-24
74
-35
-1264
-127
88
120
-396
-622
-248
-680
-162
-802
-1145
-1329
-804
-630
-1701
-1814
-1329
-1106
-1064
-2556
-2195
-1743
-2084
-2485
-2491
-2243
-2200
-2050
-2141
-2056
-1648
-1419
-1549
-1776
-1213
-730
-695
-753
-678
-153
-75
76
56
446
806
978
1159
1324
1826
1773
1963
2104
2313
2277
1904
1791
1883
1739
1422
1187
1066
635
690
740
387
163
430
410
461
-75
-395
68
445
534
-496
365
999
573
1244
1495
916
1407
1580
1201
1323
919
1410
1430
891
162
449
1441
1157
291
423
678
180
-350
-38
272
563
327
233
154
63
215
174
6
-1136
-366
-376
-536
-1186
-1350
-875
-1093
-1350
-1326
-1729
-1723
-1675
-2026
-2462
-2143
-1862
-2016
-2209
-2550
-1858
-1980
-1936
-2262
-1995
-1675
-2138
-1940
-2311
-1570
-1152
-1036
-1298
-1467
-103
448
293
-149
730
1850
1678
1484
1530
2553
2566
2295
2435
2478
2436
1571
1693
1767
1489
1041
809
1143
777
481
223
-76
103
-298
-173
52
300
-118
86
1014
609
853
897
814
957
1505
891
756
1526
1557
1098
569
2120
1762
-136
1033
1259
1186
504
-420
366
998
979
-19
676
591
638
230
-609
1004
26
-1112
-614
706
162
-1836
-887
23
-681
-884
-1490
-1008
-1248
-1285
-1659
-2232
-2107
-2011
-2123
-2231
-2314
-2262
-2431
-2533
-2174
-2602
-2877
-2706
-2616
-2681
-2892
-2154
-2178
-2085
-1437
-1101
-596
-579
-141
477
773
957
1167
1674
2059
2115
1982
2242
2423
2166
2051
1913
2024
1781
1526
1403
1043
1142
795
521
49
-318
-81
-400
-457
-189
99
356
-13
756
1448
534
146
537
1502
644
790
567
1156
1097
785
1955
1033
422
1051
1089
1255
-352
1394
1440
875
699
1432
1388
-166
576
1355
531
-296
-178
676
-88
-833
435
300
-435
-1357
75
-1415
-518
-1223
-1582
-1138
-1442
-1195
-2047
-2213
-1396
-2343
-2189
-2293
-1911
-2826
-3264
-1778
-2711
-3402
-3495
-2902
-2945
-3386
-2620
-2256
-2204
-2087
-1375
-469
-935
-726
55
903
905
659
1524
2062
2291
2096
2370
2799
2613
2504
2535
2840
2588
1981
1954
1918
1843
999
556
346
346
281
-317
-157
152
-10
-316
24
508
530
202
590
861
598
434
1030
1354
573
1058
1516
1391
1277
1137
1358
1248
968
1627
804
1229
1062
1781
1424
354
403
633
1607
-702
-695
789
863
-1129
145
722
105
-391
-846
-559
390
-1064
-1188
-1750
-1208
-1185
-2383
-1925
-2930
-2244
-2274
-2681
-2980
-3454
-3495
-3701
-3302
-3660
-4224
-4036
-3898
-3158
-3416
-3269
-2711
-1971
-1201
-1173
-861
-364
448
1066
770
696
1583
2672
2630
1867
2495
3648
3692
2460
2261
3235
3230
2082
1448
2120
2383
1166
383
655
881
61
-828
-722
-113
-244
-1069
-567
105
82
189
521
375
551
536
871
1284
1132
978
1765
1818
1676
1925
2001
1801
1242
1612
1727
887
871
785
1638
374
449
250
283
555
-1014
403
685
-1068
481
702
416
-953
-503
-21
-870
-1126
-1467
-321
-2316
-1758
-350
-1460
-2456
-2278
-2544
-2774
-3094
-3934
-3768
-3466
-4424
-4441
-4360
-4254
-4773
-4376
-3016
-3085
-2711
-1864
-1347
-1333
-866
739
1028
402
509
2067
3653
3081
2465
3341
4522
4177
3188
3549
3831
3189
2313
2459
3055
2449
1177
666
1007
1122
-352
-1190
-972
-802
-856
-1060
-758
-520
-324
112
463
543
412
292
909
1417
1725
1870
1697
2341
3300
3113
2525
1900
1832
1764
2029
2299
748
689
1334
420
1065
461
-850
-410
-519
-528
320
-367
-560
262
92
191
-953
-1678
-1401
-1426
-1565
-840
-1578
-2198
-1829
-2336
-1709
-2174
-3179
-3409
-3562
-3024
-4152
-4836
-4789
-4404
-4190
-5135
-4177
-3192
-2773
-2392
-1910
-1189
-616
379
643
325
867
2256
3505
2851
2602
4087
5263
4518
3227
3974
4773
3576
2279
2655
3432
2434
962
835
1432
697
-1133
-1494
-915
-980
-1703
-1864
-922
-482
-680
-448
369
785
315
395
1304
2187
2073
1659
2377
3089
3117
2891
2606
2924
2859
2460
2065
1888
1346
430
484
412
220
-45
-1392
-1218
-745
-974
-1591
-1741
-1091
-527
-770
-1189
-1044
-222
-706
-2272
-1378
-1164
-1634
-1272
-1449
-1385
-2190
-2798
-2560
-3156
-3745
-4312
-4479
-4098
-4805
-5080
-4997
-4141
-3292
-2746
-2398
-2757
-1993
-443
489
36
-534
1063
3001
3548
3037
3458
4907
4989
4063
4078
4864
4350
2789
2578
3532
3461
1750
377
685
909
-305
-1780
-2143
-1910
-2209
-2576
-2202
-1721
-1662
-1619
-835
338
919
862
1115
2129
3221
3524
3305
3512
3931
4156
4170
3812
3684
3264
2595
2151
2256
1880
412
-236
-26
-327
-1157
-1722
-2175
-2220
-2483
-2117
-1867
-2160
-2202
-1737
-1177
-1067
-1430
-1578
-1174
-860
-1197
-1340
-1133
-1248
-973
-1484
-2313
-3233
-3506
-3665
-4280
-4506
-5110
-5118
-5021
-4194
-2933
-2273
-2304
-2765
-2069
-191
1005
32
-874
868
3471
4128
3187
3508
5207
5434
4268
4055
4849
4228
2283
1895
3313
3405
1331
-330
116
570
-706
-2388
-2886
-2696
-2976
-3158
-2558
-2025
-2283
-2470
-1339
292
1058
1107
1431
2671
3999
4894
4994
4888
5170
5422
5633
5392
4821
4026
3254
2873
2401
1705
218
-657
-867
-1223
-1898
-2638
-2750
-3158
-3210
-2937
-2771
-2576
-2593
-2966
-2165
-1092
-1711
-2075
-1702
-1322
-1225
-1581
-1761
-1713
-1700
-2073
-2766
-3111
-3465
-4202
-5093
-5625
-5351
-4841
-4436
-3277
-1642
-527
-746
-626
537
1196
346
-337
1137
3264
3748
3765
4942
6407
5960
4502
4187
4173
2980
1324
1098
1869
1605
566
-149
-232
-816
-2284
-3376
-3749
-3897
-4125
-3846
-2897
-1997
-1597
-1608
-958
12
818
1538
2447
3383
4180
5326
6426
6818
6400
5864
5898
5857
5243
4141
3368
2965
2375
1546
337
-654
-1449
-2151
-2594
-3052
-3206
-3310
-3676
-3487
-2899
-2612
-2943
-3293
-2508
-1701
-1482
-1577
-1649
-1274
-1222
-1433
-1675
-2016
-2276
-2931
-3751
-4525
-4885
-5110
-6176
-7074
-6786
-5013
-3057
-1818
-1558
-1711
-804
1047
2108
1218
68
1209
4135
5958
5756
5854
6814
7009
5846
4773
4589
3428
1349
574
1736
2481
963
-1243
-1932
-1644
-2545
-4504
-5716
-5750
-5345
-4853
-3704
-2377
-1922
-1935
-1322
124
1194
1394
2126
4087
5944
6640
7088
8015
8152
7132
6191
5951
5624
4293
3113
2787
2603
1651
185
-919
-1658
-2456
-3244
-3691
-3875
-3904
-3667
-3222
-2672
-2371
-2476
-2448
-1960
-1339
-1218
-1447
-1264
-836
-595
-697
-1263
-1967
-2449
-2793
-3443
-4620
-5895
-6789
-7279
-7540
-7358
-7225
-6648
-4199
-875
326
-1359
-1611
1527
3860
2173
84
2545
6770
7710
6565
7587
9810
8729
5411
4110
5034
3920
190
-1417
526
1956
-119
-2944
-3208
-2749
-4356
-6720
-7083
-6012
-5887
-6027
-4131
-1229
-337
-952
-550
1579
3050
3226
4279
6321
7769
8213
8996
9959
9248
7167
5586
5238
4708
2819
1132
502
483
-188
-1665
-2700
-3336
-3978
-4842
-4950
-4088
-3604
-3641
-3345
-1761
-493
-731
-1138
-621
426
485
-49
-178
81
-33
-810
-1528
-1986
-2732
-4184
-5775
-6916
-7442
-7903
-8826
-10071
-10619
-8615
-4320
-970
-1339
-3091
-1328
3398
5294
2572
353
2938
7314
8599
8137
9222
10731
9504
6464
5781
6239
3778
-1074
-3017
-194
1659
-922
-4518
-5024
-3873
-4965
-7379
-8218
-7466
-7118
-6600
-3859
-321
841
-62
651
3356
4990
4556
4207
6079
8639
9918
10355
10877
10497
8365
6370
5749
4646
1767
-980
-1235
-188
-604
-2615
-3873
-3875
-4238
-5286
-5477
-4786
-4433
-4256
-2918
-488
1041
688
2
964
2364
2145
641
101
821
1062
242
-982
-1448
-2255
-4111
-6045
-7359
-8219
-10225
-11993
-12520
-11894
-9874
-6800
-2849
-1083
-1294
-511
2538
5219
3690
1574
2920
7201
10112
9977
10467
11585
11342
8497
5697
4784
2806
-997
-3786
-2608
-495
-1615
-4610
-6013
-5357
-6076
-8286
-9465
-8829
-7690
-6728
-4115
-448
1845
2163
2585
4780
6575
6368
5806
6926
9151
10466
10962
11191
10731
8928
6629
5061
3377
754
-1890
-2640
-1967
-1864
-2734
-3738
-4034
-4140
-4732
-5144
-4915
-4302
-3735
-2458
-231
1608
1952
1643
2125
2925
2544
1140
343
495
342
-576
-1341
-1587
-2508
-4648
-6610
-7792
-9169
-11431
-13149
-13353
-13029
-12308
-9436
-3688
1142
1363
161
2933
7782
7838
3257
2009
6855
11310
10870
9739
12048
13596
9924
4667
3060
2754
-1496
-7211
-7753
-3855
-2511
-5681
-8131
-6827
-5570
-7687
-10096
-9323
-7102
-5987
-4614
-345
4292
5776
5235
6209
8794
9358
7611
6634
7841
9313
9719
10356
10745
9067
5917
3793
2888
514
-3323
-5637
-4937
-3289
-3140
-3587
-3248
-2646
-2903
-3533
-3115
-2312
-2245
-2161
-373
2783
4201
3396
2714
3534
4027
2390
156
-751
-664
-1406
-2831
-3312
-3440
-4912
-7614
-9335
-9828
-11073
-13516
-14835
-14193
-12920
-11452
-7639
-778
4043
3719
2235
5295
10640
10990
6486
4028
7794
12538
13042
11329
10732
10563
7389
3026
794
-821
-4855
-10021
-10677
-7080
-4898
-7022
-9801
-9168
-7095
-6687
-7680
-7428
-5588
-3580
-884
3289
7438
8905
8198
8542
10516
11516
9844
7463
6912
7819
8862
9367
8368
5903
3047
1224
374
-1454
-4415
-6803
-6446
-4181
-2477
-1993
-2324
-2320
-1942
-1360
-516
-87
-256
-328
1410
4251
5665
4734
3218
2998
3032
1886
-236
-1858
-2865
-3990
-4872
-5308
-5647
-7221
-9822
-11793
-12304
-12516
-13921
-15286
-15064
-12682
-8021
-1354
4381
5650
4362
5771
10750
12821
9029
5288
6915
11306
12625
11607
11439
10575
6727
1736
-210
-891
-5141
-11328
-13374
-9551
-6153
-7431
-9948
-9528
-7216
-6539
-7047
-6037
-4004
-2804
-1217
3275
8804
11093
9855
9151
10966
12057
10257
7369
6132
6313
6629
7176
7295
5628
2248
-346
-902
-1565
-4086
-6888
-6964
-4577
-2317
-1393
-932
-424
-297
-196
655
1639
1481
536
1128
3814
5800
5223
3597
3078
2989
1626
-548
-2316
-3412
-4769
-6149
-6342
-6003
-6938
-9573
-11590
-12008
-12443
-13665
-14710
-14403
-12690
-9515
-3671
3414
7207
6409
5678
9229
13140
11591
6670
5409
9357
12431
11454
10014
10033
8342
3041
-1585
-2569
-3872
-9161
-14223
-12871
-7735
-5987
-8488
-9710
-7314
-5181
-5634
-6064
-4025
-1551
-386
1904
6967
11653
12051
9971
9821
11527
11192
7949
5110
4614
5244
5607
5776
5336
3241
301
-1503
-1909
-3031
-5444
-6892
-5731
-2941
-922
14
564
857
922
1263
2170
2470
1635
1277
2812
5071
5726
4587
3464
3011
2060
113
-1753
-2930
-4356
-6081
-6777
-6189
-6341
-8315
-10578
-11412
-11657
-13103
-14546
-14341
-13008
-11038
-7088
247
6932
8269
6144
7077
12079
13676
8858
4371
6402
11214
11707
9219
8822
9281
5746
-534
-3429
-3395
-6450
-12735
-15161
-10781
-6310
-6980
-9448
-8300
-4804
-3960
-5227
-4579
-1845
-9
906
4382
9808
12695
11369
9684
10723
11655
9548
5879
4279
4841
5268
5220
4969
3973
1395
-1248
-2286
-2797
-4466
-6533
-6486
-4162
-1696
-407
356
1078
1236
1232
1786
2634
2338
1327
1742
3877
5477
4880
3604
3200
2830
915
-1668
-2927
-3537
-4977
-6771
-7093
-6314
-6841
-9174
-11267
-11656
-11969
-13243
-14044
-13360
-11188
-7428
-1127
5598
8352
7168
6876
10520
13089
9889
5195
5140
9262
11122
9490
8570
8655
6259
538
-3476
-3942
-5839
-11100
-14826
-12135
-7071
-6027
-8156
-8246
-5182
-3465
-4332
-4461
-2100
232
1101
3503
8457
12439
12186
9851
9653
10718
9557
5957
3320
3164
3740
4270
4590
4235
2395
-75
-1391
-1847
-2973
-4964
-5879
-4482
-1994
167
1283
1673
1678
1622
2138
2565
2007
863
913
2776
4479
4629
3876
3389
2798
1116
-932
-2263
-3285
-5087
-6707
-6604
-5746
-5993
-7874
-9712
-10433
-11027
-12459
-13327
-13008
-12241
-9952
-4205
3935
8639
7705
6364
9282
13538
12187
6605
4061
6658
9789
9656
8749
8669
6946
2413
-1783
-2939
-4339
-9282
-14507
-14298
-9376
-6192
-7059
-8203
-6391
-3732
-3198
-3595
-2816
-1187
-19
1879
6315
10987
12423
10727
9392
10248
10396
7922
4523
2892
3170
3738
4259
4210
2679
190
-1639
-2065
-2560
-4109
-5678
-5545
-3340
-699
1068
1778
1741
1754
2286
2889
2698
1727
1160
1986
3568
4496
4246
3564
2724
1471
-179
-1589
-2905
-4720
-6326
-6675
-6072
-6160
-7602
-9326
-10330
-10805
-11818
-12557
-12238
-11780
-10673
-6960
386
7376
8882
6825
7294
11833
13824
9549
4735
5358
9397
10473
8443
7643
7578
4766
-719
-3995
-4329
-6559
-11840
-15148
-12085
-7131
-6310
-8377
-8298
-5030
-2920
-3435
-3714
-1836
557
1873
4243
8648
12204
11943
9526
8983
9922
9097
5556
2544
2454
3503
3758
3237
2524
1003
-1176
-2538
-2904
-3535
-5009
-5800
-4490
-1704
552
1439
1723
1959
2405
3026
3166
2594
1789
1955
3394
4733
4860
3967
3230
2579
1076
-742
-1994
-2981
-4657
-6205
-6073
-5235
-5881
-8053
-9695
-9856
-10337
-11841
-12824
-12018
-10785
-10504
-8646
-2785
4979
8967
7516
6480
9831
13634
11952
6558
4879
7959
10322
8997
7371
7610
6263
1541
-3119
-4232
-4924
-9075
-13881
-13903
-9407
-6527
-7472
-8482
-6542
-3658
-3014
-3382
-2270
-104
1420
3100
6787
10889
12127
10427
9011
9528
9601
7114
3714
2227
2525
2896
2887
2549
1528
-376
-2026
-2448
-2787
-4114
-5489
-5169
-3111
-828
762
1578
1895
2067
2568
3406
3394
2300
1585
2551
4313
4938
4308
3639
3281
2207
331
-1013
-1837
-3320
-5433
-6404
-5691
-5223
-6668
-8838
-9663
-9401
-10248
-11803
-12104
-10968
-10175
-9990
-7457
-1287
5492
8252
7080
7184
10331
12757
10564
6289
5333
7594
9245
8371
7294
7052
5078
892
-2879
-4165
-5539
-9463
-13325
-13038
-9077
-6389
-6783
-7447
-5769
-3104
-2205
-2430
-1804
44
1973
3957
7106
10453
11652
10308
8768
8834
8747
6408
2978
1263
1655
2234
2171
1677
590
-1042
-2403
-2927
-3297
-4176
-5023
-4567
-2538
-131
1648
2354
2345
2529
3198
3753
3385
2414
2102
3117
4420
4741
4182
3492
2977
1913
327
-993
-2198
-3772
-5441
-5879
-5303
-5482
-7010
-8397
-8455
-8115
-9113
-10891
-11203
-10011
-8811
-8672
-8146
-5348
-807
4273
7514
8090
7745
8712
10667
10265
7395
5291
6042
7911
7826
6336
5035
3733
823
-3083
-5392
-6446
-8482
-11474
-12236
-9291
-5971
-5246
-5937
-4861
-2279
-1039
-1352
-859
1234
3167
4439
6670
9828
11455
10058
7910
7519
7559
5653
2332
535
722
1031
1016
663
19
-1117
-2411
-2887
-2813
-3182
-4052
-4039
-2310
226
2160
2784
2776
3079
3729
4086
3688
2803
2341
2792
3650
3949
3656
3224
2557
1452
-85
-1232
-2177
-3754
-5425
-6188
-5720
-5516
-6548
-7788
-7972
-7762
-8425
-9676
-10023
-9225
-8506
-8494
-8292
-6036
-1694
2982
6241
7214
7392
8399
9972
9809
7346
5255
5500
7063
7124
5925
5081
3944
1170
-2640
-4829
-5538
-7408
-10668
-12006
-9266
-5713
-4836
-5511
-4512
-1851
-377
-689
-557
1343
3282
4319
6050
9030
10915
9925
7848
7243
7259
5557
2333
195
61
259
8
-144
-428
-1193
-2031
-2503
-2634
-2943
-3535
-3461
-2067
73
1907
3058
3570
3811
4270
4665
4357
3449
2542
2522
3223
3600
3181
2701
2270
1391
219
-994
-2128
-3602
-5314
-6081
-5534
-5091
-5916
-6820
-6945
-6723
-6782
-7513
-8162
-8230
-7938
-7587
-6665
-5522
-5000
-3725
-388
4431
7855
7881
6616
7247
9373
9112
6032
3871
4424
5632
4973
3541
3046
2174
-749
-4190
-5304
-5252
-6970
-9787
-10293
-7210
-3902
-3183
-3475
-2328
-198
730
631
1277
2783
4011
4770
6479
8843
9709
8240
6165
5437
5098
3530
865
-961
-986
-591
-623
-628
-603
-1118
-1817
-1981
-1698
-1768
-2141
-1835
-326
1800
3210
3927
4187
4155
4320
4168
3551
2650
1843
1778
2270
2705
2502
1980
1296
127
-1085
-2145
-3206
-4416
-5442
-5669
-4915
-4224
-4596
-5265
-5493
-5631
-6072
-6725
-6947
-6879
-6872
-6655
-5889
-4841
-4734
-4678
-2754
985
4772
6193
5790
5923
7303
8124
6523
4187
3259
3878
4487
3930
3338
2643
1029
-1376
-3165
-3703
-4591
-6561
-8205
-7465
-4839
-2942
-2618
-2545
-1388
150
957
1166
1529
2501
3552
4711
6390
7740
7827
6556
5272
4824
4226
2795
640
-730
-629
-64
228
43
-437
-875
-954
-811
-838
-1127
-1266
-710
667
2333
3357
3581
3336
3143
3464
3503
2968
2061
1478
1731
2190
2250
1752
987
53
-869
-1599
-2294
-3087
-3975
-4525
-4259
-3572
-3368
-3967
-4706
-4930
-4832
-5095
-5513
-5538
-5372
-5172
-4792
-4062
-3678
-4122
-4995
-5000
-3518
-1256
1194
3359
4529
4861
5469
6672
6779
4652
2097
1882
3533
4071
2953
2044
2055
1622
-158
-1895
-2724
-3835
-5851
-7042
-5461
-2838
-2028
-2498
-1862
314
1712
1143
378
1014
2262
2964
3722
5305
6537
6255
5259
4932
4920
3796
1499
-161
-323
141
475
689
793
676
665
676
421
-272
-1107
-1315
-567
751
1730
2221
2421
2555
2851
2944
2422
1482
614
425
828
1059
948
734
568
288
-226
-863
-1676
-2557
-3471
-3788
-3104
-2407
-2622
-3174
-3057
-2669
-2955
-3935
-4870
-5108
-5367
-6039
-6234
-6026
-6124
-6691
-6677
-5331
-3564
-1611
890
3344
4592
4457
4950
6442
6540
4785
3389
4437
6193
5970
4415
3610
3542
2083
-704
-2520
-2862
-3734
-5754
-6435
-4644
-2565
-2541
-3449
-2752
-925
-199
-841
-744
1017
2782
3605
4600
6322
7413
6746
5442
5058
4965
3841
1920
836
1004
1255
817
128
-118
-256
-326
-525
-1007
-1336
-1470
-1139
-464
388
1075
1428
1720
2014
2479
2507
1821
1002
766
1267
1638
1539
1255
1329
1626
1445
901
271
-332
-1016
-1714
-1799
-1521
-1599
-2254
-2879
-2878
-2923
-3725
-4895
-5726
-5865
-5911
-6235
-6661
-6766
-6581
-6616
-6546
-6170
-5695
-5204
-4176
-1696
1797
4583
5427
5213
5934
7414
7627
5890
4178
4388
5546
5600
4732
4164
3505
1730
-754
-2332
-2912
-4108
-6168
-7099
-5651
-3521
-2885
-3321
-2933
-1473
-340
-170
105
1383
2735
3669
4854
6575
7592
6865
5384
4674
4587
3790
2112
795
583
775
553
-86
-795
-1360
-2061
-2375
-2137
-1926
-1981
-1979
-1238
4
1140
1660
1710
1904
2312
2814
3017
2811
2748
3068
3466
3662
3547
3187
2554
1655
689
20
-450
-1238
-2244
-2741
-2818
-3109
-3923
-4823
-5209
-5282
-5743
-6308
-6183
-5793
-5724
-5562
-4950
-4305
-4186
-4188
-4113
-4055
-3872
-3564
-2896
-1778
-436
1584
4302
6314
6436
5253
5085
5928
5459
3490
2200
3147
4342
3734
2583
2318
1977
-62
-2748
-3604
-3101
-3606
-5080
-5049
-2803
-780
-782
-1458
-928
215
294
-244
340
1998
2960
3099
4035
5707
6203
4636
2743
2192
2000
982
-400
-886
-610
-527
-636
-719
-933
-1536
-2264
-2272
-1282
-204
251
562
1400
2685
3570
3622
3066
2737
2950
3198
3208
2971
2723
2595
2341
1859
1321
676
-439
-1699
-2366
-2358
-2353
-2780
-3190
-3014
-2547
-2632
-3223
-3659
-3701
-3646
-3576
-3219
-2614
-2161
-2121
-2164
-1850
-1409
-1826
-2784
-3151
-2902
-2997
-3756
-4274
-3917
-3377
-2912
-2325
-607
2050
3655
3387
2716
3718
5347
5016
3248
2972
4728
5836
4848
3728
3818
3416
1242
-1161
-1689
-1464
-2649
-4573
-4705
-2977
-2077
-2996
-3921
-3125
-1773
-1660
-1947
-1069
726
1718
1993
3065
4690
5205
4147
3249
3587
3990
3252
2078
1703
1882
1680
929
274
-208
-791
-1465
-1698
-1327
-966
-896
-850
-389
466
1112
1213
997
1097
1572
1910
1895
1716
1766
1950
1832
1536
1356
1288
876
-20
-624
-697
-769
-1284
-1961
-1979
-1621
-1575
-1892
-2019
-1807
-1939
-2403
-2739
-2498
-2102
-2336
-2745
-2735
-2413
-2588
-3313
-3590
-3470
-3564
-3924
-4061
-3549
-2981
-2692
-2203
-1684
-446
1739
3619
3939
2866
3095
4691
5068
3440
2055
2854
3884
3223
2228
2360
2463
680
-1775
-2303
-1366
-1714
-3701
-4392
-2510
-735
-1109
-2128
-1479
-200
-331
-1068
-415
1370
1851
1128
1665
3504
4328
3029
1637
1698
1940
1100
-103
-250
251
67
-374
-146
220
-290
-1200
-1367
-782
-128
186
329
700
1375
2109
2548
2341
1844
1696
1942
2039
1768
1578
1561
1558
1449
1383
1456
1265
574
4
77
395
251
-374
-723
-492
-350
-710
-1124
-1172
-1309
-1707
-1861
-1571
-1467
-1921
-2437
-2405
-2033
-2252
-2833
-3202
-3248
-3352
-3854
-4249
-4415
-4641
-5020
-4992
-4218
-3473
-3225
-2819
-861
2150
3898
3671
3455
5045
6629
6012
4516
4619
5826
5821
4687
4501
4938
3762
875
-1226
-1454
-2031
-4288
-6305
-6209
-4985
-4831
-5558
-5546
-4577
-3963
-4049
-3512
-1946
-483
154
1104
3122
4906
5392
4997
5003
5237
4780
3854
3167
2771
2246
1593
1184
822
-70
-1363
-2176
-2247
-2297
-2771
-2838
-2088
-1152
-437
230
902
1432
1938
2710
3553
3957
4092
4414
4823
4863
4484
4113
3742
3003
1934
1141
639
-214
-1419
-2413
-2754
-2971
-3502
-4120
-4378
-4194
-4252
-4428
-4186
-3483
-2989
-2875
-2279
-1101
-271
-208
-186
187
409
83
-299
-334
-435
-773
-1129
-1247
-1417
-1942
-2576
-2834
-2858
-2864
-2154
-505
726
552
357
1640
2804
1959
396
474
1822
2071
1321
1715
3089
3065
1249
125
612
300
-1856
-3443
-2809
-1671
-2065
-2919
-2451
-1345
-1317
-2064
-1877
-779
-375
-884
-553
1163
2444
2376
2220
3169
4078
3700
2967
3030
3300
2764
2107
2340
2765
2258
1398
1150
1107
536
-336
-603
-221
69
49
188
548
679
479
332
308
91
-129
-61
306
716
726
664
760
821
685
484
453
456
334
353
614
783
631
466
537
683
559
277
113
-102
-537
-947
-1168
-1347
-1737
-2141
-2242
-2212
-2423
-2969
-3446
-3600
-3837
-4254
-4491
-4285
-4004
-3896
-3638
-3099
-2624
-2555
-2553
-2271
-1713
-843
197
1031
1318
1766
2822
3433
2720
1722
1764
2113
1632
983
1491
2316
1939
915
797
1251
442
-1167
-1616
-774
-386
-845
-696
356
937
464
126
619
952
484
109
835
1773
1855
1496
1707
2207
1973
1121
584
556
223
-554
-872
-403
-115
-615
-963
-531
-66
-398
-879
-637
-126
-86
-128
463
1273
1514
1421
1790
2324
2199
1714
1504
1521
1245
820
819
997
810
300
-24
-225
-839
-1599
-1934
-1946
-1934
-1783
-1463
-932
-607
-662
-261
55
-160
173
435
523
808
614
775
889
464
111
-349
-513
-876
-1130
-1172
-1319
-1469
-1835
-2145
-2112
-2229
-2385
-2398
-2084
-1598
-1353
-1069
-662
-257
-56
-100
-9
152
159
79
13
138
290
410
484
477
561
594
583
455
247
63
-56
-62
26
245
553
837
1014
1158
1250
1166
976
722
551
500
545
624
798
992
1054
973
757
526
228
-69
-272
-340
-103
62
175
354
449
364
46
-321
-540
-660
-694
-572
-314
40
269
341
401
322
107
-273
-558
-549
-374
-161
44
335
662
864
868
790
680
451
308
384
657
845
916
915
928
875
657
341
49
-131
-220
-114
57
155
284
395
499
496
400
225
31
-66
-85
40
211
240
124
101
177
79
-200
-552
-668
-632
-630
-620
-520
-372
-300
-281
-207
-90
-163
-303
-268
-99
117
161
178
233
246
146
-19
-203
-520
-919
-1173
-1193
-1227
-1358
-1501
-1527
-1363
-1259
-1221
-1120
-945
-828
-712
-472
-241
-140
-132
-20
277
581
638
500
462
457
419
249
17
-192
-331
-337
-201
-66
-75
-108
-107
-31
-31
-160
-264
-364
-387
-300
-103
133
204
206
242
414
555
535
496
547
700
742
858
967
971
961
902
871
1003
1032
952
785
699
758
750
603
259
132
39
-93
-137
-264
-278
-220
-225
-7
157
239
281
315
391
364
450
488
501
415
522
677
671
460
174
-26
-147
-408
-773
-932
-1013
-1076
-1250
-1237
-1074
-1153
-1229
-1313
-1240
-1160
-1228
-1221
-990
-684
-617
-581
-487
-353
-382
-553
-697
-798
-846
-931
-941
-869
-755
-792
-872
-764
-638
-673
-887
-919
-741
-586
-448
-324
-44
205
252
183
231
342
266
95
83
309
458
403
323
367
540
490
322
217
268
302
247
308
495
649
625
611
658
768
731
475
336
311
355
314
235
294
473
606
605
636
836
1057
1016
847
811
917
1070
929
739
828
1045
1095
935
797
608
417
164
171
162
-9
-127
-272
-105
-112
-165
-110
-133
-324
-305
-281
-233
-246
-347
-448
-506
-631
-637
-657
-806
-858
-890
-899
-871
-906
-872
-706
-732
-558
-553
-795
-745
-591
-556
-476
-535
-560
-499
-461
-298
-288
-481
-578
-633
-782
-914
-847
-820
-812
-650
-592
-578
-694
-776
-841
-1000
-1147
-1194
-1113
-907
-648
-395
-162
80
302
306
156
142
348
642
785
897
1111
1370
1488
1415
1315
1227
1123
998
953
884
660
475
342
311
204
21
-116
-211
-292
-420
-512
-475
-340
-262
-137
-9
86
301
517
763
888
979
1228
1540
1751
1681
1473
1284
1152
994
757
485
263
216
193
133
-16
-210
-369
-478
-501
-401
-220
-52
76
178
359
507
479
461
463
562
756
981
1147
1196
1062
859
733
609
419
113
-62
-84
-102
-103
-189
-321
-557
-764
-925
-1087
-1231
-1476
-1624
-1654
-1577
-1448
-1383
-1374
-1369
-1300
-1281
-1304
-1269
-1081
-916
-835
-654
-358
-151
-201
-374
-430
-358
-382
-588
-634
-487
-259
-29
128
272
381
393
390
432
506
567
619
776
1045
1298
1457
1426
1325
1202
1063
798
458
130
-121
-268
-362
-387
-422
-456
-582
-777
-928
-1082
-1192
-1245
-1190
-968
-593
-209
98
320
497
697
874
1102
1343
1595
1942
2257
2581
2766
2747
2530
2242
1965
1679
1382
1131
1011
924
845
707
535
402
175
-43
-168
-142
-65
9
130
329
572
680
663
631
613
491
324
331
416
452
361
306
303
308
105
-247
-443
-569
-712
-841
-891
-934
-945
-922
-1023
-1162
-1285
-1423
-1575
-1523
-1422
-1353
-1255
-1168
-1054
-1026
-1013
-951
-930
-863
-764
-568
-393
-279
-212
-280
-332
-328
-299
-310
-274
-145
70
242
316
403
418
410
346
291
264
261
244
131
81
130
219
206
174
191
179
177
94
81
143
225
301
417
563
705
769
750
763
773
763
702
579
537
504
462
320
177
54
-49
-98
-103
28
182
354
493
696
853
798
718
684
814
991
1109
1228
1412
1595
1637
1526
1329
1114
855
630
440
271
194
49
-138
-325
-428
-517
-681
-838
-837
-747
-633
-547
-516
-267
-1
71
105
128
179
171
175
92
68
98
147
166
85
68
-201
-476
-599
-841
-1026
-970
-787
-666
-639
-605
-543
-674
-732
-729
-796
-689
-484
-340
-189
-98
61
183
191
108
0
-101
-115
-67
-35
45
99
149
180
195
182
114
79
-15
-135
-158
-120
-91
-60
6
122
265
273
177
68
70
123
130
226
350
499
555
551
552
516
401
235
181
187
159
39
-75
-148
-248
-372
-557
-668
-664
-603
-526
-432
-309
-162
-55
-10
0
-16
29
83
77
236
375
471
515
521
595
621
561
417
286
253
218
111
83
80
70
40
-98
-89
-137
-116
-15
13
100
244
265
267
397
356
367
369
221
176
30
5
-16
18
32
-152
-272
-258
-212
-211
-282
-255
-67
47
66
168
252
338
321
273
294
283
238
136
114
122
35
-89
-211
-309
-452
-589
-677
-654
-626
-630
-607
-569
-508
-436
-414
-490
-508
-427
-332
-268
-336
-406
-420
-411
-498
-656
-767
-794
-785
-790
-787
-776
-755
-780
-770
-770
-734
-600
-547
-473
-283
-79
72
208
318
361
376
423
471
465
412
363
399
538
606
556
443
509
511
347
171
133
176
85
6
92
321
177
-76
-42
-26
-72
-207
-312
-230
-118
-50
116
180
301
277
121
174
204
169
287
374
602
655
574
568
369
121
77
52
-32
-155
-325
-245
-207
-157
-103
-310
-411
-378
-329
-297
-280
-316
-234
-129
35
142
99
57
36
-158
-257
-294
-436
-582
-578
-554
-720
-838
-930
-1013
-1098
-1138
-1154
-1084
-993
-969
-817
-669
-423
-190
-102
-64
-48
7
104
135
91
132
215
323
364
219
148
6
-127
-183
-255
-303
-323
-284
-180
-115
-131
-131
-163
-217
-250
-302
-245
-140
-26
111
238
316
338
307
257
249
282
316
384
530
620
599
638
626
537
395
257
143
40
-76
-144
-166
-214
-171
-203
-231
-232
-267
-273
-274
-277
-307
-262
-141
126
239
244
183
180
264
182
126
66
73
122
-6
-189
-278
-338
-400
-514
-678
-682
-688
-795
-947
-926
-812
-780
-794
-772
-754
-666
-631
-547
-365
-320
-342
-185
18
114
138
149
195
225
176
91
25
79
94
49
-38
-133
-202
-294
-376
-475
-532
-467
-425
-461
-489
-436
-381
-373
-357
-260
-173
-117
-80
25
148
187
257
324
391
393
343
366
341
293
183
131
140
94
25
-89
-241
-348
-432
-465
-396
-321
-341
-254
-132
-28
12
44
121
193
268
326
453
560
590
558
478
406
318
271
132
1
-80
-174
-297
-427
-453
-445
-427
-435
-508
-563
-492
-411
-373
-319
-277
-137
24
211
335
370
350
359
496
570
575
551
536
655
731
563
249
40
55
83
-69
-266
-246
-115
-222
-396
-355
-279
-275
-257
-349
-327
-218
-92
-83
-108
-64
3
64
7
-42
-48
7
77
128
181
200
305
291
196
95
-4
-9
8
27
-5
-46
-92
-141
-236
-328
-375
-432
-401
-396
-382
-354
-313
-285
-286
-282
-302
-265
-215
-189
-127
-39
3
-37
26
67
106
117
73
35
39
44
36
36
46
38
-27
-73
-132
-185
-171
-181
-149
-65
34
88
97
90
110
132
109
99
150
299
401
410
475
491
473
374
301
335
373
367
428
540
572
505
418
462
521
429
386
349
372
305
319
382
333
271
193
142
57
-31
-118
-165
-225
-221
-9
72
94
154
204
154
-4
-74
-134
-169
-100
26
84
109
78
-45
-93
-176
-275
-329
-297
-244
-211
-155
-87
-67
-110
-114
-76
-48
-75
-172
-127
-24
82
118
106
122
85
11
-109
-188
-215
-247
-299
-280
-202
-166
-114
-114
-49
50
108
128
127
204
318
399
447
480
517
594
611
534
483
409
349
250
182
130
63
-17
-83
-73
-63
-76
-72
14
135
222
321
409
540
619
610
647
730
749
725
689
687
712
692
680
601
467
372
224
116
-11
-135
-186
-208
-184
-153
-148
-182
-194
-181
-177
-212
-219
-116
-68
-28
45
86
66
-18
-78
-108
-115
-160
-239
-264
-180
-125
-188
-192
-212
-188
-164
-148
-130
-88
-11
63
139
197
287
313
361
426
442
458
367
294
209
185
194
204
203
179
161
103
52
-31
-83
-88
-92
40
156
244
347
415
449
426
451
496
509
525
572
646
705
654
504
450
385
294
174
102
60
1
-69
-137
-143
-135
-132
-154
-133
-103
-157
-195
-205
-137
-29
47
102
194
326
360
298
197
138
91
34
6
3
46
-35
-155
-221
-274
-381
-517
-596
-607
-558
-536
-472
-356
-241
-209
-240
-236
-250
-247
-264
-229
-141
-65
-22
-35
-89
-125
-163
-274
-323
-323
-362
-322
-302
-291
-244
-195
-162
-145
-143
-95
-11
38
163
291
407
495
492
545
549
526
475
424
381
376
396
396
395
360
356
343
367
351
278
309
344
413
468
541
614
670
719
694
633
535
434
310
208
154
131
137
27
-46
-98
-156
-257
-397
-473
-454
-404
-382
-382
-351
-263
-214
-243
-173
-116
-70
-7
47
100
130
124
107
109
96
77
24
50
59
-15
-51
-121
-148
-179
-228
-271
-266
-259
-269
-276
-313
-326
-315
-268
-219
-220
-212
-212
-194
-172
-159
-200
-200
-189
-179
-158
-141
-62
-13
22
2
-80
-131
-172
-172
-128
-28
62
141
253
296
265
205
155
90
96
163
214
322
380
437
454
461
408
304
257
236
229
236
316
394
456
475
396
383
316
164
67
60
41
29
-6
-17
-8
-5
-32
-123
-161
-188
-187
-153
-176
-126
-61
29
90
89
109
116
81
-25
-66
-26
1
-64
-175
-169
-212
-348
-494
-554
-567
-611
-643
-609
-523
-475
-481
-470
-378
-276
-281
-224
-150
-6
100
104
116
175
231
228
227
236
268
253
219
163
24
-72
-194
-270
-287
-290
-309
-316
-277
-224
-194
-215
-192
-155
-73
19
41
132
210
284
295
289
283
253
177
93
38
23
71
107
169
202
159
146
41
-46
-111
-177
-200
-198
-141
-103
-105
-128
-144
-172
-157
-148
-169
-96
-74
-55
-35
7
33
37
25
-6
-16
-39
-7
50
89
80
12
21
-41
-127
-222
-294
-324
-344
-334
-330
-312
-290
-269
-279
-258
-240
-243
-169
-112
-42
48
124
163
176
179
187
200
185
178
160
185
172
73
36
-27
-107
-218
-271
-258
-214
-193
-177
-120
-61
-50
-92
-75
-41
