42
25
54
75
25
46
44
50
48
50
57
58
52
47
42
43
52
45
60
66
20
27
17
16
16
4
0
3
7
2
4
3
2
-8
13
17
-30
-6
-7
-9
-10
-12
-7
0
2
3
-3
3
5
-13
17
22
-24
-2
-21
-32
-27
-26
-28
-37
-41
-43
-36
-42
-30
-49
-21
-8
-61
-30
-42
-38
-39
-41
-31
-36
-35
-31
-37
-43
-36
-41
-3
3
-33
-7
-13
-14
-3
-1
-1
-12
-8
-13
-6
1
-1
-19
7
19
-36
-3
-19
-18
-15
-1
-7
-16
-9
-18
-14
-22
-3
-11
14
21
-11
0
-3
12
-4
8
3
8
16
13
12
16
27
12
41
53
4
37
17
24
30
34
34
29
48
34
47
33
47
39
57
61
14
48
30
35
35
49
45
29
36
27
29
22
30
22
50
71
26
61
44
42
42
41
41
40
48
42
50
39
48
37
49
41
8
36
14
8
0
7
13
15
22
15
21
7
17
14
36
46
-7
21
3
15
12
11
16
21
31
15
16
10
18
7
32
33
-20
5
-7
-3
4
4
2
3
-1
-13
-11
-19
-7
-19
4
24
-22
6
-11
-7
-3
-7
-1
3
8
-1
2
1
-3
-14
-2
19
-10
12
13
10
-9
-6
0
-3
-9
-23
-19
-28
-9
-17
3
16
-29
8
7
2
7
5
18
7
10
12
13
20
23
11
34
55
20
35
34
27
22
12
8
-9
-3
5
6
5
17
3
23
40
-6
18
3
-2
-9
6
3
7
7
-9
3
3
28
18
39
46
16
37
25
23
6
10
19
7
12
16
22
16
36
27
43
60
-2
20
7
13
15
19
20
7
20
5
6
-4
17
1
28
42
-10
26
20
31
21
22
15
18
10
2
16
15
33
17
36
43
-3
13
4
16
12
11
15
12
24
26
17
7
33
9
36
51
20
40
19
27
8
9
22
8
13
3
8
-1
-1
-5
11
27
-19
-5
-14
-9
-6
-9
-8
-1
-2
-16
-14
-23
-4
-11
4
21
-18
3
2
7
6
3
14
1
14
21
18
12
9
13
28
42
10
37
30
34
22
18
22
29
27
17
25
25
19
13
42
49
1
12
-10
-9
-9
0
4
-6
0
0
23
18
20
1
25
45
1
26
26
27
34
27
26
28
41
43
62
56
73
70
78
97
53
77
73
72
82
83
72
73
69
69
65
65
70
57
93
101
44
74
66
60
70
56
49
48
51
45
46
39
37
27
50
57
0
23
13
10
1
1
-6
-13
-6
-13
-10
-26
-25
-39
-26
-23
-66
-43
-46
-36
-42
-39
-33
-34
-37
-39
-25
-35
-15
-25
3
3
-32
-13
-18
-22
-24
-25
-24
-17
-15
-15
-20
-27
-20
-31
-17
-20
-51
-24
-37
-34
-36
-30
-32
-31
-20
-27
-24
-19
-8
-15
13
23
-14
12
11
5
-1
8
1
0
-1
-9
5
-3
12
-22
-3
5
-42
-20
-26
-27
-20
-12
-21
-29
-32
-37
-42
-47
-28
-48
-28
-16
-61
-38
-48
-52
-50
-45
-56
-54
-50
-43
-39
-52
-47
-53
-33
-22
-52
-35
-56
-46
-42
-50
-50
-58
-52
-57
-51
-60
-54
-54
-34
-17
-55
-30
-27
-13
-14
-14
-23
-13
-14
-20
-7
-1
17
0
35
48
-1
22
23
31
26
29
46
34
43
51
51
37
42
43
61
73
38
53
52
56
47
56
57
50
61
64
75
59
74
62
81
86
47
65
58
72
66
65
55
59
57
46
45
49
51
31
41
52
3
21
8
-4
-13
-38
-21
-18
-32
-47
-43
-65
-62
-72
-58
-53
-112
-91
-120
-113
-128
-132
-141
-156
-149
-162
-153
-180
-169
-180
-179
-174
-217
-202
-216
-227
-239
-238
-234
-249
-259
-261
-268
-280
-267
-287
-271
-261
-298
-260
-261
-248
-229
-220
-209
-204
-187
-173
-149
-135
-103
-73
-17
18
4
59
72
103
116
141
169
180
204
230
262
284
309
320
362
395
377
420
426
434
435
441
457
446
451
451
460
446
442
436
452
447
379
381
356
322
291
278
248
217
197
168
146
121
100
51
57
29
-33
-43
-80
-85
-116
-128
-162
-193
-219
-249
-278
-326
-337
-368
-383
-399
-475
-475
-519
-539
-550
-569
-582
-614
-620
-628
-651
-672
-677
-692
-667
-679
-737
-717
-724
-707
-715
-706
-695
-690
-671
-655
-619
-586
-529
-471
-390
-306
-271
-155
-63
33
151
258
365
460
573
671
782
881
977
1032
1119
1200
1200
1259
1278
1306
1314
1326
1315
1308
1290
1249
1211
1150
1091
1010
951
879
744
671
573
478
388
292
218
135
49
-36
-99
-164
-218
-282
-305
-327
-415
-411
-447
-473
-490
-506
-525
-542
-532
-537
-527
-551
-546
-554
-546
-541
-586
-562
-578
-581
-590
-590
-609
-610
-605
-628
-633
-648
-637
-655
-637
-622
-668
-652
-673
-667
-684
-678
-682
-687
-682
-685
-659
-648
-602
-575
-517
-470
-464
-384
-349
-286
-216
-143
-50
40
148
265
378
472
573
660
765
842
860
931
972
1008
1036
1062
1092
1113
1132
1129
1117
1097
1078
1033
1014
968
864
830
761
709
644
596
553
505
477
434
396
347
308
251
229
195
101
90
42
24
3
-30
-55
-91
-96
-125
-142
-165
-188
-203
-193
-197
-244
-207
-217
-216
-229
-236
-250
-270
-289
-325
-343
-376
-391
-426
-438
-452
-524
-524
-559
-584
-632
-682
-713
-755
-785
-826
-828
-848
-860
-893
-887
-894
-947
-935
-954
-944
-935
-915
-885
-839
-792
-748
-685
-632
-569
-516
-417
-349
-328
-229
-153
-59
31
121
200
297
393
468
557
633
691
743
816
868
871
928
941
964
992
1018
1032
1036
1055
1044
1036
1017
992
964
975
959
908
920
913
909
891
874
861
839
812
776
760
732
715
664
656
647
570
565
520
493
443
409
375
322
280
231
203
168
145
90
94
78
4
1
-38
-71
-120
-152
-187
-216
-243
-286
-310
-352
-374
-429
-460
-488
-576
-601
-676
-719
-762
-813
-844
-880
-908
-944
-983
-1022
-1050
-1082
-1095
-1107
-1162
-1161
-1166
-1159
-1142
-1115
-1098
-1064
-1000
-957
-895
-833
-754
-693
-594
-501
-459
-341
-254
-148
-39
63
166
284
387
479
571
640
704
758
837
880
887
947
981
1008
1027
1048
1059
1065
1069
1042
1023
998
977
926
906
889
820
820
780
761
729
696
650
614
576
520
474
420
387
334
319
296
220
213
187
166
129
110
83
50
19
-8
-22
-40
-53
-86
-74
-74
-140
-139
-163
-208
-233
-275
-294
-324
-345
-361
-401
-424
-447
-481
-494
-520
-594
-605
-640
-674
-708
-734
-768
-809
-837
-867
-884
-904
-936
-969
-974
-988
-1048
-1047
-1075
-1078
-1078
-1072
-1084
-1090
-1070
-1050
-1007
-986
-934
-897
-828
-754
-724
-628
-570
-490
-410
-328
-230
-152
-52
45
142
228
323
395
493
577
606
691
743
797
841
884
919
956
994
1015
1041
1057
1081
1073
1081
1097
1045
1051
1038
1038
1034
1014
993
970
945
914
893
846
804
739
706
660
565
547
497
464
413
366
322
288
248
188
151
103
77
22
22
12
-54
-58
-81
-90
-109
-137
-149
-166
-188
-222
-226
-247
-250
-277
-271
-273
-332
-334
-364
-383
-432
-463
-495
-537
-554
-589
-619
-655
-674
-724
-730
-747
-822
-836
-889
-922
-963
-1004
-1036
-1057
-1067
-1094
-1102
-1108
-1099
-1110
-1081
-1057
-1065
-1011
-977
-926
-877
-807
-755
-679
-601
-526
-433
-358
-258
-166
-38
74
130
250
341
436
503
566
635
703
773
814
872
909
952
976
1031
1070
1049
1082
1066
1065
1061
1041
1018
992
972
948
927
911
884
842
838
809
716
674
619
567
523
478
429
382
349
314
277
220
175
116
84
51
-18
-24
-58
-70
-80
-88
-102
-122
-133
-151
-160
-186
-198
-226
-217
-213
-270
-262
-261
-271
-284
-291
-317
-342
-364
-402
-423
-446
-463
-499
-515
-556
-638
-641
-693
-725
-780
-836
-872
-926
-954
-1007
-1033
-1074
-1085
-1107
-1109
-1111
-1156
-1132
-1137
-1117
-1080
-1046
-996
-933
-870
-801
-722
-633
-540
-469
-363
-276
-220
-94
-14
98
212
319
423
519
618
719
795
846
912
959
1040
1088
1081
1141
1169
1202
1218
1219
1219
1207
1206
1176
1141
1108
1084
1026
1016
990
920
901
851
812
764
729
671
607
555
500
447
405
366
318
309
292
219
204
167
138
106
84
70
46
32
21
19
25
23
7
31
30
-1
-4
-18
-34
-40
-46
-68
-70
-79
-99
-115
-151
-165
-213
-226
-260
-344
-361
-419
-462
-506
-561
-613
-659
-705
-754
-809
-866
-915
-981
-999
-1019
-1091
-1089
-1125
-1138
-1153
-1156
-1164
-1164
-1146
-1133
-1107
-1093
-1031
-984
-903
-820
-787
-690
-613
-526
-444
-359
-275
-183
-79
21
127
222
326
416
523
614
646
725
772
831
881
910
937
963
990
1013
1040
1036
1052
1045
1063
1052
985
983
945
916
875
855
818
789
767
728
689
633
595
536
511
478
392
369
326
295
252
219
199
169
140
105
80
47
24
-18
-6
-13
-80
-63
-72
-72
-73
-88
-96
-114
-122
-153
-168
-189
-207
-235
-233
-230
-283
-273
-304
-328
-361
-387
-414
-450
-467
-511
-547
-579
-611
-654
-681
-701
-774
-795
-843
-873
-901
-928
-957
-979
-991
-1000
-1006
-1025
-1008
-1013
-985
-953
-967
-907
-872
-802
-750
-695
-628
-557
-480
-409
-325
-238
-148
-59
61
166
237
357
461
550
638
726
806
872
926
988
1034
1076
1115
1122
1168
1209
1187
1214
1207
1217
1213
1195
1173
1129
1102
1060
1019
973
932
881
865
836
748
733
677
615
553
489
426
366
316
276
242
205
205
166
164
161
92
93
67
41
23
9
3
-4
-1
7
23
17
7
-2
1
-14
-82
-89
-129
-149
-172
-186
-217
-246
-262
-294
-329
-379
-411
-481
-517
-558
-655
-681
-747
-799
-854
-907
-945
-992
-1042
-1102
-1160
-1214
-1249
-1306
-1306
-1329
-1391
-1384
-1390
-1379
-1382
-1354
-1309
-1249
-1175
-1102
-1017
-931
-838
-766
-627
-525
-470
-342
-229
-86
40
181
316
451
584
689
781
863
942
992
1068
1122
1121
1183
1197
1226
1244
1269
1270
1277
1268
1248
1215
1168
1139
1115
1063
1059
1135
942
845
873
842
798
745
723
681
619
554
514
480
428
436
406
316
314
324
332
464
585
446
432
531
465
321
340
403
349
395
408
358
413
415
371
269
238
233
170
208
216
229
218
165
95
-102
-188
-284
-347
-442
-635
-843
-1047
-1202
-1354
-1543
-1674
-1783
-1863
-2051
-2263
-2352
-2439
-2542
-2550
-2567
-2614
-2649
-2591
-2309
-1804
-1132
-532
12
682
1438
1975
2200
2186
2212
2530
2806
2823
2622
2514
2556
2545
2277
1804
1303
879
548
15
-636
-1215
-1624
-1793
-1884
-1855
-1677
-1351
-982
-636
-321
-10
321
706
1113
1579
2170
2793
3248
3508
3602
3662
3750
3708
3432
3042
2699
2375
1936
1263
464
-192
-570
-786
-1059
-1267
-1412
-1402
-1289
-1230
-1194
-1099
-912
-663
-350
-132
-18
29
87
97
18
1
-90
-298
-689
-1036
-1221
-1518
-1903
-2201
-2223
-2263
-2361
-2523
-2847
-3137
-3630
-3937
-4130
-4359
-4425
-4299
-4132
-3974
-3766
-3697
-3513
-3224
-3096
-3072
-2982
-2614
-1749
-70
1635
2586
3088
4189
5326
4923
2846
737
142
589
725
271
437
1548
2368
1789
39
-1568
-2503
-3090
-3653
-3730
-2821
-1410
-358
-105
183
787
902
134
-774
-856
-367
56
86
220
838
1551
1940
1865
1391
856
611
246
-184
-419
-354
224
1030
1529
1552
1289
1054
713
223
-208
-275
-115
42
877
1797
2119
2151
1913
1452
1248
547
302
43
-445
-463
-17
665
501
286
173
102
-289
-1140
-1628
-1425
-1235
-861
-580
-199
285
295
-125
-388
-614
-1042
-1227
-1111
-803
-356
-26
-85
-276
-459
-691
-1090
-1561
-1767
-1698
-1521
-1406
-1409
-1379
-1412
-1559
-1720
-1664
-1439
-1212
-1019
-790
-351
89
268
162
92
330
824
1159
1396
1687
2070
2521
2538
2219
1780
1403
1068
674
417
364
499
738
928
1073
1152
992
601
228
15
43
166
423
728
1038
1278
1341
1199
830
601
523
641
894
1067
1249
1305
1318
1248
1093
926
834
886
995
1085
1089
940
778
700
751
716
642
657
873
1084
1091
933
806
731
696
853
999
1070
992
764
751
675
214
-37
-49
-67
-173
-233
-255
-302
-339
-524
-517
-552
-867
-971
-1077
-1099
-889
-777
-841
-997
-1181
-1402
-1554
-1842
-2048
-2131
-2162
-2153
-2196
-2296
-2403
-2593
-2794
-2903
-2787
-2260
-1391
-485
79
531
1070
1509
1348
749
491
1072
1931
2385
2664
3141
3783
3879
3198
2199
1373
683
-60
-662
-828
-542
-190
86
281
383
308
-270
-1080
-1589
-1529
-1162
-747
-198
532
1274
1582
1447
1126
773
480
317
592
1150
1720
2142
2433
2622
2520
2058
1474
1018
756
765
911
1032
945
874
907
919
900
644
486
191
-474
-833
-712
-477
-373
79
738
893
336
-516
-866
-921
-775
-726
-527
-181
46
-38
-380
-763
-1321
-1592
-1580
-1501
-1540
-1893
-2306
-2536
-2618
-2878
-3285
-3519
-3726
-4054
-4367
-4689
-4886
-4944
-4858
-4559
-4135
-3287
-1441
960
2684
3172
3530
4615
5190
3955
2003
1891
3681
4863
4236
3439
3872
4069
2434
-269
-1876
-2347
-3220
-4508
-4740
-3542
-2528
-2624
-2696
-1605
-282
-224
-1189
-1453
-221
1210
1881
2424
3778
5300
5787
5252
4635
4042
2899
1500
888
1258
1558
1382
1378
1667
1587
671
-583
-1503
-1907
-1776
-1176
-267
623
1334
1971
2419
2357
1800
1309
963
742
691
818
888
788
785
969
907
111
-959
-1689
-2023
-2380
-2779
-2752
-2445
-2118
-1858
-1705
-1829
-2219
-2545
-2541
-2546
-2852
-3213
-3455
-3524
-3769
-4137
-4271
-4388
-4656
-4862
-4816
-4850
-5316
-5737
-4358
-509
3905
6139
6014
6343
7870
7507
3684
-378
-184
3130
4556
2989
1918
2982
3091
41
-3568
-4681
-4645
-6165
-8065
-7213
-4037
-2092
-2174
-1390
1738
4337
3621
1095
276
1814
3139
3088
3467
5492
7255
6718
4849
3437
2142
-360
-2901
-3092
-1353
-388
-689
-70
2147
3654
2780
1141
507
403
-50
-381
411
1794
2723
3321
4046
4248
2970
815
-730
-1103
-1054
-1177
-1230
-753
243
998
875
-217
-1471
-2195
-2458
-2767
-3212
-3110
-2284
-1196
-250
342
294
-661
-1892
-2702
-3055
-3551
-4184
-4190
-3372
-2415
-2365
-3361
-4596
-5473
-6046
-6489
-6952
-5939
-2042
3447
7397
8107
8101
9386
9411
5691
659
-575
2214
4017
2803
1761
3183
4265
1870
-2383
-4744
-5173
-6577
-9038
-9311
-6416
-3193
-1796
-656
2377
5456
5474
2835
909
1536
2563
2267
2163
4170
6928
7341
5394
3543
2499
483
-2581
-4030
-2785
-1260
-1126
-581
1710
3959
3845
2300
1649
1717
939
-327
-373
928
2209
2856
3611
4319
3745
1827
-268
-1424
-2022
-2663
-2885
-2119
-697
500
945
548
-291
-1203
-1869
-2548
-3325
-3472
-2713
-1373
-272
333
701
582
-435
-1901
-3071
-3949
-4925
-5783
-5694
-4780
-4093
-4121
-4479
-4647
-4842
-5464
-6405
-5855
-2518
2331
6087
7486
8553
10619
11061
7656
2702
936
2749
3738
1979
448
1569
2923
1158
-2492
-4411
-4475
-5744
-8432
-8976
-6529
-4121
-3323
-1965
2053
5936
6222
4077
3006
3821
3988
2501
1802
3532
5717
5873
4446
3391
2621
462
-2401
-3470
-2658
-2245
-2534
-1633
944
3050
3148
2512
2530
2750
1956
558
196
914
1733
2267
2959
3705
3421
1935
269
-801
-1511
-2366
-2990
-2599
-1393
-311
124
-122
-600
-902
-1179
-1907
-2749
-3175
-2748
-1866
-1192
-534
-88
-33
-541
-1489
-2512
-3798
-5255
-6205
-6042
-5205
-4751
-4747
-4617
-4187
-4096
-4934
-6035
-5252
-1617
3293
6723
7621
8513
10629
11093
7510
2431
807
2707
3434
1258
-494
397
1495
-198
-3347
-4589
-4385
-5651
-8092
-8344
-5767
-3292
-2581
-1184
2985
7043
7382
5002
3666
4319
4352
2640
1503
2653
4299
4140
2642
1703
1064
-885
-3346
-3897
-2737
-2281
-2733
-1822
1132
3796
4270
3802
4052
4540
3768
1981
943
1177
1724
1905
2218
2762
2536
1100
-603
-1460
-1825
-2509
-3216
-2928
-1650
-417
21
-200
-452
-424
-442
-1117
-2153
-2683
-2364
-1654
-1297
-839
-194
-112
-791
-1838
-2701
-3669
-5161
-6262
-6219
-5538
-5130
-5326
-5550
-5244
-4962
-5353
-6324
-6329
-3437
1769
6568
8772
9239
10555
11996
10044
4642
391
669
2694
1969
-646
-1298
306
510
-2166
-4791
-5138
-5216
-7174
-8723
-6982
-3345
-1125
-79
2920
7588
9712
7476
4413
3865
4425
3118
748
351
1873
2438
1033
-411
-872
-1864
-3962
-5127
-4113
-2750
-2477
-1800
1267
5141
6989
6803
6173
6156
5636
3465
1046
60
448
787
667
736
857
156
-1204
-2134
-2287
-2458
-3095
-3242
-2053
-143
1089
1278
1158
1247
1217
257
-1604
-3156
-3400
-2698
-2027
-1623
-1148
-761
-852
-1449
-2494
-3697
-4852
-5801
-5977
-5558
-5138
-4912
-4738
-4378
-3928
-3919
-4545
-5482
-4619
-281
5444
9100
9490
9288
11029
11449
7059
710
-1736
404
1579
-1014
-3710
-2850
-426
-501
-2935
-4337
-3819
-4304
-6472
-6755
-3502
155
1976
3637
7387
10955
10090
5879
3128
3358
3202
424
-2372
-2316
-771
-771
-2118
-2530
-1920
-2168
-3518
-3659
-2046
-780
-188
1989
6180
9538
9757
8016
6939
6392
4504
1235
-1319
-1868
-1440
-1496
-1837
-1465
-823
-736
-1087
-1293
-1286
-1787
-2311
-1624
292
2004
2558
2438
2311
1924
665
-1458
-3487
-4331
-4066
-3494
-3090
-2714
-1948
-1240
-1047
-1609
-2694
-3818
-5008
-5806
-6162
-6185
-5594
-4935
-4347
-3526
-3088
-3240
-3826
-4454
-2714
2092
7165
9572
8909
8688
10553
10065
4865
-470
-1445
350
-47
-3957
-6449
-4405
-1390
-1238
-3182
-4159
-3411
-3616
-5150
-4346
-691
2526
3906
5244
8174
10103
7981
4151
2924
3497
1992
-2196
-5389
-4694
-2605
-2542
-3398
-2712
-1290
-1124
-1947
-1538
637
2302
3625
5970
8574
9736
8471
6710
6160
5310
2675
-923
-3353
-3617
-3091
-3108
-2888
-1572
18
669
466
276
302
375
620
1101
1585
1686
1449
1289
994
108
-1355
-3055
-4215
-4532
-4431
-4171
-3368
-2101
-1056
-406
-498
-1380
-2254
-3131
-4137
-4915
-5518
-5553
-4801
-4405
-4196
-3780
-3553
-3371
-3525
-4055
-2377
2322
7058
9507
9281
8759
10205
9833
5320
733
-827
-445
-1435
-5063
-7217
-4836
-1471
-1156
-3315
-4587
-3481
-2555
-3313
-3023
-60
3045
4546
5362
6918
8612
7860
5126
3361
2482
161
-3798
-6374
-5374
-3038
-2911
-4016
-3333
-1148
158
31
477
2543
4503
5230
6180
7621
8585
8603
7380
6029
4166
911
-2068
-3782
-4316
-4024
-4051
-3905
-2296
-67
1346
1731
1883
2238
2357
1977
1215
943
1342
1593
1242
369
-760
-1755
-2584
-3581
-4699
-5301
-5297
-4928
-3891
-2485
-1565
-759
-367
-994
-1758
-2919
-4348
-4853
-5156
-5327
-4907
-4764
-4430
-3675
-3108
-2876
-3177
-1214
3641
7740
9110
8078
7873
9658
8861
4580
873
-152
-286
-2333
-5694
-6738
-4339
-1902
-2591
-4480
-4586
-3019
-1881
-2169
-1495
1142
3613
4814
5467
6765
7895
7110
5092
3424
1882
-756
-3988
-5288
-4177
-3279
-4214
-5069
-3402
-787
328
542
1402
3304
5061
5918
6684
7904
8543
8191
6861
4472
2409
620
-1638
-3032
-3723
-4426
-4402
-3267
-1507
380
1646
2084
2421
3010
2974
2296
1670
1162
1223
1042
-119
-1048
-1495
-2020
-2812
-4038
-5386
-5790
-5105
-4326
-3340
-2317
-1324
-96
394
-325
-1348
-2129
-3133
-4310
-5272
-6212
-6495
-5960
-5603
-4887
-3924
-3650
-2699
688
5420
8640
8888
7637
8004
9358
7250
3074
857
230
-571
-3158
-6076
-5748
-3409
-2646
-4117
-5669
-4950
-2757
-1661
-1579
-274
2514
4703
5735
6381
7248
7904
6813
4624
2770
881
-1584
-3947
-4603
-3886
-4180
-5599
-5468
-2987
-590
-36
97
1707
4129
5604
6096
6914
8190
8798
8027
6351
4605
2970
1428
-869
-3190
-4122
-4507
-4467
-3210
-1573
-113
1261
2172
2899
3742
3700
2858
2253
1855
1398
624
-575
-1184
-1283
-1997
-3320
-4539
-4758
-4700
-4538
-4015
-3691
-2612
-1325
-865
-388
-696
-1633
-2061
-3061
-4315
-4974
-5853
-5882
-5220
-5154
-4732
-4184
-3963
-2845
515
4928
8042
8562
7312
7620
9064
7067
3264
1073
-64
-1063
-3409
-5820
-4801
-2438
-2218
-3907
-5077
-3919
-1795
-1308
-1861
-588
2142
3791
4374
5021
6534
7777
6567
3974
2150
750
-1016
-3129
-4201
-3923
-4317
-5282
-4518
-1814
307
552
822
2632
4934
5885
6022
6936
8215
8090
6666
5231
3910
3031
1469
-1526
-3183
-3492
-3946
-3600
-2728
-1572
322
1585
2057
2896
3678
3445
2597
1790
1071
758
85
-1114
-1309
-1357
-2353
-3462
-4053
-4219
-4302
-4296
-4072
-3523
-1959
-880
-651
119
-182
-1208
-1963
-3639
-4664
-5194
-6233
-6453
-6221
-5955
-5178
-4000
-3012
-1790
1694
6017
8380
8459
7091
7586
8965
6665
3188
1197
2
-1085
-3404
-5182
-4146
-2728
-3279
-4722
-4916
-3684
-2245
-1939
-1969
-202
2114
3134
4082
5363
6837
7620
6166
3984
2690
1470
-496
-2808
-4069
-4313
-4731
-5230
-4227
-1821
-235
-35
507
2217
4095
5245
5676
6413
7380
7288
6739
6135
4838
3969
2459
-972
-2628
-2650
-3748
-3849
-2879
-1935
-110
1323
1611
2608
3599
2924
2021
1218
228
170
-122
-1315
-1300
-1090
-2190
-2836
-3144
-3843
-3998
-4248
-4582
-3705
-2580
-2052
-1215
-872
-1205
-1461
-2231
-3179
-3849
-5098
-6386
-6798
-6807
-6490
-5494
-4191
-3075
-1090
3090
7071
8657
8063
7019
7630
7504
4507
1584
80
-978
-2169
-3741
-4404
-3204
-2416
-3478
-4642
-4550
-3767
-2867
-2647
-2235
-201
1748
2894
4401
6049
7478
7661
5932
3942
2847
1443
-914
-3047
-4047
-4363
-4750
-4830
-3554
-1571
-722
-613
397
2091
3684
4515
5019
6132
6865
6861
6929
6205
5268
4402
1817
-556
-1358
-2631
-3573
-3478
-3185
-1969
-367
238
1042
2351
2631
2133
1405
465
250
441
-379
-977
-564
-790
-1482
-1901
-2553
-3194
-3538
-4086
-4120
-3214
-2746
-2543
-1801
-1777
-2365
-2562
-3232
-4250
-5099
-6340
-6815
-6601
-6232
-5132
-3623
-2256
-438
3249
7469
9462
8923
7352
7419
7838
5169
1749
63
-1039
-2098
-3613
-4328
-3054
-2215
-3200
-4464
-4538
-3744
-3033
-2838
-2621
-1035
857
2054
3763
5820
7274
7560
6264
4713
3764
2369
160
-2164
-3631
-4189
-4664
-4684
-3553
-1916
-1131
-942
240
2025
3165
3833
4400
5244
6149
6179
6541
6720
5375
4619
3013
214
-423
-1366
-3327
-3540
-3551
-3126
-1397
-612
-19
1441
1936
1634
1518
871
306
611
28
-887
-492
-393
-954
-1108
-1552
-2571
-3060
-3525
-4273
-3800
-3617
-3942
-3468
-3561
-3905
-3921
-4597
-5397
-5992
-6537
-6958
-6620
-5603
-5027
-3721
-1221
2307
6786
9563
9876
9421
9371
9314
7115
3575
869
-1008
-2681
-4340
-4842
-3786
-3019
-3303
-4023
-4237
-3451
-2952
-3300
-3380
-2443
-887
598
2492
4830
6899
7845
7467
6986
6451
4899
2482
-234
-2502
-3866
-5105
-5806
-4868
-3307
-2404
-1780
-435
1612
3016
3294
3492
4316
4938
5013
5383
5726
5678
5498
4405
3083
2332
1043
-403
-1827
-2991
-2943
-2651
-2385
-1513
-384
426
851
1093
1256
1204
728
-83
-652
-609
-718
-1128
-1205
-1185
-1399
-1984
-2683
-2939
-2958
-3522
-4197
-4227
-4263
-4381
-4585
-5001
-5239
-5760
-6215
-6457
-6515
-5845
-5378
-4478
-2510
-45
4298
8240
9350
9440
9452
10047
9492
6231
3019
790
-1305
-3332
-4603
-4481
-3768
-3552
-4116
-4395
-3533
-2871
-3003
-3226
-3225
-2347
-1080
369
2670
4719
6091
6958
7375
7656
7201
5586
3111
523
-1508
-3296
-4767
-5208
-4688
-3905
-3225
-2034
-8
1593
2484
2938
3130
3663
4107
4528
4803
4481
4762
4884
4008
3629
3128
1818
648
-744
-1741
-1892
-2261
-2507
-2067
-1477
-859
-222
65
283
546
2
-796
-990
-1060
-1306
-1578
-1690
-1639
-1884
-2121
-2146
-2443
-2713
-3323
-4055
-4302
-4975
-5400
-5499
-6181
-6498
-6534
-7129
-6810
-5777
-5166
-3601
-1184
1862
5873
8412
8988
9832
10832
10500
8798
6056
3398
1701
-481
-2860
-3525
-3580
-3898
-4128
-4706
-4587
-3753
-4073
-4680
-4511
-3905
-2879
-1516
230
2500
4627
5936
7003
8096
8465
7772
6233
4393
2580
542
-1507
-2755
-3345
-3712
-4005
-3366
-1570
-279
520
1363
1959
2834
3186
2892
3367
3685
3503
3893
3879
3733
4135
3631
2599
2096
1419
529
-200
-1245
-1910
-1780
-1901
-1699
-1020
-683
-476
-364
-605
-991
-1477
-2253
-2781
-2745
-2914
-3257
-3034
-2616
-2365
-2538
-3089
-3096
-3118
-3819
-4487
-5154
-5794
-6306
-7333
-7781
-7050
-6470
-5283
-2547
996
4471
6393
7422
9315
10891
10427
8677
6814
5009
3421
1623
82
-311
-849
-1912
-2630
-3010
-3068
-3429
-4751
-5843
-6081
-6079
-5591
-4337
-2490
-277
1912
3888
5977
7964
8778
8464
7576
6472
5245
3522
1792
728
-107
-859
-1169
-790
-81
61
24
218
134
292
373
105
449
954
1299
2067
2790
3413
4022
3872
3542
3559
3072
2256
1549
785
199
44
-233
-438
-362
-468
-593
-737
-1084
-1691
-2411
-3139
-3934
-4416
-4817
-5042
-4525
-4258
-4243
-3740
-3517
-3209
-2864
-3618
-4195
-4135
-4800
-5445
-5817
-6129
-5196
-4060
-2647
922
3816
4816
6107
7428
8577
8746
7060
5483
4634
3235
1856
1181
759
762
493
-451
-786
-823
-1850
-3336
-4815
-5925
-6192
-6278
-5722
-4247
-2700
-845
1254
3369
5513
6879
7077
6747
6296
5579
4379
3046
2244
1745
1083
633
829
1272
1528
1285
560
357
264
-106
-545
-1056
-640
-107
4
1105
2232
2696
3252
3441
3434
3589
3023
2182
1665
916
499
520
273
388
588
156
-74
-428
-1130
-1793
-2618
-3228
-4188
-4832
-4692
-4859
-4800
-4682
-4851
-4667
-4617
-4739
-4843
-5218
-5749
-6120
-6398
-6521
-5872
-4718
-3372
-620
2770
5114
6268
7015
8483
9489
8444
6533
4932
3824
2817
1659
970
1119
1318
894
146
-78
-160
-1175
-3089
-4911
-5894
-6558
-6953
-6489
-5272
-3541
-1649
514
2956
4999
6192
6449
6364
6339
5751
4621
3872
3530
3155
2840
2870
3300
3504
3119
2328
1568
658
-277
-1122
-2369
-2893
-2454
-2258
-1646
-372
734
1719
2489
2938
3597
3851
3360
3020
2724
2336
2288
2123
1886
1958
1727
1125
684
117
-960
-2256
-3265
-4224
-5183
-5839
-6166
-6015
-5857
-5819
-5561
-5413
-5285
-5492
-5916
-5975
-6522
-6788
-6514
-6623
-5524
-3793
-1692
1847
4594
6071
7481
8922
9995
9582
7898
5965
4523
3161
1603
946
732
623
710
144
-29
218
-692
-2281
-4001
-5284
-5914
-6589
-6540
-5714
-4468
-2922
-1220
1030
3204
4586
5203
5326
5455
5347
4553
3739
3524
3434
3115
3204
3853
4506
4664
4066
3396
2675
1672
451
-1282
-2437
-2832
-3331
-3234
-2539
-1581
-528
308
1023
1869
2533
2594
2376
2165
2033
2253
2498
2541
2990
3280
3075
2852
2281
1408
199
-1345
-2924
-4237
-5196
-6056
-6513
-6650
-6660
-6616
-6812
-6774
-6438
-6304
-6727
-7195
-7508
-7744
-7438
-6638
-5503
-3308
-56
3108
5117
6208
8016
9982
10145
8750
7184
6276
5379
3779
2276
1737
1813
1405
384
-37
334
-53
-1943
-3889
-4871
-5589
-6685
-7465
-7118
-5852
-4551
-3254
-1231
1365
3462
4232
4485
5110
5410
4758
3737
3490
3734
3640
3538
4146
5206
5908
5748
5009
4334
3553
2190
96
-1772
-2492
-3057
-3689
-3572
-2715
-1739
-1060
-554
27
689
1108
952
672
893
1337
1731
2061
2610
3433
3846
3819
3622
3214
2406
1223
-178
-1818
-3036
-4033
-5370
-6255
-6644
-6865
-7226
-7701
-7711
-7704
-7963
-8449
-8865
-8749
-8441
-7829
-6805
-4732
-1095
2042
3735
5175
7351
9716
9962
8718
7642
6912
6206
4584
3217
3286
3643
3272
2091
1510
1806
1073
-1294
-3778
-5124
-6144
-7622
-8545
-8278
-6926
-5558
-4562
-2725
-245
1760
2452
2456
3178
3835
3712
3300
3432
4254
4705
4850
5377
6243
7034
6910
5800
4873
4170
3009
1290
-478
-1458
-2117
-2963
-3419
-3138
-2567
-2169
-2032
-1843
-1257
-683
-574
-682
-444
215
699
1062
1773
2716
3422
3569
3423
3322
2943
2189
978
-341
-1206
-2080
-3183
-4014
-4493
-4966
-5821
-6783
-7549
-7976
-8493
-9285
-9901
-10539
-10520
-9812
-8982
-7037
-4082
-876
1808
3319
5068
7456
8694
8426
7336
6712
6783
6186
5114
4624
5088
5362
4365
3195
2862
2549
958
-1513
-3658
-4962
-6021
-7466
-8260
-7813
-6904
-5974
-5025
-3534
-1490
-149
276
713
1332
1920
2086
2226
2999
4074
5105
5937
6898
8117
8766
8412
7473
6511
5422
3892
2024
504
-550
-1454
-2148
-2526
-2593
-2522
-2668
-3003
-3117
-2990
-2850
-2770
-2479
-1718
-874
-48
850
1819
2752
3248
3379
3350
3175
2855
2154
1228
386
-319
-1112
-1964
-2689
-3408
-4316
-5491
-6653
-7506
-8218
-8894
-9877
-10798
-10850
-10421
-9604
-7843
-5062
-2051
-69
1265
3309
5819
7151
6887
6378
6666
7179
6862
6199
6435
7357
7584
6425
5204
4814
4045
1941
-670
-2603
-3825
-5183
-6533
-6869
-6371
-5851
-5708
-5475
-4455
-3348
-2949
-2978
-2631
-1816
-1026
-247
854
2479
4168
5504
6414
7548
8830
9088
8691
8132
7643
6817
5372
4209
3351
2394
1275
14
-985
-1785
-2562
-3360
-4180
-4530
-4501
-4558
-4345
-3628
-2773
-2126
-1340
-414
459
1183
1604
1923
2043
2158
2175
1915
1754
1572
1175
516
-333
-1276
-2286
-3528
-4741
-6095
-7425
-8371
-9097
-9556
-10089
-10336
-9935
-9242
-7719
-5449
-3258
-1743
-711
1077
3336
4513
4518
4704
5933
7060
7018
6548
6968
8053
8294
7140
5774
5147
4457
2605
550
-604
-1480
-2910
-4523
-4931
-4412
-4339
-4853
-5295
-4905
-4279
-4288
-4526
-4231
-3243
-2273
-1625
-694
833
2629
4193
5443
6444
7309
7859
8011
7981
7984
7817
7135
6210
5538
4912
3899
2461
882
-493
-1631
-2706
-3737
-4563
-4845
-4651
-4280
-3889
-3413
-2785
-2200
-1713
-1253
-779
-329
182
670
1145
1774
2229
2188
1916
1730
1351
510
-645
-1780
-2660
-3554
-4601
-5802
-6967
-7577
-8006
-8682
-9570
-9789
-9024
-7721
-5886
-3931
-2477
-1404
177
2146
3253
3252
3401
4517
5753
6109
5994
6454
7415
7975
7348
6300
5656
4845
3204
1306
350
-146
-1245
-2575
-3024
-2598
-2553
-3309
-4140
-4270
-4016
-4081
-4419
-4432
-3794
-2835
-1890
-806
440
1555
2509
3563
4410
4798
5079
5602
6201
6776
7289
7536
7353
6862
6358
5580
4358
2664
987
-206
-1149
-1968
-2788
-3291
-3247
-3063
-3185
-3424
-3489
-3440
-3355
-3210
-2810
-2202
-1623
-1003
-234
680
1283
1400
1208
1036
984
477
-542
-1547
-2227
-2694
-3411
-4333
-5089
-5619
-6195
-6972
-7613
-7790
-7713
-7211
-5919
-4144
-2834
-2290
-1174
953
2577
2545
1959
2905
4673
5226
4700
4782
6002
6845
6253
5346
5283
5134
3812
2080
1397
1380
530
-943
-1700
-1445
-1348
-1934
-2624
-2869
-2912
-3022
-3043
-2993
-2933
-2634
-1717
-542
204
754
1517
2452
3015
3267
3683
4221
4556
4661
5037
5765
6195
5907
5401
5154
4859
4077
2711
1439
794
446
-12
-646
-1189
-1427
-1526
-1802
-2323
-2859
-3127
-3377
-3608
-3419
-2899
-2364
-1941
-1370
-547
37
170
82
-63
-265
-595
-1040
-1469
-1934
-2399
-2917
-3548
-4145
-4756
-5417
-6243
-6679
-6455
-5801
-4892
-3859
-2780
-1786
-618
629
1386
1405
1125
1686
3003
4003
4200
4343
5221
6194
6168
5240
4410
3911
3135
2077
1392
1220
807
183
62
298
105
-707
-1547
-2046
-2466
-2858
-2853
-2497
-2128
-1699
-821
477
1279
1325
1309
1840
2514
2580
2334
2503
3091
3656
4112
4553
4738
4383
3814
3417
2938
2096
1147
648
667
830
856
800
670
421
199
-115
-674
-1556
-2375
-2576
-2338
-2197
-2277
-1939
-1472
-1049
-632
-554
-790
-1218
-1308
-1368
-1395
-1493
-1551
-1311
-1142
-1268
-1845
-2447
-3077
-3845
-4711
-5358
-5520
-5284
-4698
-3908
-2975
-2165
-1493
-609
127
357
144
206
916
1766
2232
2566
3333
4337
4920
4810
4497
4168
3589
2834
2222
1981
1764
1438
1309
1480
1503
1057
441
-13
-412
-942
-1308
-1213
-916
-640
-321
321
1012
1214
1073
1111
1472
1667
1508
1462
1855
2373
2705
2841
2787
2621
2202
1762
1286
655
-31
-369
-405
-373
-510
-594
-520
-506
-510
-505
-513
-290
-124
-53
192
-124
7
-37
399
369
-86
-205
-277
-338
-790
-1033
-1023
-1189
-1338
-1663
-1773
-1509
-1663
-2070
-2352
-2713
-2931
-3281
-3844
-4232
-4303
-4040
-3617
-3060
-2737
-2354
-1776
-1049
-588
-470
-459
-249
296
911
1422
1711
2063
2568
3135
3531
3522
3271
3004
2820
2602
2371
2101
1738
1480
1438
1484
1321
966
672
578
614
583
526
615
732
910
1156
1383
1519
1477
1479
1606
1736
1823
1766
1664
1682
1589
1515
1350
1004
633
84
-188
-305
-655
-930
-863
-849
-624
-699
-624
-679
-764
-669
-613
-242
-101
275
440
1011
1496
1529
1186
1215
1041
631
356
132
-548
-751
-739
-921
-1061
-1517
-1696
-1679
-1909
-2427
-2918
-3095
-3150
-3242
-3434
-3328
-3097
-2762
-2471
-2158
-1884
-1657
-1438
-1230
-1005
-937
-840
-694
-325
138
509
890
1166
1554
1956
2234
2223
2139
2045
2061
2110
2040
1950
1777
1729
1713
1649
1514
1196
966
864
890
855
846
863
982
1199
1480
1637
1683
1643
1784
1794
1771
1780
1564
1535
1489
1379
998
537
364
-26
-340
-427
-588
-775
-1082
-1020
-1057
-930
-938
-1126
-1108
-1057
-727
-614
-592
-168
128
433
871
1065
1131
1066
1013
1255
1065
705
238
-10
-121
-269
-660
-1071
-1508
-1795
-1821
-2155
-2592
-3066
-3198
-3080
-2957
-2883
-2832
-2515
-2202
-1805
-1513
-1370
-1308
-1339
-1286
-1166
-1008
-979
-944
-888
-638
-230
87
192
228
493
791
1000
970
1009
1116
1226
1404
1598
1877
1852
1747
1803
2003
1915
1517
1188
1096
1095
982
1054
1165
1246
1208
1446
1840
1824
1668
1511
1709
1923
1728
1265
999
947
724
515
169
-170
-389
-618
-589
-513
-735
-939
-935
-1015
-1129
-1145
-1086
-984
-898
-391
-172
-160
212
448
708
841
825
668
809
839
852
885
989
568
245
237
225
-395
-1090
-1608
-1883
-2109
-2291
-2495
-2743
-2668
-2489
-2274
-2213
-2295
-2219
-1956
-1671
-1528
-1499
-1417
-1114
-997
-1066
-1192
-1136
-960
-979
-1096
-1193
-962
-662
-602
-672
-547
-189
77
220
226
460
763
1028
1234
1479
1726
1756
1780
1813
1836
1661
1467
1462
1550
1493
1225
1240
1290
1441
1511
1478
1573
1515
1432
1235
1380
1019
776
519
272
382
-159
-454
-307
-456
-553
-609
-595
-695
-817
-652
-758
-879
-841
-546
-699
-189
29
191
500
619
668
736
966
691
914
836
865
778
544
719
391
81
-362
-678
-742
-1042
-1549
-1980
-1942
-1886
-2038
-2360
-2211
-1998
-1839
-1746
-1808
-1703
-1725
-1666
-1524
-1475
-1569
-1551
-1425
-1316
-1429
-1620
-1691
-1728
-1719
-1711
-1846
-1915
-1725
-1410
-1153
-1095
-1002
-617
-191
52
228
573
1013
1255
1465
1839
2127
2137
1976
1913
1941
1888
1676
1470
1427
1471
1579
1584
1291
1241
1075
861
735
491
175
-10
237
-20
-137
-33
10
-109
-428
-230
-211
-399
-270
-501
-487
-184
-340
-182
-302
51
149
310
496
473
876
1400
931
879
1067
1144
903
730
672
707
485
444
-35
-165
32
-560
-684
-1002
-1151
-1415
-1330
-1499
-1572
-1510
-1255
-1229
-1395
-1357
-1264
-1221
-1287
-1360
-1661
-1511
-1400
-1575
-1716
-1712
-1740
-1849
-1915
-2004
-2075
-2114
-2119
-2025
-2013
-1993
-1885
-1605
-1152
-769
-468
-100
303
818
1159
1367
1528
1610
1789
1904
1959
2036
1977
1924
1957
2037
1961
1662
1397
1214
1008
838
472
292
314
39
142
262
274
112
112
210
564
82
-291
56
7
-124
-265
200
11
64
6
614
893
742
602
520
1187
826
769
999
1193
1119
925
941
1296
904
623
406
610
248
-315
-336
154
-74
-490
-567
-422
-608
-961
-879
-998
-944
-1146
-705
-744
-978
-1096
-1111
-1144
-1347
-1547
-1700
-1686
-1832
-1887
-1660
-1896
-2022
-2393
-2302
-2304
-2787
-2778
-2669
-2247
-2240
-2180
-1744
-1217
-822
-842
-551
-189
244
329
507
744
971
1324
1421
1650
1741
1941
2012
1945
1761
1462
1256
1018
891
599
453
237
203
508
492
467
280
496
369
232
285
63
274
367
277
460
577
531
508
849
821
748
944
933
1130
1513
957
1237
1310
886
1245
1019
1100
1082
1314
959
262
1243
1159
185
-30
-31
524
165
-183
-163
115
185
-62
-204
-65
-592
-1071
-564
-664
-1067
-1538
-1283
-934
-1253
-1496
-1261
-1306
-1755
-1734
-1579
-1801
-2158
-2417
-2267
-1793
-2208
-2407
-2249
-2013
-1881
-1979
-1837
-1784
-1622
-1418
-1138
-894
-909
-779
-360
32
157
129
489
860
896
942
1217
1387
1369
1101
1103
1359
1358
1150
869
995
1006
998
731
495
470
490
257
173
322
68
230
622
837
634
533
783
1012
929
582
1036
1303
887
1195
1653
1701
1683
1528
1712
1444
1702
1286
1340
1322
1263
1389
1057
1298
680
984
750
483
203
522
815
-4
207
52
280
-28
-263
145
-764
-584
-723
-544
-949
-1130
-923
-981
-607
-1464
-1658
-1235
-1170
-1739
-2315
-1787
-1659
-2060
-2283
-1594
-1563
-2083
-2120
-1961
-1552
-2083
-2319
-2349
-1923
-1483
-1572
-1543
-1419
-674
-410
-410
-345
-278
135
230
428
220
455
952
1195
1328
1114
1461
1355
1306
1024
978
1076
748
483
352
651
619
279
247
239
607
606
288
460
903
1046
657
818
1272
1738
908
1168
1399
1478
1659
1468
1916
1749
2074
2231
1913
1299
1165
1716
1708
910
836
1813
1296
1246
1481
1098
791
454
301
1050
-161
402
95
256
-279
7
538
-743
-240
-530
-1
-414
-1192
-510
-914
-1030
-1308
-1231
-2030
-1726
-1063
-1716
-1780
-1717
-1142
-1744
-1667
-1985
-2331
-1576
-2434
-2145
-2156
-1778
-1470
-2141
-1491
-1294
-1276
-1509
-900
-587
-884
-360
-435
352
67
145
480
676
1033
557
1008
931
1040
827
768
955
705
679
257
766
650
309
378
384
889
562
565
578
770
1224
759
1137
1126
1011
1331
1093
1497
1538
1570
1780
1814
1515
1911
1916
1592
1751
1929
1612
1442
1749
1421
1291
1621
1774
1187
1375
1324
822
621
695
1186
413
-309
1048
574
799
-66
476
230
-734
-382
-282
-1032
-955
-1375
-1086
-820
-2079
-405
-1545
-1993
-1267
-1545
-1842
-2285
-1466
-2129
-1960
-1759
-2382
-1626
-2119
-1266
-1919
-1663
-1683
-2027
-933
-1439
-1236
-1804
-752
-684
-1012
-670
-855
-135
-502
-113
-63
106
369
95
685
502
796
438
465
531
347
1000
551
830
859
1072
1149
786
928
799
877
671
902
895
1007
907
942
995
1162
1437
1130
1015
1710
1569
1367
1587
1473
1627
1921
1745
1478
1636
1794
1229
1470
1945
1740
825
936
1562
1423
1064
586
1107
1136
1920
114
45
975
928
-151
-697
52
669
-1182
-1645
-384
-1419
-122
-2007
-2016
-558
-2195
-1295
-2335
-2203
-2306
-2760
-1095
-2205
-2261
-1715
-575
-1634
-2237
-1034
-1148
-1641
-2067
-1557
-922
-1680
-1634
-1298
-531
-1120
-1390
-897
-774
-611
-756
-437
-497
-290
316
299
55
-66
758
993
774
589
1042
1603
1086
918
1238
1658
1216
1077
1560
1419
1030
805
1161
1275
612
728
1017
1341
902
627
1275
1690
1274
1039
1971
1314
1569
1550
1763
2187
1257
1640
2024
1185
1685
1524
1480
1157
1127
1539
1868
1196
881
1219
1851
750
-378
651
700
-123
-81
-101
234
-1142
-1085
-908
-996
-1761
-2007
-1397
-1786
-2327
-1991
-1679
-2188
-1380
-1644
-2536
-2393
-1092
-981
-2892
-1800
415
-1441
-2551
-2092
-1075
-1341
-2523
-1850
-1501
-1715
-2451
-1703
-1023
-1559
-2034
-1352
-761
-1469
-1372
-336
172
-367
-404
988
1704
960
637
1481
2123
1453
1101
1735
2046
1564
1304
1773
1911
1428
967
1032
1092
768
316
300
464
249
497
1081
1050
887
865
1523
1785
1314
1231
1160
1969
1717
1416
1701
1595
1906
1892
1837
1490
1605
690
1369
1730
892
861
877
1584
737
188
648
381
-152
-278
510
-474
-629
-1218
-1412
49
-2127
-2008
-1992
-1584
-1869
-2884
-1312
-2257
-2651
-2052
-2582
-1872
-1809
-2337
-2619
-1832
-1926
-2210
-1757
-2395
-2672
-2389
-1391
-2393
-3189
-2196
-1646
-1775
-2097
-1583
-1321
-1438
-1012
-315
241
-372
-410
757
1799
1688
1065
1699
2501
2487
2048
2184
2512
2169
1767
1818
2274
1767
832
552
922
1098
75
-303
-244
17
217
183
238
550
786
886
1277
1771
1544
1050
1247
2436
2309
1574
1625
1984
2791
2257
1894
2033
1608
1289
933
1006
1217
179
148
313
666
-207
814
210
-860
123
419
-146
-1145
-2002
-1442
-407
-1147
-2494
-2026
-808
-1742
-2615
-2175
-2269
-2116
-2391
-2714
-2200
-2596
-2922
-3185
-2892
-2902
-3570
-2821
-2749
-3287
-3584
-2771
-1903
-2850
-2539
-1652
-1159
-1872
-2029
-507
-27
-707
-1007
769
2217
1554
999
2130
3648
3031
2204
2722
3563
3219
2169
2676
3317
2782
1620
1126
1490
1096
-127
-802
-599
-454
-803
-844
-631
-528
-306
-188
256
604
354
486
1339
1677
1796
1902
2327
2768
2571
2554
2438
2632
2223
2232
2302
1538
1408
1118
1160
276
-28
289
-236
-466
-905
-888
-55
-782
-886
-497
-1374
-1202
-795
-1958
-2196
-1356
-1566
-1706
-2762
-2601
-1899
-2325
-3004
-3447
-3008
-2909
-4083
-4044
-3822
-4069
-4041
-3748
-3411
-3471
-3039
-2185
-1871
-1784
-1773
-1263
-444
-108
-237
-363
372
1454
1991
2112
2004
2616
3416
3379
2925
2974
3440
3023
2430
2605
3234
2840
1424
1091
1589
1651
60
-1088
-527
-330
-875
-1619
-1241
-505
-991
-1196
-489
222
248
12
518
1664
2120
1790
1761
2258
2487
2818
3042
3354
2944
2820
2915
2551
2353
1395
1326
359
533
1041
-149
-1349
-709
-467
-1574
-781
-1807
-2025
-1170
-1875
-1371
-1852
-1861
-2000
-1862
-1908
-2416
-1213
-1997
-3027
-2546
-2221
-2593
-4135
-4013
-3214
-3795
-4328
-4662
-4367
-4325
-4240
-3161
-2131
-1650
-2064
-1630
-261
855
570
-334
7
1700
3073
2893
2375
3057
4239
4256
3464
3359
3719
2998
1950
2234
3200
2752
922
448
1422
1451
-112
-1585
-1391
-917
-1383
-1757
-1047
-593
-1144
-1009
-58
630
278
-43
663
1790
2464
2350
2391
2747
3084
3227
3146
2906
2724
2495
2514
2360
2708
2011
1160
1176
1089
1022
-7
-799
-739
-658
-772
-1257
-2080
-1206
-1432
-1883
-2200
-1919
-2215
-2712
-1879
-1732
-2164
-2606
-2997
-2869
-3568
-3085
-3382
-4077
-3952
-4568
-4051
-4300
-4569
-4449
-3651
-2588
-2332
-2214
-1898
-1402
-265
382
372
-140
426
2522
3689
3334
2798
3670
4947
4543
3582
3437
3683
2999
2065
2434
3045
2207
514
170
756
339
-1304
-2516
-2279
-1900
-1935
-2020
-1575
-944
-1017
-771
157
940
782
510
1348
2740
3639
3538
3458
3992
4323
4175
3793
3514
2872
2278
2272
2457
1951
674
349
278
21
-212
-1199
-1561
-1522
-1747
-1276
-1296
-1801
-1979
-1747
-1601
-1868
-1829
-1942
-2371
-2082
-1856
-2417
-2493
-2849
-3166
-3208
-3839
-4298
-4731
-5111
-5104
-5191
-4863
-4196
-2604
-683
-771
-1950
-1967
609
2279
341
-1498
219
3889
4592
2886
3117
5178
5661
3575
2882
4093
3874
1491
417
2504
3645
1694
-732
-592
673
-389
-2495
-3188
-2566
-2423
-2820
-2070
-888
-912
-1494
-895
461
947
665
922
2090
3235
3958
4444
4868
4880
4432
4413
4604
4205
3286
2508
2403
2636
2461
1193
-67
-351
-405
-836
-1939
-2514
-2729
-2470
-1929
-2555
-1955
-2081
-2634
-2295
-2088
-1770
-1890
-2663
-2591
-1535
-1120
-2159
-3078
-2797
-2829
-3280
-4382
-5151
-5104
-5445
-5526
-4888
-2983
-1394
-2101
-3200
-2253
937
1805
-638
-1750
931
4701
4744
3456
4300
6373
6484
4646
4601
5314
4345
1913
1484
3614
3855
1595
-731
-396
364
-1059
-3177
-4405
-4049
-4113
-4171
-3307
-2467
-2294
-2690
-1513
510
1297
627
598
2848
4692
5022
5051
5606
6300
5973
5647
5733
5385
4050
2768
3032
3369
2305
367
-625
-498
-811
-1819
-2842
-3139
-2817
-2827
-3192
-2724
-2384
-3168
-3454
-2376
-1478
-1481
-2138
-2155
-991
-609
-1366
-2142
-2106
-1579
-2407
-3684
-4193
-4149
-4434
-5522
-6081
-6227
-5920
-4857
-2718
-881
-1436
-2293
-576
2531
2754
221
34
2892
5289
4964
4706
6515
7685
6604
5012
5557
5875
3621
832
729
2636
2347
45
-1476
-1191
-1019
-2548
-4077
-4681
-4803
-5271
-5023
-3287
-1951
-2000
-2028
-76
2056
2458
2486
3329
4762
5474
6316
7380
7668
6957
6058
6481
6670
5102
2874
1774
1952
1467
220
-1140
-1928
-2218
-2737
-3221
-3697
-3905
-4271
-4528
-3701
-2940
-2798
-3178
-2966
-1830
-950
-1056
-1718
-1689
-974
-350
-778
-1685
-2246
-2871
-3836
-4939
-5203
-5577
-6906
-8207
-7759
-4869
-1664
-893
-2555
-2928
-38
2963
2516
-313
-547
2773
5779
6183
6057
7538
8297
6992
5826
6141
5739
2697
-196
289
2551
2569
-70
-2147
-2050
-1653
-3009
-4952
-6059
-6344
-6104
-5058
-2914
-1406
-1023
-669
973
3072
3701
3656
4052
5275
6333
7402
8634
8815
7922
6722
6761
6746
5030
2418
658
770
777
-166
-1550
-2403
-2604
-3127
-3519
-3869
-4201
-4741
-4940
-3799
-2347
-1814
-2269
-2207
-949
-23
-270
-1217
-1532
-850
-712
-1349
-1881
-2039
-2878
-4864
-6027
-5938
-6226
-8203
-10150
-9221
-5803
-2060
-872
-1915
-1920
594
3781
3632
1134
280
2964
6356
7342
7604
8598
9252
7932
6284
6096
5260
2227
-1317
-1732
409
1167
-834
-3452
-3783
-3106
-3829
-5686
-7069
-7245
-6841
-5602
-3317
-1204
-392
-258
1168
3497
5110
5259
5050
5990
7610
9253
10062
9900
8775
7375
7017
6512
4751
1754
-475
-657
-323
-682
-2167
-3074
-3234
-3460
-3609
-3878
-4081
-4760
-4854
-3400
-1643
-723
-1281
-1421
-346
745
490
-857
-1273
-824
-592
-1360
-2122
-2285
-2906
-4588
-6455
-7025
-7673
-9359
-11286
-11827
-9827
-5852
-1529
-98
-1451
-1126
3000
6555
4611
501
940
5951
9314
8900
8949
10885
11416
8739
6110
5590
4078
-389
-4403
-3617
-432
-396
-3911
-6112
-5006
-4210
-6175
-8661
-9021
-8123
-7317
-5362
-1941
877
1612
1871
3706
6124
7143
6692
6492
7284
8790
10451
11618
11068
8666
6819
6439
5830
2814
-1180
-3024
-2487
-1688
-2470
-3434
-3526
-3484
-3748
-3833
-3104
-3106
-3975
-3912
-1644
1253
1867
906
764
2176
3181
1802
-299
-1207
-1148
-1693
-2768
-2802
-2936
-4476
-6732
-8167
-8446
-9607
-12080
-14241
-14382
-12270
-8117
-2640
874
603
248
3808
8482
8209
3607
1754
5875
10848
11717
10678
11432
12445
10226
6396
4448
2989
-1263
-6688
-7534
-4011
-2296
-5019
-8213
-7642
-5730
-6457
-8904
-9909
-8825
-7400
-5282
-1429
2442
4148
4371
5698
8113
9367
8573
7205
7343
8692
10333
11502
11243
9219
6670
5585
4686
1913
-2188
-5100
-4840
-3494
-3053
-3497
-3632
-3146
-3089
-2959
-2628
-2522
-2959
-3050
-1025
2044
3709
3228
2475
3421
4347
3367
890
-898
-1288
-1728
-2708
-3455
-3943
-5177
-7229
-8853
-9354
-10656
-13413
-15710
-15524
-13666
-11879
-8057
-1755
2818
2843
2079
5943
10740
9774
4431
3259
9034
13779
12924
10601
11631
12980
9502
3934
1043
-182
-4191
-9583
-10233
-6441
-4534
-7418
-10224
-8798
-6258
-6871
-9336
-9465
-7067
-4486
-2003
1590
5604
7666
7955
8727
10352
10687
8788
7164
7604
8818
9409
9398
8947
7207
4598
2553
949
-1515
-4843
-6542
-5653
-3862
-3135
-3106
-2350
-1395
-1094
-1268
-1128
-572
-540
-386
1164
3590
4863
4171
3412
3931
4198
2251
-565
-1870
-1908
-2726
-4322
-5100
-5240
-6084
-8060
-9786
-10651
-11707
-13676
-15327
-14668
-12845
-11552
-8894
-2325
5020
6720
3841
4243
9965
13043
8499
3344
5829
12201
13706
10498
9288
10707
8844
2590
-2028
-2384
-3740
-9268
-13260
-10483
-5446
-5407
-9280
-10443
-7368
-5151
-6396
-7468
-5643
-2543
-177
2626
6848
10000
10309
9364
9861
11068
10399
7906
5832
5640
6809
7712
7026
5023
2574
677
-381
-1585
-3883
-6371
-6598
-4624
-2497
-1552
-1195
-445
227
454
791
1522
1617
698
851
2997
5114
4947
3263
2514
3005
2668
136
-2663
-3737
-4022
-5096
-6474
-6606
-6618
-8108
-10345
-11351
-11337
-12326
-14097
-14501
-12888
-10714
-7611
-1709
5347
8396
6623
6222
10394
13717
10335
4444
4470
9743
12518
10036
7662
8245
7227
1864
-3387
-4655
-5629
-10271
-14551
-12698
-7261
-5342
-7898
-9282
-6416
-3207
-3429
-4808
-3767
-933
1411
3869
7667
11059
11573
10189
9784
10500
9826
6918
3899
2969
3819
5019
5112
3624
1359
-355
-925
-1705
-3541
-5583
-6003
-4302
-2047
-243
736
1363
1625
1730
2282
2797
2484
1112
763
2600
4672
4793
3076
2057
2146
1553
-643
-3048
-4043
-4709
-5835
-6731
-6437
-6140
-7580
-9665
-10732
-10602
-11178
-12708
-13482
-12604
-10804
-8560
-3841
3608
9076
8683
6267
8490
13393
12861
6203
2267
6070
11217
10682
7249
6684
7426
3956
-2522
-5714
-5777
-8303
-13782
-15352
-10239
-5080
-5522
-8594
-7646
-3177
-1098
-2792
-3785
-1386
1835
3933
6450
10217
12681
11874
9993
9792
10275
8217
4134
1633
2167
3915
4551
3501
1643
-75
-1123
-1796
-2958
-4802
-6124
-5335
-2765
-215
1272
1821
2150
2535
2996
3377
3093
1895
956
1770
3914
5136
4236
2494
1906
2003
697
-1978
-4134
-5040
-5620
-6565
-6817
-6271
-6810
-8684
-10218
-9947
-9946
-11673
-12911
-12158
-9980
-8466
-6294
-774
6145
9701
8441
7618
10557
12810
9915
4681
3918
7477
9455
7878
6254
6562
5376
653
-4176
-5996
-7029
-10444
-13869
-12840
-8310
-5406
-6098
-6780
-4657
-1921
-1519
-2457
-1766
472
2605
4660
7579
10771
11893
10787
9392
8856
8041
5670
3217
1978
2282
3364
3644
2791
1177
-300
-1521
-2550
-3488
-4499
-4557
-3548
-1875
9
1421
2211
2253
2197
2530
2935
2779
1770
1432
2633
4135
4359
3272
2544
2427
1544
-323
-2295
-3412
-4286
-5533
-6351
-6203
-6215
-7626
-9651
-10364
-10079
-10618
-11959
-12594
-11687
-9888
-7759
-4050
1876
7435
9066
7725
8363
11768
12856
8825
4288
4920
8917
10271
7800
5564
5177
3566
-900
-5111
-6856
-8452
-11882
-14166
-11891
-7269
-5366
-6771
-6969
-3843
-746
-718
-1913
-921
1951
4514
6558
9236
11752
11971
10213
9012
9148
8008
4509
1286
904
2462
3068
2127
783
-250
-1148
-2028
-2831
-3814
-4747
-4846
-3325
-770
1280
2105
2208
2615
3325
3826
3619
2647
1812
2110
3489
4615
4326
3199
2400
2095
1185
-748
-2623
-3816
-4783
-5836
-6234
-6090
-6424
-7756
-9071
-9279
-9275
-10091
-11532
-11736
-10297
-8855
-7541
-4322
2102
7906
8949
7298
7999
11627
12194
7725
3894
5315
8975
8978
6394
5577
5942
3583
-1899
-5583
-6111
-7517
-11503
-13885
-11003
-6445
-5197
-6513
-5924
-2659
-600
-1234
-1739
129
2754
4332
6163
9309
11983
11898
9861
8730
8609
7177
3783
1023
991
2072
2242
1442
527
-345
-1475
-2460
-3240
-4022
-4710
-4479
-2759
-497
1273
2248
2931
3451
3722
3999
3837
3111
2321
2549
3902
4749
4164
3023
2572
2342
940
-1306
-2957
-3701
-4562
-5872
-6564
-6142
-6297
-7704
-9134
-9136
-8562
-9463
-10734
-10338
-8312
-7178
-7417
-5762
-482
5849
8528
7383
7047
9715
12016
10036
6014
4780
6654
7780
6330
4968
4824
3388
-799
-4805
-5861
-6140
-8620
-11959
-12025
-8267
-5054
-4815
-5481
-4016
-1116
269
245
776
2529
4270
5560
7689
10358
11518
10152
7979
7154
6892
5148
1852
-388
-202
528
588
110
-629
-1621
-2414
-2571
-2734
-3078
-3400
-3043
-1299
834
2530
3491
3694
3853
4308
4691
4239
3192
2605
2946
3810
3878
3136
2611
2319
1425
-373
-1886
-2743
-3635
-5095
-6274
-6014
-5614
-6131
-7111
-7490
-7176
-7473
-8460
-9265
-8917
-7773
-7391
-7448
-6449
-3536
837
5006
7487
7812
7579
8664
10008
9269
6227
3994
4747
6361
6172
4450
3110
1900
-642
-3750
-5571
-6225
-7906
-10484
-10754
-7522
-4003
-3403
-4224
-3085
-100
1611
1049
849
2504
4654
5852
7100
9316
10646
9477
7173
6046
5926
4293
1011
-1332
-1194
-151
-271
-875
-980
-1128
-1579
-1976
-2021
-2048
-2244
-2090
-715
1633
3543
4355
4435
4481
4744
4789
4112
2800
1940
2049
2714
3161
2833
2267
1760
968
-376
-1856
-2950
-4003
-5148
-5871
-5586
-4962
-5226
-5912
-6364
-6397
-6537
-7485
-8400
-8561
-7866
-7124
-6852
-6177
-4850
-2748
830
4958
7435
7149
6394
7622
9304
8242
4882
3155
4584
5948
4888
3285
2824
1912
-1056
-4439
-5479
-5344
-6912
-9526
-9479
-5965
-2901
-2844
-3608
-2292
207
1215
681
952
2713
4317
5249
6662
8727
9493
7986
5945
5119
4826
3237
626
-1113
-1160
-460
-313
-557
-848
-1263
-1473
-1428
-1376
-1450
-1510
-987
313
2117
3594
4191
4216
4026
4005
3964
3269
2267
1759
2028
2499
2633
2269
1791
1196
-62
-1440
-2354
-2929
-3895
-4926
-5036
-4477
-3938
-4458
-5393
-5704
-5925
-6405
-7082
-7274
-7129
-6896
-6586
-6097
-5310
-4868
-4234
-2177
1536
5158
6361
5843
6029
7682
8470
6482
3942
3473
4728
5174
4028
3064
2596
1282
-1356
-3509
-4014
-4697
-6635
-8360
-7585
-4812
-2980
-2900
-2947
-1541
283
909
898
1282
2446
3681
4832
6305
7600
7817
6649
5268
4560
3945
2579
552
-927
-976
-235
-93
-705
-1210
-1243
-944
-665
-744
-721
-405
214
1309
2497
3386
3523
3215
3206
3482
3554
2757
1843
1632
1947
2090
1617
1017
561
27
-916
-1796
-2243
-2799
-3483
-3932
-3787
-3408
-3560
-4342
-4942
-4743
-4422
-4830
-5603
-5753
-5546
-5330
-5234
-5063
-5052
-5816
-6249
-5191
-2765
30
2482
4215
4900
5458
6580
7298
6099
3560
2373
3580
5057
4567
3108
2537
2411
1058
-1236
-2879
-3766
-5182
-7027
-7137
-4872
-2685
-2670
-3290
-2053
259
1080
87
-329
941
2655
3709
4649
6124
7043
6473
5236
4774
4543
2967
621
-560
-66
740
712
32
-149
258
258
-318
-784
-896
-999
-783
41
1187
2210
2447
2342
2547
2834
2690
1966
1112
745
941
1193
1071
833
773
706
363
-368
-1136
-1637
-2245
-2905
-3003
-2647
-2482
-2801
-3200
-3320
-3200
-3607
-4789
-5523
-5594
-5773
-6253
-6634
-6693
-7024
-7581
-7217
-5495
-3153
-985
1471
4115
5573
5865
6077
6564
6401
4971
3987
4692
6079
6122
4831
3848
3243
1847
-733
-3125
-4365
-5197
-6301
-6786
-5540
-3755
-3091
-3224
-2701
-1341
-542
-802
-709
728
2837
4373
5373
6617
7737
7738
6625
5351
4472
3363
1794
411
-20
160
89
-380
-963
-1064
-1211
-1834
-2546
-2756
-2318
-1689
-832
256
1496
2599
3034
3023
2954
2777
2286
1602
1331
1711
2223
2201
2023
2121
2106
1492
363
-560
-1024
-1518
-2195
-2539
-2256
-2071
-2441
-2931
-3319
-3757
-4462
-5482
-6184
-6142
-6045
-6546
-7014
-6662
-5930
-5771
-6339
-6589
-5710
-4264
-2963
-1012
2313
5270
6028
5614
6426
7984
7562
4926
3306
4401
5829
5105
3461
3143
3177
1434
-1452
-3209
-3678
-4934
-6987
-7453
-5452
-3267
-2989
-3389
-2356
-286
662
241
249
1542
3110
4020
4902
6091
6857
6350
5114
4299
3798
2686
858
-470
-684
-397
-449
-961
-1557
-2073
-2135
-2001
-2063
-2176
-1960
-1169
-120
1049
2107
2748
2885
2860
3188
3499
3248
2552
2225
2626
3123
2997
2436
2025
1813
1086
-99
-961
-1486
-2128
-3053
-3573
-3290
-3144
-3805
-4617
-4724
-4751
-5273
-5828
-5901
-5663
-5482
-5431
-5460
-4987
-4363
-4353
-4747
-5009
-4386
-3269
-2242
-1204
827
4117
6416
6389
5443
5728
6749
5969
3563
2398
3642
4881
4034
2625
2428
2389
547
-2526
-4022
-3736
-4007
-5494
-6004
-3994
-1609
-1181
-1902
-1628
-130
468
-260
-366
1191
2979
3569
3926
5069
6192
5733
3925
2568
2162
1635
266
-882
-774
-62
18
-563
-1046
-977
-1056
-1628
-1924
-1456
-458
335
980
1970
3060
3710
3437
2979
3078
3234
2880
2158
2001
2490
2692
2066
1240
921
469
-590
-1805
-2422
-2493
-2747
-3203
-3178
-2637
-2439
-3073
-3645
-3610
-3492
-3729
-4186
-4062
-3138
-2422
-2447
-2682
-2544
-2459
-2819
-3383
-3840
-4070
-4023
-3593
-2948
-2107
-966
1088
3580
4551
3821
3358
4400
5185
3972
2474
2997
4808
5115
3811
3296
3604
2509
-425
-2569
-2464
-2221
-3771
-5349
-4458
-2212
-1741
-2972
-3195
-1862
-1037
-1649
-1769
-48
1916
2467
2577
4041
5770
5602
3917
2882
3069
2918
1825
888
953
1185
824
205
-318
-836
-1799
-2579
-2590
-2060
-1499
-1082
-376
724
1876
2513
2461
2163
2101
2330
2386
2157
2016
2190
2439
2258
1690
1175
686
-1
-958
-1509
-1395
-1458
-1835
-2121
-1944
-1593
-1808
-2257
-2373
-2082
-2148
-2600
-2508
-1931
-1611
-2006
-2464
-2445
-2385
-3028
-4009
-4261
-3902
-4032
-4836
-4935
-3805
-2598
-2359
-1998
315
3362
4265
3072
2857
4747
5766
4155
2361
3046
4843
4581
2899
2535
3148
2175
-644
-2384
-1891
-1658
-3303
-4890
-3982
-1737
-1149
-2139
-2272
-828
228
-105
-350
712
2023
2197
2195
3254
4543
4372
2824
1897
2033
1892
673
-688
-1038
-878
-1034
-1458
-1669
-1276
-907
-1288
-1548
-781
279
565
449
1224
2633
3578
3486
3172
3502
3802
3444
2613
2121
2198
2123
1493
815
804
861
260
-554
-705
-296
-322
-1002
-1301
-763
-360
-781
-1352
-1228
-786
-850
-1404
-1727
-1443
-1275
-1778
-2357
-2369
-2432
-3189
-4018
-4189
-3969
-4068
-4630
-5088
-5096
-4696
-4564
-4628
-4179
-2973
-886
1635
3264
3493
3740
5233
6701
6120
4577
4484
5804
6264
5166
4599
5038
4467
1953
-322
-729
-1024
-3169
-5720
-5919
-4372
-3874
-5037
-5657
-4510
-3445
-3800
-4233
-3011
-1196
-540
-173
1667
4114
4969
4259
3907
4612
4871
3807
2643
2443
2589
2089
1402
1158
794
-314
-1570
-2082
-1969
-1916
-2268
-2302
-1515
-249
761
1161
1443
1960
2646
3070
3209
3527
4025
4348
4341
4287
4411
4296
3412
2063
1277
1043
553
-502
-1504
-1807
-1862
-2467
-3429
-3948
-4043
-4324
-4705
-4597
-4032
-3663
-3661
-3476
-2684
-1919
-1858
-2076
-1875
-1485
-1310
-1524
-1715
-1604
-1419
-1281
-1184
-1038
-869
-762
-393
740
2366
3238
2701
2162
3149
4478
3874
1885
1211
2346
2831
1561
534
769
628
-1141
-2872
-2795
-2216
-3251
-5021
-4988
-3181
-2100
-2753
-3176
-2002
-549
-259
-435
496
1922
2355
2223
3039
4618
5080
4075
3212
3389
3544
2662
1344
774
891
598
-71
-370
-251
-587
-1382
-1644
-1018
-190
259
633
1339
2486
3658
4271
4273
4023
3988
4044
3786
3245
2750
2289
1667
960
451
-5
-938
-2099
-2829
-2899
-2801
-3077
-3339
-3024
-2254
-1644
-1368
-1024
-460
16
230
680
1460
1907
1736
1508
1712
1837
1305
216
-726
-1240
-1847
-2894
-3891
-4472
-4988
-5659
-6136
-5915
-5559
-5741
-5969
-5484
-4273
-3069
-1686
237
1893
2479
3007
4679
6201
5625
3864
3657
4894
4955
3425
2364
2626
2245
181
-1658
-1909
-2277
-4366
-6393
-6002
-4173
-3659
-4418
-4111
-2235
-649
-524
-345
993
2382
2736
3080
4695
6452
6677
5839
5719
6324
6138
4603
2919
2123
1644
903
87
-600
-1363
-2279
-3046
-3581
-3948
-4153
-4236
-3970
-3131
-1771
-418
503
1143
2005
3123
3888
3995
3970
4144
4394
4316
4010
3892
3709
3187
2278
1480
1028
254
-909
-1863
-2088
-2049
-2371
-2775
-2816
-2574
-2569
-2745
-2607
-2161
-1814
-1745
-1449
-905
-518
-535
-654
-557
-403
-562
-985
-1395
-1833
-2402
-3152
-3636
-3926
-4273
-4507
-4514
-4257
-4143
-4102
-3939
-3679
-3117
-1881
-217
756
1007
1976
4084
5339
4502
3526
4204
5276
4628
3240
3328
4226
3531
1489
639
1212
732
-1549
-3092
-2389
-1473
-2202
-3446
-2972
-1461
-1044
-1591
-1206
355
1243
943
1086
2453
3531
3214
2643
3121
3970
3652
2552
2082
2166
1653
571
-54
-107
-510
-1447
-1977
-1814
-1696
-2080
-2357
-1954
-1269
-673
-273
153
817
1579
2074
2300
2595
2957
3156
3026
2854
2847
2758
2315
1586
1073
797
368
-338
-826
-917
-953
-1180
-1438
-1395
-1230
-1270
-1536
-1600
-1258
-1031
-1095
-1100
-811
-547
-617
-865
-983
-1023
-1260
-1582
-1681
-1561
-1586
-1840
-1963
-1920
-2013
-2292
-2493
-2428
-2282
-2229
-2138
-1943
-1759
-1706
-1702
-1551
-1193
-668
93
775
1202
1659
2463
3096
2911
2385
2442
2971
3022
2659
2793
3443
3487
2610
2008
2005
1585
221
-909
-947
-770
-1346
-2041
-1905
-1528
-1874
-2633
-2657
-2153
-2165
-2554
-2284
-1180
-364
-254
-99
642
1247
1110
799
1000
1405
1253
931
1090
1486
1418
809
490
521
250
-451
-882
-780
-718
-896
-827
-308
46
-79
-217
-50
105
-157
-387
-113
338
490
551
855
1072
1015
720
538
517
311
25
3
176
253
359
381
363
102
-133
-179
-254
-550
-803
-585
-416
-401
-425
-350
-290
-532
-662
-592
-453
-360
-288
143
550
663
692
846
1008
931
762
645
697
640
534
468
326
105
-162
-422
-663
-928
-1172
-1344
-1475
-1547
-1566
-1600
-1575
-1567
-1459
-1309
-1116
-859
-573
-275
-82
42
146
226
206
167
152
186
324
350
354
390
458
420
250
99
60
92
94
125
256
510
666
682
747
786
737
607
485
490
551
534
507
535
569
496
306
215
201
192
211
221
364
543
624
581
527
549
559
526
476
524
599
654
641
579
583
509
409
292
209
169
123
114
195
344
420
422
413
462
502
412
370
341
351
344
310
274
190
41
-118
-211
-280
-366
-473
-496
-490
-526
-481
-467
-483
-567
-673
-707
-697
-709
-809
-900
-904
-818
-787
-780
-761
-752
-687
-709
-668
-548
-506
-540
-507
-291
-50
19
-51
-10
158
322
333
282
395
476
466
408
424
434
265
-7
-150
-118
-179
-415
-618
-569
-510
-679
-847
-869
-792
-855
-1010
-976
-737
-560
-577
-579
-423
-204
-169
-172
-62
129
314
314
351
489
645
670
620
651
756
813
742
648
614
650
568
412
378
410
418
387
379
383
384
338
293
286
332
330
318
327
352
348
300
212
134
40
-148
-359
-588
-842
-1015
-1142
-1248
-1301
-1218
-1162
-1247
-1296
-1205
-1193
-1223
-1288
-1170
-865
-559
-343
-129
162
341
347
198
232
285
220
186
299
540
637
534
366
383
313
63
-281
-379
-202
-186
-223
-137
-11
105
-7
-161
-228
-267
-383
-457
-448
-449
-387
-357
-321
-337
-396
-457
-571
-674
-733
-699
-609
-451
-335
-214
-62
10
36
11
-9
-40
21
84
183
364
533
627
571
603
568
427
266
210
341
396
592
848
851
987
1017
898
855
678
468
362
443
454
605
849
1071
914
428
-24
-451
-732
-1116
-1362
-1342
-1084
-829
-663
-708
-1023
-1047
-799
-654
-472
-218
4
69
69
129
252
194
353
612
798
866
858
640
369
319
179
66
0
78
198
248
211
-175
-474
-612
-719
-951
-982
-649
-362
-340
-482
-522
-581
-778
-901
-857
-761
-687
-534
-301
-153
-81
-44
-68
-139
-211
-349
-573
-666
-550
-471
-514
-423
-332
-417
-595
-823
-907
-848
-718
-582
-375
-7
335
473
481
480
527
622
668
739
889
1067
1135
1153
1146
1096
955
759
599
429
340
138
-151
-220
-244
-316
-429
-439
-443
-564
-773
-886
-781
-559
-316
-240
-37
275
405
401
467
712
723
663
696
832
932
917
809
679
690
502
145
-222
-481
-624
-954
-1188
-1238
-1329
-1548
-1673
-1505
-1381
-1321
-1270
-1117
-860
-578
-491
-506
-200
56
270
411
461
420
267
168
65
-76
-298
-524
-706
-812
-903
-1071
-1146
-1233
-1272
-1246
-1133
-940
-719
-442
-106
276
644
1014
1266
1428
1501
1528
1627
1620
1533
1521
1589
1628
1512
1352
1183
1016
737
386
195
230
268
147
129
254
451
546
487
428
413
409
364
301
342
462
451
368
303
243
191
-70
-430
-639
-680
-720
-837
-868
-733
-581
-509
-506
-535
-555
-595
-690
-707
-646
-519
-430
-349
-287
-254
-287
-411
-577
-720
-792
-813
-765
-741
-737
-620
-520
-542
-644
-687
-655
-592
-532
-430
-265
-152
-101
-38
121
206
103
26
87
293
450
521
602
782
959
1008
963
921
904
801
742
767
807
853
829
861
956
995
916
795
709
648
604
563
564
580
557
507
503
629
624
503
396
411
467
407
274
203
214
233
199
105
49
-109
-345
-520
-639
-625
-655
-708
-681
-589
-500
-563
-601
-582
-494
-384
-255
-113
-62
42
85
119
112
128
113
15
-99
-205
-303
-459
-555
-609
-566
-486
-431
-329
-286
-254
-279
-241
-134
-27
92
225
392
582
743
805
834
841
754
659
519
419
308
184
137
166
226
231
192
150
145
74
28
21
52
204
371
594
802
938
962
909
860
841
825
744
720
774
870
913
839
840
815
651
461
312
244
268
241
237
342
408
399
223
87
96
-112
-409
-572
-576
-498
-448
-387
-262
-217
-278
-407
-470
-424
-409
-454
-372
-182
44
159
284
341
200
4
-76
-10
-6
-75
-23
143
227
284
322
290
300
257
211
170
191
281
412
560
688
781
815
780
657
572
479
377
335
323
380
397
374
272
87
-63
-190
-263
-308
-301
-212
-118
-43
-20
25
14
19
-11
-16
17
80
131
140
190
325
497
449
473
516
355
231
185
213
223
197
239
378
351
193
107
24
-70
-233
-406
-408
-358
-347
-414
-360
-282
-348
-433
-494
-468
-389
-433
-362
-212
-133
-7
72
63
109
52
-41
-89
-88
-128
-235
-268
-207
-115
-130
-211
-275
-290
-292
-344
-335
-329
-255
-136
2
153
274
354
419
494
508
551
549
551
584
545
528
475
437
384
330
228
108
-11
-110
-162
-192
-224
-255
-206
-144
-161
-129
-142
-135
-43
36
122
231
409
585
668
661
756
869
864
826
744
796
784
681
531
415
401
355
159
39
-137
-370
-380
-394
-359
-227
-268
-337
-281
-164
-155
-150
-192
-72
138
219
221
246
331
293
217
150
82
-16
-175
-312
-364
-376
-484
-600
-732
-881
-981
-1090
-1091
-1073
-1048
-991
-808
-545
-473
-444
-350
-188
-85
18
128
258
387
391
353
291
230
102
-77
-91
-103
-134
-259
-366
-368
-370
-429
-548
-556
-486
-405
-361
-241
-45
78
200
269
417
569
599
608
658
782
882
888
853
784
734
755
811
764
713
623
575
536
451
307
232
248
175
136
159
163
172
196
163
190
337
335
252
266
316
233
72
83
79
150
348
300
130
58
-75
-122
-109
-246
-247
-369
-655
-762
-733
-780
-959
-1026
-1036
-1097
-1104
-1079
-1098
-1068
-998
-1043
-901
-785
-828
-861
-778
-688
-616
-437
-306
-200
-208
-313
-428
-546
-577
-584
-543
-466
-451
-532
-643
-751
-851
-985
-1099
-1095
-1045
-953
-851
-712
-467
-393
-356
-235
-59
90
186
285
401
507
553
646
747
813
807
708
720
726
663
527
387
308
285
271
254
243
229
205
167
264
364
355
418
502
615
619
547
468
436
429
410
382
362
423
437
398
313
179
101
-66
-193
-168
-149
-141
-168
-183
-233
-345
-495
-605
-667
-626
-632
-698
-705
-765
-758
-724
-731
-745
-687
-703
-788
-925
-993
-936
-858
-761
-617
-516
-495
-547
-564
-599
-636
-661
-634
-594
-576
-539
-540
-536
-549
-515
-491
-511
-501
-493
-404
-307
-258
-282
-258
-140
-73
-68
-148
-186
-139
-56
6
-5
64
83
88
77
121
165
184
178
211
395
577
693
721
817
935
974
999
970
962
956
954
927
875
822
756
689
597
520
421
315
176
18
-4
-3
12
2
3
47
79
48
-54
-124
-142
-102
-93
-45
21
13
-9
-83
-144
-220
-307
-401
-449
-449
-459
-501
-544
-554
-586
-625
-662
-723
-675
-621
-561
-529
-487
-454
-440
-446
-502
-563
-606
-667
-762
-793
-746
-708
-623
-548
-471
-425
-416
-449
-453
-425
-399
-307
-149
45
194
319
371
365
389
345
295
224
162
106
76
76
51
6
-59
-94
-217
-345
-446
-491
-413
-350
-231
-60
144
306
377
445
507
561
574
614
701
827
905
883
924
908
830
642
484
404
337
219
106
70
30
-25
-99
-74
-18
-61
-116
-148
-74
25
60
58
100
224
309
341
338
324
247
189
150
66
30
-63
-144
-205
-249
-308
-413
-505
-568
-579
-567
-537
-511
-433
-353
-299
-202
-182
-167
-167
-142
-109
-41
20
59
78
83
68
-38
-136
-231
-306
-317
-425
-502
-527
-515
-530
-573
-542
-483
-394
-349
-252
-149
8
134
191
341
445
529
522
489
459
424
383
267
189
132
98
12
-107
-241
-427
-515
-560
-550
-514
-448
-389
-282
-124
9
62
89
190
332
525
653
716
833
908
968
987
952
844
680
551
446
319
177
79
-2
-44
-92
-143
-153
-236
-288
-302
-224
-144
-79
2
121
247
329
414
476
482
428
337
341
307
217
112
69
113
134
110
48
14
-53
-122
-196
-189
-180
-223
-167
-63
82
165
159
128
178
248
260
200
143
125
132
151
115
49
56
18
-9
-26
-47
-99
-179
-188
-116
-21
11
-33
-101
-56
-30
-113
-152
-195
-174
-206
-268
-288
-296
-327
-407
-388
-353
-365
-446
-479
-387
-344
-312
-310
-215
-109
-64
-58
-54
-2
42
29
47
112
138
127
52
-21
-17
-39
-61
-68
-31
20
58
60
47
61
50
92
133
204
262
266
339
398
472
509
533
560
586
568
540
535
522
521
487
455
447
351
300
195
107
63
56
65
83
105
124
148
140
144
143
194
234
239
302
320
305
282
255
208
152
117
92
93
84
83
71
105
125
44
1
-76
-112
-167
-248
-285
-256
-182
-129
-75
-22
39
2
-74
-162
-273
-264
-254
-182
-91
-11
18
19
8
-26
-89
-158
-176
-171
-143
-124
-158
-169
-217
-286
-347
-437
-554
-629
-639
-600
-528
-457
-329
-236
-166
-111
-73
25
82
168
286
404
498
589
652
653
618
579
585
563
544
517
452
444
355
281
220
158
97
49
40
24
4
-33
-31
3
66
127
139
233
313
357
347
310
266
251
204
165
169
180
176
137
134
111
26
-28
-106
-132
-167
-182
-202
-204
-166
-125
-91
-85
-35
-8
58
92
46
46
18
5
4
-12
-35
-63
-52
-44
-57
-81
-118
-174
-210
-253
-339
-368
-414
-436
-432
-373
-285
-250
-255
-302
-319
-342
-356
-355
-296
-166
-65
82
155
154
135
136
143
153
118
75
104
122
145
117
82
54
-17
1
-27
-31
-12
5
-9
-15
58
109
89
39
68
106
148
150
123
183
187
235
288
300
236
113
56
42
66
25
-41
-97
-106
-137
-264
-305
-316
-290
-244
-195
-120
-29
2
-23
-31
31
125
176
224
281
352
458
459
414
388
389
377
340
301
271
225
175
143
121
109
41
-74
-100
-136
-188
-244
-297
-321
-300
-285
-252
-201
-162
-78
-26
56
99
82
140
180
225
231
226
211
223
228
229
192
135
87
13
-63
-144
-245
-241
-220
-175
-142
-129
-92
-131
-177
-210
-165
-92
-48
8
121
207
199
250
280
301
255
193
163
129
43
-79
-135
-158
-188
-280
-320
-340
-500
-596
-701
-681
-608
-545
-414
-251
-88
-15
37
81
115
115
162
254
299
355
373
409
440
438
406
357
289
229
177
87
27
3
75
96
23
27
20
-6
-84
-124
-74
3
53
117
251
360
408
386
411
