-11
-65
-37
-52
-55
-49
-38
-38
-40
-30
-17
-7
-17
-8
-18
14
50
12
51
54
55
66
88
88
83
82
73
84
76
91
85
106
119
76
74
67
70
65
54
38
45
49
56
67
44
52
22
42
52
19
33
17
26
28
47
42
40
35
33
35
21
11
-7
16
23
-28
-16
-19
-9
1
3
15
5
1
3
2
-5
15
12
43
58
22
43
29
44
30
16
21
20
21
12
8
1
8
3
8
16
-38
-9
-2
1
15
24
35
38
15
8
10
17
38
38
75
78
21
47
31
23
39
48
63
70
78
61
67
60
73
56
55
68
26
56
57
56
41
31
38
46
37
39
47
29
30
32
59
56
22
42
45
56
46
48
48
44
46
46
43
25
19
13
33
51
19
50
39
42
56
63
77
71
84
100
103
91
93
77
106
111
74
103
94
102
107
100
82
78
80
68
74
73
84
69
98
110
69
90
81
95
101
110
109
110
127
116
127
120
131
126
141
139
88
101
97
105
107
111
100
82
76
63
67
60
57
50
72
93
56
66
41
38
30
24
30
34
33
30
32
42
49
36
49
39
-6
9
-1
-9
-10
6
-1
-9
-17
-13
0
-17
-19
-27
2
10
-32
-24
-38
-37
-41
-44
-42
-46
-40
-31
-32
-21
-6
-17
8
19
-9
21
14
13
1
7
8
14
38
47
53
60
63
42
59
71
34
55
49
50
52
49
58
73
70
53
59
47
49
35
37
31
-16
-6
-20
-11
-13
-4
-4
-7
-15
-29
-24
-39
-28
-34
-19
-13
-45
-6
-15
-10
-4
9
15
8
27
39
42
32
35
34
74
93
69
98
111
109
98
104
95
102
95
102
115
118
143
143
175
187
144
147
142
131
119
119
105
106
97
99
112
94
104
110
134
149
94
102
81
80
57
31
26
20
30
34
59
56
53
49
58
49
-7
-15
-28
-38
-37
-42
-35
-38
-35
-38
-47
-55
-61
-69
-55
-63
-117
-113
-124
-141
-144
-140
-138
-132
-131
-120
-114
-121
-101
-121
-106
-91
-133
-95
-86
-64
-57
-31
-5
15
42
57
78
94
125
127
150
175
140
193
206
230
250
265
277
286
293
267
279
270
275
264
281
295
256
276
278
280
263
255
230
230
227
198
171
145
138
112
123
103
45
35
7
-2
-32
-58
-97
-132
-168
-207
-233
-288
-296
-336
-359
-363
-438
-454
-507
-542
-579
-612
-652
-702
-728
-740
-754
-796
-812
-844
-837
-844
-912
-905
-935
-949
-956
-948
-907
-859
-777
-692
-600
-523
-426
-348
-240
-131
-72
61
168
293
402
547
696
837
987
1091
1200
1292
1366
1422
1496
1529
1502
1535
1556
1572
1571
1565
1546
1523
1507
1470
1417
1333
1265
1170
1083
1006
851
766
677
580
495
405
324
225
125
32
-46
-139
-234
-344
-419
-501
-622
-653
-719
-767
-807
-854
-903
-942
-984
-1031
-1088
-1148
-1183
-1230
-1259
-1296
-1358
-1364
-1407
-1430
-1455
-1470
-1495
-1525
-1549
-1579
-1578
-1551
-1490
-1430
-1296
-1160
-1092
-973
-858
-714
-574
-423
-286
-145
8
148
318
476
654
798
956
1086
1162
1285
1344
1382
1408
1419
1418
1405
1408
1407
1409
1412
1441
1440
1459
1455
1389
1369
1288
1236
1165
1119
1084
1029
1011
981
959
932
902
868
843
797
699
644
564
491
415
367
302
256
223
195
175
109
71
11
-32
-94
-214
-274
-345
-410
-466
-522
-574
-656
-730
-791
-870
-949
-1036
-1143
-1233
-1328
-1462
-1520
-1596
-1665
-1725
-1771
-1820
-1876
-1920
-1985
-2016
-2049
-2038
-1988
-1849
-1713
-1629
-1460
-1300
-1132
-966
-775
-594
-407
-228
-72
111
315
529
722
934
1129
1247
1416
1554
1672
1739
1778
1779
1766
1748
1720
1706
1682
1677
1664
1690
1706
1651
1619
1532
1438
1347
1232
1134
1045
970
901
852
818
782
749
740
692
594
553
471
384
288
209
128
77
56
27
22
21
23
0
-3
-47
-145
-175
-272
-343
-404
-447
-486
-525
-540
-572
-605
-655
-707
-784
-858
-945
-1094
-1174
-1268
-1370
-1481
-1575
-1654
-1760
-1816
-1889
-1945
-2018
-2090
-2158
-2195
-2199
-2201
-2100
-2022
-1927
-1822
-1704
-1552
-1374
-1181
-977
-761
-558
-340
-135
103
347
528
752
925
1092
1237
1366
1489
1574
1655
1691
1723
1737
1757
1769
1794
1815
1793
1830
1844
1871
1855
1797
1733
1651
1556
1465
1402
1338
1273
1208
1177
1149
1070
1061
985
895
781
666
565
459
362
259
188
124
86
47
47
22
-50
-69
-141
-204
-289
-365
-446
-516
-550
-598
-625
-650
-655
-688
-702
-721
-814
-855
-939
-1042
-1141
-1215
-1287
-1371
-1432
-1524
-1610
-1684
-1754
-1819
-1880
-1950
-2093
-2145
-2212
-2230
-2245
-2236
-2201
-2132
-2031
-1937
-1806
-1668
-1483
-1327
-1131
-936
-777
-536
-327
-101
121
336
555
763
941
1113
1264
1381
1498
1574
1667
1721
1724
1790
1820
1857
1883
1925
1977
2011
2021
2026
2018
1959
1911
1828
1761
1694
1580
1542
1490
1450
1404
1351
1287
1204
1094
966
817
675
531
358
261
157
46
-10
-76
-96
-160
-213
-260
-329
-392
-468
-520
-571
-628
-661
-655
-644
-667
-635
-651
-656
-688
-741
-790
-872
-936
-1007
-1090
-1157
-1231
-1313
-1347
-1413
-1545
-1596
-1669
-1753
-1858
-1947
-2033
-2135
-2221
-2278
-2280
-2291
-2260
-2224
-2129
-2018
-1955
-1822
-1700
-1544
-1388
-1233
-1063
-867
-656
-446
-217
21
284
497
747
944
1079
1271
1385
1496
1570
1647
1719
1779
1855
1905
1945
2000
2076
2130
2178
2213
2161
2151
2078
2004
1917
1852
1794
1722
1686
1634
1589
1527
1471
1365
1272
1132
931
784
585
432
290
160
65
-26
-71
-107
-144
-200
-250
-297
-342
-389
-506
-523
-577
-608
-620
-656
-651
-648
-652
-687
-706
-744
-813
-882
-939
-1002
-1127
-1187
-1263
-1326
-1379
-1440
-1495
-1572
-1645
-1757
-1847
-1935
-2007
-2119
-2194
-2244
-2361
-2388
-2438
-2421
-2371
-2305
-2231
-2136
-2030
-1905
-1761
-1631
-1463
-1310
-1092
-864
-670
-404
-160
86
318
554
781
974
1131
1268
1377
1470
1555
1606
1711
1791
1809
1885
1953
2071
2164
2244
2308
2316
2312
2295
2251
2185
2152
2090
2068
2037
1954
1943
1884
1801
1706
1578
1434
1262
1084
896
710
555
419
290
239
170
54
34
-40
-90
-161
-244
-335
-423
-499
-576
-634
-676
-687
-706
-668
-670
-730
-745
-787
-847
-922
-993
-1071
-1142
-1196
-1239
-1268
-1319
-1343
-1384
-1416
-1471
-1596
-1665
-1768
-1865
-1953
-2029
-2107
-2180
-2213
-2244
-2241
-2230
-2187
-2141
-2071
-1994
-1961
-1841
-1723
-1593
-1459
-1296
-1101
-893
-674
-444
-194
41
277
478
690
868
951
1094
1179
1283
1362
1449
1549
1624
1738
1836
1946
2037
2140
2211
2279
2314
2259
2260
2211
2168
2125
2083
2060
2041
2022
1989
1956
1880
1794
1654
1527
1369
1162
1010
841
710
582
486
403
316
273
218
144
54
-44
-173
-265
-350
-485
-542
-612
-653
-675
-686
-698
-710
-738
-787
-844
-902
-961
-1032
-1077
-1113
-1180
-1184
-1211
-1233
-1252
-1297
-1329
-1386
-1473
-1557
-1658
-1752
-1840
-1916
-1967
-2014
-2091
-2095
-2101
-2104
-2097
-2090
-2072
-2033
-1971
-1910
-1816
-1707
-1564
-1422
-1212
-1010
-842
-597
-382
-168
40
249
435
590
734
867
997
1117
1251
1353
1501
1629
1686
1806
1898
2019
2106
2194
2252
2272
2300
2303
2282
2234
2203
2171
2183
2194
2137
2147
2105
2036
1947
1834
1698
1539
1380
1200
1039
897
778
655
569
465
309
233
129
35
-81
-199
-322
-441
-534
-616
-673
-734
-775
-811
-802
-806
-869
-880
-934
-976
-1026
-1069
-1097
-1117
-1120
-1126
-1105
-1108
-1101
-1128
-1141
-1175
-1271
-1324
-1411
-1500
-1592
-1671
-1743
-1795
-1846
-1894
-1908
-1928
-1933
-1945
-1917
-1902
-1937
-1889
-1863
-1800
-1704
-1584
-1458
-1298
-1100
-898
-677
-485
-264
-69
144
325
441
601
734
864
982
1104
1226
1339
1452
1569
1668
1732
1812
1894
1996
2066
2081
2117
2110
2111
2102
2090
2077
2090
2103
2109
2120
2117
2106
2051
2001
1910
1772
1664
1513
1359
1216
1084
952
838
732
617
499
385
298
180
79
-36
-203
-284
-393
-480
-533
-577
-620
-676
-716
-740
-773
-829
-868
-943
-977
-1005
-1086
-1105
-1131
-1153
-1166
-1182
-1217
-1262
-1316
-1390
-1451
-1530
-1603
-1698
-1755
-1808
-1898
-1929
-1974
-2001
-2028
-2025
-1996
-1973
-1958
-1928
-1887
-1848
-1777
-1706
-1587
-1447
-1348
-1167
-989
-789
-590
-411
-254
-83
106
269
430
556
702
813
941
1063
1127
1247
1326
1413
1493
1584
1624
1677
1758
1832
1909
1947
1989
1990
2042
2073
2024
2036
2035
2053
2062
2067
2072
2063
2020
1951
1873
1767
1675
1541
1417
1283
1108
994
869
774
657
551
458
347
248
147
26
-101
-214
-323
-390
-470
-608
-663
-717
-765
-821
-879
-930
-999
-1065
-1136
-1191
-1248
-1294
-1351
-1367
-1388
-1454
-1444
-1475
-1508
-1550
-1579
-1631
-1676
-1713
-1751
-1778
-1822
-1838
-1860
-1841
-1840
-1885
-1837
-1803
-1751
-1721
-1680
-1617
-1555
-1458
-1367
-1250
-1118
-959
-808
-623
-457
-341
-165
-18
140
276
405
527
633
752
859
960
1049
1145
1224
1322
1404
1424
1514
1557
1597
1638
1708
1783
1841
1889
1920
1951
1961
1963
1960
1976
1976
1924
1948
1922
1902
1880
1833
1780
1688
1599
1476
1350
1199
1062
914
818
702
544
471
352
258
149
39
-78
-197
-320
-431
-550
-666
-749
-840
-896
-955
-1071
-1112
-1160
-1211
-1268
-1320
-1370
-1424
-1460
-1506
-1528
-1545
-1541
-1559
-1545
-1539
-1594
-1574
-1598
-1603
-1618
-1635
-1672
-1686
-1679
-1679
-1668
-1702
-1688
-1660
-1589
-1546
-1562
-1510
-1466
-1374
-1269
-1162
-1053
-932
-772
-613
-466
-319
-179
-49
112
248
335
488
614
721
817
905
996
1087
1170
1246
1316
1373
1423
1467
1529
1570
1560
1631
1684
1757
1817
1862
1892
1901
1908
1900
1898
1882
1895
1885
1900
1899
1833
1812
1757
1684
1601
1518
1406
1286
1153
1012
872
733
608
474
385
280
131
39
-81
-175
-288
-410
-527
-642
-748
-850
-915
-987
-1035
-1103
-1120
-1152
-1234
-1240
-1300
-1331
-1353
-1373
-1396
-1418
-1421
-1447
-1453
-1476
-1485
-1516
-1509
-1512
-1579
-1584
-1624
-1633
-1649
-1664
-1686
-1681
-1655
-1634
-1569
-1525
-1463
-1426
-1363
-1302
-1270
-1156
-1060
-933
-804
-655
-498
-362
-218
-86
40
162
273
373
509
625
692
816
898
994
1082
1148
1219
1303
1379
1427
1480
1516
1561
1603
1672
1703
1695
1770
1786
1805
1821
1836
1826
1805
1794
1760
1738
1708
1689
1632
1587
1511
1371
1287
1165
1046
892
765
639
501
380
265
155
30
-69
-178
-240
-330
-447
-504
-590
-670
-724
-797
-841
-893
-936
-955
-995
-632
-864
-1069
-961
-999
-1051
-1067
-1071
-1126
-1168
-1201
-1188
-1212
-1260
-1163
-1136
-1103
-1175
-1357
-1369
-1434
-1524
-1583
-1628
-1679
-1677
-1589
-1522
-1495
-1498
-1463
-1377
-1317
-1313
-1326
-1210
-1016
-896
-703
-539
-335
-56
153
235
276
384
506
599
613
707
864
978
1041
1055
1171
1323
1437
1425
1428
1515
1547
1470
1427
1497
1537
1590
1562
1582
1783
1954
1933
1793
1808
1847
1818
1676
1472
1473
1592
1551
1447
1392
1392
1487
1470
1195
1105
1098
1008
859
647
463
349
286
150
82
78
39
-49
-87
-172
-342
-487
-703
-814
-841
-847
-878
-905
-1027
-1058
-1020
-1044
-1103
-1143
-1177
-1273
-1486
-1648
-1746
-1829
-1996
-2114
-2167
-2129
-2055
-2086
-2166
-2242
-2246
-2326
-2398
-2444
-2424
-2182
-1880
-1655
-1492
-1244
-928
-533
-268
-249
-151
217
639
889
977
1144
1549
1947
1904
1741
1757
1858
1807
1422
1042
1014
1120
979
764
736
891
966
743
560
598
659
452
174
197
465
793
986
1349
2003
2452
2507
2438
2306
2130
1949
1553
1118
995
1096
1203
1357
1526
1678
1785
1557
1189
890
634
416
166
-95
-246
-28
97
116
148
38
-115
-301
-559
-838
-960
-1133
-1231
-1273
-1295
-1244
-1151
-1112
-1119
-1069
-1057
-1256
-1566
-1811
-2010
-2186
-2463
-2709
-2771
-2753
-2928
-3098
-3193
-3068
-3033
-3265
-3447
-3240
-2893
-2757
-2646
-2249
-1691
-1347
-1299
-1106
-406
396
754
1160
1880
2620
2886
2746
2815
3166
3125
2547
2034
1876
1864
1452
783
562
622
382
-245
-783
-972
-1102
-1507
-1993
-2094
-1803
-1602
-1512
-1149
-480
212
1437
2740
3342
3773
4491
4815
4775
4536
4044
3616
3349
2958
2438
2144
1802
1466
1193
669
67
-628
-1488
-1952
-2080
-2253
-2321
-2190
-1908
-1308
-668
-437
-292
-169
-201
-348
-496
-670
-775
-748
-830
-921
-746
-641
-678
-891
-1113
-1434
-2003
-2569
-3041
-3190
-3162
-3093
-3083
-3212
-3071
-2801
-2935
-3072
-2959
-3010
-3145
-2950
-2702
-2198
-1612
-1539
-1531
-779
827
2536
3188
2922
3324
4549
5094
4219
2841
2496
3123
3023
1908
1066
1275
1657
1309
553
170
44
-823
-2263
-2806
-2294
-2070
-2590
-2985
-2271
-656
304
237
385
1439
3196
4522
4492
4442
5487
6248
6210
5954
5529
5046
4562
3696
2868
2502
1705
488
-273
-597
-770
-1271
-2436
-3069
-2793
-2509
-2609
-2747
-2904
-2434
-1622
-1324
-1258
-814
-469
-476
-296
-183
-150
-235
-581
-794
-415
-190
-720
-1490
-2116
-2306
-2379
-3030
-3797
-4037
-3987
-3984
-3983
-4053
-4066
-4079
-4382
-4609
-4400
-4317
-4417
-4083
-3150
-1375
775
2407
3705
5032
5963
6385
6315
5715
4899
4133
3364
3059
2975
2662
2272
1935
1522
984
-3
-1491
-2891
-4002
-4784
-5015
-4714
-4228
-3419
-2265
-1032
295
1310
1793
2074
2329
2665
3971
5468
5721
5887
7223
8374
8388
7433
6047
4682
3637
2203
612
-353
-1078
-1604
-1697
-1542
-1331
-1533
-2435
-2926
-2666
-2530
-2567
-2348
-1920
-860
583
1351
1592
1880
1751
1201
679
33
-638
-1117
-1535
-1726
-1412
-1404
-1933
-2723
-3536
-4170
-4718
-5325
-5598
-5379
-5049
-4483
-3706
-3039
-2739
-2748
-3158
-3575
-3869
-4274
-4415
-3377
-1094
1406
3048
4263
5983
7696
7647
5932
4395
3799
3361
2074
871
988
1899
2112
1482
1029
895
53
-1912
-3998
-4864
-4717
-4743
-4871
-3920
-1865
215
1386
1924
2505
3130
3126
2499
2113
2599
4343
5612
5520
5743
6750
7432
6716
4787
2953
1922
1205
14
-956
-1053
-844
-540
-506
-410
37
-306
-1490
-2182
-2015
-1319
-752
-445
43
1352
2683
2854
2306
1610
887
77
-763
-1388
-1752
-1875
-1962
-1877
-1559
-1615
-2275
-3408
-4403
-5123
-5674
-5878
-5880
-5603
-4688
-3296
-2024
-1105
-831
-1017
-1564
-2095
-2722
-3762
-4167
-4027
-3385
-883
2397
4301
5042
5571
6127
6127
4679
2466
888
301
502
941
1189
1792
2423
2109
1357
575
-645
-2175
-3658
-4812
-5043
-3913
-2408
-1128
134
1302
2418
3178
2868
1782
1032
919
1246
1833
3204
5130
6230
6508
6440
5977
5170
3831
1833
-15
-383
203
630
807
770
890
1214
1020
-49
-1275
-2068
-2320
-2085
-1428
-415
766
1763
2456
2613
2206
1565
352
-1210
-2128
-2285
-1835
-1328
-1067
-854
-798
-855
-1383
-2714
-4229
-5381
-5866
-5782
-5696
-5351
-4635
-3575
-2591
-1904
-1360
-1395
-1816
-2330
-2860
-3037
-3264
-3544
-3965
-3631
-1366
1820
4513
5190
4786
5151
5702
4924
2238
-343
-521
896
2279
2578
2376
2496
2277
1302
-311
-1735
-2681
-3565
-4220
-4282
-3198
-1593
-550
44
565
1455
2100
1781
667
-351
-132
884
2312
3483
4733
6301
7233
6776
4996
3349
2188
1078
69
-110
1179
2527
2988
2434
1444
728
-271
-1472
-2610
-3159
-2626
-1471
-210
624
1263
2074
2536
2118
1036
-89
-785
-1354
-1712
-1473
-692
314
889
882
215
-856
-2036
-3298
-4484
-5296
-5222
-4430
-3616
-3044
-2765
-2731
-2826
-3150
-3551
-3757
-3680
-3378
-2988
-2305
-1429
-699
-267
-375
-1025
-1752
-1827
-1065
113
1255
2411
3790
4982
5122
3792
1835
267
-464
-556
-495
-61
785
1650
1932
1405
398
-686
-1664
-2457
-2710
-2276
-1362
-465
128
658
1155
1468
1277
680
10
-377
-315
-3
276
625
1209
1967
2655
2748
2069
1275
659
274
-16
-200
88
925
1702
2119
2167
1613
901
231
-170
-448
-275
480
865
1344
1886
2145
1704
992
680
224
29
129
429
816
1219
1465
1222
784
162
-376
-812
-1198
-1388
-1312
-1032
-831
-704
-641
-699
-858
-1121
-1395
-1597
-1570
-1429
-1255
-1051
-861
-720
-640
-678
-783
-860
-925
-1057
-1316
-1482
-1583
-1631
-1600
-1447
-1100
-754
-548
-572
-727
-916
-1134
-1332
-1372
-1106
-582
91
761
1271
1619
1716
1617
1338
1017
819
856
1017
1206
1435
1659
1780
1628
1291
907
568
386
223
179
225
348
471
512
516
465
390
294
149
29
43
172
427
861
1297
1569
1689
1657
1400
992
533
267
334
671
1163
1592
1891
2033
1863
1500
939
407
-10
-228
-186
-81
58
211
321
235
0
-252
-447
-627
-825
-821
-775
-586
-397
-256
-175
41
251
-32
-123
-380
-527
-575
-705
-724
-848
-896
-890
-1130
-1258
-1182
-1538
-1731
-2037
-2057
-1881
-2102
-2271
-2368
-2255
-2080
-2233
-2433
-2352
-1999
-1568
-1225
-975
-585
-104
201
186
-18
38
192
247
239
412
907
1224
1219
1098
1134
1037
632
88
-257
-300
-319
-337
-233
61
293
307
310
252
101
-73
-230
-152
104
276
408
517
556
550
617
787
757
763
976
926
1241
1762
2239
2336
1898
1716
1378
592
-333
-743
-421
49
601
860
1067
774
464
236
-499
-738
-722
-301
306
687
770
1165
1555
946
189
259
16
-484
-685
-1266
-952
-507
-887
-1208
-1323
-1219
-1346
-1654
-1694
-1635
-1925
-1909
-1726
-1736
-1809
-1781
-1834
-2214
-2729
-2930
-2804
-3165
-3548
-3440
-3168
-3149
-3589
-3743
-3072
-2088
-1354
-856
-241
493
1044
1079
796
690
1216
2135
2929
3255
3178
3031
2686
1924
811
-170
-692
-971
-1231
-1360
-1310
-1337
-1645
-2050
-2202
-1942
-1687
-1914
-1898
-1287
-313
533
1114
1811
2594
3095
3075
2906
2745
2358
1798
1624
2378
3673
4366
3966
3392
3190
2600
892
-836
-1477
-1210
-716
-171
695
1157
848
284
93
194
-201
-626
-409
433
1223
1567
1713
1639
1171
572
168
-454
-1525
-2519
-2723
-2312
-2017
-1943
-1803
-1731
-2012
-2375
-2619
-2955
-3354
-3537
-3278
-2819
-2428
-2308
-2561
-2796
-2737
-2394
-2262
-2532
-2650
-2154
-1540
-1342
-1579
-1501
-744
163
897
1447
2292
3307
3791
3583
2745
2015
1523
926
151
-502
-376
7
-194
-897
-1254
-1172
-1665
-2604
-2958
-2342
-1593
-1308
-786
484
1756
2356
2458
2651
2875
2661
2218
1866
1833
1940
1756
1541
1405
1199
592
6
531
1415
1472
802
1029
2305
2584
1778
1424
2160
2844
2484
2069
1962
1434
546
32
452
926
622
160
195
538
250
-694
-1243
-1314
-1213
-1191
-1075
-971
-1239
-1524
-1456
-1039
-922
-1187
-1382
-1438
-1300
-1094
-982
-1160
-1338
-1150
-1126
-1738
-2828
-3873
-4701
-5114
-4889
-4183
-3569
-3134
-2476
-1792
-1636
-1750
-1302
-72
1169
2082
3698
5676
6515
5673
4380
4099
3748
2178
221
-613
-218
-376
-1302
-1858
-1703
-1698
-2557
-3274
-3055
-2570
-2501
-2367
-1128
1036
2674
3389
3869
4477
4738
4020
2974
2305
2064
1750
1368
1336
1449
1091
160
-627
-247
832
1141
595
407
1472
2329
2021
2122
3011
3933
4095
3994
3950
2682
793
-406
-396
229
282
122
137
329
278
-433
-1209
-1560
-1448
-1074
-565
8
156
-148
-244
99
450
237
-315
-737
-1097
-1201
-1143
-1395
-1880
-2275
-2412
-2843
-3818
-4864
-5715
-6089
-6117
-5639
-4976
-4348
-3621
-2712
-1761
-934
86
1270
2205
2919
4171
5930
6811
6526
5818
5410
4828
3255
1320
-55
-644
-1017
-1604
-2063
-2294
-2706
-3285
-3656
-3397
-2779
-2321
-1698
-581
1021
2415
3334
4004
4537
4926
4851
4284
3476
2773
2212
1623
1148
873
515
-281
-1206
-1606
-791
159
302
153
761
2160
2553
2187
2340
3070
3787
3929
4064
3643
2358
1055
367
401
473
161
-218
-174
233
224
-352
-872
-842
-395
-63
140
248
137
-62
-17
250
106
-572
-1274
-1783
-2082
-2246
-2333
-2449
-2478
-2134
-1999
-2645
-3779
-4599
-5103
-5764
-6032
-5756
-5260
-4867
-4127
-2623
-1385
-795
-241
1088
2693
3356
3079
3342
5027
6538
6171
4658
4140
4335
3183
560
-1357
-1484
-1568
-2704
-3727
-3383
-2673
-3029
-3776
-3306
-1719
-742
-853
-670
929
2763
3320
3293
3996
5127
5073
3883
2927
2568
1723
198
-823
-715
-570
-1273
-1923
-1352
421
1623
1459
1165
1792
2782
2447
1697
2157
3252
3754
3642
3913
3766
2398
791
-47
-23
-89
-721
-1043
-489
435
803
518
378
572
561
51
-443
-588
-857
-1313
-1276
-658
-327
-781
-1502
-1972
-2152
-2448
-2964
-3455
-3527
-3159
-3059
-3375
-3802
-4210
-4513
-4919
-5061
-4845
-4643
-4311
-3619
-2326
-988
-57
1076
2746
4386
4807
4425
4963
6045
5717
3807
2467
2771
2707
954
-1040
-1483
-988
-1661
-3238
-3892
-3179
-2698
-3308
-3239
-1564
291
797
761
1993
3952
4533
3693
3280
3803
3844
2555
1243
831
559
-331
-1498
-1835
-1693
-1936
-2497
-1748
511
1978
1953
1743
2854
3927
3224
2382
2775
3714
3787
3267
2873
2200
1335
461
-318
-465
-420
-866
-1363
-1065
-54
350
28
-13
344
537
-12
-676
-806
-926
-1065
-1019
-994
-1148
-1593
-1954
-2100
-2127
-2224
-2688
-3098
-2886
-2499
-2606
-3095
-3279
-3273
-3425
-3869
-4821
-5329
-5183
-4602
-3577
-2603
-1826
-978
1036
3885
5441
4969
4263
5136
6308
5285
2715
1428
2128
2697
1344
-531
-1127
-1106
-1895
-3525
-4166
-3509
-3341
-3962
-3398
-820
1573
1988
1686
2733
4493
4613
3052
1923
2207
2559
1773
684
491
371
-673
-1882
-2044
-1569
-1980
-2910
-1965
1316
3977
4321
4066
4806
5757
4787
2670
1753
1776
1438
1058
1044
913
614
53
-611
-575
-328
-1127
-2321
-1953
-218
1045
1339
1238
1551
1986
1443
159
-824
-1477
-2098
-2405
-2477
-2303
-2024
-1964
-1857
-1408
-1172
-2031
-3324
-3539
-2918
-2663
-2801
-3173
-3198
-2776
-3019
-3654
-4257
-4482
-4155
-4028
-3638
-2370
-1638
-1561
558
4719
7325
6216
4180
5060
6746
5201
1686
225
1253
2044
422
-2039
-2246
-1109
-1598
-3402
-3991
-3276
-3346
-4347
-3608
-259
2423
2488
1966
3082
4945
5107
3237
1726
1894
2082
976
-454
-848
-476
-845
-1529
-1309
-810
-921
-847
282
2111
3345
3131
2576
3015
4068
4194
3113
2239
2254
2278
1349
319
189
245
-208
-646
-626
-391
-234
-238
81
903
1400
951
220
185
674
730
-122
-990
-1401
-1643
-2062
-2765
-2997
-2848
-2964
-3120
-3183
-2886
-2218
-2036
-1910
-1363
-1347
-1914
-2771
-3546
-3641
-3875
-4562
-4892
-4580
-3878
-3332
-3114
-2659
-1772
-634
1128
3741
5853
6202
5480
5406
5967
5329
3044
1276
943
668
-689
-2704
-3380
-2490
-2081
-3007
-4006
-3976
-3392
-2933
-2216
-584
1277
2177
2491
3491
4896
5318
4340
2924
2281
1857
559
-971
-1608
-1332
-1087
-1277
-1145
-456
144
557
970
1211
1369
1398
1807
2700
3513
4098
4030
3353
3081
3003
2091
874
-2
-420
-462
-579
-593
-124
647
1082
1059
968
864
692
427
193
301
366
-179
-739
-973
-1327
-1872
-2608
-3106
-3363
-3568
-3482
-3317
-3028
-2335
-1712
-1456
-1108
-861
-1247
-1990
-2547
-3012
-3448
-3687
-4329
-4241
-3350
-3259
-2920
-2683
-3093
-2221
39
3015
5460
5389
4400
5141
6156
5165
3117
1858
1296
827
-665
-2741
-2658
-1512
-1431
-2229
-3518
-3837
-3116
-2706
-1886
-449
513
1034
1855
3399
5024
5455
4404
3028
2445
1930
741
-650
-1410
-1175
-1166
-1643
-1704
-1023
421
1176
967
928
1169
1937
2613
2932
3868
4291
3719
3631
3862
3810
3092
1663
463
60
-265
-958
-993
-321
329
603
252
118
671
948
352
-225
-445
-610
-593
-585
-803
-1015
-1327
-1925
-2312
-2521
-2864
-2989
-2986
-2839
-2520
-2126
-1709
-1344
-647
-460
-1246
-1723
-2201
-2787
-3183
-4065
-4929
-5233
-5210
-5124
-4563
-3506
-3111
-2263
-15
2825
5482
6133
5027
4738
5416
5107
3449
2255
1715
897
-452
-1963
-2236
-1441
-1831
-3162
-4304
-4737
-3943
-2974
-2311
-1204
-67
836
2060
3780
5090
5386
4669
3509
2723
2094
1077
187
-412
-965
-1338
-1776
-1776
-747
85
93
146
385
988
2372
3100
3366
4028
3886
3852
4202
3816
3547
3104
1787
681
313
-113
-445
-493
-701
-654
-518
-757
-441
318
373
25
-231
-177
275
479
-60
-684
-685
-959
-1413
-1606
-2011
-2009
-1948
-2229
-2103
-1814
-1665
-1493
-1440
-1429
-1537
-1665
-1609
-1592
-1781
-2098
-2587
-3339
-3701
-4175
-5373
-6121
-6770
-7053
-5665
-3539
-440
3277
5359
6481
7347
6947
6603
6415
4688
2370
604
-535
-592
-477
-836
-952
-1429
-2947
-4015
-4433
-4640
-4361
-4470
-4381
-2611
-129
2081
4236
5662
6151
6101
5242
4476
3848
2395
717
-444
-1140
-1250
-1084
-1114
-922
-876
-865
-543
764
2809
3347
3792
4134
3917
4942
4461
3712
4126
1830
232
597
-520
-854
-564
-1336
-1365
-969
-844
-92
670
263
-11
402
612
1123
1449
1100
926
872
354
-304
-243
-616
-2102
-2713
-2779
-3246
-2761
-2399
-2538
-1760
-1400
-1655
-825
-381
-957
-938
-1479
-2237
-1918
-2332
-2865
-2768
-3405
-4590
-5772
-6719
-7543
-7805
-6029
-2987
565
3891
5608
7019
8069
7743
7566
6319
3581
1488
-137
-1114
-974
-854
-1133
-1445
-2110
-3187
-3649
-3990
-4759
-5221
-5429
-4718
-2326
118
2382
4862
6295
6824
6978
6613
5804
4374
2304
339
-808
-1440
-1690
-1588
-1609
-1709
-1600
-1647
-1270
-143
-22
808
2593
3022
4664
5369
4736
5965
4283
2317
2995
437
-1336
-683
-2193
-2416
-1393
-1667
-741
367
-9
517
1313
726
986
1449
888
1158
1374
786
842
878
76
-1015
-1769
-2338
-3280
-3483
-3120
-3241
-2685
-2201
-1902
-640
-254
-676
-565
-1120
-1856
-1934
-2299
-2681
-2949
-3506
-4136
-4383
-4791
-6270
-7704
-8299
-7505
-4211
-406
2104
3842
5360
7037
8344
8540
7650
5831
3444
1214
154
97
-169
-603
-1285
-2344
-2553
-2631
-3055
-3436
-4479
-5322
-5019
-3621
-1208
1201
2821
4143
5511
6700
7311
7185
6112
4175
2400
840
-322
-704
-1189
-1812
-2210
-2474
-2120
-1385
-1003
-844
191
1574
1987
2959
3645
3720
4635
3515
2713
3806
1754
390
1163
-330
-839
-137
-707
-223
319
-404
108
930
530
784
1156
772
1047
1279
597
659
891
75
-522
-699
-1189
-1767
-1824
-1828
-2274
-2269
-2102
-1787
-1303
-1374
-1132
-982
-1523
-1645
-1826
-2111
-2476
-3151
-3428
-4313
-4808
-4612
-5414
-5655
-6428
-8049
-6900
-4198
-1525
1569
3028
4028
6362
7538
8041
8530
6777
4448
3153
1622
756
675
-531
-1557
-1791
-2681
-2789
-2287
-3036
-3722
-4312
-5117
-4017
-2178
-1173
331
1783
3006
4816
6203
6673
6591
5546
3987
2755
1610
595
-143
-1155
-2041
-2080
-1564
-900
-211
147
177
-26
-128
54
290
541
516
751
1397
1853
2682
3494
3183
2556
2344
1914
1668
1495
702
201
142
-67
257
729
616
586
462
-69
-111
-154
-531
-642
-925
-1428
-1397
-1077
-1024
-1032
-1304
-1478
-1345
-1485
-1720
-1891
-2368
-2677
-2507
-2711
-2495
-2102
-2626
-2499
-2318
-3057
-3413
-4214
-5528
-5809
-6418
-7459
-6671
-4655
-2229
750
2796
4203
6523
8036
8162
8174
6683
4633
3607
1993
800
432
-500
-757
-613
-1344
-1725
-1849
-2625
-3532
-4597
-5365
-4953
-3887
-2965
-1700
143
2124
4266
5870
6643
6931
6448
5334
3988
2496
1229
148
-942
-1506
-1531
-1140
-532
-247
85
172
-70
-154
-386
-591
-657
-508
221
887
1653
2977
3888
4080
3994
3796
3474
2814
1957
975
388
159
-34
82
189
212
175
-81
-329
-513
-833
-1329
-1533
-1632
-1903
-1772
-1431
-1319
-1219
-1192
-1107
-965
-1090
-1185
-1434
-1706
-1759
-1958
-1797
-1854
-2341
-2131
-2293
-2908
-2693
-3588
-4937
-4725
-5495
-6095
-5662
-6767
-5917
-2668
-1182
887
3175
3858
6257
8082
7320
7386
6630
4624
4033
2847
1149
1112
514
-785
-949
-1646
-2269
-1903
-3145
-4745
-5059
-5503
-5094
-4007
-3719
-2381
-253
1373
3402
5007
5856
6512
6239
5317
4609
3770
2762
1788
741
226
357
610
998
1067
687
481
145
-343
-631
-1285
-1501
-1223
-1185
-260
1004
1652
2420
2864
2909
3385
3468
2780
2325
1697
975
951
725
318
456
133
-261
65
-193
-727
-1025
-1941
-2572
-2672
-2954
-2860
-2469
-2549
-2233
-1398
-1196
-890
-680
-1114
-896
-895
-1474
-1534
-1728
-1834
-1850
-2309
-2419
-2990
-3764
-4249
-5263
-5874
-6604
-7025
-6297
-4751
-2501
-798
847
3036
5176
7453
8298
7751
7550
6703
5772
4779
2891
1862
1098
-42
-645
-1239
-1640
-1971
-2884
-4096
-5028
-5311
-5531
-5616
-5327
-4808
-3143
-973
871
3029
4779
6047
7080
7062
6755
6347
5441
4340
3077
2255
2096
2123
1977
1659
1468
1327
927
173
-759
-1621
-2367
-2864
-2842
-2571
-1980
-947
170
1154
2155
3263
3906
3853
3536
3205
2936
2538
1845
1240
1132
950
708
491
-64
-427
-884
-1773
-2504
-3060
-3821
-4399
-4542
-4647
-4339
-3495
-2868
-2420
-1626
-1075
-683
-266
-521
-819
-577
-848
-1482
-1567
-2268
-3166
-3096
-3890
-4702
-4548
-4826
-4654
-3308
-2677
-1871
134
1041
2263
4315
4521
5119
5989
5063
4909
4740
3352
3029
2472
1074
797
348
-607
-809
-1480
-2619
-3036
-3669
-4429
-4250
-4341
-4314
-3266
-2365
-1152
428
1507
2786
3985
4480
5013
5277
5144
5100
4847
4611
4209
3852
3555
3092
2789
2212
1523
914
-3
-666
-1079
-1902
-2447
-2453
-2615
-2436
-1652
-1012
-299
621
1183
1840
2489
2641
2761
2627
2263
2050
1818
1548
1218
1024
641
198
46
-529
-1296
-1825
-2759
-3532
-4003
-4522
-4745
-4751
-4556
-4027
-3429
-3069
-2813
-2216
-1877
-1745
-1460
-1837
-2057
-2050
-2533
-2796
-3106
-3343
-2690
-2331
-1985
-1114
-482
1101
2399
2652
3448
3895
4036
4257
3678
3255
3163
2592
2139
1882
1408
1199
1053
396
-173
-563
-1358
-1916
-2497
-3335
-3401
-3356
-3248
-2657
-2243
-1305
13
842
1708
2600
3142
3578
3843
3949
4315
4433
4151
4114
4170
4345
4369
3782
3038
2414
1689
988
163
-764
-1457
-1787
-1914
-2024
-1855
-1422
-1039
-808
-639
-147
449
784
973
1064
1317
1760
1882
1918
1783
1562
1629
1366
982
582
-121
-619
-1255
-1864
-2310
-2705
-3176
-3808
-4111
-4377
-4534
-4618
-4787
-4692
-4422
-4222
-4027
-3847
-3697
-3404
-3096
-3142
-3260
-3186
-2633
-1242
-544
-237
639
1932
3934
4823
4542
4837
4990
5110
4776
3623
2942
2458
1809
1213
676
399
218
-199
-926
-1421
-1649
-2011
-2350
-2942
-3547
-3376
-3122
-2794
-2328
-2028
-1049
92
1026
2028
2715
3408
3979
4217
4451
4532
4616
4590
4106
3887
3973
4052
3685
2834
2217
1803
1170
114
-883
-1597
-2211
-2480
-2643
-2409
-1751
-1302
-879
-467
61
632
872
836
813
1037
1239
1406
1507
1471
1633
1758
1542
1189
719
159
-545
-1146
-1786
-2609
-3178
-3714
-3975
-4123
-4471
-4514
-4578
-4684
-4675
-4703
-4746
-4726
-4784
-4644
-4269
-4140
-4037
-3982
-3488
-2014
-1027
-310
419
1667
3967
5138
5246
5503
5745
6210
5869
4619
3892
3290
2517
1845
1227
869
532
-83
-842
-1198
-1532
-2241
-2803
-3451
-3986
-4092
-3993
-3367
-2775
-2479
-1751
-611
585
1586
2039
2565
3355
3908
4083
4317
4718
4912
4881
4543
4674
5010
4568
3960
3115
2370
1898
963
32
-760
-1341
-1755
-2317
-2505
-2387
-2205
-1973
-1659
-1162
-663
-271
98
368
588
889
1177
1362
1500
1658
1683
1577
1500
1202
650
127
-450
-1134
-1771
-2650
-3282
-3754
-4412
-4605
-4898
-5150
-5092
-5389
-5510
-5626
-5619
-5376
-5385
-5244
-5063
-5072
-4513
-3396
-1972
-889
-343
1280
3607
5175
5675
5740
6373
7108
6935
6040
5363
5116
4631
3843
3084
2545
2185
1180
0
-656
-1479
-2625
-3811
-4651
-4949
-5345
-5505
-5135
-4390
-3514
-2836
-1768
-252
904
1567
2193
2989
3734
4019
3977
4240
4969
5430
5243
5307
5353
5470
5285
4277
3751
2934
1730
858
-220
-924
-1575
-2157
-2363
-2546
-2410
-2354
-2308
-2036
-1846
-1614
-1471
-1280
-905
-577
-209
258
923
1407
1739
2191
2319
2369
1907
1043
334
-489
-1406
-2376
-3271
-3859
-4380
-4851
-5019
-5178
-5533
-5889
-6531
-6761
-6648
-6759
-6479
-6278
-5885
-5337
-4525
-2750
-1083
-176
493
1813
3751
4876
4930
4997
5571
6092
5868
5409
5328
5477
5226
4459
4089
4078
3518
2298
950
196
-657
-2222
-3595
-4388
-4750
-5163
-5543
-5293
-4534
-3900
-3525
-2914
-1811
-589
115
552
1195
2330
3292
3830
4477
5182
5778
6141
6401
6491
6152
5576
4807
4026
3228
2280
1412
513
-108
-480
-917
-1212
-1454
-1747
-2011
-2151
-2213
-2257
-2328
-2286
-2052
-1671
-1250
-668
-151
226
709
1029
1347
1461
1331
1097
721
639
290
-243
-740
-1359
-1921
-2639
-3449
-4231
-5164
-5946
-6619
-7311
-7628
-7832
-7568
-7203
-6744
-6010
-5578
-4559
-3083
-1929
-799
464
2052
3507
4093
4711
5716
6395
6391
6001
5860
6000
5888
5354
4762
4495
4295
3554
2413
1606
963
-214
-1504
-2533
-3208
-3666
-4394
-4780
-4727
-4532
-4078
-3782
-3358
-2585
-1889
-1211
-526
406
1280
1955
2724
3605
4478
5186
5752
6110
6132
6181
6107
5657
4994
4176
3529
2769
2035
1405
616
41
-457
-896
-1315
-1666
-1856
-2164
-2425
-2351
-2195
-2070
-1928
-1695
-1307
-995
-712
-445
-189
140
204
197
264
335
281
-111
-462
-698
-1102
-1554
-2062
-2565
-3182
-3911
-4637
-5431
-6015
-6587
-7132
-7299
-7094
-6613
-6161
-5655
-4739
-3727
-2652
-1304
18
1264
2117
2898
3930
4827
5416
5603
5727
6065
6300
6169
5852
5585
5339
4723
3735
2901
2120
1180
133
-869
-1730
-2438
-3117
-3626
-3846
-3962
-3895
-3831
-3679
-3205
-2764
-2337
-1866
-1100
-160
587
1258
2050
2922
3709
4439
4994
5324
5580
5727
5636
5281
4864
4454
3949
3332
2793
2295
1790
1294
845
320
-240
-653
-1179
-1662
-1981
-2187
-2316
-2486
-2387
-2155
-1937
-1733
-1507
-1233
-1028
-863
-838
-782
-710
-574
-562
-785
-817
-832
-1055
-1414
-1691
-2157
-2708
-3339
-4116
-4671
-5206
-5465
-5752
-6057
-5871
-5571
-5124
-4810
-4539
-3930
-2699
-1064
-7
351
954
2327
3715
4047
3869
4422
5342
5746
5529
5310
5567
5764
5411
4631
4180
3892
3010
1744
807
455
-77
-1106
-2050
-2600
-2732
-2903
-3246
-3531
-3564
-3218
-2747
-2271
-1896
-1450
-711
87
859
1578
2299
2996
3629
4086
4508
5031
5295
5057
4876
4941
4943
4590
3824
3245
2960
2593
1825
897
375
71
-417
-1039
-1392
-1578
-1766
-2023
-2277
-2250
-2240
-2430
-2523
-2305
-1938
-1666
-1544
-1535
-1293
-997
-959
-1158
-1346
-1481
-1556
-1605
-1771
-1970
-2288
-2630
-3087
-3676
-4212
-4692
-5000
-5215
-5236
-5081
-4525
-4041
-3914
-3628
-2770
-1150
-137
-163
30
1265
2947
3432
2987
3110
4140
5017
4915
4554
4649
4894
4719
4159
3880
3953
3484
2404
1528
1239
1053
372
-549
-1247
-1436
-1377
-1378
-1563
-1934
-1978
-1605
-1349
-1425
-1573
-1241
-678
-264
251
927
1720
2313
2581
2958
3485
3876
3891
3600
3577
3944
4085
3750
3310
3215
3273
2976
2285
1586
1179
902
400
-220
-670
-941
-1227
-1620
-1931
-2004
-2097
-2261
-2409
-2463
-2386
-2339
-2361
-2388
-2374
-2303
-2113
-2020
-2125
-2175
-2212
-2169
-2187
-2394
-2726
-3029
-3268
-3402
-3695
-4072
-4225
-4093
-3674
-3346
-3171
-3240
-3158
-2270
-1040
-383
-612
-613
583
2198
2708
2251
2217
3121
4067
4124
3867
4043
4308
4185
3860
3730
3648
3125
2300
1786
1611
1444
1051
511
-57
-522
-540
-314
-484
-1059
-1359
-966
-458
-469
-783
-695
-227
117
250
548
1039
1335
1491
1800
2299
2680
2640
2444
2546
2842
2985
2876
2645
2461
2444
2460
2323
1945
1486
1180
941
690
262
-315
-704
-862
-951
-1140
-1542
-1875
-2012
-2132
-2336
-2577
-2687
-2747
-2841
-2891
-2977
-2751
-2563
-2668
-2851
-3014
-3017
-3093
-3332
-3521
-3649
-3811
-3803
-3614
-3380
-3169
-2944
-2688
-2582
-2466
-1955
-1050
-527
-631
-610
342
1832
2469
2093
1916
2589
3472
3613
3286
3183
3422
3566
3546
3567
3386
2862
2308
2088
1970
1590
1105
776
577
313
173
380
601
315
-202
-256
101
174
-167
-480
-455
-90
308
658
880
853
866
1138
1559
1599
1203
953
1198
1667
1931
1909
1771
1766
1750
1690
1612
1264
833
579
534
591
451
211
-151
-352
-321
-503
-858
-1146
-1505
-1992
-1774
-1753
-1870
-2288
-2582
-2616
-2537
-2524
-2957
-3348
-3439
-3320
-3250
-3308
-3342
-3341
-3291
-3099
-3062
-3069
-2935
-2664
-2497
-2553
-2622
-2394
-1701
-927
-702
-801
-431
652
1724
1730
1353
1596
2419
3025
3015
2873
3088
3478
3651
3727
3632
3261
2760
2403
2296
1964
1407
1040
904
701
406
342
729
837
256
-175
96
624
517
-73
-357
-72
497
712
712
625
531
740
1224
1399
894
407
425
961
1164
753
500
634
729
649
817
744
254
17
32
442
679
334
391
439
254
564
210
-144
-44
-295
-464
-251
-77
-884
-1343
-1223
-1521
-2064
-2461
-2529
-3080
-3470
-3230
-3069
-3227
-3685
-3664
-3420
-3212
-3585
-3673
-3428
-3038
-2533
-2258
-2216
-2101
-1570
-813
-420
-467
-487
-5
647
957
988
1062
1405
1762
2043
2241
2492
2629
2737
3014
3106
2977
2749
2635
2546
2337
2021
1806
1678
1479
1264
1086
1221
1296
856
368
119
188
189
-71
-446
-572
-177
225
437
341
136
125
417
565
773
344
97
634
989
1352
1001
544
396
779
781
176
-125
15
305
528
0
176
250
-134
-212
-458
129
-416
-85
-295
-697
-304
82
-176
-1007
-919
-838
-701
-1082
-1711
-2104
-1950
-2057
-2328
-2941
-3140
-3179
-3521
-3379
-3557
-3824
-3740
-3627
-3150
-2797
-2637
-2452
-2381
-2018
-1442
-914
-686
-524
-68
701
1247
1547
1701
1755
1951
2061
2246
2308
2208
2087
2143
2487
2668
2516
2250
2128
2130
2046
1860
1627
1401
1160
1065
1204
1336
1156
733
391
411
568
525
159
-240
-250
-17
89
-16
-153
32
192
561
1097
882
426
390
729
1347
727
318
802
913
1055
421
606
594
266
384
561
-102
411
665
-93
-377
-289
37
18
-421
-1387
-1328
-245
-707
-806
-1292
-948
-552
-993
-757
-1715
-1659
-1445
-1401
-1718
-2105
-1948
-2036
-2078
-2324
-2529
-2735
-2973
-3064
-3035
-2782
-2923
-2721
-2455
-2212
-1946
-1820
-1520
-1056
-679
-395
-139
378
869
1393
1580
1655
1782
1989
2261
2241
2130
1950
1891
2040
2000
1785
1483
1275
1227
1307
1132
883
760
715
718
664
651
619
571
413
262
439
489
380
152
383
831
1046
1109
998
913
837
894
1011
667
441
482
940
1170
1062
536
505
957
722
256
430
294
365
513
289
565
451
154
124
360
254
-99
-785
-448
-264
-563
-1300
-1381
-1094
-1309
-1188
-1646
-1835
-1160
-1308
-1827
-2112
-1634
-1492
-2038
-2378
-2216
-1623
-1873
-1964
-2004
-1941
-1999
-2158
-1874
-2217
-2434
-2273
-1681
-1323
-1726
-1597
-1362
-1051
-875
-643
-445
-470
-137
401
996
983
852
880
1070
1312
1197
1306
1237
1211
1282
1481
1623
1266
926
735
797
676
444
422
456
503
486
680
741
625
238
162
516
932
1019
750
877
1309
1337
1827
1570
892
755
1524
1758
915
980
792
1109
1305
1074
849
615
612
777
961
538
57
376
202
372
372
-218
150
187
209
-285
-151
354
-170
-1491
-940
-287
-815
-1350
-1928
-1584
-927
-1180
-1851
-1533
-1551
-1625
-1729
-1864
-1742
-1830
-1939
-1397
-1521
-1570
-1402
-1278
-1260
-1535
-1029
-843
-1194
-1156
-868
-900
-992
-791
-705
-871
-1084
-1146
-861
-654
-647
-820
-589
-282
-191
-29
-22
-171
-207
79
430
528
493
572
994
1104
1061
1131
1025
838
655
799
968
830
723
809
997
1012
1165
1191
834
584
935
1477
1342
1066
873
1479
1600
1759
1349
1308
1338
1241
1538
1395
1578
872
1015
1318
1055
1135
1008
697
479
898
626
1377
-158
-659
600
-459
208
-292
-668
-627
-609
-619
-333
-529
-1710
-878
-756
-1630
-1166
-1324
-1436
-1959
-1083
-708
-1374
-1374
-1655
-392
-993
-1189
-891
-1393
-1219
-703
-565
-1140
-924
-439
-338
-542
-657
-760
-684
-504
-1101
-1185
-923
-1236
-1248
-1544
-1368
-1344
-1593
-1872
-1695
-1156
-1190
-1140
-1354
-944
-534
-288
-335
-433
-1
97
562
763
908
1202
1211
1456
1474
1597
1278
1241
1275
1040
1234
1274
1276
1241
1150
1312
1606
1571
1071
811
1310
1723
1538
1336
1092
1444
1694
1783
1192
1365
1600
1234
1819
1361
1281
1031
886
1072
594
1127
739
-679
672
280
104
-740
-1153
-120
-935
-413
-1862
-1105
-167
-1754
-1190
-959
-80
-1106
-1067
-1124
-1189
139
-17
-570
-1367
-122
463
-222
-471
-978
-202
190
-134
-564
-757
-111
-261
-912
-800
-174
-971
-1599
-734
-569
-831
-1615
-1394
-1291
-1551
-1449
-2456
-2179
-1928
-1549
-1534
-1699
-1712
-2010
-967
-618
-923
-1215
-816
4
193
272
42
769
818
745
849
1176
1606
1092
1357
1288
1576
1643
1306
1365
1067
1430
1485
1483
1267
965
1613
1544
1585
1120
1357
1477
1381
1757
1708
1788
1479
1566
1733
1895
1403
400
1024
750
1084
753
503
709
-35
730
-142
356
-511
-1130
-442
-506
226
-993
-1263
-225
-885
565
-700
-701
-305
-171
1109
-198
-6
94
322
188
344
161
-673
568
-206
-63
611
-37
-778
-296
-24
-1013
-880
-425
-1095
-635
-1004
-884
-904
-1107
-1200
-1596
-1674
-1518
-1092
-1874
-1963
-1077
-1351
-1708
-1612
-1253
-1133
-1503
-1166
-464
-730
-970
-829
-529
-243
-110
122
-209
-286
539
1067
722
139
365
927
1213
883
438
1140
1261
1084
1198
1612
1466
992
1148
1739
1414
1069
1359
1471
1233
1065
2036
1885
782
526
1477
1882
1008
151
671
1135
575
-142
513
650
-386
-208
256
740
-190
-804
361
334
324
134
-290
111
596
393
398
80
1191
363
459
843
521
170
318
592
544
-23
304
12
169
-22
-372
372
-405
77
-895
-529
-500
-643
-587
-1466
-1403
-661
-542
-1462
-2088
-849
-922
-1050
-1100
-1063
-1294
-1175
-582
-947
-786
-992
-672
-998
-392
-576
-1251
-553
-1003
-499
-293
-520
-1015
-1237
-519
-422
-129
-417
-985
-39
456
603
-149
-2
507
762
609
342
1073
1387
1407
1189
1688
1898
1612
1482
845
1272
1316
1159
975
753
815
868
1023
865
148
308
204
7
655
-264
-28
-227
-54
796
1179
-36
-175
1318
1252
1144
789
934
1304
1036
1158
1235
1004
447
942
1478
923
431
868
634
402
115
-352
-26
-120
-13
-420
9
-368
-544
-766
-791
571
-1249
-888
-320
-1089
-499
-1251
-543
-107
-1156
-901
101
-683
-1192
-855
-679
-1129
-436
-979
-316
-482
-531
-539
-805
101
-721
-1452
-687
-441
-829
-972
-939
-1445
-1050
-631
-1367
-1271
-1606
-868
-612
-715
-826
-825
-37
-73
287
334
564
359
325
1172
1492
1150
885
1214
1595
1160
999
827
596
395
695
1039
454
-48
269
566
380
178
489
502
161
502
775
1319
483
589
1121
1281
1051
971
1719
1569
1050
1046
1909
2345
652
593
1208
2332
729
236
824
128
1035
108
371
-337
-1123
636
-512
46
-688
-346
-303
-290
-984
-223
53
-1671
-744
-218
240
-594
-1665
-44
1
131
-670
-1277
-25
-862
-461
-401
-514
-1269
-1112
96
-993
-1053
-1213
-141
-1122
-1702
-287
-1343
-1416
-1657
-1398
-645
-1963
-2126
-1818
-940
-1057
-1639
-1022
-1372
-985
-814
-611
-623
-496
248
356
246
-159
377
1061
715
362
621
1385
1097
392
663
1021
937
355
354
815
344
404
468
652
777
305
895
919
1214
1201
139
1443
1635
1119
1199
1503
1134
1680
1214
1357
1628
771
1703
1481
820
1102
-205
996
1240
-668
809
132
969
-70
-348
583
-149
-419
-38
-418
-953
-173
-217
-568
161
-704
4
-341
-815
77
-1088
-37
365
-1500
69
230
-977
-751
433
-1516
-811
-870
-981
-294
-834
-1620
-1820
-359
-1033
-1828
-1459
-1762
-1381
-1877
-1705
-1866
-2147
-1306
-2286
-1526
-2096
-1306
-1096
-2332
-1671
-938
23
-1112
-1751
-174
636
361
-514
255
917
682
450
733
1379
939
834
1174
1328
1423
956
901
726
933
1122
1016
908
570
856
1174
1285
730
1049
1644
663
588
1626
1692
567
639
818
1610
1287
715
556
1296
1132
415
898
948
543
764
768
649
981
234
559
266
-238
428
511
-255
-1005
-491
987
-660
-1039
87
-550
-27
105
-380
-1486
361
-135
-725
-1364
-88
69
-167
-1438
-645
-222
-1006
-1537
-1593
-484
-1534
-1587
-1065
-2049
-1353
-1839
-2204
-1904
-1903
-1532
-2689
-2102
-1970
-2265
-2289
-2215
-1732
-1966
-2157
-2068
-1061
-707
-1464
-932
-605
24
85
94
555
542
1107
897
1275
1506
1566
1674
1385
1766
1969
2154
1284
937
1549
1431
1134
417
527
849
776
599
355
1166
673
668
659
884
1262
913
544
683
1460
1204
613
1102
1352
1139
349
1191
1232
786
1012
407
998
728
830
183
617
779
-103
810
-59
115
211
-297
-161
-56
265
-128
-1441
189
238
-941
-652
-700
218
-1566
-152
110
-1407
-817
-519
-689
-1055
-1651
-1492
-1998
-1536
-2145
-2053
-1126
-2042
-3261
-2448
-1768
-2423
-3110
-3383
-1888
-1925
-2481
-2341
-2092
-1638
-2079
-1609
-609
-799
-1337
-850
557
995
401
231
1098
1956
1698
1601
2045
2490
2324
2046
2542
2777
2304
1463
1359
1781
1613
871
285
242
292
208
-9
-184
-164
-196
-228
33
536
567
463
235
1142
1846
863
562
1298
2101
1557
1148
1387
1519
1300
1089
871
1651
1333
-345
282
1433
542
-359
-212
917
231
-880
-92
157
339
-1425
-169
532
293
-182
-1126
-290
-620
-1582
-254
-273
-1353
-1720
-711
-804
-1838
-1343
-1187
-1667
-2409
-2483
-1877
-2324
-2517
-2525
-2279
-2596
-2905
-2782
-2540
-2706
-2829
-2452
-2033
-2394
-2503
-1300
-229
-743
-1423
-708
884
1261
573
577
1773
2593
2100
2087
2966
3344
2789
2355
3014
3487
2887
1841
1630
2228
1999
1007
421
399
370
-104
-380
-57
-99
-721
-812
-414
7
-132
-201
53
452
951
1027
1221
1007
1417
2336
2244
2090
2416
2359
2146
1723
1787
1561
983
832
540
729
376
-571
-345
287
-684
-1344
-620
125
-773
-1419
-413
682
-556
-995
-773
-837
-880
-11
519
-1612
-1312
-321
-806
-1922
-1914
-1708
-2855
-2792
-2433
-2768
-3576
-4384
-3490
-2903
-4272
-4448
-3352
-2784
-3457
-4108
-2955
-1096
-587
-1202
-1447
-249
1501
1941
1101
848
2282
3573
3272
2713
3666
4763
3863
2746
3648
4842
3672
1534
1728
3119
2735
607
-147
636
336
-989
-1244
-439
-665
-1599
-1265
-295
-177
-920
-909
-4
500
160
519
1418
1660
1744
2276
2885
2733
2552
2652
2812
2823
2393
1954
1617
1223
1228
1324
417
-595
-649
-354
-576
-1646
-1834
-1289
-1315
-1585
-1840
-770
-963
-1903
-1663
-382
-507
-1759
-1348
-891
-167
-1084
-2312
-1785
-2079
-2438
-2737
-3026
-2989
-3576
-3695
-4076
-4431
-4287
-4054
-3783
-3827
-4390
-3494
-1222
78
-496
-1663
-413
2237
2996
1331
847
3133
4716
3875
3414
5129
5905
3901
2522
4066
5358
3093
464
1110
3031
2293
-18
-345
603
-236
-1877
-1625
-310
-422
-1712
-1534
256
1066
254
-326
444
1142
1320
1550
2015
2551
2655
2690
3264
3789
3235
2357
2190
2534
2724
2085
1094
612
909
948
-5
-745
-1021
-1333
-1702
-1886
-1501
-1404
-1805
-2339
-1748
-726
-1276
-1733
-1897
-1417
-1080
-1365
-1190
-1617
-1614
-1672
-2319
-2428
-2710
-3312
-3945
-4370
-4453
-4472
-4721
-4847
-4559
-4130
-3919
-4325
-2812
-325
326
-1326
-1636
1682
3992
2248
130
2169
5580
5215
3155
4270
6892
5783
2732
2980
5408
4415
618
-184
2211
2870
145
-1604
-511
-198
-2016
-2973
-1563
-702
-1529
-1636
-82
1135
813
443
978
1748
2065
2337
3178
3698
3918
4297
4768
4833
4308
3777
3031
2566
2565
2272
1358
480
284
5
-764
-1826
-2430
-2425
-2834
-3134
-2856
-2228
-2278
-2629
-2272
-1640
-1545
-1984
-1755
-1282
-1026
-1150
-1369
-1060
-1102
-1559
-2211
-2535
-2634
-3358
-4183
-4404
-3981
-3934
-4619
-4932
-4579
-4109
-3189
-1460
-231
-643
-1337
353
2878
2943
1086
1166
3736
5099
4282
4178
5637
5657
3627
2726
3931
3934
1131
-813
212
1554
328
-1604
-1717
-1518
-2326
-3181
-2330
-1215
-1370
-1845
-891
1133
1816
1265
1000
1763
2623
3191
3763
4213
4478
4458
4778
5339
5161
3974
2662
2479
2747
2321
1186
144
-102
-358
-1091
-1808
-2204
-2736
-3425
-3437
-2773
-2405
-2899
-3511
-3107
-2279
-2002
-2498
-2562
-2102
-1800
-1582
-1560
-1560
-2067
-3047
-3425
-3057
-3147
-3963
-4336
-3798
-3395
-3571
-3632
-3446
-2518
-755
675
758
236
1365
3451
3861
2311
2120
4274
5288
4278
3985
5738
6067
3714
1922
2669
3050
495
-1876
-1394
-14
-904
-2602
-2628
-2039
-2748
-4076
-3523
-1576
-593
-1059
-1015
781
2609
3030
2442
2407
3245
4064
4471
4812
5310
5169
4604
4485
4761
4177
2537
1229
1051
1210
635
-303
-950
-1324
-1856
-2372
-2483
-2786
-3434
-3698
-3097
-2170
-1963
-2347
-2270
-1650
-1369
-1624
-1862
-1737
-1561
-1835
-1889
-1688
-2081
-3132
-4242
-4610
-4492
-4868
-5467
-5777
-5678
-5310
-4981
-4090
-1882
333
850
23
744
3552
5147
3721
2053
3659
6645
6914
5589
6097
7361
6065
3301
2613
3366
1866
-1548
-2647
-990
-222
-2120
-3791
-3599
-3441
-4394
-5001
-3953
-2553
-1557
-545
667
1944
2797
3042
2967
3134
3709
4255
4746
5168
5649
5786
5320
4767
4239
3129
1506
716
578
-33
-886
-1176
-1107
-1561
-2322
-2817
-2911
-3180
-3656
-3412
-2690
-2388
-2387
-2095
-1351
-1084
-1412
-1672
-1462
-1253
-1560
-1910
-1720
-1402
-2047
-3363
-4263
-4551
-5109
-6360
-6536
-5410
-4935
-5408
-5465
-3215
50
1405
382
-176
1972
4461
4701
3435
3629
5599
6717
6240
6135
7271
6746
3860
1922
2610
2876
311
-2426
-2545
-1118
-1308
-3017
-3832
-3772
-4142
-4714
-3890
-1958
-773
-493
351
2204
3745
3945
3395
3274
3914
4611
4919
5258
5520
5328
4727
4430
4112
2970
1192
-105
-304
-306
-807
-1526
-1931
-2115
-2423
-2575
-2754
-3158
-3650
-3545
-2631
-1702
-1514
-1743
-1421
-906
-629
-831
-1193
-1309
-1559
-1888
-1776
-1342
-1740
-3252
-4768
-5419
-5490
-6016
-6998
-7542
-7100
-5928
-4954
-4161
-2309
555
1949
1040
730
3254
5872
5049
2996
4259
7705
8447
6493
6005
7211
6235
2752
903
1677
1171
-1988
-3979
-2653
-1091
-2449
-4666
-4819
-3859
-3889
-4289
-3125
-1130
93
906
2450
4386
5067
4615
4294
4959
5728
5582
5389
5559
5762
5350
4640
3975
2952
1510
-42
-670
-659
-1137
-2088
-2406
-2040
-2055
-2471
-2689
-2742
-3047
-3293
-2843
-1797
-1252
-1560
-1549
-743
-91
-653
-1538
-1808
-1639
-1844
-2458
-2405
-2382
-3279
-4912
-5731
-5182
-5644
-7441
-8683
-7486
-5337
-4484
-4585
-3250
463
2948
2549
1591
3226
5887
5837
4231
4639
7545
8605
6774
5753
6962
6845
3306
111
-27
357
-1798
-4476
-4279
-2823
-3226
-5108
-5575
-4569
-4500
-5289
-4763
-2123
613
1942
2606
4177
6175
6740
6011
5657
6023
6163
5873
6016
6500
6204
4892
3661
3052
1946
47
-1459
-1942
-2184
-2347
-2158
-1772
-1813
-2158
-2280
-2045
-2057
-2472
-2520
-1758
-779
-302
-137
165
495
180
-737
-1313
-1275
-1725
-2653
-3129
-3027
-3440
-4638
-5804
-6766
-7619
-8755
-9440
-8849
-7853
-7164
-6155
-4077
-1171
1410
2592
2662
3451
5189
6409
6601
6726
7581
8562
8929
8888
8577
7526
5209
2587
1015
62
-1475
-3521
-4750
-4823
-4637
-5077
-5813
-6216
-6523
-6710
-6309
-4713
-2545
-278
2090
4390
6073
7129
7724
7688
7241
6778
6568
6728
6965
6838
6306
5537
4316
2795
1131
-683
-2194
-2982
-3304
-3341
-2779
-2207
-2091
-2151
-2063
-1936
-2112
-2215
-1933
-1223
-357
311
866
1408
1571
1259
564
-253
-983
-1686
-2412
-3098
-3493
-3862
-4480
-5718
-7335
-8638
-9486
-9617
-9421
-9313
-8466
-6352
-3494
-806
1151
2293
2830
3848
5285
6240
6477
6667
7554
8727
9312
9126
8548
7165
4690
2310
919
-229
-2278
-4224
-4901
-4612
-4551
-5145
-5717
-6032
-6274
-6488
-5801
-4051
-1803
792
3095
4912
6457
7758
8170
7394
6620
6210
6166
6182
6094
6013
5511
4306
2869
1647
86
-1835
-3267
-3747
-3623
-3164
-2539
-2103
-1850
-1593
-1491
-1455
-1435
-1352
-1058
-373
527
1270
1789
1955
1782
1477
898
19
-1111
-1936
-2437
-3049
-3910
-4546
-4787
-5919
-7892
-9387
-9415
-8716
-8843
-9018
-7616
-4564
-1688
492
2118
3114
3911
4906
6052
6711
6927
7108
7735
8579
8896
8625
7451
5350
2774
886
-343
-1983
-3941
-5482
-5682
-5270
-5322
-5742
-6053
-6050
-6194
-5963
-4656
-2657
-482
2154
4888
6758
7992
8949
9149
8335
7262
6605
6328
6227
5880
5501
4918
3699
2033
508
-1054
-2866
-4038
-4504
-4377
-3717
-2933
-2417
-2049
-1607
-1439
-1519
-1363
-1004
-557
165
1036
1765
2262
2560
2421
1697
833
240
-590
-1651
-2510
-3103
-3849
-4579
-5175
-6035
-7557
-9110
-9344
-8641
-8391
-8605
-7437
-4699
-1737
809
2496
3468
4273
5579
6823
7306
7278
7333
8043
8643
8759
8465
7433
5322
2612
714
-653
-2287
-4445
-6144
-6436
-6074
-6008
-6383
-6482
-6367
-6396
-6041
-4786
-2745
-530
2042
4456
6304
7986
9183
9466
8682
7728
7083
6835
6651
6045
5493
4663
3539
2095
591
-1094
-2856
-4010
-4699
-4637
-3908
-3270
-2991
-2569
-1784
-1330
-1342
-1303
-853
-293
246
896
1776
2519
2557
2144
1749
1316
515
-779
-1967
-2641
-3113
-3903
-5026
-5778
-6537
-7704
-9112
-9627
-8957
-8653
-8366
-7352
-5014
-2147
508
2815
4152
5068
5857
6973
8027
8224
8016
8061
8748
9100
8823
7634
5639
3352
1007
-868
-2599
-4227
-5853
-6970
-6985
-6570
-6303
-6540
-6835
-6718
-6107
-5009
-3551
-1527
837
3535
6124
7809
8962
9496
9381
8518
7550
7004
6456
5967
5320
4685
3888
2554
866
-865
-2477
-3922
-4682
-4942
-4668
-3928
-3094
-2259
-1659
-1210
-1005
-870
-519
-32
473
1036
1832
2523
2848
2680
2256
1632
690
-403
-1496
-2391
-3154
-4010
-4892
-5824
-6453
-7002
-8212
-9573
-9831
-9051
-8515
-8105
-6803
-4335
-1364
1130
3137
4742
5941
6674
7240
7992
8428
8506
8592
8749
8882
8618
7490
5285
2863
691
-1281
-3146
-4849
-6016
-6734
-6860
-6664
-6530
-6468
-6503
-6373
-5879
-4735
-3170
-1326
876
3633
6858
8731
9165
9305
9482
8964
7593
6616
5910
5535
4984
4299
3713
2498
585
-1500
-2947
-4073
-4810
-5057
-5089
-4307
-3053
-1977
-1565
-1180
-721
-555
-366
-6
705
1341
1774
2206
2836
3163
2664
1729
547
-592
-1618
-2490
-3243
-4252
-5376
-6112
-6450
-6887
-7816
-9256
-9936
-9330
-8411
-7789
-6905
-4863
-1956
1337
3780
4998
5902
6843
7554
7735
7933
8253
8561
8472
8198
8322
7878
5817
2705
264
-1314
-3109
-5005
-6247
-6564
-6584
-6670
-6406
-5869
-5608
-5963
-5965
-4793
-2942
-1244
685
3347
6227
8095
8880
9386
9504
8749
7304
6267
5745
5241
4583
3914
3398
2293
768
-867
-2469
-3864
-4947
-5314
-5090
-4351
-3382
-2506
-1681
-1029
-702
-618
-412
-105
129
606
1426
2220
2647
2543
2204
1705
727
-590
-1619
-2299
-3139
-4147
-4772
-5063
-5527
-6277
-7190
-8002
-8806
-9237
-8802
-7867
-6776
-5464
-3367
-377
2587
4346
4938
5367
6218
7085
7379
7333
7529
7984
8195
7978
7610
6534
4327
1659
-496
-1847
-3005
-4371
-5524
-5864
-5637
-5456
-5455
-5514
-5605
-5591
-5185
-4009
-2338
-435
1643
3824
6163
7938
8776
8855
8455
7816
6888
6189
5680
5235
4833
4218
3542
2571
1107
-781
-2441
-3535
-4273
-4454
-4201
-3599
-2756
-2041
-1575
-1293
-1117
-1175
-1292
-993
-431
108
673
1211
1643
1775
1472
863
81
-904
-1820
-2589
-3057
-3460
-3977
-4694
-5287
-5599
-6563
-7995
-8876
-8578
-7919
-7419
-6422
-4743
-2516
-239
2067
3764
4209
4423
5254
6517
6990
6938
7278
7793
7941
7530
7071
5953
3781
1281
-489
-1352
-2448
-3825
-5032
-5434
-5256
-5411
-5736
-5939
-5940
-6036
-5655
-4322
-2542
-929
770
3133
5614
7295
7863
7972
8041
7685
7029
6601
6422
6079
5660
5126
4423
3344
1704
-132
-1762
-2771
-3359
-3675
-3598
-3242
-2666
-2160
-1789
-1728
-1926
-2052
-1874
-1452
-966
-278
491
1072
1291
1257
1137
685
-182
-1230
-1869
-2223
-2513
-2964
-3572
-4300
-5338
-6058
-6433
-6963
-8078
-9001
-8405
-6865
-5613
-5211
-4373
-1836
1276
2938
3086
3718
5380
6509
6280
6304
7658
8509
7569
6506
7094
7475
5315
2091
409
49
-1239
-3444
-4745
-4854
-5196
-6166
-6583
-6114
-5835
-6437
-6784
-5683
-3734
-2236
-1222
390
3127
5984
7423
7621
7870
8305
8206
7663
7275
6924
6516
5897
5227
4621
3507
1684
-233
-1669
-2527
-2919
-3209
-3657
-3780
-3190
-2517
-2383
-2514
-2485
-2134
-1771
-1420
-790
159
815
963
1162
1658
1929
1489
477
-291
-465
-754
-1701
-2694
-3479
-4362
-5277
-6041
-6508
-7137
-8334
-9185
-8605
-7239
-6585
-6473
-5440
-2622
461
1816
2274
3740
5749
6399
6050
6696
8266
8694
7552
7079
8118
8165
5766
3052
1829
858
-1235
-3476
-4524
-4878
-5853
-6952
-6950
-6371
-6488
-7238
-7284
-6227
-4781
-3379
-2013
-105
2351
4936
6986
8097
8507
8665
8832
8686
8264
7720
7093
6554
5825
4957
3908
2380
406
-1479
-2652
-3276
-3844
-4561
-4826
-4335
-3637
-3398
-3314
-2813
-2455
-2286
-1945
-987
179
897
1229
1697
2479
2917
2614
1842
1149
554
-259
-1005
-1527
-2453
-3782
-5016
-5859
-6571
-7468
-8316
-9007
-9309
-9044
-8004
-6703
-6126
-5128
-2342
872
2351
2612
3901
6173
7427
6980
6912
8245
9094
8341
7406
7630
7415
5289
2450
699
-77
-1690
-4027
-5570
-5874
-6247
-7231
-7708
-7457
-7262
-7506
-7181
-5854
-4283
-2636
-1078
665
2968
5667
7764
8500
8735
9233
9756
9638
8852
7977
7270
6580
5583
4542
3283
1543
-464
-2172
-3251
-3881
-4561
-5411
-5723
-5070
-4213
-3912
-3702
-3042
-2270
-1704
-1089
3
1172
1776
2004
2479
3321
3669
3091
2198
1699
1202
283
-710
-1480
-2209
-3491
-4880
-5806
-6330
-7279
-8563
-9239
-9249
-8948
-8422
-7246
-6025
-5202
-3719
-844
2135
3114
3220
4609
6862
7644
6878
7095
8376
8407
7000
6528
7229
6456
3501
931
358
-281
-2613
-5063
-5763
-5583
-6285
-7272
-7019
-6068
-6019
-6539
-5897
-3967
-2386
-1752
-725
1199
3359
5075
6635
8124
8838
9080
9196
9176
8758
7762
6642
5633
4870
3952
2929
1647
-6
-1389
-2443
-3329
-4225
-4910
-5101
-4848
-4191
-3603
-3037
-2192
-1444
-1041
-592
221
1087
1569
1799
2330
3011
3287
3004
2586
2326
1779
742
-317
-1024
-1683
-2612
-3781
-4658
-5192
-5826
-6737
-7578
-7760
-7511
-7480
-7458
-6655
-5208
-4155
-3780
-2516
177
2241
2453
2486
4270
6200
6106
5130
5640
6842
6433
5170
5137
5739
4644
2114
737
704
-119
-2333
-3863
-3859
-3782
-4469
-5028
-4691
-4295
-4445
-4538
-3728
-2515
-1857
-1390
-235
1458
2717
3446
4440
5721
6481
6613
6784
7195
7077
6230
5507
5111
4434
3400
2469
1777
776
-420
-1262
-1859
-2646
-3382
-3550
-3310
-3132
-3044
-2620
-1952
-1425
-1075
-676
-18
614
1063
1441
1935
2403
2595
2500
2312
2182
1837
1225
596
75
-423
-1159
-1790
-2196
-2539
-3076
-3809
-4400
-4782
-5230
-5844
-6171
-6207
-6062
-5669
-4935
-3998
-3536
-3530
-3172
-1816
-205
558
808
1520
2734
3650
3971
4079
4167
3899
3382
3558
4343
4535
3597
2531
2207
2128
1515
522
-253
-738
-1179
-1333
-980
-809
-1260
-2118
-2309
-1564
-1092
-1410
-1601
-1271
-939
-337
455
1041
1331
1476
2078
2966
3430
3243
2917
2868
2888
2992
2976
2809
2500
2145
1909
1585
1029
269
-257
-508
-652
-589
-489
-420
-492
-716
-516
-315
-302
-376
-222
-95
-74
231
241
213
194
167
193
304
241
-40
-239
-528
-743
-769
-1126
-1377
-1590
-1750
-1789
-1948
-2164
-2292
-2537
-2834
-2863
-2650
-2434
-2449
-2540
-2382
-2107
-1842
-1632
-1490
-1368
-1247
-952
-469
-85
117
275
603
1073
1509
1679
1663
1690
1864
2102
2286
2393
2403
2349
2304
2154
1900
1510
1047
601
305
138
-30
-259
-490
-610
-682
-702
-751
-814
-709
-515
-237
76
379
551
695
920
1132
1312
1361
1370
1371
1525
1638
1560
1478
1330
1231
1186
1170
1078
916
741
623
612
586
476
305
243
227
213
333
403
422
396
414
492
491
387
292
286
294
277
236
232
221
36
-190
-445
-629
-848
-1153
-1366
-1459
-1447
-1421
-1423
-1385
-1326
-1320
-1360
-1374
-1327
-1162
-980
-721
-382
-101
114
228
270
261
151
23
-42
-63
-93
-198
-331
-368
-474
-708
-972
-1180
-1311
-1428
-1492
-1429
-1303
-1162
-963
-653
-323
-46
156
463
824
1197
1488
1783
2023
2146
2149
2079
2000
1850
1637
1414
1361
1315
1182
1048
900
765
551
322
161
98
9
-122
-109
56
319
440
512
637
772
900
875
922
1032
1123
1151
1192
1336
1389
1179
874
700
542
344
2
-359
-484
-645
-794
-937
-1055
-1151
-1289
-1370
-1354
-1273
-1187
-1019
-827
-507
-214
-19
241
359
370
390
507
497
473
449
413
386
329
209
-20
-237
-617
-1015
-1356
-1632
-1874
-2135
-2256
-2241
-2144
-2072
-2034
-1974
-1812
-1678
-1539
-1278
-984
-748
-430
-116
183
375
476
595
661
695
654
672
724
711
623
555
541
435
294
128
41
-15
-86
-173
-194
-169
-183
-161
-72
38
132
223
286
265
404
596
727
857
998
1226
1361
1342
1379
1427
1289
965
814
822
836
807
574
519
362
259
194
-167
-233
-297
-265
-69
80
-22
123
-110
-113
23
-162
-28
43
199
167
238
266
146
25
-113
-84
-152
-263
-280
-72
378
251
-26
-405
-509
-436
-824
-1160
-1228
-1214
-923
-591
-731
-992
-1085
-738
-509
-655
-834
-890
-676
-419
-311
-591
-773
-611
-435
-309
-401
-612
-780
-711
-661
-917
-1163
-1139
-1064
-956
-926
-918
-1007
-1132
-1168
-1003
-831
-883
-774
-482
-87
169
173
248
438
612
630
770
1054
1275
1379
1451
1576
1543
1463
1308
1192
1141
956
897
842
754
576
466
453
398
310
224
280
341
431
433
372
490
481
543
600
614
538
539
613
685
864
837
883
754
562
822
785
375
424
635
499
38
-35
-92
-310
-100
-257
-722
-881
-784
-765
-693
-672
-677
-714
-608
-595
-950
-795
-513
-348
-101
-98
-281
-6
-36
-290
-245
-518
-402
-614
-958
-1044
-1144
-1245
-1383
-1586
-1777
-1998
-2179
-2190
-2278
-2353
-2371
-2261
-2107
-2090
-2122
-1985
-1645
-1352
-1066
-750
-446
-105
248
570
825
1080
1310
1603
1973
2122
2101
2074
2057
1845
1562
1364
1190
893
478
209
55
-109
-382
-649
-722
-785
-916
-916
-798
-730
-688
-537
-250
117
429
685
1012
1437
1762
1877
1950
1926
1877
1785
1676
1584
1486
1352
1138
930
791
682
408
2
-280
-422
-457
-552
-561
-478
-419
-429
-398
-211
-10
-18
-97
7
232
419
429
315
301
241
218
152
-69
-182
-257
-404
-479
-551
-609
-663
-885
-1038
-1125
-1214
-1281
-1431
-1518
-1427
-1378
-1373
-1356
-1459
-1504
-1467
-1335
-1120
-1075
-1122
-1051
-978
-918
-1126
-1408
-1456
-1275
-996
-763
-682
-598
-433
-309
-183
-188
-39
228
472
862
1168
1452
1616
1729
1827
1787
1702
1633
1593
1430
1172
934
865
810
609
426
208
19
-190
-377
-519
-708
-862
-832
-590
-262
23
270
547
739
868
1076
1272
1374
1331
1311
1416
1616
1724
1646
1493
1384
1386
1332
1113
754
441
369
392
428
455
483
430
354
284
241
150
-71
-106
54
195
317
335
333
168
47
-89
-170
-230
-311
-390
-483
-380
-369
-495
-620
-771
-1003
-1153
-1157
-1208
-1280
-1219
-1133
-1037
-890
-721
-725
-785
-830
-779
-687
-683
-644
-660
-547
-380
-367
-512
-660
-743
-795
-783
-773
-780
-814
-828
-761
-637
-466
-324
-213
-130
32
235
485
607
738
879
934
977
971
962
794
594
472
458
538
407
228
44
-36
-110
-287
-377
-419
-367
-258
-54
233
559
820
1008
1368
1739
2039
2239
2386
2497
2524
2498
2427
2286
2067
1803
1506
1262
986
595
221
-181
-522
-754
-906
-1047
-1246
-1404
-1465
-1330
-1218
-1179
-1094
-831
-434
-262
-140
156
508
714
765
903
1163
1151
1035
911
835
605
462
289
-56
-348
-588
-884
-1065
-1113
-1382
-1462
-1409
-1238
-1279
-1323
-1239
-951
-673
-442
-205
-2
252
457
582
597
650
740
711
609
400
121
-19
-207
-507
-825
-1147
-1476
-1579
-1596
-1759
-1938
-2057
-1997
-1774
-1671
-1567
-1377
-1041
-500
-114
144
529
936
1350
1674
1877
2046
2224
2290
2286
2117
1878
1683
1505
1321
1029
778
560
249
-79
-451
-743
-949
-1062
-1150
-1132
-955
-726
-515
-291
-51
143
314
421
479
704
844
951
1086
1205
1265
1198
1046
828
674
419
230
-70
-200
-217
-243
-301
-318
-222
-233
-309
-486
-405
-117
111
36
313
837
1038
1258
1303
1156
1238
940
771
830
512
445
360
155
152
-142
-701
-950
-1185
-1431
-1792
-1893
-1661
-1702
-1593
-1381
-1088
-1007
-910
-618
-289
-78
19
300
536
866
1196
1224
1328
1414
1233
1045
813
552
402
230
129
-52
-256
-517
-815
-953
-1148
-1460
-1598
-1613
-1559
-1333
-1128
-970
-721
-541
-403
-207
-46
86
218
426
591
622
654
632
566
511
449
326
107
-107
-206
-305
-422
-481
-527
-507
-540
-628
-564
-455
-308
-74
155
295
437
654
836
969
1048
1131
1258
1232
1173
1087
1045
950
812
636
363
113
-185
-209
-272
-518
-571
-679
-740
-739
-609
-607
-542
-487
-294
128
314
488
754
863
904
946
1210
1330
1058
919
1055
1129
766
601
581
267
198
-50
-332
-708
-1172
-1296
-1135
-1124
-1257
-1385
-1180
-1042
-1108
-1090
-941
-816
-672
-259
-270
-169
57
217
302
284
235
215
443
284
11
-189
-183
-224
-358
-486
-552
-575
-662
-668
-828
-967
-829
-686
-614
-479
-318
-158
-75
35
169
226
377
407
479
619
592
590
643
663
453
223
180
127
-68
-234
-350
-453
-462
-521
-528
-440
-445
-470
-384
-257
-114
48
220
457
685
913
1076
1097
1068
1030
1061
1193
1200
1086
985
941
825
533
294
7
-245
-339
-529
-750
-800
-812
-779
-848
-919
-864
-782
-615
-614
-660
-452
-147
129
204
256
386
593
638
514
393
476
659
581
572
519
325
244
83
-74
-202
-373
-487
-546
-524
-405
-390
-415
-344
-379
-370
-274
-313
-262
-220
-49
94
44
125
152
212
101
-67
-141
-155
-113
-241
-297
-378
-359
-410
-525
-528
-525
-406
-361
-444
-498
-432
-197
6
61
68
136
158
328
465
441
465
627
703
647
518
466
424
240
16
-214
-328
-430
-545
-623
-662
-772
-905
-882
-931
-1020
-1093
-1017
-889
-824
-722
-598
-309
-45
-57
-25
83
141
121
49
15
83
72
55
137
199
241
173
111
78
-29
-47
-53
-78
-68
-19
64
175
282
306
322
298
275
281
294
296
288
365
405
431
403
337
176
79
-50
-135
-90
-141
-141
-108
37
119
24
25
73
102
115
235
290
333
392
511
604
667
819
810
815
826
770
756
633
612
555
470
493
359
183
-4
-197
-377
-624
-771
-855
-881
-861
-692
-562
-511
-427
-424
-523
-608
-641
-590
-442
-271
-192
-96
94
186
104
3
-105
-162
-224
-346
-452
-449
-394
-398
-373
-331
-264
-251
-295
-310
-334
-235
-219
-94
111
277
390
433
480
533
522
425
406
392
322
195
29
-36
-127
-195
-258
-278
-315
-378
-404
-423
-415
-461
-415
-295
-120
30
94
271
370
421
482
536
592
666
708
788
828
850
933
868
817
793
670
561
381
232
64
-27
-90
-99
-60
-56
-85
-79
-102
-265
-316
-342
-302
-97
86
262
360
455
540
471
390
281
180
205
156
94
145
154
78
17
-57
-143
-356
-585
-731
-783
-783
-689
-618
-582
-493
-418
-257
-189
-277
-260
-215
-68
40
182
403
613
782
748
646
575
550
483
358
279
259
301
225
86
26
-56
-118
-154
-194
-246
-216
-141
-172
-261
-199
-94
-118
-59
34
144
160
208
269
278
269
233
192
127
75
1
-17
-91
-157
-156
-224
-254
-347
-393
-443
-482
-584
-654
-581
-549
-484
-397
-224
-66
-8
96
161
192
185
228
263
235
235
304
379
366
346
246
143
-4
-211
-294
-381
-403
-350
-294
-254
-304
-339
-311
-312
-330
-265
-141
25
205
328
406
433
493
550
546
523
479
471
520
524
516
558
512
488
468
376
362
297
225
157
160
187
221
270
292
273
211
189
182
205
114
-27
-6
41
133
183
160
200
261
252
157
59
25
18
-42
-43
-54
-87
-60
-50
22
-55
-193
-274
-269
-225
-280
-312
-299
-222
-170
-125
-94
-146
-99
-113
-154
-171
-183
-222
-248
-278
-310
-298
-308
-330
-393
-416
-385
-356
-317
-329
-346
-358
-335
-314
-281
-253
-216
-148
-124
-100
-102
-38
-10
-48
-79
-155
-153
-144
-169
-184
-198
-228
-182
-107
-50
16
48
126
205
301
435
533
604
607
611
591
526
506
478
472
427
347
270
239
187
23
-78
-177
-229
-219
-179
-169
-200
-194
-158
-114
-68
-9
5
47
98
96
211
284
308
301
304
341
326
261
176
115
82
75
52
24
1
-67
-84
-132
-229
-312
-311
-290
-244
-239
-210
-150
-129
-90
-105
-90
-42
-49
-28
-48
-68
-80
-75
-86
-116
-127
-149
-136
-190
-283
-355
-371
-382
-414
-376
-378
-338
-281
-192
-141
-121
-71
7
138
203
258
309
373
409
367
378
339
316
274
234
147
46
-15
-85
-132
-233
-323
-363
-341
-323
-352
-313
-295
-280
-191
-98
-36
37
131
273
341
380
395
396
399
306
201
184
145
120
58
-2
-87
-163
-253
-353
-429
-491
-478
-509
-489
-458
-458
-373
-307
-226
-136
-49
36
83
157
257
325
370
478
535
484
459
357
327
240
116
13
-83
-101
-168
-278
-358
-406
-447
-488
-554
-574
-543
-537
-443
-373
-308
-218
-60
73
137
137
164
212
243
290
285
289
252
220
278
191
47
-92
-203
-306
-430
-491
-544
-566
-597
-598
-578
-527
-442
-372
-248
-190
-106
-14
27
66
114
194
270
297
286
278
263
272
252
185
153
9
-80
-200
-309
-381
-536
-556
-493
-446
-463
-492
-527
-530
-515
-521
-466
-429
-359
-253
-138
-37
63
144
264
363
362
351
353
386
378
276
240
258
284
298
305
254
222
253
258
136
11
-41
-62
-13
-12
-24
50
111
159
149
171
162
103
73
25
24
17
40
59
103
152
141
157
93
21
-73
-145
-206
-230
-212
-185
-141
-56
32
52
110
85
-2
15
-32
-83
-101
-60
27
99
159
211
230
223
184
103
73
26
-42
-21
-38
-16
25
47
58
31
-21
-83
-118
-120
-104
-154
-124
-63
-61
-32
-45
-7
23
25
38
49
112
156
188
208
213
229
258
257
152
121
110
115
109
99
126
131
131
165
179
143
154
118
129
130
63
28
-36
-16
20
51
71
47
39
20
-9
-47
-66
-69
-43
15
47
133
184
214
222
212
201
123
44
2
-8
-32
-70
-82
-32
-36
-154
-197
-231
-266
-296
-318
-294
-254
-204
-193
-191
-122
-66
-4
77
133
97
105
105
111
97
71
24
-4
0
-22
-57
-112
-140
-193
-244
-287
-348
-347
-369
-369
-350
-318
-297
-308
-294
-217
-126
-89
-12
68
177
269
276
329
309
326
366
373
371
317
289
293
283
219
137
39
-9
-70
-210
-287
-365
-429
-454
-437
-439
-456
-445
-380
-270
-181
-102
-96
-5
97
102
128
111
146
174
181
203
207
182
143
92
12
-49
-148
-200
-238
-287
-280
-319
-310
-298
-287
-291
-264
-181
-125
-92
-40
5
67
169
235
214
207
200
197
205
189
105
32
28
29
-30
-101
-157
-175
-165
-165
-178
-140
-150
-127
-62
-3
1
1
64
139
197
236
333
399
467
477
454
510
513
483
408
359
296
210
104
6
-99
-195
-239
-267
-258
-282
-346
-319
-295
-278
-288
-309
-280
-221
-158
-77
19
103
189
240
291
282
191
147
102
65
19
13
-12
-36
-72
-137
-198
-249
-287
-381
-417
-423
-439
-383
-341
-268
-217
-165
-94
-33
-14
-24
-10
11
20
7
18
62
25
24
-15
-22
-61
-146
-225
-263
-273
-282
-270
-280
-245
-239
-201
-227
-266
-231
-216
-169
-128
-45
50
134
209
290
365
380
375
329
335
352
296
323
318
285
237
212
160
88
33
-37
-80
-104
-94
-78
-23
1
-11
48
91
91
42
28
64
106
131
126
151
177
209
215
250
259
195
199
184
178
127
73
51
59
39
7
12
10
-4
-66
-62
-51
-93
-86
-124
-113
-87
-65
-35
-43
-26
-49
-87
-151
-209
-230
-203
-197
-228
-201
-178
-151
-130
-130
-122
-106
-103
-104
-83
-70
-45
-20
19
63
24
32
10
5
13
3
-19
-18
3
16
29
10
-1
-12
-6
-34
-100
-86
-96
-84
-77
-42
-3
42
86
91
98
59
63
92
131
155
152
217
255
301
305
288
267
233
217
178
140
117
127
113
119
72
16
7
-27
-55
-77
-65
-54
-44
-68
-81
-55
-30
-15
-34
-1
34
25
50
26
38
47
45
43
58
75
62
48
35
19
-7
8
5
-39
-30
-44
-62
-71
-63
-69
-71
-49
-31
-10
-12
0
-10
17
53
22
83
109
131
135
154
173
169
158
155
147
114
112
95
111
91
7
-22
-53
-100
-121
-99
-79
-71
-81
-81
-89
-133
-163
-162
-137
-133
-167
-105
-42
24
80
104
119
137
143
130
115
96
112
106
146
178
149
193
174
139
83
53
11
-36
-78
-94
-98
-102
-60
-58
-17
-13
-67
-63
-101
-130
-141
-165
-161
-113
-55
5
48
64
87
95
105
70
-6
-21
-55
-39
-27
-3
20
46
58
36
16
-29
-66
-114
-113
-86
-95
-39
1
51
92
123
135
114
88
79
69
45
50
64
101
121
79
90
95
85
64
17
-16
-26
-56
-94
-100
-75
-13
-24
9
66
41
83
76
52
17
3
-1
-17
2
33
79
107
147
148
155
126
57
47
-4
-52
-98
-112
-117
-125
-117
-116
-119
-126
-129
-168
-177
-192
-238
-205
-203
-163
-136
-121
-98
-79
-40
-20
5
34
74
80
104
112
61
32
-65
-120
-152
-157
-166
-179
-195
-170
-177
-222
-257
-307
-331
-348
-393
-362
-351
-313
-248
-194
-128
-85
-42
3
32
36
71
97
152
196
198
241
229
222
199
159
118
81
67
61
68
66
73
68
