12
-6
15
-15
-5
-14
-7
-11
3
-8
-15
-2
-3
-3
-21
11
1
-30
0
-7
-5
-2
4
3
6
6
7
22
19
29
22
50
26
14
44
29
32
36
32
39
47
24
33
32
31
51
39
71
64
47
69
50
61
60
62
37
58
63
66
71
54
66
51
91
67
38
66
50
66
74
85
68
68
80
87
95
79
92
91
117
95
70
95
76
91
86
92
85
90
73
75
73
70
85
84
115
91
75
95
80
91
79
82
87
83
88
94
99
91
85
69
104
79
60
87
76
81
73
79
75
88
88
88
86
76
81
72
95
80
53
67
60
70
59
71
64
71
83
72
72
58
63
49
84
68
43
66
46
52
32
46
39
41
29
18
25
15
12
-1
39
15
-13
17
8
7
-2
13
16
10
2
-2
3
-11
1
-12
12
-14
-40
-12
-27
-23
-15
-21
-18
-12
-16
-3
-9
-15
-15
-28
17
-12
-35
-13
-22
-11
-14
-13
-7
-5
-10
-8
-11
-17
8
-6
15
3
-14
5
-6
5
-10
-6
-6
-1
-1
15
10
6
8
0
48
22
1
22
9
13
12
12
4
17
16
21
16
10
19
1
45
21
-3
16
2
14
-3
-5
2
11
13
10
8
6
10
-5
28
9
-16
11
-4
-13
-16
-7
-15
-8
-9
-20
-5
-6
-5
-17
20
6
-13
12
-18
-12
-12
-10
-23
-19
-13
-3
-5
-6
-2
-22
22
6
-24
-4
-20
-10
-11
7
-4
-3
-5
-11
-12
-20
-7
-28
15
-11
-30
-8
-24
3
-5
8
1
8
5
2
-1
0
10
-2
34
2
-13
22
6
14
26
40
40
52
50
35
31
38
50
31
59
36
16
35
18
36
13
30
26
39
38
33
48
30
42
29
56
32
5
24
20
28
18
19
14
21
4
7
15
13
38
25
62
31
-11
22
16
12
7
8
-4
13
20
23
21
15
35
32
59
43
12
39
26
31
26
33
27
22
15
27
30
25
37
18
42
27
4
16
7
18
12
31
11
13
14
22
17
14
10
10
53
28
19
35
36
45
46
62
56
68
59
53
62
54
58
41
84
51
29
61
46
69
64
54
46
40
35
32
35
26
13
-5
38
14
-13
0
-20
-11
-21
-27
-39
-47
-56
-59
-65
-78
-77
-84
-55
-69
-85
-65
-87
-77
-100
-92
-101
-88
-95
-103
-90
-100
-92
-102
-72
-99
-115
-97
-110
-101
-103
-104
-96
-96
-90
-76
-80
-61
-49
-54
-16
-39
-53
-33
-31
-24
-13
9
4
16
27
36
44
27
45
48
85
85
79
114
94
124
123
130
139
134
137
141
148
154
164
144
179
157
130
143
134
147
141
136
135
133
117
117
112
99
96
74
102
73
35
42
21
28
3
-15
-36
-47
-66
-86
-112
-135
-135
-165
-145
-180
-233
-223
-256
-268
-293
-312
-324
-340
-364
-386
-391
-400
-404
-423
-387
-412
-441
-425
-428
-398
-417
-401
-393
-363
-349
-328
-294
-270
-220
-194
-128
-106
-83
-29
0
57
101
153
198
261
303
359
415
445
502
530
593
600
586
620
621
652
647
659
661
644
637
627
595
554
543
493
491
433
353
342
272
246
201
161
120
64
36
-15
-46
-87
-127
-177
-191
-255
-312
-323
-383
-393
-441
-492
-526
-563
-614
-663
-708
-742
-777
-836
-840
-902
-964
-970
-1028
-1045
-1086
-1108
-1133
-1152
-1177
-1168
-1155
-1117
-1057
-995
-850
-784
-722
-600
-518
-411
-308
-189
-59
64
184
300
454
592
718
812
935
1007
1040
1097
1110
1122
1123
1133
1124
1115
1130
1134
1136
1136
1141
1110
1102
1038
964
929
845
784
708
654
606
558
499
461
421
361
317
249
225
133
41
4
-55
-85
-116
-117
-134
-144
-166
-159
-174
-194
-223
-255
-246
-296
-340
-353
-389
-420
-441
-472
-505
-544
-588
-631
-692
-757
-809
-883
-911
-987
-1077
-1097
-1146
-1163
-1190
-1206
-1206
-1187
-1142
-1099
-1057
-1003
-918
-845
-727
-651
-578
-437
-326
-197
-64
75
205
330
443
553
657
743
817
863
942
962
971
1019
1029
1053
1033
1050
1057
1052
1045
1027
1010
983
947
887
867
790
711
667
611
570
513
458
411
364
312
257
190
139
82
9
-16
-71
-121
-126
-163
-177
-197
-204
-210
-204
-211
-229
-238
-258
-273
-300
-291
-338
-375
-383
-439
-461
-514
-550
-608
-668
-715
-793
-852
-927
-985
-1045
-1080
-1165
-1244
-1263
-1314
-1324
-1358
-1367
-1379
-1356
-1339
-1293
-1234
-1177
-1088
-1017
-890
-821
-734
-592
-481
-357
-234
-96
30
174
307
417
527
625
726
782
882
911
927
980
995
1016
1025
1043
1047
1048
1049
1053
1034
1014
986
928
923
864
788
753
697
663
606
572
541
512
470
427
382
331
280
226
220
146
72
50
7
-4
-23
-34
-54
-57
-80
-93
-113
-144
-177
-210
-201
-257
-310
-312
-353
-382
-435
-477
-527
-591
-648
-718
-782
-846
-904
-972
-1010
-1098
-1179
-1212
-1280
-1316
-1359
-1384
-1407
-1408
-1392
-1360
-1324
-1267
-1190
-1135
-1011
-945
-867
-734
-625
-487
-345
-211
-83
44
171
289
415
522
616
705
832
888
923
999
1022
1057
1076
1098
1113
1139
1132
1142
1147
1132
1136
1103
1119
1065
1007
980
933
908
860
813
769
733
685
646
591
559
499
421
386
293
208
170
98
61
19
-28
-58
-89
-107
-132
-158
-186
-202
-246
-223
-258
-306
-292
-340
-362
-395
-435
-476
-528
-582
-627
-696
-768
-830
-909
-947
-1035
-1137
-1184
-1266
-1321
-1383
-1424
-1455
-1476
-1492
-1488
-1466
-1432
-1381
-1340
-1236
-1176
-1108
-994
-895
-761
-636
-497
-366
-221
-77
71
207
326
442
543
674
735
796
880
928
994
1036
1081
1109
1139
1156
1170
1186
1207
1213
1193
1220
1178
1135
1124
1062
1017
964
921
870
818
782
728
668
606
556
492
447
364
255
203
116
66
-13
-64
-97
-142
-163
-190
-217
-240
-248
-282
-270
-305
-342
-336
-359
-367
-390
-399
-436
-475
-522
-567
-603
-667
-728
-803
-833
-918
-1013
-1059
-1148
-1210
-1285
-1336
-1394
-1442
-1480
-1506
-1524
-1519
-1476
-1450
-1365
-1333
-1285
-1185
-1113
-996
-890
-772
-636
-481
-355
-205
-56
68
200
324
475
581
661
777
846
916
960
1026
1081
1125
1165
1203
1233
1253
1271
1265
1317
1300
1262
1252
1199
1169
1124
1069
1023
965
913
867
813
767
714
649
617
525
438
402
324
252
175
122
67
32
-6
-38
-49
-72
-85
-111
-88
-117
-166
-161
-186
-197
-210
-230
-251
-264
-300
-336
-380
-444
-512
-592
-626
-728
-828
-881
-983
-1060
-1155
-1239
-1318
-1390
-1455
-1526
-1556
-1589
-1595
-1592
-1542
-1519
-1488
-1400
-1327
-1219
-1126
-1018
-911
-771
-626
-485
-340
-189
-30
122
301
425
535
670
763
875
949
1028
1085
1148
1193
1223
1265
1285
1309
1306
1346
1340
1322
1334
1302
1284
1254
1208
1151
1103
1037
975
917
865
814
758
732
657
594
603
500
487
412
261
262
194
158
157
109
78
62
-6
36
-32
-117
-111
-162
-175
-227
-245
-298
-310
-363
-427
-493
-531
-585
-708
-779
-914
-1043
-1162
-1329
-1464
-1590
-1706
-1874
-2044
-2237
-2411
-2535
-2615
-2611
-2578
-2392
-2146
-1814
-1426
-1108
-757
-358
46
352
629
919
1282
1606
1850
2064
2278
2512
2555
2478
2436
2352
2188
1899
1501
1099
743
364
23
-244
-421
-531
-645
-656
-714
-723
-592
-426
-190
82
337
607
963
1307
1634
1865
2046
2159
2236
2307
2242
2085
1954
1804
1646
1462
1300
1063
778
530
308
152
-43
-236
-363
-357
-375
-407
-366
-334
-282
-275
-275
-275
-331
-460
-604
-753
-898
-1054
-1302
-1518
-1771
-2004
-2293
-2668
-3053
-3423
-3778
-4129
-4415
-4643
-4623
-4434
-4077
-3585
-2793
-1622
-375
637
1445
2219
3055
3634
3733
3577
3559
3742
3764
3588
3351
3215
2923
2400
1718
1053
314
-769
-1864
-2697
-3177
-3619
-4013
-4065
-3651
-3004
-2429
-1847
-1215
-548
-143
229
834
1510
2121
2643
3366
4198
4859
5144
5232
5119
4735
4030
3145
2292
1372
444
-325
-821
-1064
-1267
-1507
-1637
-1622
-1615
-1675
-1676
-1537
-1236
-852
-295
325
902
1398
1696
1938
1967
1745
1297
757
187
-393
-1042
-1726
-2284
-2832
-3332
-3895
-4505
-5131
-5793
-6311
-6679
-6915
-7072
-6904
-6285
-5198
-3642
-1657
449
2285
3744
4996
6034
6580
6355
5762
5226
5062
5159
5112
4696
4081
3537
3008
2106
583
-1141
-2760
-4115
-5178
-6043
-6530
-6564
-6063
-5113
-3821
-2478
-1235
-194
593
1177
1585
2017
2510
3085
3764
4620
5642
6542
7012
6882
6289
5357
4168
2856
1370
-91
-1165
-1694
-1927
-2033
-2036
-2015
-1902
-1830
-1780
-1868
-2023
-1960
-1525
-783
80
988
1855
2677
3162
3295
3071
2398
1533
614
-241
-976
-1571
-2127
-2629
-3183
-3748
-4410
-5194
-6104
-7009
-7805
-8238
-8321
-8070
-7464
-6339
-4442
-1954
737
2941
4539
5690
6599
6933
6550
5492
4678
4646
5184
5775
5886
5683
5338
4697
3364
1232
-1310
-3542
-5091
-6016
-6419
-6489
-6066
-5134
-3949
-2807
-1948
-1317
-803
-326
76
399
770
1343
2191
3241
4410
5524
6489
7163
7222
6650
5560
4105
2433
746
-696
-1663
-2039
-1993
-1678
-1354
-1127
-1087
-1222
-1558
-2079
-2598
-2841
-2223
-1092
-53
1081
2187
2744
2560
2173
1478
777
266
-69
23
321
646
1022
1118
591
-156
-1110
-2039
-2933
-3588
-3775
-3742
-3427
-3026
-2798
-2623
-2457
-2371
-2534
-2705
-2657
-2386
-1734
-905
-185
460
1042
1557
1951
1970
1797
1748
1783
1922
1987
1978
1913
1823
1695
1440
1068
662
372
209
192
163
138
144
100
96
73
57
55
137
303
504
686
769
748
705
710
681
711
826
1000
1229
1394
1464
1344
1035
603
176
-119
-264
-233
-85
244
605
798
783
543
326
199
154
306
628
886
1125
1319
1328
1222
958
608
211
-17
28
79
136
201
222
156
-97
-485
-861
-1185
-1362
-1441
-1530
-1574
-1517
-1538
-1675
-1885
-2160
-2444
-2709
-3003
-3218
-3292
-3183
-2896
-2483
-1955
-1359
-761
-334
-23
208
334
350
303
335
507
798
1114
1430
1745
2067
2272
2247
2066
1747
1398
1089
819
675
676
778
900
1008
1009
876
665
408
169
-48
-173
-161
-14
253
480
694
896
1041
1034
859
607
376
234
154
225
456
879
1248
1464
1481
1376
1135
615
65
-314
-283
57
365
694
1128
1420
1367
963
440
-150
-572
-576
-423
-490
-336
-68
53
-45
-505
-978
-1228
-1629
-2000
-2029
-2040
-2156
-2300
-2578
-2933
-3318
-3592
-3768
-4001
-4203
-4161
-3896
-3416
-2794
-2066
-1267
-618
-56
426
692
851
1012
1297
1734
2234
2742
3241
3651
3823
3732
3333
2742
1989
1165
475
-47
-325
-482
-539
-508
-423
-400
-595
-966
-1332
-1567
-1743
-1768
-1696
-1326
-693
15
776
1448
2095
2644
2992
3061
2998
2814
2556
2246
1903
1660
1401
1145
967
828
705
466
171
-134
-447
-811
-1014
-929
-341
313
413
292
78
-153
-525
-819
-957
-818
-642
-671
-575
-496
-567
-972
-1639
-2339
-2847
-3192
-3684
-3966
-4228
-4665
-4984
-5326
-5636
-5665
-5328
-4574
-3434
-1904
-298
948
1682
2359
2933
3064
2776
2665
3326
4338
5044
5267
5356
5257
4667
3435
1830
300
-997
-2108
-3111
-3641
-3646
-3536
-3500
-3323
-2768
-2229
-2099
-2194
-1968
-1358
-730
-70
792
2039
3244
4229
5116
5833
6227
6090
5622
5116
4629
3868
2871
1892
1213
743
160
-509
-1202
-1728
-2117
-2528
-2785
-2748
-2426
-1891
-1118
-225
576
1064
1251
1329
1285
1150
749
274
-23
-215
-475
-914
-1517
-2268
-3085
-4115
-5229
-6376
-7552
-8569
-9403
-9967
-10207
-9673
-8189
-5536
-2003
1659
4676
6406
7235
7639
7271
5733
4205
4050
5275
6463
6678
6446
6229
5337
3261
432
-2358
-4636
-6552
-8098
-8659
-8011
-6803
-5590
-4227
-2320
-389
524
362
181
739
1578
2333
3297
4826
6565
7634
7811
7432
6564
5258
3658
2127
1138
594
-5
-553
-728
-476
-372
-751
-1221
-1478
-1633
-1807
-1835
-1509
-700
312
1357
2407
3137
3347
3012
2403
1720
1032
322
-290
-676
-879
-1138
-1659
-2512
-3662
-4861
-6192
-7653
-9045
-10314
-11472
-12216
-12347
-11448
-9697
-6713
-1970
3399
7523
9583
10465
11100
10911
8758
6059
4890
5648
6576
6356
5485
4718
3718
1533
-1535
-4483
-6913
-9217
-11149
-11524
-9850
-7311
-5081
-2716
378
3437
4885
4622
4079
4298
4946
5353
5834
6633
7362
7424
6602
5375
3916
1956
-235
-1808
-2449
-2457
-2486
-2440
-1644
-159
1113
1467
1250
1065
907
722
465
480
939
1642
2359
2851
3037
2736
1897
867
132
-426
-1014
-1549
-1915
-1941
-1933
-2224
-2929
-3945
-5177
-6440
-7738
-9113
-10392
-11237
-11463
-11263
-10146
-7385
-2871
2350
6480
8941
10421
11468
11278
8943
5781
4529
5345
5986
5244
4148
3764
3074
821
-2337
-4896
-6762
-8940
-11076
-11555
-9763
-7086
-4874
-2394
1313
5028
6579
5994
5373
5741
6136
5750
5470
6046
6734
6414
5299
4146
2991
1325
-647
-1841
-2218
-2280
-2402
-2364
-1467
121
1421
1760
1624
1656
1706
1394
907
770
1093
1628
2001
2206
2210
1853
1218
477
-89
-574
-1158
-1846
-2326
-2423
-2501
-2899
-3651
-4616
-5651
-6888
-8294
-9746
-10871
-11396
-11226
-10347
-8306
-4455
938
6078
9267
10820
11795
12271
10741
7350
4743
4575
5537
5358
4039
3252
3021
1623
-1354
-4427
-6456
-8284
-10658
-12134
-11157
-8260
-5488
-3257
-80
3901
6604
6733
5736
5690
6321
6271
5597
5515
6120
6138
4955
3516
2451
1141
-654
-2294
-2816
-2635
-2457
-2168
-1292
293
1941
2688
2375
2028
1933
1710
1194
921
1221
1694
2024
2146
2018
1673
1078
291
-489
-1093
-1669
-2288
-2860
-3029
-2859
-2974
-3600
-4529
-5599
-6803
-8294
-9959
-11139
-11706
-11590
-11004
-9268
-5451
243
5693
9052
10448
11778
12621
11149
7513
4700
4749
5826
5577
4199
3456
3370
2239
-731
-3774
-5750
-7693
-10348
-12113
-10956
-7881
-5108
-2845
427
4481
6962
6677
5385
5193
5753
5577
4787
4610
5113
5009
3855
2614
1696
325
-1710
-3254
-3460
-2939
-2572
-1987
-545
1555
3327
3935
3566
2875
2529
2261
1626
968
818
1079
1357
1522
1573
1332
752
153
-443
-1177
-1968
-2778
-3279
-3280
-2919
-2765
-3224
-4113
-5174
-6427
-7808
-9286
-10884
-12028
-12280
-11237
-8558
-4017
1907
7181
10194
11523
12307
11984
9230
5277
3222
3717
4339
3483
2232
2089
2445
1469
-1110
-3868
-5904
-8141
-10702
-11635
-9695
-6204
-3063
105
4095
7740
9066
8050
6819
6562
6366
5172
3676
3097
3232
2839
1869
1015
243
-991
-2815
-4242
-4611
-4411
-3809
-2431
-244
2140
3984
4705
4445
4025
3691
3052
2027
1164
678
607
832
1018
1114
1068
906
331
-675
-1830
-2936
-3767
-4161
-4208
-4042
-3847
-4147
-4766
-5618
-6706
-8125
-9748
-11124
-12044
-12053
-10234
-6202
-139
6048
10108
11981
13021
13350
11550
7612
4272
3403
3547
2899
1482
922
1310
1108
-647
-3255
-5633
-8176
-11033
-12574
-11252
-7845
-4338
-1052
2917
7090
9576
9673
8713
8298
8040
6775
4769
3337
3051
2881
2312
1803
1262
108
-1852
-3605
-4362
-4507
-4326
-3441
-1533
857
2816
4038
4604
4530
4283
3743
2448
947
-93
-432
-236
364
937
1219
1297
1093
317
-907
-2073
-3150
-3996
-4496
-4803
-4967
-5222
-5590
-6109
-6825
-8010
-9595
-11097
-12285
-12500
-10580
-6071
391
6545
10221
12076
13608
14279
12333
8052
4734
3885
3440
1705
-76
18
1282
1512
-293
-2905
-5270
-8152
-11366
-12759
-11147
-7903
-4794
-1597
2863
7528
10144
10312
9591
9228
8306
5873
2999
1372
1287
1424
1298
1327
1247
322
-1276
-2647
-3407
-3877
-4208
-3626
-1870
216
2191
4069
5194
5381
5370
4658
2793
831
-510
-1133
-916
-378
-86
473
1217
1383
722
-481
-1781
-3157
-4467
-5584
-6065
-6257
-6646
-6905
-7070
-7620
-8796
-10157
-11351
-11915
-11435
-8620
-3301
2758
7168
9960
12539
14687
14443
11398
7808
5916
4566
2221
-319
-1274
-477
147
-515
-1896
-3494
-5822
-8747
-10813
-10766
-9213
-7332
-4826
-786
4258
8215
10285
11199
11613
11126
8961
5806
3263
1818
949
376
343
744
650
-108
-806
-1502
-2477
-3611
-4342
-3748
-2341
-893
1045
3070
4237
4931
5143
4159
2624
1169
-114
-827
-808
-633
-77
1070
1988
2164
1717
658
-1021
-2872
-4687
-6176
-7116
-8062
-8687
-8937
-9175
-9784
-10697
-11399
-11717
-10644
-7507
-2783
2410
6412
8737
11238
13606
13906
11637
8900
7436
6178
3546
687
-636
-242
-192
-1408
-3066
-4566
-6338
-8690
-10231
-9907
-8523
-7211
-5461
-2008
2673
6465
8631
10094
11278
11522
9883
7020
4517
2979
1840
757
538
841
798
572
187
-298
-1087
-2557
-3579
-3290
-2643
-1730
29
1595
2593
3739
4234
3382
2103
732
-575
-1150
-1505
-1704
-970
510
1522
1906
1833
1227
26
-1814
-3803
-5270
-6385
-7727
-8793
-9273
-9699
-10582
-11637
-12386
-11814
-9251
-5052
-184
4036
6659
8917
11420
12536
11427
9310
7886
6866
5093
2567
953
882
1065
106
-1497
-3011
-4783
-7074
-9003
-9393
-8540
-7661
-6534
-3995
0
3768
6213
7935
9460
10374
9847
7971
5898
4411
2983
1378
532
632
757
650
706
706
437
-557
-1905
-2301
-2044
-1860
-1055
343
1235
2232
3352
3381
2668
1634
216
-879
-1501
-2234
-2320
-1218
88
815
1167
1240
762
-395
-2137
-3999
-5396
-6913
-8719
-9569
-10014
-10671
-11121
-11492
-11066
-8453
-4491
213
3908
5811
7531
9764
11030
10237
8279
7122
6774
5477
2967
1121
1122
1345
200
-1804
-3362
-4522
-6454
-8460
-8824
-7900
-6898
-6230
-4542
-827
3149
5559
6902
8349
9641
9627
7942
5990
4915
4007
2498
1365
1184
1084
812
499
339
137
-798
-1918
-2116
-1763
-1621
-944
180
821
1512
2353
2541
2207
1561
378
-444
-803
-1640
-2129
-1388
-466
-101
-57
-194
-275
-764
-2164
-3618
-4770
-6402
-8389
-9993
-10928
-11534
-12167
-12379
-10375
-5777
-452
3301
5246
7246
9723
10860
9667
7583
6507
6377
5420
3520
2440
2834
3396
2555
642
-1180
-3084
-5657
-8139
-8995
-8546
-8108
-7699
-6049
-2593
1289
3856
5349
7059
8703
9060
7860
6235
5335
4762
3796
2791
2624
2785
2532
2201
1849
1180
-75
-1657
-2597
-2462
-2198
-1727
-558
537
1503
2700
3233
2858
2296
1333
211
-452
-1272
-1957
-1582
-738
-321
-397
-615
-1036
-1634
-2621
-3846
-4828
-6247
-7963
-9190
-10224
-10980
-11720
-12325
-10464
-6305
-1365
2991
4913
6621
9656
11064
9959
8027
6543
5943
4989
2920
1599
2280
3123
2753
1523
-39
-1691
-4111
-7072
-8412
-8302
-8309
-8241
-6996
-3846
110
3058
4819
6513
8288
8992
8155
6665
5730
5140
4160
3379
3410
3544
3418
3190
2764
2001
362
-1722
-3071
-3644
-3897
-3517
-2416
-1310
-12
1683
2860
3237
3106
2369
1507
1075
268
-687
-448
287
467
297
-92
-781
-1564
-2971
-4614
-5731
-7265
-9239
-10569
-11389
-11954
-12549
-12793
-10375
-5308
-84
3444
5168
7338
10509
11552
9937
8130
7484
7067
5554
3247
2468
3589
3973
2745
1236
-66
-1898
-4801
-7688
-8634
-8513
-9136
-9635
-8265
-4793
-1026
1515
3420
5760
7957
8560
7810
7030
6815
6480
5581
4930
5175
5519
5424
5238
4742
3687
1872
-472
-2346
-3608
-4583
-4894
-4538
-4018
-2881
-995
489
1257
1700
1783
1646
1544
1004
603
1290
2051
2079
1967
1838
1350
296
-1458
-3355
-4945
-6951
-9180
-10874
-11935
-12684
-13650
-14077
-11826
-7145
-2319
1240
3474
5962
9127
10596
9786
8627
8230
7942
6799
5032
4277
5048
5487
4719
3474
1888
-392
-3456
-6454
-8055
-8777
-9916
-10743
-9901
-7157
-3840
-1426
497
2775
4961
6025
5937
5671
5927
6200
6099
6168
6655
7288
7650
7671
7459
6501
4551
2284
168
-1753
-3168
-4277
-5014
-5038
-4537
-3500
-2255
-1508
-1228
-766
-285
-102
-45
283
1246
2374
2928
2979
3000
2825
1930
395
-1173
-2764
-4811
-7141
-9125
-10588
-11677
-13108
-14475
-13444
-9642
-5260
-1645
653
2806
6377
8924
8794
7878
7756
8173
7915
6516
5555
6310
7282
6894
5736
4436
2609
-141
-3362
-5600
-6686
-8186
-10121
-10731
-9050
-6167
-3940
-2301
-294
2088
3782
4016
3631
3892
4523
4706
4980
5821
7054
8295
9130
9484
9210
7889
5671
3215
918
-995
-2545
-3888
-4870
-4995
-4175
-3221
-2718
-2486
-2236
-1870
-1670
-1830
-1796
-740
732
1636
2302
3005
3472
3382
2484
1068
-294
-1981
-4361
-6510
-8138
-9627
-11106
-12868
-13787
-11985
-8442
-5016
-2500
-967
1458
4740
6293
5939
5700
6539
7583
7442
6403
6458
7846
8722
8153
6914
5591
3676
683
-2392
-4103
-5263
-7191
-9155
-9584
-7979
-5944
-4817
-3814
-1957
193
1357
1359
1361
2275
3170
3592
4178
5179
6600
7858
8897
9666
9532
8569
6898
4678
2715
894
-1008
-2676
-4037
-4448
-3877
-3452
-3569
-3471
-3051
-2740
-2764
-3212
-3037
-1745
-601
37
797
1856
2672
2759
2279
1578
661
-906
-2915
-4830
-6126
-7586
-9478
-11174
-11723
-10358
-7685
-5091
-3245
-1754
297
2625
3705
3402
3276
4317
5597
5929
5769
6403
7945
9100
8882
8000
6864
5063
2293
-549
-2296
-3662
-5543
-7273
-7602
-6432
-5024
-4419
-3886
-2531
-1003
-336
-561
-480
397
1483
2334
3294
4898
6521
7817
8837
9318
9213
8333
6630
4763
3236
1750
176
-1278
-2379
-2711
-2591
-2689
-3093
-3304
-3206
-3210
-3586
-3950
-3630
-2729
-1908
-1428
-749
233
917
1042
853
553
-2
-1079
-2620
-3861
-4914
-6323
-7953
-9405
-9589
-8163
-6001
-3931
-2581
-1360
595
2429
2795
2200
2033
2882
3855
3989
3888
4893
6793
7949
8041
7605
6861
5330
2654
116
-1537
-3075
-4990
-6613
-6723
-5390
-4195
-3789
-3184
-1897
-722
-585
-1226
-1328
-664
195
957
2150
3976
5807
7285
8471
9244
9386
8499
6659
4863
3385
1902
412
-927
-1652
-1595
-1404
-1719
-2231
-2514
-2718
-3075
-3738
-4204
-4036
-3414
-2774
-2168
-1260
-312
233
340
324
92
-576
-1654
-2879
-3879
-4751
-5875
-7232
-8122
-8130
-6966
-4856
-3049
-2020
-1096
352
2023
2564
1837
1551
2547
3736
4054
3900
4641
6357
7588
7665
7251
6753
5409
3011
559
-984
-2227
-4058
-5738
-5999
-4862
-3860
-3660
-3288
-2060
-780
-613
-1267
-1593
-1165
-377
343
1435
3197
5078
6727
8151
9101
9479
8853
7224
5366
3717
2240
683
-730
-1451
-1272
-950
-1207
-1826
-2233
-2307
-2744
-3704
-4471
-4559
-4024
-3455
-2904
-1974
-849
-152
-5
-133
-402
-954
-1899
-3015
-3957
-4623
-5640
-6821
-7635
-7683
-6497
-4579
-2942
-1902
-1158
67
1448
1732
933
661
1632
2942
3504
3505
4286
5942
7129
7246
6933
6507
5411
3221
1000
-266
-1304
-2765
-4251
-4596
-3787
-3223
-3425
-3537
-2806
-1903
-1842
-2432
-2664
-2138
-1242
-404
894
2731
4470
5955
7135
8057
8633
8236
7029
5643
4482
3350
1934
450
-424
-489
-538
-1046
-1929
-2442
-2555
-3033
-3847
-4484
-4477
-4004
-3637
-3288
-2537
-1589
-978
-802
-800
-772
-1060
-1876
-2790
-3530
-4094
-4891
-5853
-6619
-6810
-6106
-4587
-2959
-1891
-1274
-282
1154
1693
1026
397
884
2227
3006
3078
3593
4979
6281
6663
6436
6119
5356
3661
1747
471
-325
-1349
-2563
-2995
-2505
-2038
-2360
-2895
-2819
-2281
-2165
-2639
-3000
-2719
-1882
-1047
84
1765
3511
4968
6062
6970
7592
7448
6515
5450
4704
4063
3072
1716
763
407
133
-596
-1674
-2424
-2765
-3266
-4036
-4517
-4367
-3862
-3480
-3184
-2634
-1986
-1551
-1602
-1659
-1381
-1347
-1682
-2353
-2792
-3150
-3752
-4786
-5718
-6302
-6203
-5207
-3688
-2407
-1742
-1000
474
1711
1581
586
323
1389
2532
2773
2815
3681
5073
5896
5815
5540
5237
4304
2736
1304
545
-212
-1314
-2161
-1975
-1292
-1214
-1843
-2380
-2275
-2069
-2302
-2841
-2784
-2080
-1114
-61
1100
2558
4002
5079
5834
6362
6412
5892
5082
4489
4232
3715
2761
1869
1336
1014
261
-928
-1991
-2666
-3258
-3964
-4522
-4561
-4103
-3666
-3298
-2835
-2280
-1918
-1986
-2101
-1975
-1848
-1927
-2309
-2696
-2893
-3156
-3886
-4769
-5544
-5815
-5185
-3841
-2452
-1802
-1278
137
1939
2347
1270
285
848
2181
2747
2625
3052
4438
5573
5722
5309
5022
4528
3230
1788
964
394
-602
-1728
-1914
-1165
-624
-996
-1723
-1991
-1835
-1963
-2638
-2973
-2530
-1641
-645
473
1922
3400
4471
5206
5790
6038
5773
5014
4376
4151
3880
3296
2527
2005
1674
1111
33
-1111
-2002
-2792
-3539
-4158
-4282
-4056
-3742
-3373
-2956
-2504
-2185
-2178
-2326
-2336
-2231
-2233
-2470
-2799
-3005
-3192
-3496
-4059
-4705
-5330
-5469
-4566
-3204
-2412
-2231
-1421
508
2028
1789
549
241
1360
2517
2649
2560
3364
4723
5563
5571
5321
5075
4352
3142
2218
1698
981
-206
-1096
-902
-303
-345
-1107
-1805
-1848
-1787
-2204
-2826
-2928
-2459
-1758
-779
550
1948
2938
3683
4460
5139
5312
4822
4284
4108
4166
3977
3378
2691
2253
1889
1192
146
-888
-1666
-2422
-3051
-3337
-3384
-3362
-3323
-3105
-2743
-2391
-2196
-2223
-2253
-2060
-1843
-1938
-2372
-2857
-3174
-3369
-3990
-4689
-5291
-5653
-5103
-3681
-2305
-1916
-1938
-800
1316
2171
960
-582
-161
1814
2967
2739
2695
4089
5817
6365
5674
4888
4417
3540
2470
1849
1740
1254
352
126
804
1271
457
-1036
-1834
-1755
-1833
-2532
-3028
-2821
-2073
-1038
122
1172
1811
2213
2777
3546
3968
3738
3278
3360
3963
4364
4040
3227
2611
2353
1881
782
-470
-1425
-2016
-2340
-2535
-2612
-2676
-2671
-2432
-1996
-1783
-1852
-2079
-2156
-1912
-1628
-1637
-1992
-2281
-2465
-2599
-2993
-3881
-4677
-5296
-5343
-4565
-3403
-2691
-2735
-2237
-404
1340
1119
-495
-979
620
2294
2332
1776
2513
4489
5897
5868
5119
4705
4391
3525
2655
2252
1969
1384
1010
1589
2413
2157
783
-356
-642
-892
-1694
-2577
-2845
-2469
-1540
-326
579
942
1151
1691
2411
2734
2370
1879
2024
2842
3590
3625
3116
2726
2786
2583
1607
318
-715
-1304
-1571
-1712
-1984
-2230
-2277
-2011
-1656
-1520
-1404
-1476
-1259
-861
-632
-316
-1059
-1565
-1493
-1497
-1888
-2815
-3478
-3879
-4098
-4280
-4133
-3583
-3084
-2900
-2776
-1844
-599
-325
-1109
-1428
-228
1284
1626
1245
1758
3378
4826
4994
4392
4094
4141
4057
3538
3004
2771
2693
2757
3009
3201
2827
1833
867
383
-128
-901
-1613
-1910
-1586
-880
-160
255
385
435
691
1023
1061
763
531
899
1710
2399
2478
2028
1893
2026
1801
853
-241
-864
-906
-988
-1250
-1441
-1603
-1358
-494
-593
-647
-548
-337
-217
-262
47
-624
-940
-1039
-867
-909
-1700
-2338
-2690
-2851
-3147
-3557
-3744
-3458
-2948
-3001
-3109
-2680
-1755
-1154
-1411
-1543
-907
161
689
677
945
1867
2999
3525
3474
3315
3520
3796
3764
3502
3268
3289
3438
3619
3583
3144
2503
1948
1457
860
187
-397
-619
-560
-340
4
256
371
334
327
309
212
-82
-270
-108
445
841
987
974
1134
1218
1148
487
-85
-627
-859
-830
-723
-835
-973
-446
-15
318
-257
-99
62
197
-64
-133
-264
-401
-477
-252
-529
-1199
-1538
-1700
-1710
-2265
-2696
-2960
-3044
-2891
-2649
-2739
-2797
-2435
-1805
-1299
-1350
-1499
-1189
-595
-117
138
370
861
1545
2171
2590
2782
2902
3070
3278
3384
3234
2999
2887
2883
2822
2596
2271
1896
1571
1278
1101
869
615
441
454
723
806
643
250
21
-14
65
-199
-406
-329
-44
589
509
390
286
232
163
-206
-622
-743
-693
-644
-540
-181
65
-25
164
163
273
100
23
-103
-187
170
150
-183
-277
-283
-222
-695
-1137
-1372
-1642
-1743
-2160
-2518
-2727
-2646
-2610
-2677
-2589
-2316
-2068
-1928
-1814
-1547
-1210
-963
-905
-763
-260
339
820
1020
1350
1812
2331
2612
2520
2296
2151
2243
2235
2097
1860
1817
1960
2052
1966
1654
1410
1304
1303
1273
959
750
720
884
896
597
240
-140
112
82
151
8
-170
-196
-31
15
-79
-352
-514
-347
-72
-295
-450
-340
-142
242
126
150
-71
-18
161
288
263
249
130
287
386
183
-33
-217
-430
-763
-832
-1134
-1465
-1595
-1705
-1644
-1730
-2144
-2128
-2108
-2064
-2050
-2159
-2112
-2059
-1757
-1489
-1314
-1210
-962
-632
-366
-186
13
321
593
731
796
814
886
964
1108
1146
1195
1345
1542
1784
1938
2016
2006
1967
1846
1664
1392
1151
1024
992
966
892
796
620
359
188
188
-160
-519
-677
-386
-434
-439
-573
-267
57
-37
-217
-213
80
7
-104
-133
220
113
106
656
363
616
715
384
89
84
-104
-206
-337
-653
-769
-648
-751
-1050
-962
-968
-1375
-1240
-1187
-1026
-1234
-1465
-1425
-1490
-1363
-1406
-1476
-1516
-1351
-1177
-1199
-1191
-1262
-1080
-1090
-1143
-1241
-1410
-1247
-1198
-1058
-1063
-815
-360
25
464
664
1117
1366
1587
1795
1943
2079
2014
2056
2023
2022
1874
1591
1470
1204
1125
700
494
77
-223
-204
-372
-178
-460
-259
-606
-186
47
-264
-197
-225
-41
-12
293
366
338
509
782
1086
792
963
696
510
652
136
-82
-725
-523
-642
-758
-601
-699
-638
-913
-390
-493
-1099
-968
-822
-608
-532
-790
-843
-438
-106
-79
-173
-518
-505
-593
-740
-1129
-1528
-1824
-2031
-2012
-2202
-2525
-2735
-2515
-2135
-1956
-1865
-1814
-1411
-840
-488
-327
-191
274
787
1151
1300
1469
1760
1911
2031
1907
1769
1473
1223
994
748
509
123
-91
-181
-71
-176
20
-106
-5
-122
-89
-21
-229
-382
-300
63
608
669
517
619
1028
1631
1010
318
213
493
376
15
-286
-300
-372
-181
-128
-258
-473
-974
-536
-275
-279
-538
-595
-179
190
345
53
66
10
565
367
-92
-219
-189
-175
-678
-883
-1064
-1604
-1624
-1983
-2293
-2519
-2225
-2142
-2315
-2128
-2038
-1698
-1578
-1354
-1220
-1047
-662
-311
46
146
239
490
710
738
634
576
498
622
682
443
299
349
551
453
331
136
148
172
4
-108
-201
46
40
377
653
810
1035
1027
1117
1255
1032
775
485
310
214
160
-33
66
140
279
298
119
146
239
-41
-253
-175
238
338
638
467
586
617
774
1054
667
839
525
313
300
-107
-338
-646
-512
-857
-987
-1356
-1526
-1392
-1583
-1611
-1860
-1822
-1598
-1549
-1396
-1085
-911
-864
-738
-302
-414
-391
-473
-406
-297
-467
-540
-528
-382
-508
-504
-578
-611
-630
-694
-718
-872
-979
-907
-646
-439
-452
-420
-200
223
507
470
534
732
905
988
1046
860
779
766
719
602
404
597
744
479
434
354
557
239
98
271
82
352
515
632
371
526
1466
1320
1154
1204
1904
1521
1017
883
1063
659
736
621
53
-190
-242
-23
-842
-964
-874
-1381
-1343
-927
-1228
-1032
-1387
-922
-666
-268
-81
-187
-503
-247
417
245
153
-365
-204
151
5
-55
-909
-655
-333
-299
-693
-1195
-1080
-1142
-1304
-1727
-1644
-1253
-1301
-1201
-1220
-785
-417
-307
-302
-353
-218
-345
-118
22
114
150
270
580
587
627
579
551
463
333
352
292
448
370
403
656
753
1261
1050
976
1084
1451
1722
1237
1150
1117
1248
1052
1212
705
521
835
772
663
278
413
-268
-168
5
-308
-762
-949
-10
-203
-446
-659
-463
492
90
426
-187
-277
313
767
558
-421
1
364
368
-285
-329
-115
16
369
-436
-609
-915
-585
-245
-1204
-1314
-1188
-795
-991
-961
-859
-965
-668
-910
-854
-1295
-1303
-1291
-1255
-976
-1329
-909
-736
-607
-585
-659
-347
-248
-145
-411
-266
-128
73
575
672
769
731
1017
1184
1157
1165
1000
1097
940
872
911
943
625
623
1007
950
837
370
563
447
481
288
-79
-50
84
149
347
222
160
586
901
577
317
903
700
553
805
967
793
475
771
854
39
448
438
412
-30
131
498
-66
-247
-309
-192
-456
-592
-98
-580
-397
-398
-463
-28
-461
-430
-806
-941
-436
-954
-853
-1002
-1188
-982
-654
-770
-1445
-1272
-916
-806
-1211
-1491
-1079
-943
-840
-795
-452
-283
-208
13
-99
51
203
304
145
-15
311
529
576
322
444
667
759
624
238
407
353
149
140
37
163
51
280
431
440
604
836
1175
1016
1099
1024
1047
837
859
791
751
463
592
1285
1119
716
640
959
1105
420
-77
409
391
633
72
150
197
276
342
225
125
-337
-254
370
-47
-504
-19
-25
-87
-732
-181
-567
-640
-968
-491
-416
-976
-524
-720
-218
-429
-1108
-690
-657
-420
-658
-1162
-887
-655
-385
-1124
-1097
-963
-903
-1138
-1369
-1086
-867
-544
-741
-719
-552
-399
-339
-509
-365
-242
-17
184
300
580
614
897
924
1009
1078
1025
1198
891
912
888
884
767
592
812
739
833
988
952
1004
1126
1102
1029
956
649
445
400
663
840
472
516
1183
1173
952
470
322
778
624
105
86
226
481
229
-164
474
415
16
-419
-63
347
-149
-395
-248
233
448
-294
-210
439
-21
-185
-510
-252
-10
-24
-698
-516
-587
-444
-1134
-1365
-1120
-1556
-1688
-1878
-1706
-1695
-1914
-2145
-2038
-1710
-1660
-1851
-1540
-1153
-624
-636
-584
-167
348
561
330
440
797
1053
1102
992
1143
1409
1462
1485
1542
1452
1264
1169
1131
1021
774
515
660
574
453
272
424
567
638
866
427
769
953
885
670
391
362
676
667
221
468
1067
770
760
662
960
1071
666
354
513
1059
800
647
995
1196
793
854
1039
732
165
183
298
-58
-121
-588
-818
-217
-662
-1065
-1062
-1114
-1641
-1441
-984
-1179
-1833
-1841
-1403
-1229
-1388
-1951
-1715
-1356
-1455
-1800
-1675
-1513
-1574
-1243
-1074
-1027
-1035
-954
-543
-374
-333
-184
173
339
417
826
1160
1247
1177
1391
1736
1735
1596
1505
1683
1666
1537
1481
1351
1081
843
763
576
202
4
-254
-423
-400
-302
-166
-232
-199
173
599
430
211
386
865
1087
1010
1080
1593
1985
2235
2083
1922
1730
1718
1779
1239
898
771
965
620
59
-166
-88
-456
-409
-1015
-1187
-951
-1024
-845
-1212
-1435
-957
-653
-797
-1261
-1162
-774
-353
-625
-858
-664
-677
-843
-981
-1172
-1555
-1747
-1868
-1980
-2234
-2441
-2342
-2377
-2566
-2412
-1981
-1609
-1615
-1470
-874
-316
-119
-8
328
673
1091
1569
1913
1964
2008
2447
2644
2342
1979
1913
1825
1472
1230
1119
1013
609
260
151
-129
-530
-884
-934
-946
-978
-768
-425
-187
-20
378
816
915
859
1089
1377
1595
1693
1786
1932
2014
1817
1963
1643
1216
1035
1105
871
346
300
140
-109
-427
-567
-541
-504
-548
-392
-422
-749
-1121
-475
-280
-525
-28
-283
-246
-371
-517
-754
-762
-935
-1539
-1323
-1068
-1335
-1543
-2007
-2199
-2350
-2620
-2931
-3178
-3287
-3140
-2814
-2879
-2536
-1894
-1340
-1073
-988
-521
40
490
626
718
1176
1873
2351
2369
2364
2639
2955
2866
2363
2215
2194
2077
1730
1388
1306
1106
703
163
-85
-213
-569
-1024
-1270
-1271
-1264
-1363
-1563
-1485
-1026
-783
-798
-666
-170
401
577
915
1630
2230
2384
2346
2743
3082
2831
2503
2411
2529
2318
1939
1659
1400
904
474
256
-183
-653
-1074
-1159
-1020
-1030
-1058
-1091
-1234
-1063
-830
-922
-1072
-783
-780
-1043
-617
-524
-726
-844
-1003
-1070
-1249
-1654
-2032
-2264
-2367
-2678
-3047
-3250
-3450
-3583
-3526
-3445
-3304
-3064
-2304
-1372
-994
-900
-420
652
1352
1200
1118
1965
3104
3538
3417
3654
4099
4225
3770
3114
2679
2308
1656
845
407
164
-141
-831
-1544
-1849
-1937
-2307
-2967
-3167
-2811
-2460
-2289
-2111
-1620
-1115
-769
-352
360
992
1299
1636
2306
3077
3356
3420
3668
3924
3900
3550
3339
3209
2769
2096
1614
1316
879
175
-452
-693
-922
-1286
-1649
-1854
-1831
-1720
-1722
-1606
-1303
-1040
-800
-591
-378
-54
115
109
27
118
234
-232
-585
-670
-865
-1293
-1807
-1999
-2191
-2684
-3272
-3576
-3809
-4052
-4400
-4607
-4343
-3959
-3508
-2750
-1632
-718
-660
-678
190
1405
1680
947
981
2500
3949
4031
3452
3604
4417
4397
3335
2254
1920
1704
954
170
57
224
-275
-1278
-1984
-1959
-2043
-2869
-3698
-3553
-2656
-2096
-2073
-1804
-1051
-389
-173
-36
336
777
1103
1670
2522
3027
3099
3170
3561
3708
3288
2798
2569
2407
2175
1842
1540
1123
472
-39
-328
-646
-1147
-1572
-1639
-1406
-1058
-979
-1002
-812
-406
4
177
377
705
1094
1306
1382
1576
1636
1362
882
625
394
-69
-812
-1531
-1975
-2427
-3014
-3682
-4199
-4668
-5202
-5588
-5723
-5799
-6022
-6072
-5726
-4962
-4068
-2865
-1246
164
883
1221
2284
3760
4183
3452
3072
4256
5760
6003
5171
4736
5141
5069
3800
2042
988
379
-592
-1643
-2106
-1966
-2175
-3115
-3868
-3738
-3444
-3830
-4532
-4437
-3274
-2013
-1329
-935
-173
874
1567
1852
2010
2290
2548
2755
3063
3476
3777
3741
3468
3070
2635
2084
1427
762
17
-419
-387
-317
-496
-911
-1034
-702
-484
-636
-874
-721
-219
199
535
940
1328
1568
1646
1788
1944
1857
1462
1117
1157
1272
1040
453
3
-247
-561
-1096
-1772
-2223
-2582
-2952
-3234
-3392
-3484
-3758
-4104
-4179
-4043
-3943
-4070
-4248
-4100
-3722
-3385
-3154
-2829
-2151
-1042
545
2010
2556
2339
2618
3838
4608
3832
2458
2455
3756
4397
3628
2683
2589
2638
1686
90
-940
-1359
-2038
-3099
-3467
-2761
-2136
-2481
-3232
-3160
-2248
-1748
-2079
-2337
-1536
-132
924
1457
2007
2705
3081
3173
3129
3173
3044
2598
2311
2337
2486
2241
1532
735
199
-203
-777
-1492
-2126
-2422
-2398
-2048
-1587
-1421
-1364
-914
-100
532
808
1047
1532
2075
2515
2905
3257
3454
3258
3067
3042
2899
2375
1550
943
617
308
-302
-1011
-1529
-1874
-2212
-2601
-2818
-2925
-3065
-3210
-3121
-2718
-2413
-2475
-2496
-2283
-2050
-2017
-2248
-2204
-1948
-1811
-1925
-2236
-2257
-2085
-2140
-2281
-2110
-1010
519
1411
1267
1006
1829
3032
3010
1686
919
1761
2966
3076
2383
2243
2700
2539
1429
305
-155
-540
-1479
-2336
-2197
-1428
-1185
-1937
-2496
-2066
-1470
-1583
-2219
-2227
-1354
-372
184
597
1262
1957
2242
2218
2331
2473
2343
1966
1756
1922
2122
1923
1386
842
498
208
-319
-1006
-1572
-1800
-1672
-1514
-1385
-1156
-772
-138
495
952
1310
1710
2047
2221
2361
2613
2794
2607
2316
2243
2301
2018
1251
565
215
-55
-601
-1253
-1555
-1569
-1616
-1825
-1888
-1691
-1499
-1573
-1686
-1448
-979
-696
-718
-684
-402
-146
-344
-791
-1063
-1203
-1547
-2088
-2491
-2771
-3031
-3255
-3531
-3687
-3628
-3134
-2047
-745
-57
-128
127
1438
2721
2584
1625
1662
3037
4045
3753
3179
3374
3735
3120
1844
999
693
-35
-1306
-2100
-1875
-1405
-1912
-2918
-3216
-2692
-2222
-2482
-2792
-2338
-1330
-428
175
814
1616
2202
2402
2608
2901
3071
2920
2536
2395
2484
2473
2019
1203
410
-169
-695
-1374
-2065
-2558
-2668
-2543
-2246
-1868
-1560
-1186
-763
-262
239
837
1562
2289
2895
3402
3871
4056
3864
3382
2923
2575
2045
1402
875
514
144
-456
-1089
-1514
-1908
-2397
-2804
-2884
-2571
-2309
-2115
-1751
-1162
-569
-295
-177
33
362
553
554
523
603
598
213
-279
-649
-970
-1524
-2349
-3012
-3351
-3570
-3916
-4260
-4325
-3908
-3042
-1824
-640
-34
88
552
1807
2839
2574
1781
2016
3334
4156
3773
3117
3059
3067
2247
915
9
-380
-1125
-2195
-2637
-2195
-1662
-1998
-2680
-2636
-1859
-1280
-1394
-1443
-751
394
1283
1902
2514
3137
3466
3409
3339
3331
3131
2558
1921
1529
1361
1059
343
-552
-1325
-1840
-2395
-3008
-3528
-3882
-3761
-3293
-2602
-1987
-1452
-810
-26
792
1512
2204
2831
3365
3763
4190
4567
4554
4151
3589
3097
2616
1973
1209
532
40
-389
-800
-1148
-1373
-1694
-2045
-2101
-1890
-1539
-1316
-1119
-676
-6
517
712
760
891
1008
907
734
559
344
7
-472
-911
-1309
-1857
-2617
-3389
-3878
-4125
-4479
-4907
-5069
-4876
-4548
-4337
-4008
-3238
-1981
-424
905
1677
2178
3128
4426
5091
4701
4124
4346
5032
5081
4234
3353
3020
2601
1478
91
-861
-1430
-2208
-3178
-3571
-3202
-2826
-3015
-3291
-2848
-1939
-1302
-1161
-875
42
1136
1884
2297
2812
3389
3635
3491
3308
3247
3022
2440
1665
1184
1013
549
-314
-1210
-1759
-2098
-2546
-3111
-3484
-3497
-3287
-2928
-2411
-1639
-837
-135
551
1329
2200
2873
3323
3711
4264
4857
5210
5150
4733
4195
3655
2977
2019
1034
299
-262
-742
-1164
-1427
-1647
-1984
-2395
-2545
-2320
-2051
-1939
-1817
-1258
-452
180
449
519
754
1054
1130
989
920
980
911
616
266
-19
-405
-1039
-1862
-2518
-2856
-3167
-3568
-3928
-4001
-3876
-3768
-3695
-3562
-3189
-2639
-1898
-721
865
2067
2575
2972
3821
4907
5156
4486
3777
3831
4239
4039
3145
2245
1731
1144
145
-1059
-1977
-2613
-3381
-4047
-4157
-3662
-3181
-3131
-3080
-2517
-1569
-785
-410
-53
722
1704
2543
3156
3577
3944
4094
3942
3643
3335
2859
2074
1185
530
170
-302
-1072
-2014
-2680
-2988
-3298
-3670
-3973
-3943
-3604
-3119
-2471
-1630
-704
182
970
1757
2579
3243
3693
4008
4179
4430
4630
4549
4082
3445
2813
2117
1276
438
-287
-936
-1429
-1801
-1943
-1985
-2135
-2284
-2265
-1975
-1595
-1241
-864
-322
353
960
1439
1747
1973
1987
1899
1827
1674
1429
1004
605
271
-58
-588
-1334
-2060
-2657
-3207
-3741
-4143
-4466
-4595
-4588
-4443
-4167
-3879
-3510
-3040
-2441
-1678
-624
694
1984
2877
3304
3740
4346
4755
4510
3826
3450
3444
3350
2823
2120
1492
854
-48
-967
-1638
-2160
-2693
-3249
-3387
-2984
-2512
-2284
-2182
-1832
-1212
-603
-217
80
529
1096
1665
2081
2485
2687
2653
2438
2111
1848
1457
893
246
-272
-566
-803
-1152
-1636
-2029
-2238
-2319
-2442
-2493
-2309
-1993
-1548
-1032
-399
273
862
1369
1900
2447
2866
3070
3150
3320
3372
3203
2905
2582
2322
1901
1306
656
124
-306
-733
-1183
-1493
-1610
-1583
-1511
-1484
-1339
-1048
-784
-555
-281
99
496
761
929
1106
1324
1387
1255
1018
864
656
347
-25
-431
-731
-1033
-1434
-1887
-2241
-2545
-2889
-3200
-3357
-3290
-3232
-3214
-3123
-2856
-2459
-2098
-1692
-1292
-809
-166
733
1751
2495
2785
2814
3002
3295
3320
2791
2149
1851
1733
1566
1142
574
-3
-571
-1181
-1735
-2139
-2468
-2785
-2965
-2735
-2241
-1761
-1438
-1225
-843
-282
250
621
906
1196
1587
1994
2321
2516
2478
2310
1967
1600
1314
865
321
-246
-628
-805
-946
-1215
-1555
-1807
-1961
-2008
-2012
-1863
-1685
-1410
-967
-399
234
721
1053
1406
1889
2343
2586
2624
2693
2801
2830
2732
2421
2007
1522
997
530
56
-343
-717
-1067
-1292
-1321
-1235
-1189
-1167
-1079
-766
-358
12
321
609
1001
1389
1675
1796
1817
1779
1663
1468
1201
934
627
247
-283
-748
-1056
-1427
-1860
-2299
-2595
-2775
-2931
-3124
-3212
-3177
-3076
-2939
-2790
-2464
-2109
-1770
-1348
-885
-347
163
753
1467
2118
2547
2784
2860
2825
2720
2497
2155
1676
1264
995
721
395
4
-435
-889
-1266
-1570
-1778
-1904
-1907
-1729
-1374
-916
-523
-200
140
427
694
918
1102
1246
1358
1480
1614
1675
1603
1437
1206
928
517
117
-267
-663
-971
-1226
-1394
-1507
-1564
-1634
-1681
-1675
-1593
-1450
-1289
-1039
-750
-381
42
385
698
999
1341
1662
1880
1994
2041
2070
2020
1929
1785
1630
1362
1040
752
456
179
-173
-495
-721
-807
-832
-828
-766
-645
-466
-308
-120
-12
57
168
234
325
400
439
439
412
356
246
78
-132
-313
-528
-724
-953
-1146
-1230
-1408
-1591
-1779
-1922
-2041
-2187
-2319
-2395
-2409
-2345
-2227
-2139
-1925
-1642
-1352
-1027
-738
-379
39
447
936
1477
1893
2116
2178
2219
2275
2156
1863
1479
1185
973
672
352
-23
-449
-952
-1422
-1784
-2046
-2250
-2406
-2357
-2084
-1685
-1408
-1205
-899
-563
-260
-11
307
669
995
1242
1492
1736
1871
1767
1477
1220
917
518
104
-337
-664
-958
-1221
-1428
-1607
-1788
-1973
-2062
-2028
-1895
-1720
-1421
-1053
-602
-106
318
747
1127
1478
1794
2077
2300
2367
2363
2371
2337
2109
1723
1250
856
514
29
-451
-818
-1058
-1251
-1385
-1448
-1426
-1332
-1190
-976
-687
-291
24
296
657
989
1296
1488
1595
1608
1567
1468
1283
1023
702
328
-43
-343
-704
-1061
-1381
-1691
-1939
-2185
-2400
-2557
-2632
-2672
-2613
-2444
-2225
-2030
-1827
-1507
-1238
-999
-754
-539
-281
31
373
673
913
1113
1279
1337
1230
1005
763
567
300
22
-155
-270
-343
-479
-611
-723
-828
-953
-1033
-1022
-925
-779
-618
-353
-123
50
183
236
311
329
302
257
275
314
302
252
180
73
-118
-290
-503
-687
-786
-882
-879
-844
-787
-702
-614
-527
-455
-399
-306
-147
11
169
275
416
640
773
836
937
1083
1201
1216
1171
1199
1176
1031
822
633
530
376
216
136
77
51
-11
-32
-54
-101
-164
-185
-148
-90
-45
13
135
175
187
192
120
76
-3
-101
-197
-236
-291
-361
-420
-452
-453
-534
-601
-698
-776
-839
-968
-1037
-1049
-1067
-1127
-1131
-1114
-1055
-997
-977
-989
-1057
-994
-930
-919
-913
-917
-835
-665
-412
-126
143
358
587
738
772
797
788
718
531
397
414
421
374
236
88
-74
-232
-444
-673
-827
-935
-969
-934
-781
-647
-539
-436
-358
-256
-160
-35
44
124
279
444
589
656
660
596
521
355
182
38
-171
-295
-417
-440
-433
-461
-545
-635
-673
-679
-671
-664
-542
-387
-204
47
294
620
972
1221
1341
1478
1694
1823
1740
1652
1688
1589
1396
1202
1042
816
467
205
8
-190
-401
-562
-605
-530
-457
-431
-319
-157
23
109
210
389
489
603
696
820
908
952
930
880
806
703
580
386
232
29
-177
-342
-496
-621
-839
-1085
-1270
-1348
-1438
-1517
-1523
-1507
-1483
-1467
-1354
-1292
-1266
-1208
-1102
-877
-670
-479
-296
-64
177
416
597
670
717
795
881
802
716
702
591
445
328
254
107
-95
-272
-405
-531
-639
-720
-763
-686
-641
-559
-393
-274
-189
-117
11
142
222
301
408
532
612
649
666
692
630
530
466
387
323
230
137
71
39
6
-62
-105
-77
-33
-73
-26
17
112
274
425
620
758
882
1004
1112
1155
1160
1135
1120
1096
1069
1102
1022
862
729
597
497
341
157
24
-11
-3
19
30
23
41
37
91
84
75
130
167
275
353
469
529
540
538
488
416
291
163
40
-22
-164
-262
-317
-435
-545
-671
-766
-886
-982
-1051
-1121
-1141
-1111
-982
-881
-778
-746
-656
-503
-421
-338
-287
-180
-89
31
153
269
354
364
393
416
468
412
325
304
214
145
74
37
-41
-123
-154
-164
-141
-141
-148
-164
-102
-72
-28
52
97
160
193
267
300
305
312
284
238
215
202
177
187
115
56
53
34
19
-43
-68
-56
-18
11
37
77
127
173
189
249
291
356
497
603
715
813
918
1024
1115
1178
1180
1136
1073
1068
1059
1027
891
736
681
625
582
492
400
323
301
280
276
280
258
261
285
383
407
397
399
366
384
415
412
341
297
300
326
313
267
224
165
170
115
42
14
-74
-140
-200
-272
-397
-525
-592
-653
-739
-818
-823
-866
-825
-815
-866
-856
-857
-820
-804
-770
-683
-569
-447
-312
-169
-57
50
135
251
304
290
308
312
390
430
433
410
363
339
327
272
166
52
-42
-51
-81
-135
-175
-249
-237
-206
-200
-235
-259
-212
-146
-92
-39
37
115
209
236
272
353
375
372
352
387
439
459
413
375
393
389
363
286
270
251
278
374
398
453
505
550
561
594
642
661
645
639
702
774
846
820
763
740
694
656
583
530
443
383
367
359
330
274
247
215
247
193
127
125
118
145
164
200
245
275
303
329
362
372
364
337
362
329
270
252
186
161
116
82
20
-31
-54
-91
-102
-87
-68
-66
-2
23
51
124
136
162
163
178
197
222
194
160
129
89
28
-77
-143
-243
-316
-360
-440
-473
-493
-481
-482
-511
-516
-498
-458
-447
-413
-359
-244
-176
-129
-35
24
102
129
163
196
233
242
214
204
198
193
142
126
68
24
23
-17
-10
9
22
54
79
122
177
231
282
324
380
490
503
489
511
520
515
459
403
327
275
205
144
95
30
-7
-52
-59
-112
-154
-132
-129
-93
-79
-19
33
87
138
183
205
223
242
231
261
213
157
171
134
91
5
-71
-129
-174
-246
-308
-350
-371
-364
-406
-387
-381
-362
-334
-340
-294
-222
-148
-97
-48
26
86
113
118
139
144
165
110
51
70
5
-34
-98
-130
-179
-251
-329
-394
-445
-492
-521
-580
-553
-557
-559
-515
-515
-473
-448
-404
-355
-309
-265
-213
-155
-98
-50
-24
