11
-27
-2
-16
-28
-35
-32
-19
-33
-30
-25
-29
-18
-18
-19
14
23
-16
10
2
12
3
4
19
22
23
19
25
14
19
8
40
55
10
24
8
15
8
12
10
3
8
13
10
2
10
0
27
34
-9
11
5
12
14
7
2
7
-6
-14
8
-5
-5
-26
-2
15
-37
-15
-32
-33
-37
-33
-39
-36
-32
-21
-14
-24
-21
-30
-3
-7
-53
-26
-31
-16
-16
-27
-29
-37
-38
-34
-46
-48
-34
-56
-33
-27
-76
-58
-61
-48
-37
-38
-39
-38
-44
-52
-49
-51
-38
-45
-18
-13
-52
-35
-42
-29
-39
-25
-27
-19
-19
-28
-18
-27
-28
-50
-11
-1
-35
-19
-27
-15
-19
-9
-11
-12
-3
-11
-7
-4
-3
-9
11
13
-9
16
9
27
22
15
22
25
23
27
35
37
47
31
49
66
30
43
39
50
36
29
36
38
37
36
32
23
34
26
39
42
1
17
-5
-9
-16
-25
-27
-37
-49
-32
-28
-33
-33
-42
-13
-12
-53
-27
-39
-30
-23
-24
-16
-31
-28
-27
-24
-10
-5
-13
24
21
-24
7
0
5
-9
-22
-14
-12
-6
-8
-1
-1
12
16
53
78
36
50
43
68
63
59
65
60
65
71
79
76
93
86
110
112
73
101
85
95
93
93
104
101
105
113
107
112
121
100
133
129
95
113
92
88
75
76
83
68
73
57
42
34
22
0
5
16
-41
-26
-33
-36
-44
-46
-60
-72
-61
-69
-63
-86
-85
-108
-104
-97
-149
-111
-130
-130
-122
-129
-128
-132
-143
-153
-156
-170
-162
-174
-144
-140
-175
-161
-154
-139
-142
-135
-128
-115
-109
-104
-101
-92
-72
-70
-38
-8
-26
17
30
56
53
73
94
106
140
161
179
190
225
244
292
322
298
345
347
363
380
401
406
409
406
404
410
409
424
400
412
412
355
366
352
339
318
302
272
239
227
203
194
155
124
84
70
51
-23
-43
-83
-106
-152
-179
-201
-224
-256
-292
-321
-363
-382
-420
-404
-425
-493
-494
-535
-540
-551
-557
-583
-588
-586
-591
-601
-612
-616
-623
-587
-568
-581
-539
-512
-477
-449
-396
-340
-297
-239
-171
-102
-41
59
133
242
338
393
498
573
670
750
823
895
957
1000
1032
1082
1123
1168
1180
1206
1216
1170
1185
1160
1126
1095
1061
1018
964
903
836
754
668
598
491
432
356
236
175
85
17
-55
-137
-215
-291
-347
-415
-462
-507
-541
-583
-609
-629
-696
-699
-747
-777
-793
-813
-836
-852
-859
-872
-884
-900
-875
-897
-866
-843
-879
-846
-848
-837
-814
-799
-791
-761
-727
-680
-642
-601
-541
-486
-408
-331
-291
-193
-118
-36
45
138
237
316
417
504
614
699
791
862
947
1034
1042
1124
1156
1172
1198
1222
1234
1233
1232
1220
1203
1156
1123
1055
1028
980
863
813
714
628
539
462
383
296
227
146
92
13
-51
-121
-172
-200
-306
-347
-398
-451
-496
-522
-558
-595
-603
-629
-636
-671
-698
-731
-730
-729
-784
-769
-766
-772
-772
-777
-773
-762
-758
-741
-724
-706
-682
-684
-642
-616
-637
-595
-589
-559
-549
-521
-488
-461
-423
-395
-344
-302
-244
-195
-118
-45
-17
78
150
225
306
386
468
548
636
705
785
860
936
990
1051
1104
1101
1148
1159
1161
1156
1149
1136
1116
1077
1029
996
952
907
847
801
748
644
590
518
456
384
319
258
190
132
68
13
-63
-111
-174
-221
-267
-368
-392
-431
-459
-495
-531
-570
-602
-625
-636
-649
-677
-681
-701
-686
-692
-726
-698
-728
-715
-710
-708
-686
-679
-667
-663
-640
-640
-629
-636
-604
-586
-616
-585
-562
-526
-516
-489
-434
-409
-372
-323
-271
-213
-144
-90
-4
76
104
209
277
368
454
541
619
685
750
812
886
914
972
991
1039
1069
1024
1042
1028
1027
1026
1007
978
952
935
886
837
785
742
680
637
582
482
442
366
310
245
187
122
49
-12
-89
-150
-229
-285
-357
-385
-421
-510
-533
-567
-603
-636
-672
-687
-709
-725
-744
-754
-769
-781
-785
-783
-783
-825
-794
-796
-804
-785
-785
-770
-764
-757
-742
-728
-721
-703
-682
-633
-591
-595
-532
-508
-460
-417
-369
-322
-271
-202
-150
-86
-21
51
115
211
297
343
448
506
587
657
714
776
831
884
914
957
990
1017
1020
1062
1071
1034
1060
1042
1026
994
968
920
883
840
787
744
676
626
556
505
455
341
295
223
153
80
-5
-74
-149
-197
-248
-293
-358
-395
-454
-485
-506
-597
-597
-639
-664
-699
-717
-724
-748
-745
-751
-750
-755
-749
-759
-729
-709
-735
-711
-723
-701
-701
-679
-657
-656
-633
-618
-593
-586
-545
-521
-473
-416
-417
-359
-322
-261
-209
-153
-86
-25
50
119
194
250
328
405
490
571
602
690
745
794
830
878
917
944
980
990
1015
1028
1042
1028
1041
1040
976
965
915
871
827
784
739
689
642
581
516
442
402
321
281
219
100
52
-33
-89
-170
-233
-301
-360
-401
-457
-492
-535
-565
-613
-625
-650
-704
-695
-735
-737
-752
-769
-766
-765
-770
-773
-758
-763
-754
-748
-720
-716
-750
-716
-711
-689
-688
-673
-655
-634
-599
-576
-539
-519
-475
-451
-387
-323
-316
-246
-194
-144
-91
-27
40
109
181
255
337
403
474
543
627
687
701
767
807
849
875
900
915
932
951
951
954
950
947
913
921
899
838
822
765
721
670
612
560
494
427
376
308
245
198
127
86
26
-85
-122
-203
-256
-313
-373
-421
-462
-501
-547
-579
-624
-643
-667
-663
-670
-737
-715
-730
-738
-738
-744
-744
-745
-725
-711
-701
-698
-678
-685
-652
-632
-676
-648
-634
-624
-615
-601
-579
-561
-533
-515
-493
-467
-440
-406
-350
-292
-288
-230
-191
-132
-62
-16
45
113
184
247
331
400
481
541
637
702
710
789
835
871
897
930
957
965
961
972
969
959
947
921
913
887
814
798
742
694
637
571
522
455
392
330
265
197
136
39
-9
-72
-196
-226
-288
-334
-388
-436
-486
-540
-574
-630
-657
-676
-711
-745
-738
-751
-795
-787
-795
-797
-793
-776
-782
-773
-771
-760
-735
-743
-718
-718
-687
-664
-696
-657
-656
-635
-609
-587
-577
-557
-521
-513
-485
-461
-416
-391
-315
-265
-266
-213
-164
-86
-24
34
90
157
228
301
361
431
505
563
658
719
733
799
823
864
895
914
944
959
968
966
961
953
938
905
889
860
792
764
717
667
625
571
509
444
383
309
247
183
122
56
19
-41
-138
-176
-251
-306
-359
-410
-458
-493
-523
-565
-594
-635
-660
-696
-696
-696
-757
-751
-764
-774
-784
-778
-779
-781
-775
-777
-784
-760
-735
-735
-703
-680
-706
-670
-656
-637
-624
-620
-592
-582
-561
-546
-513
-495
-469
-444
-405
-372
-381
-324
-294
-242
-209
-153
-102
-57
-2
51
117
170
237
283
370
430
434
522
569
628
684
721
764
793
832
858
884
896
917
925
950
960
918
927
911
894
858
821
780
738
685
627
579
516
461
379
338
290
177
134
54
-14
-85
-144
-195
-255
-307
-379
-424
-478
-519
-564
-578
-596
-657
-664
-704
-722
-740
-763
-762
-778
-780
-777
-770
-771
-758
-767
-734
-718
-743
-692
-695
-670
-657
-649
-639
-632
-616
-601
-591
-580
-550
-540
-498
-473
-495
-460
-461
-430
-409
-372
-326
-315
-257
-228
-193
-161
-108
-77
4
73
77
173
234
306
372
437
503
576
642
697
770
825
890
937
999
1043
1034
1098
1099
1112
1102
1084
1083
1067
1046
1016
989
929
1004
889
874
849
693
724
724
822
660
486
458
387
292
177
171
178
188
25
-120
-75
-181
-336
-437
-514
-637
-768
-744
-748
-733
-629
-643
-737
-871
-984
-974
-839
-905
-921
-846
-804
-848
-896
-884
-864
-843
-902
-877
-784
-717
-731
-677
-577
-549
-506
-569
-642
-619
-569
-552
-546
-574
-545
-489
-480
-433
-353
-214
-64
49
198
350
560
710
857
1023
1154
1213
1222
1253
1304
1397
1407
1379
1365
1405
1522
1529
1542
1543
1501
1483
1427
1306
1198
1151
1079
1028
994
1026
1065
1007
948
881
893
888
774
624
595
627
586
491
409
460
521
509
424
278
203
21
-157
-317
-449
-512
-591
-657
-693
-675
-709
-823
-1004
-1127
-1168
-1336
-1476
-1628
-1758
-1874
-1964
-2124
-2344
-2556
-2657
-2708
-2683
-2614
-2515
-2317
-2141
-2019
-1838
-1794
-1823
-1777
-1665
-1598
-1681
-1679
-1451
-778
68
709
1042
1572
2423
3075
3022
2385
2031
2042
1885
1288
808
686
638
452
290
395
448
122
-468
-832
-873
-1163
-1822
-2318
-2175
-1611
-1194
-907
-394
450
1312
2006
2644
3243
3580
3591
3651
3727
3615
3187
2749
2563
2555
2535
2221
1774
1358
1029
598
113
-386
-963
-1380
-1562
-1470
-1423
-1431
-1332
-1016
-569
-213
-18
-69
-160
-266
-256
-264
-428
-669
-820
-778
-689
-821
-1168
-1601
-2054
-2441
-2838
-3432
-4119
-4633
-4874
-4953
-5012
-4952
-4827
-4520
-4134
-3894
-3848
-3785
-3352
-2714
-2270
-1916
-730
1445
3467
4296
4577
5597
6826
6963
5686
4156
3292
2962
2420
1332
221
-265
-118
-179
-818
-1547
-2032
-2552
-3263
-3880
-4178
-4206
-4050
-3526
-2562
-1303
136
1566
2510
2853
3246
4043
4585
4349
3795
3938
4842
5488
5299
4813
4577
4420
3878
2702
1303
-4
-1080
-1881
-2418
-2595
-2566
-2376
-2039
-1428
-702
-236
-262
-459
-301
122
348
304
460
854
1294
1655
1838
1835
1375
727
223
-248
-938
-1913
-2555
-2659
-2653
-2785
-3041
-3209
-3425
-3846
-4381
-4887
-5174
-5266
-5250
-4942
-4296
-3717
-3230
-2938
-2711
-2112
-1389
-860
-169
1497
3897
5465
5723
6014
7008
7401
5833
3568
2701
2977
2644
1374
725
1106
1088
136
-993
-1569
-2168
-3174
-3930
-3994
-3867
-3825
-3493
-2584
-1592
-819
259
1581
2447
2612
2794
3568
4252
4112
3792
4314
5503
6182
6050
5625
5250
4613
3442
1874
210
-1036
-1741
-1954
-1984
-1947
-1697
-1256
-1104
-1331
-1519
-1468
-1428
-1565
-1352
-651
-3
223
741
1465
1628
1551
1358
940
269
-185
-458
-685
-873
-1205
-1361
-1284
-1133
-1228
-1626
-1812
-1930
-2519
-3108
-3163
-3174
-3128
-2722
-2175
-1638
-1368
-1359
-1253
-1491
-1755
-1922
-1909
-1662
-1236
-350
825
1866
2379
2512
2521
2396
1780
886
159
-93
98
347
723
1228
1737
2002
1925
1587
1083
431
-129
-409
-427
-298
-2
501
1073
1479
1578
1501
1294
811
179
-309
-454
-329
-72
277
699
1301
1780
1813
1647
1439
1181
778
463
391
447
604
917
1309
1561
1624
1461
1340
1152
794
566
468
513
704
999
1130
1322
1400
1167
749
427
203
26
-137
-144
73
210
243
359
401
231
46
-184
-516
-796
-860
-805
-793
-691
-429
-303
-416
-588
-916
-1293
-1598
-1768
-1812
-1681
-1503
-1341
-1252
-1319
-1377
-1509
-1591
-1646
-1694
-1646
-1477
-1160
-807
-538
-359
-170
42
234
318
382
522
784
1071
1302
1468
1693
1881
2004
2025
1954
1805
1533
1175
737
371
88
-83
-94
101
373
558
735
770
607
238
-184
-445
-493
-373
-88
408
939
1294
1360
1268
1008
691
474
436
594
883
1262
1596
1816
1805
1451
1054
899
629
411
503
808
1048
1052
880
769
406
360
98
-17
-107
-462
-176
-15
-90
-213
-203
-263
-404
-578
-780
-915
-755
-731
-1145
-1043
-823
-840
-999
-1317
-921
-868
-1099
-1056
-1206
-1337
-1483
-1636
-1838
-1890
-1856
-1843
-1944
-2098
-2219
-2405
-2531
-2663
-2772
-2728
-2448
-1835
-1198
-710
-404
-46
419
728
689
620
959
1556
1997
2194
2496
2912
2968
2598
2096
1699
1182
365
-349
-473
-318
-394
-568
-470
-149
-169
-537
-854
-1001
-1125
-1429
-1410
-874
-449
-312
76
851
1592
1774
1724
1950
2163
2170
2104
2193
2384
2287
2187
2303
2326
1885
1215
925
828
335
-287
-436
-434
-465
-435
-382
-323
-366
-426
-580
-662
-734
-1165
-1553
-1198
-887
-731
-392
-173
-360
-973
-1253
-1150
-1178
-1471
-1633
-1355
-1108
-1493
-2053
-2259
-2374
-2903
-3312
-3328
-3340
-3655
-4184
-4431
-4599
-4713
-5002
-5282
-5121
-4429
-3709
-3145
-1902
446
2849
3919
4191
5022
5946
5266
3083
2002
2979
3870
3127
2408
3329
4067
2428
-180
-1204
-1439
-3201
-5666
-6063
-4586
-4171
-5021
-4557
-2287
-752
-966
-930
348
1122
406
30
1323
2835
3291
3843
5692
7285
7156
6195
5650
5038
3679
2373
1826
1418
657
151
81
-317
-1375
-2186
-2310
-2578
-3080
-2940
-2162
-1676
-1393
-336
1232
1885
1549
1590
2093
1783
555
-73
378
596
171
156
729
639
-474
-1593
-2152
-2573
-3395
-4022
-4108
-3928
-3738
-3725
-3790
-4107
-4438
-4586
-4776
-5273
-5671
-5593
-5253
-5025
-4779
-3895
-2788
-1774
-152
2786
5993
7280
7017
7525
8666
7607
4041
1512
1908
2591
1359
61
603
1201
-516
-3267
-4280
-4150
-5428
-7683
-7803
-5380
-3450
-3240
-2411
437
3158
3868
3765
4409
4835
3795
2644
2944
3878
4113
4081
4779
5378
4817
3398
1750
70
-1123
-1467
-1347
-1250
-822
225
960
1076
982
923
694
176
-87
209
604
615
638
1381
2541
2816
2138
1525
1148
324
-1071
-1912
-1763
-1321
-1178
-850
-88
142
-618
-1675
-2236
-2491
-2808
-3000
-2897
-2528
-2124
-2029
-2452
-3097
-3616
-4147
-4997
-5831
-6136
-6050
-5876
-5691
-4968
-3628
-2437
-969
1764
5363
7641
7569
7526
8896
9137
6170
2550
1940
3215
2640
596
116
911
57
-2880
-4808
-4680
-5067
-7179
-8338
-6330
-3429
-2465
-2210
63
3595
5366
5198
5281
5998
5596
4050
3433
4305
4948
4483
4085
4244
4119
2880
688
-1325
-2182
-1867
-1486
-1373
-739
528
1387
1536
1580
1768
1692
1169
898
1285
1842
1775
1341
1715
2732
3101
2254
1157
536
-97
-1295
-2301
-2206
-1552
-1254
-1201
-616
-58
-505
-1595
-2292
-2358
-2412
-2604
-2763
-2636
-2259
-1922
-1827
-2177
-2657
-3214
-3887
-4664
-5612
-6268
-6614
-6577
-5901
-4845
-3636
-2438
-820
2012
5180
7085
7339
7404
8476
8503
5786
2648
1887
2771
2177
443
127
698
-320
-3119
-4971
-4961
-5374
-7055
-7740
-5815
-3132
-2039
-1520
607
3649
5342
5372
5552
6200
5796
4378
3568
4105
4530
4104
3820
3944
3690
2339
389
-1208
-1990
-1941
-1539
-1235
-469
718
1441
1519
1459
1691
1680
1207
1020
1159
1430
1422
1242
1583
2314
2673
2118
1173
456
-306
-1441
-2342
-2319
-1753
-1345
-1153
-718
-410
-919
-1967
-2494
-2577
-2697
-2803
-2770
-2592
-2621
-2728
-2922
-3466
-4014
-4547
-4897
-5135
-5642
-6058
-6028
-5542
-4819
-4103
-2951
-1019
1835
5200
7500
8089
8374
9107
8897
6236
2873
1559
1851
1368
-163
-747
-242
-765
-2957
-4741
-4963
-5317
-6949
-8088
-6671
-3987
-2466
-1707
529
4069
6326
6535
6439
6818
6326
4617
3408
3468
3710
3254
3011
3387
3370
2361
786
-663
-1569
-1858
-1871
-1816
-1403
-262
935
1521
1935
2330
2474
2096
1474
1096
839
626
522
843
1711
2476
2380
1608
843
266
-586
-1813
-2352
-1947
-1445
-1311
-1229
-841
-686
-1198
-1795
-2043
-2241
-2712
-3345
-3697
-3587
-3425
-3340
-3393
-3566
-3756
-4030
-4485
-5315
-6178
-6272
-5500
-4659
-4043
-3011
-757
2651
5862
7740
8311
8764
9285
8278
5225
2166
1145
1230
535
-604
-678
-254
-1154
-3306
-4792
-4851
-5284
-7014
-7992
-6310
-3480
-1970
-1088
1466
5215
7304
7122
6754
6921
6177
4079
2724
2949
3141
2340
1833
2454
2836
1845
107
-1059
-1344
-1384
-1634
-1724
-975
493
1863
2585
2969
3261
3134
2406
1532
919
412
13
-96
390
1286
1953
1943
1281
733
477
-135
-1270
-2088
-1920
-1323
-1165
-1297
-1054
-721
-931
-1607
-2107
-2474
-3099
-3836
-4201
-4084
-3766
-3542
-3488
-3777
-4219
-4502
-4876
-5649
-6476
-6718
-6055
-4949
-3973
-2726
-350
3462
7345
9151
8912
8841
9261
7792
4118
1231
1034
1419
216
-1198
-1151
-628
-1591
-3698
-4830
-4534
-4931
-6835
-7809
-5901
-2829
-1111
144
3097
6871
8495
7619
6841
6897
6049
3865
2286
2158
1942
968
423
845
1275
809
-375
-1375
-1544
-1309
-1270
-1365
-419
1689
3246
3509
3615
4029
3813
2834
1826
1036
339
-152
-290
-184
433
1211
1397
963
607
415
-257
-1455
-2170
-1872
-1333
-1138
-1050
-745
-418
-570
-1025
-1646
-2283
-2803
-3375
-3887
-3994
-3632
-3359
-3732
-4107
-3901
-3868
-4606
-5681
-6394
-6278
-5869
-5652
-5002
-3342
-832
2450
6147
8936
9525
8813
8684
8278
5601
2105
475
525
36
-1535
-2531
-2136
-1838
-2781
-3912
-4127
-4294
-5617
-6989
-6048
-3088
-652
622
2648
5954
8320
8356
7521
7326
6718
4834
2684
1267
141
-950
-1367
-786
22
-11
-657
-1295
-1460
-957
-286
64
553
1874
3429
3987
3847
4009
4133
3620
2746
1455
-61
-1121
-1346
-1146
-677
-6
368
301
179
284
159
-338
-858
-1025
-889
-1002
-1168
-1020
-780
-602
-404
-693
-1549
-2436
-3093
-3494
-3752
-3696
-3577
-3903
-4373
-4569
-4699
-5298
-6199
-6695
-6484
-5842
-5206
-4488
-3423
-1445
1738
5431
8075
8832
8539
8713
8836
6781
3495
1627
1218
313
-1686
-3140
-3032
-2593
-3093
-3891
-4052
-4105
-5048
-6211
-5517
-3001
-897
106
1585
4367
6985
7899
7688
7688
7398
5895
3685
1609
32
-1104
-1611
-1513
-1298
-1254
-1151
-857
-445
262
900
925
517
663
1645
2356
2519
2973
3572
3598
3084
2198
1073
145
-267
-602
-1055
-1224
-1131
-754
-84
523
828
717
409
19
-335
-675
-812
-967
-1342
-1484
-1204
-1094
-1487
-1925
-1997
-2216
-2856
-3588
-4424
-4892
-4845
-5165
-5533
-5379
-5337
-5600
-5972
-5850
-5013
-4214
-3589
-2401
122
3703
6885
8349
8413
8854
9726
8429
5080
2503
1627
649
-1853
-3914
-3896
-3267
-3291
-4063
-4325
-3701
-3880
-4966
-5045
-3390
-1437
-639
177
2677
5680
7383
7772
8032
8226
7181
5147
2830
722
-884
-1908
-2403
-2736
-2854
-2353
-1707
-1085
-57
967
1476
1183
946
1861
2489
2299
2503
2956
3254
3289
2757
1878
1375
1173
485
-517
-1055
-1235
-1131
-615
-141
243
439
441
626
619
26
-440
-731
-1379
-1763
-1908
-2106
-2167
-2349
-2371
-2369
-2658
-3132
-4009
-4578
-4793
-5338
-5869
-6185
-6297
-6116
-6181
-5713
-4417
-3315
-2372
-1331
894
4192
6876
8074
7769
8046
9148
7821
4833
2930
2076
939
-1519
-3727
-3776
-3309
-3618
-4402
-4821
-4408
-4223
-4643
-4448
-2875
-1217
-483
557
2764
5256
6774
7153
7497
7698
6767
5224
3327
1308
-45
-1148
-2071
-2686
-3001
-2492
-1457
-719
-207
412
980
1193
1015
1384
2330
2427
2157
2647
3163
3314
3120
2535
2146
1869
964
-103
-725
-844
-797
-793
-773
-575
-121
170
172
166
-261
-922
-1209
-1720
-2400
-2475
-2390
-2207
-2088
-2212
-2024
-2082
-2528
-2964
-3676
-4203
-4892
-5889
-6026
-6000
-6285
-6199
-5749
-4569
-3246
-2411
-1340
763
3649
6016
7135
7008
7169
8267
7491
5191
3858
2808
1495
-359
-2365
-2482
-2144
-3114
-4095
-4568
-4407
-4169
-4718
-4718
-3283
-1781
-1148
-134
2031
4346
5736
6235
6723
7228
6639
5344
4139
2724
1456
234
-910
-1441
-1843
-1925
-1715
-1743
-1329
-405
351
728
761
1470
2496
2409
2449
2964
3058
3184
2852
2244
2259
2113
1365
710
326
76
-257
-797
-1041
-911
-818
-866
-886
-658
-741
-988
-899
-1174
-1671
-1845
-2198
-2281
-2102
-2310
-2404
-2515
-2676
-2785
-3231
-3581
-4086
-5004
-5500
-5764
-6469
-6527
-6072
-5616
-4513
-3613
-2518
365
3362
5676
7211
6924
7223
8601
7541
5433
4159
2692
1408
-286
-1874
-1403
-1046
-2411
-3439
-3819
-4034
-4118
-5067
-5507
-4344
-3603
-3408
-1878
610
3062
4695
5402
6541
7492
7100
6452
5674
4311
2940
1673
675
236
-169
-395
-445
-897
-859
-174
96
-187
-616
-345
231
302
642
1398
1974
2474
2497
2564
3133
3223
2611
1942
1562
1134
507
-132
-418
-406
-663
-941
-780
-590
-859
-1199
-1367
-1825
-2441
-2732
-2861
-2924
-2794
-2893
-2950
-2602
-2729
-2928
-2987
-3497
-4081
-4742
-5635
-5968
-6010
-6313
-5724
-4399
-3714
-2799
-502
2262
4541
5957
6091
6600
7737
7174
5752
4792
3563
2468
1044
-492
-218
37
-1262
-2143
-2577
-3073
-3471
-4318
-5019
-4771
-4588
-4510
-3342
-1370
677
2454
3673
5018
6439
6881
6784
6580
5672
4410
3374
2775
2466
1954
1517
1287
907
593
663
527
-367
-1319
-1608
-1423
-1341
-1206
-568
322
1053
1634
2268
3039
3609
3406
2868
2653
2382
1945
1352
883
669
375
-39
1
113
-317
-819
-1430
-2186
-2651
-3116
-3399
-3466
-3848
-3777
-3301
-3135
-2681
-2581
-2932
-2937
-3397
-4051
-4270
-5167
-6030
-5810
-5289
-4501
-3638
-2918
-1015
1538
3588
5175
5893
6059
6814
7004
5851
4766
3879
2801
1646
373
15
334
-195
-1047
-1549
-2132
-2581
-3259
-4279
-4634
-4747
-4991
-4447
-2935
-1075
614
2056
3682
5432
6340
6592
6742
6373
5417
4491
3849
3662
3426
2873
2456
2209
2007
1807
1330
305
-947
-1708
-2264
-2578
-2470
-2466
-1804
-639
139
1113
2253
2962
3390
3450
3149
3190
3043
2491
2124
1564
1029
1034
805
592
319
-415
-881
-1540
-2510
-3023
-3728
-4411
-4690
-5010
-4878
-4424
-4215
-4031
-3897
-3905
-3908
-4005
-4267
-4631
-4831
-4969
-4532
-3698
-3230
-2513
-1116
1233
3701
4914
5397
5756
6441
7037
6164
4904
3985
2806
1664
517
-194
24
-347
-1172
-1445
-1654
-1943
-2417
-3234
-3912
-4395
-4827
-4705
-3621
-2395
-1341
17
1701
3573
5134
5837
6301
6510
5903
5268
4797
4537
4364
3796
3324
3247
3255
3192
2819
1731
400
-660
-1571
-2290
-2996
-3491
-3272
-2624
-1933
-923
372
1376
2030
2454
2819
3227
3239
2787
2485
2138
1719
1645
1609
1614
1392
644
158
-351
-1178
-2143
-3243
-4006
-4585
-5290
-5508
-5402
-5197
-4947
-4962
-5027
-4816
-4727
-4883
-5144
-5390
-5228
-4364
-3814
-3346
-2383
-1257
1087
3699
4757
5438
6096
6574
7137
6528
5374
4748
3551
2257
1419
695
461
133
-703
-1232
-1371
-1756
-2276
-2876
-3779
-4491
-4994
-5097
-4361
-3496
-2793
-1485
171
1919
3676
4832
5711
6138
5913
5586
5466
5446
5110
4701
4269
4223
4621
4552
4371
3556
1821
752
-241
-1769
-2910
-3868
-4406
-4082
-3635
-2781
-1335
-259
340
1095
1702
2244
2698
2387
2066
2027
1942
2111
2347
2507
2352
1927
1663
1184
516
-522
-1958
-3080
-4238
-5208
-5602
-6080
-6222
-6157
-6160
-5973
-5952
-5839
-5801
-5818
-5905
-5956
-5277
-4433
-3833
-3087
-1962
348
3181
4680
5362
6304
7286
7861
7371
6387
5671
4683
3249
2133
1630
1252
636
-192
-798
-1015
-1454
-2222
-2976
-3816
-4852
-5678
-5981
-5658
-5108
-4569
-3549
-1963
-122
1644
3180
4406
5082
5398
5654
5966
6128
6006
5812
5727
5868
6115
6333
6246
5288
3894
2705
1382
-281
-2059
-3584
-4548
-4990
-4834
-4263
-3362
-2450
-1667
-824
-64
657
1201
1362
1316
1345
1639
2063
2495
2705
2723
2765
2764
2434
1834
992
-149
-1462
-2944
-4043
-4866
-5899
-6613
-7029
-7131
-7141
-7172
-7031
-6858
-6735
-6785
-6674
-6105
-5320
-4564
-3733
-2300
-25
2299
3877
5102
6360
7420
7927
7777
7252
6541
5585
4495
3597
2917
2396
1751
877
185
-366
-1017
-1936
-2946
-3922
-4936
-5835
-6320
-6379
-6202
-5780
-5013
-3706
-2031
-410
1044
2334
3430
4151
4640
5164
5793
6240
6260
6491
7263
7735
7837
7541
6742
5928
4561
2811
1263
-743
-2496
-3804
-4834
-4945
-4645
-4405
-3958
-3142
-2347
-1703
-1109
-758
-411
-179
-53
482
1215
1820
2460
2882
3175
3402
3340
3021
2113
993
-242
-1729
-2820
-3888
-4999
-5656
-6277
-6875
-7062
-7032
-7227
-7399
-7657
-7915
-7603
-7117
-6693
-6004
-5039
-3321
-875
1187
2727
4340
5887
6936
7393
7321
7017
6677
5894
5053
4675
4443
4172
3603
2942
2472
1839
700
-649
-1912
-3251
-4753
-5939
-6525
-6794
-6799
-6615
-6048
-4886
-3560
-2322
-1189
-78
935
1813
2607
3359
4442
5408
6357
7405
8107
8941
9321
9043
8486
7291
6093
4505
2356
793
-818
-2409
-3393
-4054
-4213
-4229
-4189
-3965
-3700
-3369
-3138
-2968
-2769
-2323
-1738
-1103
-316
662
1725
2420
2907
3365
3366
3260
2742
1628
663
-428
-1509
-2440
-3604
-4405
-5124
-5809
-6244
-6744
-7125
-7722
-8299
-8482
-8617
-8058
-7375
-6843
-5551
-3564
-1170
823
2104
3592
5102
6103
6421
6252
6303
6151
5628
5280
5103
5397
5405
4890
4444
3999
3260
1884
189
-1366
-2903
-4435
-5675
-6337
-6471
-6425
-6158
-5523
-4658
-3576
-2808
-2183
-1507
-839
-64
947
2080
3432
5174
6346
7416
8607
9362
9950
9389
8422
7580
6055
4602
3135
1608
336
-936
-1810
-2439
-2864
-3171
-3693
-4089
-4314
-4399
-4392
-4418
-4196
-3719
-3004
-2167
-1166
3
907
1886
2414
2454
2767
2489
2022
1528
611
-126
-977
-1792
-2308
-3205
-4177
-5069
-5755
-6200
-6810
-7622
-8332
-8443
-8157
-7773
-7176
-6246
-4391
-2405
-886
605
1834
3401
4663
4870
5044
5209
5448
5563
5237
5357
5726
5821
5664
5260
4988
4415
3209
1690
62
-1272
-2686
-4102
-4966
-5355
-5345
-5329
-5073
-4395
-3736
-3178
-2923
-2708
-1954
-1099
-244
809
2098
3599
4946
6123
7409
8337
8637
8419
8013
7421
6433
5289
4155
3056
2026
1019
35
-738
-1373
-2227
-3081
-3778
-4237
-4576
-4967
-4993
-4734
-4280
-3635
-2931
-2027
-980
-157
288
754
1148
1502
1464
1061
869
607
178
-347
-952
-1373
-2120
-3211
-4050
-4979
-5629
-6322
-7350
-7825
-7755
-7165
-6536
-6181
-5064
-3057
-1105
14
494
1429
2840
3662
3533
3337
3929
4790
5050
4845
5101
5894
6067
5420
4681
4231
3725
2412
874
-173
-1060
-1977
-3086
-3684
-3584
-3511
-3631
-3765
-3586
-3146
-2915
-2802
-2416
-1882
-1131
-39
1625
3216
4273
5413
6490
7412
7698
7473
7263
6756
6157
5344
4433
3795
3263
2654
1707
787
78
-910
-2202
-3207
-3902
-4625
-5260
-5391
-5058
-4512
-3964
-3529
-2874
-2053
-1351
-977
-803
-417
-61
212
401
609
861
770
603
316
-206
-972
-1914
-2866
-4065
-5042
-5769
-6560
-7016
-6788
-6064
-5357
-5090
-4403
-2572
-640
358
207
586
2141
3214
3250
2840
3339
4721
5291
5004
5086
5706
6006
5264
4147
3530
2944
1810
377
-543
-717
-1061
-1853
-2413
-2416
-2318
-2445
-2893
-3346
-3428
-3259
-2749
-2107
-1297
-112
1120
2386
3505
4507
5275
5697
6060
6145
5949
5759
5642
5544
5254
4908
4646
4108
3150
2120
1123
131
-1048
-2306
-3344
-3822
-3912
-4138
-4350
-4107
-3533
-3276
-3326
-3190
-2914
-2555
-2341
-2223
-1771
-1022
-416
-164
99
508
779
649
7
-751
-1366
-2102
-3054
-3928
-4682
-5290
-5719
-5805
-5433
-4694
-4304
-4304
-3249
-1209
154
54
-136
1325
3122
3546
3023
3262
4888
6022
5743
5359
5711
6164
5639
4323
3590
3378
2530
894
-200
-202
-371
-1133
-1950
-2291
-2344
-2497
-2797
-3268
-3615
-3490
-2788
-1740
-796
-12
990
2316
3658
4506
4788
5066
5470
5889
5843
5739
5867
5682
5356
5025
4833
4406
3274
1904
691
37
-704
-2125
-3372
-3749
-3591
-3670
-4119
-4378
-4152
-3866
-3874
-3911
-3604
-3202
-3045
-2851
-2304
-1513
-1054
-990
-959
-581
-240
-313
-708
-1275
-1649
-1925
-2407
-3167
-3971
-4385
-4467
-4251
-3755
-3539
-3710
-2948
-1132
211
54
-466
630
2524
3152
2547
2735
4357
5535
5437
5203
5832
6437
5733
4337
3725
3818
3075
1402
307
213
225
-355
-1103
-1606
-1994
-2306
-2475
-2769
-3273
-3503
-2817
-1560
-796
-324
468
1575
2644
3213
3571
3966
4524
4977
5171
5546
5965
6056
5751
5327
5043
4803
4037
2568
1289
692
207
-783
-1935
-2605
-2708
-3007
-3721
-4166
-4214
-4348
-4671
-4601
-4198
-3873
-3541
-3221
-2774
-2287
-2001
-1872
-1815
-1673
-1328
-1056
-1244
-1541
-1515
-1447
-1743
-2415
-2896
-3235
-3454
-3423
-3108
-2926
-3127
-2683
-1067
403
97
-911
-197
1797
2541
1541
1273
2882
4535
4742
4577
5396
6231
5705
4578
4272
4370
3587
2000
1065
1079
995
489
-69
-464
-1051
-1574
-1603
-1637
-2340
-3067
-2541
-1453
-870
-585
28
1076
1752
2060
2331
2803
3298
3396
3622
4179
4838
5305
5225
4948
4747
4645
4342
3312
2106
1508
1325
835
-254
-1084
-1426
-1962
-2911
-3610
-3892
-4461
-5107
-5297
-4882
-4352
-4324
-4283
-3913
-3440
-3103
-2989
-2923
-2872
-2629
-2380
-2225
-2134
-2075
-1808
-1731
-2060
-2428
-2451
-2159
-1962
-1979
-2105
-2128
-1472
-135
645
-36
-883
-91
1647
2015
820
396
1969
3595
3627
3252
4066
5102
4827
4051
4231
4696
3960
2690
2374
2771
2579
1729
1223
869
33
-684
-661
-571
-1394
-2169
-1544
-346
-92
-766
-815
84
606
340
248
838
1449
1728
2225
2977
3484
3539
3490
3470
3344
3255
3069
2673
2105
1775
1966
1796
988
69
-311
-557
-1344
-2305
-2842
-3027
-3391
-3602
-3659
-3299
-3442
-3799
-3653
-3388
-3496
-3770
-3602
-3500
-3386
-3381
-3177
-2699
-2596
-2814
-2824
-2323
-2136
-2462
-2447
-2061
-1464
-1368
-1585
-1465
-502
700
680
-267
-563
679
1840
1432
286
421
1922
2740
2416
2288
3010
3422
3171
3120
3603
3761
3109
2836
3316
3657
3081
2503
2589
2295
1384
822
1217
1290
385
-321
153
930
535
-418
-674
-239
-214
-577
-538
-260
-49
105
622
1167
1155
842
817
1022
995
889
802
933
1040
1018
1074
1099
1070
490
532
-6
-69
-14
-526
-834
-1389
-1432
-1267
-1311
-1840
-2480
-2463
-2182
-2337
-3165
-3420
-3284
-3199
-3147
-3510
-3402
-3280
-2888
-2835
-2796
-2809
-2727
-2320
-2220
-2005
-1802
-1637
-1390
-935
-336
-11
-46
-171
131
615
764
567
578
1056
1332
1389
1583
1978
2074
1901
2070
2570
2852
2660
2679
3133
3597
3547
3328
3460
3408
3123
2796
2856
2909
2425
1850
1659
1661
1250
612
125
-109
-432
-867
-987
-1053
-1213
-1186
-726
-714
-493
-454
-578
-346
-333
-15
68
111
107
610
792
853
1202
594
962
1127
599
279
603
398
-131
-72
-499
-792
-629
-1367
-1735
-1840
-1870
-2229
-2746
-2678
-2875
-2861
-3237
-3216
-3181
-3234
-2896
-2780
-2676
-2787
-2676
-2427
-2351
-2377
-2244
-1847
-1722
-1740
-1566
-977
-512
-536
-648
-304
101
116
12
140
431
497
543
856
1302
1459
1381
1602
2114
2444
2439
2554
2853
3033
3181
3265
3404
3554
3467
3357
3392
3329
2915
2407
1939
1540
1364
1029
507
-133
-397
-596
-444
-68
-689
-999
-839
-603
-311
-1056
-1372
-764
-450
-299
-376
326
368
559
452
529
1103
411
453
668
292
609
590
160
59
-174
-538
-505
-794
-1472
-1457
-1644
-1768
-2034
-2316
-2476
-2481
-2370
-2492
-2572
-2691
-2382
-2249
-2434
-2231
-2274
-2109
-2196
-2215
-2234
-2207
-1986
-1769
-1654
-1651
-1584
-1468
-1130
-864
-1093
-1197
-927
-429
-373
-569
-469
85
422
313
379
779
1296
1294
1383
1782
2160
2307
2172
2431
2635
2604
2583
2635
2817
2730
2423
2237
2254
2108
1719
1380
778
513
339
457
707
-34
-381
-68
146
-192
-601
-973
-651
11
-249
-603
-14
140
361
646
415
753
937
342
700
774
260
423
360
632
-105
-91
-53
-401
-594
-1312
-957
-1219
-1065
-1546
-2449
-1691
-1569
-1589
-1907
-1949
-1968
-1527
-1278
-1713
-1754
-1815
-1656
-1559
-1740
-1495
-1810
-1699
-1733
-1798
-1799
-1906
-1829
-1914
-1762
-1866
-1769
-1613
-1571
-1413
-1425
-1207
-1076
-748
-627
-586
-243
-7
595
642
619
942
1285
1561
1477
1637
1858
2111
2134
2083
2214
2219
2003
1808
1903
1887
1680
1572
1501
1347
1109
1098
1310
1026
577
38
735
768
262
119
30
731
134
294
337
522
560
581
564
549
1171
393
688
453
426
808
-183
57
-355
442
-579
-399
-498
-1177
-425
-1141
-1368
-1250
-1023
-1064
-1186
-888
-1492
-495
-1104
-1406
-792
-1164
-59
-802
-1522
-764
-1124
-1078
-1003
-1425
-1538
-1332
-1000
-1219
-1682
-1734
-1210
-1781
-2317
-2047
-1725
-1743
-2364
-1729
-1118
-1119
-1474
-1569
-876
-910
-1014
-1061
-713
-400
-286
30
186
558
623
669
857
961
1103
1006
1286
1444
1466
1450
1397
1490
1353
1315
999
1187
1376
1330
1068
1414
1367
1349
1022
1008
1148
1227
621
1033
1020
1148
637
795
1197
280
1675
521
854
462
775
782
570
541
-273
855
-725
-263
250
-966
-324
-394
-1063
-343
-171
-609
-1049
-500
-92
300
-989
-246
-223
446
54
-1157
-212
284
-2
-986
-1050
-338
-759
-312
-1603
-1073
-474
-1400
-1152
-1679
-1207
-1866
-1279
-1406
-1607
-1016
-1472
-834
-1429
-1450
-969
-1023
-1025
-1571
-802
-567
-759
-1076
-985
-243
-550
-495
-795
-195
137
-80
-81
-196
415
127
422
373
331
945
708
1358
1249
1350
1455
1362
1716
1225
1558
1321
1221
1497
1510
1693
1616
1395
1439
973
1627
750
747
705
807
916
111
967
281
386
1044
-119
1057
184
355
-566
-132
682
22
181
-41
28
266
414
-78
519
374
1329
135
95
884
557
-202
1043
-29
730
697
77
-539
-583
966
-422
-1434
-428
-716
-7
-808
-1738
-1114
549
-1379
-2248
-864
-211
-623
-1955
-322
54
-1260
-736
-187
-410
-1327
-1015
-330
-1324
-1366
-1151
-577
-868
-1419
-1278
-490
-1062
-1933
-1306
-733
-771
-1639
-1059
63
-208
-175
-122
740
821
689
1079
1309
1165
1254
1718
1949
1386
1241
1844
1951
733
760
1529
1073
450
259
1261
609
265
475
612
456
63
243
622
404
-72
922
535
612
614
194
925
1444
550
1358
917
1049
1504
1711
304
544
1978
1043
1067
1271
39
1611
437
-441
1603
-352
-214
-1115
387
-535
-234
89
-449
-638
-1073
-900
-330
113
-966
-1479
325
-456
-501
-362
-2072
245
124
-1205
-935
-20
53
-1274
-1119
-602
-131
-797
-1883
-1213
-817
-894
-1842
-1720
-1482
-1300
-1228
-1488
-1332
-1106
-857
-760
-649
-518
-762
-2
41
148
118
586
783
172
586
921
415
305
441
543
362
416
171
308
262
87
452
292
-93
-153
735
674
144
110
1123
1024
488
706
1205
1219
517
851
1951
1246
1463
1146
2012
2072
1766
1440
1664
1625
1204
1764
1185
1814
740
1208
1841
-366
1552
472
454
324
-184
1067
-185
14
289
-981
1046
-873
428
-91
-964
739
121
722
-730
-1733
1003
355
-542
-1657
-729
1466
-467
-891
-1832
-461
-692
-1448
-1276
-1772
-854
-1511
-1083
-852
-1673
-1015
-242
-1527
-851
-776
388
-933
-1004
163
340
-256
-933
-395
139
19
-552
-1830
-668
19
-1218
-1720
-1252
-559
-878
-1739
-1026
-464
-545
-937
-579
162
-100
33
608
472
374
780
1351
1101
497
1179
1644
1378
897
1397
1581
1782
1154
1157
1256
1215
1100
814
1889
1453
1041
1392
1259
1800
870
1118
1877
1054
990
-76
2229
886
324
1639
629
1644
890
784
1261
-434
252
745
981
-611
-151
-70
497
81
-1128
-190
-809
-550
-274
-1234
-58
-949
-733
-528
-1742
-238
-1148
-33
-1945
-467
-138
-797
-394
-783
288
-316
264
-992
-805
714
-14
-187
-565
-1019
415
-1486
-380
-1251
-1733
-1706
-1091
-962
-3253
-1717
-1440
-1734
-2335
-2384
-364
-1780
-1793
-1080
-304
-155
-886
113
199
539
364
609
1224
487
1130
979
1442
1337
597
1363
861
1098
912
607
996
548
982
1031
1250
654
520
1805
1546
521
815
1649
1553
1260
1544
1843
1463
2256
672
855
2371
103
1565
859
1226
925
895
1945
-744
730
1057
-419
128
-285
-181
-865
-705
-56
384
-47
-1743
12
614
916
-1415
-621
154
96
-31
-601
679
222
-146
-110
-652
749
-1159
468
-961
-376
-292
-1822
130
-2748
-697
-446
-1474
-2313
-2538
-684
-1561
-2273
-2534
-1749
-1064
-3261
-1326
-1702
-1256
-1798
-2110
-581
-1371
-1003
-1362
-418
-395
-624
-195
-318
453
-566
282
782
350
255
-405
546
457
507
684
441
1093
591
1000
1105
697
790
916
1593
734
988
1482
1868
1660
1242
1932
2075
1366
860
875
2509
1137
584
932
1167
1855
565
615
-49
2139
166
-705
1502
44
1779
113
-590
301
350
1397
-459
-638
1107
735
-595
-126
346
652
-111
-360
113
248
-430
-110
427
-973
-78
766
-1847
105
-1701
-992
-378
-2722
-233
-3115
-547
-1144
-2977
-652
-2626
-1093
-2111
-896
-1758
-2567
-730
-1681
-1005
-2617
-1490
-1247
-2014
-1136
-2256
-640
-1533
-1336
-678
-1016
-689
-1204
-448
-1091
-457
-419
-870
321
-190
769
161
875
1323
894
1442
525
1823
1685
1142
1281
1203
1844
1381
1258
1517
1378
1557
792
2143
1494
918
1001
794
2290
904
-151
1402
1017
1147
794
-40
1590
311
387
465
836
1643
-417
747
2326
1464
-771
1031
1743
818
190
340
1488
-524
243
435
-254
-212
-513
-1083
-807
-366
-430
-1693
-1280
-201
-487
-1355
-1394
-1521
-808
-1329
-1566
-1124
-2176
-287
-1485
-2036
-1541
-2214
-636
-1777
-1677
-2133
-1433
-2402
-2278
-1380
-2343
-1961
-2113
-2076
-1444
-2564
-1426
-1133
-1378
-1470
-1460
-330
-465
-550
-833
238
1311
751
751
1288
1971
1604
1330
2016
2067
2174
1600
1782
2364
2181
1353
1197
1665
1209
837
1039
1434
687
582
1335
265
931
1558
869
654
941
817
1146
1265
653
564
803
983
582
704
1675
1186
-52
2150
1546
350
321
161
2092
919
-1260
789
512
292
-1238
-64
-435
-1241
-88
-1205
-1636
-1401
-424
-1131
-2686
-389
-811
-1423
-2013
-2197
-537
-1859
-2442
-2854
-1612
-1211
-2938
-1484
-2007
-3418
-3635
-2190
-1967
-4063
-3618
-2492
-1267
-2596
-3230
-1231
-856
-1744
-2074
-1040
-253
-703
-446
93
1008
1564
1435
1442
1977
2677
2424
2465
2179
2637
3559
2623
2214
2322
2650
1850
562
966
1324
1055
-225
-86
1126
1122
-62
-1256
391
1197
-14
175
702
1556
807
1195
2107
1786
1323
820
1630
2127
1631
1766
1898
1483
1642
2178
2134
787
2
184
510
216
-530
-959
-1370
-1217
-1402
-117
-1841
-2073
-1430
-1736
-1328
-2491
-926
-371
-1569
-2460
-2304
-286
-1822
-3213
-2450
-936
-1136
-2877
-2769
-2681
-2319
-3868
-4942
-3667
-2797
-3327
-3912
-2866
-1437
-1554
-1541
-1549
-953
-581
-214
258
468
1129
2135
2925
2801
2908
3589
3476
2738
2591
3554
3615
2651
2181
2581
2890
1728
574
441
232
-593
-1153
-448
-170
-485
-280
-117
188
130
375
628
536
875
1557
2223
2181
2427
3443
3187
2614
2543
2662
2473
2195
2136
2125
2266
1509
709
760
168
-227
-724
-978
-1174
-1520
-1445
-1360
-1807
-2096
-1545
-1967
-1902
-2530
-1762
-963
-2794
-2220
-2024
-1181
-1494
-3645
-3040
-2653
-2710
-3326
-4459
-3888
-3541
-4385
-5190
-4535
-3187
-3232
-3582
-2739
-813
-176
-1073
-807
592
1358
1026
1235
2601
3573
3466
3611
4474
4938
4141
3462
3494
3548
3037
2232
2000
1869
1434
721
-4
-272
-954
-1926
-2302
-1998
-1505
-1435
-1406
-796
171
656
574
850
1667
1936
2022
2440
3272
4152
4064
4076
4440
4427
4195
3277
2588
2426
1964
1664
1240
649
256
-180
-669
-1476
-1504
-1929
-3204
-2633
-2148
-1795
-2442
-2787
-1956
-2087
-2080
-1929
-2028
-2152
-2201
-2042
-2034
-2202
-3137
-3799
-3556
-3672
-4422
-5184
-5381
-5565
-4925
-3767
-3173
-2616
-1917
-160
713
239
-333
367
1872
2056
1869
2998
4958
5658
4984
5030
5724
5324
3390
2292
2770
2992
1942
810
1132
1349
262
-1330
-2080
-2168
-3085
-4067
-3829
-2692
-1852
-1534
-888
410
1153
1072
1174
1891
2795
3051
3418
4376
5382
5665
5338
5150
4863
4305
3332
2555
2027
1671
1287
554
85
-430
-862
-1628
-2682
-3182
-3207
-3100
-3750
-3034
-1975
-2370
-2658
-1961
-1552
-2080
-2156
-1412
-1461
-1502
-1453
-1624
-1866
-2560
-2709
-3323
-4480
-5709
-6579
-6638
-6375
-5676
-4762
-3518
-1899
-192
776
406
160
1083
2175
2065
1934
3609
5916
6891
6702
7134
7485
6238
4104
3013
3078
2320
853
441
1164
1257
-100
-1590
-2435
-3329
-4786
-5749
-5348
-4514
-3823
-3141
-953
1918
3056
2248
1769
2856
3969
4007
3828
4593
5844
6547
6745
6968
6499
4564
2580
1775
1487
592
-663
-1186
-1182
-817
-1030
-2108
-3101
-4077
-4838
-4935
-4171
-3650
-3419
-2892
-2063
-1057
-588
-1018
-1995
-2190
-1491
-1158
-1198
-1484
-2026
-2565
-3197
-3789
-4528
-5651
-7234
-8113
-6533
-3628
-2266
-2301
-1531
432
1510
747
236
1282
2176
1879
2738
5892
8293
7672
6242
6455
6922
5485
3047
1770
1572
1312
757
868
1190
171
-1851
-3338
-3722
-4200
-5443
-6036
-5232
-3687
-2362
-683
1725
3373
3211
2595
3455
4797
5076
4665
4897
6224
7296
7633
7308
6268
4490
2547
1356
544
-369
-1399
-2005
-1975
-1472
-1390
-2447
-3929
-4796
-5012
-4997
-4810
-4129
-3167
-2399
-1602
-714
-11
-398
-1536
-1969
-1287
-621
-837
-1717
-2478
-3001
-3688
-4358
-5116
-6194
-7719
-8803
-7594
-4371
-1452
-82
256
214
491
1639
3291
3562
1958
1256
3825
7884
9642
8386
6987
6631
5695
3883
2851
2084
160
-1878
-1700
668
1390
-829
-3710
-4818
-4547
-4933
-5536
-5400
-4822
-4001
-2417
516
3547
4883
4111
3411
4798
6702
7024
6192
5903
6640
7475
7782
7444
6045
3556
1081
144
120
-892
-2597
-3441
-2901
-1941
-1612
-2313
-3604
-4506
-4972
-4739
-3842
-3036
-2882
-2803
-1727
-148
641
-355
-2070
-2478
-1951
-1759
-1809
-1128
-1534
-4158
-6263
-6121
-5616
-6937
-9442
-10683
-8823
-4614
-203
2442
1786
-270
-2
3163
4783
2839
1074
2548
6120
8922
10194
10646
9715
6554
3046
2427
3469
1655
-2713
-4292
-1746
762
-15
-2690
-4395
-5592
-7186
-7709
-6151
-4649
-5310
-5189
-1875
2500
4360
5172
6460
6434
5893
6574
8247
8667
7437
6486
6961
8523
8122
5761
3041
651
-905
-1627
-2173
-3328
-3507
-3208
-3252
-2548
-1465
-2154
-4659
-5537
-4278
-2674
-2025
-1909
-1160
286
1391
1014
536
82
-1236
-2620
-2804
-2007
-1999
-3237
-5141
-6394
-6499
-7294
-9017
-9604
-9652
-10847
-10140
-4450
2007
2382
-1393
-917
4930
8268
4821
1505
4554
8750
8312
7617
11055
13608
9361
3013
2711
5705
3630
-3217
-6240
-3048
-743
-2964
-5114
-4195
-4483
-8007
-9745
-6965
-4262
-5487
-6824
-3603
1962
4539
4922
6820
8646
7999
6804
8050
9816
9042
6840
6096
8063
9086
6625
3167
993
-123
-1987
-3668
-4095
-3607
-3643
-4534
-3773
-1362
-906
-3748
-5493
-3764
-1683
-1519
-2052
-876
1180
1921
1166
944
1719
748
-1840
-3212
-2132
-1211
-2727
-5242
-6431
-6086
-6891
-9287
-10749
-10341
-10592
-11892
-10295
-4189
2462
3677
246
-331
4889
9222
6713
2291
3488
8625
10959
10004
10772
12763
10253
3706
756
3001
2785
-3279
-8157
-6022
-1834
-2108
-5477
-6628
-6031
-7440
-9470
-8303
-4972
-4159
-5517
-3744
1916
6381
6755
6587
8366
9572
8597
7888
8985
9232
7478
5823
6628
8040
6073
1818
-830
-1315
-2204
-4229
-5305
-4483
-3392
-3589
-3633
-1908
-535
-2295
-4555
-3379
-442
442
-592
-330
1950
3335
2320
935
1057
982
-1150
-3262
-3165
-2100
-3165
-5720
-6923
-7048
-8069
-10424
-11973
-11214
-10120
-9924
-8951
-5430
-906
2063
3488
4362
4833
5091
5975
7304
7939
7785
8268
10249
11696
10762
8254
5754
3310
43
-2575
-3400
-4019
-5553
-7035
-6476
-4866
-5017
-6912
-8213
-7834
-7009
-6367
-4778
-2120
110
1656
3670
6556
8489
9372
10548
10580
9488
9034
9193
8608
7164
5560
4078
3367
2065
26
-1602
-3255
-4897
-5556
-5098
-4994
-4500
-3608
-3311
-2678
-1273
-542
-932
-632
367
1276
2066
2505
2732
2892
2771
1679
570
-20
-1298
-3172
-4555
-5132
-5755
-6687
-8176
-10196
-11533
-12221
-12584
-12285
-11029
-8628
-5053
-771
2387
4033
5305
6268
6839
7068
7463
8403
9949
10810
10574
10806
11187
9453
5084
1083
-611
-2049
-4828
-7293
-7392
-6521
-7004
-7902
-7406
-6591
-7448
-8880
-8283
-5690
-3414
-2047
30
3356
6391
7705
8829
10267
10960
10759
10064
9726
9566
8768
7185
5837
4718
2785
726
-1041
-2546
-4088
-5291
-5842
-5605
-4932
-4737
-4124
-2795
-1803
-1560
-1178
-175
699
1263
1825
2618
3606
3868
3307
2772
2512
1732
3
-1592
-2386
-2931
-4156
-5871
-6933
-7348
-8358
-10416
-12324
-12940
-12800
-12340
-11011
-8130
-4382
-992
2120
5193
7304
7487
7039
7864
9273
9713
9446
10193
11613
11729
9974
7636
5441
2290
-1838
-4941
-6127
-6875
-8276
-9109
-8531
-7420
-7342
-8122
-8249
-7579
-6912
-6042
-3924
-736
2007
4032
6272
8543
10030
10551
10600
10259
9995
10034
9365
8241
7243
5849
3982
2031
114
-1750
-3328
-4940
-5773
-5379
-5064
-4911
-4169
-3030
-2278
-1518
-645
-2
656
1454
1955
2743
3703
3915
3658
3521
3103
2164
915
-405
-1517
-2486
-3806
-5275
-6152
-7125
-8618
-9802
-10406
-11021
-12295
-13175
-12406
-10099
-7362
-4679
-1402
2490
5801
7599
8144
8648
9292
9590
9352
9395
10374
11329
10834
9081
7327
5352
2157
-1884
-4981
-6575
-7761
-9029
-9572
-8703
-7625
-7478
-7770
-7437
-6668
-6133
-5461
-3659
-690
2236
4569
6827
9057
10318
10221
9767
10193
10207
8811
8002
8081
7474
5801
3893
2114
230
-1790
-3983
-4898
-5073
-5678
-5710
-4512
-3138
-2274
-1484
-996
-315
792
1196
1462
2590
3674
3911
4109
4583
4363
3314
1849
628
-287
-1486
-3102
-4305
-4855
-5817
-7267
-8450
-9405
-10438
-11552
-11956
-11971
-11751
-10828
-8884
-5948
-2638
617
3922
7066
8725
8676
8904
10021
10592
9740
8950
9586
10614
9942
7456
5339
3616
483
-3583
-6195
-7052
-8109
-9594
-10096
-8850
-7399
-7266
-7594
-6927
-5588
-4731
-3741
-1571
1257
3741
5627
7590
9475
10284
9668
9162
9630
9084
7409
7103
7569
6427
4396
2624
1040
-547
-2604
-4532
-5029
-4821
-5185
-4731
-3053
-1962
-1443
-829
-322
371
1309
1577
1829
3130
4087
4053
4173
4335
3483
2104
914
97
-763
-2232
-3673
-4351
-4891
-6062
-7284
-8067
-8964
-9811
-10316
-10161
-9815
-9753
-9590
-8471
-5878
-2795
66
2683
5465
7859
8765
8954
9332
9889
9725
8702
7961
8330
8798
7623
5277
2966
968
-1318
-3982
-6200
-7442
-8082
-8906
-9053
-7793
-6487
-6133
-6327
-5759
-4288
-2684
-1471
-53
2332
4689
6304
7652
8925
9262
8602
8295
8581
8152
6667
5465
5384
5270
3880
1918
519
-631
-2078
-3274
-3509
-3526
-3669
-3469
-2365
-870
-84
-150
-104
623
1426
1670
1885
2552
2985
2832
2583
2522
2198
989
-555
-1515
-1860
-2369
-3364
-4264
-5014
-5594
-6193
-7168
-8196
-8995
-9172
-9111
-9044
-8808
-8346
-7112
-4776
-1727
1095
3332
5486
7308
8002
7869
8130
8713
8417
7300
7228
8285
8303
6305
3980
2500
907
-1829
-4562
-5896
-6393
-7349
-8299
-7723
-6262
-5802
-6385
-6290
-4862
-3459
-2890
-1966
193
2653
4229
5429
6904
8035
7908
7193
7380
8079
7695
6465
6024
6063
5346
3795
2111
667
-560
-1744
-2608
-2690
-2775
-3034
-2650
-1768
-1069
-689
-532
-375
142
731
1036
1479
1905
1962
2009
2213
2176
1496
571
-255
-696
-1142
-1982
-2967
-3565
-4183
-5120
-5999
-6747
-7378
-7999
-8354
-8503
-8201
-7628
-7689
-7501
-6168
-3835
-1235
1227
3735
5943
7343
7715
7957
8627
8698
7568
6593
7098
7737
7025
5369
3749
2209
-80
-2804
-4762
-5811
-6961
-8318
-8436
-7210
-6216
-6102
-6022
-5300
-4342
-3630
-2768
-1188
909
2635
4225
6206
7847
8384
7983
7576
7371
7379
7268
6509
5621
4932
4308
3641
2732
1198
-624
-1815
-2401
-2595
-2659
-2898
-2880
-2267
-1357
-718
-148
80
-180
-151
562
1504
2030
2092
1997
2258
2563
2135
1303
489
-311
-1229
-1989
-2537
-3177
-4133
-5276
-6084
-6535
-7153
-7952
-8557
-8775
-8672
-8305
-7713
-7102
-6340
-4854
-2201
1373
4214
5371
5828
7014
8510
8755
7941
7404
7670
7643
7025
6753
6469
4876
1700
-1048
-2211
-3298
-5541
-7824
-8440
-7865
-7403
-7278
-6803
-6003
-5653
-5529
-4415
-2208
-344
732
2222
4627
6882
8099
8369
8463
8309
7669
7183
7278
7134
6542
5733
4835
4089
2949
1016
-1112
-2645
-3545
-3901
-3734
-3461
-3085
-2510
-2038
-1396
-735
-680
-731
-109
863
1788
2866
3653
3877
3926
3833
3297
2456
1515
316
-684
-1243
-1818
-2497
-3459
-4559
-5725
-6665
-7531
-8179
-8590
-9210
-9608
-9252
-8369
-7274
-6323
-5303
-4088
-2461
146
3514
6110
6959
6941
7683
9055
9416
8270
6998
6801
6659
5695
4746
4022
2268
-807
-3644
-4807
-5304
-6900
-8998
-9586
-8494
-7333
-6749
-5949
-4834
-3965
-3283
-1980
257
2230
3259
4337
6307
8352
9289
9194
8761
8144
7284
6592
6209
5772
4775
3211
2037
1266
368
-1071
-2659
-3924
-4517
-4283
-3744
-3138
-2771
-2412
-1609
-360
739
1089
1199
1599
2384
3255
3873
4304
4367
4055
3521
3018
2508
1367
-341
-1571
-2013
-2487
-3409
-4566
-5511
-6264
-7047
-7620
-7589
-7554
-8161
-8503
-7861
-6865
-6159
-5479
-4493
-3248
-1918
-458
1874
4784
6543
6463
6288
7353
8471
7881
5981
4890
4940
4510
3259
2310
1852
144
-2681
-4479
-4635
-4994
-6668
-8028
-7524
-5843
-4829
-4510
-3752
-2550
-1683
-1142
253
2347
3717
4275
5189
6902
8136
7964
7106
6522
5875
4846
4093
3734
3295
2260
1321
1043
450
-843
-2173
-2889
-3185
-3164
-2739
-2020
-1300
-897
-427
439
1171
1235
1190
1520
2238
2965
3354
3512
3707
3595
2957
2346
1860
911
-401
-1534
-1872
-1963
-2622
-3643
-4373
-4838
-5525
-6068
-6188
-6445
-6655
-6573
-6329
-5876
-5654
-6075
-6131
-5071
-3769
-2814
-2195
-1137
1294
3991
5143
4926
4929
5564
5881
5149
4014
3936
4456
4030
2874
2564
2751
1326
-1464
-3351
-3314
-3334
-4752
-5637
-4669
-3181
-2925
-3125
-2296
-1177
-1016
-1402
-445
1682
2922
3068
3711
5323
6309
5820
4918
4712
4483
3236
2332
2619
3056
2567
1574
1048
675
22
-882
-1640
-1991
-2178
-1873
-1062
-449
-250
-21
392
742
1049
1371
1616
1936
2280
2664
3208
3476
3123
2414
1989
1710
1097
201
-616
-969
-1390
-2034
-2492
-2860
-3693
-4923
-5668
-5696
-5569
-5925
-6267
-6015
-5630
-5622
-6018
-6198
-6159
-5798
-5203
-4086
-2506
-1445
-612
1367
4192
5425
4521
3862
4923
6061
5263
4072
4601
5562
4697
3222
3359
3659
1639
-1492
-2682
-2001
-2136
-3745
-4523
-3475
-2636
-3115
-3428
-2584
-1907
-2310
-2387
-764
1352
2080
2073
2951
4389
4719
3963
3693
3882
3430
2524
2468
3067
3082
2419
1846
1796
1359
241
-674
-747
-753
-977
-635
-11
456
540
513
767
1005
861
757
1267
1894
2127
2303
2600
2709
2324
1818
1459
1091
391
-373
-734
-959
-1441
-2170
-2765
-3121
-3598
-4390
-4988
-5114
-5118
-5247
-5416
-5076
-4697
-4999
-5718
-5866
-5703
-5965
-6010
-4951
-3119
-1802
-1338
-446
2002
4441
4699
3755
4001
5525
6281
5544
5123
5929
6242
4861
3628
3863
3606
1164
-1600
-2119
-1547
-2181
-3857
-4580
-3983
-3764
-4418
-4628
-3768
-3143
-3309
-2894
-1124
891
1628
1717
2499
3857
4512
4237
4057
4268
4218
3860
3817
4046
3848
3173
2556
2166
1919
1515
802
-11
-688
-908
-705
-507
-741
-934
-668
-226
185
400
565
732
859
1082
1503
2025
2020
1592
1476
1765
1891
1413
789
399
202
-279
-926
-1404
-1842
-2532
-3436
-3844
-3966
-4336
-4992
-5438
-5235
-4986
-5197
-5596
-5649
-5562
-5602
-5375
-4704
-3822
-3175
-2350
-900
534
1103
1621
3129
4652
4814
4372
5027
6181
5985
4535
3977
4551
4045
2074
843
1142
730
-1250
-2717
-2468
-2182
-3373
-4696
-4337
-3239
-3284
-3858
-3166
-1605
-783
-778
-89
1432
2346
2274
2490
3561
4311
4116
3825
4236
4473
3843
3107
2792
2413
1709
1097
832
678
320
-76
-341
-414
-466
-609
-743
-909
-905
-527
-154
154
467
877
1309
1679
2004
2132
2278
2299
2230
2102
2144
1996
1325
1218
1001
521
-82
-1032
-1705
-2128
-2726
-3286
-3588
-3569
-3698
-4073
-4310
-4107
-3864
-4011
-4282
-3947
-3479
-3395
-3505
-3526
-3221
-3216
-3226
-2726
-1843
-1113
-871
-562
396
1819
2562
2412
2467
3312
3971
3544
2971
3262
3758
3154
2081
2246
2983
2225
359
-334
79
-288
-1666
-2362
-1860
-1600
-2240
-2540
-1802
-1245
-1711
-2104
-1389
-363
-90
-115
488
1556
2079
1957
2032
2611
2751
2233
1976
2289
2495
2023
1679
2002
2184
1773
1246
1044
806
421
202
254
177
-26
133
656
901
769
881
1150
1086
930
1133
1489
1484
1233
1279
1611
1578
1102
649
486
306
-220
-704
-866
-1043
-1470
-1957
-2107
-2113
-2376
-2926
-3195
-3038
-2923
-3124
-3247
-2987
-2704
-2797
-2979
-2894
-2861
-3250
-3657
-3525
-3068
-2835
-2639
-1968
-1083
-697
-557
181
1184
1499
1182
1566
2867
3606
3287
3144
3884
4234
3395
2669
3080
3263
2000
764
1021
1559
559
-1009
-1130
-670
-1266
-2485
-2500
-1734
-2074
-3127
-2943
-1651
-1304
-2021
-1951
-618
238
-33
90
1135
1848
1553
1533
2491
3157
2675
2201
2725
3324
3001
2434
2683
3027
2636
2174
2169
2086
1173
152
-65
-20
-421
-906
-814
-558
-653
-858
-835
-978
-1486
-1625
-1175
-719
-452
-200
223
639
648
643
583
279
-102
-54
258
376
125
-85
-122
-408
-911
-1104
-1208
-1591
-1702
-1457
-1028
-852
-1116
-1128
-1045
-1193
-1381
-1309
-1209
-1211
-1058
-705
-353
-295
-268
-258
-214
-228
-290
-384
-404
-387
-434
-352
-172
-40
-109
-199
-76
38
-142
-316
-255
-110
-145
-132
159
443
457
418
485
537
479
382
360
431
461
441
483
673
810
780
744
812
868
899
860
884
923
872
864
872
844
716
552
397
246
95
0
-106
-223
-212
-183
-163
-136
-78
-8
40
70
188
381
592
706
782
978
1052
995
934
870
824
752
659
652
713
649
491
335
216
99
-91
-215
-275
-253
-142
-120
-48
30
18
-94
-174
-197
-208
-178
-121
27
176
296
327
278
264
211
157
133
200
273
281
344
430
504
363
130
-74
-204
-361
-631
-732
-810
-864
-977
-1094
-1138
-1237
-1430
-1582
-1604
-1470
-1313
-1267
-1141
-930
-760
-640
-558
-445
-363
-353
-280
-92
101
200
239
346
441
364
289
283
249
205
72
82
189
229
188
193
233
229
231
320
497
624
738
853
992
1114
1108
1109
1112
1092
998
900
872
795
614
346
165
1
-162
-346
-629
-844
-1033
-1103
-1148
-1186
-1239
-1235
-1089
-897
-649
-387
-111
134
425
777
1077
1403
1622
1815
2046
2259
2356
2305
2216
2064
1857
1548
1230
949
621
218
-220
-463
-683
-1052
-1458
-1715
-1825
-1946
-2043
-1994
-1811
-1671
-1607
-1427
-1069
-773
-744
-636
-339
-16
155
194
263
369
344
210
114
86
7
-226
-346
-390
-500
-679
-884
-984
-1043
-1072
-1050
-890
-663
-472
-269
19
354
568
718
844
968
1158
1230
1267
1225
1123
943
702
477
170
-213
-608
-931
-1213
-1479
-1723
-2002
-2195
-2365
-2436
-2395
-2336
-2228
-2003
-1642
-1191
-750
-274
165
813
1838
2581
2902
2997
2844
2579
2622
2766
2615
2312
2566
3125
3089
2603
1799
611
-402
-718
-982
-1407
-1658
-1490
-1144
-885
-1025
-1621
-2078
-2094
-1641
-1157
-682
-92
536
1002
1215
1218
812
778
918
1353
1857
1796
1447
956
440
-219
-830
-1470
-1981
-2050
-1807
-1543
-1427
-1430
-1231
-1094
-853
-644
-618
-564
-256
452
755
1100
1367
1750
1990
1918
1879
1584
1272
1079
791
482
102
-171
-472
-856
-1197
-1900
-2515
-2859
-3038
-3186
-3311
-3291
-2860
-2460
-2142
-1920
-1747
-1411
-1169
-837
-383
85
670
1170
1452
1828
2030
2009
1895
1752
1578
1396
1306
1210
996
682
410
232
36
-349
-773
-985
-1028
-1048
-1063
-1020
-871
-664
-484
-306
-101
151
334
453
654
837
975
1142
1186
1285
1342
1340
1253
1126
903
577
333
155
13
-111
-157
-174
-211
-260
-284
-264
-248
-204
-129
120
396
596
752
818
908
937
994
1012
877
823
738
664
561
291
-46
-371
-680
-978
-1147
-1294
-1485
-1742
-1918
-1918
-1933
-1899
-1922
-1947
-1745
-1458
-1243
-1161
-1090
-867
-715
-622
-497
-441
-366
-361
-279
-146
-161
-224
-362
-464
-609
-741
-924
-1144
-1405
-1761
-2014
-2076
-1974
-1845
-1691
-1353
-989
-627
-257
15
18
-97
4
333
681
891
1099
1339
1570
1613
1502
1326
939
503
222
173
111
-32
-114
-148
-249
-480
-724
-862
-1002
-1165
-1200
-873
-431
-93
190
524
833
990
1145
1457
1832
1987
2079
2319
2640
2753
2541
2328
2083
1727
1277
985
815
549
230
90
187
226
73
-131
-175
-159
-204
-136
37
302
516
697
907
1114
1144
956
791
746
727
659
589
443
197
3
-258
-555
-863
-1212
-1476
-1617
-1664
-1686
-1760
-1816
-1869
-1900
-1877
-1825
-1807
-1744
-1660
-1456
-1130
-831
-598
-503
-466
-447
-467
-579
-572
-565
-626
-686
-729
-679
-746
-805
-816
-747
-681
-618
-471
-296
-102
-12
92
315
635
903
1037
1211
1353
1465
1485
1491
1522
1481
1373
1274
1172
1001
733
441
234
18
-231
-384
-452
-479
-557
-633
-617
-554
-452
-255
60
387
628
921
1359
1744
1925
2198
2537
2800
2911
2947
2930
2778
2466
2104
1860
1656
1339
955
660
397
2
-394
-743
-1007
-1187
-1281
-1241
-1106
-984
-886
-736
-540
-390
-302
-173
5
116
234
313
483
615
589
470
379
344
289
131
-115
-220
-285
-334
-408
-480
-467
-532
-633
-700
-733
-798
-865
-943
-941
-828
-749
-689
-638
-581
-592
-634
-602
-573
-594
-670
-742
-732
-695
-731
-747
-772
-885
-1007
-1077
-984
-802
-624
-362
-111
162
382
520
563
615
722
935
1209
1463
1690
1884
2035
2077
1977
1865
1671
1525
1441
1371
1289
1131
970
757
481
150
-133
-398
-629
-801
-897
-887
-852
-761
-647
-555
-505
-404
-180
104
328
495
706
908
1015
931
726
566
397
296
233
248
280
295
251
201
169
50
-95
-241
-285
-245
-200
-102
-39
56
214
379
424
446
436
414
385
328
320
278
322
356
307
269
145
-90
-376
-596
-712
-665
-632
-719
-700
-564
-619
-685
-738
-754
-735
-690
-528
-249
69
334
277
171
256
259
192
202
323
290
240
314
351
363
170
-7
-69
-135
-287
-447
-507
-497
-415
-368
-350
-381
-353
-401
-466
-391
-338
-285
-204
-83
59
104
65
12
-86
-195
-303
-359
-341
-353
-411
-398
-387
-376
-403
-480
-530
-534
-440
-244
-10
193
347
466
573
638
585
582
562
614
803
1003
1171
1214
1188
1110
900
650
436
274
203
48
-4
133
170
43
-97
-141
-275
-417
-513
-519
-420
-219
-5
120
281
478
512
457
406
385
335
295
364
482
590
608
632
530
330
54
-115
-243
-476
-504
-603
-536
-548
-536
-524
-473
-481
-628
-646
-592
-577
-542
-400
-167
25
273
466
541
522
550
553
455
346
231
250
306
274
217
157
-33
-281
-447
-690
-919
-1107
-1160
-1170
-1166
-1097
-1023
-893
-769
-697
-709
-620
-482
-311
-29
118
345
534
719
843
794
737
614
591
577
609
666
673
663
572
528
386
221
12
-226
-375
-387
-356
-310
-218
-153
-121
-163
-135
-103
-135
-103
-70
88
306
397
455
491
460
344
207
105
22
-53
-60
-54
-97
-132
-236
-326
-356
-470
-594
-603
-542
-466
-317
-199
-94
56
176
101
62
104
-7
63
235
273
284
380
352
237
145
-1
-21
-36
-212
-315
-327
-248
-274
-372
-445
-518
-590
-539
-583
-713
-639
-557
-455
-232
-177
-274
-266
-269
-343
-356
-307
-190
-147
-61
137
237
319
334
318
341
298
290
393
463
363
366
442
521
504
294
102
-10
-100
-207
-257
-261
-271
-302
-385
-353
-399
-437
-492
-492
-427
-498
-479
-328
-283
-244
-242
-271
-130
-28
-42
-74
-87
16
-10
-169
-181
-177
-198
-184
-174
-120
-35
36
126
61
-20
5
-150
-215
-206
-207
-146
-54
-6
57
39
-18
-121
-270
-184
-180
-287
-191
-115
-60
21
80
75
26
22
-64
-229
-341
-370
-361
-326
-261
-292
-240
-236
-266
-272
-332
-355
-276
-177
-17
211
442
613
691
712
678
625
640
669
710
775
882
951
914
797
622
453
246
133
-28
-253
-423
-484
-401
-444
-400
-286
-254
-358
-458
-502
-485
-423
-341
-168
23
261
386
339
309
165
52
-51
-180
-286
-390
-407
-320
-204
-235
-347
-512
-604
-714
-879
-862
-815
-682
-527
-415
-336
-240
-148
-109
-157
-285
-323
-275
-208
-139
-15
156
146
138
59
-204
-399
-431
-397
-400
-427
-386
-239
-136
-98
-114
-203
-193
-216
-284
-289
-166
-22
89
172
212
243
253
308
327
357
365
360
392
318
231
199
309
313
176
132
112
31
-52
-65
-28
44
51
-31
-19
24
61
58
120
274
373
421
479
556
645
686
670
698
702
571
472
351
239
134
29
-94
-216
-338
-450
-478
-505
-559
-610
-590
-607
-654
-570
-466
-391
-266
-77
24
112
216
321
405
450
545
602
640
574
463
493
461
418
302
187
157
53
-94
-137
-106
-138
-253
-347
-358
-386
-443
-368
-320
-261
-204
-185
-183
-232
-309
-308
-253
-264
-252
-183
-54
-18
-47
29
99
141
149
70
8
37
52
73
95
98
171
222
214
152
-36
-82
-80
-128
-65
78
161
305
344
280
247
205
259
207
136
161
145
177
190
192
196
190
142
76
6
-68
-148
-242
-166
-129
-139
-135
-187
-130
-154
-193
-214
-183
-53
10
34
124
273
365
432
536
668
661
568
576
569
535
470
454
521
576
560
500
461
403
269
166
153
88
17
5
-25
41
74
114
159
157
161
125
93
64
66
84
147
237
251
400
454
437
378
226
75
-25
-107
-185
-243
-303
-343
-363
-319
-329
-425
-402
-395
-426
-487
-474
-314
-166
-40
111
267
425
479
396
379
359
231
193
184
213
223
157
93
37
-95
-299
-434
-469
-508
-600
-680
-759
-810
-771
-744
-694
-625
-500
-336
-225
-170
-87
30
165
387
570
685
752
786
813
855
893
851
809
811
805
721
611
524
402
280
146
60
-27
-167
-237
-304
-303
-282
-240
-188
-131
-77
30
108
158
218
234
278
361
508
705
801
765
648
586
504
393
258
156
136
116
83
14
-39
-176
-282
-252
-305
-314
-325
-290
-203
-140
-70
64
155
174
209
229
316
387
335
337
311
308
271
219
92
-110
-229
-307
-405
-554
-702
-798
-793
-721
-691
-642
-589
-545
-498
-490
-508
-495
-409
-289
-255
-249
-103
102
272
271
218
264
275
233
170
163
162
203
245
198
122
79
31
-17
-50
-126
-233
-186
-151
-161
-109
-20
-39
-15
36
41
32
22
122
187
171
135
135
249
291
180
73
80
108
45
-89
-160
-149
-86
-28
-55
-77
-67
-110
-107
-157
-193
-197
-135
-63
-28
23
136
312
411
384
313
388
412
284
216
202
252
238
198
137
54
-36
-142
-232
-315
-352
-452
-529
-504
-467
-393
-410
-361
-299
-287
-233
-156
-51
