90
2.8441
2.01212
2.29023
0.909408
3.14574
1.21318
1.77759
0.505005
0.424709
0.64246
0.466515
0.111618
3.1892
2.55144
2.3532
1.56537
4.0731
1.72724
1.40017
1.29516
1.64539
0.23524
0.125714
0.0731066
3.46342
2.5537
2.06959
2.03708
3.9854
2.02823
1.349
1.1828
1.68777
0.309779
0.108432
0.0589161
3.75976
2.87015
2.70828
1.83145
4.38725
2.00748
1.8982
1.41317
1.35749
0.288011
0.0962811
0.0830059
3.8457
3.17986
3.2404
1.69749
3.58586
2.40389
2.49319
1.82744
1.04222
0.257529
0.100654
0.0807547
3.68907
3.27371
3.39715
2.24298
3.83921
2.06065
2.42699
1.77533
1.59478
0.128339
0.112013
0.0983066
3.49615
2.86638
2.87564
2.454
3.79185
2.26794
2.23519
1.58714
1.67721
0.0788978
0.0118738
0.0940924
4.2048
2.87912
2.4
1.78294
3.5875
2.52171
1.94041
1.41166
1.61531
0.506384
-0.109629
0.0116393
5.04436
2.59845
1.65724
1.32598
3.89174
2.67017
1.89713
1.35763
1.41388
0.911025
-0.135387
-0.091532
4.94016
2.71768
0.942188
1.36508
3.69278
2.9052
1.93007
1.25306
1.51745
0.701881
-0.186856
-0.116773
5.43866
2.80458
0.719706
0.890689
4.01349
2.48537
1.79428
1.03951
2.03957
0.340853
-0.183749
-0.14398
5.45878
2.20007
0.455136
0.806816
4.05165
2.57226
1.40702
1.48843
1.24921
0.293175
-0.218123
-0.118783
5.80753
1.87966
0.12777
0.805417
4.29254
2.74216
0.620724
1.65597
1.08416
0.621304
-0.151394
-0.185326
5.55692
2.10877
0.0257649
1.03754
4.07888
2.45511
0.430574
1.55048
1.33524
0.761639
-0.169341
-0.200255
5.42315
1.96333
-0.251565
1.7062
3.8356
2.27253
1.00002
1.02044
1.51279
0.636285
-0.213455
-0.171766
5.65254
1.68415
-0.507106
2.24918
4.68893
2.32507
1.52457
0.617137
1.25198
0.447228
-0.216048
-0.120142
5.46961
1.25688
-0.349502
2.13787
4.52387
2.21155
1.1884
1.08463
0.993386
0.496475
-0.263913
-0.117508
5.58304
1.3935
-0.455011
1.97538
4.00268
2.19223
0.992185
1.10338
1.21753
0.596403
-0.267269
-0.165995
4.96782
1.42453
-0.12586
2.49188
4.12094
3.08813
1.22005
0.754145
1.06871
0.486227
-0.289274
-0.137288
4.99286
1.06304
0.314491
2.45131
4.73658
3.24598
1.15655
0.939278
0.772377
0.485853
-0.284841
-0.11478
5.05925
1.30088
0.341035
2.27478
5.0208
3.26738
0.295611
1.34354
0.688142
0.455253
-0.22667
-0.122627
5.33475
1.65673
-0.0423719
3.03753
4.25302
2.84169
0.433099
1.01334
1.10565
0.386036
-0.272164
-0.109492
5.17369
1.32628
0.280317
3.37135
3.04681
2.9661
1.30081
0.338446
1.32085
0.416288
-0.257801
-0.139622
5.6603
1.52761
0.345539
2.71875
3.48116
1.99893
0.651938
0.62238
1.50843
0.389008
-0.256995
-0.134632
5.62299
2.45709
0.2969
2.13491
3.97417
1.28174
-0.0016144
0.704836
1.55585
0.591615
-0.176258
-0.150893
5.66671
2.39142
0.862584
2.71816
3.51883
0.827654
-0.267025
0.707379
1.69882
0.737518
-0.179963
-0.146404
5.5246
2.61331
1.44858
2.70105
2.97456
-0.073136
-0.328381
0.814085
1.79729
0.953925
-0.126284
-0.107646
5.967
2.21156
1.06949
2.78007
2.8127
-0.623304
0.265835
0.294739
1.8617
0.915214
-0.0392312
-0.0906844
5.56035
2.21095
0.917543
2.85099
2.13504
0.267198
0.415734
-0.00459924
1.73265
0.703094
0.0278218
-0.10453
5.54694
2.9346
1.17711
3.14255
1.81639
0.212079
-0.306343
0.364641
1.62324
0.810064
0.0460591
-0.0732936
5.79509
3.21032
0.899417
3.28019
1.40312
0.46156
-0.992408
0.12964
1.60865
1.09423
0.138939
-0.0707158
5.52924
3.72376
0.921012
2.51673
1.89886
0.63922
-1.2104
-0.0667844
1.38243
1.21308
0.256148
-0.0490226
5.36645
3.7632
1.11752
2.33185
1.92171
0.300771
-1.33597
-0.0340428
1.36425
1.20641
0.253721
-0.0298334
5.85106
3.36443
1.08027
2.15038
1.99008
-0.169966
-1.10961
0.130838
1.45108
1.01298
0.229586
-0.0198082
6.02472
3.08577
1.72562
2.38341
1.66603
-0.15965
-0.607049
-0.17803
1.64503
1.00321
0.219342
-0.0190338
5.7483
3.13009
2.06177
1.98269
1.35854
-0.10815
0.120925
-0.0388003
1.13276
0.938815
0.276292
0.0252824
5.36431
3.47797
1.82191
1.71009
1.45589
-0.174874
0.727884
0.19898
0.747889
0.688504
0.279812
0.0659328
4.75489
3.09558
1.86636
1.20994
2.80845
-0.447891
1.06163
0.376557
0.704383
0.312488
0.175236
0.106725
4.01577
1.74922
2.23451
1.67685
3.96919
0.299645
1.14831
0.107138
0.769923
0.520533
0.157558
0.0946651
3.12994
1.01535
2.18296
2.46268
4.34547
1.53849
1.96732
-0.326322
1.035
0.532668
0.00469898
0.0895295
2.93441
1.26902
2.04981
1.95622
3.47427
0.501822
1.95766
-0.316373
1.3672
0.559764
0.133428
0.0840012
3.20503
1.22467
1.90903
1.288
3.4873
-0.120597
0.833984
-0.126761
1.73434
0.930432
0.299946
0.0798146
3.1721
0.961022
1.85668
0.801551
4.25467
-0.420425
-0.0187125
0.949903
1.43153
0.855856
0.6547
0.0756884
2.85843
0.869139
1.32074
1.37432
4.57515
0.236753
1.38807
0.950557
0.81399
0.0522556
0.552287
0.149344
2.17488
0.952497
0.834306
2.78536
5.50334
0.47379
1.8758
0.0377641
1.24492
-0.200331
0.278136
0.165345
1.44432
0.950128
0.941206
2.88155
5.45817
0.581339
1.78705
-0.356397
1.54852
0.0638353
0.149328
0.11477
0.947784
0.893722
1.05404
2.7006
5.29716
0.471942
1.44668
-0.274908
1.95737
0.274077
0.0652304
0.0414586
0.946445
1.35432
1.32683
3.08176
5.43506
-0.0313493
0.89105
0.0213732
2.27296
0.227314
0.154162
-0.0260274
1.02098
1.30781
1.35686
3.15337
4.7715
-0.462176
1.66837
0.0643114
2.08016
0.161438
0.189337
0.0280718
0.774702
0.932374
1.53852
3.71568
4.53796
0.0235892
1.95287
0.208386
1.8177
-0.297616
0.242237
0.117077
0.899884
0.19101
2.21007
4.51827
4.25646
-0.490588
1.72371
0.681304
1.8006
-0.287679
0.248297
0.11804
0.998585
-0.173842
3.03501
4.31917
4.33587
-1.05326
1.67693
1.19148
1.38737
0.108629
-0.0173977
0.149562
1.13935
-0.0769609
2.53287
3.15985
4.89118
-0.478081
2.1205
0.516636
1.44038
0.23664
0.0182572
0.1916
1.22353
-0.199757
2.18483
2.83709
4.98358
-0.217068
2.361
0.290706
1.39533
0.0526227
0.164432
0.21742
1.13179
0.0193693
2.05447
3.47829
4.28095
-1.33043
2.76617
0.737772
1.37981
-0.012817
0.0728034
0.201758
1.36053
0.30234
1.93022
3.63763
3.48937
-1.65777
2.2702
1.0559
1.8331
-0.0315964
0.0532293
0.131428
1.37536
0.0995439
2.15259
3.12041
3.1828
-1.19491
2.24814
0.797898
1.86198
0.14202
0.181755
0.0631346
1.59405
0.190997
2.18077
2.87626
3.49223
-1.4397
2.39193
0.934084
1.56575
0.276853
0.168388
0.0899764
2.43468
0.397263
1.57832
3.46351
3.42594
-0.673644
2.69622
0.623855
1.10616
-0.10984
0.0492075
0.145225
3.04933
0.480207
1.20351
3.26456
3.43533
-0.535368
2.5298
0.648622
0.89005
-0.207905
0.167232
0.149479
3.86456
0.817811
-0.0492168
1.95066
4.49389
-0.537497
1.82116
0.51337
0.760676
0.0189446
0.0797602
0.180445
4.9635
0.301105
-0.649199
1.15679
4.76614
-0.178156
0.870571
-0.227807
1.44317
0.206109
-0.0142789
0.166689
5.28512
-0.0678064
-0.606279
1.3682
4.06571
-0.236568
0.676697
0.0621624
1.61087
0.263262
-0.0585301
0.133413
5.66592
-0.0385145
-1.1537
1.08121
4.00024
-0.514893
1.08693
0.518432
1.32149
0.197535
-0.0925585
0.166559
6.07623
-0.101433
-1.78239
0.833401
3.69095
-0.317483
1.13857
0.644842
1.25271
0.138607
-0.0559398
0.163793
6.13874
-0.608856
-0.763428
-0.201202
3.89189
0.0335191
0.828225
0.982976
0.935774
0.388495
-0.094616
0.162308
6.19068
-0.837861
-0.401221
-0.30267
4.17439
0.197215
0.447926
1.36958
0.855778
0.408005
-0.119253
0.118089
5.98202
-0.284481
-0.792603
0.618731
3.69879
0.214695
0.222601
1.71309
1.0765
0.191597
-0.0725204
0.0733753
6.46417
-0.278952
-0.663864
1.5506
4.13462
-1.10608
0.451152
2.14553
1.24764
0.338487
-0.321152
0.0381408
6.35406
-0.067336
-0.351014
1.93127
3.36743
-0.707871
0.264762
2.55399
1.25329
0.0224863
-0.346461
-0.00347063
6.41891
-0.279272
0.166001
2.37532
2.71986
-0.201011
-0.168391
2.80217
1.32284
-0.174508
-0.35296
-0.0402584
6.01469
0.338735
-0.376222
2.29579
2.7721
-0.220196
0.286106
2.35075
1.174
-0.131703
-0.389914
-0.0128889
6.25093
0.379761
-0.529379
2.04715
3.129
0.23298
0.271968
1.84911
1.18568
-0.178767
-0.421883
-0.00520461
6.67961
0.349071
-0.704745
2.32896
3.93829
0.454089
0.268913
1.84029
0.910491
-0.276706
-0.466912
0.0103297
6.82208
0.0997652
-0.418835
2.67561
3.76985
0.575719
0.146818
2.24654
0.991759
-0.369121
-0.490988
-0.00228653
6.74928
-0.136486
-0.576561
3.30023
3.85912
0.205773
0.468941
2.36795
1.19803
-0.366195
-0.534008
0.00214495
6.41029
-0.376981
-0.968409
3.54122
3.94615
0.501784
0.55193
2.49698
1.16243
-0.351126
-0.492082
0.0307785
6.4619
-0.724144
-0.930533
3.36837
3.72553
0.433294
0.539553
2.76655
1.39464
-0.258308
-0.462528
0.01591
6.25411
-0.646466
-0.840044
3.39046
3.71003
-0.209763
0.499387
3.1897
1.71921
-0.0617918
-0.490113
-0.0193405
5.84464
-0.476281
-0.746288
3.40659
3.71492
-0.784471
0.5809
3.66985
1.86354
0.0723491
-0.552551
-0.0313946
5.46492
-0.493262
-0.36555
2.49982
3.17334
0.0983039
0.599523
3.8446
1.48443
-0.0576811
-0.413684
-0.0256298
5.37945
-0.0734213
-0.200982
1.65546
3.12939
0.474604
1.03946
3.19715
1.48035
-0.128923
-0.37241
0.000621435
4.83238
0.975761
0.326906
1.93409
2.92356
0.604629
1.4978
2.02589
1.75609
-0.134417
-0.342083
0.000684289
4.63737
1.4355
0.97065
2.03679
2.40695
0.48818
1.94204
2.10663
1.39059
-0.0794993
-0.329026
-0.0218941
4.44369
1.43795
1.14128
2.30991
1.7127
-0.295232
1.80054
1.901
1.37921
0.101206
-0.194135
-0.0150618
3.96534
1.18021
1.00357
2.46782
1.12777
-0.903184
1.66444
1.84791
1.74591
0.0499419
-0.0929958
0.00484727
3.50943
1.36239
1.61527
2.67822
1.95694
0.515008
0.85168
1.30191
1.95787
0.0918431
-0.328282
-0.00159033
3.60789
1.42413
1.48764
2.71536
2.40708
0.38162
1.04556
1.3043
1.88465
0.0221856
-0.118151
0.0356442
4.0084
1.8864
1.62163
1.77939
2.9115
0.217081
1.30294
1.88424
1.21613
-0.549712
0.00827516
0.0885503
3.82885
2.32927
1.91774
1.96492
3.84185
0.76384
1.15295
1.25771
1.23712
-0.686061
-0.0571175
0.0321256
