94
2.75616
1.51792
1.8351
1.1949
2.12146
0.847465
1.68849
0.263594
1.23092
0.201559
0.221109
0.100174
3.14206
2.0425
2.55079
1.07822
2.55476
1.5841
2.19569
-0.219568
1.06045
0.691362
0.450056
0.150214
3.15806
2.65386
2.89222
1.18048
3.13975
2.27412
2.3499
0.945593
0.91549
0.349472
0.28616
0.12962
3.36643
2.83537
3.14984
1.44674
2.80914
1.98883
3.27476
1.66535
1.56824
-0.0222795
0.0669036
0.115651
3.58027
2.81274
2.88923
1.9201
2.56749
2.2098
2.96199
1.04666
1.68445
0.121177
0.0460629
0.0993794
3.99744
2.81224
2.94538
2.05274
3.01165
2.55823
2.75627
0.585338
1.27094
0.405264
0.0620822
0.0965439
3.858
3.02777
3.37193
1.83275
3.56287
2.65671
2.62286
1.63608
0.963902
0.434158
0.0818524
0.0940621
3.79779
3.07597
3.25769
2.51236
3.46329
2.2177
2.40243
1.53782
1.77087
0.344274
0.0487629
0.0999418
3.77966
2.84262
2.83343
2.54849
2.79631
1.8601
2.42696
1.30502
1.56882
0.435482
-0.00512051
0.0728247
4.76574
2.00184
1.45177
1.65598
2.93901
1.23315
2.89688
1.76979
1.50671
0.577167
-0.291523
-0.0466
5.3532
1.54279
-0.0230381
2.04782
3.36879
0.913374
2.03158
2.33325
1.43265
0.305494
-0.372101
-0.0578075
5.77794
0.655698
-0.815228
2.33875
4.02395
0.62403
1.42433
3.10454
1.14063
0.295717
-0.44847
-0.0403495
5.87248
0.160242
-1.06915
2.66343
3.86312
0.386759
1.52036
3.14269
1.33188
0.0462097
-0.482298
-0.0203003
6.10392
0.0587484
-1.40634
3.32851
4.80216
0.357018
1.21949
2.92348
1.54336
0.249148
-0.576668
-0.0693984
5.81809
0.0745545
-1.31594
2.89515
5.07477
0.770557
0.696651
3.08223
1.18323
0.439949
-0.615795
-0.102787
6.07056
-0.13947
-1.48322
3.07271
5.14189
0.830585
0.559696
3.22815
1.26674
0.269202
-0.641217
-0.0864043
5.95764
-0.117312
-1.52098
3.59021
4.66899
0.710038
0.808413
3.05296
1.41158
0.147288
-0.635029
-0.0625157
5.86175
0.20832
-1.39283
3.88511
4.78807
0.185834
0.793228
3.2391
1.59521
0.243684
-0.756273
-0.0739896
5.64156
0.43858
-1.05879
3.77551
4.37003
0.264
1.04568
3.35673
1.42365
0.0828567
-0.769306
-0.0414772
6.10468
0.279333
-1.41082
3.75924
5.01577
0.825787
1.05557
2.93979
1.30217
-0.108386
-0.735758
-0.0164654
5.97534
0.188501
-1.15731
3.63303
4.80482
1.04833
1.20109
2.61835
1.1025
-0.248207
-0.654257
0.00353068
5.87001
0.273815
-1.1325
4.35397
4.90745
1.23182
1.50804
2.35256
1.01996
-0.384102
-0.575716
0.0480989
5.56992
0.883753
-1.96594
4.85863
4.48826
1.43028
1.5824
1.99944
1.05567
-0.498402
-0.522971
0.0459184
5.92654
0.928296
-2.17383
4.65951
4.01924
1.56633
1.43945
1.98965
1.12812
-0.514331
-0.526296
0.00696401
5.80705
0.810864
-1.01577
3.92346
3.68369
1.47014
1.44749
1.99581
1.07248
-0.373441
-0.529199
-0.0142655
5.74009
1.07994
-0.74724
3.90827
3.98358
1.15058
1.5206
2.16807
1.16051
-0.173677
-0.559224
-0.0476683
5.73645
1.41994
-1.00783
4.62431
3.52384
1.32057
2.1681
1.86718
1.43692
-0.454516
-0.447339
-0.0806871
5.42196
1.18324
-0.687142
3.89265
3.3402
1.61251
1.93542
1.55906
1.27904
-0.275912
-0.507183
-0.107232
5.55908
1.37012
-0.361037
3.30678
2.98999
2.33815
1.51689
1.05044
1.47858
-0.085129
-0.515005
-0.16329
5.81402
1.7215
-0.815595
3.31761
3.40253
2.08268
1.39086
0.880358
1.50061
-0.0705244
-0.426798
-0.173285
5.82871
1.71902
-1.16658
3.52194
3.86072
1.90032
1.39162
0.630141
1.49245
-0.123218
-0.37397
-0.167504
5.69773
1.61983
-0.529555
3.18204
3.92074
2.19302
1.14114
0.731861
1.38676
-0.0172708
-0.416961
-0.146646
5.69441
1.60547
0.436644
3.15304
3.56268
2.21868
1.2083
0.441338
1.65131
0.0264804
-0.393511
-0.138032
5.93568
1.21051
0.871688
3.83278
3.93857
1.91818
1.08485
0.20281
1.48407
0.0852559
-0.342023
-0.0921382
5.32354
1.47582
0.538043
3.60836
4.09941
2.02444
0.807848
0.731503
1.39503
0.112908
-0.337301
-0.0975616
5.92685
1.27586
-0.367057
4.62804
3.97703
1.84155
1.40458
0.158079
1.42815
-0.0812212
-0.191652
-0.120928
5.20756
1.54008
0.289423
4.051
4.64589
1.88534
0.552413
0.554209
1.19677
0.0933665
-0.217794
-0.0567633
5.65258
1.67491
0.288963
3.31423
3.67063
1.30718
0.509897
0.830966
1.18007
-0.105458
-0.28453
-0.0390428
5.75915
1.63867
0.233327
3.45983
3.19908
0.705396
0.353734
0.563718
1.2434
-0.0602403
-0.190536
-0.0239745
6.31462
1.81912
-0.144503
3.80905
3.55282
0.0891025
0.8735
0.150867
1.45526
-0.252245
-0.179379
-0.0232729
5.44631
2.05508
0.805027
3.1196
4.14747
1.43231
0.975825
0.899104
1.24294
-0.501387
-0.28258
0.0195714
5.23088
1.80557
0.725016
3.8069
4.91542
1.64085
1.38524
0.937558
1.15996
-0.290829
-0.200202
0.0522394
5.75862
1.34672
0.455912
3.9969
5.06658
1.33799
1.66903
0.237414
1.2783
-0.114299
-0.157666
0.0362132
5.66791
0.976499
0.726164
3.53782
4.82129
1.58773
1.73541
0.5117
0.995821
0.0408012
-0.135993
0.0474115
5.04537
0.518716
1.79514
2.99376
4.38168
1.96932
1.60425
0.466433
0.968874
0.144451
-0.122542
0.071897
4.77003
0.553293
1.54278
2.7583
4.51194
2.00357
1.8246
0.276939
0.934217
0.0714816
-0.0662808
0.11344
4.5273
0.868129
1.25848
1.94827
4.50897
1.93484
1.69276
0.199642
0.891495
0.112603
0.0364494
0.119112
3.89158
0.654983
1.65494
1.86709
3.21276
1.71011
2.39789
-0.489921
0.872454
0.771919
0.0234229
0.0387305
3.47952
1.00296
1.33212
2.84211
2.10257
1.20488
2.41615
-0.774758
1.40026
0.435209
0.342832
0.00555054
3.366
1.32307
0.998944
3.0176
2.41532
0.324175
1.21264
-0.0246564
1.75757
-0.0276528
0.64166
0.0622065
3.15484
1.46286
1.22855
2.26519
3.57146
0.00567413
0.309461
0.476624
1.44076
0.58788
0.439302
0.0293358
3.03617
1.70261
0.570142
2.45721
4.43588
-1.13739
0.357903
0.607853
1.40376
0.923623
0.340136
0.0590504
2.6185
1.26802
0.922183
2.44915
4.40005
-1.05505
0.320295
1.01303
1.37356
0.611351
0.554334
0.029771
2.26572
1.30261
1.57261
2.57625
3.14351
-0.673908
1.15465
1.2273
1.77235
-0.126499
0.571833
0.0609363
2.17108
1.21498
1.61892
2.67982
3.08487
-0.571763
1.38054
1.12706
1.95735
-0.112282
0.368076
0.0688236
1.87276
1.41866
1.36728
2.51198
3.7412
-1.06099
1.19826
1.46929
1.68134
-0.134258
0.533862
0.0357855
1.847
1.3936
1.73798
2.41525
3.30927
-1.0877
0.985249
1.53741
2.07318
-0.300301
0.611066
0.0357227
2.05252
0.869618
1.83479
2.50982
2.98708
-0.688368
0.789484
1.14392
2.62853
-0.315458
0.453265
0.0505861
2.2424
0.53328
1.77242
2.56332
2.93631
-0.943509
0.637589
1.38675
2.37306
0.0172981
0.300931
0.0536883
2.36492
0.449274
1.4475
2.61176
3.1914
-0.628767
1.19668
1.21629
1.72106
0.139422
0.174854
0.0582693
2.41552
0.76938
1.73722
2.56042
2.57551
-0.598054
2.25194
0.309811
2.16109
-0.0804078
0.0617115
0.094091
2.21182
0.88798
2.0066
2.26222
2.74051
-0.794387
2.14448
0.468724
2.09574
-0.178857
0.171917
0.110008
2.45527
0.949454
2.13839
2.08733
2.17441
-0.781554
1.82597
0.831103
1.69907
-0.197614
0.569464
0.092874
2.9579
0.942961
1.82687
1.87529
2.93457
-0.563625
2.10193
0.837032
1.44559
-0.236698
0.214189
0.145213
3.31972
0.57132
1.5319
1.29286
4.19596
-0.302157
2.70032
0.824779
0.602088
-0.375934
0.118865
0.282977
3.64685
0.331067
1.29335
1.49604
4.12448
-0.377504
2.24318
1.34609
0.199204
-0.312762
0.186111
0.26656
3.72003
0.591311
2.10265
0.850858
4.14473
-0.242387
1.32673
1.68484
0.246885
-0.301488
0.165978
0.188052
4.23914
0.857915
1.93525
0.0508635
3.70281
0.00956467
1.43666
1.26978
0.703655
-0.597205
0.12775
0.268676
4.69979
1.14632
0.99234
0.785366
3.71039
-0.0572749
1.83945
1.26245
0.0584141
-0.487627
0.117958
0.259683
5.33753
0.958886
0.337771
1.73382
3.15851
-0.30731
2.15862
0.961047
0.420397
-0.369413
-0.0237174
0.191395
5.67442
0.779506
0.510615
2.53329
2.06215
-0.498338
1.70223
1.296
1.34263
-0.221258
-0.207315
0.0445928
6.01356
0.660883
0.235775
1.9774
3.0311
0.340698
1.05706
1.69823
0.710338
-0.414996
-0.294403
0.0681045
6.11744
0.453063
0.439152
1.94073
3.56829
0.641868
0.969304
1.76486
0.220276
-0.663429
-0.284236
0.110129
5.99133
0.435653
0.605442
2.37472
3.96968
0.637988
1.14468
1.58226
0.106363
-0.733512
-0.337737
0.112392
6.03791
0.600388
-0.0853712
2.50571
4.11731
0.597742
0.834369
1.54251
0.311115
-0.551321
-0.445793
0.0395218
5.82355
0.738075
-0.468149
2.49492
3.57247
-0.126676
0.43447
1.84067
1.02022
-0.247255
-0.585096
-0.0480181
6.08322
0.608914
-0.525194
2.86535
4.34093
-0.465913
0.565827
2.19507
1.19606
-0.0367908
-0.650091
-0.0517551
6.27018
0.452094
0.0112492
3.01845
5.38125
0.310695
0.701039
2.26629
0.827845
-0.0813102
-0.575642
-0.011848
6.24438
0.230781
0.13044
3.23795
5.63724
1.1643
0.987496
2.04272
0.511356
-0.350355
-0.455114
0.0655595
5.4257
0.247788
0.146562
3.76515
5.08937
1.5471
1.30502
2.14324
0.227836
-0.642871
-0.414501
0.138314
5.75105
-0.206858
0.364009
3.94357
4.90471
1.08252
1.889
2.00828
0.296652
-0.832968
-0.416793
0.167584
5.91514
-0.388549
0.62476
4.04181
4.44703
1.13478
2.02236
1.8778
0.223768
-0.955188
-0.382114
0.178743
6.17931
-0.32902
0.296247
3.59139
4.72668
0.831126
1.75437
2.18734
0.283189
-0.845848
-0.412067
0.157406
5.55659
0.496378
-0.0212841
3.36044
3.66915
0.532224
1.85681
2.30574
0.7727
-0.767763
-0.444442
0.124872
5.42261
0.698083
0.373961
3.15066
3.11256
0.214457
1.8359
2.98517
1.16646
-0.586186
-0.535918
0.0616929
5.4955
0.881253
0.623881
3.1932
3.2822
-0.00784205
2.10523
3.06917
1.26726
-0.54693
-0.55172
0.0631372
5.33597
1.14342
0.749025
2.95816
3.3112
0.0964127
2.19349
2.61993
1.17682
-0.671561
-0.448766
0.111507
4.87522
1.61925
0.864161
2.96093
2.81374
0.49888
2.81121
2.18325
1.47177
-1.13234
-0.391224
0.106525
4.37465
1.70197
1.50539
3.18691
2.77411
1.0622
3.00027
2.10584
1.67156
-1.10755
-0.372117
0.0917825
4.58018
1.86303
1.92812
2.5028
3.30391
0.512624
2.55364
2.29016
1.29943
-0.570673
-0.34384
0.0832365
3.94186
1.84239
1.07078
2.78469
1.35634
-0.378463
2.34209
2.16079
1.45077
0.0318722
-0.00246025
0.0331348
3.36343
1.26866
0.794141
2.74904
0.509934
-0.773742
2.23516
2.44609
1.93232
0.00160153
0.17845
0.0224644
3.63186
0.901049
1.11442
2.08928
1.21263
-0.628862
2.33135
1.98154
2.24941
-0.0969745
0.129771
0.0765595
3.74269
0.819439
1.7465
1.52833
2.2911
-0.0950033
2.07816
1.73102
1.7815
0.00261644
-0.0801429
0.11043
