89
3.02403
1.65293
2.16221
1.02238
2.77375
1.3739
1.6765
0.117439
0.664962
0.614337
0.358539
0.115331
2.83438
1.90195
2.61124
1.14391
2.89494
1.69756
2.19276
0.524842
1.11747
0.761684
0.355158
0.129608
3.26525
2.16626
2.30227
1.20207
3.50602
1.49137
1.77591
0.998003
1.5389
0.350579
0.275772
0.12036
3.66828
2.25933
2.3038
1.66202
3.33304
1.39833
1.87383
0.828099
1.48058
0.330162
0.178438
0.106794
3.96992
2.12996
2.54413
1.47851
2.82318
1.47915
2.13619
0.705124
0.975953
0.593095
0.198089
0.10488
4.51697
2.13806
1.43023
1.04505
2.85491
1.8187
2.17673
0.892285
1.22654
0.818495
0.0047353
0.00243098
4.64859
2.06912
0.215859
1.25155
3.17802
1.67375
2.21547
0.700624
1.28414
0.799471
0.00978556
-0.0418054
5.04485
1.45328
-0.234459
1.39585
3.64034
1.46548
2.4306
0.831407
1.08779
0.848878
-0.0174367
-0.0530196
5.44179
0.857106
-0.314741
1.57117
4.14176
1.32932
2.1571
1.65828
0.856945
0.813266
-0.116799
-0.06924
5.56508
0.195563
-0.949053
1.76875
4.71957
0.704845
1.36843
2.96213
0.7022
0.583132
-0.283338
-0.0406044
5.22137
-0.101833
-1.40093
1.8337
4.59811
0.843317
1.28712
2.78282
0.801358
0.455496
-0.282604
-0.0114429
5.17031
-0.266862
-1.49765
2.11166
4.68171
0.974208
1.14128
2.62303
0.915426
0.438814
-0.285556
-0.0133176
5.6851
-0.241367
-1.45351
2.92045
4.93293
0.178285
1.2339
2.96233
1.23991
0.373027
-0.467723
-0.0296319
5.97577
-0.665376
-1.31128
2.2809
5.51128
0.689618
0.834386
2.93816
0.989351
0.352619
-0.42129
-0.0646758
5.93429
-0.513449
-1.49831
2.02069
6.11546
1.04339
0.663824
2.88868
0.631005
0.394302
-0.452065
-0.0541537
5.57578
-0.328747
-1.70956
2.66222
5.86746
1.36392
0.852299
2.43499
0.455011
0.225062
-0.406452
0.0427181
5.68077
-0.393235
-1.75542
3.30256
5.62458
1.46754
0.909367
2.18048
0.577152
0.0521732
-0.384753
0.0595473
5.64234
0.103323
-1.25104
2.49906
4.97591
1.33486
0.869088
2.57124
0.659221
0.272505
-0.41106
-0.0279331
5.74286
0.726048
-1.55266
2.71112
4.84171
1.16986
1.35559
2.02526
0.968918
0.246073
-0.470707
-0.0260328
5.59379
0.874207
-1.86457
2.34052
3.79295
1.08865
1.13503
1.99655
1.41272
0.335617
-0.449422
-0.0941107
5.84314
0.935699
-1.84599
2.83846
4.13106
0.689324
1.23782
1.91747
1.5681
0.306847
-0.507183
-0.108464
5.72556
0.801152
-1.60412
3.38456
4.57381
0.687382
1.06797
1.74544
1.40438
0.350768
-0.498114
-0.102929
5.93302
0.625216
-1.7069
3.58576
4.78416
0.680607
0.912563
1.60674
1.47566
0.340114
-0.510248
-0.127477
5.61021
0.9369
-1.21505
3.42174
4.23885
1.25628
1.08518
1.08654
1.38471
0.300982
-0.409621
-0.148009
5.65102
1.82134
-1.02754
3.74428
3.30282
1.05271
0.910644
0.754264
1.83071
0.236976
-0.275702
-0.189456
6.16202
1.60815
-0.75044
2.47628
2.8676
0.656063
0.552836
0.818429
1.66447
0.290906
-0.245429
-0.114224
6.32686
1.14683
-0.266976
2.858
3.37023
1.28167
0.146467
1.00528
1.2603
0.466595
-0.261759
-0.133192
5.72327
1.20157
0.546144
3.92428
4.14192
1.57866
-0.134656
0.752821
1.04661
0.545354
-0.223222
-0.129031
5.8897
1.90487
-0.270304
4.70054
4.29526
1.54829
0.0947886
0.443181
1.21047
0.488447
-0.1765
-0.136885
5.40702
2.55233
-0.0817057
3.67835
4.50893
2.60785
0.543653
0.456615
1.21106
0.35158
-0.175084
-0.136652
5.62658
2.78325
-0.0586662
3.59621
4.72817
2.80502
0.566619
0.456629
1.08037
0.172301
-0.149574
-0.107836
5.31002
2.50989
0.714582
3.27223
4.66986
2.70301
0.414686
0.19794
1.09972
0.325544
-0.0563561
-0.106855
5.73453
2.35204
0.8126
3.17663
4.88387
2.84063
0.382466
-0.247286
1.21662
0.360846
-0.0213587
-0.116364
5.58455
2.58312
0.844587
3.28344
4.4739
2.98776
0.0274034
-0.0402155
1.08714
0.387165
0.00100811
-0.114176
5.82729
2.29704
1.12142
3.33574
4.48448
2.73706
-0.0774998
-0.0208519
1.09673
0.334194
-0.0533381
-0.0990237
5.60664
2.32727
1.2175
2.94914
4.65352
2.55934
0.208512
0.224436
0.913379
0.306042
-0.0180997
-0.075015
5.7046
2.3012
0.953256
2.67121
4.89966
2.91432
0.793379
0.262379
0.887796
0.104571
-0.0349526
-0.0414879
5.53983
2.21049
1.09909
2.47403
4.61909
2.9935
0.899184
0.458964
0.78963
0.162034
-0.0106214
-0.0314459
5.17869
2.47485
1.85444
1.81233
4.9298
2.13221
0.943976
0.601263
0.580559
0.260724
0.0306566
-0.00863079
4.6802
1.82741
2.63562
2.33607
4.83763
1.82208
1.57625
0.889415
0.498205
0.0683501
0.0258766
0.0781599
4.23926
1.22668
3.14873
2.8208
4.08009
1.42146
2.61903
1.12679
-0.0758272
0.104937
0.155829
0.121438
3.4667
1.10277
2.67222
3.32966
3.57372
0.913531
2.39592
1.0293
0.240464
0.237651
0.102375
0.0951024
2.90523
1.00021
2.69207
3.01273
3.6993
1.20514
1.53406
0.513114
0.402305
0.245821
0.428613
0.0775851
2.7113
0.903511
2.8218
2.51805
3.66306
1.40291
0.926253
0.148293
0.128218
0.398491
0.867698
0.0216269
2.51319
0.808458
2.70301
2.81742
3.12614
1.19773
1.25078
-0.212332
0.86548
0.424453
0.668398
0.0213716
2.26006
1.06159
3.00337
2.21875
3.24576
0.798255
1.77005
-0.372382
0.970583
0.688003
0.41079
0.0438747
2.20017
0.906939
2.82658
2.00658
3.53685
0.566768
1.22915
-0.181681
1.15468
0.633331
0.616756
0.0220963
2.4184
0.308567
2.62228
2.16824
3.15287
0.93801
1.42593
-0.0896723
1.33519
0.392046
0.661215
0.0731286
2.39702
0.0129908
2.9756
1.50649
3.27821
1.2927
1.34216
0.272397
1.07362
0.813396
0.313997
0.0571748
1.92155
0.313922
2.74166
1.50649
3.19681
1.14037
1.06796
0.662321
1.08716
0.941343
0.222336
-0.000807728
1.82736
-0.185827
2.94784
2.15945
2.75873
0.253442
1.29267
1.03346
1.56258
0.720738
0.295117
0.00504053
1.83201
-0.991343
3.18788
1.478
3.45325
0.754812
0.886973
1.39434
2.15973
0.192789
0.231835
0.101446
1.60088
-0.620407
3.02226
0.909588
4.41063
0.535722
0.763776
1.65736
1.69216
0.100366
0.331712
0.0837087
1.27188
-0.590956
2.84181
1.84312
3.9506
-0.300821
0.959499
2.18919
1.42434
0.131877
0.389287
0.0189059
0.895944
-0.87115
2.86075
2.22587
4.05935
-0.248505
1.43018
2.25617
1.0401
0.126944
0.36592
0.0429339
0.664418
-0.994163
2.67912
2.24552
4.61854
0.110872
1.81934
1.53631
1.07272
-0.00446147
0.309247
0.151411
0.617765
-0.588868
2.31436
2.57454
4.38075
0.619482
1.61241
1.71774
0.960302
-0.180071
0.400707
0.154462
0.317003
-1.00785
2.55995
3.56343
4.02805
0.681071
1.44588
2.00508
0.557611
0.067063
0.377722
0.162516
0.47946
-1.26789
2.81643
2.80305
4.53342
0.0534842
1.38243
2.30453
0.573031
-0.133436
0.32709
0.156034
0.787016
-0.925975
2.56315
2.6043
4.86001
-0.360436
1.25336
2.34633
0.631131
-0.27041
0.386469
0.143772
1.01068
-0.954314
2.80703
3.00978
4.8617
-0.480365
1.32313
1.76393
0.572389
-0.162057
0.346944
0.175727
1.58867
-1.40605
3.0842
2.88638
3.9971
-0.401095
1.81109
1.20612
0.740006
-0.0289109
0.119163
0.198867
2.49963
-1.43835
3.14838
2.07706
2.95169
0.624715
1.4924
1.53983
0.244463
0.194421
0.206315
0.0515461
3.42928
-0.815363
2.29124
0.864907
2.69764
1.04609
1.48432
1.0848
0.228082
0.565915
0.289473
-0.0109415
3.89247
-0.333306
1.66782
0.0249633
3.84447
0.64441
0.147671
1.27295
1.26767
0.459305
0.0959785
0.0051662
4.65824
-0.336552
0.765244
-0.460428
4.6389
0.728685
-0.272807
1.35828
1.36335
0.191362
-0.060429
0.0308408
5.50508
-0.776158
0.320296
-0.471914
4.87126
0.741924
-0.4786
1.67549
0.678345
0.21032
-0.030615
0.0171539
6.32593
-1.16408
-0.688602
1.1917
4.09058
0.858817
-0.256332
1.17153
1.01627
0.142306
-0.185625
-0.00691753
6.92669
-1.3134
-1.44224
1.88963
3.93367
0.939361
-0.415077
1.25981
1.27537
0.165212
-0.319629
-0.0771316
7.56382
-1.67603
-1.33183
1.27667
3.811
1.3338
-0.30983
1.17751
1.16167
0.0183945
-0.356283
-0.0751978
7.33102
-1.25184
-1.7111
1.00402
3.28675
1.51356
-0.0316172
1.1469
1.02237
-0.126905
-0.36838
-0.0374526
7.21487
-0.631081
-2.129
0.669561
3.22232
1.23852
0.139082
1.54981
1.04369
-0.115217
-0.374593
-0.0390394
7.21576
0.110811
-2.31465
0.445862
3.7406
0.830252
0.277511
2.08951
0.955903
0.0192153
-0.434522
-0.0668075
7.39758
0.127606
-1.88966
0.77757
3.62552
1.00012
0.193569
2.52246
1.09267
-0.0211491
-0.434377
-0.0854735
7.64738
0.0261296
-1.66438
1.28172
3.1688
1.26209
0.401697
2.57155
1.28928
-0.117511
-0.440675
-0.0641563
7.12007
0.713141
-2.12664
1.20872
3.03699
1.13628
1.01834
2.23905
1.13096
-0.0547124
-0.442116
-0.0474512
7.48715
0.701769
-2.01404
0.356322
2.87359
1.55817
1.3312
2.03058
0.946902
-0.0705094
-0.361373
-0.050299
7.007
0.946877
-1.90271
0.612
2.75484
0.930109
1.28978
2.57801
0.901024
-0.240197
-0.487896
-0.0272965
7.30154
0.279796
-0.941044
1.12985
3.0915
0.649727
0.878187
2.72632
1.17283
-0.319926
-0.574953
-0.0841193
6.39847
0.530332
-0.921115
2.56598
3.46918
-0.0615821
0.889988
2.89397
1.60403
-0.0505758
-0.705735
-0.118489
6.26349
0.172469
-0.669743
3.2954
3.73273
-0.41215
0.920091
3.19992
1.72608
-0.0481924
-0.676348
-0.0829207
5.77327
-0.0874245
0.566673
3.24778
3.54844
0.331554
0.571672
3.26784
1.19832
-0.207886
-0.486635
-0.0370686
5.95766
-0.478841
0.733076
2.61442
3.87088
0.732421
0.751246
3.26962
1.06226
-0.382409
-0.463951
-0.0435022
5.57955
0.163888
-0.017444
2.43964
2.75759
0.257689
1.64015
3.26626
1.26804
-0.437893
-0.590891
-0.0216512
5.67697
0.649744
-0.150387
1.47483
1.9143
0.13965
2.08829
3.13236
1.54312
-0.61815
-0.568299
-0.00116794
5.84429
0.350923
0.0768183
0.951767
1.77734
-0.0272943
2.11299
2.97395
1.74335
-0.596383
-0.608339
0.00784179
5.13015
0.533603
0.620473
1.50746
1.94395
-0.0313087
1.74476
2.78646
1.72091
-0.523302
-0.58983
-0.0209251
4.31209
0.701313
0.798139
1.43239
1.72942
0.260781
1.77164
2.38723
1.63765
-0.15025
-0.411112
-0.0446264
3.61918
0.340264
0.906543
1.72926
1.80558
0.190039
2.30413
2.15339
1.09999
-0.0130853
-0.0624418
0.0427637
