89
2.42279
1.38847
1.31881
0.966435
2.61743
0.814492
1.17977
0.523372
1.28603
0.041617
0.19324
0.0818389
2.73222
1.84541
2.01908
1.3862
3.07871
1.31872
1.66676
0.804009
1.27822
0.425712
0.352614
0.102634
3.00137
2.22903
2.88651
1.1495
3.40179
1.90277
2.31681
0.0695093
0.634029
0.704628
0.483154
0.158269
3.09855
2.84901
3.0843
1.57339
3.84391
1.68299
2.29375
0.846032
0.995181
0.192651
0.435872
0.140934
3.31082
2.78407
2.53376
1.97511
2.9322
1.80673
2.05198
1.00642
1.66075
0.227178
0.227405
0.104695
3.45971
2.82407
2.63425
1.95529
3.28193
2.29258
2.50218
1.06715
1.51923
0.227445
0.109151
0.111192
3.66792
2.8359
2.69909
1.59704
3.67718
2.37626
2.6624
1.25408
1.01876
0.35728
0.0837379
0.114181
3.75003
3.17342
3.34855
1.52319
3.74979
1.74631
1.92052
2.25797
0.925897
0.137903
0.266855
0.0724073
3.79121
1.48213
3.14108
1.94048
3.08391
2.27685
1.25199
2.4099
1.00788
0.372747
0.0681705
0.0498932
4.65708
1.12321
1.76987
0.692483
2.90165
1.89501
1.7904
2.22049
1.18418
0.622965
-0.0989233
-0.0578347
5.42717
1.4224
-0.444649
0.996833
3.35951
0.980743
2.33698
1.88789
1.35736
0.650741
-0.147614
-0.0436051
6.10681
1.15899
-1.41166
1.10564
4.50492
0.626163
1.87985
2.462
1.22462
0.705469
-0.359899
-0.0348858
5.46184
0.517662
-0.909993
1.40109
4.26861
1.10215
1.55724
2.31852
1.21084
0.419192
-0.340089
-0.0454431
5.71832
-0.234357
-0.96202
1.89572
5.1063
0.933689
1.08422
2.52793
1.00967
0.388839
-0.361292
-0.0360482
5.94327
-0.240456
-1.07114
1.93113
5.24367
0.792505
0.68095
3.0442
1.12977
0.526638
-0.412064
-0.0973717
6.04646
-0.714604
-0.849756
1.75614
4.5546
0.57654
0.970756
2.98532
1.43581
0.409719
-0.396172
-0.118083
5.65453
-0.4967
-0.812108
1.68878
3.97744
0.774554
1.32987
2.57754
1.52144
0.411611
-0.423366
-0.12921
5.49959
0.328956
-0.91622
2.19806
4.17741
0.749781
1.39838
2.2907
1.42935
0.410906
-0.476486
-0.101968
5.66952
0.773112
-1.40609
3.13337
4.93692
0.780062
1.37665
1.85697
1.28894
0.237743
-0.512065
-0.0364504
5.37031
0.363187
-0.664199
2.96293
3.73895
0.916371
1.29133
2.10337
1.34664
0.151965
-0.489473
-0.082164
5.73742
0.0930812
-0.975766
3.17409
3.28239
1.01242
1.42071
1.87527
1.56919
0.00849379
-0.484385
-0.0908542
5.96182
0.285472
-1.15627
3.44124
4.12822
0.965284
0.79331
2.18246
1.47144
0.224884
-0.553572
-0.119334
6.30192
0.70454
-1.76752
3.09546
4.99253
0.612256
0.611066
2.1504
1.60453
0.401463
-0.655706
-0.12255
6.41657
0.736499
-1.8407
2.56554
4.21561
0.887342
0.405974
2.29149
1.44469
0.317469
-0.586309
-0.108498
6.36275
0.591986
-1.28107
2.71904
3.69112
0.94569
0.787362
1.94719
1.39279
-0.00875422
-0.539292
-0.0827105
5.82708
0.877187
-0.9558
3.56472
3.88169
1.00828
1.37223
1.44633
1.3659
-0.200311
-0.501226
-0.0739362
5.34302
0.619192
0.35641
3.78469
2.79451
1.75278
1.57555
0.594136
1.49732
-0.121963
-0.458997
-0.0960971
5.73295
0.50127
0.491335
3.64394
2.46899
2.51627
1.38554
0.388267
1.33805
0.0316258
-0.497578
-0.0952772
5.73758
1.07383
0.505733
3.62515
2.95582
1.62917
1.06636
0.986764
1.37417
0.0638682
-0.39566
-0.102435
5.27796
1.2778
1.03193
3.96438
2.6954
1.8221
1.16923
0.42917
1.57698
0.314059
-0.352954
-0.147504
5.36522
1.05645
0.990194
4.04082
2.65147
2.36539
1.32313
-0.309743
1.79926
0.273003
-0.397174
-0.154843
5.76866
1.45158
0.607306
3.36381
3.06909
1.49559
0.4109
-0.0496698
1.7653
0.254987
-0.290761
-0.131023
5.84501
1.87605
0.43863
3.26801
3.03287
1.24334
-0.123669
0.41551
1.64379
0.412758
-0.237651
-0.1324
5.89861
1.93628
0.138061
3.59809
3.39638
1.54026
0.3876
0.220227
1.61268
0.20217
-0.222068
-0.129565
5.82299
1.63964
-0.222332
3.28698
4.43787
1.78146
0.744579
0.45063
1.15952
0.0152841
-0.245996
-0.0590654
5.84858
1.79453
-0.202921
2.48797
4.32779
1.56417
0.726059
0.745067
0.708697
-0.191095
-0.215583
0.0245618
5.85305
1.46495
0.0618089
2.73623
4.17928
1.16384
0.874305
0.529934
0.960096
-0.337982
-0.234225
0.0543313
5.42471
1.29109
0.564341
2.6588
3.79936
1.53578
0.877847
0.307571
1.17729
-0.374934
-0.174253
0.0554906
5.28595
1.60864
0.829598
1.8134
3.567
1.24763
1.0862
-0.0287886
1.11207
-0.306955
-0.0234998
0.0878285
5.37477
1.71438
0.812754
1.37829
3.0613
1.14687
1.52189
-0.542625
1.06414
-0.207765
0.0890499
0.120944
5.51978
1.64707
0.720631
1.59067
2.47893
1.02271
2.05549
-0.697453
0.725972
-0.20399
0.245759
0.168722
4.79133
1.52682
1.28838
1.25058
2.5244
1.2925
2.39408
-0.329289
0.285812
0.00291306
0.332864
0.171284
4.3793
1.46301
1.43032
1.56632
2.7467
1.38847
2.34222
-0.90714
0.896708
0.580741
0.228658
0.0735247
3.61086
1.74231
1.54524
2.34139
2.66177
0.907962
2.25401
-1.23936
1.24955
0.455013
0.405231
0.0465979
3.14702
1.90921
0.949664
2.21776
5.26271
0.999944
1.06961
-0.348314
0.841518
0.5714
0.313034
0.038225
3.27559
1.56404
0.621405
2.47041
5.52765
1.00357
0.598354
0.539444
0.474636
0.679689
0.246217
0.0472841
2.72997
1.06806
0.538791
3.22963
4.39213
1.66104
1.22168
0.427176
0.450079
0.496092
0.310634
0.078134
2.32442
0.622636
0.442928
3.03335
4.88975
1.79298
0.688331
0.175971
0.948247
0.526287
0.350962
0.0321762
1.97983
0.338161
0.764193
3.58465
4.46019
1.35219
0.778098
0.393842
0.924737
0.818525
0.293979
0.00022105
1.75807
0.253077
1.16544
3.73044
4.00245
0.289761
1.56683
0.696873
0.777751
0.840507
0.12427
0.032537
1.22756
0.100984
1.15012
3.67962
4.22108
0.0234711
1.56975
1.03137
1.06335
0.489318
0.0378887
0.0868213
0.698991
0.0379621
1.05605
3.15806
3.95086
0.567732
2.32517
0.304023
1.96795
0.229665
0.0438996
0.0659864
0.614163
0.459896
0.702537
3.50994
4.13571
-0.161735
2.39151
0.0988462
1.84492
0.234272
0.0595649
0.0745897
0.783988
0.0404213
1.30708
3.23295
4.01623
-0.0374247
2.4215
0.00711999
1.91566
0.210965
0.030914
0.0724375
0.867093
-0.20131
1.78936
3.01359
3.73884
0.433629
2.11148
0.496346
2.0506
-0.0339607
0.00124512
0.107293
0.52468
-0.623667
1.75241
3.44552
3.50145
0.136662
1.96011
1.66782
1.18547
-0.0387368
0.00474311
0.102515
0.385676
-0.737437
1.29596
3.26731
4.31003
-0.25072
2.24472
1.73057
1.05574
-0.126694
0.0668226
0.130554
0.633815
-0.839999
1.12844
2.75625
4.48503
0.263478
2.64172
1.09925
1.26111
-0.167579
0.182385
0.123882
0.683429
-0.791571
1.78482
2.44912
3.75684
0.811256
2.9789
0.433095
1.30096
-0.049184
0.296457
0.102675
0.886402
-0.094162
1.37962
2.24597
4.16232
0.721481
2.97474
0.491122
0.858709
0.106842
0.314017
0.127734
1.21239
-0.36691
1.22825
3.2267
4.02283
1.64204
3.18588
-0.245498
0.687148
0.0674628
0.330349
0.242853
1.80747
-0.166803
2.14721
2.73966
4.06476
1.54939
2.93282
0.256661
0.190694
0.053637
0.425517
0.237273
2.34869
0.500829
2.02118
2.27668
3.92587
0.442461
2.62489
0.568056
0.791865
-0.213203
0.391855
0.188196
2.89895
0.847592
1.85954
2.6926
4.04329
0.368332
2.13036
0.46939
1.35061
-0.25435
-0.022421
0.155517
3.59829
0.864601
1.87417
2.52267
4.19591
0.411622
1.94273
0.394697
1.0462
-0.449423
-0.0507535
0.17303
4.41486
0.969023
1.44303
1.98527
3.9871
0.369282
1.99957
-0.301398
0.589242
-0.588174
0.13242
0.25449
5.31806
0.750868
1.14783
1.30728
2.79017
0.221208
1.63882
-0.146232
0.794542
-0.147256
0.011848
0.200247
6.18135
0.720582
0.38784
1.07228
2.85199
-0.000649562
1.67245
0.566089
0.369941
-0.0438337
-0.0556731
0.132741
6.19044
1.08084
-0.131377
1.22562
2.69597
0.320052
1.21732
1.03009
0.406775
-0.278201
-0.115256
0.0900434
6.29387
0.733281
0.0578239
1.4049
2.21681
0.52923
0.633628
1.2969
1.09449
-0.286356
-0.309618
0.0306885
6.41705
0.551764
0.21826
1.56723
2.29052
0.184227
0.674465
1.50933
1.38381
-0.242214
-0.444707
0.000252407
6.28117
0.768522
0.215658
2.45812
2.97151
-0.0176214
0.183987
2.57292
1.39358
-0.0455188
-0.486122
-0.0653049
6.18898
0.547333
0.404176
2.8785
3.17516
0.24246
-0.110698
2.96562
1.38433
0.00979317
-0.446138
-0.0618706
5.93269
0.265585
0.309326
2.56072
3.26596
0.661666
-0.0541118
2.78185
1.17276
-0.166191
-0.408548
-0.0302566
6.17617
0.0206208
-0.248858
2.51197
3.96366
0.807711
0.45124
2.4704
0.862607
-0.342012
-0.449842
0.00639423
5.99878
0.323454
-1.07668
2.99453
4.42451
0.614881
1.21608
2.01337
0.76807
-0.401261
-0.526456
0.0409297
6.01569
-0.108119
-0.514915
3.10645
4.34939
0.670958
1.09891
2.33613
0.891668
-0.372603
-0.551323
0.00686925
5.87842
-0.188093
-0.0440699
3.02957
3.71731
0.860592
0.917991
3.07065
1.11174
-0.357598
-0.579137
-0.0295234
5.86504
0.223285
-0.391297
2.90767
3.29683
0.929335
1.37849
3.08214
1.14361
-0.45042
-0.621595
-0.00827845
5.55168
0.977722
-0.575584
2.35332
2.93693
1.02989
1.88041
2.75423
1.07064
-0.644392
-0.589319
0.0279892
5.68336
0.574737
-0.477458
2.07477
2.55345
0.849241
2.03949
2.99822
0.942638
-0.801335
-0.515282
0.0751483
6.00853
0.133798
-0.728401
1.87594
2.64704
0.74218
1.68399
3.41278
0.821794
-0.667429
-0.441061
0.0707378
5.79563
0.394742
-0.467618
1.62619
2.7038
0.054067
1.89429
3.3275
0.962397
-0.529066
-0.394556
0.0813271
5.39942
1.04852
0.228801
1.81643
2.5417
-0.0453988
2.33081
2.95705
0.989671
-0.737939
-0.371585
0.119685
4.54169
1.60013
1.60892
2.72723
2.44263
1.02646
2.59789
2.64795
0.981581
-1.0164
-0.241748
0.118236
3.95822
1.5532
2.17835
3.05122
2.65475
1.07665
2.68857
2.01535
0.505204
-0.623724
0.0180781
0.127166
3.83437
0.977856
1.45213
1.90621
3.1387
0.709978
2.1858
1.20003
0.400715
-0.226752
0.301629
0.16342
3.23238
0.860268
0.719456
1.66726
2.27275
0.377914
2.33472
1.67214
1.26215
-0.281182
0.448934
0.0921562
2.92709
0.768024
1.08674
2.64164
2.21175
0.874216
2.17476
1.33578
1.68494
-0.225525
0.0951621
0.0739036
