74
3.36241
2.71062
2.80169
1.42888
3.02482
1.16961
2.44935
1.50857
1.74317
-0.12756
0.147257
0.110198
3.69583
2.69141
2.58027
1.32592
2.91598
1.39839
2.21962
1.25418
1.76965
0.00328763
0.122193
0.0970534
4.02438
2.54416
2.64599
0.780051
2.98884
2.12234
2.3111
1.15929
1.13736
0.330431
0.051195
0.0873499
3.89785
2.71189
2.82962
0.8972
2.99443
2.73631
2.48327
1.90985
0.79561
0.427319
-0.0722808
0.0418404
3.83699
2.91317
2.40018
1.54852
3.38382
2.08812
2.98797
1.66942
1.60554
-0.0342402
-0.0792716
0.0702557
3.87219
2.88349
1.99519
1.8074
3.21209
2.38208
2.88903
1.07771
1.97346
-0.0178149
-0.0604042
0.0527512
3.90723
2.6657
2.20251
1.61135
3.13717
3.02927
2.88211
1.13365
1.5201
0.166891
-0.173499
0.0589203
4.33182
2.34284
2.21433
1.23574
3.7904
3.37656
2.70588
1.49914
0.991165
0.50383
-0.174279
0.0369456
4.71458
2.21904
1.24761
0.717616
2.74538
2.16814
2.24301
0.914872
1.54377
0.40604
0.0303296
0.0264411
4.9193
1.16367
1.61561
0.316936
0.905258
0.257512
2.50349
1.62747
2.16652
0.535179
0.0382334
0.0565349
5.38855
0.544112
0.426796
0.161857
2.0932
0.657879
1.96625
2.01106
1.71248
0.610272
-0.00806173
-0.0136317
5.97578
0.375231
-1.30222
1.09013
3.87724
1.01853
1.60758
2.24829
1.08332
0.462053
-0.162813
-0.0285126
6.07151
-0.117725
-1.86978
1.72631
4.49378
0.714677
1.93843
1.74212
1.24125
0.292422
-0.244568
0.006292
5.68925
-0.061334
-1.90713
2.04349
4.97082
0.628646
1.98643
1.55408
1.10645
0.180245
-0.326942
0.0380688
5.88122
0.0149836
-1.65829
2.43858
5.709
0.598141
1.85725
1.82938
0.796531
0.175076
-0.422447
0.0683113
5.62762
-0.281239
-1.78735
3.05567
5.71024
1.04852
1.20966
2.07439
0.628936
0.112808
-0.427384
0.0477515
5.8981
-0.722258
-1.91952
3.1386
6.14834
0.854473
1.00595
2.1066
0.746305
0.0528737
-0.496909
0.0324353
5.93558
-0.632743
-2.13158
2.87596
5.42674
0.630937
1.11934
2.06779
1.06243
0.0556526
-0.481198
0.00393168
6.53246
-0.757994
-1.96301
1.95532
5.80401
0.146315
1.65333
1.91442
1.02617
0.16086
-0.537701
0.0299056
6.22238
-0.377341
-2.01666
1.7876
4.80155
0.657284
1.34154
2.28909
0.972547
0.0270143
-0.46644
-0.0129565
6.43418
-0.626725
-1.25818
1.81625
4.89094
0.496632
0.875144
2.71909
1.01652
0.0352652
-0.496347
-0.0647744
6.07874
-0.327188
-0.983208
2.5623
4.99521
-0.43907
0.513693
2.83457
1.34731
0.364393
-0.594948
-0.108293
5.9755
0.133979
-0.951003
2.80209
4.7139
-1.27437
0.0941492
2.83646
1.71817
0.735347
-0.604222
-0.124586
6.03983
0.57101
-0.844179
2.79096
4.55385
-1.48535
-0.0694975
3.01532
1.68254
0.900895
-0.597271
-0.121363
6.12569
0.468712
-0.524282
2.71219
4.47436
-1.53117
-0.296668
2.9662
1.6283
0.909715
-0.526967
-0.142418
6.14631
0.106059
-0.145565
2.65737
4.61128
-1.18577
0.0625644
2.34316
1.39996
0.659045
-0.497196
-0.140087
6.03735
0.175652
0.00366932
2.74491
4.08639
-1.26634
-0.0104455
2.10259
1.40915
0.592342
-0.392126
-0.101852
6.22835
0.452335
-0.492492
2.76291
3.21454
-1.41929
0.110432
1.73966
1.76989
0.542817
-0.279284
-0.0664905
6.46565
0.404705
-1.04819
2.94661
2.56464
-0.984778
0.533767
1.3691
1.71819
0.327267
-0.106871
-0.0331668
6.53697
0.36677
-1.26172
3.0181
2.72776
-0.167912
0.706784
1.2699
1.19522
0.0334249
-0.072008
0.0300179
6.56459
0.0971388
-1.07761
3.14596
3.3389
0.216299
1.02099
0.909423
0.879393
-0.185405
-0.108918
0.0643453
6.52378
0.0509476
-0.600139
2.41716
3.63584
0.432669
0.677293
0.889286
0.72771
-0.024908
-0.0545433
0.101944
5.93036
0.500154
-0.433555
2.37793
3.61108
-0.212337
0.460854
0.78031
0.939794
0.258162
0.0736975
0.105896
5.33926
1.08445
-0.439864
2.68704
3.97031
-1.01479
0.226228
0.790185
1.27327
0.698638
0.0309939
0.0591528
4.92808
1.15838
-0.212565
1.83558
4.86752
-0.514206
0.286199
0.449574
1.35951
0.696371
-0.0428887
0.0570366
3.80617
1.29249
0.403262
1.77208
5.37696
-0.0401444
0.400723
0.368623
1.37386
0.356055
0.065383
0.0430968
2.94708
1.18128
1.38459
1.78275
4.91813
0.949013
0.95566
0.293142
1.39653
-0.0248609
0.161648
0.0642838
2.81463
1.33331
1.0041
2.68945
3.11016
1.11778
1.43745
0.99873
0.772557
-0.248463
0.443189
0.085338
2.73953
1.42562
0.316871
2.9861
2.42613
0.426716
1.12248
0.680534
1.37355
0.228216
0.603333
0.0015545
2.80449
0.995797
0.880825
2.31245
1.43985
1.60907
1.04032
-0.305951
2.11813
0.544532
0.551809
-0.0334711
2.73605
0.6777
1.35147
2.11488
1.32885
1.17187
1.20977
-0.426466
2.53631
0.319813
0.456256
0.0128977
2.2435
0.731748
1.54936
2.53582
1.76367
0.111315
1.16827
0.296116
2.50793
0.181478
0.323145
0.0105909
1.91037
1.3775
1.12318
3.32333
2.35961
-1.02651
0.342902
1.18153
2.06202
0.693113
0.583677
-0.0403954
1.82881
1.19165
1.57506
2.60994
2.91507
-0.797508
0.785074
0.970666
1.53508
1.15736
0.376757
-0.0419665
1.6792
0.768919
1.84914
2.11376
3.36616
-0.486368
0.87947
1.05313
1.91748
0.702403
0.365223
-0.0432628
1.74342
0.632847
2.27928
1.65111
3.30446
-0.6529
0.88329
1.30347
2.40412
0.22794
0.447388
0.0207827
1.68186
1.12619
2.48883
1.20588
2.83365
-0.635337
1.31973
1.20665
2.02019
0.27835
0.421296
0.0466673
1.77969
0.70659
2.41899
1.86978
2.14008
-0.54668
0.938901
1.68634
1.31467
0.462646
0.62056
-0.027054
2.06361
-0.0772151
2.33982
2.51296
1.96157
-0.261675
0.45474
1.46925
1.53968
0.611679
0.516779
-0.0630455
2.1862
-0.208898
2.03448
2.76121
2.55671
-0.3176
0.88896
0.690069
1.82172
0.419797
0.219085
-0.0275625
2.37305
-0.04893
1.94891
2.37467
3.0207
-1.20779
1.58339
1.00929
1.30034
0.122073
0.3164
0.0786818
2.79876
-0.104138
1.24571
2.47836
3.15419
-1.54568
1.65013
1.62674
0.687008
0.115059
0.189111
0.111374
3.11228
-0.11425
1.22371
1.76302
3.25204
-1.43883
0.783183
2.23524
0.743311
0.502664
0.0888744
0.0276474
3.55774
-0.31585
1.18984
0.936653
3.43972
-1.14089
1.18915
1.44255
1.04528
0.733774
-0.0828885
0.0215343
3.85209
-0.205685
0.293346
1.01147
4.06927
-0.950877
0.974578
1.054
1.68644
0.431649
-0.301444
0.0257154
4.58938
-0.49604
-0.274876
0.700404
4.75584
-0.0934269
0.534598
0.999571
1.26015
0.166634
-0.331135
0.0519812
5.59504
-0.94312
-0.79706
0.916883
4.73329
0.248635
0.109277
1.02257
0.889719
0.181241
-0.294478
0.0287992
6.09817
-1.32335
-1.08538
1.36934
4.22456
0.0780112
0.479135
0.678489
1.04789
0.196533
-0.372138
0.0143263
6.69175
-1.6644
-1.02321
0.778509
3.77039
0.0240293
0.659758
0.770444
0.872996
0.250475
-0.368439
0.0384774
6.80605
-1.65673
-1.04474
0.50869
3.1327
0.354194
0.192456
1.16033
1.10308
0.075718
-0.313388
0.0140487
6.82402
-1.59963
-0.983628
0.769424
2.56173
0.742145
-0.0643712
1.53894
1.35635
-0.128146
-0.346576
-0.0088512
7.21279
-1.89518
-1.01535
0.643833
3.2839
0.717509
0.223707
1.93979
1.04506
-0.301657
-0.408455
-0.0201664
6.89291
-1.28197
-1.81955
1.15281
3.36942
0.757143
0.753388
1.9462
0.953847
-0.402545
-0.459414
0.00931029
7.30473
-1.61295
-1.59064
1.20451
3.11524
0.869411
0.972883
2.112
1.04028
-0.430942
-0.468587
0.010417
7.0812
-1.35857
-1.64234
1.43988
3.0625
0.509086
1.06573
2.25008
1.2437
-0.338748
-0.54436
-0.0439176
7.30556
-1.50104
-1.33846
1.19458
3.58503
-0.277184
1.34224
2.54938
1.18648
-0.292613
-0.692526
-0.0654154
6.18888
-0.345137
-2.0134
1.62435
2.81775
0.382234
1.60095
2.75198
1.33441
-0.469029
-0.629095
-0.0411652
6.35581
-0.29892
-2.0294
1.03141
2.47857
-0.0659639
2.92957
2.88195
1.77034
-0.542258
-0.5965
0.0163324
5.41361
-0.35609
-1.4284
1.28907
2.78264
0.110458
2.5234
2.76116
2.14836
-0.25867
-0.524247
-0.00138392
5.11037
-0.0586553
-0.833947
2.15962
2.87686
-0.519155
2.335
2.8422
2.19654
-0.173325
-0.431763
0.0431966
4.95369
0.238772
-0.372122
2.31418
2.57243
-0.149415
2.37574
2.31244
2.19544
-0.278066
-0.298231
0.0713249
5.16707
0.585144
-0.450193
1.68541
3.3325
0.601109
2.01516
1.49627
1.92383
0.0193811
-0.277468
0.0242285
4.83694
1.16581
-0.297639
1.23007
3.14204
1.19436
1.15851
1.74357
2.06587
-0.187623
-0.330355
-0.0440435
4.47447
0.935859
-0.520701
1.28663
2.94494
1.15593
1.4213
1.61529
2.16597
-0.364606
-0.189842
0.00489786
