92
2.64552
1.60714
2.42121
1.42142
3.15965
1.27519
1.67267
1.5268
1.20708
0.240825
0.41847
0.105629
3.14162
1.94985
2.39979
1.71648
3.34278
1.83589
1.56185
1.18235
1.42067
0.54485
0.105186
0.0924096
3.54274
2.65553
2.8159
2.08821
3.95145
1.85049
1.83759
0.855855
1.32134
0.370925
0.199586
0.109648
3.65645
3.07955
2.89203
1.95415
3.97822
2.07078
2.25266
1.2027
1.32875
0.256937
0.123525
0.0987836
3.69195
2.93644
2.95279
1.96558
3.24133
2.48203
2.88943
1.76181
1.67267
0.251151
-0.117398
0.0833151
3.71534
2.53843
2.60603
2.0596
3.09304
2.82304
2.57712
1.553
1.53956
0.567252
-0.23533
0.0616592
4.09903
2.67897
2.40758
2.33224
3.32299
2.31681
3.31038
1.14251
1.80177
0.224693
-0.105537
0.0731184
4.0846
3.19975
2.47578
2.05352
3.42397
2.43678
3.1705
1.11279
1.61248
0.186548
0.0275645
0.0826945
3.74609
3.38429
3.40726
1.83218
3.29105
2.26222
3.0758
1.82855
1.20387
0.0635324
0.142911
0.0904612
3.91021
2.39579
2.61539
1.65421
3.73278
2.46509
2.32812
1.82235
1.1435
0.419461
-0.132594
0.0543601
5.09812
1.73362
0.701544
1.15895
4.02728
2.09593
1.4313
1.73132
1.2769
0.951398
-0.120176
-0.11047
5.96215
1.34091
-1.36736
1.88815
5.02485
0.679982
1.88507
1.92012
1.25464
0.820053
-0.33802
-0.0296146
5.65919
0.888428
-1.20331
1.59547
4.51942
0.646884
1.63505
2.50658
1.14738
0.69934
-0.390616
-0.0574907
5.60956
0.546813
-0.908144
1.94417
3.61649
0.791664
1.23394
2.94094
1.36055
0.663452
-0.312218
-0.102956
5.84522
0.313867
-1.00591
2.16361
4.49581
1.25309
1.13978
2.80244
0.882527
0.408681
-0.338224
-0.0611259
6.30117
0.394973
-1.16868
2.28472
5.3264
1.27185
1.28011
2.70908
0.745235
0.426464
-0.346114
-0.044005
5.97823
0.757185
-1.1651
2.23808
4.35599
0.824288
0.881759
2.68994
1.24732
0.722206
-0.388835
-0.114672
5.72966
0.497508
-1.07261
2.30797
4.31303
0.741213
0.974983
2.43615
1.27841
0.538291
-0.417775
-0.099253
6.02512
0.167878
-0.959322
2.84077
5.21608
0.752645
1.18395
2.43236
1.02351
0.191368
-0.473384
-0.0171814
6.5577
0.207216
-1.43204
2.55484
4.98627
1.04874
1.19924
2.43406
1.09754
0.0358609
-0.480003
-0.011283
6.15997
0.658248
-1.81739
1.907
3.40908
1.18167
1.55207
2.03527
1.39285
0.00656024
-0.388854
-0.03596
5.94781
0.985452
-1.85505
1.48582
2.36914
1.48198
1.75287
1.66744
1.8519
0.0277543
-0.321782
-0.103155
6.2772
1.05681
-2.52037
1.42428
2.06935
1.73642
1.95692
1.27497
1.98456
0.0391506
-0.252237
-0.153735
6.37937
1.03153
-1.43853
1.50161
2.81714
1.88676
2.03455
0.731727
1.60131
0.0503737
-0.311115
-0.130526
5.57064
1.65751
-0.933808
1.90008
3.70589
1.88196
1.34409
1.43075
1.29553
-0.0983827
-0.446748
-0.0924117
5.67713
1.87674
-0.82622
1.68593
3.77358
2.07779
1.41272
1.19836
1.21732
-0.0890104
-0.376782
-0.0905985
6.18753
1.9574
-1.33094
1.68854
3.23932
2.05073
1.56928
0.665895
1.4765
-0.0166148
-0.254838
-0.124343
6.10069
2.03295
-1.29937
1.73281
2.96968
1.5059
1.77931
0.825225
1.57433
-0.257285
-0.263711
-0.0784127
5.80919
2.36822
-0.50202
1.63239
2.98491
1.48656
1.05195
0.867031
1.74252
-0.203051
-0.256179
-0.088016
5.80296
2.59514
0.13802
1.88929
3.1085
0.772942
0.852359
0.238958
2.22271
0.246889
-0.12916
-0.128432
6.02293
2.14956
0.834738
2.27303
3.06062
1.55313
1.43719
-0.221794
2.08057
0.260115
-0.207643
-0.114218
6.07062
2.21445
0.985284
2.97936
2.52837
2.49877
1.31454
0.0348159
1.73282
0.238538
-0.184966
-0.107358
6.13648
2.82003
0.534639
2.79417
2.98036
2.03278
0.984444
0.514735
1.46421
0.143135
-0.10354
-0.0898478
5.88573
3.18206
0.765356
1.99825
3.30051
1.44808
1.27972
0.799141
1.09766
0.0542797
-0.0835498
-0.037722
5.54739
3.09109
0.763807
2.33643
3.30618
1.75159
0.986059
0.68233
1.16394
0.0551438
-0.0451792
-0.0491936
5.6233
3.07081
0.514453
2.34659
2.91998
1.99943
0.895537
0.424339
1.13113
-0.0385946
0.0174664
-0.0390189
6.32201
3.00952
0.610466
1.51174
2.94627
1.94813
1.41776
0.00859341
0.81701
-0.0291236
0.052258
0.00925656
5.83537
2.75034
0.635466
1.49832
2.99973
2.25784
1.78988
-0.172123
0.638772
0.100021
0.177611
0.0416761
5.25079
2.51019
0.730865
1.51943
3.40818
2.82746
1.87023
0.288806
0.299231
0.239267
0.139523
0.037603
5.32878
2.84772
0.840066
1.07469
3.46337
2.86738
2.01005
0.262713
0.353389
0.0670801
0.141831
0.0588962
5.82447
2.52942
1.21016
0.679279
2.35551
3.01756
1.90834
0.118129
0.240129
-0.0351701
0.163458
0.108041
5.46622
1.86479
1.87898
0.352581
3.07678
2.64591
0.981873
1.08893
-0.193509
0.383811
0.346239
0.0230092
4.64306
1.51429
1.78316
0.780995
3.78986
2.03093
0.743607
1.69453
-0.244065
0.172475
0.282287
0.0175026
3.91059
1.15236
1.72585
1.15591
4.20206
1.42906
1.72785
0.873676
-0.0479861
0.260493
0.15106
0.0940836
3.78494
1.08228
1.67828
0.974017
4.82922
0.193694
1.63667
0.130466
0.469379
0.651958
0.095315
0.149942
3.64632
0.99938
2.13578
0.770339
4.17359
0.8094
0.75343
-0.107581
0.901452
0.659686
0.277244
0.0899987
2.95014
1.08588
2.19833
2.06637
3.51243
1.66847
0.524094
0.015658
1.16877
0.530057
0.184554
0.00706443
2.50714
0.390667
2.15095
2.7776
4.54187
1.28449
0.427095
1.19028
0.786331
0.290335
0.120438
0.045049
2.20797
-0.0920313
2.51543
2.85785
4.0313
0.595293
0.263031
1.5904
1.25661
0.440047
-0.005721
0.0232122
1.59958
0.398561
2.46333
3.6069
3.20194
-0.313416
0.537838
1.14187
2.01645
0.148848
0.355579
-0.00428127
1.42214
0.63757
1.94738
3.91452
3.8339
-0.97007
1.19884
1.12749
1.73073
-0.0815544
0.486476
0.0277193
1.22349
0.261144
2.23861
4.02229
4.21591
-0.691506
1.95031
0.28101
1.59713
0.272314
0.199699
0.0634016
0.837895
0.457047
2.03359
3.96546
4.1382
-0.291674
1.96611
0.756804
1.33897
-0.0690052
0.483612
0.066091
0.736879
0.491688
1.5973
3.69474
3.74278
0.0556637
1.91415
1.0264
1.06644
0.142929
0.597096
-0.00594062
0.876724
-0.264141
1.97663
2.63236
3.7022
0.150513
2.7637
0.545023
1.05749
0.150252
0.286088
0.108629
0.685488
-0.381086
2.05619
2.3341
3.8552
0.28014
2.91238
0.58804
1.18495
0.193783
0.300338
0.096832
0.651461
-0.427884
2.05358
2.28033
3.62692
0.453756
2.52953
0.944232
1.47051
0.0856982
0.174992
0.0747924
0.516183
-0.826982
2.22765
2.52911
3.8981
0.935344
2.33427
1.084
1.2
0.0160752
0.0339105
0.196279
0.610409
-0.737673
2.46089
2.39802
3.96512
0.109634
2.86512
1.3827
0.924053
-0.221668
0.0882276
0.274649
1.12689
-0.625858
1.84423
2.33681
4.46907
-0.417721
3.02493
1.03095
0.80036
-0.381984
0.138545
0.308396
1.31131
-0.720979
1.68365
2.42704
4.65556
0.326936
2.6259
0.601836
0.738976
-0.358813
0.0522232
0.325568
1.55156
-0.582044
1.99583
2.01055
4.67941
-0.277742
2.59468
0.861292
0.755044
-0.356529
0.0809412
0.297333
2.03638
-0.895486
2.53415
1.82737
3.71018
0.10362
2.7807
0.770446
1.17923
-0.304757
-0.0572043
0.306148
2.22346
-0.591845
2.68825
1.82684
2.86927
0.236122
2.76867
0.61337
1.20777
-0.0171597
0.0329317
0.193457
2.61452
0.00854909
1.7183
1.3646
3.45397
0.219516
2.67872
0.542435
1.06453
-0.230134
0.182094
0.186384
2.85081
0.0751852
1.14918
0.927636
4.404
0.715945
2.44674
0.638882
0.513388
-0.423443
0.176026
0.231725
3.49166
0.148851
0.883566
0.517899
5.37918
0.883355
1.59986
0.368246
0.653156
-0.0513532
-0.110299
0.187072
4.28815
-0.0043284
0.697738
0.346682
5.34148
0.437222
0.822038
0.457636
1.33836
0.103394
-0.225942
0.172106
5.0889
-0.122955
-0.248371
0.576543
4.83104
0.14907
1.35184
0.52346
1.24838
0.0580524
-0.277104
0.214859
5.56442
0.180676
-1.04577
0.591502
4.56689
-0.0740668
1.45466
0.873616
1.00295
0.0232005
-0.212777
0.210226
5.87316
0.210806
-1.13767
0.490434
4.48481
0.187163
1.11839
1.00089
0.971076
0.20688
-0.192736
0.138606
6.39012
-0.518098
-0.751514
1.1243
4.23067
0.15194
0.520282
1.64864
1.18914
0.316081
-0.26951
0.0162761
6.01953
0.0468713
-0.892841
1.34056
3.48974
0.754422
0.465082
1.71912
1.47292
0.224655
-0.233656
-0.00666584
6.48035
0.133252
-0.504134
0.62833
3.87004
0.584601
0.625704
2.11623
1.219
0.234991
-0.24898
0.0017175
6.29942
0.498646
-0.0404822
0.225215
3.63245
0.65387
0.676395
2.52275
0.833712
-0.0487075
-0.216876
0.019122
6.86257
0.311345
0.179085
-0.103601
3.92551
0.775918
0.849012
2.46565
0.337131
-0.0652891
-0.142729
0.0235562
5.95409
1.0083
-0.237785
0.757468
3.08575
1.43892
0.592526
1.72971
0.83465
-0.213364
-0.185166
0.0313707
5.92934
0.867928
0.519276
0.685845
2.83009
0.671702
0.493103
2.06648
1.49213
-0.278532
-0.36543
0.0105672
5.92038
1.079
1.46541
0.4832
2.7308
0.313111
0.403891
2.19399
1.95456
-0.261736
-0.480231
-0.004809
5.70751
1.39406
1.66064
1.71926
3.04673
-0.217481
0.676029
2.62031
1.84688
-0.0502136
-0.546548
-0.0591892
5.29803
1.35771
1.3426
2.85868
3.29629
-0.512828
0.810014
2.81746
1.5184
0.0572664
-0.553984
-0.0398386
5.26668
1.0712
1.42128
2.64206
3.5702
-0.261659
0.78911
2.60315
1.37875
-0.106471
-0.500154
-0.00154581
5.41115
0.60379
0.750229
2.87046
3.72435
0.280462
1.19674
2.61901
1.19976
-0.304989
-0.483495
0.0392089
5.25661
0.736523
0.0677997
2.86913
3.38725
0.969408
1.80117
2.53006
1.22027
-0.587633
-0.521652
0.0639224
5.38465
0.506213
0.161928
2.59407
3.30019
1.40243
1.79158
2.54954
1.21753
-0.653361
-0.530543
0.0702901
5.22557
0.0710549
0.260335
3.05589
3.47806
0.989291
2.18246
2.70106
1.14633
-0.601536
-0.540162
0.0784639
4.67008
0.531666
0.389589
3.40977
3.34219
0.915276
2.4727
2.67345
1.09545
-0.638993
-0.488861
0.103389
4.54308
1.58989
0.918481
2.90043
2.7446
0.696239
2.41758
2.40296
1.35423
-0.762236
-0.317246
0.0863924
4.68733
1.97017
1.71688
2.78004
2.04087
0.427221
2.88629
2.06978
1.33095
-0.639111
-0.17144
0.05874
3.95238
1.84718
2.16563
2.8303
1.49072
0.746062
2.79479
1.12415
1.51748
-0.162611
-0.0976371
0.0187724
3.75207
1.60108
1.49048
2.87505
1.7894
-0.0877644
2.47543
1.46988
1.17545
-0.390771
0.108725
0.0927734
3.57524
1.35957
0.981639
3.21219
2.19826
-0.471888
2.13197
1.04873
1.24881
-0.680044
-0.0262148
0.0818894
