152
2.63086
1.85288
2.17377
0.585878
2.07725
0.727461
1.31679
0.252585
0.417991
0.253415
0.529717
0.0978282
2.7569
1.82226
1.99216
0.868621
2.35705
0.0179598
0.735497
-0.116028
0.253414
0.173486
0.57935
0.112794
2.66777
1.7009
2.29175
0.999008
2.35911
0.506955
1.35187
-0.166845
0.857968
0.35785
0.502959
0.115038
2.52833
2.18007
2.5026
1.23447
1.99388
1.43488
2.22324
0.963125
1.1919
0.210084
0.546093
0.093558
2.98481
2.11237
2.13436
1.76703
2.05687
1.33009
1.7084
1.31023
1.24554
0.0589944
0.685281
0.115895
3.33682
2.17519
2.4367
1.64671
2.80838
0.89489
1.62253
0.991224
1.07608
0.37663
0.505617
0.132452
3.14916
2.28702
2.55804
1.87128
2.90537
1.45144
2.28751
0.693266
1.09236
0.520976
0.389936
0.134661
3.13089
2.17064
2.7956
1.68099
2.88449
1.79512
2.40806
0.908885
0.847624
0.327369
0.451419
0.140213
3.33552
1.95758
2.46813
1.69781
3.03672
1.49261
2.12894
1.01237
0.890305
0.299871
0.461494
0.147103
3.36063
1.85223
2.87837
1.76625
4.07505
0.808818
0.962706
0.791088
1.0632
0.669141
0.37852
0.116906
2.76564
1.99796
2.86954
1.67941
3.79978
1.2976
1.11978
0.546331
1.35085
0.763056
0.405049
0.108023
2.49485
2.28988
2.66489
0.859792
3.23299
1.49263
2.09937
0.882687
1.26941
0.35914
0.539131
0.127011
2.43454
2.83
2.28673
0.987748
2.47551
1.34692
2.63934
0.948574
0.685909
0.374026
0.77579
0.0865573
2.11632
2.64224
1.71823
1.30123
3.29862
1.5083
2.15554
0.846864
0.521607
0.620572
0.695363
0.0827995
1.6479
2.30739
1.60127
1.08074
3.39058
1.74434
2.42441
1.20982
1.03547
0.543492
0.278659
0.109536
1.77669
1.73082
1.22611
1.52658
2.51962
1.64569
2.59624
1.35833
1.46093
0.671663
0.043033
0.079362
1.67959
1.80088
0.504174
1.56194
2.46085
1.30775
2.2932
1.70093
0.931764
0.62291
0.243739
0.0263419
1.43912
1.82786
0.615706
1.5193
2.2679
1.24668
2.74002
1.64096
0.796748
0.529963
0.355392
0.00603372
1.76723
1.21759
0.00262005
1.63272
1.58843
1.80324
3.43655
1.45362
1.17813
0.413627
0.362246
-0.0829139
2.3357
0.884955
0.477228
2.02761
0.940964
1.72311
3.87192
1.15545
1.28221
0.778825
0.0129951
-0.0856258
3.05861
1.0129
0.417657
1.65568
0.828974
2.41206
4.18433
1.12472
0.787202
0.633105
-0.00554625
-0.0538046
4.0456
0.70261
-0.00485819
1.61858
1.16306
3.449
3.06316
1.25127
0.991488
0.286443
-0.181019
-0.0256451
4.61025
0.349254
0.460572
1.54093
2.5831
2.53085
2.6819
1.16325
1.53505
0.344763
-0.395799
-0.0784808
4.99899
0.237902
-0.0654981
2.34967
2.84213
2.18273
2.60485
1.27294
1.59594
0.404611
-0.422505
-0.141324
5.2068
-0.143923
-0.257478
2.93846
2.81667
2.01408
2.47472
1.6757
1.3692
0.379806
-0.400274
-0.147867
5.25454
-0.360528
-0.417666
2.92944
3.06319
2.01413
2.06037
2.02407
1.2307
0.34603
-0.39666
-0.133088
5.52925
-0.613852
-0.508017
3.02526
3.4666
1.97624
1.93375
2.15998
1.06996
0.313907
-0.328468
-0.118554
5.38718
-1.01086
-0.713899
3.4177
3.29937
1.50082
2.20414
2.11286
0.984406
0.205343
-0.24234
-0.0841521
5.23416
-1.29896
-0.36945
3.56498
3.13151
1.24064
2.43416
2.17571
0.812718
0.138354
-0.183785
-0.063473
4.97637
-0.959831
-0.0511386
3.80969
3.30112
1.29197
2.21252
2.43142
0.695565
0.184937
-0.223435
-0.0533947
4.50176
-1.00705
0.174263
3.78734
3.06821
1.59526
2.24743
1.90761
0.68383
0.400106
-0.199859
-0.0697086
4.62798
-1.31518
0.0485682
3.60169
3.14104
1.98091
1.99807
1.554
0.803476
0.370322
-0.138153
-0.0399193
4.99607
-1.18326
-0.298989
3.01755
3.8378
2.07076
1.55173
1.82752
0.999848
0.223794
-0.212307
-0.0147415
5.01851
-1.02036
0.252174
3.32376
3.11365
1.90432
2.13855
1.96512
1.03719
0.242364
-0.324659
-0.0644177
4.65658
-1.12049
0.51122
2.99542
3.04056
2.5141
1.64993
1.69729
1.12776
0.359215
-0.284417
-0.0458267
4.58458
-1.63373
0.712419
3.40028
3.55894
2.21065
1.4814
1.34183
0.977043
0.425094
-0.0536459
0.0163072
4.27312
-1.72707
1.46295
3.09587
3.32103
2.39826
1.25352
1.73549
0.861317
0.368871
-0.0483963
-0.00732464
4.38147
-1.45368
1.22415
3.2321
3.11296
1.8631
1.43645
2.91064
0.575293
0.13279
-0.129251
-0.0402882
4.49454
-1.08018
0.95612
3.56132
2.97273
1.46345
2.458
2.60426
0.343178
0.291069
-0.155234
-0.0562882
4.46391
-0.916901
1.37062
3.57054
2.671
1.19173
3.4284
1.95297
0.280585
0.268603
-0.157967
-0.0356935
4.42892
-0.75903
1.36164
3.90817
2.7041
1.88649
2.86384
1.6463
0.122358
0.162208
-0.0282359
0.0249499
4.63441
-0.340487
1.54852
3.89749
2.36339
2.30446
2.798
1.9704
0.185957
0.0237328
-0.160957
0.0139569
4.86774
0.0730695
1.61718
2.94059
3.67132
2.84703
1.88127
2.10275
0.412327
-0.0474605
-0.233822
0.00530447
5.06817
0.0692889
1.2053
3.30665
3.70581
2.23742
1.97383
2.17479
0.647836
-0.0530125
-0.393478
-0.0311503
4.7439
0.557793
1.02073
2.97468
3.80761
1.97888
1.78454
2.23574
0.831813
0.0135598
-0.575079
-0.0703493
5.11703
0.369625
1.43988
3.19831
3.8981
1.97621
1.31438
2.57681
0.971481
-0.283178
-0.547934
-0.0341907
5.26941
0.608178
1.60407
4.02978
3.58226
1.87012
1.47717
1.79624
1.18289
-0.48514
-0.470797
0.051873
5.69639
0.838277
1.28987
4.14163
3.48497
1.45549
1.84458
2.00055
1.02289
-0.677173
-0.467452
0.0647451
6.18916
0.461956
1.52668
3.51427
4.0191
1.0565
1.3285
2.51043
0.854662
-0.597376
-0.471853
0.0379793
5.82498
0.197599
2.44362
2.75987
1.56861
1.77701
0.64166
1.83707
1.73182
-0.622209
-0.727832
0.0129484
5.99749
-0.488288
2.5536
1.80635
0.713667
1.83404
0.400364
1.80508
2.24256
-0.513877
-0.853279
-0.0139359
6.39649
-0.511384
1.65287
1.53406
0.81557
2.20474
-0.132346
1.59867
2.24908
-0.379863
-0.816426
-0.0502484
6.64552
-0.567738
1.22238
1.48872
1.3519
1.89126
-0.25495
1.25947
1.82789
-0.375609
-0.689532
-0.0347823
5.74122
0.0142742
0.467235
1.72007
2.66298
0.280575
0.406862
0.618814
0.93814
-0.529298
-0.37173
0.0911707
5.9741
-0.17887
0.458005
1.812
2.37244
-0.357266
0.369737
0.701809
0.67806
-0.493875
-0.212077
0.154358
6.84155
-0.686838
-0.1175
2.27823
1.89763
0.0476343
-0.504729
1.06817
0.625077
-0.367453
-0.0970906
0.128639
6.58811
-0.49989
-0.213343
1.99142
1.52269
-0.0137932
-0.658709
1.00467
0.629952
-0.360557
-0.044471
0.15387
6.53043
-0.485925
0.0251382
1.75258
1.41144
-0.212566
-1.0689
1.14908
0.79121
-0.251177
-0.0318008
0.106807
6.77624
-0.417429
0.589584
1.28584
1.61329
-1.13101
-0.892609
1.40814
0.786026
-0.17852
-0.0317501
0.0771219
6.59283
-0.177161
0.264204
1.19063
0.992581
-0.488625
-0.794587
1.23363
0.813345
-0.272799
0.00618519
0.133689
6.4402
0.62296
-0.52025
0.940666
1.90556
-0.521269
-0.752232
1.31516
0.369152
-0.0543703
0.177851
0.162724
6.23529
1.20626
-0.179494
0.343089
2.58352
-0.259285
-0.441516
1.4184
-0.118959
0.35564
0.451134
0.181744
5.95575
1.24971
1.17973
-0.857423
3.38134
0.26379
-0.351843
0.918877
-0.303584
0.782444
0.612711
0.0960419
5.95968
1.1677
2.15551
-0.398491
3.35822
0.463556
-0.567376
0.40618
0.130053
0.642699
0.358207
0.0554284
5.55799
1.93507
2.38318
0.522741
3.34458
-0.359372
-0.504366
0.548
0.340079
0.83336
0.205965
0.0176491
5.35573
2.17412
2.17121
-0.447253
3.18643
0.509944
0.0835476
0.337784
-0.174943
0.693143
0.442293
0.107384
5.47032
2.39221
2.07662
-0.855306
2.825
1.36778
-0.0781313
-0.301245
0.103902
0.62565
0.605218
0.172215
5.6393
2.49768
1.88158
-0.743154
3.62635
0.153819
-0.20497
-0.0454931
-0.0552569
1.07476
0.455192
0.113088
5.65569
2.82364
1.84729
-0.379818
4.35621
-1.20998
-0.770161
0.558465
0.3344
1.37961
0.115305
0.0213749
5.9417
2.53957
1.80738
0.286006
3.85702
-1.39536
-0.825673
0.597966
0.454986
1.44524
0.164768
0.0224709
5.69759
2.18483
1.0176
0.0851102
3.9247
-0.273563
-0.918782
0.128424
0.538672
1.00669
0.364194
0.0540548
4.99733
2.47128
2.05217
-0.147931
4.10699
-0.662959
-0.465908
0.230014
0.499186
1.16285
0.246382
0.0671757
4.7225
2.1536
2.80527
-0.146305
3.86421
-0.757899
0.22571
0.276228
0.140807
1.44629
0.196472
0.114585
4.50882
1.30028
3.19788
-0.688672
3.57203
0.227767
0.962085
-0.254532
-0.364839
1.62162
0.40211
0.183943
4.16996
1.02498
3.00856
-0.848763
3.59018
1.21559
0.818892
-0.0332236
-0.148844
1.28828
0.676569
0.182104
3.99933
0.995375
2.25589
-0.766627
3.55481
0.858315
1.06709
0.545249
0.0469535
0.940844
0.946413
0.235233
4.21562
0.701949
1.62124
0.707529
1.81361
0.446541
2.25963
0.564279
0.255993
0.70325
1.00395
0.253222
3.86171
0.704858
2.13568
0.0955759
1.40573
0.72107
3.01156
0.657887
0.372312
0.0837097
0.790215
0.257079
3.57592
1.31285
2.79249
-0.461483
1.70048
0.378738
2.6134
0.779099
-0.0139612
0.0064384
0.794789
0.206643
3.59845
1.81951
2.81071
0.455684
1.07284
0.705723
2.33476
0.597703
-0.279496
0.555104
0.451
0.0533801
3.32282
1.43985
2.39158
0.17763
-0.0418568
0.718967
2.71198
1.08592
-0.222746
0.691284
0.246469
-0.0484772
3.55249
0.268351
1.71473
-0.791024
-1.07092
0.729105
2.17916
1.44362
-0.246902
0.362967
0.336491
-0.0280425
2.78001
-0.0425747
2.81068
-0.0632808
-0.835366
0.683466
1.46928
1.38424
0.236651
-0.109788
0.232782
0.0241467
1.44143
-0.00815753
3.36107
1.26226
-0.59793
0.172911
0.893416
1.3755
0.81762
0.0821232
0.288415
0.0210206
1.22677
-0.384355
3.92428
1.09561
-1.34442
-0.671482
1.53359
0.834162
0.988503
0.172059
0.459714
0.0572264
1.17386
-0.490558
4.20067
1.16062
-1.92793
-1.00374
1.73782
0.337029
1.21616
0.387239
0.568842
0.0639018
0.704366
-0.988762
3.58835
1.59012
-1.78983
-1.64697
1.66308
0.416704
1.06564
0.270619
0.481421
0.0330163
0.403722
-1.37496
3.0372
1.62409
-0.477021
-0.876096
1.07785
0.0888632
0.726629
-0.264639
0.414072
0.0380724
-0.0525376
-1.25611
3.49886
1.84975
0.947338
0.611956
0.916179
-0.177684
0.051349
0.0537251
0.273829
0.0457475
-0.273169
-0.598836
3.25441
1.15645
0.576024
0.494442
1.82355
0.45259
0.144077
-0.25862
0.26886
0.0190978
-0.209409
-0.492646
3.29173
1.39915
-0.121963
0.665042
2.04444
0.839171
0.434629
-0.76569
0.276087
0.0115904
-0.221517
-1.25701
3.25405
1.85073
-0.402258
1.38285
1.95387
0.559586
1.00436
-0.901197
0.234913
-0.01575
-0.286144
-1.16006
3.3789
1.05058
0.539238
0.492491
1.83002
0.551481
0.938077
-0.429692
0.251052
0.0179138
-0.126459
-1.19734
3.83923
1.06304
0.907766
-0.682798
1.81614
0.950526
0.310932
-0.150838
0.190111
0.0654694
0.0673855
-1.14341
2.90031
1.16372
0.734971
-1.69789
1.81719
1.1151
0.264541
0.00941855
0.237303
-0.0388246
-0.3082
-1.44538
2.8803
0.799595
0.462502
-0.648322
1.30965
0.315717
0.421268
0.300065
0.140611
-0.0252243
-0.174627
-2.08505
2.61186
1.05478
0.140446
0.0298504
1.00044
0.977949
0.779249
0.169039
0.118193
0.0976953
-0.112841
-2.44802
1.70692
0.649751
0.111344
-0.52461
0.996088
1.68372
1.32372
-0.198657
0.127591
0.218838
-0.0496825
-2.26781
2.0866
0.974022
-0.451799
-1.4416
1.52592
1.65666
1.41373
-0.156339
0.222763
0.153481
0.259632
-1.46653
2.08238
1.23609
-0.971422
-1.0118
1.02963
0.775498
0.662279
-0.334352
0.185825
0.0419923
0.584721
-1.41607
1.99995
1.29955
-0.64619
-0.47785
0.559163
0.584216
1.02421
-0.392005
-0.0545831
0.0757448
0.616797
-1.2813
1.73329
1.09562
0.179349
-0.401116
0.721147
0.725613
1.61862
-0.539415
-0.0647525
0.144996
0.540159
-1.43346
1.7508
0.868925
0.129274
-0.782958
0.774857
0.702495
1.56921
-0.332358
0.0648693
0.106886
1.17574
-1.49781
1.40428
0.862374
0.0592111
-0.355811
1.72463
1.063
1.69675
-0.164819
-0.245944
0.0492172
1.99567
-1.74578
1.28631
0.715088
0.611384
0.346407
2.06996
1.25114
1.45897
-0.0426631
-0.111039
0.0381839
2.44341
-1.19948
2.41631
1.17714
1.41834
1.65083
2.9754
1.30479
0.707943
0.230565
0.24299
-0.00868596
3.8372
-0.545053
2.64393
1.0478
1.30397
1.82679
2.85825
1.03689
1.09336
0.336039
-0.248422
0.030688
5.06566
0.137371
1.13631
0.592529
1.87318
2.25447
2.03093
0.920719
1.55366
-0.0177593
-0.282116
0.0499359
5.71357
-0.148366
-0.252047
0.0187821
2.55086
1.70752
1.48634
1.83193
1.63119
-0.204982
-0.255183
0.0672151
5.74819
-0.1993
-0.638427
0.425033
2.70287
1.84367
1.04611
2.26598
1.48489
-0.378655
-0.250303
0.0774632
5.95163
-0.229553
-0.600085
0.906821
3.17013
1.7551
1.01529
2.25052
1.14855
-0.418742
-0.271012
0.0935708
6.34098
-0.713333
-0.182723
0.959038
3.7106
2.05469
0.781661
2.56818
0.888273
-0.542919
-0.23621
0.0754779
6.11515
-0.769095
-0.237138
1.18442
2.97805
2.43647
0.939114
2.38909
1.19457
-0.562611
-0.313649
0.0946319
5.93408
-0.748292
-0.536286
1.26049
2.69746
2.65377
0.879598
2.64422
1.24359
-0.612256
-0.319202
0.112891
5.91691
-0.74663
-0.75401
1.3762
3.04539
2.19445
1.14803
2.89487
1.09211
-0.634711
-0.325815
0.112939
5.73653
-0.659348
-0.572026
1.41498
3.07171
1.85685
1.41613
2.85011
1.11092
-0.668135
-0.358686
0.117364
5.61117
-0.7353
-0.506935
2.28063
3.58215
1.5857
1.38783
2.62505
0.927597
-0.57915
-0.361278
0.117227
5.9113
-0.749825
-0.399124
3.38448
4.53989
1.1636
1.61721
2.14869
0.698083
-0.554736
-0.342068
0.152598
5.76234
-0.770785
-0.415685
3.89996
4.78804
1.46517
1.17795
2.43605
0.67397
-0.482088
-0.369979
0.121602
5.4507
-0.764705
-0.10413
3.91058
4.82879
1.6284
1.16743
2.37526
0.549883
-0.473147
-0.348282
0.126915
5.42401
-0.483445
0.00338374
3.39136
4.95989
1.8257
1.11918
2.13634
0.53066
-0.395415
-0.329516
0.110994
5.77205
-0.214461
-0.431572
2.75705
5.00116
1.94257
1.07485
1.76245
0.525823
-0.391087
-0.303112
0.119608
5.42211
0.0466569
-0.746102
2.46003
4.25253
2.24714
1.0635
1.3992
0.680419
-0.411753
-0.243212
0.122893
5.79998
-0.507428
-0.840185
1.90931
3.98752
1.99246
1.58563
1.07898
0.82901
-0.339538
-0.222763
0.138609
5.32883
-0.370932
-0.978984
1.50382
3.68711
2.03917
1.65953
1.58403
0.872816
-0.509893
-0.19296
0.156536
5.99222
-1.20366
-0.709175
1.50835
3.03281
2.47676
1.34562
2.5151
0.855403
-0.725904
-0.219977
0.177665
5.83954
-1.05935
-0.919169
1.66309
3.02966
1.9686
1.8353
2.88459
0.861419
-0.767874
-0.289391
0.167073
5.70985
-0.754657
-0.745079
1.78305
2.83818
1.50913
2.29719
2.97292
0.95701
-0.773976
-0.336673
0.158658
5.11213
-0.190848
-0.648883
1.48724
2.50984
1.63532
2.73378
2.57332
1.16513
-0.794693
-0.291749
0.149865
5.48018
-0.140021
-1.03475
1.33121
2.56921
1.87585
3.238
1.47275
1.44943
-0.465277
-0.29018
0.0834393
5.56182
-0.621002
-0.938159
1.91204
2.43318
1.56673
3.04128
1.74483
1.4805
-0.533243
-0.333587
0.116116
5.18164
-0.465426
-0.814801
2.20411
2.46908
1.69621
2.60088
2.09103
1.31708
-0.570143
-0.280439
0.112566
5.2701
-0.373731
-0.762249
1.81143
2.39718
2.0379
2.67851
2.16192
1.2173
-0.448658
-0.338662
0.0516495
5.34804
-0.296546
-1.17989
1.65544
2.45181
1.70043
2.87558
2.20192
1.52469
-0.707834
-0.431435
0.0799216
5.64459
0.0556396
-1.23645
1.96996
2.87604
0.589922
3.39896
1.98072
1.59902
-0.858598
-0.428014
0.126335
4.69494
0.538656
0.684066
1.57036
2.44922
1.99651
2.3152
1.88422
1.80404
-1.08013
-0.402784
0.156142
3.9893
0.914788
2.19998
1.98292
2.64611
2.83865
2.4629
1.43948
1.91116
-1.0327
-0.358423
0.193831
4.03728
1.52532
2.62598
3.04363
3.5069
3.14349
2.43433
0.750589
1.84598
-0.97123
0.0347728
0.233142
4.13791
1.89663
1.95275
3.07455
3.58018
2.87458
2.6801
0.898823
1.38205
-1.36747
0.222423
0.220505
3.97743
1.82906
1.58246
2.6793
3.71512
2.70376
2.50003
1.08767
0.83725
-1.11266
0.174252
0.184972
3.88214
1.87941
1.8762
2.39838
3.57334
2.85467
2.90731
0.696876
0.502041
-0.601781
0.109777
0.147073
4.1038
1.79005
2.14918
2.60922
3.38125
2.62231
2.70554
0.781948
1.06224
-0.643392
0.055747
0.145799
3.82338
1.75902
2.12266
2.45781
3.98018
2.23522
2.01246
1.03851
1.22766
-0.633106
0.101794
0.142791
3.50177
1.73299
2.2233
2.19003
3.85487
2.26694
2.41931
1.1949
0.96101
-0.41009
-0.0458258
0.124868
3.67296
1.39878
2.43025
1.96583
3.74379
1.61708
2.57265
0.96613
0.975305
-0.0613503
-0.0819102
0.13292
3.78747
1.352
2.27537
2.0604
3.96335
1.47986
2.11531
0.805572
0.861012
-0.137705
0.201734
0.168908
3.43173
1.19901
2.06199
2.1509
3.77447
1.49857
2.22782
1.42665
0.856957
-0.397663
0.18586
0.177979
3.02039
1.04034
1.90441
2.00508
3.17164
1.33921
2.73711
1.66098
1.11333
-0.482711
0.00778016
0.168617
2.8879
1.23867
2.06839
1.51998
3.1231
1.41161
2.14159
0.715127
1.05526
0.0701479
0.251394
0.131922
3.2241
1.44639
1.67847
1.08706
3.28241
1.23863
1.5378
0.46207
0.763951
-0.356755
0.458574
0.158136
2.97085
1.43752
1.3992
1.17091
3.18346
1.21319
1.44125
0.705142
0.799742
-0.480624
0.424571
0.135474
2.64399
1.57889
2.31659
1.62899
2.83345
1.85169
2.30086
0.613104
0.629887
-0.0019761
0.222761
0.107847
