166
3.1609
2.91509
2.72737
1.17657
4.12034
1.14913
1.17269
0.393999
0.87254
0.32131
0.496947
0.0997232
3.12137
3.77968
2.92677
0.186852
4.70271
0.0855279
1.48611
1.5039
0.849396
0.43553
0.233233
0.0572927
3.4363
3.09407
3.25433
0.291223
3.68686
0.793295
1.24674
1.6446
1.21763
0.451421
0.0331152
0.0462114
3.76577
2.44698
3.13087
0.646366
3.87986
1.50671
1.69106
1.6486
1.27627
0.51369
-0.22673
0.0299504
3.21852
2.77041
2.59201
1.63919
3.45642
1.76062
2.07229
1.33162
1.24862
0.51744
-0.28274
0.0614131
2.72239
3.04568
2.81686
2.12628
3.02472
1.6786
2.26619
0.891826
1.37157
0.519101
-0.317805
0.106541
3.30792
2.81176
2.39454
1.67786
3.59608
0.996741
2.2485
0.792038
1.7795
0.65948
-0.40618
0.0637955
3.77097
2.81375
1.68283
1.07378
4.05191
1.73812
1.72686
1.40504
1.9059
0.657685
-0.433107
-0.0595398
4.25395
2.41543
1.52146
1.56372
3.63578
2.29803
1.65289
1.61286
1.93043
0.487918
-0.461332
-0.113979
4.60213
1.95211
1.79001
2.52172
3.08234
1.89607
2.27306
1.57822
1.95547
0.632175
-0.522036
-0.123182
4.70593
1.67791
1.54474
2.81193
3.07388
1.48106
2.27528
2.19557
1.53125
0.626686
-0.560355
-0.139074
4.91205
1.46945
1.36451
2.87277
3.28558
1.55195
2.22257
2.41453
1.54798
0.403971
-0.608911
-0.13849
5.93172
1.18778
1.0327
2.65357
3.37328
1.85243
2.38012
1.8821
1.74973
0.21063
-0.55856
-0.151667
6.03312
1.58709
0.641973
2.1303
2.85981
2.40476
1.9212
2.00467
1.56782
0.000558487
-0.526444
-0.142507
5.73225
2.06452
0.0475872
1.37355
3.05409
2.50832
2.16486
1.93492
0.988392
0.125172
-0.374857
-0.124815
6.09158
1.58251
-0.557242
1.65089
3.56961
1.96987
1.83399
1.74383
1.48854
0.191334
-0.486426
-0.168614
6.7206
0.233883
-1.08688
2.10763
3.72868
1.25243
1.77855
1.91328
1.68153
0.158162
-0.551065
-0.147295
6.78039
-0.842893
-0.847149
2.4116
3.46159
1.16972
1.66408
2.19096
1.59569
0.113508
-0.516435
-0.127396
6.48694
-1.86034
-0.61916
2.15484
2.76694
1.98117
1.49484
2.33326
1.52614
-0.0889418
-0.44856
-0.0513039
6.44494
-2.48331
-0.450953
2.41337
2.71853
2.34043
1.12476
2.40128
1.67879
-0.144088
-0.427438
-0.0262974
6.44666
-2.22252
-0.414838
2.79577
3.32309
2.08509
0.328705
2.69466
1.91479
-0.0907521
-0.462834
-0.0736837
6.53349
-2.31002
-0.595686
3.58802
3.46346
1.97063
-0.183597
3.02325
2.0557
-0.181926
-0.583818
-0.0641689
6.50866
-2.39905
-1.01207
3.92478
3.22642
1.72982
-0.0314638
3.16769
2.04336
-0.157118
-0.682142
-0.0706561
6.58598
-2.40599
-1.16809
3.31804
3.53054
1.49407
0.437004
2.85882
1.92616
-0.113841
-0.597601
-0.0974024
6.21736
-2.06617
-1.09131
2.22136
2.7612
2.9286
0.56182
2.16495
1.60916
-0.0134491
-0.443077
-0.0644803
5.93805
-2.38628
-0.511633
1.81065
2.17185
3.69172
0.602949
1.77316
1.67128
-0.162486
-0.411599
0.0176142
6.11272
-2.68994
-0.359165
2.16978
2.798
2.78937
0.576495
2.1465
1.65633
-0.28179
-0.376525
0.00781138
6.27813
-2.193
-0.936817
2.53508
3.9616
1.60092
0.608463
2.67453
1.57129
-0.18786
-0.454454
-0.0518366
6.30974
-2.24516
-1.09276
2.28816
3.57473
2.22951
0.470067
2.68262
1.76761
-0.239081
-0.530016
-0.0583387
6.47182
-2.20991
-0.428206
2.24485
2.84235
2.56791
0.454501
2.77048
1.84451
-0.500126
-0.607933
-0.0280354
6.21382
-1.26283
0.196628
1.84573
2.2147
2.36896
0.977926
2.77558
1.50853
-0.604334
-0.599199
-0.0270232
6.12279
-0.688522
0.423636
2.11671
2.29235
2.08362
1.26317
2.72553
1.04103
-0.642949
-0.523691
-0.022384
5.8363
-1.37436
1.05417
2.40205
2.0745
2.57478
0.65967
2.16527
1.03027
-0.826354
-0.44355
0.075989
5.36256
-1.42607
2.32539
2.09149
1.54517
2.67955
0.683655
1.97466
1.4356
-1.0477
-0.608632
0.113622
4.99172
-1.1924
2.84395
1.66796
1.42331
2.77306
0.96021
1.86689
1.50875
-1.10365
-0.706404
0.110097
4.86755
-1.56204
2.83203
1.55281
1.86224
3.24973
0.462856
1.08022
1.33756
-0.978245
-0.494531
0.165182
4.72737
-1.67983
2.35286
2.44577
2.45591
3.1527
-0.180908
0.345117
1.11301
-0.841004
-0.24476
0.2419
5.1203
-1.54475
1.70997
1.89638
1.65751
3.1002
0.0245231
0.787013
1.11218
-0.853454
-0.330269
0.183438
5.46186
-0.960256
1.66332
1.37634
1.37078
3.99936
0.215533
0.820014
0.969948
-0.719997
-0.413952
0.0727206
5.29842
-0.438269
1.41783
0.37308
2.19134
3.0696
0.856995
1.26901
0.946093
-0.619253
-0.528948
-0.0807187
4.91974
-0.779887
1.17038
-0.878467
2.45332
2.77698
0.957039
1.19737
1.54576
-0.823596
-0.728418
-0.0179794
4.96929
-0.899014
0.733314
-0.74136
2.06985
2.91784
1.10591
1.32238
1.49685
-0.751839
-0.646947
-0.0524992
4.5849
-0.667844
-0.00358062
-1.31024
2.69104
3.01451
1.35266
1.15866
1.58508
-0.864355
-0.530968
-0.0344124
4.76754
-0.831875
-0.477098
-1.49752
2.80936
3.38426
1.38343
1.22031
1.55601
-0.797567
-0.445519
-0.0420467
5.01844
-1.68902
-0.5776
-0.539303
2.64976
2.88635
1.74115
1.64037
1.11791
-0.652452
-0.424329
-0.0253687
4.74644
-1.72587
-0.771461
0.315541
2.67445
1.99035
2.56097
1.0692
1.25295
-0.478649
-0.485931
0.021923
4.46478
-0.940404
-0.817494
-0.242034
2.48983
1.86061
2.46493
0.856175
1.93089
-0.721833
-0.533008
0.0100055
4.49268
-0.979359
-0.346808
-0.536553
2.36227
1.96
2.13671
1.08211
1.80168
-0.683082
-0.465239
0.0506578
4.49114
-0.649811
-0.454594
-0.163882
2.33607
1.63929
2.12813
1.04344
2.07041
-0.6076
-0.391784
0.0488584
4.46154
-0.369978
-0.847748
-0.648387
2.64886
1.70209
1.90577
1.06536
2.21996
-0.746204
-0.386558
0.00251477
4.38982
-0.426119
-0.793976
-1.14835
2.6139
1.76509
1.41948
1.28679
2.0857
-0.964734
-0.474527
-0.0448175
4.49973
-0.320757
-0.282723
-1.07463
1.9924
1.69765
1.41934
1.44375
2.11126
-0.929804
-0.522361
-0.0325013
4.68908
-0.198368
0.330781
-1.14049
1.35174
1.72056
1.65113
1.49489
1.7156
-0.859562
-0.491121
-0.0160937
4.89975
-0.105478
1.54511
-0.963424
0.286836
1.91183
1.54157
1.85946
1.25626
-0.54948
-0.410772
-0.100648
4.82196
0.24698
2.35838
-0.0602123
-0.407606
2.21551
1.17003
1.98788
1.05204
-0.656851
-0.349628
-0.0837186
5.25087
0.0159943
2.28017
-0.0544913
-0.0263989
2.68315
0.882144
1.41716
0.633279
-0.610866
-0.211054
-0.0479769
5.95109
-0.27315
1.99973
0.0506986
-0.307894
2.39003
0.974059
1.92312
0.521854
-0.451589
-0.109496
-0.145566
6.05931
0.43638
0.85151
0.1426
0.199089
1.49028
1.38865
1.85355
0.368661
-0.170363
-0.255533
-0.19148
5.82938
0.856817
0.729057
-0.0641813
0.444142
1.49705
1.13293
2.07369
0.356346
-0.310849
-0.300442
-0.173335
5.9661
0.624604
1.29263
0.213501
0.697959
1.92346
0.544199
2.24835
0.262434
-0.730725
-0.255936
-0.116682
6.15507
0.133814
1.62031
1.15361
1.2386
2.11441
0.0439528
1.82334
0.462139
-1.08267
-0.367447
-0.00513978
6.24828
-0.424922
1.64914
1.63512
1.41687
1.84547
0.0232732
1.56799
0.526795
-1.0894
-0.405299
0.0338253
5.9661
-0.237075
1.28695
1.82565
2.28185
1.61221
0.271485
1.14301
0.025686
-1.01248
-0.331316
0.0437846
5.98263
-0.0413286
0.840499
2.22533
3.10686
1.40846
0.576312
0.886816
-0.355485
-0.973954
-0.288546
0.0664887
6.68211
-0.246477
0.408506
2.26548
3.10523
1.31898
0.242793
1.48707
-0.4775
-1.15067
-0.221532
0.10386
6.98815
-0.115365
0.283147
2.27428
3.23718
0.980165
0.287632
1.46756
-0.502112
-1.12885
-0.238227
0.103692
6.88768
-0.138053
0.0735914
3.12739
3.32959
0.00388016
0.757533
1.22054
-0.316845
-1.02856
-0.330952
0.0892899
6.8171
0.0149215
0.130783
3.04762
3.10139
-0.432436
0.666565
1.43515
-0.232702
-0.987202
-0.350918
0.0642412
6.86781
0.16101
0.185976
2.97039
2.60216
-0.749314
0.363866
1.73339
-0.0574496
-0.859695
-0.335543
0.0218914
6.9597
0.218524
0.490719
2.779
2.21768
-1.30699
0.0852828
2.03314
0.211421
-0.70689
-0.33667
-0.0171976
6.40929
0.833496
0.826533
2.60366
1.84152
-2.10935
0.291927
2.18708
0.207151
-0.638804
-0.361775
-0.00333513
5.73081
1.50936
1.14213
2.26738
0.991431
-2.72404
0.915064
1.85497
0.442933
-0.695225
-0.363213
0.0197558
6.01481
1.71427
1.15156
2.22043
0.434409
-2.51905
0.683291
1.96495
0.561309
-0.684642
-0.303436
0.011266
6.05874
1.87624
1.69387
2.03982
-0.14488
-1.95952
0.0732262
2.14874
0.722396
-0.715711
-0.304348
0.00492122
5.89806
2.4233
2.31126
1.75924
-0.174002
-2.14919
0.183829
1.92814
1.06297
-0.715428
-0.256512
0.012635
6.03783
2.6123
1.93277
1.63844
0.735068
-2.91395
0.510291
2.08907
0.756479
-0.307514
-0.222438
0.0371563
5.86526
2.63143
2.08447
1.1557
0.7838
-3.13915
0.705241
1.96692
0.951613
-0.157885
-0.158006
0.0775479
5.48488
2.64619
1.721
0.712261
0.279712
-2.70645
1.00669
1.6771
1.28829
-0.17083
0.0607704
0.104593
5.53049
1.9871
0.402272
0.276473
0.970603
-1.36061
1.30137
1.55228
0.54532
-0.0912184
0.21183
0.166748
5.90373
1.53328
0.609049
0.60585
1.6098
-1.48403
1.11501
1.58391
-0.0389913
0.104645
0.318315
0.213726
6.11647
1.33943
1.31364
1.47485
1.60219
-1.9435
0.827563
1.53092
0.269416
0.290822
0.327595
0.17804
6.34923
1.74534
1.10287
1.98692
1.78159
-1.94705
0.854093
1.46576
0.250267
0.538858
0.381204
0.14157
6.29019
2.02594
1.79062
1.12927
1.69831
-1.19451
0.141866
1.6224
0.57231
0.66088
0.257567
0.0447479
6.20208
1.61251
2.61109
1.28539
1.45112
-0.848563
0.521604
1.5414
0.505679
0.517392
0.225596
0.0170903
5.95064
2.08228
2.01294
1.26602
2.48574
-0.775298
1.3957
1.16097
-0.275128
0.598947
0.175994
0.0500965
5.8101
2.25338
2.11015
1.09136
2.91778
-1.1707
1.55562
1.11348
-0.345187
0.693339
0.0612425
0.0802463
5.23645
2.16504
3.27592
0.783176
3.22374
-0.292096
1.30523
0.89667
-0.411348
0.397557
-0.0140752
0.0532221
5.28367
1.8949
2.49291
1.01371
3.26452
0.253933
1.51478
0.33489
-0.93264
0.441814
0.236727
0.0952013
5.3798
1.71924
1.73093
1.69539
3.24684
0.101282
2.11433
-0.0866566
-1.17951
0.608853
0.427853
0.135324
5.16385
1.47199
1.77972
1.79229
3.78088
0.031207
2.22328
-0.279167
-1.30996
0.542911
0.446062
0.181999
5.17181
1.527
1.5835
1.74879
3.78551
0.358733
2.27823
-0.417174
-1.21281
0.516787
0.482963
0.195373
5.29381
1.75494
0.955999
1.54584
3.38221
0.506248
2.36899
-0.715722
-0.779773
0.638274
0.562975
0.206516
5.21221
1.5394
0.806378
1.17226
3.0572
0.461805
2.36319
-0.392804
-0.575689
0.765658
0.658814
0.230205
5.05117
1.32268
0.871384
0.500223
2.49857
0.244483
2.95262
0.0678501
-0.408913
0.954685
0.727013
0.263274
4.63114
1.2161
1.09493
-0.0930682
1.91948
-0.117452
3.23396
0.543049
0.351156
0.845271
0.824386
0.325421
4.24368
1.25804
1.82233
0.0674079
0.904512
-0.0862167
3.0718
0.640813
0.986822
0.698785
0.913393
0.27635
4.33552
0.872837
2.33782
1.67388
0.107768
-0.206615
2.84418
0.473302
1.0211
0.940603
0.611815
0.0973086
4.39069
1.31134
2.27307
1.50318
0.658202
0.775293
2.97615
0.511006
0.590116
0.365715
0.206959
0.0331675
3.76611
1.44024
2.41978
0.795727
0.380125
1.64836
1.92161
0.685589
1.2781
0.45107
0.0370385
0.0114577
2.4534
0.844494
2.79804
1.23948
0.312399
2.09647
1.39612
0.925201
1.22937
0.475498
0.329483
0.0252687
1.41619
0.958709
3.26128
2.50866
-0.182626
2.38354
1.45646
0.241318
0.587855
0.172675
0.451048
-0.0310535
0.759353
0.796849
3.79419
2.67367
-0.770431
1.78671
1.53391
0.139729
0.645864
-0.171552
0.394665
-0.0222887
0.433373
0.587261
4.04291
2.84661
-0.595082
0.501806
1.56305
0.0135873
1.49786
-0.597541
0.45285
0.0213767
0.0255988
0.262222
3.74512
3.03538
-1.27191
0.592044
1.98522
0.795263
1.58953
-0.420057
0.412946
0.0648735
0.0476511
-0.3806
2.84113
2.51816
-1.87397
0.971512
1.70255
0.853266
1.06398
-0.0273448
0.322544
-0.00239151
-0.07365
-0.890576
2.62349
2.16514
-1.76101
0.680715
1.74394
0.215146
0.98388
-0.154124
0.364768
-0.0211963
-0.670502
-1.16619
2.85617
3.35995
-0.718848
2.12263
1.57992
-0.0365047
0.191655
-0.305826
0.257247
-0.0244391
-0.839531
-0.0996987
2.34781
3.0324
-0.101485
1.46152
2.17535
-0.116985
0.196695
-0.245372
0.407595
-0.0463219
-0.632522
-0.338334
2.47101
2.11883
0.738908
0.314231
2.49222
0.158329
0.407641
-0.321072
0.50131
-0.0739644
-0.441558
-1.09431
2.81749
2.27272
1.1381
0.000668692
1.80238
0.275697
0.261193
-0.197603
0.259047
-0.0435954
-0.292884
-1.30498
3.05977
2.47595
0.621302
0.339117
2.04756
0.413203
0.456066
-0.259044
0.176663
0.0417147
-0.275059
-1.22499
2.58933
2.73911
1.50661
0.968153
2.29568
0.585333
0.331344
-0.451334
0.39709
0.141622
-0.419546
-1.26345
2.21838
2.72624
1.77585
1.26946
1.47175
0.850613
-0.106453
-0.636612
0.411141
0.186079
-0.460787
-1.71917
2.16792
2.52923
1.38107
0.921355
1.36332
0.488216
-0.0755464
-0.641401
0.227364
0.17302
-0.123466
-1.70074
1.53738
1.37456
1.45148
0.406626
1.22715
0.242606
0.422263
-0.651791
0.229973
0.206952
-0.107351
-1.76036
1.20742
0.697767
1.46143
0.227837
1.59501
0.0798708
0.562676
-0.31055
0.500743
0.215779
-0.234917
-2.24304
1.04767
0.826405
1.37649
0.196859
1.74633
0.703884
0.441935
-0.226601
0.525064
0.221667
-0.391668
-2.65791
0.37336
0.819517
1.1676
-0.263866
1.51208
1.55336
0.558148
-0.0146366
0.405488
0.198578
-0.417953
-2.41847
0.143599
0.97811
0.29503
-1.08919
1.56762
2.03401
1.36141
-0.191353
0.353819
0.0692531
-0.27334
-2.14978
0.559568
1.66578
-0.914901
-0.365938
2.00946
1.70706
1.49967
-0.098691
0.43936
-0.0392117
-0.281079
-2.40375
1.54293
2.17937
0.0576026
0.430509
2.02705
0.687501
0.749623
-0.223389
0.346247
0.0729951
-0.332893
-2.75337
1.30991
1.04783
0.45626
-0.126733
2.00769
1.12482
0.831895
-0.0922902
0.0785674
0.110439
-0.315225
-2.57336
0.781363
0.571971
0.869434
-0.0156921
1.45358
1.96316
0.766835
-0.00476625
-0.0340593
0.104595
0.118183
-2.47875
0.808124
0.911054
1.86875
1.17052
0.777281
1.82595
0.59225
-0.496727
0.162425
0.162791
0.48948
-1.66913
0.513884
0.413358
1.96644
0.962357
1.23065
1.57728
0.410942
-0.730015
0.268924
0.158527
0.791805
-1.04444
1.14726
0.867052
2.38729
1.16344
2.8354
1.11575
0.259018
-0.596819
0.395193
0.0157803
1.94666
-1.00137
1.44945
1.45726
3.11001
2.17336
3.10432
0.954808
0.309226
-0.291991
0.276605
0.153063
3.36354
-0.954384
1.8494
1.13062
2.91417
1.92063
2.8332
0.97919
0.971109
-0.216474
-0.153362
0.198867
4.36727
-0.627492
1.33211
0.798291
2.61725
1.63415
2.73351
1.26278
1.42976
-0.277971
-0.289981
0.183485
5.24665
-0.816596
0.337193
0.39445
2.91355
2.17542
1.50225
2.46777
1.44486
-0.361443
-0.22466
0.0655393
5.58491
-0.599809
-0.531691
0.882681
3.08845
1.89366
1.3168
2.90031
1.60518
-0.331784
-0.397075
0.0132412
5.8431
-0.645358
-1.39834
1.19633
3.47692
1.51704
1.84644
2.73115
1.52938
-0.274973
-0.475653
0.0208537
6.13357
-1.05546
-1.3034
0.408191
2.98713
2.81974
1.35674
3.00554
1.59687
-0.508388
-0.42137
0.0427004
6.30852
-1.50182
-0.814872
0.108099
2.60136
3.68033
0.896295
2.97922
1.86054
-0.781074
-0.399058
0.095016
5.82419
-1.43964
-0.824616
0.380325
2.58804
3.55664
0.999004
2.82553
1.87968
-0.765788
-0.421752
0.119968
5.65754
-1.14595
-0.807087
0.831816
2.60029
2.99953
1.17449
2.89886
1.73141
-0.693952
-0.422876
0.114094
5.64337
-0.711914
-0.864484
1.39644
2.99304
2.13619
1.58094
2.65567
1.34771
-0.581503
-0.33304
0.140938
5.67531
-0.616928
-0.100172
2.43209
3.57725
2.11102
1.05406
2.46063
0.942528
-0.554239
-0.238384
0.164814
5.45991
-0.880553
0.885909
3.25839
3.40778
2.50566
0.528476
2.29711
1.07335
-0.541461
-0.225033
0.172424
5.1142
-0.808995
0.621045
3.83165
3.84144
2.25521
0.729943
2.20442
0.944335
-0.306485
-0.271136
0.12213
5.40257
-1.14822
-0.276917
3.9173
4.38917
1.89709
0.983389
2.33351
0.7911
-0.355287
-0.29214
0.12779
5.76191
-1.24839
-0.70343
3.29302
4.37265
2.3086
0.995125
2.02165
0.768517
-0.378269
-0.251093
0.140206
5.76232
-1.09632
-0.517297
2.08572
3.64138
2.71303
1.16689
1.63566
0.957002
-0.422438
-0.225441
0.159821
5.28013
-1.12368
-0.649635
1.42487
3.03375
2.62562
1.51515
2.0635
1.21622
-0.709594
-0.24411
0.203297
5.30778
-1.01183
-1.0638
1.62369
2.89728
2.19073
1.96051
2.63886
1.04714
-0.791294
-0.259833
0.195194
5.56886
-0.727434
-1.15825
2.07078
3.10583
1.25057
2.60349
2.77142
0.945194
-0.79667
-0.312165
0.186115
5.03741
-0.0290255
-0.636044
2.35586
2.80427
1.23073
2.73088
2.41127
1.18972
-0.821979
-0.323602
0.153455
5.16567
-0.18526
-0.201322
2.7605
3.12262
1.52666
2.52622
1.83909
1.28855
-0.600488
-0.335313
0.137907
4.99833
0.126924
-0.514121
2.97403
3.48538
1.70576
2.28893
2.05585
0.884611
-0.613735
-0.20973
0.17367
5.43535
-0.0899594
-0.880023
2.77629
3.157
1.15801
2.97057
2.17944
0.87894
-0.846198
-0.218193
0.20073
4.56278
0.585769
0.0348439
2.46718
3.18661
1.67281
2.43708
2.16917
0.799177
-0.984121
-0.161961
0.213471
4.40286
0.709576
0.671562
3.06757
3.64928
2.25392
2.46686
1.35352
0.746377
-0.926323
-0.0323643
0.23398
4.30895
0.741198
0.903003
3.07619
3.79426
2.44434
2.24802
1.39794
0.459731
-0.752444
0.0783222
0.235388
4.72023
0.743705
1.31166
2.80698
3.18503
1.94091
2.42976
1.78522
0.948416
-0.753304
-0.187147
0.172561
4.19137
1.52299
1.75227
2.54762
2.80871
1.58765
2.6103
2.72408
1.48156
-0.915559
-0.368099
0.098955
3.97435
1.67089
1.72839
2.01576
2.8116
1.79938
2.70051
2.50932
1.21213
-0.716063
-0.321175
0.0635221
4.06423
1.76054
1.8416
2.27206
3.29494
1.39385
3.15649
2.48849
1.26879
-0.647743
-0.381963
0.0869196
3.82776
1.79723
1.78233
2.83735
3.40714
1.26911
3.47239
2.35738
1.3955
-0.946316
-0.333875
0.140937
3.64629
1.53464
2.0123
2.43755
3.08474
1.67587
2.85805
2.36312
1.20335
-1.10712
-0.262564
0.141167
3.36317
1.76971
2.15701
2.33664
3.15297
2.07389
2.18641
2.04877
0.974345
-0.82104
-0.10189
0.106453
3.44713
2.32503
1.6441
2.14578
3.10567
2.02351
2.35035
1.74144
0.80409
-0.482657
-0.0227523
0.063351
3.42645
2.31578
1.5384
2.05613
3.14591
1.87858
2.76162
1.66719
0.817177
-0.597301
-0.0505657
0.0717331
3.10262
1.83957
1.66458
1.30569
3.01712
1.73312
2.71903
1.45292
0.313719
-0.439215
0.0868389
0.0875671
3.04138
1.87617
1.47563
0.550696
2.48641
1.42826
2.36017
1.64145
0.095262
-0.0135844
0.191934
0.0780618
3.11909
1.95407
1.56542
0.881808
2.79413
1.37422
1.72083
1.19662
0.123355
0.150941
0.105556
0.072769
2.91042
2.20059
1.82842
1.76648
3.75741
1.53448
2.09063
1.13183
0.450299
0.202716
0.14015
0.0961001
