162
2.9426
1.11962
2.2359
0.564379
1.98443
1.3401
1.33171
-0.396749
0.822607
0.184319
0.398814
0.151534
2.37265
1.60257
2.10149
0.777173
1.97444
1.05873
1.15568
-0.240731
1.20503
0.432544
0.338632
0.0949027
2.58869
1.64674
2.02767
0.879761
2.30812
1.06357
0.758399
-0.851052
1.47282
0.516092
0.318454
0.105277
3.11004
1.80968
2.37245
0.864788
2.37349
1.34574
0.976301
-0.694225
0.991319
0.454452
0.38086
0.129572
3.26969
2.00261
2.48093
0.835198
2.89839
1.8241
1.72586
0.0132051
1.09154
0.320849
0.507131
0.159939
2.87707
2.29531
2.8724
1.43787
2.90708
1.64419
1.92169
0.787488
1.42173
0.395977
0.318116
0.125637
2.94269
2.08989
2.91772
1.97128
2.96445
1.68516
1.17994
0.203967
1.6999
0.806584
0.306982
0.115025
3.45374
2.37218
2.29645
1.6928
2.44945
1.91172
1.56466
0.175757
1.78947
0.791046
0.288895
0.108856
3.76562
2.5202
2.11155
1.33757
2.7938
2.21132
1.80276
0.507041
1.94408
0.456656
0.176773
0.0916167
3.25645
2.66006
2.99372
1.61653
2.46794
1.95571
2.01757
1.55259
1.56601
0.445672
0.095735
0.104214
3.33624
2.19378
2.83351
1.73966
2.42725
2.08114
2.08407
1.33525
1.43001
0.599981
0.104765
0.10756
3.5042
2.2372
2.36511
1.64066
2.70173
1.74928
1.42442
1.06759
1.40616
0.551092
0.360723
0.112469
3.54245
2.4908
2.18033
1.06482
3.03305
1.92857
1.86415
0.990422
1.6248
0.333695
0.298403
0.115176
3.13446
2.87535
2.76233
1.2138
2.19252
1.54087
2.13521
1.52115
1.65374
0.295928
0.285631
0.102097
3.14673
2.35843
2.65481
1.3984
2.30765
1.40691
1.51591
1.04437
1.7105
0.69266
0.299781
0.118637
3.37422
2.15885
2.53343
1.13662
2.93823
1.96929
1.72346
0.541798
1.62833
0.620353
0.283166
0.137395
2.29899
1.26237
3.13434
0.953002
3.30962
1.64511
2.42983
1.02868
0.844141
0.468611
0.471671
0.141635
1.24366
0.755251
3.5386
1.23732
2.9947
0.945095
2.6471
0.973865
0.962867
0.643368
0.553574
0.0561858
1.6071
1.1046
3.37903
1.14516
3.01737
0.730032
2.42823
0.812291
0.98274
0.74978
0.629437
0.0565609
2.13249
2.0042
1.96997
1.25245
2.93127
0.961614
1.54494
1.43536
1.15615
0.79064
0.55441
0.0540371
1.93524
1.87413
1.38901
1.09488
2.26569
0.921088
1.71824
1.68179
1.18755
0.594731
0.540031
-0.0058081
2.2336
1.97943
1.74938
0.403276
1.23423
0.678609
2.41644
1.79785
1.57406
0.324939
0.238345
-0.00408901
2.78706
2.01711
1.95785
0.264011
0.717356
0.993786
2.52972
1.72272
1.94522
0.183082
0.179037
-0.00692777
3.7053
1.77262
1.14018
0.257607
1.43085
1.90319
2.72804
1.88396
1.40763
0.114366
0.0200982
-0.00278459
4.47555
1.29659
0.584554
0.7594
2.61745
2.06244
2.82389
1.88194
0.776505
0.330035
-0.262493
-0.0501442
4.7439
0.812962
0.6734
1.7831
2.98347
2.61876
2.78596
1.25369
1.07084
0.422296
-0.395476
-0.100313
4.90435
0.933812
0.345659
2.20742
3.12401
2.78229
2.69502
1.06438
1.28139
0.414558
-0.380632
-0.116633
5.18637
1.03593
0.201871
2.61285
3.15594
2.07355
2.7588
1.71181
1.34907
0.354364
-0.402212
-0.1283
5.27411
0.679203
-0.0544229
3.17716
3.01452
1.81525
2.92813
1.75994
1.319
0.267524
-0.364533
-0.127971
5.41164
0.47372
-0.14164
2.49341
3.35991
2.24194
2.46441
1.81324
1.0794
0.141115
-0.345912
-0.0663421
4.85889
0.262618
0.728216
2.46853
3.80294
2.5742
1.95464
2.0409
0.731094
0.183318
-0.353989
-0.0442896
4.96098
0.347775
0.60167
3.25096
3.54624
1.51618
2.7692
2.10892
1.04069
0.383553
-0.443645
-0.10297
4.87512
0.658511
0.29497
3.71182
3.1006
1.54766
3.27076
1.66442
1.18839
0.320705
-0.345373
-0.11298
4.59152
-0.145211
1.42721
3.98446
3.49042
1.24156
3.0641
2.39267
-0.0279761
0.36532
-0.037309
-0.00369373
4.4475
-0.896115
1.99454
4.08506
2.80358
1.46451
3.08295
1.59495
-0.109835
0.253918
0.164751
0.0363118
4.27885
-1.35384
1.29049
4.7769
2.30845
1.22943
2.7506
1.17899
0.0728986
0.27991
0.278123
0.0339787
4.13738
-1.75863
1.76691
4.48328
2.68272
1.18736
2.04603
1.68414
-0.00821825
0.303786
0.335464
0.0347168
4.25892
-2.04149
1.68423
3.33538
2.4669
1.73564
2.08825
1.98482
0.0857631
0.394458
0.220222
-0.0658273
4.15191
-2.75852
1.5851
3.87265
2.34847
1.31177
2.74014
1.29869
0.234957
0.615675
0.225344
-0.0500924
3.78017
-2.4331
2.64241
3.19367
2.24858
1.63576
2.19549
1.7606
0.305633
0.60148
0.0957763
-0.0935204
3.56123
-1.97193
2.28749
2.40331
2.97538
1.60511
1.64959
2.28256
0.46519
0.499986
-0.0387672
-0.103482
3.87039
-2.24548
1.85508
2.19916
3.3198
2.35544
1.39295
1.61821
0.543432
0.521819
0.0463184
-0.0900166
4.34874
-2.51073
2.18488
2.4392
2.87404
2.2646
1.63884
1.63194
0.599673
0.396824
-0.0223721
-0.0820288
4.47074
-2.06048
1.79021
3.37162
2.74098
1.62026
2.10493
1.92094
0.608
0.35519
-0.178113
-0.0796001
4.44769
-2.31004
1.40541
3.29329
2.67233
1.92104
1.54874
1.93688
0.779511
0.216078
-0.0809641
-0.0379028
4.76969
-2.26545
0.781893
2.50933
3.29532
1.87634
1.32064
2.05807
1.03238
0.0748089
-0.115072
-0.00613529
5.17661
-2.03014
-0.188757
1.71301
3.80385
1.96739
1.35573
2.00424
1.34286
0.0368359
-0.27943
-0.00490913
5.70193
-2.08839
-1.02548
1.95929
3.57964
2.1761
1.2403
2.01003
1.45074
-0.0539659
-0.411471
-0.0440402
6.24201
-2.21586
-1.07296
2.33694
3.00483
2.53787
0.711618
2.18915
1.46211
-0.32863
-0.57366
-0.0383223
6.23534
-2.00705
-0.347622
2.18865
2.21531
2.52843
1.12258
1.81701
1.35372
-0.422822
-0.669641
-0.0255986
5.903
-0.936689
-0.342114
1.99998
2.46126
2.29357
1.11643
1.35242
1.1262
-0.351677
-0.551138
-0.022454
6.66659
-1.06085
-0.392062
2.5059
2.96486
2.3579
0.497233
1.71642
0.819864
-0.483655
-0.464707
-0.00757622
6.8073
-0.988785
-0.113902
2.77992
3.13225
2.59885
0.187784
2.11919
0.771142
-0.731786
-0.503229
0.011363
5.98269
0.11005
0.248556
2.48049
3.11599
1.68416
0.54645
2.01705
0.65402
-0.660372
-0.556036
-0.0301941
5.62738
0.275215
0.749184
2.174
2.26596
1.555
0.896293
1.54996
1.17125
-0.726958
-0.727584
-0.0546183
5.88857
-0.824069
1.489
2.08477
0.778264
2.17381
1.38048
0.718069
1.39641
-0.4268
-0.958242
-0.0524265
6.11235
-1.17512
1.34046
1.12249
0.0976128
2.80387
1.56247
0.412859
1.21152
-0.186982
-0.796937
-0.0590432
6.15931
-1.0054
-0.098546
0.549824
0.357374
2.74578
1.57544
0.404963
1.30123
-0.143578
-0.687606
-0.0539967
6.02456
-1.54136
-0.320548
0.813822
0.359338
2.31827
1.63664
0.643227
1.56934
-0.215761
-0.816603
-0.0443981
6.52905
-2.22086
0.316352
0.78712
0.150099
2.11176
1.39785
0.857181
1.66382
-0.198098
-0.915798
-0.0440498
6.75797
-2.12564
0.358921
0.86656
0.0379815
1.77963
1.21932
1.07123
1.66567
-0.268257
-0.892441
-0.0390913
6.46428
-1.50251
0.118354
1.18505
0.106749
1.30407
1.09016
0.996602
1.5188
-0.306731
-0.783772
-0.0144787
6.27845
-1.12377
-0.0288855
1.26756
0.572372
0.949708
0.610528
0.70097
1.29549
-0.348371
-0.512108
0.0715038
6.42196
-1.81182
1.1005
0.24561
1.20848
0.124296
0.761846
0.652383
0.90348
-0.0302711
-0.492395
0.0914558
6.46997
-2.02889
1.65763
-0.594578
1.40613
-0.187143
0.906754
0.943557
0.369644
0.153573
-0.537962
0.0860337
6.51692
-2.06217
1.8809
-0.879142
1.44082
0.0167155
0.657793
1.04986
0.231127
0.0387618
-0.469754
0.100705
6.1346
-1.06771
1.21863
-0.336487
1.34235
0.241342
0.400797
0.953776
0.712155
-0.399465
-0.267287
0.143883
6.12273
-0.751572
1.33017
-0.466641
1.45685
0.292174
-0.0690421
1.51385
0.633519
-0.402248
0.0959116
0.138611
6.04159
-0.314973
1.72895
-0.500749
2.03146
0.343213
-0.334814
1.72854
0.570481
-0.168813
0.387478
0.165318
6.18856
0.620336
2.85486
-0.458687
1.9976
0.433944
-0.812486
0.959402
1.28336
-0.055333
-0.0118302
0.135182
6.49397
0.761645
2.26262
-0.618728
1.59544
0.765729
-1.15233
0.836486
1.88001
0.0889717
0.0262171
0.13083
6.21256
0.965397
1.58818
-0.962965
2.37829
0.285556
-0.570734
0.978678
1.27453
0.383719
0.243821
0.144917
5.76823
1.18107
1.34385
-0.79703
2.41971
0.0340708
-0.266197
1.01149
1.35392
0.407105
0.343119
0.183784
5.80206
0.939897
1.5875
-0.9239
1.99404
0.634781
-0.100327
0.682448
1.48573
0.397868
0.382318
0.230732
5.8298
0.89468
2.22948
-1.42042
1.71025
0.848012
-0.0425834
0.720685
1.33552
0.451602
0.408053
0.240279
5.64743
1.41328
2.21067
-1.60287
1.90316
0.403321
0.309229
0.676575
0.991982
0.585754
0.382941
0.206558
5.57864
1.81022
2.13868
-0.457009
1.19872
0.541128
-0.157866
0.471383
1.19523
0.657082
0.439657
0.122424
5.57469
1.41047
2.59304
-0.47021
1.38546
0.628133
-0.402292
0.321847
1.20782
0.866675
0.455867
0.112333
5.29843
1.5851
2.36403
-0.618211
1.7422
0.431892
0.184355
0.368751
0.692526
1.11576
0.580946
0.123787
5.65213
0.963713
2.07367
-0.567699
1.5003
1.03406
0.53022
-0.0375015
1.05016
0.863673
0.55086
0.240303
5.30479
0.564911
1.54339
0.140123
1.67478
1.22113
0.516198
0.032499
0.990938
0.52676
0.7941
0.335013
5.0956
0.323451
1.84916
-0.452341
2.47456
0.747915
1.01485
0.321183
0.560954
0.538691
0.881183
0.423367
4.68473
0.864274
1.65082
-0.107806
1.64244
0.783242
2.27734
0.0688889
0.226273
0.553137
1.02222
0.385064
4.62945
1.19947
1.61119
0.168301
1.06259
1.50391
2.43805
-0.0496493
0.270861
0.327621
0.948734
0.339935
4.59445
1.55368
1.77896
0.288486
1.42941
1.84491
2.565
0.549579
0.42684
-0.214607
0.463845
0.231898
4.7496
0.864655
1.98642
1.03249
0.121125
1.39176
3.74043
0.46008
0.383799
0.0361956
0.273745
0.114282
4.47603
1.00996
1.11308
0.361839
0.0771718
1.09981
3.63341
0.786588
0.424629
0.217268
0.272926
0.0368892
3.83529
0.966477
1.64344
-0.786347
0.966489
0.857383
2.64249
1.77013
-0.0728886
0.154976
0.270611
0.0025776
3.55758
0.615357
2.82117
0.502049
0.596853
1.61219
1.45955
1.42234
0.416527
0.290039
0.295429
-0.00231084
2.78665
0.598961
3.37524
1.08844
-0.437246
1.75383
2.28436
0.693507
0.706078
0.430392
0.392989
0.00562409
1.64461
0.66538
3.6815
1.89084
-0.185087
1.44693
2.41561
0.120572
1.00954
0.141751
0.33667
0.00601126
0.986679
0.582647
3.61016
1.57268
0.249991
0.319896
1.66431
0.347749
0.588088
0.11815
0.244689
-0.0182024
0.621014
0.458784
3.12375
1.08899
0.215493
0.893696
0.68947
0.928949
0.590032
0.337946
0.342329
-0.124012
0.14039
0.271458
2.64286
0.914322
0.0379984
1.43576
0.638992
0.63463
0.735422
0.130649
0.357089
-0.203567
-0.304244
-0.0802077
3.52544
1.76573
0.0455828
1.06005
1.40254
0.782851
0.759392
-0.104214
0.400498
-0.151394
-0.227716
-0.228791
3.90846
1.88709
-1.14345
0.75454
1.1528
0.643805
1.04924
0.0479431
0.240402
-0.0787918
-0.0314119
-0.378313
3.64785
1.04316
-1.25431
0.280816
0.654818
0.55137
0.814262
0.180009
0.274496
-0.00561335
0.0435726
-1.13802
3.13371
0.015644
-0.64057
-0.90474
0.944265
0.612312
0.55278
0.0369423
0.36553
0.0698234
-0.539072
-1.07978
3.50049
0.24274
0.342186
-0.226771
1.27492
0.451657
0.538433
-0.068549
0.420059
0.116285
-0.708181
-0.994615
4.25166
0.490375
0.357778
0.430239
1.47256
0.491511
0.818878
-0.136217
0.187938
0.0485233
-0.382548
-1.21385
4.03648
0.35022
-0.2823
0.347548
1.26853
0.961542
0.854493
-0.0217221
-0.00966291
-0.00419779
-0.165578
-1.41719
3.52502
0.217791
-0.976525
0.155147
0.996376
-0.138039
1.58677
0.225393
-0.229667
-0.0154908
-0.245618
-1.16021
3.11431
0.540086
-0.540709
-0.29012
2.04279
0.284197
1.70975
0.00545865
0.0740716
0.0427697
-0.0296889
-1.09163
2.74903
0.680815
-0.228039
-1.03575
1.62962
1.7429
1.33582
-0.612864
0.39624
0.124313
0.0726078
-1.42722
2.71686
0.424745
-0.170476
-0.69439
1.09906
1.425
0.650314
-0.288406
0.236469
0.187873
0.0175205
-1.86902
2.40886
0.934755
-0.180168
-0.550431
1.1467
0.0776182
0.186891
-0.0730975
0.100806
0.283449
0.155907
-1.52553
1.98192
1.23032
-0.188052
-0.292967
1.78719
-0.282617
0.0205766
0.0731388
0.118097
0.260762
0.175992
-0.844963
2.53799
0.61059
-0.639147
0.222697
1.86987
-0.315611
0.741681
0.343938
-0.0166159
0.0789643
-0.101767
-1.0154
2.56221
0.418714
-0.414811
-0.748111
2.16285
0.68075
1.73777
0.00925064
-0.106488
0.117002
-0.0618481
-1.31843
2.47909
-0.327925
-0.215387
-0.575019
1.98656
0.700562
1.27205
0.0381458
-0.0345698
0.137088
0.456644
-1.76834
2.42962
-0.23118
0.10843
0.0189735
1.87019
0.539657
0.176031
0.0823195
0.0454077
0.146275
0.802297
-1.73244
1.6342
0.265295
0.188492
-0.6994
1.93141
1.20196
0.396004
0.141888
-0.0537099
0.171333
0.926209
-1.41486
1.3781
0.524879
0.484764
-0.411238
1.80974
1.18758
0.770589
-0.118432
0.0161393
0.16078
0.883027
-1.24966
2.09385
1.41174
1.12455
0.649706
1.89759
0.916798
0.681097
-0.235819
-0.111236
0.0759639
1.17622
-1.05884
2.26194
1.322
1.31593
0.553215
1.99326
1.80017
1.05883
-0.152774
-0.276984
0.0650432
1.98755
-0.633095
2.70247
1.24591
1.66181
0.981494
2.6294
1.81491
1.37978
0.0398363
-0.139661
0.0592561
3.42962
-0.332654
2.23861
0.569445
2.09063
1.40435
2.3782
1.68914
1.75546
-0.192615
-0.199388
0.121229
4.50414
-0.0289509
1.80085
0.303149
1.78246
1.87196
2.25381
1.76798
1.97518
-0.406249
-0.346988
0.125877
5.25524
0.0859971
1.20621
-0.242125
2.46438
2.61631
1.85083
1.35166
1.65
-0.436935
-0.299182
0.152944
5.33379
0.0075519
1.06569
0.901886
3.46122
2.3953
1.17586
1.14344
1.54685
-0.72203
-0.33608
0.219715
5.34826
-0.0497693
1.00306
1.5366
3.18251
2.24886
1.15671
1.44454
1.63773
-0.685601
-0.453528
0.15692
5.17804
0.0307037
1.07644
1.79856
2.80171
1.74269
1.31323
2.14029
1.83225
-0.500037
-0.590745
0.0384551
5.56514
-0.528244
0.992844
1.78333
2.85035
1.5783
1.30702
2.3787
1.69236
-0.389225
-0.584808
0.0158147
5.65471
-0.546983
0.0285648
2.24731
3.03738
1.85286
1.11673
2.31294
1.34994
-0.443326
-0.463388
0.0556314
5.74546
-0.72518
0.00115307
1.62167
3.15935
2.30197
0.990073
1.96437
1.2227
-0.540251
-0.343214
0.119124
5.63433
-0.623991
0.141574
1.14689
2.88088
2.69691
0.886679
1.55909
1.33682
-0.620668
-0.272664
0.178086
5.42296
-0.274628
-0.434431
0.955867
3.16569
2.51164
1.23877
1.28052
1.2779
-0.512262
-0.156017
0.177812
5.69384
-0.373701
-0.950688
0.63263
3.42247
2.4957
1.96662
1.20345
0.94022
-0.235995
-0.0827095
0.144723
5.69105
-0.226761
-1.4789
0.820271
3.54302
2.60337
2.1447
1.26946
0.798111
-0.187412
-0.0352109
0.124837
6.02075
-0.455069
-1.8506
0.864732
3.79837
2.41118
2.21172
1.64656
0.748241
-0.180067
-0.0862716
0.121406
5.49653
0.0615953
-2.41169
0.856281
4.1286
1.98081
2.23608
2.03865
0.946372
-0.232682
-0.249316
0.0940426
5.89738
-0.598383
-1.8874
0.808869
4.00188
1.84665
2.21946
2.33593
1.08108
-0.309437
-0.373513
0.0708649
5.43903
-0.348802
-1.70462
1.3133
3.44613
1.99296
2.00522
2.63917
1.16235
-0.453404
-0.410154
0.0592072
5.84253
-0.504561
-1.19988
1.53521
3.48501
1.66415
1.84698
2.93545
1.20135
-0.515723
-0.501618
0.0540935
5.2006
0.205766
-0.807752
1.6784
3.265
1.46279
1.94335
2.79949
1.36523
-0.593805
-0.536852
0.0537006
5.46139
0.373661
0.102219
2.18724
3.37931
1.34647
2.14655
2.61846
1.34224
-0.574948
-0.58861
0.0432539
5.04471
0.63811
0.611449
2.72131
3.11774
1.96751
2.26376
2.31491
1.36027
-0.461464
-0.549738
0.0198279
5.40455
0.0930846
1.23071
2.51498
3.22017
2.4161
2.07985
1.75946
1.32903
-0.286929
-0.470431
0.0431836
4.49448
0.808656
1.34238
2.53524
3.46032
2.64404
1.81011
1.27668
1.25517
-0.224756
-0.214103
0.0809566
4.55951
0.661378
0.696682
2.48523
3.58539
1.76029
2.7698
1.38053
1.30639
-0.542161
-0.317774
0.12017
4.5366
0.167809
-0.00994764
3.10067
3.46326
1.46529
2.80732
1.7941
1.0821
-0.623937
-0.308045
0.133596
5.12218
-0.472746
-0.130635
2.92122
3.24429
1.27172
3.11189
1.52073
1.08038
-0.700712
-0.308048
0.173711
4.71213
0.517028
-0.188345
2.23864
3.19903
1.40819
2.73643
1.59098
1.42904
-0.924781
-0.314173
0.148476
4.82161
0.694571
0.326028
1.7557
2.9145
1.6434
2.6319
1.40542
1.73172
-0.889809
-0.388602
0.12358
4.43665
1.04079
0.826511
1.50135
3.10182
2.59085
2.43312
1.39796
0.74761
-0.444017
-0.0822267
0.109847
3.97323
2.10116
1.82889
1.65607
3.7361
2.73001
2.82823
0.714713
0.504538
-0.338738
0.143142
0.143515
3.71772
2.43558
2.0627
1.36644
3.41866
2.30726
2.52507
1.21344
0.378152
-0.181336
0.0999304
0.0871731
3.78352
2.45764
1.67255
1.66284
3.74407
2.1328
1.94265
1.2129
0.443955
-0.245844
0.218277
0.0879431
3.78101
1.83684
2.13622
2.05295
3.7455
2.8012
2.47925
0.34635
0.575756
-0.128468
0.239435
0.142658
3.46321
1.48421
2.51959
2.13487
3.53916
2.78081
2.87789
0.977345
0.721363
-0.153697
-0.0196709
0.147262
3.32319
1.88843
2.14898
1.58248
3.20584
2.385
2.55162
1.10413
0.39364
-0.113279
0.129798
0.103926
3.47175
2.15107
1.95961
1.21571
2.88082
2.70471
2.50338
0.504363
0.498707
0.152052
0.0666014
0.0892157
3.54552
2.03695
1.95656
1.19
2.91169
2.6813
2.35662
0.00588579
0.478879
0.22312
0.160905
0.10622
2.86838
1.80328
2.04821
1.40141
3.45007
2.03076
2.16276
0.869565
0.719487
-0.134775
0.0197194
0.0921933
2.98355
2.07893
2.0911
1.04064
2.84281
1.91923
1.47072
1.55062
1.17147
0.226956
-0.0725705
0.045421
3.28847
1.82277
1.99397
0.871602
3.07477
2.0778
1.56938
0.92336
0.72842
0.306754
0.147302
0.0740699
3.39573
1.62606
2.02852
0.922055
3.45621
1.86316
2.1118
0.0272938
0.352509
-0.00332386
0.272355
0.150923
2.79614
1.97199
1.86344
1.07784
3.01815
2.1667
2.43572
0.139671
0.515406
-0.345033
0.252906
0.116004
2.57118
1.62002
2.08607
1.18959
2.69822
1.8561
1.77159
0.628369
1.11941
0.262517
0.0761495
0.0924252
2.83996
1.7813
2.4068
1.40239
2.76813
1.38638
1.48724
0.370433
1.12639
0.271701
0.194897
0.0870802
3.29029
1.44145
2.08373
1.34644
2.85242
1.46208
2.17777
0.207308
0.30847
0.0846344
0.479699
0.134433
2.89797
1.33504
2.27478
1.46663
3.35024
1.61459
2.83252
0.230968
0.311371
0.043151
0.316862
0.144791
