146
2.57019
1.41205
2.00955
1.21859
2.52061
0.961106
1.87506
0.570271
0.807406
0.116406
0.301545
0.10988
2.98992
1.58407
2.28122
0.981265
3.17127
0.289602
1.85742
0.528369
0.562484
0.457194
0.375706
0.140744
3.41474
2.45962
2.58898
1.14497
3.90133
0.646718
2.23837
0.888464
0.718141
0.29416
0.225454
0.146711
3.23303
3.2704
3.18265
1.18081
3.63135
1.00351
2.91519
1.47346
1.13628
0.240683
0.00339427
0.113181
3.57052
2.58688
2.57405
1.20837
3.51114
0.785322
2.20757
1.3958
1.06942
0.49006
-0.022261
0.0934179
3.88152
2.9466
2.21639
0.561442
3.7615
0.353936
1.98333
1.78647
0.979675
0.313921
-0.0849912
0.0446744
3.72019
2.93413
2.77473
0.402914
3.56915
0.882223
2.07621
1.87207
1.10537
0.433981
-0.149672
0.0324694
3.54654
3.03136
2.95941
0.755344
2.99505
0.861939
2.89466
1.18232
1.30332
0.616521
-0.269093
0.0821699
3.7304
2.52722
2.59186
1.13571
3.25804
1.25422
2.7535
1.63409
1.064
0.285476
-0.235231
0.0529389
3.67603
2.89882
2.08154
1.01546
3.60942
0.797505
2.35238
1.6582
1.19787
0.725508
-0.355576
0.0275865
3.41316
3.13599
2.38902
1.04937
3.44238
0.67089
2.54463
1.71775
1.46825
0.825777
-0.456656
0.0545681
3.35568
2.71242
2.69479
0.958
3.44256
1.09495
3.05576
1.47852
1.5855
0.583623
-0.596442
0.0728964
3.24559
2.39942
2.37296
0.990941
3.60366
1.50126
3.00863
0.539817
1.82506
0.308472
-0.527782
0.103793
3.36053
2.75125
1.99235
0.870877
3.28764
1.54644
2.99311
0.399145
1.97697
0.332693
-0.381876
0.071464
3.34275
3.23565
1.29351
1.39847
2.39799
2.24275
2.89381
0.580885
1.58895
0.116507
-0.11673
0.0178639
3.36603
3.03186
0.951692
2.06511
1.64621
2.12636
2.64446
0.728277
1.38826
-0.043278
0.0359563
-0.0198453
4.03438
2.08529
0.839114
2.34862
1.40258
1.65534
2.91787
0.219887
1.8564
0.33419
-0.0869406
-0.109005
4.48342
1.93985
0.738967
1.77753
2.77115
1.91074
2.22138
0.884735
1.74137
0.455005
-0.298493
-0.105879
4.68678
1.91004
0.666253
1.24244
2.70238
2.4671
1.94643
0.794349
2.186
0.212269
-0.347677
-0.130441
5.01084
1.41063
0.593259
1.40106
1.8695
2.27786
1.56134
0.650556
2.73676
0.311657
-0.415862
-0.152988
5.31012
0.791566
0.46484
1.29489
1.81067
2.6142
1.19697
1.02014
2.56346
0.283751
-0.525348
-0.133771
5.66205
0.539167
0.239474
1.01919
2.27734
2.11744
1.91123
0.737001
2.39081
0.203445
-0.599814
-0.129124
5.68545
0.547032
-0.0229536
1.75938
2.65574
1.57951
1.99731
1.47715
1.76877
0.0593118
-0.533905
-0.130764
5.83542
0.648732
0.0155894
2.26475
2.77156
1.48084
1.76356
2.12339
1.52074
0.0641361
-0.514025
-0.133573
6.11676
0.532328
-0.601718
2.24803
2.91962
1.24084
1.91464
2.20103
1.38955
-0.0493874
-0.489125
-0.107959
6.22318
0.0846684
-0.433615
2.67961
3.43908
0.817892
2.31425
2.24964
1.21075
-0.137549
-0.477788
-0.0760064
5.45019
0.47322
0.133521
1.89656
2.57418
1.76987
2.13014
1.83636
1.38903
-0.0952263
-0.492227
-0.0901064
5.62445
0.306226
0.188448
1.5553
2.35359
2.15715
1.77546
1.57067
1.7356
-0.0868966
-0.576264
-0.0984469
5.86426
-0.158287
0.372224
1.90641
2.53074
2.26109
1.42668
2.16291
1.34983
0.00347389
-0.475177
-0.121134
6.17541
-1.19453
1.0245
1.63114
1.86387
3.23974
0.925923
1.85073
1.73434
-0.153634
-0.532594
-0.0723351
5.38962
-0.578916
0.680365
1.40778
1.63377
3.19682
0.948294
1.51373
2.01056
-0.0786862
-0.684638
-0.0723242
5.67313
-0.321471
0.636078
1.68325
1.46399
3.18638
1.00979
1.65807
1.87082
-0.0138307
-0.702366
-0.102946
5.53496
0.473035
-0.0405011
2.01531
2.29381
2.36335
1.57858
1.93772
1.31685
0.115942
-0.55934
-0.178741
5.61327
0.258485
-0.568783
2.05971
2.41919
2.1216
1.54306
1.92511
1.28159
0.0149896
-0.550289
-0.158659
5.44928
-0.22773
-0.357194
1.36199
1.79228
2.72583
1.39345
1.1723
1.87858
-0.130877
-0.658244
-0.103464
5.36004
-0.470775
0.237307
0.730091
1.60161
3.45187
1.01971
0.735714
2.27648
-0.202916
-0.768169
-0.0458807
5.21437
-0.0360082
0.505535
0.902903
1.6725
3.72876
0.851718
0.569332
2.21276
-0.193791
-0.744885
-0.0554519
5.48351
-0.035814
0.291527
0.80842
1.64919
3.69422
0.83754
0.603895
1.97061
-0.103285
-0.663023
-0.0746045
5.57161
0.0147651
0.93466
0.625766
1.32293
3.96843
0.663697
0.696045
2.10817
-0.222163
-0.733705
-0.0410915
5.14333
0.200961
0.614195
0.457298
1.41435
3.76576
0.78032
0.539712
2.27453
-0.303609
-0.727345
-0.0545688
5.15015
0.0578207
0.338559
0.400691
1.64561
3.45555
0.781895
0.22944
2.53712
-0.3481
-0.761802
-0.0475367
5.46836
-0.0455297
0.42053
0.703162
1.62531
3.18947
0.441727
0.253612
2.43493
-0.423151
-0.765848
0.0106194
5.92586
-0.743306
0.154819
0.628179
1.27502
3.39576
0.207555
0.487261
2.16988
-0.293322
-0.734831
0.0406677
5.90738
-0.822761
-0.14182
0.635815
1.34214
3.34008
0.0771097
0.460348
2.01361
-0.285042
-0.641968
0.0519671
6.63151
-1.70477
0.189343
1.00831
1.02151
3.17406
-0.169663
0.904715
2.09674
-0.236442
-0.717669
0.0208788
6.08921
-0.751933
0.00059428
-0.238612
0.660865
2.26389
0.641922
1.06018
2.59355
-0.113015
-0.831971
-0.0810526
5.72168
-0.0332644
-0.239618
-0.360449
1.36789
0.631823
1.29402
1.38097
2.19464
-0.0821127
-0.679019
-0.146137
6.1123
-0.313665
-0.0471815
0.0922232
1.07239
0.809478
0.795843
1.53567
1.88438
-0.11759
-0.658744
-0.151405
6.79016
-1.15322
0.128416
0.72383
0.395015
2.52546
-0.328172
1.01603
1.79493
-0.301582
-0.675113
-0.0188082
7.07667
-1.199
0.116958
0.680908
0.474665
2.60133
-0.759758
0.850183
1.74508
-0.35223
-0.594525
0.0191561
7.04961
-0.827195
-0.00144943
1.02006
0.521217
2.15437
-1.19199
0.86743
1.58857
-0.202393
-0.525107
-0.010142
6.71168
-0.411568
-0.0840178
0.576722
1.59299
0.47891
-0.516246
0.574761
1.17313
-0.0790951
-0.395743
-0.0601464
6.08102
-0.0512213
-0.0262216
0.532011
1.59927
-0.103906
-0.445064
0.386183
1.31416
-0.18357
-0.388963
-0.011
6.65144
-0.648809
0.190563
1.20072
0.979186
0.388433
-0.91649
0.596702
1.10772
-0.367177
-0.410019
0.0336283
7.04149
-0.867778
0.751957
1.81708
0.158612
0.940248
-1.29497
0.558429
1.19024
-0.515767
-0.549443
0.0876728
7.31978
-1.13533
1.49375
1.41977
-0.158066
0.631658
-1.05943
0.383399
1.31677
-0.586916
-0.582125
0.114421
6.37765
-0.432364
0.879681
0.86829
0.414824
0.0561525
-0.536721
0.235436
0.815731
-0.67204
-0.375187
0.143912
6.66731
-1.00414
1.41531
0.273067
0.913101
-0.232349
-0.250297
0.309297
0.161513
-0.629986
-0.21378
0.183129
6.91591
-1.25674
1.9659
0.160328
1.1586
-0.258735
-0.0923961
0.209451
-0.438132
-0.482073
-0.0894638
0.171373
6.38634
0.226085
0.913657
0.604823
1.39624
-0.319965
-0.22434
0.00416745
-0.102193
-0.324912
0.0373785
0.118913
6.21451
0.845735
0.467189
0.429758
2.3725
-0.811071
-0.895428
0.0880419
0.339701
0.118679
0.0457764
0.0683925
6.54557
0.47156
0.850109
-0.288957
3.83745
-1.93724
-0.965806
0.769515
0.0669109
0.665774
-0.132725
0.100246
6.23274
0.278162
1.10856
-0.591498
4.28132
-1.78857
-0.881224
0.880852
0.0301547
0.80842
-0.0779431
0.169954
5.58622
1.10364
0.309231
-0.005318
4.35436
-1.62584
-0.643494
0.626114
0.101866
0.677982
0.157275
0.209845
5.84075
0.794705
0.880843
0.0507245
3.99909
-1.30776
-0.480392
0.474871
0.0439168
0.618935
0.219728
0.219265
5.35292
0.771919
1.83252
0.239042
3.65055
-1.50959
-0.135033
0.526328
0.256804
0.637717
0.0773077
0.181386
5.13512
1.09086
2.471
0.63191
3.89939
-2.46664
-0.388983
1.4099
0.438063
0.489452
-0.24491
0.149833
5.38443
1.10577
2.83246
0.934648
3.83537
-2.80368
-0.242297
1.65411
0.385266
0.484699
-0.357238
0.163245
5.27936
1.64701
2.72443
1.47791
3.4469
-3.26289
0.105931
1.74682
0.636873
0.58404
-0.322784
0.182384
5.13386
1.93207
3.10834
2.12472
2.52452
-3.15957
-0.109102
2.04581
1.10875
0.53056
-0.14293
0.175249
5.14968
1.4642
2.65661
1.47325
3.10468
-3.09605
-0.309598
2.36992
0.915873
0.687459
-0.0869922
0.170814
4.88282
1.3887
2.30703
0.713525
3.8443
-2.78583
-0.252326
2.38214
0.72409
0.765201
-0.0337208
0.189563
4.25152
1.11742
2.57019
1.51262
3.49385
-2.1638
-0.0914587
1.99409
0.871808
0.832733
0.0976176
0.136736
4.00335
0.90057
1.88308
2.42635
3.02396
-1.42435
-0.354815
1.39584
1.66056
0.537213
0.26378
0.141308
3.98153
0.990191
1.4242
2.29215
2.86013
-1.21005
-0.150063
1.02747
2.00375
0.541095
0.460072
0.166339
3.32711
0.942723
1.73001
1.7948
3.21799
-1.46607
-0.0380045
1.53885
1.50282
0.86172
0.693681
0.126729
2.89026
0.876702
1.79771
1.93473
3.20227
-1.10067
0.532438
1.2209
0.983144
0.975929
0.896984
0.0683987
2.67764
0.760964
1.8525
2.01527
3.00885
-0.127693
1.46193
0.810091
0.421117
0.765019
0.891863
0.0420397
2.70061
0.458291
2.22406
2.64714
2.70314
0.915955
2.48512
-0.0705595
0.0133871
0.412211
0.768746
0.0600742
2.87449
0.202917
2.2502
3.62245
2.06828
1.23456
2.19631
0.467356
-0.326547
0.430166
0.562353
0.00660655
2.82918
0.906889
3.00423
1.87748
1.12747
0.754272
1.52304
1.85389
-0.183208
-0.0158592
0.513892
-0.00131444
2.13758
1.66001
3.27694
2.38272
-1.05353
1.06773
1.31803
1.12665
0.908189
0.020623
0.553859
-0.00837505
1.72368
1.18869
3.43977
2.82677
-0.495525
1.59818
0.385588
0.605367
0.748706
0.17704
0.57034
-0.0697987
1.20283
0.355589
2.75376
2.52052
0.405571
1.09966
0.505406
0.964275
0.740629
0.127199
0.469219
-0.211727
0.812678
0.399774
2.816
2.62879
0.416236
0.149646
1.2787
1.92965
0.185449
-0.208911
0.450823
-0.142007
0.700246
-0.0775151
2.62372
2.83676
1.21941
0.371607
1.076
1.40059
0.323738
-0.189847
0.474168
-0.174518
0.317324
-0.319224
2.85184
2.7022
1.03807
0.783198
1.71483
0.73428
0.615172
-0.360143
0.314393
-0.103049
0.0505539
-0.44457
2.66775
2.80292
0.413595
0.639872
2.11175
0.370919
0.549757
-0.411022
0.281281
-0.117248
0.0167668
-0.563046
2.61035
3.10249
0.556453
0.66287
1.65084
1.54116
-0.0158108
-0.179293
0.327991
-0.089227
0.0331785
-0.881034
2.9358
2.05202
0.537614
0.447121
1.41614
1.14444
-0.0685858
-0.11143
0.437311
-0.0447284
-0.324545
-1.05709
2.33385
1.77305
0.455369
1.31813
1.37648
0.525554
0.230217
-0.0263706
0.313309
0.0392643
-0.29102
-1.08364
2.15974
2.18409
0.900182
0.967203
1.29809
0.697267
-0.365314
-0.114663
0.0676158
0.117716
-0.0253048
-0.833422
2.61554
1.76838
1.14579
0.382191
1.6107
0.564374
-0.239874
-0.0484309
0.0923532
0.13124
0.190049
-0.803361
2.48842
0.929437
1.09407
0.949891
2.11855
0.130072
0.020645
0.0471187
0.186405
0.0452989
-0.122649
-1.0926
2.33507
1.0195
1.57593
0.814779
1.58735
-0.0905665
-0.0253598
0.322926
0.0776971
-0.0384228
-0.362673
-1.57183
1.88143
1.10448
1.79386
-0.176844
1.34676
0.0035555
-0.0691051
-0.0795526
0.0350411
0.0813057
-0.121119
-1.62186
2.31976
0.912288
2.21181
-0.0535065
0.866804
0.312122
0.211012
-0.0982543
0.085235
0.108562
-0.368439
-1.66894
2.52963
1.46956
1.66238
0.167916
1.06075
1.18121
-0.156506
0.0849576
0.205735
0.125302
-0.604295
-1.62733
1.59424
1.50434
1.10727
0.203198
1.2271
1.09689
-0.254141
0.32915
0.344906
0.159167
-0.434644
-2.12103
1.2357
0.833049
0.721987
-0.098803
1.30643
0.441699
-0.0360722
0.505252
0.341293
0.151486
-0.10548
-2.32026
0.463128
0.253967
0.812947
0.297227
1.66709
0.0683384
0.615504
0.1898
0.360791
0.222713
-0.088454
-2.13144
0.169338
-0.118192
0.520495
0.483694
1.76841
0.432948
1.3025
-0.166206
0.221228
0.270067
0.207151
-2.14796
0.619612
-1.07732
0.518052
-0.469891
2.42547
1.11641
1.06462
0.150056
0.0972798
0.215664
0.709961
-2.01166
1.47927
-1.17369
0.639327
-0.51263
2.68504
1.3011
0.641953
0.492072
0.209501
0.0630517
0.904258
-1.3057
2.59446
0.450745
0.898077
-0.938517
2.63617
1.9243
0.728406
0.321498
-0.0262049
0.0355662
1.74654
-0.514271
3.45972
1.19185
1.83546
-0.0181407
2.73573
1.77471
0.939043
0.421307
-0.12258
0.090516
3.00952
0.269127
2.56369
1.17758
1.93875
1.12511
2.58118
1.7118
1.16631
-0.025313
-0.0536004
0.0905863
4.52212
-0.133696
1.21899
1.062
2.85211
1.47015
1.83347
2.06006
0.691899
-0.292907
-0.0836059
0.078958
5.4775
-0.572882
-0.536967
0.601947
3.17789
1.36179
1.60725
2.11612
1.07443
-0.376763
-0.179629
0.123797
5.86687
-0.652062
-1.25621
0.666384
2.43879
1.42393
1.99738
2.38318
1.44477
-0.35196
-0.266005
0.0885103
6.3597
-0.13899
-1.2796
1.34085
2.57674
0.958405
1.27017
3.14864
1.47853
-0.207861
-0.415481
-0.00691106
6.21754
0.818243
-1.07094
1.94019
2.83637
0.493348
1.08162
3.46255
1.31907
-0.166981
-0.557031
-0.0127384
5.68198
1.13751
-0.466686
1.80394
2.42151
0.810755
1.41128
2.78018
1.33626
-0.326299
-0.481319
-0.0115892
5.44239
1.1183
0.333917
1.66714
1.87982
1.88066
1.3441
2.21899
1.36547
-0.453686
-0.408656
-0.000121159
5.47857
0.612182
0.65439
2.41755
1.42876
2.45542
1.28389
2.0193
1.0218
-0.642644
-0.369813
0.119274
5.51334
0.85689
0.205785
2.49068
2.49135
2.55437
1.46942
1.65181
0.641291
-0.512026
-0.255359
0.0923659
5.63459
0.853768
-0.317667
2.05047
3.76802
1.77409
1.2696
1.95359
0.526363
-0.511892
-0.266984
0.11612
5.38353
0.949382
-0.20572
1.77173
3.91216
1.70144
1.19054
1.85398
0.513363
-0.590139
-0.214568
0.141185
5.30774
0.427451
0.358131
3.22832
3.41511
2.25696
1.68385
1.21341
0.73331
-0.838001
-0.235475
0.192272
5.18352
0.204382
-0.175575
3.16573
3.26782
1.91014
1.91941
1.25609
0.781632
-0.806373
-0.187461
0.194032
5.45788
0.177793
-0.491383
2.69156
3.86028
1.77949
1.63451
1.72096
0.500672
-0.659898
-0.135742
0.22031
5.24993
0.656762
-0.714287
2.25782
4.23177
1.87119
1.34777
1.92527
0.316468
-0.5305
-0.0943148
0.22173
5.74299
0.289702
-2.03777
2.1999
3.73092
1.82975
1.7737
2.34792
0.468386
-0.482835
-0.149807
0.231919
5.44036
0.237824
-2.16419
2.04881
3.63299
1.52983
2.25275
2.69871
0.571377
-0.587565
-0.214679
0.228606
5.07705
0.336346
-0.919282
2.0244
3.31323
0.84294
2.75152
2.49815
1.07198
-0.820018
-0.275697
0.202071
4.5969
0.994085
0.00635208
2.31246
3.05062
1.1419
2.56997
2.58068
1.27494
-0.900925
-0.321932
0.14678
4.53804
1.17462
-0.244195
2.96067
3.29027
1.02973
2.76604
2.23011
1.39374
-0.696754
-0.314515
0.11093
4.45272
0.844943
0.0111441
3.40357
3.28215
0.596525
2.90161
1.93102
1.45112
-0.707383
-0.210764
0.139493
4.25877
0.999202
0.354519
2.39782
3.28169
1.3558
2.596
2.10615
1.34972
-0.788982
-0.277551
0.130061
4.55069
0.726496
0.433906
2.03283
3.24988
1.49353
2.45401
2.57213
1.05215
-0.720378
-0.337005
0.124952
4.50072
0.398833
1.25125
2.49885
2.87745
1.79413
2.52158
2.48388
1.11276
-0.867986
-0.334654
0.166817
4.36083
0.503735
1.99926
3.0456
3.44264
2.50155
2.69831
1.41304
1.11317
-0.94243
-0.132858
0.275696
4.19034
1.66174
2.14793
3.07596
3.48207
2.42256
2.73564
1.15541
1.04797
-0.911057
0.158177
0.206657
4.30129
2.21792
1.91972
2.74844
3.46835
1.50061
2.8094
1.48018
1.08672
-0.892174
0.0785115
0.150948
4.18939
2.26552
1.69871
2.52301
3.89038
1.68663
2.55265
1.45267
0.858636
-0.766074
0.0743722
0.137622
3.74048
2.08867
1.97939
3.00675
3.8167
1.89163
2.37215
1.74226
0.669561
-0.784566
0.159741
0.148106
3.66143
1.95051
2.24562
2.91738
3.91864
1.65138
2.34018
1.53326
0.609677
-0.57479
0.221129
0.152681
3.91857
2.28215
2.22075
2.69471
3.93202
1.70252
2.50807
1.09521
0.908917
-0.707921
0.244561
0.148941
3.90758
2.18587
2.21701
2.43399
3.89333
1.97886
2.62802
1.35888
0.780192
-0.764298
0.217467
0.159995
3.42726
2.00629
1.87308
2.40794
3.75988
1.92877
2.61486
1.93943
0.531298
-0.703266
0.116517
0.147441
3.15864
2.21744
1.94759
1.8096
3.22637
1.78602
2.1063
1.81082
0.170631
-0.277875
0.139559
0.0772759
3.32323
2.19021
2.32956
1.78121
2.99111
1.52981
1.68445
1.34338
0.366353
0.0119921
0.111045
0.055158
3.46896
2.17364
2.25733
1.86485
3.28135
1.06501
1.72955
1.17859
1.13256
-0.222944
0.131464
0.0835269
2.96526
1.89997
1.95006
1.53789
3.82722
1.32071
1.97606
1.18674
1.20105
-0.394822
0.192665
0.106605
2.7625
1.7946
2.21324
1.41957
3.41231
1.04924
1.69793
0.820311
0.833407
0.176931
0.191448
0.0964646
3.05154
1.61397
1.92335
0.936477
3.34623
0.323073
1.68723
0.854891
0.548579
0.164278
-0.045222
0.103045
