131
119
119
116
123
121
78
100
102
99
99
98
112
137
121
127
156
139
131
100
130
170
124
129
106
96
99
103
95
72
83
68
73
91
89
59
81
105
62
78
66
76
84
74
66
61
49
35
51
54
62
52
60
79
42
53
37
42
45
19
18
12
14
25
32
37
39
16
42
66
25
39
26
28
26
33
42
20
34
52
51
23
25
33
44
62
36
62
49
48
45
47
57
42
48
50
64
75
82
76
75
74
39
64
83
94
92
100
88
74
61
53
53
59
70
57
92
100
54
42
38
42
40
40
68
78
76
73
77
81
84
75
79
86
54
79
78
85
75
66
80
79
79
86
96
101
119
117
128
131
73
78
72
89
102
96
104
98
90
70
67
50
57
61
64
90
48
69
66
48
41
36
36
33
27
36
46
48
50
16
37
25
-4
18
14
22
21
22
16
25
18
6
-4
-3
11
5
28
33
-18
-2
-2
-22
-27
-37
-33
-28
-20
-18
-17
-16
-41
-43
-21
-11
-22
-7
-9
-34
-36
-28
-25
-11
1
-8
-15
-16
4
18
35
34
-13
-27
-19
-18
-25
6
3
-2
21
25
28
14
14
-13
-8
-2
-25
-6
-10
-11
-26
-26
-2
-7
-11
-18
-11
-8
0
-10
-3
24
-10
6
11
26
27
23
19
24
43
48
46
29
41
39
55
86
62
87
91
80
81
75
65
59
56
71
53
43
53
40
55
64
23
23
27
23
24
59
55
35
40
37
28
32
42
35
35
38
-9
33
41
24
32
10
1
0
10
20
32
34
40
33
54
40
-12
2
-10
18
34
24
25
15
29
28
16
-1
6
18
24
40
23
30
11
20
-4
-14
-14
-24
5
12
15
10
30
28
30
17
-14
38
40
61
53
36
24
16
27
7
-7
-18
2
4
33
25
-19
12
22
14
18
34
32
17
11
17
18
28
25
15
29
43
25
34
30
38
28
7
15
19
23
10
15
28
61
73
82
73
35
55
44
68
68
77
84
67
66
70
79
79
81
66
95
111
60
77
64
35
46
57
61
50
51
45
49
73
77
41
55
62
8
36
37
33
43
37
38
43
41
42
51
185
391
420
344
332
384
387
192
81
97
-35
-172
-223
-261
-246
-122
-128
-194
-118
-10
-57
-111
-23
-34
-51
-42
-20
-29
26
92
91
118
166
178
82
77
114
6
-50
-152
-195
-190
-204
-184
-166
-123
-61
-28
-18
17
48
64
16
-24
-3
-19
-22
-23
-25
4
25
-3
1
51
60
28
-21
-13
-13
-69
-68
-97
-87
-69
-69
-65
-41
-26
-30
-53
-76
-80
-113
-101
-96
-118
-97
-106
-109
-106
-86
-86
-83
-113
-135
-128
-170
-183
-176
-170
-171
-205
-192
-190
-184
-198
-210
-229
-257
-271
-327
-376
-383
-351
-367
-319
-260
-268
-200
-106
3
116
250
370
428
481
541
552
521
489
428
385
310
211
195
141
90
52
45
46
53
48
18
42
68
105
134
186
251
241
275
248
205
133
23
-118
-301
-479
-638
-787
-952
-1044
-1134
-1181
-1195
-1247
-1233
-1250
-1303
-1348
-1395
-1554
-1818
-2161
-2212
-1651
-812
-221
217
1046
2114
2684
2754
2730
2777
2494
1599
565
-53
-322
-832
-1518
-1770
-1453
-1238
-1315
-1301
-928
-506
-580
-835
-832
-584
-444
-459
-210
404
1030
1407
1731
2234
2729
2864
2537
2064
1598
1105
402
-316
-753
-946
-1108
-1216
-1051
-592
-58
246
440
650
819
837
599
365
281
208
-39
-265
-302
-244
-268
-490
-751
-922
-1114
-1503
-1990
-2289
-2475
-2681
-2953
-3084
-3015
-2821
-2480
-1856
-778
629
1813
2405
2874
3587
4158
3966
3078
2333
1810
980
-181
-1117
-1412
-1463
-1829
-2304
-2231
-1716
-1505
-1775
-1896
-1480
-1116
-1118
-1165
-725
89
741
1137
1658
2411
2953
3018
2809
2705
2423
1573
499
-401
-972
-1489
-2052
-2396
-2308
-1945
-1568
-1115
-469
309
817
1054
1226
1433
1644
1625
1416
1319
1402
1422
1301
1191
1178
1145
878
424
62
-147
-442
-907
-1179
-1267
-1205
-1141
-1088
-861
-513
-311
-417
-592
-749
-1002
-1431
-1860
-2232
-2610
-2894
-3104
-3073
-2835
-2598
-2371
-1736
-183
1505
2236
2187
2673
3920
4391
3333
2320
2230
1976
789
-624
-1046
-621
-718
-1734
-2240
-1481
-930
-1542
-2167
-1754
-914
-965
-1491
-1304
-205
702
874
1082
1913
2735
2800
2425
2399
2537
1989
850
-87
-470
-683
-1181
-1698
-1752
-1396
-955
-650
-287
284
840
1009
955
1065
1369
1457
1218
1012
1078
1349
1345
1110
1078
1265
1239
803
304
81
-35
-431
-967
-1179
-1138
-1128
-1272
-1245
-935
-702
-866
-1201
-1396
-1516
-1905
-2532
-3004
-3284
-3502
-3711
-3809
-3653
-3390
-2558
-604
1567
2600
2700
3521
5271
5904
4547
3203
2934
2459
738
-1237
-1779
-1291
-1516
-2738
-3063
-1824
-1046
-1728
-2348
-1693
-778
-1066
-1946
-1680
-332
537
646
1021
2232
3299
3450
3232
3399
3487
2576
1072
-50
-582
-1158
-1991
-2621
-2708
-2249
-1662
-1048
-280
611
1302
1599
1716
1904
2040
1915
1596
1206
1066
1240
1265
1069
1067
1349
1350
932
471
215
32
-404
-1056
-1432
-1360
-1313
-1404
-1250
-805
-391
-475
-789
-925
-1000
-1555
-2466
-3150
-3661
-4236
-4877
-5153
-4987
-4617
-4099
-2879
-536
1790
3003
3632
4684
6107
6552
5248
3845
3309
2362
499
-1192
-1714
-1669
-2155
-3014
-3151
-2251
-1780
-2321
-2654
-2230
-1811
-2102
-2518
-1996
-803
31
602
1523
2759
3760
4119
4233
4280
3917
2779
1330
209
-695
-1634
-2579
-3093
-3040
-2620
-1946
-1075
-117
646
1257
1729
2008
2075
1928
1741
1519
1166
1008
1218
1369
1406
1525
1615
1610
1353
865
356
-22
-580
-1349
-1768
-1828
-1843
-1798
-1554
-1141
-713
-629
-812
-852
-1010
-1584
-2424
-3235
-3884
-4487
-5091
-5385
-5164
-4716
-4111
-2995
-760
1882
3468
4119
4807
6077
6850
5847
4037
3060
2255
608
-1270
-2154
-2106
-2203
-2890
-3319
-2666
-1828
-2098
-2634
-2462
-1975
-1990
-2419
-2171
-1057
79
768
1551
2716
3795
4325
4440
4376
3925
2828
1379
137
-896
-1932
-2791
-3196
-3073
-2663
-1937
-802
280
1029
1586
2146
2472
2385
2022
1774
1577
1215
916
985
1295
1461
1418
1391
1575
1516
904
302
-73
-515
-1180
-1739
-1872
-1685
-1511
-1392
-1092
-704
-580
-854
-1138
-1439
-2076
-3031
-4045
-4834
-5352
-5662
-5745
-5448
-4900
-4094
-2727
-301
2622
4388
4760
5267
6712
7587
6237
4186
3170
2306
560
-1542
-2599
-2430
-2453
-3435
-3996
-3142
-2194
-2544
-3166
-2802
-2063
-2015
-2456
-2009
-553
687
1386
2188
3406
4448
4853
4866
4682
4065
2678
1067
-171
-1214
-2377
-3244
-3467
-3293
-2883
-1893
-485
600
1250
1809
2616
3136
2841
2400
2165
1995
1641
1197
1158
1569
1724
1387
1288
1581
1438
676
15
-344
-729
-1311
-1881
-1887
-1499
-1279
-1181
-847
-411
-347
-692
-1137
-1529
-2208
-3355
-4416
-5082
-5573
-6041
-6282
-6061
-5451
-4678
-3460
-1041
2086
4118
4661
5213
6758
8048
7045
4775
3593
2808
1055
-1173
-2497
-2588
-2675
-3674
-4444
-3737
-2652
-2802
-3372
-3081
-2273
-2022
-2389
-2118
-692
689
1409
2195
3470
4727
5371
5447
5215
4593
3223
1546
212
-1039
-2457
-3666
-4180
-4068
-3611
-2656
-1228
57
918
1756
2850
3698
3712
3220
2896
2780
2468
1838
1596
1902
2026
1656
1413
1588
1548
823
-96
-602
-910
-1459
-2060
-2175
-1695
-1248
-1027
-675
-111
261
82
-350
-778
-1472
-2588
-3717
-4531
-5140
-5873
-6482
-6504
-6233
-5813
-5155
-4036
-1926
1088
3455
4461
5040
6398
8198
8171
6144
4631
3907
2557
290
-1706
-2463
-2589
-3445
-4827
-4857
-3691
-3336
-3914
-3975
-3195
-2370
-2325
-2269
-1046
604
1587
2224
3350
4791
5783
6075
5887
5394
4329
2734
1283
3
-1620
-3322
-4262
-4496
-4409
-3883
-2531
-1058
-79
817
2139
3569
4030
3581
3305
3476
3339
2561
1989
2193
2415
1882
1280
1373
1604
1029
-67
-745
-901
-1297
-2155
-2493
-2088
-1636
-1366
-1158
-549
155
260
-115
-522
-1040
-2078
-3257
-4311
-5226
-6002
-6766
-7045
-6804
-6537
-6024
-4960
-3223
-306
2600
4173
5089
6183
7816
8808
7549
5428
4406
3390
1255
-928
-2203
-2641
-3157
-4410
-5208
-4407
-3584
-3958
-4275
-3828
-2976
-2521
-2444
-1648
3
1382
2114
3152
4606
5814
6374
6352
5920
5079
3597
1905
487
-1094
-2922
-4339
-4952
-4885
-4491
-3543
-1970
-496
547
1740
3336
4399
4437
4068
3896
3839
3425
2593
2211
2388
2048
1346
1072
1135
886
2
-1067
-1499
-1619
-2261
-2788
-2580
-2001
-1495
-1138
-634
110
616
374
-182
-731
-1631
-2929
-4216
-5344
-6280
-7011
-7749
-7933
-7440
-6974
-6049
-4682
-2434
1195
3944
5014
5891
7368
9220
9236
6866
5054
4307
2783
128
-2067
-2798
-3187
-4240
-5710
-5807
-4492
-4212
-4861
-4708
-3791
-2844
-2523
-2223
-748
1066
2096
2894
4171
5654
6529
6731
6377
5661
4599
2949
1265
-318
-2115
-3813
-4914
-5233
-5018
-4378
-3143
-1547
-28
1240
2674
4408
5235
4991
4685
4677
4729
3938
2884
2752
2806
2156
1210
966
1068
473
-769
-1823
-1968
-1914
-2618
-3069
-2394
-1418
-839
-462
175
1081
1347
664
-160
-743
-1750
-3277
-4652
-5644
-6363
-6923
-7375
-7575
-7260
-6994
-6647
-5551
-4114
-1274
2169
3860
4570
5811
8203
10133
8905
6543
5711
4921
2596
-437
-2258
-2875
-4007
-6025
-7247
-6230
-5038
-5388
-5498
-4468
-2982
-2026
-1760
-737
1178
2396
2803
3585
4927
6045
6435
6307
5887
5221
4106
2669
1263
-532
-2538
-4107
-5004
-5203
-5065
-4449
-3183
-1561
-15
1759
3817
5394
5879
5675
5770
6133
5649
4181
3195
2971
2320
1061
109
4
-200
-1307
-2456
-2620
-2247
-2467
-2931
-2607
-1602
-709
-311
105
1009
1551
1010
140
-647
-1574
-2771
-4277
-5652
-6529
-7377
-8036
-8120
-8027
-7648
-7016
-6346
-4162
-57
3338
4551
5111
6981
10042
11016
8571
6505
6062
4574
1470
-1260
-2394
-2916
-4606
-6865
-7037
-5518
-5090
-5707
-5402
-4087
-2830
-2394
-1923
-177
1706
2481
3071
4350
5903
6813
6991
6841
6359
5162
3563
2197
641
-1596
-3857
-5121
-5339
-5302
-5311
-4257
-2086
-354
908
2717
5107
6619
6328
5894
6518
6670
5251
3557
2871
2576
1353
-519
-1254
-991
-1562
-2979
-3633
-3086
-2444
-2601
-2807
-1936
-688
-166
-126
239
812
577
-542
-1667
-2656
-3782
-5189
-6720
-7707
-8504
-9300
-9428
-8856
-7626
-4743
-442
2792
4272
5648
8388
11536
11339
8234
6600
6169
3996
381
-2221
-2773
-3131
-5129
-6753
-5686
-3963
-4238
-5229
-4808
-3554
-2953
-3421
-3182
-1186
548
1224
2296
4410
6560
7646
7803
7691
7246
5875
3956
2045
-102
-2603
-4765
-5840
-5691
-5239
-4811
-3194
-834
1033
2529
4208
6050
6797
6036
5405
5819
5634
3863
2380
2329
2204
1116
-11
-249
83
-659
-2403
-2923
-2234
-2227
-2933
-2966
-2055
-937
-469
-416
307
1047
481
-867
-1921
-2854
-4273
-5888
-7452
-8639
-9345
-10007
-10046
-9155
-7799
-4279
669
3556
4870
6594
9806
12751
11488
7970
6598
5983
3076
-993
-3134
-3228
-3962
-6270
-7407
-5458
-3552
-4381
-5184
-4203
-3018
-2900
-3685
-3046
-858
329
661
2064
4699
6939
7782
7986
8218
7724
6011
3886
1994
-345
-3349
-5477
-5906
-5539
-5403
-4652
-2281
355
1882
3180
5347
7084
6814
5515
5110
5451
4474
2448
1502
1596
1211
65
-621
-107
141
-1126
-2350
-2208
-1771
-2193
-3007
-3052
-2249
-1642
-1855
-1825
-1189
-1353
-2401
-3369
-4352
-5489
-6801
-8579
-9832
-10078
-9872
-7599
-2688
1273
3242
5454
8592
12394
13755
11055
8538
7462
4689
410
-2751
-4136
-5165
-7052
-8657
-7495
-4829
-4053
-4448
-3611
-2303
-1844
-2284
-2485
-1329
-350
-350
266
2235
4771
6509
7248
7768
8061
7324
5636
3671
1263
-1781
-4650
-6449
-6950
-6588
-5951
-4270
-1394
1183
3345
5470
7285
8022
7156
5878
5201
4233
2444
740
6
32
-176
-573
-171
597
568
-236
-806
-862
-1048
-1827
-2612
-2646
-2281
-2016
-1875
-1396
-991
-1370
-2322
-3481
-4513
-5688
-7521
-9504
-11069
-11784
-11111
-7964
-2581
1424
3441
6118
10446
14870
15423
12115
9938
8588
4989
126
-3222
-4364
-5768
-8529
-9704
-7442
-4642
-4490
-5063
-3735
-2255
-2367
-3291
-3073
-1405
-757
-1055
208
3245
6164
7503
8205
9252
9536
8183
6073
4071
1311
-2671
-6035
-7267
-7195
-7183
-6878
-4588
-951
1720
3499
5795
7948
8149
6660
5388
4938
4009
1707
-80
-33
318
-132
-380
456
1356
891
-423
-904
-715
-1315
-2772
-3779
-3641
-3244
-3244
-3216
-2634
-2186
-2687
-3445
-4393
-5538
-6970
-9060
-10162
-9717
-7485
-3084
310
2218
5213
9410
13550
14524
12116
10395
9222
6056
1371
-2292
-3881
-5607
-8209
-9531
-7977
-5282
-4605
-4733
-3311
-1803
-1418
-1973
-2132
-1076
-657
-980
-184
2010
4565
6126
7000
7990
8433
7695
6104
4137
1553
-1945
-5089
-6593
-6862
-6908
-6493
-4394
-1255
1455
3634
5727
7710
8070
6616
5430
4778
3343
1141
-593
-1011
-587
-671
-932
3
1093
877
233
-120
-235
-574
-1857
-2856
-2774
-2607
-2654
-2706
-2408
-2080
-2677
-3496
-4415
-5752
-7083
-8856
-10191
-9981
-7605
-2838
725
2210
4713
9060
13711
14595
11676
10104
9356
6255
1499
-2073
-3180
-4637
-7735
-9261
-7297
-4431
-4164
-4749
-3200
-1424
-1233
-2045
-2099
-745
-348
-932
-68
2415
4919
6140
6778
7812
8184
7179
5440
3466
876
-2674
-5669
-6700
-6704
-6681
-6215
-4137
-937
1724
3510
5446
7352
7422
6111
5230
4719
3654
1689
-52
-220
178
-328
-700
-7
490
-42
-978
-1492
-1443
-1861
-3229
-3966
-3577
-3175
-3066
-3032
-2727
-2479
-2986
-4054
-4884
-5909
-7411
-8457
-8758
-6351
-1512
1298
2721
5258
9020
13213
13943
11059
9490
8546
5218
776
-2402
-3742
-5175
-7592
-8855
-6965
-4199
-3917
-3985
-2447
-1024
-749
-1400
-1225
106
268
-265
711
3189
5660
6656
7001
7973
8310
7117
5163
3168
463
-3223
-6293
-7357
-6996
-6918
-6765
-4681
-1351
1232
2949
4869
6677
6882
5502
4461
4291
3516
1611
61
38
600
450
119
701
1232
450
-843
-1518
-1695
-2590
-4241
-5360
-5338
-4848
-4875
-4822
-4313
-4018
-4285
-4880
-5461
-6395
-7156
-7419
-5633
-1043
2209
3390
5777
9622
13629
14623
11996
10335
9243
5571
785
-2640
-4375
-6533
-9420
-10299
-8239
-5650
-5094
-4518
-2107
-316
-107
-352
158
1287
972
109
1207
3447
5239
6192
7075
8306
8537
7454
6088
4457
1601
-2387
-5228
-6188
-6790
-7607
-7676
-5898
-2963
-673
1109
3430
5271
5455
4945
4666
4323
3285
1427
116
167
152
-276
-148
495
828
432
-231
-561
-813
-1798
-3237
-4195
-4678
-5009
-5250
-5482
-5523
-5672
-6359
-6946
-7616
-8208
-8150
-6448
-1918
1838
3266
5598
9479
13485
14669
12489
11248
10246
6260
1571
-1259
-2729
-5276
-8780
-9587
-7344
-5300
-5333
-4833
-2183
-646
-1033
-1297
-258
1014
395
-550
1002
3521
5104
6038
7338
8969
9189
8051
7047
5724
2789
-1275
-4224
-5462
-6289
-7379
-7529
-5805
-3425
-1385
686
3071
4874
5108
4584
4429
4083
2832
1186
42
-382
-706
-1050
-860
-250
-71
-581
-937
-1004
-1403
-2154
-3119
-3999
-4500
-4983
-5297
-5289
-5538
-5932
-6410
-7003
-7494
-7571
-6948
-3646
997
3072
4145
6790
11068
14578
13211
9698
8812
7633
3596
-864
-3348
-4367
-6548
-9259
-8859
-5599
-3681
-4405
-3747
-1003
613
365
-171
1018
2341
1550
1036
2910
5595
6774
6579
7214
8717
8655
6907
5186
3622
838
-2940
-5154
-5400
-5704
-6831
-6819
-4405
-1382
294
1392
3492
5246
5032
4322
4350
4367
3199
1190
192
658
485
-797
-1279
-799
-1001
-2148
-2864
-2939
-2885
-3663
-5021
-5109
-4528
-4725
-5139
-5418
-5668
-6048
-6750
-7156
-7272
-7214
-5393
-269
4344
5342
6126
9319
13439
14480
10887
8023
7387
4287
-740
-3763
-4481
-5570
-8435
-9890
-7336
-3986
-3735
-4459
-2517
-268
-165
-835
-272
1536
1944
887
1851
4946
7284
7741
7812
8987
9674
8465
6599
4838
2549
-978
-4126
-5059
-4985
-5685
-6471
-5349
-2664
-518
609
1901
3458
3908
3129
2883
3249
2782
1377
354
627
1256
921
333
555
734
-265
-1471
-1996
-2342
-3206
-4672
-5684
-5676
-5691
-6213
-6735
-6940
-7346
-8098
-8378
-8576
-8427
-5430
-694
2374
4465
6820
10632
14427
14047
11457
10442
8673
4559
316
-2211
-3694
-6153
-9023
-9303
-6732
-5019
-5338
-4542
-2345
-1053
-1152
-1411
-320
629
28
-102
1632
4130
5743
6230
7309
8874
9191
8304
7200
5642
3044
-14
-2214
-3041
-3599
-4803
-5072
-3611
-1629
-109
994
2127
2968
2880
2435
2351
2108
1120
-75
-499
-133
239
152
140
444
334
-308
-807
-1210
-1880
-2937
-4101
-4657
-4702
-4998
-5511
-5964
-6454
-7081
-7844
-8578
-8824
-8385
-6819
-2370
1891
3688
5947
8980
12282
13981
11762
9532
8485
5153
904
-1891
-3616
-5410
-7896
-9131
-7636
-5212
-4654
-4718
-2882
-1385
-1074
-886
-293
889
1011
484
1783
4218
5987
6674
7001
8022
8586
7744
6319
4579
2324
-555
-2824
-3652
-3972
-4535
-4736
-3470
-1217
719
1901
3054
4188
4276
3717
3426
3062
2227
1030
82
-49
148
-132
-339
-246
-487
-1206
-1746
-2104
-2678
-3488
-4366
-4746
-4742
-5007
-5400
-5651
-6072
-6766
-7589
-8159
-7471
-6949
-6514
-2688
1914
4459
6288
7932
11086
13862
11851
8820
7859
5587
1585
-1900
-3773
-4808
-6673
-8877
-8444
-5510
-4501
-5116
-4095
-2313
-1328
-1435
-1307
228
1351
1166
1874
4183
6604
7541
7546
8240
8940
8215
6338
4494
2645
-48
-2700
-3974
-4057
-4313
-4863
-4286
-2124
114
1046
1844
3186
3693
3307
2919
2716
2569
1776
549
490
1057
808
222
114
45
-521
-1397
-2250
-2720
-3308
-4359
-5047
-5026
-5127
-5640
-6048
-6485
-6972
-7633
-8067
-7691
-7186
-6253
-2565
1877
4343
6199
8404
11636
13889
12114
9645
8566
6066
2031
-1402
-3302
-4597
-6785
-8786
-8113
-5676
-4865
-5229
-4029
-2254
-1367
-1360
-1044
417
1241
991
1693
3790
5937
6785
6942
7805
8613
7974
6357
4782
3093
544
-1891
-3140
-3554
-3934
-4499
-3976
-1989
-249
596
1620
2870
3365
3234
2993
2815
2584
1624
601
596
690
98
-444
-694
-817
-1351
-2169
-2619
-2842
-3412
-4149
-4609
-4524
-4666
-5384
-5983
-6573
-7112
-7479
-7855
-7794
-7449
-4922
-35
3216
4980
7094
10097
13538
13674
11120
9811
8158
4550
546
-2038
-3378
-5493
-8143
-8985
-7124
-5303
-5613
-5304
-3587
-2249
-1766
-1603
-392
1186
1447
1753
3519
5977
7623
7894
8220
8973
8795
7267
5349
3516
1001
-1901
-3857
-4525
-4700
-5212
-5175
-3466
-1124
358
1456
2840
3745
3783
3605
3391
3294
2645
1320
884
1179
873
195
-185
-420
-1005
-1949
-2862
-3356
-3879
-4950
-5746
-5745
-5671
-5909
-6382
-6430
-6051
-6109
-6220
-6693
-7319
-5579
-1233
2386
3969
5094
7859
12152
13801
11686
10126
9327
6361
2264
-650
-2116
-3902
-7260
-9333
-7683
-5324
-5288
-5673
-4108
-2153
-1541
-1643
-727
880
1113
549
1693
4505
6620
6899
7156
8650
9519
8562
7087
5616
3451
286
-2613
-3818
-4152
-5397
-6542
-5412
-3014
-1277
-15
1537
3250
4076
3800
3738
4041
3393
1790
675
740
712
-196
-871
-767
-766
-1484
-2481
-2877
-3022
-3971
-5288
-5894
-5790
-6079
-7191
-7682
-7493
-7437
-7248
-7411
-7457
-5134
-799
2738
4696
6056
8518
12300
13518
11297
9654
8665
5819
2079
-679
-2049
-3575
-6544
-8418
-6907
-4804
-4965
-5535
-4314
-2482
-1847
-2040
-1111
600
1141
1033
2353
5143
7261
7464
7584
8921
9507
8345
6646
5042
2939
2
-2546
-3572
-3869
-4847
-5734
-4711
-2438
-988
-81
1237
2535
3146
2974
2816
3113
2838
1552
773
1056
1133
465
-241
-504
-873
-1676
-2748
-3497
-3864
-4715
-5713
-5983
-6053
-6334
-6966
-7333
-7051
-7525
-8105
-8193
-8107
-5191
-509
2301
4282
6291
9291
13406
14119
11503
9906
8477
5205
1398
-1354
-3125
-5102
-7898
-9177
-6995
-4791
-5107
-5197
-3761
-2078
-1455
-1638
-806
459
518
584
2422
5379
7291
7442
7836
9401
10012
8652
6772
4823
2293
-588
-3081
-4069
-4363
-5535
-5929
-4194
-1817
-266
826
2123
3385
3826
3358
3071
3065
2151
743
259
562
631
177
-245
-112
-242
-1076
-1968
-2642
-3437
-4570
-5508
-5794
-5950
-6456
-6921
-6938
-6931
-7055
-7480
-7566
-7347
-5896
-1638
2035
3550
5105
7678
11523
13433
11321
9465
8783
6365
2683
-232
-1626
-3339
-6261
-8223
-7176
-4840
-4967
-5791
-4608
-2820
-1993
-2070
-1428
179
754
703
2206
5031
7202
7571
7757
9084
9751
8608
6718
4998
2769
-155
-2623
-3786
-4114
-5085
-5737
-4423
-2198
-619
365
1659
3073
3616
3417
3350
3427
2873
1595
927
1249
1278
620
6
-31
-277
-1137
-1949
-2666
-3424
-4488
-5570
-5767
-5662
-6145
-6791
-6982
-6980
-7115
-7334
-7542
-7698
-6383
-2262
1807
3742
4934
7258
11271
13504
11512
9300
8602
6370
2561
-551
-1969
-3158
-5818
-8095
-7022
-4364
-4218
-5308
-4576
-2879
-2143
-2616
-2324
-738
88
-37
1246
4389
7211
8057
8359
9727
10698
9797
7763
5732
3322
77
-2894
-4354
-4705
-5629
-6427
-5277
-2848
-932
192
1459
2996
3715
3441
3297
3509
3062
1841
1130
1497
1769
1305
681
576
426
-563
-1708
-2521
-3334
-4519
-5676
-6119
-6000
-6278
-6895
-6996
-7051
-7241
-7577
-7556
-7077
-6171
-2774
1347
3737
5564
7492
10724
13373
11866
9386
8321
6226
2701
-817
-2700
-3772
-5784
-7849
-7498
-4788
-3883
-4703
-4161
-2785
-1850
-2200
-2562
-1402
-488
-469
498
3089
6065
7488
8052
9440
10611
10166
8333
6260
3987
872
-2223
-4147
-4814
-5571
-6346
-5482
-3259
-1293
-179
962
2384
3093
2878
2494
2519
2326
1367
695
1067
1554
1460
1034
1086
1117
355
-627
-1562
-2491
-3669
-4981
-5554
-5765
-6117
-6764
-7214
-7020
-7409
-8017
-8207
-8462
-7346
-3147
1505
3959
5296
7412
11450
14692
13121
9900
8912
7050
3078
-466
-2384
-3350
-5567
-8250
-7785
-4620
-3409
-4708
-4666
-3063
-2018
-2442
-2857
-1770
-705
-780
79
3021
6304
7840
8091
9320
10836
10383
8407
6129
3688
623
-2498
-4377
-4761
-5283
-6232
-5503
-3116
-1056
-73
742
2014
2720
2369
1909
2110
2116
1204
436
943
1833
1755
1092
946
1010
246
-1020
-1997
-2729
-3652
-4852
-5451
-5113
-5076
-5658
-5954
-6109
-6429
-6976
-7875
-8508
-8485
-7148
-2664
2080
4187
5787
8757
12784
15049
13015
10184
8800
6122
1827
-1384
-2724
-4140
-6613
-8206
-6758
-3675
-3177
-4258
-3630
-2344
-2131
-2837
-2941
-1859
-1343
-1327
423
3900
6933
8161
8923
10454
11281
10159
7830
5456
2556
-1077
-3930
-5143
-5385
-5925
-6189
-4701
-2104
-276
509
1477
2375
2266
1670
1395
1463
1208
343
114
1089
1915
1752
1339
1349
999
-121
-1359
-2553
-3451
-4457
-5445
-5567
-5236
-5376
-5718
-5837
-6024
-6371
-6782
-7233
-7715
-7948
-5882
-1071
2571
4029
5623
9044
13353
14065
11148
9546
8566
5443
1130
-1542
-2367
-3904
-6715
-7810
-5312
-2815
-3521
-4247
-3036
-1756
-1975
-2915
-2468
-1130
-972
-763
1450
4949
7193
7855
8923
10443
10635
8919
6702
4690
1764
-1749
-4200
-4780
-4922
-5762
-5809
-3970
-1573
-280
370
1479
2301
2023
1383
1374
1757
1229
222
406
1450
1803
1092
445
416
-103
-1511
-2984
-3763
-4216
-5089
-5776
-5562
-5142
-5369
-5839
-6231
-6500
-7027
-8215
-8721
-8087
-6134
-1603
2546
4762
6996
9790
13302
14867
12196
9236
7534
4811
754
-2420
-3695
-4756
-6420
-7447
-5735
-2700
-2469
-3452
-2912
-1814
-1622
-2529
-2685
-1414
-512
65
1958
5411
8278
9260
9945
10925
11014
9329
6503
3908
1032
-2297
-4776
-5511
-5254
-5388
-5151
-3507
-1220
321
873
1568
2239
2018
1399
1260
1662
1588
912
954
1747
2141
1477
486
-12
-774
-2284
-3865
-4726
-5067
-5454
-5774
-5569
-4796
-4439
-4838
-5187
-5510
-6239
-7222
-8419
-8903
-7366
-3429
660
2981
4966
7973
11897
14207
12391
9682
8312
5846
1948
-1428
-2921
-3828
-5670
-7011
-5656
-2648
-1867
-3035
-2836
-1727
-1563
-2585
-3161
-2233
-1284
-879
634
3960
7352
8781
9499
10706
11234
10094
7572
4980
2360
-829
-3533
-4629
-4508
-4582
-4655
-3431
-1293
212
724
1250
1914
1783
1157
1013
1477
1708
1191
1134
2130
2712
2054
1016
425
-378
-1882
-3705
-4884
-5170
-5638
-6104
-5752
-4915
-4509
-4633
-4978
-5394
-5940
-6951
-8224
-8677
-8175
-5486
-255
3516
5268
7563
10855
14263
14233
10492
7842
6115
2522
-1734
-3842
-4222
-5166
-6723
-6605
-3514
-941
-1835
-2797
-2022
-1380
-2145
-3345
-2901
-1372
-575
447
3303
7257
9610
10232
10855
11298
10526
7933
4898
2349
-708
-3687
-5182
-4951
-4390
-4254
-3481
-1585
375
1180
1333
1921
2189
1598
1190
1675
2314
2200
1869
2310
3130
2955
1520
251
-508
-1885
-3851
-5260
-5750
-5845
-5921
-5872
-5235
-4374
-4417
-4786
-5139
-5790
-6786
-8033
-8867
-8497
-6427
-1798
2595
4763
6674
9552
13022
14175
11021
7629
5945
3344
-737
-3533
-4009
-4327
-5625
-6300
-4182
-1102
-1239
-3074
-3231
-2444
-2709
-4082
-4294
-2624
-995
176
2519
6533
9790
10773
10991
11302
10921
8750
5458
2736
128
-2701
-4567
-4515
-3654
-3347
-3016
-1803
-23
855
548
618
966
624
240
823
1967
2609
2658
3059
4038
4237
2884
1225
198
-1154
-3123
-4770
-5474
-5514
-5526
-5501
-4930
-4058
-4020
-4705
-5465
-6107
-7239
-8656
-9751
-9898
-8342
-4352
975
4635
6517
8879
12232
14880
13340
8905
6308
4393
766
-2913
-4206
-3851
-4393
-5656
-4893
-1762
-325
-2413
-4101
-3783
-3687
-4970
-6089
-4870
-2407
-693
1265
4909
9250
11414
11452
11461
11223
9552
6283
3011
588
-1874
-4164
-4838
-3702
-2713
-2634
-2045
-588
514
393
-130
108
303
-148
55
1499
2892
3206
3260
4004
4685
3808
1745
269
-718
-2400
-4395
-5397
-5169
-4872
-4954
-4816
-3823
-3178
-4006
-4956
-5524
-6433
-7732
-9273
-9892
-8386
-6037
-1836
3131
5896
7898
10358
12844
13834
10815
6657
4518
2558
-897
-3472
-3585
-3249
-3644
-4096
-2842
-415
-852
-3461
-4568
-4455
-4820
-6059
-6173
-3972
-1278
821
3350
7316
10582
11325
11024
10539
9604
7154
3648
1154
-633
-2614
-3964
-3622
-2353
-1782
-1836
-1363
-355
-102
-792
-1026
-556
-285
-104
878
2692
3926
4031
4130
4628
4397
2682
608
-697
-1707
-3267
-4734
-4879
-4276
-4014
-4126
-3938
-3318
-3550
-4870
-5971
-6643
-7729
-9144
-10381
-9823
-7440
-3995
1337
5806
8106
9967
11987
14107
13453
8914
4999
3232
1096
-2081
-3446
-2838
-2418
-2925
-3285
-1674
-257
-2402
-5295
-6165
-5880
-6259
-7024
-5714
-2426
835
3185
6075
9904
11917
11546
10406
9455
7912
4764
1673
-36
-1220
-2634
-3268
-2240
-1072
-1171
-1740
-1457
-930
-1373
-2091
-1823
-907
-295
398
2150
4162
4875
4510
4384
4582
3570
1237
-567
-1337
-2129
-3464
-4219
-3628
-2819
-2951
-3359
-3165
-3003
-4067
-5824
-6962
-7660
-8873
-10103
-10745
-9241
-6260
-2275
2945
6684
8528
10323
12214
13401
11499
7172
4315
2937
895
-1449
-1761
-1014
-1126
-1867
-2113
-1053
-1338
-4424
-6923
-7432
-7136
-7440
-7253
-4741
-1006
2236
4566
7578
10694
11548
10502
9259
8306
6478
3518
1304
382
-431
-1667
-2071
-1157
-726
-1590
-2398
-2290
-2200
-2783
-3029
-2082
-807
-58
1002
3012
4642
4815
4117
3935
3836
2366
299
-849
-1086
-1836
-2999
-3239
-2576
-2224
-3025
-3593
-3473
-3904
-5275
-6701
-7406
-7867
-9135
-9988
-9712
-8087
-5743
-2183
3142
6872
8202
9316
11101
12908
11295
6799
4398
3769
2263
-228
-855
0
-33
-1412
-2553
-1793
-1982
-5085
-7851
-8215
-7154
-6875
-6752
-4311
-206
3169
5052
7265
9903
10868
9824
8253
7445
6237
3797
1886
1176
750
-292
-1291
-1088
-831
-1761
-3037
-3326
-3216
-3474
-3353
-2342
-842
189
1181
2922
4392
4517
3719
3418
3242
2049
358
-629
-773
-1358
-2446
-2819
-2259
-2107
-3111
-3955
-3989
-4346
-5677
-7087
-7831
-8165
-9181
-10094
-9856
-8103
-5953
-2973
2136
6290
7947
8968
10429
12315
11543
7461
4777
4284
3178
675
-294
442
587
-871
-2618
-2399
-2344
-5198
-8326
-8968
-7702
-6925
-6890
-4675
-407
3242
5064
6856
9329
10530
9700
8034
7361
6654
4530
2637
2001
1845
830
-673
-1111
-1039
-1946
-3413
-3980
-3885
-3834
-3557
-2492
-829
345
1231
2603
3956
4244
3615
3202
2918
1978
711
-49
-196
-788
-1884
-2293
-1970
-2144
-3206
-4076
-4222
-4689
-5890
-7160
-7757
-8036
-9214
-10129
-9790
-8202
-6306
-3820
1021
5661
7690
8370
9558
11757
11761
7850
4888
4571
3981
1580
222
1042
1462
-13
-2385
-2739
-2415
-5056
-8671
-9825
-8325
-7040
-7025
-5160
-897
3054
4894
6254
8441
9841
9307
7591
6982
6721
5161
3553
2955
2978
2255
494
-605
-947
-1955
-3640
-4632
-4643
-4472
-3978
-2815
-1059
433
1336
2451
3596
3955
3365
2766
2433
1713
900
387
396
69
-896
-1316
-1274
-1562
-2784
-3923
-4424
-4981
-6220
-7299
-7978
-8353
-9259
-10270
-9932
-8558
-7024
-4769
-199
4760
7360
7869
8948
11255
12040
8635
5437
5076
4790
2704
989
1706
2403
867
-2023
-2900
-2555
-4795
-8867
-10603
-9044
-7264
-7147
-5745
-1494
2707
4819
5728
7551
9165
8825
7218
6691
7022
6075
4600
4051
4342
3839
1750
-112
-920
-2091
-3917
-5091
-5098
-4834
-4214
-2895
-984
658
1376
2075
2982
3369
2857
2247
2039
1772
1253
997
1258
1058
186
-547
-855
-1221
-2458
-3794
-4320
-4837
-5878
-6822
-7175
-7774
-8795
-9796
-9899
-9145
-8089
-6759
-3170
2181
5749
7112
8263
10001
11558
10517
7039
5498
5395
4027
2178
2076
2910
2276
-188
-2358
-2695
-3821
-7277
-10365
-10523
-8722
-7430
-6643
-3839
394
3464
4806
5959
7478
8115
7282
6287
6728
7060
6194
5445
5487
5439
4052
1664
-255
-1606
-3436
-5026
-5395
-5073
-4612
-3584
-1851
-54
969
1269
1688
2189
2252
1820
1672
1962
1948
1829
2089
2337
1787
639
-249
-878
-1801
-3122
-4190
-4780
-5345
-6340
-6882
-7318
-8174
-9241
-10045
-10007
-9152
-7788
-5179
-46
4564
6502
7569
9501
11641
11599
8159
5829
5890
5229
3168
2192
3230
3372
1147
-1830
-2668
-3176
-6413
-10295
-11335
-9562
-7912
-7426
-5474
-1213
2306
3708
4437
6058
7202
6752
5828
6497
7770
7399
6676
6686
6799
5539
2840
464
-1158
-3100
-4895
-5387
-4975
-4512
-3790
-2433
-875
94
218
375
739
946
885
1286
2044
2436
2498
2876
3312
2673
1304
103
-746
-1695
-2988
-3949
-4391
-4855
-5825
-6457
-6982
-8000
-9359
-10582
-10876
-10247
-8950
-6587
-1519
3599
6075
6992
8792
11345
11723
8386
5725
6183
6244
4402
3049
4089
4846
2709
-943
-2580
-3093
-6222
-10596
-12169
-10355
-8381
-7953
-6372
-2169
1456
2530
2766
4274
5908
5756
4884
5933
8218
8745
8132
8072
8412
7285
4215
1328
-488
-2401
-4511
-5335
-4776
-4025
-3602
-2823
-1673
-1005
-1044
-1154
-865
-468
-71
719
2027
2990
3330
3676
3993
3442
1973
631
-265
-1215
-2396
-3224
-3499
-4040
-5010
-6106
-6882
-8037
-9819
-11340
-11731
-11316
-9835
-7274
-2340
3068
5624
6460
8155
10718
11134
8190
5533
6179
7094
5815
4554
5532
6400
4417
517
-1949
-2985
-6180
-10592
-12381
-10784
-8800
-8267
-6862
-3053
511
1285
1061
2331
4105
4466
3958
5198
7855
9175
9092
9305
9574
8340
5363
2517
750
-1143
-3289
-4221
-3662
-3034
-2930
-2784
-2388
-2162
-2582
-2926
-2702
-2192
-1474
-247
1478
2837
3419
3736
4071
3626
2255
1012
229
-390
-1077
-1678
-1927
-2434
-3523
-4939
-6202
-7924
-9911
-11484
-12179
-12206
-11062
-8640
-3923
1622
4330
5123
6669
9187
10172
7999
5558
6289
7959
7408
6469
7371
8319
6548
2619
-224
-1712
-4878
-9328
-11419
-10314
-8571
-8281
-7545
-4461
-1300
-730
-1421
-651
1256
2293
2342
3752
6913
9049
9595
10133
10565
9553
6916
4295
2752
1132
-1011
-2148
-1842
-1483
-1895
-2489
-2839
-3334
-4218
-4723
-4541
-4038
-3151
-1669
350
2007
2695
2978
3399
3236
2253
1303
958
853
590
312
242
-359
-1722
-3374
-4896
-6602
-8999
-11133
-11875
-12097
-11637
-9976
-6873
-1940
1806
2920
3687
5500
7372
7238
5500
5503
7574
8603
8163
8480
9460
8927
5928
2391
255
-1897
-5591
-8479
-8738
-7571
-6969
-7176
-6035
-3737
-2715
-3565
-3948
-2722
-1156
-157
1039
3842
6823
8253
9106
10091
10099
8476
6342
5060
4304
2857
1581
1438
1485
697
-491
-1478
-2695
-4243
-5362
-5469
-5204
-4790
-3714
-1991
-339
418
674
1110
1434
1193
834
1007
1355
1652
1818
1988
1869
767
-988
-2484
-3824
-5836
-7885
-9285
-9995
-10132
-9661
-8351
-5851
-2443
8
749
1096
2301
3996
4404
3939
4690
6554
7742
8181
8863
9415
8338
5762
3598
1981
-192
-2917
-4455
-4491
-4136
-4234
-4681
-4349
-3887
-4213
-5067
-5483
-5009
-4038
-2740
-891
1566
3507
4715
5973
7079
7175
6227
5466
5450
5443
5141
5042
4987
4462
3483
2422
1057
-873
-2580
-3426
-3888
-4240
-4201
-3559
-2857
-2413
-2133
-1966
-1896
-1843
-1488
-835
-228
241
932
1799
2190
1841
914
-45
-880
-1911
-3165
-4206
-4905
-5561
-6125
-6339
-6023
-5453
-4634
-3087
-1436
-625
-482
-107
985
2200
2704
2929
3480
4402
5357
5891
5710
5189
4746
4148
3181
2042
1075
618
423
240
12
-540
-1175
-1604
-1921
-2470
-3257
-3862
-3778
-2991
-2157
-1500
-961
-380
378
1027
1259
1286
1472
2035
2742
3345
3960
4386
4632
4574
4152
3575
2718
1855
1227
925
614
218
-137
-342
-394
-689
-1152
-1526
-1665
-1790
-1840
-1636
-1241
-805
-651
-778
-1040
-1249
-1501
-1852
-2169
-2329
-2420
-2531
-2563
-2668
-2937
-3391
-3903
-3920
-3545
-3093
-2545
-1567
-457
325
553
417
751
952
762
463
381
893
1586
2206
2702
3177
3387
3376
3235
2977
2676
2325
2029
1906
2069
2062
1712
1356
1063
685
-35
-923
-1471
-1645
-1707
-1662
-1655
-1591
-1467
-1318
-1077
-969
-966
-767
-353
105
665
1134
1548
1930
2361
2800
2957
2837
2760
2895
2943
2879
2759
2736
2608
2293
1904
1559
1087
481
-95
-645
-1149
-1644
-2097
-2497
-2735
-2981
-3363
-3730
-3997
-4067
-4220
-4537
-4742
-4817
-4904
-4864
-4567
-3955
-3225
-2611
-1714
-740
-343
-443
-649
-335
176
463
606
1087
1992
2918
3765
4377
4812
4814
4518
4125
3883
3734
3400
3018
2805
2853
2662
2137
1373
667
-23
-900
-1709
-2231
-2428
-2598
-2688
-2606
-2539
-2539
-2571
-2452
-2272
-2039
-1732
-1218
-590
148
939
1545
2093
2540
2970
3265
3401
3470
3616
3823
3839
3738
3442
3053
2646
2120
1410
633
-67
-661
-1178
-1619
-2041
-2443
-2931
-3399
-3738
-4124
-4558
-4875
-4994
-5059
-5088
-5126
-5113
-4934
-4661
-4082
-3420
-2788
-2008
-1455
-1279
-1299
-949
-181
505
972
1510
2490
3512
4417
5010
5472
5411
4956
4561
4368
4325
4052
3634
3242
3076
2810
2268
1419
531
-335
-1252
-1938
-2322
-2386
-2501
-2577
-2557
-2584
-2670
-2756
-2656
-2524
-2216
-1754
-991
-197
429
1220
1804
2236
2506
2850
3187
3364
3504
3682
3858
3738
3516
3191
2749
2189
1604
1096
489
-71
-439
-680
-1038
-1494
-1959
-2382
-2857
-3343
-3719
-4016
-4118
-4131
-4165
-4267
-4349
-4534
-4737
-4847
-4781
-4350
-3784
-2901
-2190
-1796
-1618
-1087
-35
705
1098
1456
2364
3228
4033
4781
5384
5603
5216
4940
4819
4793
4370
3755
3224
2888
2626
2224
1509
658
-100
-889
-1527
-2029
-2235
-2432
-2597
-2667
-2742
-2728
-2746
-2484
-2230
-1835
-1308
-679
31
570
1300
1898
2324
2577
2881
3245
3420
3424
3392
3385
3211
2996
2668
2301
1865
1424
948
471
31
-366
-691
-1100
-1407
-1671
-1981
-2347
-2667
-2803
-3001
-3172
-3366
-3453
-3651
-4066
-4467
-4870
-4972
-4979
-4616
-3866
-2771
-1981
-1862
-1649
-983
134
732
949
1328
2265
3175
3889
4637
5208
5412
5008
4678
4638
4533
4140
3498
2998
2870
2703
2209
1484
680
-74
-909
-1593
-2009
-2229
-2447
-2645
-2617
-2525
-2446
-2323
-2059
-1672
-1235
-774
-259
299
902
1484
1858
2079
2316
2695
2845
2830
2762
2750
2684
2413
2215
1991
1667
1206
798
488
163
-241
-608
-857
-1128
-1380
-1637
-1862
-2074
-2269
-2519
-2801
-2979
-3186
-3551
-4045
-4542
-4864
-5024
-5006
-4846
-4180
-3145
-2179
-1714
-1705
-1323
-383
476
788
972
1767
2817
3674
4200
4816
5219
4965
4416
4078
4194
4089
3463
2804
2613
2726
2564
1900
1052
242
-447
-1141
-1696
-1973
-2194
-2313
-2292
-2100
-1854
-1696
-1454
-1165
-847
-536
-123
369
794
1349
1674
1895
2022
2173
2383
2335
2179
2027
1961
1872
1760
1639
1378
986
660
375
46
-374
-754
-946
-1101
-1220
-1321
-1435
-1573
-1799
-2068
-2364
-2705
-3175
-3710
-4268
-4831
-5123
-5292
-5303
-5012
-4445
-3449
-2396
-1877
-1874
-1754
-814
279
837
1008
1565
2636
3594
4300
4890
5338
5015
4378
3960
4035
4060
3480
2799
2426
2470
2357
1777
910
47
-785
-1508
-1967
-2101
-2213
-2333
-2239
-1936
-1579
-1416
-1214
-945
-675
-350
-47
415
819
1334
1787
1919
1910
1888
2044
2000
1810
1664
1618
1569
1534
1529
1322
969
531
184
-123
-486
-834
-1006
-1089
-1128
-1100
-1146
-1358
-1676
-1940
-2281
-2724
-3181
-3745
-4255
-4742
-5063
-5184
-5138
-4861
-4443
-3740
-2733
-1815
-1440
-1451
-1039
-72
878
1232
1546
2384
3345
4063
4537
5171
5391
4914
4198
3885
4023
3848
3237
2560
2293
2213
1769
965
0
-888
-1600
-2129
-2336
-2393
-2439
-2294
-2001
-1577
-1354
-1233
-919
-646
-277
69
537
986
1390
1883
2199
2246
2051
1984
1983
1920
1771
1592
1511
1439
1416
1292
984
502
7
-409
-775
-1084
-1268
-1373
-1423
-1348
-1311
-1477
-1783
-2174
-2574
-3053
-3542
-3942
-4273
-4563
-4782
-4809
-4711
-4466
-4209
-3715
-2768
-1809
-1131
-973
-792
-44
891
1510
1714
2192
2867
3590
4138
4642
5079
4850
4295
3789
3868
3900
3476
2812
2261
2116
1856
1277
435
-439
-1145
-1663
-2023
-2116
-2083
-2033
-1832
-1561
-1279
-1116
-885
-608
-280
35
362
747
1133
1619
1981
2156
2060
1932
2024
2091
2033
1874
1750
1645
1596
1566
1353
849
217
-250
-561
-845
-1161
-1397
-1450
-1494
-1639
-1856
-2167
-2615
-3066
-3522
-3912
-4200
-4466
-4700
-4816
-4730
-4543
-4340
-4094
-3709
-2898
-1805
-996
-575
-371
140
907
1508
1861
2158
2728
3254
3817
4180
4600
4663
4270
3738
3386
3461
3155
2668
2047
1707
1607
1189
570
-222
-875
-1434
-1786
-1882
-1930
-1857
-1653
-1387
-1070
-942
-794
-563
-418
-217
3
305
651
971
1394
1579
1633
1625
1687
1837
1829
1846
1803
1721
1718
1730
1606
1260
770
312
-26
-389
-699
-917
-1096
-1317
-1557
-1854
-2264
-2754
-3286
-3737
-4180
-4507
-4784
-4958
-4940
-4884
-4706
-4526
-4186
-3814
-3251
-2240
-1161
-352
-117
144
905
1764
2261
2358
2762
3343
3790
4134
4530
4804
4499
3893
3336
3295
3161
2673
1985
1451
1367
1022
556
-154
-814
-1263
-1722
-1855
-1835
-1788
-1642
-1483
-1170
-918
-748
-451
-305
-190
-54
183
507
725
1042
1351
1488
1547
1611
1806
1934
1902
1824
1715
1684
1604
1542
1338
923
579
243
-30
-284
-553
-818
-1143
-1441
-1733
-2176
-2680
-3142
-3538
-3878
-4270
-4514
-4627
-4712
-4769
-4712
-4441
-4157
-3973
-3650
-2807
-1662
-672
-195
-16
545
1279
1882
2212
2510
2955
3331
3742
4203
4654
4541
4085
3616
3325
3293
2831
2340
1747
1298
1071
656
217
-443
-981
-1409
-1703
-1706
-1762
-1729
-1569
-1379
-1153
-876
-638
-451
-407
-288
-23
259
588
895
1341
1581
1727
1920
2117
2339
2210
2149
2056
1870
1822
1710
1585
1251
795
446
106
-204
-585
-975
-1241
-1582
-1955
-2384
-2821
-3134
-3508
-3835
-4091
-4211
-4266
-4381
-4412
-4328
-4111
-3912
-3726
-3299
-2589
-1496
-565
-53
103
465
1140
1689
2000
2171
2673
3100
3574
3930
4399
4512
4004
3533
3118
3208
2954
2449
1813
1419
1430
1076
586
-144
-647
-1028
-1373
-1481
-1561
-1507
-1423
-1290
-1148
-949
-793
-649
-650
-559
-257
65
466
736
1217
1580
1762
1961
2003
2159
2142
2156
2097
1954
1949
1922
1831
1481
1062
688
298
-137
-639
-1031
-1342
-1671
-2057
-2447
-2823
-3127
-3430
-3702
-3950
-4117
-4194
-4337
-4297
-4156
-4006
-3723
-3537
-3110
-2441
-1418
-439
107
259
386
1034
1681
2105
2219
2561
3042
3460
3855
4223
4382
3975
3361
2886
2925
2774
2300
1668
1223
1235
1035
665
72
-489
-796
-1072
-1163
-1265
-1312
-1182
-1036
-840
-735
-717
-603
-603
-506
-230
120
468
762
1201
1614
1823
1869
1829
1865
1915
1910
1890
1832
1834
1867
1782
1518
1045
560
69
-413
-779
-1141
-1468
-1796
-2118
-2344
-2659
-2974
-3273
-3547
-3747
-3939
-4114
-4217
-4194
-4059
-3776
-3548
-3337
-2948
-2158
-1029
-250
-94
-172
264
1225
1922
2012
2150
2740
3335
3768
4105
4518
4409
3712
3122
3004
3292
2927
2106
1499
1327
1385
1042
414
-214
-650
-874
-1144
-1279
-1402
-1461
-1253
-1097
-987
-923
-827
-684
-593
-350
73
407
761
1150
1646
1989
1904
1872
1850
1946
2004
1882
1846
1768
1772
1795
1552
1133
549
20
-392
-791
-1137
-1545
-1862
-2066
-2257
-2490
-2778
-3018
-3244
-3428
-3594
-3793
-3925
-3962
-3781
-3429
-3151
-3043
-2851
-2240
-1128
-224
-56
-303
-193
815
1640
1895
1885
2262
2949
3392
3828
4257
4400
3836
3229
3090
3428
3365
2551
1869
1605
1775
1573
972
293
-210
-461
-819
-1109
-1348
-1454
-1398
-1316
-1310
-1333
-1256
-1121
-925
-674
-250
63
399
847
1411
1846
1820
1790
1827
2019
2162
2097
2007
1846
1810
1808
1579
1086
467
-100
-523
-911
-1275
-1643
-2049
-2284
-2471
-2670
-2906
-3177
-3391
-3556
-3634
-3677
-3700
-3691
-3525
-3210
-2950
-2809
-2555
-1924
-994
-343
-154
-203
139
948
1557
1836
1882
2209
2709
3204
3665
4046
4091
3613
3207
3104
3309
3121
2469
1894
1645
1677
1507
1092
539
106
-258
-628
-934
-1147
-1237
-1323
-1325
-1419
-1394
-1243
-1130
-990
-760
-422
-109
251
695
1182
1485
1589
1673
1790
1996
2111
2119
2015
1887
1812
1719
1437
927
351
-180
-628
-1065
-1451
-1852
-2259
-2538
-2805
-3065
-3260
-3379
-3504
-3623
-3670
-3681
-3591
-3464
-3223
-2922
-2642
-2281
-1828
-1289
-831
-321
200
562
751
1103
1613
2001
2151
2325
2780
3146
3291
3294
3330
3311
3118
2771
2470
2310
2040
1735
1341
1072
889
674
445
70
-221
-589
-906
-987
-1134
-1250
-1361
-1417
-1326
-1156
-893
-657
-507
-272
79
500
818
1047
1282
1500
1724
1923
2094
2189
2144
2134
2060
1885
1595
1203
835
386
-73
-568
-1100
-1465
-1824
-2185
-2534
-2855
-3108
-3324
-3440
-3451
-3498
-3544
-3518
-3350
-3080
-2894
-2654
-2247
-1842
-1564
-1340
-982
-447
185
763
1074
1248
1456
1795
2146
2360
2465
2474
2549
2635
2871
3037
2886
2489
2087
1954
1862
1679
1316
950
775
824
908
681
282
-122
-365
-477
-652
-944
-1138
-1184
-1064
-891
-770
-659
-605
-477
-307
-132
134
322
579
917
1259
1556
1709
1820
1907
1962
1911
1732
1505
1271
1025
711
326
-149
-626
-997
-1302
-1704
-2140
-2545
-2810
-2992
-3205
-3339
-3444
-3475
-3427
-3283
-2999
-2786
-2628
-2434
-2138
-1771
-1497
-1193
-804
-248
362
879
1206
1369
1578
1796
2015
2112
2162
2288
2434
2568
2656
2653
2475
2192
1946
1729
1539
1421
1268
1149
1193
1219
1168
970
647
308
2
-243
-458
-590
-661
-595
-489
-472
-459
-474
-432
-442
-425
-336
-172
82
365
717
989
1177
1330
1485
1586
1601
1551
1349
1217
1067
870
590
211
-163
-535
-884
-1243
-1584
-1923
-2227
-2539
-2773
-2939
-3112
-3188
-3281
-3232
-3129
-2981
-2793
-2601
-2325
-2109
-1854
-1592
-1205
-774
-368
185
664
1112
1360
1545
1778
1934
2042
2063
2160
2221
2236
2237
2271
2247
2074
1894
1617
1508
1404
1294
1245
1126
1109
1069
916
642
292
41
-148
-313
-420
-489
-518
-498
-537
-511
-565
-596
-587
-579
-431
-247
14
286
543
801
983
1135
1197
1241
1239
1161
1093
1016
867
658
388
88
-224
-572
-845
-1157
-1473
-1790
-2173
-2391
-2580
-2715
-2825
-2915
-2903
-2818
-2693
-2576
-2422
-2217
-2017
-1849
-1615
-1372
-1127
-872
-567
-103
506
1052
1280
1342
1477
1712
1806
1695
1633
1708
1776
1851
1902
2070
2065
1885
1726
1514
1493
1439
1327
1216
1061
1101
1048
835
574
311
94
-116
-292
-401
-482
-525
-572
-659
-697
-739
-700
-637
-567
-391
-187
85
285
548
744
808
882
913
916
879
804
698
523
306
136
-83
-331
-619
-976
-1265
-1611
-1927
-2196
-2406
-2516
-2614
-2657
-2671
-2608
-2497
-2436
-2373
-2266
-2124
-2001
-1798
-1543
-1309
-1106
-902
-666
-216
412
977
1163
1098
1190
1427
1524
1431
1342
1452
1500
1562
1773
1991
2020
1819
1658
1583
1645
1656
1534
1275
1047
1050
1038
930
655
412
222
-6
-205
-347
-497
-648
-794
-868
-842
-831
-715
-638
-615
-476
-305
-74
132
322
479
572
668
783
838
816
725
554
349
163
6
-162
-460
-773
-1016
-1249
-1532
-1848
-2106
-2309
-2399
-2430
-2410
-2363
-2261
-2138
-2089
-2007
-1925
-1832
-1713
-1563
-1309
-1037
-760
-516
-292
143
787
1329
1449
1190
1049
1159
1244
1221
1245
1404
1472
1577
1794
1978
1895
1605
1365
1197
1194
1296
1253
1063
870
901
962
825
538
251
-59
-309
-389
-428
-518
-636
-631
-597
-636
-625
-569
-532
-509
-390
-220
-45
172
354
453
445
477
508
518
490
374
257
50
-90
-186
-394
-700
-967
-1170
-1397
-1631
-1793
-1883
-1973
-1941
-1842
-1796
-1770
-1737
-1630
-1571
-1518
-1447
-1342
-1161
-923
-636
-416
-246
-111
20
106
202
393
540
652
782
951
1013
1013
1077
1172
1163
1170
1293
1418
1532
1598
1609
1563
1446
1395
1337
1268
1170
1088
1031
927
875
717
467
159
-77
-234
-462
-572
-602
-621
-606
-581
-513
-479
-506
-500
-467
-417
-286
-132
23
132
192
262
241
208
135
-8
-177
-327
-433
-550
-705
-860
-1029
-1217
-1375
-1480
-1595
-1673
-1671
-1623
-1578
-1543
-1493
-1428
-1372
-1311
-1217
-1119
-957
-756
-559
-377
-285
-135
39
232
425
532
583
647
729
847
935
1009
1136
1211
1350
1443
1505
1557
1496
1499
1445
1410
1400
1363
1345
1279
1222
1141
1019
863
669
455
211
1
-192
-338
-429
-437
-470
-519
-554
-562
-548
-570
-545
-522
-433
-303
-220
-68
35
97
131
133
110
52
-23
-119
-206
-287
-400
-551
-658
-773
-946
-1107
-1250
-1299
-1334
-1321
-1308
-1299
-1278
-1268
-1217
-1176
-1114
-1066
-966
-824
-690
-504
-333
-189
-83
25
142
301
444
530
597
646
747
833
934
1048
1082
1145
1199
1262
1321
1302
1261
1205
1168
1174
1180
1183
1178
1117
1087
1025
886
761
538
353
164
32
-103
-208
-233
-267
-285
-335
-360
-366
-368
-388
-434
-430
-385
-294
-220
-119
-69
-27
-35
-33
-37
-127
-180
-294
-357
-410
-535
-610
-705
-781
-859
-956
-1015
-1071
-1112
-1144
-1158
-1170
-1160
-1139
-1089
-1039
-1041
-945
-813
-694
-569
-452
-309
-186
-110
-8
97
183
268
333
467
603
682
828
906
986
1036
1064
1096
1098
1100
1070
1068
1093
1104
1089
1086
1080
1014
961
907
844
739
629
504
415
322
215
136
48
14
-39
-68
-88
-147
-149
-170
-230
-260
-282
-274
-260
-230
-163
-121
-81
-66
-93
-133
-204
-313
-319
-345
-382
-403
-414
-443
-494
-551
-641
-719
-807
-874
-903
-900
-902
-921
-870
-869
-903
-913
-871
-803
-753
-679
-594
-472
-371
-282
-209
-135
-54
-25
82
203
319
437
538
633
732
775
793
812
788
771
755
813
865
820
850
836
836
775
689
627
558
487
401
341
312
296
246
229
204
166
153
119
105
44
10
-10
-22
-48
-70
-87
-122
-100
-73
-44
-51
-96
-92
-138
-188
-224
-263
-276
-294
-287
-255
-239
-233
-266
-326
-323
-344
-438
-505
-591
-621
-635
-606
-599
-605
-590
-603
-592
-604
-589
-596
-590
-548
-506
-376
-306
-226
-129
-23
60
126
183
244
296
301
345
392
489
523
486
541
552
546
509
496
497
483
470
435
435
415
369
330
334
322
253
275
281
276
269
263
244
223
193
132
120
116
103
55
28
35
3
39
29
12
13
-15
-16
-9
-24
-31
-22
1
19
21
49
32
-13
9
-13
-37
-83
-138
-184
-238
-259
-297
-308
-304
-300
-310
-309
-302
-361
-377
-401
-382
-326
-250
-175
-94
11
97
140
155
182
190
184
158
132
190
210
247
232
220
198
159
134
93
90
43
10
23
54
73
57
82
109
135
168
207
211
224
240
251
262
274
304
294
324
314
239
219
193
176
154
147
139
143
144
147
140
110
113
137
193
219
206
246
273
296
303
300
256
209
181
146
108
69
39
-2
1
3
-61
-92
-154
-191
-226
-228
-226
-229
-198
-171
-89
-15
31
54
93
124
122
128
104
93
72
58
35
16
-14
-63
-119
-171
-204
-261
-294
-341
-406
-390
-384
-368
-343
-301
-237
-158
-140
-105
-43
-7
63
95
154
180
183
258
269
288
281
258
239
216
201
138
107
113
129
136
157
190
186
191
196
226
255
302
324
354
365
389
399
341
317
287
274
276
215
212
182
143
109
54
10
-38
-85
-141
-165
-154
-119
-95
-58
-12
15
51
54
57
68
46
39
44
37
47
39
22
0
-79
-122
-168
-265
-299
-389
-440
-454
-447
-435
-438
-424
-416
-393
-368
-331
-294
-246
-210
-188
-114
-70
-36
-12
6
43
77
94
77
84
105
101
73
74
91
53
79
106
127
150
167
193
219
246
262
266
261
281
256
263
276
248
262
233
248
262
246
215
180
164
106
69
41
27
15
31
49
35
74
68
77
85
83
61
73
91
84
101
91
86
62
48
37
-30
-65
-124
-140
-143
-195
-253
-296
-339
-364
-383
-424
-395
-360
-320
-282
-288
-222
-205
-198
-178
-160
-121
-129
-121
-80
-53
-26
-9
-23
-14
-11
-55
-61
-51
-33
-40
-52
-48
-13
19
33
44
53
78
114
156
188
160
180
198
220
227
232
252
262
275
265
270
231
221
159
116
107
48
72
57
55
59
63
85
90
83
69
89
107
139
135
164
196
152
164
150
124
92
45
5
-14
-57
-110
-158
-192
-206
-248
-258
-262
-290
-263
-261
-240
-238
-236
-206
-180
-152
-146
-133
-141
-139
-139
-115
-108
-139
-121
-134
-145
-144
-110
-123
-149
-170
-160
-138
-129
-103
-79
-44
-28
-57
-26
3
28
46
61
107
148
185
204
220
219
203
186
171
164
108
96
49
23
36
34
1
-23
-13
21
44
23
38
58
97
88
40
44
43
51
52
71
81
59
47
38
29
7
-24
-68
-69
-68
-124
-151
-175
-181
-189
-174
-178
-175
-128
-127
-99
-92
-99
-89
-85
-69
-116
-106
-102
-104
-99
-94
-79
-87
-108
-133
-135
-141
-131
-130
-112
-99
-119
-65
-69
-71
-89
-115
-97
-72
-38
4
36
46
84
110
148
127
43
36
4
10
9
-22
-30
-22
-11
-36
-49
-27
19
23
28
40
23
60
56
50
68
79
109
96
105
120
114
86
66
42
48
8
-62
-31
-63
-83
-104
-110
-111
-120
-143
-144
-102
-74
-41
-43
-16
17
4
5
-10
5
17
37
51
62
64
51
34
5
-12
-30
-26
-7
-30
-5
-23
-23
-25
-30
-27
-27
-28
-30
6
14
37
37
80
99
54
79
80
93
60
28
6
-15
-26
-62
-83
-100
-75
-62
-54
-44
-76
-56
-52
-46
-38
-3
21
43
72
90
108
93
81
55
68
61
-1
-14
-47
-50
-61
-79
-95
-114
-121
-129
-133
-149
-132
-117
-78
-48
-51
-18
-27
-14
-8
20
48
52
32
18
41
35
21
3
2
-15
-64
-49
-64
-48
-48
-63
-65
-67
-70
-92
-97
-101
-75
-61
-20
9
12
57
72
101
101
112
103
83
58
30
19
0
4
-6
-3
15
-22
0
-1
15
23
11
-5
0
11
4
2
9
58
49
66
68
23
26
11
-19
-72
-76
-74
-84
-61
-68
-83
-119
-131
-130
-122
-138
-185
-168
-147
-101
-105
-94
-92
-77
-61
-73
-49
-33
-14
-19
-1
14
-11
6
6
-9
-17
-5
42
55
48
31
43
51
45
24
18
23
-20
11
19
45
64
78
131
137
139
114
79
66
61
33
36
50
50
94
98
83
61
68
55
37
4
-39
-45
-59
-45
-64
-57
-50
-89
-86
-117
-123
-147
-167
-170
-171
-159
-152
-127
-128
-123
-132
-103
-69
-113
-105
-119
-109
-86
-76
-75
-105
-101
-87
-79
-84
-67
-58
-32
-2
-20
-1
-5
-10
-14
-21
-10
12
34
63
79
93
127
120
155
164
97
108
118
132
135
121
121
123
118
116
126
102
77
70
84
97
68
76
100
129
153
150
169
183
164
166
166
148
143
124
116
115
78
53
13
-22
-73
-116
-151
-202
-229
-239
