45
39
51
30
1
13
2
5
-16
-19
-20
-28
-16
-19
-18
-26
-29
-25
-25
-21
-64
-42
-32
-26
-40
-32
-34
-38
-25
-25
-14
-22
-16
-33
2
11
-40
-21
-37
-16
12
8
11
16
8
2
-2
2
11
22
47
31
6
20
-4
-3
-4
3
12
2
2
-17
-24
-14
9
11
23
30
4
30
24
11
-13
-10
-3
-13
-7
-21
-4
0
-10
-11
-7
-2
-32
-6
8
9
-17
-17
-12
-28
-13
-22
-17
-31
-32
-20
-25
-10
-44
-26
-18
-20
-23
-33
-24
-36
-52
-38
-24
-36
-43
-57
-27
-8
-58
-52
-58
-52
-36
-33
-26
-45
-54
-37
-4
-7
9
5
16
21
-14
-13
-26
-8
2
-1
-12
-16
-26
-34
-36
-43
-43
-60
-37
-25
-69
-51
-45
-42
-50
-60
-52
-45
-30
-27
-20
-17
-13
-40
-9
-5
-48
-27
-41
-45
-50
-55
-49
-38
-40
-47
-21
-17
-27
-33
-25
-9
-40
-22
-16
-15
-26
-40
-20
-20
-23
-31
-41
-40
-24
-39
-16
1
-45
-17
-13
-10
-11
-37
-43
-32
-18
-16
-9
-17
-2
-33
-34
-7
-22
-13
-18
-2
-6
-12
-17
-7
-12
-11
-7
-2
7
24
35
36
14
17
5
28
30
49
46
32
55
44
49
67
59
55
74
73
41
51
37
45
44
47
38
53
60
39
46
19
19
12
30
36
-10
-2
-25
-21
-15
-24
-15
-16
-14
-35
-29
-31
-22
-21
-12
-14
-63
-28
-42
-42
-32
-27
-13
-35
-18
-19
-23
-32
-36
-41
-15
-3
-36
-4
2
14
9
9
19
20
12
32
42
32
49
38
49
77
51
66
84
81
87
86
76
82
82
87
85
78
93
83
111
123
65
88
80
81
58
53
67
73
74
67
63
53
62
43
66
80
41
58
41
44
61
74
82
73
58
52
58
40
47
30
37
61
25
41
55
59
54
60
58
48
42
30
42
25
23
10
43
89
60
89
84
68
65
73
57
69
73
43
40
40
48
37
52
75
42
57
39
48
51
25
32
5
33
50
42
53
61
58
100
107
47
65
50
46
44
22
31
29
1
-21
-10
10
46
59
119
136
87
113
128
147
118
108
111
73
52
40
19
-13
-44
-75
-76
-48
-91
-69
-71
-82
-61
-68
-40
-10
9
27
51
48
79
101
111
124
96
122
107
80
35
9
-18
-49
-64
-84
-106
-112
-101
-107
-81
-38
-42
-20
-5
16
12
50
52
59
65
62
83
84
106
100
119
130
70
72
60
32
29
10
-2
14
-14
-35
-20
-21
2
11
34
58
43
80
56
61
66
50
55
29
20
31
17
-46
-49
-68
-115
-155
-213
-199
-212
-246
-222
-200
-193
-189
-181
-155
-106
-111
-121
-113
-103
-111
-158
-150
-174
-195
-216
-224
-215
-204
-219
-253
-221
-151
-77
-58
13
142
203
289
365
406
410
371
309
261
227
160
99
46
58
65
83
107
107
163
163
171
197
219
232
242
247
271
287
300
293
258
272
210
103
51
-80
-197
-303
-423
-508
-588
-656
-689
-685
-663
-622
-595
-560
-512
-522
-549
-573
-650
-837
-1031
-1160
-1006
-580
-229
17
329
959
1444
1499
1583
1717
1578
980
363
120
-8
-467
-960
-1014
-803
-768
-810
-563
-211
-86
-256
-312
-61
-3
-128
-171
-13
205
368
590
900
1155
1293
1297
1222
1185
1038
698
365
88
-93
-280
-433
-420
-273
-184
-150
29
259
387
375
334
322
267
149
9
12
-7
-88
-115
-60
31
25
-85
-199
-295
-420
-607
-812
-1006
-1130
-1216
-1310
-1351
-1264
-1210
-1221
-1141
-1089
-1116
-1024
-646
-168
222
556
1010
1610
1761
1771
1987
1988
1537
893
415
150
-265
-883
-1193
-1189
-1215
-1362
-1278
-842
-546
-565
-540
-230
52
61
93
283
525
648
772
1012
1263
1366
1284
1197
1100
956
624
240
-52
-314
-557
-707
-724
-590
-366
-240
10
389
612
789
887
925
953
885
745
646
592
456
289
210
152
74
-63
-254
-437
-588
-775
-990
-1163
-1256
-1323
-1335
-1321
-1226
-1011
-945
-984
-998
-1107
-1287
-1494
-1620
-1559
-1141
-315
547
976
1332
2120
2964
3102
2579
2143
1827
1152
34
-828
-967
-1188
-1843
-2237
-1813
-1084
-853
-887
-543
-47
-9
-217
-150
163
188
-98
-25
450
946
1205
1384
1654
1834
1729
1386
1039
624
-49
-827
-1334
-1516
-1609
-1606
-1426
-931
-347
155
720
1241
1563
1637
1447
1303
1263
964
622
441
260
280
379
472
627
697
585
433
287
28
-218
-569
-1003
-1222
-1239
-1211
-1125
-999
-804
-597
-527
-481
-487
-586
-843
-1319
-1724
-2063
-2324
-2501
-2582
-2388
-2011
-1038
384
1466
1998
2358
3084
3916
3613
2630
2013
1539
711
-508
-1199
-1051
-1095
-1653
-1955
-1321
-549
-503
-771
-749
-432
-515
-930
-820
-390
-234
-141
249
1068
1893
2250
2430
2536
2483
2137
1502
838
118
-675
-1414
-1814
-1834
-1641
-1301
-935
-365
272
832
1316
1563
1548
1434
1153
924
860
679
557
602
686
852
1045
1170
1107
865
499
120
-283
-726
-1102
-1498
-1765
-1792
-1666
-1368
-1121
-942
-787
-712
-763
-874
-1189
-1556
-2011
-2618
-2986
-3111
-3080
-2597
-1628
-249
1258
2206
2757
3710
4738
4818
3836
2762
2006
1158
-159
-1453
-1864
-1929
-2328
-2630
-2160
-1151
-624
-735
-847
-527
-240
-459
-755
-685
-489
-334
39
734
1595
2232
2588
2792
2843
2754
2279
1452
412
-604
-1404
-1996
-2325
-2339
-2071
-1605
-944
-109
779
1516
1896
1963
1942
1873
1614
1314
968
697
590
599
742
968
1186
1153
1035
900
580
206
-274
-823
-1296
-1673
-1881
-1814
-1545
-1318
-1170
-962
-726
-604
-663
-1055
-1599
-2080
-2724
-3299
-3589
-3793
-3918
-3692
-2949
-1325
791
2186
2871
3472
4568
5667
5300
3857
2702
1893
776
-708
-1764
-1917
-1964
-2580
-2973
-2264
-1142
-817
-1227
-1537
-1262
-954
-1146
-1249
-1021
-677
-234
380
1417
2564
3272
3493
3438
3340
3182
2536
1298
-28
-1134
-1927
-2446
-2639
-2497
-2055
-1527
-874
91
1074
1768
1938
1794
1724
1664
1512
1226
958
835
859
1012
1322
1645
1754
1558
1216
902
535
44
-602
-1275
-1733
-1983
-1971
-1688
-1323
-1046
-848
-584
-342
-269
-484
-994
-1655
-2375
-2933
-3393
-3783
-4116
-4305
-4104
-3347
-2145
-468
1253
2599
3483
4013
4878
5722
5368
3921
2472
1581
815
-274
-1406
-1919
-2045
-2385
-2554
-2108
-1440
-1209
-1655
-2101
-1759
-1260
-1238
-1296
-1135
-594
237
1130
2087
2950
3518
3711
3635
3485
3217
2488
1171
-204
-1147
-1657
-2035
-2301
-2273
-1899
-1323
-561
327
1123
1595
1633
1579
1701
1806
1635
1233
951
947
1142
1315
1542
1674
1599
1461
1258
989
659
128
-601
-1168
-1474
-1639
-1577
-1513
-1429
-1200
-999
-772
-548
-602
-902
-1378
-1928
-2388
-2922
-3423
-3877
-4258
-4180
-3877
-3364
-2527
-1520
-12
1940
3457
4081
4264
4863
5725
5251
3561
2157
1406
721
-582
-1892
-2285
-2115
-2354
-2869
-2670
-1864
-1391
-1689
-2133
-1782
-1073
-918
-970
-630
128
1045
1749
2419
3298
4016
4160
3853
3506
3199
2483
1175
-108
-877
-1439
-1923
-2199
-2081
-1569
-1028
-502
249
1043
1551
1764
1781
1852
1950
1816
1529
1384
1404
1402
1541
1602
1632
1699
1468
1076
718
287
-254
-860
-1479
-1810
-1907
-2083
-2007
-1753
-1549
-1343
-1153
-994
-938
-1127
-1632
-2150
-2633
-3233
-3721
-4125
-4370
-4348
-4180
-3556
-2476
-1402
158
2108
3601
4406
4552
5050
5908
5367
3568
2057
1157
420
-718
-2170
-2756
-2574
-2722
-3049
-2839
-2169
-1586
-1726
-2234
-1863
-1045
-764
-752
-707
-24
1161
1991
2543
3243
3908
4163
3928
3443
3039
2348
1027
-437
-1432
-1992
-2360
-2625
-2686
-2200
-1442
-625
162
889
1638
2008
2080
2240
2358
2317
2098
1846
1801
1912
2051
2034
1870
1827
1592
1193
758
209
-366
-1017
-1626
-1956
-1981
-1993
-1912
-1569
-1286
-880
-474
-407
-390
-542
-1002
-1480
-2008
-2678
-3282
-3921
-4337
-4454
-4533
-4492
-4231
-3832
-3254
-2254
-926
755
2574
3606
3847
4348
5661
6380
5292
3551
2448
2014
1190
-562
-2008
-2497
-2920
-3628
-4064
-3663
-2833
-2695
-3171
-2905
-1604
-591
-377
-245
217
1236
2225
2745
3228
3744
4045
4016
3746
3491
3144
2086
599
-585
-1340
-1894
-2486
-2988
-3089
-2567
-1796
-1004
-195
678
1500
1903
2278
2843
3193
3176
2825
2582
2622
2701
2524
2176
1843
1534
1198
736
229
-181
-748
-1428
-1734
-1774
-1782
-1708
-1607
-1341
-929
-524
-278
-225
-314
-516
-793
-1281
-1734
-2166
-2828
-3415
-3776
-3989
-4171
-4480
-4746
-4620
-4412
-4168
-3616
-2767
-962
1256
2714
3591
4295
5634
7320
7176
5508
4125
3204
2397
715
-1556
-2800
-3266
-4022
-4714
-4506
-3665
-2836
-2720
-2886
-1874
-544
-57
-26
-82
433
1561
2270
2620
3121
3636
4112
4215
4043
3859
3295
2044
495
-665
-1457
-2149
-3028
-3794
-3734
-2863
-1825
-957
-38
1050
2187
2861
3105
3652
3873
3372
2845
2605
2615
2561
2011
1474
1475
1479
1193
727
191
-217
-746
-1468
-1897
-1988
-2171
-2248
-2077
-1677
-975
-360
-78
59
235
308
99
-499
-1263
-2013
-2927
-3801
-4413
-4862
-5294
-5578
-5574
-5495
-5252
-4728
-4126
-3338
-1866
173
2166
3665
4161
4900
6847
7864
6912
5329
4016
3505
2604
272
-1616
-2429
-3253
-4130
-4765
-4653
-3812
-3388
-3774
-3343
-1910
-758
-201
-127
210
1424
2507
2933
3429
3885
4297
4604
4431
4218
3970
3099
1718
407
-499
-1195
-2029
-3081
-3706
-3439
-2629
-1765
-1106
-237
864
1816
2577
3056
3454
3702
3336
3038
3223
3232
2990
2507
2016
1931
1774
1129
394
-185
-917
-1529
-2027
-2483
-2550
-2533
-2538
-2080
-1316
-706
-135
139
118
318
256
-320
-1008
-1756
-2551
-3214
-3851
-4306
-4512
-4902
-5222
-5154
-5122
-5054
-4914
-4817
-4258
-3006
-990
1379
3118
3976
4935
7115
9035
8668
7012
5458
4692
3802
1348
-1202
-2664
-3705
-4764
-5579
-5455
-4485
-3816
-3945
-3638
-2038
-469
55
-32
47
997
2186
2692
3137
3683
4278
4883
5180
5305
5165
4387
2944
1461
283
-832
-2127
-3622
-4733
-4851
-4163
-3246
-2352
-1281
120
1484
2712
3755
4346
4673
4451
4068
4196
4083
3540
2864
2190
1882
1788
1213
319
-371
-1103
-1795
-2237
-2748
-3111
-3137
-3173
-2895
-2049
-1279
-645
-148
107
490
797
484
-74
-748
-1557
-2197
-2983
-3681
-4243
-4976
-5265
-5442
-5575
-5667
-5967
-5725
-5026
-4060
-2335
-68
2175
3835
4744
6270
8698
9680
8344
6491
5418
4802
3359
406
-2044
-3019
-3968
-5021
-5500
-5169
-4250
-3960
-4114
-3044
-1196
-217
-170
-205
517
1918
2843
3096
3548
4275
4967
5507
5638
5541
5113
3816
2278
935
-321
-1695
-3318
-4762
-5379
-5032
-4285
-3380
-2286
-836
950
2495
3799
4874
5263
5232
5085
4736
4584
4074
2970
2186
1622
1191
885
80
-864
-1375
-2021
-2597
-2750
-3146
-3455
-3300
-2978
-2201
-1195
-565
-16
630
1087
1406
1397
820
95
-741
-1818
-2735
-3440
-4419
-5274
-5928
-6303
-6246
-6392
-6614
-6473
-5880
-4863
-3305
-746
1886
3728
4946
6205
8803
10816
9835
7804
6362
5718
4681
1717
-1304
-2804
-3740
-4951
-5923
-5740
-4991
-4659
-4968
-4395
-2369
-972
-816
-849
-319
1227
2645
3090
3605
4338
5117
5867
6120
6089
5592
4396
2753
1201
-163
-1703
-3416
-5118
-6084
-5874
-5049
-4174
-3172
-1674
250
2085
3450
4662
5451
5575
5602
5390
5007
4446
3406
2422
1599
1021
611
-355
-1245
-1729
-2276
-2557
-2844
-3214
-3295
-3139
-2721
-1969
-1156
-518
274
885
1219
1751
1663
1029
474
-500
-1557
-2379
-3576
-4684
-5584
-6458
-6630
-6724
-7242
-7264
-7114
-6896
-5601
-3765
-1331
1738
3687
4993
6928
9491
11664
11218
8899
7404
6899
5574
2545
-816
-2995
-4121
-5373
-6615
-6635
-5923
-5650
-5723
-5042
-2971
-1160
-975
-1026
-211
1380
2943
3504
3821
4581
5576
6444
6792
6674
6179
5085
3352
1654
240
-1374
-3338
-5351
-6608
-6486
-5612
-4885
-3968
-2522
-403
1906
3376
4600
5635
5797
5926
5944
5524
4965
3857
2692
1944
1414
1018
-34
-1148
-1665
-2042
-2346
-2828
-3338
-3482
-3355
-2974
-2254
-1474
-861
-142
436
979
1614
1529
813
172
-626
-1530
-2457
-3689
-4748
-5509
-6281
-6570
-6541
-6998
-7225
-6911
-6520
-5148
-2957
-431
2434
4353
5456
7564
10579
11905
10510
8156
6752
6486
4733
913
-2091
-3588
-4622
-5713
-6741
-6463
-5340
-5222
-5314
-3960
-1785
-491
-589
-751
366
2303
3352
3519
3933
4799
5989
6726
6693
6471
5902
4576
2838
1252
-209
-1974
-4185
-6029
-6671
-6142
-5312
-4713
-3553
-1554
737
2814
4273
5562
6548
6620
6468
6259
5832
5095
3471
2147
1710
1172
355
-791
-1751
-2015
-2228
-2789
-3245
-3409
-3573
-3401
-2921
-2219
-1199
-618
-253
562
1285
1619
1481
765
141
-461
-1504
-2602
-3711
-4891
-5814
-6440
-6816
-7184
-7582
-7586
-7332
-6299
-4231
-1802
1125
3650
4708
6301
9441
11669
11031
8592
6763
6713
5844
2228
-1221
-2864
-3860
-4850
-6137
-6458
-5264
-4933
-5525
-4617
-2581
-1069
-874
-1403
-608
1507
2833
3094
3432
4207
5573
6621
6577
6467
6187
5010
3368
1770
293
-1333
-3556
-5655
-6477
-6106
-5289
-4623
-3782
-2043
354
2596
3977
5021
6242
6780
6469
6117
5873
5312
3931
2244
1532
1344
573
-767
-1959
-2271
-2274
-2823
-3526
-3701
-3585
-3423
-3066
-2300
-1292
-630
-212
362
1050
1505
1310
607
-115
-864
-1819
-2939
-4150
-5135
-5960
-6808
-7322
-7655
-7619
-7269
-7023
-5945
-3439
-310
2404
4008
4970
7297
10610
11506
9704
7594
6592
6380
4348
437
-1962
-2969
-4286
-5558
-6300
-5791
-4815
-5139
-5446
-3824
-1763
-1035
-1290
-1383
11
2072
2852
2963
3497
4508
5787
6416
6224
6100
5588
4167
2483
1070
-170
-1887
-4268
-6072
-6093
-5105
-4503
-4167
-3114
-842
1697
3178
4287
5677
6347
6329
5928
5705
5719
4364
2550
1678
1292
1104
-15
-1612
-2077
-1972
-2376
-2883
-3175
-3432
-3339
-3100
-2519
-1360
-828
-731
-85
599
1110
1258
418
-349
-862
-1782
-2700
-3737
-4968
-5917
-6772
-7415
-7473
-7522
-7552
-7027
-6022
-3760
-177
2834
4269
4864
6848
10625
12040
9716
7055
6094
6222
4520
463
-2200
-2892
-3876
-5390
-6040
-5161
-4203
-4871
-5632
-3892
-1391
-830
-1629
-1930
-387
1951
2868
2844
3430
4561
5927
6646
6566
6505
5901
4301
2582
1318
150
-1601
-4142
-6049
-5853
-4667
-4086
-3912
-2948
-653
1707
3150
4472
5693
6086
5786
5545
5916
5579
3839
2219
1353
1393
1276
-178
-1421
-1698
-1871
-2046
-2348
-2731
-2867
-3123
-3103
-2063
-1204
-1209
-1213
-956
-247
550
136
-841
-1371
-1963
-2734
-3532
-4473
-5259
-6097
-7341
-7640
-6946
-6824
-6713
-5950
-3580
310
3067
4314
5258
7328
10375
10958
8952
7031
5919
5027
2803
-309
-2089
-3037
-4358
-5527
-5431
-4414
-3748
-4205
-4581
-2965
-1177
-1042
-1403
-1381
-176
1512
2218
2811
3792
4740
5796
6416
6521
6449
5715
4092
2333
1062
-230
-1979
-4086
-5550
-5178
-4130
-3611
-3109
-1830
438
2364
3397
4437
5448
5650
5074
4824
4803
4170
3079
1759
1179
1490
1008
-21
-650
-1056
-1104
-1366
-2076
-2287
-2367
-2836
-2626
-1826
-1378
-1108
-1162
-983
-227
-136
-862
-1651
-2286
-2900
-3773
-4735
-5509
-6103
-6778
-7541
-7455
-7001
-6636
-5766
-4510
-1360
2460
4477
5366
6314
9390
11959
10364
7446
5689
5345
4200
374
-2779
-3526
-4090
-5542
-6510
-5489
-3905
-3795
-4777
-3981
-1134
-80
-959
-1409
-574
1616
2713
2584
3334
4510
5686
6412
6447
6455
6016
4525
2563
1179
138
-1486
-3712
-5579
-5657
-4305
-3541
-3275
-2271
-215
2105
3608
4558
5493
5891
5444
5132
5126
4488
3332
1798
912
1203
990
31
-863
-1428
-1342
-1257
-1735
-2018
-2151
-2553
-2285
-1381
-868
-707
-907
-935
-178
37
-815
-1852
-2893
-3666
-4412
-5557
-6430
-7040
-7773
-8206
-8070
-7376
-6185
-5143
-2764
1371
4530
5960
6668
8991
12465
12251
8827
6516
6035
5165
1630
-2720
-4162
-4107
-5606
-7419
-6968
-5118
-4180
-4849
-4796
-2047
30
-605
-1251
-431
1618
3098
2889
3238
4774
6079
6672
6711
6647
6420
5190
3091
1357
86
-1610
-3722
-5500
-5944
-4816
-3790
-3266
-2061
-17
2303
3987
4887
5754
6231
5777
5288
5016
4266
3132
1661
704
772
561
-346
-1142
-1580
-1566
-1449
-1857
-2098
-2043
-2245
-1864
-931
-334
-21
10
118
694
690
-199
-1320
-2527
-3653
-4810
-6252
-7498
-8137
-8839
-9560
-9371
-8594
-7511
-6011
-3605
486
4311
6117
7042
9216
12730
13573
10563
7645
6786
6198
3100
-1571
-3837
-4232
-5665
-7691
-7960
-6301
-5268
-6037
-6270
-3627
-828
-966
-1821
-949
1519
3483
3432
3588
5268
6743
7303
7268
7198
7111
5834
3434
1446
280
-1307
-3839
-6115
-6738
-5583
-4499
-4215
-3061
-625
1953
3883
5001
6121
7095
6669
5999
5850
5060
3816
2030
549
558
235
-987
-1798
-2346
-2341
-2067
-2484
-2527
-2192
-2425
-2165
-1198
-437
-77
-234
-373
283
566
-301
-1483
-2468
-3292
-4345
-5770
-7070
-7920
-8921
-9806
-9936
-9395
-8044
-6006
-2506
1533
4186
5984
8333
12066
14029
11852
9051
7950
7429
4769
-87
-3284
-3977
-4916
-6971
-7954
-6700
-5381
-5628
-6102
-4393
-1520
-1075
-2247
-1934
157
2384
2767
2608
4050
6102
7348
7620
7636
7685
6917
4960
2782
1221
-513
-3088
-5560
-6559
-5755
-4635
-4340
-3462
-1150
1653
3731
4742
5811
6717
6600
6201
5868
5270
4243
2537
1182
1140
852
-233
-1304
-2147
-2185
-2045
-2527
-2855
-2811
-2864
-2432
-1332
-473
94
250
283
963
1234
383
-846
-2083
-3152
-4169
-5645
-6974
-7804
-8722
-9460
-9582
-9138
-8407
-7330
-4453
-102
3132
4606
5823
9174
13209
12947
9724
7945
7846
6940
2972
-1429
-2744
-3263
-5628
-7686
-7139
-5555
-5454
-6873
-6517
-3110
-1055
-2089
-2763
-1168
1660
3196
2890
3618
5680
7026
7401
7501
7742
7445
5633
3068
1566
627
-1489
-4402
-6440
-6138
-4629
-4173
-3973
-2328
473
2982
4272
5491
6920
7034
6572
6435
6118
5566
3828
1715
1315
1255
234
-949
-2234
-2794
-2563
-2943
-3169
-2879
-3052
-2948
-1981
-797
-22
-22
-343
54
639
185
-1198
-2463
-3433
-4544
-5786
-7214
-7985
-8488
-9623
-9926
-8767
-6951
-4531
-1306
1922
4452
6134
8454
11979
12787
9937
7345
6698
6359
3474
-1357
-3817
-3729
-4523
-6381
-6905
-5601
-4611
-5372
-5754
-3440
-1156
-1728
-2899
-1950
888
2979
2772
2898
4961
7082
7831
7566
7363
7247
5906
3347
1329
75
-1793
-4480
-6584
-6392
-4771
-4091
-3957
-2532
406
3205
4376
5190
6611
7104
6738
6436
6204
5650
4158
2329
1754
1918
870
-791
-1954
-2389
-2319
-2909
-3714
-3526
-3167
-3139
-2348
-919
69
419
256
559
1326
833
-807
-2477
-3624
-4558
-6339
-8071
-8930
-9521
-9894
-10226
-9398
-7350
-5120
-1438
2411
4792
6060
7979
11834
13358
10519
7353
6558
6729
3938
-993
-3425
-3367
-4237
-6792
-7602
-5724
-4808
-6229
-7172
-4687
-1685
-2153
-3560
-2474
919
3375
3200
3608
5952
8133
8597
8019
8093
8056
6312
3355
1135
104
-1656
-4578
-6701
-6464
-4858
-4262
-4365
-2953
29
2529
3399
4372
6064
6692
6354
6078
6218
6316
4930
2971
2643
2794
1731
59
-1543
-2163
-2251
-3302
-4102
-3922
-3947
-3847
-3058
-1812
-469
-72
-350
140
909
504
-1064
-2712
-3962
-4908
-6492
-8043
-8811
-9749
-10215
-9898
-8387
-5267
-1870
1227
3602
5264
7978
11560
12376
9701
7073
6298
6178
3796
-841
-3297
-3203
-3830
-5220
-5830
-4944
-4107
-5370
-6210
-4191
-2310
-3165
-4787
-4023
-753
1881
1989
2302
4846
7584
8896
8806
8608
8631
7167
4397
2334
1005
-1020
-4110
-6511
-6138
-4336
-3737
-4064
-2994
24
2787
3610
3983
5246
5783
5408
5087
4979
5013
3873
2240
2389
3070
2420
995
-277
-636
-551
-1614
-2827
-2958
-3205
-3582
-3186
-2289
-1317
-1111
-1604
-1064
38
-257
-1688
-3175
-4057
-4919
-6432
-8119
-9193
-9570
-10139
-9868
-7773
-4322
-360
2465
4262
6304
9623
12723
11890
8511
6295
5625
4765
1197
-2896
-4178
-4327
-5156
-5945
-5273
-3813
-3777
-5050
-4829
-2297
-1413
-3326
-4559
-3256
-303
1321
1159
2327
4965
7110
8107
8271
8414
7936
5827
3254
1787
631
-1759
-4560
-5778
-4647
-2968
-2715
-2488
-670
2067
3853
4202
4748
5345
5179
4626
4194
4301
3806
2142
1446
2108
2225
1331
49
-661
-533
-896
-1906
-2168
-2155
-2511
-2303
-1630
-724
-177
-804
-1164
-637
-666
-1985
-3622
-5023
-6032
-6833
-8335
-9149
-9294
-9731
-8961
-7129
-3918
416
3221
4975
6722
9448
12749
12377
8765
6077
5194
4224
916
-3227
-5083
-5006
-5701
-6736
-5841
-4241
-3776
-4765
-4918
-2269
-795
-2420
-3848
-2773
265
2175
1979
2643
5091
7275
7889
7690
7597
6919
4765
1844
203
-678
-2794
-5310
-6381
-4862
-2629
-1928
-1396
600
3409
5027
5306
5756
6309
5777
4428
4017
4242
3520
1863
744
1388
2026
924
-489
-1025
-962
-1357
-2314
-2610
-2281
-2337
-2582
-1727
-149
483
48
-413
-59
283
-1028
-3273
-4703
-5721
-7248
-8758
-9897
-10242
-10173
-10014
-8198
-4122
432
3485
5150
6598
10143
14032
12842
8839
6483
5822
4975
1046
-3482
-4582
-4646
-6075
-7105
-6182
-4451
-4304
-6081
-5948
-2611
-1291
-3399
-4706
-3042
431
2180
1803
3059
5954
7901
8286
8232
8511
7779
4849
1599
330
-502
-2972
-5972
-6977
-5104
-3022
-2477
-1884
374
3264
4560
4881
5825
6560
5885
4548
4272
4927
4398
2479
1471
2030
2279
1230
-305
-1147
-1282
-2054
-2944
-2878
-2671
-2778
-2886
-2007
-256
370
-363
-859
-582
-609
-1866
-4157
-5772
-6572
-8013
-9381
-10069
-9902
-8965
-8029
-5237
-290
3708
5675
6455
8658
12554
13091
9398
6047
4885
4093
1300
-2731
-4589
-4399
-5445
-6785
-5905
-4245
-3818
-5327
-6180
-3830
-1902
-3021
-4451
-3628
-710
1740
2317
3210
5565
7532
8100
7994
7852
7206
4926
1554
-532
-1372
-2849
-5029
-6422
-5396
-3073
-1610
-758
782
3064
4528
4930
5469
6041
5525
4327
3752
4020
4117
2956
1750
1863
2102
1490
333
-779
-1445
-2127
-2948
-2978
-2510
-2558
-2478
-1553
-105
931
650
-29
-241
-727
-2085
-4163
-6075
-7575
-9219
-10354
-10684
-10310
-9344
-7958
-4638
477
4580
6643
7465
9655
13184
13188
9334
6185
5032
3838
620
-3108
-4209
-3944
-5447
-7009
-5912
-4026
-4029
-6204
-7137
-4533
-2801
-4280
-5408
-3812
-566
1726
2492
4186
7026
8613
8564
8393
8426
7348
4155
476
-1283
-1983
-3725
-5912
-6593
-5087
-2911
-1689
-633
1345
3223
3947
4376
5297
5836
5005
3764
3767
4559
4512
3232
2328
2504
2428
1466
216
-772
-1689
-2743
-3340
-3033
-2565
-2771
-2752
-1631
-68
531
39
-516
-788
-1393
-2890
-4822
-6356
-7930
-9597
-10264
-10186
-9349
-7843
-5672
-1160
3601
6160
7459
9164
12154
13140
10087
6562
5102
4011
998
-2605
-4203
-3987
-4517
-6141
-5792
-3730
-3270
-4802
-6021
-4695
-2970
-3845
-5151
-4238
-1596
683
1753
3349
5957
7942
8250
7977
8037
7177
4557
1065
-1218
-2059
-3388
-5238
-6028
-4858
-2681
-1169
-95
1693
3548
4267
4302
4745
5235
4695
3419
2852
3589
4027
3150
2307
2328
2407
1689
382
-669
-1395
-2382
-3298
-3176
-2360
-2039
-2008
-1246
129
1057
748
-410
-1145
-1867
-3694
-5744
-7547
-9185
-10263
-11466
-11471
-9472
-7434
-4326
87
4235
7629
9146
10729
13371
13218
9726
6461
4793
3305
357
-3318
-4609
-3888
-4659
-5904
-5303
-3885
-3599
-5391
-6544
-4851
-3781
-5034
-5757
-3970
-719
1571
2687
4661
7755
9523
9317
8750
8123
6612
3264
-514
-2479
-3597
-5249
-6804
-6762
-4721
-2364
-913
519
2542
4192
4738
4745
5053
5104
4099
3008
3111
3830
3771
2838
2400
2776
2611
1517
104
-998
-1806
-2957
-3609
-3242
-2731
-2529
-2076
-820
762
1456
833
134
-334
-1454
-3338
-5615
-7714
-9298
-10746
-11545
-10809
-9198
-6512
-2313
2183
5974
8179
9878
12735
13927
11265
7736
5666
4198
1646
-2130
-4091
-3504
-3675
-4960
-4811
-3223
-2410
-4005
-6059
-5267
-3781
-4917
-6596
-5847
-2808
-10
1240
2992
6312
8852
9149
8708
8622
7885
4882
704
-1638
-2429
-4008
-6246
-6947
-5188
-2756
-1461
-293
1888
3859
4399
4248
4662
5253
4579
3068
2776
3715
4056
3167
2234
2395
2457
1381
-53
-1021
-1747
-2775
-3594
-3326
-2303
-1812
-1813
-998
456
1348
877
-192
-706
-1451
-3050
-5121
-7037
-8281
-9747
-10937
-10148
-8315
-5908
-2532
1303
5195
7691
9038
11329
12758
10759
7489
5450
4298
2475
-979
-3356
-2815
-2550
-3810
-4300
-3317
-2469
-3712
-5979
-5747
-4097
-4591
-6110
-5506
-2473
642
2005
3144
5934
8476
8613
7554
6887
6182
3680
-287
-2726
-3169
-3947
-5622
-6288
-4568
-1939
-548
128
1747
3690
4370
4038
4181
4910
4839
3673
3231
4209
4778
3960
2725
2177
1961
818
-1136
-2659
-3366
-4075
-4635
-4173
-3053
-2021
-1397
-719
679
1689
1154
-43
-807
-1746
-3266
-5129
-7083
-8093
-8833
-9930
-9023
-6657
-4089
-622
2453
5178
7584
8979
10422
10700
8396
5654
4165
2943
1100
-1151
-2770
-2471
-2148
-3058
-3140
-2637
-2888
-4196
-5671
-5290
-4281
-4792
-5329
-3818
-723
1942
3394
4709
6805
8288
7782
6492
5338
3801
1026
-2248
-3724
-3902
-4620
-5595
-5298
-3297
-1172
-186
466
1824
3092
3381
3488
4081
4775
4715
4239
4675
5693
5675
4515
3345
2572
1615
-5
-2003
-3351
-3944
-4542
-4567
-3699
-2671
-1843
-1370
-800
114
282
-769
-2007
-2992
-3934
-5118
-6709
-7915
-8293
-8191
-7462
-5778
-3280
231
3930
6300
7713
8784
10288
11047
8602
5206
3572
2748
1095
-1481
-3034
-2578
-2253
-3536
-4237
-3329
-3053
-4677
-6785
-6609
-4595
-4235
-5004
-3708
-143
3423
5156
6170
8231
9909
9239
7071
5447
4112
1376
-2572
-4987
-4890
-4786
-5828
-6315
-4613
-2025
-926
-700
312
1909
2588
2456
3004
4439
5383
5046
5171
6485
7116
6164
4436
3124
2222
599
-1692
-3277
-3866
-4319
-4554
-3821
-2502
-1520
-1347
-1365
-684
-305
-1325
-2912
-3945
-4666
-5541
-6709
-7802
-7748
-7674
-7270
-5523
-3347
-137
3306
5874
7741
8510
9881
11361
10075
6836
4600
3841
2778
456
-1993
-2476
-1968
-3259
-4668
-4450
-3946
-4727
-7047
-7673
-5440
-4118
-4555
-4071
-1016
2830
4980
5674
7069
9133
9185
7249
5429
4450
2915
-527
-3319
-3377
-2821
-3590
-4865
-4332
-2096
-946
-1463
-1549
-216
951
955
1091
2645
4491
4668
4511
5723
6845
6388
4427
2675
2114
1116
-1114
-2813
-2979
-2915
-3036
-2829
-1816
-525
-637
-1508
-1475
-1156
-1949
-3825
-5329
-5768
-6149
-7204
-8363
-8384
-7566
-6877
-5953
-3704
-3
3651
6033
7273
8314
10588
11993
10101
7165
5551
4831
3373
751
-1166
-1499
-2013
-3754
-4762
-4386
-4294
-5734
-7821
-7547
-5232
-4280
-4548
-3409
-180
3237
5044
5889
7306
8630
8213
6400
4899
3945
2118
-926
-2921
-2780
-2362
-3143
-4234
-3629
-1967
-1272
-1537
-1501
-313
931
1280
1845
3608
5167
5267
5131
5723
6369
5452
3057
1298
572
-422
-2071
-3251
-3163
-2626
-2538
-2292
-1137
-201
-685
-1766
-2070
-2015
-2683
-4400
-5806
-6163
-6661
-7570
-8174
-8282
-7413
-6124
-5131
-2130
2316
5144
6588
7042
8479
11244
10721
7195
5002
4706
4296
2500
152
-278
328
-1295
-3410
-3342
-3012
-4420
-7446
-8965
-6921
-4885
-5118
-4888
-1978
2299
5105
6064
7196
8820
8829
6894
4994
3958
2696
-210
-2937
-3015
-1984
-2008
-3161
-3440
-1952
-854
-1405
-2031
-1344
-261
160
524
2208
4571
5384
5135
5580
6568
6419
4232
1641
474
-141
-1587
-3079
-3229
-2456
-2073
-1963
-1294
-295
-210
-1445
-2534
-2610
-2817
-4076
-5517
-6122
-6243
-6619
-7480
-7851
-7251
-6321
-5434
-3741
-201
3651
5824
6377
7049
9411
10971
8770
5501
4304
4294
3157
791
-465
81
-63
-2055
-3238
-2381
-2307
-4595
-7322
-7118
-4658
-3768
-4354
-3239
320
3719
5258
6031
7344
8357
7296
5054
3818
3242
1537
-1262
-2710
-1951
-1130
-1823
-2916
-2535
-1321
-1152
-2061
-2255
-1018
101
374
1303
3495
5396
5612
5051
5322
5795
4578
1914
14
-540
-1186
-2454
-3188
-2598
-1722
-1726
-1907
-1254
-729
-1507
-2935
-3576
-3428
-3813
-5036
-6104
-6178
-6185
-6884
-7390
-7331
-6298
-4971
-3626
-403
3511
5981
6759
6926
8694
10349
8447
4869
3186
3008
2134
251
-1083
-581
-215
-1887
-3044
-2554
-2459
-4256
-6886
-6935
-4642
-3350
-3238
-1950
1316
4539
6219
6842
7716
8154
6642
4330
2811
2045
717
-1561
-2652
-1796
-848
-1048
-1683
-1555
-803
-825
-1743
-1793
-705
145
623
1557
3476
5354
5568
4825
4747
4741
3430
1181
-463
-1034
-1457
-2233
-2499
-1760
-973
-1085
-1518
-1341
-1370
-2417
-3756
-4644
-4814
-5021
-5846
-6485
-6464
-6701
-7255
-7436
-7040
-5833
-4361
-1967
1854
5166
7011
7683
8831
10582
9944
6919
4423
3351
2285
482
-1004
-1195
-896
-1883
-3279
-3282
-3152
-4478
-6813
-7799
-6323
-4678
-3897
-2423
662
4121
6394
7689
8791
9469
8446
6016
4063
2982
1787
-289
-1988
-1924
-1260
-1317
-1919
-2162
-1814
-1745
-2380
-2478
-1336
-105
660
1724
3713
5788
6359
5674
5234
4923
3645
1446
-386
-1088
-1549
-2301
-2490
-1761
-1056
-1334
-1915
-1942
-1873
-2928
-4478
-5220
-5324
-5680
-6462
-7145
-7195
-7232
-7675
-7589
-6384
-4740
-2535
961
4671
7163
7854
8399
10270
10589
7619
4688
3441
2732
1143
-613
-789
-102
-908
-2734
-3066
-2532
-3613
-6381
-8127
-6931
-5104
-4532
-3476
-591
3069
5484
6834
8210
9332
8651
6467
4671
3982
3155
1268
-511
-591
-48
-418
-1329
-2090
-2321
-2557
-3362
-3650
-2519
-950
111
1188
3216
5679
6696
5845
5117
4970
4082
1966
-3
-633
-765
-1391
-1985
-1411
-534
-1017
-2237
-2596
-2368
-3073
-4757
-5700
-5348
-5182
-5976
-6683
-6725
-6945
-7996
-8658
-7533
-5405
-3490
-673
3283
6778
8355
8738
10145
11044
8669
5303
3571
2942
1668
-272
-1138
-518
-604
-2404
-3593
-3605
-4373
-6680
-8605
-7918
-5920
-4708
-3415
-540
3264
6110
7507
8518
9543
9319
7343
5273
4298
3789
2673
967
245
498
203
-933
-2372
-3286
-3731
-4425
-5011
-4138
-2126
-420
809
2457
4882
6369
5851
4937
4576
4117
2743
1122
555
794
477
-402
-559
-383
-1183
-2924
-4199
-4513
-5144
-6604
-7337
-6916
-6294
-6586
-7247
-7244
-6864
-7082
-6936
-5401
-2626
1012
4152
6423
8164
9343
10301
10255
7678
4816
3330
2248
746
-528
-869
-548
-1138
-2866
-3669
-3850
-5338
-7946
-9518
-8409
-6275
-5157
-3603
-240
3675
6150
7265
8276
9353
8964
7114
5750
5370
5133
4223
2965
2481
2228
991
-845
-2553
-3940
-5034
-5877
-6025
-4788
-2737
-836
804
2505
4265
5195
4682
3746
3124
2547
1680
856
807
1292
1373
875
550
242
-929
-2689
-4198
-4955
-5733
-6918
-7510
-7156
-7107
-7665
-8436
-8514
-8116
-7917
-6700
-4219
-330
4186
7122
8733
10029
11259
11669
9401
5727
3548
2810
1376
-315
-596
231
346
-1664
-3488
-3678
-4617
-7634
-10629
-10589
-8119
-6341
-5146
-2295
2175
5519
6776
7542
8674
8926
7105
5224
5125
5618
5434
4468
4073
4294
3386
1235
-1090
-2912
-4541
-6024
-6733
-5806
-3622
-1824
-330
1416
3334
4404
3808
2782
2324
2010
1382
853
1153
2027
2178
1464
1063
674
-738
-2922
-4747
-5380
-5779
-6907
-7408
-6612
-6299
-6939
-8261
-8848
-8673
-9084
-8612
-6009
-1559
3172
6437
8653
10862
12596
12775
10526
7286
5029
3832
2161
552
402
789
387
-1463
-3279
-4066
-5626
-8689
-11337
-11403
-9350
-7379
-5440
-2242
2023
5132
6514
7545
8293
8104
6460
5101
5392
6214
6516
6126
5982
5918
4752
2282
-562
-2925
-5016
-6703
-7281
-6254
-4186
-2260
-620
993
2420
3110
2511
1490
1081
1061
1116
1424
2310
3370
3668
3086
2310
1235
-747
-3160
-5039
-6044
-6581
-7183
-7448
-6962
-7000
-7850
-8916
-9496
-9801
-9662
-8421
-5334
-306
4360
7464
9596
11430
12925
12714
9615
6456
5082
4215
2777
1640
2134
2773
1679
-1009
-2992
-4257
-6755
-10412
-12837
-11989
-9596
-7677
-5190
-1282
2758
5109
5932
6876
7689
6958
5169
4635
5812
7369
8008
7667
7650
7470
5818
2823
-381
-2866
-4918
-6730
-7054
-5475
-3432
-1999
-908
238
1245
1427
556
-211
-146
226
686
1603
3063
3993
3722
2911
2026
725
-1318
-3431
-4779
-5173
-5540
-5969
-5989
-6128
-6886
-8533
-9864
-10711
-11272
-10870
-8747
-4129
1402
5255
7639
9998
12416
13256
10946
7612
6090
5665
4216
2748
3201
4398
3924
1340
-817
-2003
-4467
-8467
-11779
-12171
-10630
-9420
-7684
-4152
-79
2367
3424
4577
5853
6023
4778
4419
5804
7455
8998
9750
9783
9415
8031
5476
2363
-573
-2992
-5006
-5908
-5168
-3603
-2333
-1565
-918
-693
-940
-1627
-2306
-2197
-1706
-872
526
2410
3945
4271
3877
3210
1862
-197
-2071
-3364
-4214
-4899
-5341
-5212
-5446
-6560
-8288
-9880
-11150
-12089
-12041
-10322
-6394
-1308
2930
5756
7915
10076
11441
10450
7847
6321
6047
5788
5366
5676
6450
6212
4294
1606
-871
-3888
-7514
-10701
-12172
-11672
-10267
-8065
-5038
-2019
69
1198
1985
2668
2858
2680
3093
4542
6762
9216
11008
11627
11139
9809
7803
5103
1914
-727
-2395
-3156
-2971
-2275
-1485
-994
-1023
-1695
-2723
-3620
-4162
-4201
-3706
-2521
-775
1163
2708
3501
3472
2740
1518
153
-954
-1777
-2310
-2591
-2799
-2858
-3333
-4602
-6622
-8908
-10802
-12203
-12622
-11692
-8596
-3750
631
3288
4705
6431
8340
8401
6319
4623
4643
5708
6720
7344
8038
8427
7574
5203
2184
-1181
-4648
-7673
-9893
-10568
-9899
-8108
-5715
-3511
-2061
-1475
-1199
-789
-451
-532
-177
1398
4079
7163
9566
10913
11203
10563
9232
7386
5052
2871
1398
723
859
1172
1337
1111
334
-944
-2679
-4349
-5371
-5457
-4995
-4141
-2874
-1202
339
1137
1154
545
-361
-1238
-1714
-1645
-1275
-891
-641
-511
-743
-1681
-3315
-5462
-7683
-9530
-10603
-10398
-8483
-4984
-1406
901
1623
2167
3460
4361
3577
1955
1440
2800
5060
6771
7937
8657
8615
7532
5381
2686
-179
-2716
-4563
-5532
-5772
-5351
-4251
-2893
-2122
-2524
-3532
-4056
-3731
-3350
-3175
-2385
-356
2667
5456
7275
7951
7728
7112
6353
5379
4305
3614
3531
4101
4742
4876
4501
3638
2445
735
-1429
-3313
-4080
-3813
-3154
-2499
-1754
-893
-301
-230
-713
-1579
-2579
-3319
-3326
-2697
-1906
-1284
-844
-550
-571
-1166
-2405
-3776
-4892
-5704
-6219
-6147
-5016
-2929
-693
726
896
140
-520
-627
-642
-860
-975
-377
1041
2965
4760
5906
6194
5714
4771
3361
1731
357
-338
-349
-63
237
632
953
1006
615
-319
-1577
-2859
-3798
-4105
-3653
-2570
-1292
70
1382
2309
2519
2140
1742
1397
1086
865
1060
1785
2791
3697
4310
4591
4298
3583
2637
1722
1107
822
829
1072
1500
1806
1836
1568
1037
371
-503
-1306
-1719
-1747
-1606
-1391
-1221
-1151
-1334
-1864
-2526
-3306
-4157
-4919
-5513
-5734
-5498
-5065
-4503
-3829
-2904
-1820
-1277
-1347
-1943
-2218
-2024
-1543
-873
13
1184
2243
3434
4376
5052
5014
4409
3664
3013
2643
2322
2246
2452
2958
3380
3528
3250
2598
1691
639
-397
-1295
-2038
-2484
-2301
-1621
-862
-478
-416
-535
-784
-1033
-1453
-1725
-1641
-1145
-332
452
1191
1913
2552
2971
3031
2773
2442
2282
2389
2805
3082
3152
3153
3112
2832
2191
1360
649
155
-301
-605
-840
-964
-1123
-1436
-1980
-2699
-3644
-4724
-5511
-6149
-6493
-6677
-6601
-5999
-4939
-3651
-2510
-1795
-1607
-1655
-1510
-1137
-708
-306
378
1236
2264
3206
3979
4621
4721
4547
4092
3632
3201
2848
2886
3080
3362
3506
3428
3104
2445
1657
854
-65
-1019
-1782
-2040
-1728
-1265
-982
-859
-909
-1097
-1422
-1824
-2113
-2184
-1983
-1389
-592
254
1062
1735
2353
2607
2455
2103
1785
1764
1932
2196
2390
2642
2837
2754
2394
1804
1210
589
-72
-513
-723
-778
-835
-949
-1251
-1753
-2488
-3353
-4151
-4982
-5645
-6092
-6179
-5830
-5067
-3903
-2911
-2272
-2095
-1899
-1478
-967
-512
-75
553
1242
2123
2979
3697
4060
4020
3807
3345
2981
2738
2757
2976
3136
3245
3331
3354
3246
2738
1892
913
-59
-846
-1398
-1544
-1210
-877
-744
-823
-1017
-1242
-1638
-2050
-2351
-2469
-2256
-1658
-908
19
818
1458
1909
1984
1897
1663
1521
1492
1577
1686
1837
2149
2336
2271
1849
1267
667
-154
-929
-1399
-1594
-1647
-1752
-1874
-2071
-2395
-2880
-3404
-4004
-4636
-5155
-5293
-5061
-4518
-3545
-2838
-2403
-2311
-2053
-1458
-904
-633
-478
29
839
1997
3023
3957
4306
4135
3871
3574
3508
3309
3154
3044
3188
3435
3561
3661
3482
2981
2144
1207
329
-479
-1073
-1218
-1085
-920
-876
-941
-983
-1088
-1333
-1770
-2114
-2260
-2043
-1561
-1071
-467
298
1028
1388
1479
1424
1343
1289
1200
1277
1293
1307
1399
1453
1408
1043
442
-180
-774
-1311
-1805
-2189
-2422
-2560
-2756
-3126
-3468
-3839
-4241
-4624
-4906
-4828
-4626
-4146
-3370
-2513
-1867
-1662
-1449
-1056
-605
-473
-498
-97
528
1416
2382
3317
3965
4258
4261
4133
4073
3850
3560
3239
3083
3119
3164
3127
2924
2593
2131
1575
908
233
-308
-514
-492
-444
-620
-829
-910
-971
-1058
-1314
-1502
-1614
-1429
-980
-568
-74
391
926
1255
1304
1260
1150
1112
1076
1085
1096
1151
1273
1426
1407
1047
576
39
-546
-1151
-1707
-2210
-2681
-3132
-3465
-3760
-4125
-4512
-5049
-5438
-5576
-5481
-5178
-4673
-3854
-3020
-2351
-1957
-1353
-622
-213
-41
279
1029
1723
2503
3220
3957
4405
4298
4172
4110
4069
3787
3385
3089
3076
3186
3231
3140
2876
2480
1949
1296
743
245
-183
-296
-145
-30
-74
-182
-217
-240
-413
-731
-997
-1145
-1122
-954
-613
-230
211
621
854
1032
1115
1122
1015
968
1002
1078
1089
1114
1183
1138
970
558
84
-467
-959
-1440
-1927
-2360
-2777
-3181
-3710
-4239
-4832
-5404
-5889
-6225
-6143
-5796
-5187
-4377
-3537
-2832
-2316
-1747
-1290
-936
-649
-112
655
1472
2428
3285
4120
4530
4767
4940
5022
4904
4501
4040
3671
3492
3407
3275
2986
2635
2215
1719
1233
730
305
59
38
35
-27
-108
-75
-13
-66
-202
-421
-623
-756
-674
-365
-41
238
541
850
1067
1185
1140
983
809
691
625
567
567
623
641
648
524
368
103
-251
-600
-962
-1377
-1880
-2306
-2702
-3135
-3691
-4224
-4806
-5347
-5619
-5708
-5485
-5135
-4639
-4257
-3939
-3609
-3230
-2721
-2238
-1485
-636
227
1089
1858
2763
3461
4001
4502
4878
5174
5128
4988
4852
4739
4583
4201
3629
2986
2385
1776
1181
713
244
-104
-253
-283
-219
-296
-359
-388
-389
-382
-472
-494
-461
-275
53
327
558
740
1012
1193
1297
1295
1177
1018
802
725
610
536
408
218
182
110
2
-227
-501
-742
-1010
-1279
-1615
-1911
-2243
-2675
-3140
-3578
-3948
-4339
-4492
-4474
-4310
-4019
-3773
-3596
-3689
-3780
-3806
-3677
-3265
-2805
-2044
-1181
-342
514
1367
2160
2639
3156
3638
4013
4271
4410
4706
4922
4952
4863
4549
4140
3559
2888
2351
1741
1128
510
121
-4
-182
-416
-744
-966
-1131
-1299
-1326
-1234
-1084
-855
-440
-8
392
677
933
1142
1253
1265
1237
1233
1256
1325
1325
1239
1102
816
518
155
-253
-663
-1110
-1486
-1732
-1932
-2104
-2287
-2463
-2665
-2990
-3349
-3685
-3991
-4136
-4064
-3823
-3408
-2954
-2665
-2714
-2895
-2947
-2946
-2766
-2556
-2032
-1286
-712
-53
644
1379
1859
2123
2402
2629
2830
3006
3362
3804
4098
4263
4258
4155
3881
3383
2857
2206
1509
873
488
413
443
380
120
-99
-304
-554
-866
-1136
-1267
-1308
-1061
-726
-329
79
481
836
998
1053
987
901
881
949
1071
1124
1127
1087
1074
961
670
265
-247
-756
-1215
-1610
-1915
-2179
-2404
-2629
-2910
-3159
-3431
-3754
-4021
-4166
-4137
-3899
-3381
-2688
-2226
-2222
-2356
-2290
-2104
-1859
-1753
-1418
-939
-482
158
823
1675
2194
2497
2646
2689
2783
2752
2879
3044
3256
3461
3577
3679
3547
3313
2905
2352
1701
969
539
460
478
417
184
8
-125
-281
-460
-730
-1021
-1177
-1065
-755
-384
-28
297
625
833
957
938
811
734
687
702
659
626
709
734
667
447
126
-330
-886
-1406
-1844
-2193
-2545
-2884
-3151
-3354
-3515
-3740
-3947
-4058
-4001
-3778
-3331
-2734
-2271
-2135
-2072
-1814
-1374
-972
-795
-482
-148
110
413
781
1425
1868
2146
2325
2491
2762
2862
2994
3060
3104
3169
3183
3243
3134
3025
2838
2501
2127
1617
1207
984
847
680
330
-8
-252
-396
-447
-575
-787
-952
-908
-707
-526
-334
-138
121
323
472
646
766
869
895
930
913
843
865
777
692
557
327
1
-380
-672
-1013
-1406
-1862
-2302
-2687
-3120
-3498
-3848
-4074
-4262
-4365
-4350
-4177
-3723
-3087
-2573
-2418
-2462
-2369
-1893
-1312
-754
-220
170
589
1017
1540
2139
2466
2519
2530
2572
2746
2882
2951
3016
3052
3069
3045
3004
2949
2755
2462
2141
1886
1525
1188
1163
1290
1242
880
484
237
93
-65
-338
-548
-694
-712
-565
-376
-195
-59
65
142
214
326
402
451
583
768
841
853
854
867
793
625
409
173
-66
-314
-565
-878
-1232
-1640
-2072
-2533
-2995
-3407
-3901
-4302
-4531
-4565
-4524
-4298
-3722
-3018
-2587
-2541
-2498
-2229
-1698
-1151
-715
-230
228
726
1314
2013
2659
2948
2979
2957
3018
3165
3162
3073
3059
3072
3052
3056
3017
2838
2566
2272
1967
1613
1219
1028
1077
1097
953
613
252
3
-180
-287
-501
-723
-780
-531
-186
27
171
291
398
402
396
391
397
430
473
633
706
732
730
628
559
429
168
-197
-557
-784
-987
-1275
-1572
-1853
-2183
-2522
-2894
-3275
-3655
-4009
-4242
-4322
-4272
-4008
-3466
-2933
-2638
-2606
-2523
-2252
-1741
-1173
-703
-248
226
843
1542
2278
2857
3064
3079
3080
3224
3340
3351
3293
3172
3179
3136
3058
2917
2604
2226
1857
1496
1136
836
750
849
914
825
588
357
243
126
-41
-270
-470
-520
-365
-87
82
150
163
210
297
359
346
278
353
515
646
685
680
624
557
456
314
69
-238
-481
-646
-796
-1064
-1469
-1857
-2274
-2688
-3052
-3448
-3852
-4190
-4375
-4413
-4316
-4006
-3534
-3110
-2895
-2823
-2752
-2403
-1820
-1216
-723
-287
223
842
1588
2337
2890
3095
3131
3210
3447
3618
3537
3416
3205
3072
3002
2872
2599
2154
1761
1426
1135
829
634
631
696
667
477
262
85
-19
-71
-155
-275
-332
-243
70
352
452
385
268
285
292
255
237
233
352
498
623
680
679
577
415
306
180
-11
-271
-403
-466
-609
-860
-1251
-1590
-1959
-2387
-2801
-3170
-3493
-3718
-3816
-3841
-3767
-3636
-3328
-2971
-2773
-2695
-2726
-2555
-2059
-1378
-789
-332
100
600
1274
2000
2571
2786
2851
2964
3181
3493
3597
3556
3475
3421
3388
3281
3008
2534
2025
1601
1248
932
681
551
494
476
343
114
-107
-261
-352
-382
-408
-403
-285
-17
332
538
604
545
479
531
577
588
534
524
613
690
680
588
437
240
63
-92
-235
-407
-581
-623
-672
-797
-1049
-1357
-1690
-2032
-2412
-2817
-3150
-3389
-3465
-3500
-3457
-3303
-3102
-2759
-2494
-2370
-2427
-2430
-2114
-1581
-1038
-660
-280
215
875
1621
2307
2685
2717
2778
2951
3248
3387
3360
3295
3284
3337
3315
3156
2791
2359
1941
1627
1340
1003
785
637
523
349
116
-122
-287
-361
-431
-493
-541
-465
-255
94
368
440
482
476
571
708
806
844
815
866
954
1001
904
728
475
191
-78
-425
-693
-962
-1149
-1290
-1468
-1619
-1807
-2026
-2286
-2530
-2768
-3008
-3185
-3249
-3226
-3188
-3034
-2800
-2450
-2089
-1874
-1840
-1790
-1513
-1075
-655
-357
-28
353
865
1443
1967
2363
2410
2456
2623
2833
2946
2931
2955
2953
2993
2968
2812
2520
2147
1753
1339
1028
729
470
312
206
52
-150
-386
-577
-672
-762
-802
-809
-715
-438
-97
260
452
573
699
839
1015
1107
1162
1200
1260
1400
1494
1468
1354
1132
815
501
138
-239
-580
-889
-1194
-1548
-1905
-2243
-2533
-2839
-3133
-3422
-3679
-3831
-3876
-3679
-3490
-3347
-3187
-2892
-2396
-1864
-1447
-1282
-1158
-862
-415
-10
258
612
1010
1462
1930
2302
2613
2680
2629
2635
2661
2706
2672
2668
2676
2645
2634
2513
2268
1974
1603
1277
937
654
437
298
234
94
-111
-352
-551
-699
-819
-946
-1087
-1030
-802
-515
-187
62
251
476
685
891
1042
1142
1249
1365
1545
1645
1616
1531
1335
1110
844
524
134
-241
-567
-868
-1162
-1531
-1876
-2201
-2572
-2965
-3396
-3704
-3936
-4056
-4043
-3936
-3750
-3518
-3167
-2692
-2149
-1665
-1359
-1198
-938
-504
-76
336
731
1175
1589
1951
2263
2517
2638
2569
2453
2353
2357
2386
2442
2521
2473
2419
2290
2145
1919
1572
1201
883
714
618
508
401
309
196
43
-209
-474
-672
-839
-899
-915
-808
-613
-343
-68
132
335
452
575
675
786
934
1034
1235
1378
1444
1416
1272
1059
734
353
-84
-488
-812
-1053
-1281
-1512
-1781
-2094
-2390
-2729
-3105
-3445
-3654
-3778
-3803
-3734
-3558
-3237
-2888
-2427
-1954
-1522
-1242
-1144
-840
-465
2
434
845
1327
1719
2120
2397
2613
2656
2489
2339
2251
2276
2256
2250
2242
2176
2111
1973
1744
1423
1063
762
569
473
484
448
462
465
363
243
-24
-235
-451
-584
-635
-647
-522
-367
-143
29
154
253
339
423
425
507
631
767
935
1092
1160
1127
990
753
444
83
-301
-684
-965
-1219
-1496
-1742
-2051
-2332
-2618
-2900
-3171
-3413
-3551
-3604
-3554
-3425
-3195
-2895
-2551
-2125
-1666
-1212
-941
-768
-491
-64
383
772
1135
1489
1817
2117
2355
2508
2537
2443
2301
2257
2285
2271
2244
2179
2068
1953
1774
1489
1140
804
567
398
344
325
250
268
252
232
150
-12
-141
-257
-273
-287
-269
-192
-73
59
178
243
239
258
281
318
356
472
625
774
840
845
803
666
487
267
34
-239
-595
-864
-1096
-1328
-1615
-1955
-2289
-2617
-2905
-3183
-3394
-3518
-3536
-3480
-3321
-3101
-2889
-2573
-2187
-1695
-1195
-819
-551
-248
185
638
988
1311
1598
1805
2014
2157
2273
2323
2219
2150
2083
2062
2030
1997
1932
1781
1659
1495
1315
1093
898
787
631
548
453
382
339
281
202
60
-90
-226
-280
-253
-218
-211
-189
-150
-85
15
75
145
215
278
360
473
574
650
717
705
663
538
401
250
33
-143
-361
-571
-767
-936
-1133
-1422
-1724
-2027
-2327
-2608
-2858
-3017
-3094
-3100
-3057
-2933
-2758
-2570
-2314
-1956
-1525
-1032
-672
-421
-93
310
811
1113
1374
1641
1800
2029
2133
2288
2339
2242
2179
2077
2042
1938
1822
1671
1477
1315
1158
988
789
673
596
535
449
376
276
246
223
151
84
-55
-105
-93
-10
71
-1
-12
-49
-38
14
4
24
39
112
226
306
370
432
455
430
318
161
7
-159
-285
-482
-675
-829
-969
-1105
-1304
-1524
-1769
-2005
-2281
-2495
-2644
-2837
-2879
-2897
-2813
-2696
-2559
-2364
-2106
-1703
-1235
-818
-536
-241
130
570
930
1190
1490
1699
1875
2045
2215
2289
2225
2134
2020
1906
1766
1646
1506
1336
1164
964
806
626
484
420
368
294
204
145
132
183
162
91
20
-24
6
-3
62
107
119
123
124
169
172
130
121
111
129
155
153
227
272
260
228
124
44
-91
-197
-333
-486
-630
-761
-902
-1057
-1196
-1367
-1563
-1763
-1982
-2171
-2350
-2499
-2526
-2502
-2477
-2393
-2311
-2165
-2007
-1829
-1559
-1285
-880
-418
-21
343
612
937
1247
1494
1651
1733
1804
1873
1989
2050
2050
1929
1856
1746
1529
1371
1171
995
803
650
600
551
515
462
387
294
215
149
116
90
45
71
82
115
128
164
171
149
104
53
51
54
84
87
118
166
150
156
121
65
0
-66
-115
-153
-204
-283
-395
-516
-619
-788
-924
-1040
-1202
-1331
-1487
-1606
-1736
-1880
-1981
-2039
-2014
-1933
-1781
-1621
-1533
-1494
-1440
-1325
-1163
-893
-560
-214
145
463
754
1050
1262
1368
1410
1477
1566
1647
1770
1870
1868
1839
1756
1635
1451
1235
1026
844
670
597
578
569
568
511
445
284
106
22
-26
-17
29
130
207
303
380
359
300
183
116
26
-42
-27
-20
25
14
22
6
-90
-205
-303
-415
-497
-549
-592
-620
-664
-672
-721
-856
-942
-1039
-1136
-1267
-1389
-1468
-1538
-1584
-1647
-1693
-1721
-1728
-1674
-1612
-1549
-1513
-1412
-1253
-1051
-751
-413
-107
163
392
588
816
1015
1192
1319
1451
1610
1720
1841
1895
1873
1826
1743
1606
1443
1295
1199
1116
1068
1051
982
903
762
541
393
230
114
38
-7
28
75
154
195
183
178
127
65
56
60
46
86
121
149
173
178
139
62
-19
-141
-230
-318
-397
-475
-541
-595
-699
-755
-843
-957
-1054
-1104
-1149
-1199
-1262
-1285
-1290
-1324
-1386
-1437
-1400
-1371
-1392
-1346
-1284
-1168
-1088
-974
-816
-590
-319
-80
149
340
536
708
874
1039
1188
1353
1466
1561
1668
1755
1766
1752
1689
1574
1446
1348
1320
1241
1188
1073
925
845
691
553
382
251
155
55
3
-12
15
34
37
39
44
53
23
37
63
56
70
108
146
160
140
115
53
-50
-143
-272
-359
-442
-585
-677
-787
-850
-902
-995
-1049
-1117
-1183
-1221
-1273
-1305
-1311
-1307
-1263
-1213
-1213
-1169
-1131
-1078
-1036
-987
-914
-876
-819
-686
-490
-217
39
253
433
575
714
828
962
1070
1178
1294
1382
1532
1615
1662
1652
1533
1473
1384
1357
1296
1135
1066
943
865
772
635
533
406
300
213
90
34
-2
-25
16
2
-20
-30
-42
-29
-54
-26
-36
-7
57
76
97
75
54
17
-39
-138
-315
-420
-545
-669
-763
-853
-925
-1015
-1118
-1193
-1260
-1334
-1391
-1433
-1405
-1379
-1382
-1320
-1263
-1184
-1143
-1089
-1019
-952
-861
-797
-725
-677
-532
-348
-108
106
246
396
498
652
760
886
948
997
1102
1175
1260
1301
1380
1404
1405
1384
1270
1224
1158
1093
1014
910
820
742
639
534
423
323
231
120
115
88
14
23
2
1
-51
-75
-98
-126
-112
-117
-104
-96
-66
-51
-40
-69
-148
-214
-328
-424
-502
-585
-671
-709
-758
-824
-873
-914
-949
-1004
-1052
-1087
-1114
-1087
-1083
-1077
-1059
-987
-923
-864
-829
-788
-712
-666
-599
-557
-442
-277
-156
15
144
265
364
493
615
720
830
903
1006
1082
1174
1203
1242
1250
1181
1155
1113
1099
1084
1046
1006
950
866
794
712
603
501
400
340
284
198
179
133
95
45
-13
-54
-93
-102
-122
-143
-132
-108
-101
-80
-66
-91
-96
-129
-169
-256
-330
-378
-449
-519
-573
-568
-589
-629
-686
-716
-745
-833
-866
-895
-905
-902
-881
-843
-804
-753
-690
-645
-624
-559
-525
-448
-382
-361
-249
-171
-42
76
176
285
357
473
581
679
790
865
955
1041
1101
1134
1159
1176
1160
1137
1138
1109
1114
1082
1023
979
890
840
739
653
591
459
398
311
236
222
157
113
74
35
20
0
-17
-38
-71
-49
-41
-85
-92
-124
-143
-179
-226
-301
-365
-368
-403
-434
-472
-467
-463
-454
-433
-485
-500
-563
-602
-633
-671
-686
-699
-670
-654
-632
-586
-575
-553
-529
-482
-458
-415
-352
-301
-239
-175
-102
-19
63
142
217
272
360
429
506
571
565
605
645
711
770
803
822
862
921
963
943
910
887
860
825
791
714
687
616
538
475
388
315
219
144
64
9
-37
-82
-121
-129
-126
-169
-162
-164
-136
-142
-159
-192
-193
-186
-217
-240
-278
-282
-287
-271
-269
-304
-288
-323
-354
-377
-419
-466
-514
-560
-586
-578
-579
-561
-525
-489
-468
-487
-434
-386
-343
-311
-299
-276
-214
-171
-129
-54
-20
55
87
193
268
266
337
349
392
399
414
460
463
493
493
524
554
569
586
585
578
537
545
555
551
549
544
522
514
470
411
330
254
203
113
61
9
-86
-114
-158
-191
-225
-265
-276
-285
-273
-270
-267
-258
-256
-258
-240
-215
-196
-131
-98
-87
-107
-93
-108
-131
-165
-240
-292
-342
-351
-361
-364
-377
-423
-406
-395
-365
-345
-347
-339
-317
-278
-252
-219
-198
-166
-131
-67
8
41
107
144
159
164
165
193
213
226
237
276
296
329
345
384
405
340
337
312
332
348
360
384
407
407
396
371
328
281
199
159
135
82
64
23
-22
-74
-122
-158
-201
-232
-240
-259
-271
-237
-235
-207
-193
-228
-192
-179
-154
-125
-85
-31
-3
8
0
-30
-66
-122
-192
-216
-231
-281
-300
-302
-304
-298
-288
-281
-313
-330
-331
-329
-290
-234
-194
-133
-74
-87
-28
4
49
65
38
28
17
37
58
86
85
72
95
142
149
107
110
91
82
86
97
108
144
176
191
221
205
184
169
154
127
71
70
48
24
-7
-59
-113
-147
-169
-173
-173
-171
-128
-121
-82
-54
-86
-63
-75
-50
-24
0
43
69
115
162
188
197
172
140
127
101
12
-30
-59
-87
-102
-133
-162
-184
-180
-189
-209
-222
-213
-195
-138
-77
-68
-1
46
102
151
194
213
231
229
237
247
204
228
225
255
245
172
175
138
110
75
49
40
16
1
-8
6
0
-13
-12
-9
-2
-51
-51
-51
-67
-80
-111
-149
-190
-229
-272
-290
-298
-284
-289
-276
-242
-246
-215
-198
-181
-167
-147
-105
-49
2
54
90
124
164
173
207
212
154
144
114
93
73
58
53
49
45
36
41
18
-5
-45
-65
-52
-62
-39
-29
-2
40
80
128
155
183
198
240
278
320
336
353
384
346
344
316
281
242
205
162
137
107
76
44
19
11
-25
-16
-21
-70
-90
-132
-148
-159
-175
-170
-174
-171
-182
-180
-190
-197
-212
-219
-205
-221
-174
-154
-129
-121
-117
-106
-105
-87
-81
-40
-28
8
38
108
187
192
208
174
151
138
126
122
116
136
141
153
166
185
177
165
161
102
103
91
73
70
81
88
83
103
118
124
115
128
103
125
151
131
169
174
191
197
211
218
209
211
187
183
146
129
80
49
27
-54
-66
-99
-134
-173
-206
-232
-239
-249
-266
-267
-288
-252
-235
-200
-194
-223
-201
-220
-205
-194
-155
-112
-80
-32
-21
-1
-1
1
1
7
10
-18
16
38
52
53
63
52
33
12
-5
16
27
62
75
115
161
149
163
142
135
138
143
139
127
117
121
161
180
194
194
188
175
101
105
82
86
111
138
171
173
197
204
196
181
150
100
96
98
53
59
21
13
-8
-21
-39
-93
-148
-193
-195
-227
-226
-244
-223
-197
-229
-215
-219
-236
-232
-217
-216
-170
-114
-90
-79
-66
-51
-48
-30
-25
-49
-10
8
38
74
80
75
66
64
56
34
21
9
-11
-1
12
20
58
56
56
41
13
-2
-29
-45
-40
-19
-37
-34
-46
-35
-20
-65
-53
-92
-99
-98
-90
-75
-55
-12
9
40
52
62
58
53
49
6
55
88
96
106
98
86
62
36
-22
-77
-131
-141
-176
-181
-158
-193
-170
-184
-211
-203
-205
-205
-188
-168
-157
-118
-62
-14
-13
-7
-23
-74
-52
-52
-35
-10
5
25
39
70
78
82
63
64
49
69
102
102
138
132
128
116
124
119
94
69
51
52
44
41
16
42
55
-18
-32
-66
-91
-119
-137
-146
-157
-143
-128
-114
-111
-97
-107
-84
-80
-136
-127
-128
-95
-69
-40
-15
-15
-25
-60
-79
-127
-151
-167
-161
-147
-173
-144
-155
-166
-173
-183
-196
-189
-180
-141
-102
-70
-16
10
62
66
49
78
65
65
51
48
53
58
61
60
81
62
57
23
31
54
37
72
81
101
120
136
163
176
173
166
145
131
122
88
92
94
35
45
12
-32
-60
-82
-117
-146
-142
-161
-159
-144
-99
-67
-28
-7
-46
-25
-34
-24
-20
-15
7
50
83
90
82
74
46
-19
-55
-87
-127
-107
-105
-102
-103
-120
-128
-147
-157
-167
-148
-115
-66
-12
43
100
94
125
117
102
94
64
64
55
59
60
70
85
95
88
64
44
-7
9
3
10
23
31
45
47
68
71
83
69
86
102
129
126
62
73
54
35
18
-7
-49
-97
-137
-154
-151
-169
-168
-171
-133
-100
-121
-102
-102
-91
-59
-26
-3
44
84
84
88
71
55
28
5
0
-65
-71
-92
-115
-139
-161
-155
-175
-186
-198
-194
-188
-171
-155
-99
-38
-47
-6
16
42
50
49
61
56
68
75
77
70
80
76
69
64
9
25
6
-8
1
3
16
9
11
21
19
1
22
23
56
96
73
82
89
100
97
94
83
65
24
-5
-31
-60
-72
-108
-87
-74
-137
-128
-143
-152
-153
-171
-157
-124
-92
