44
53
46
55
42
33
28
29
18
20
40
18
36
32
33
25
14
4
-8
-6
-13
-12
-15
-19
-23
0
23
-15
-11
-29
-34
-25
-22
-25
-36
-33
-25
-14
-14
-11
-24
-6
15
-10
28
28
3
-14
1
21
19
17
18
30
29
30
23
45
50
29
38
43
68
64
67
64
66
58
50
63
57
69
50
63
70
50
62
58
58
51
37
34
48
39
34
29
20
28
9
15
18
-12
26
19
35
41
54
67
60
53
30
19
31
39
29
46
45
7
14
-1
-17
-30
-21
-9
-20
-32
-29
-31
-62
-61
-62
-32
-20
-50
-29
-32
-27
-25
-29
-53
-45
-26
-15
-9
-21
-18
-33
-24
-8
-31
-19
-30
-29
-19
-9
-5
-16
-10
-6
1
-1
6
-2
7
26
3
24
18
18
14
2
10
16
24
29
63
65
52
37
44
58
19
39
37
65
60
59
62
40
62
79
95
71
66
53
84
108
56
57
46
53
54
44
52
59
61
48
42
37
46
32
48
67
30
48
39
47
22
13
3
-3
0
-4
1
-19
-11
-25
-8
18
-20
-4
-5
-16
-29
-42
-47
-56
-47
-51
-52
-51
-33
-44
-32
-1
-20
-12
-18
-4
3
2
-4
7
13
17
37
40
30
13
24
35
9
31
32
21
8
-2
18
28
17
-1
-8
-23
-7
-14
7
17
-9
7
-14
-5
-5
5
-1
4
7
-2
-11
-21
-9
-18
5
19
-17
-5
-16
-18
-16
-11
-21
-29
-16
-17
-9
-14
-9
-32
-23
-11
-51
-24
-23
-19
-17
-12
-12
-29
-34
-38
-48
-51
-47
-66
-61
-57
-82
-57
-51
-39
-23
-23
-24
-10
-5
-6
-6
-15
-1
-16
-9
-2
-44
-35
-34
-23
-30
-46
-51
-41
-39
-40
-22
-12
-5
-13
2
21
-2
2
-11
-25
-14
-18
-18
-23
-44
-48
-45
-46
-51
-68
-44
-35
-81
-73
-69
-53
-58
-67
-85
-95
-78
-70
-71
-81
-60
-62
-55
-53
-93
-80
-99
-88
-93
-98
-88
-71
-63
-65
-72
-81
-81
-102
-92
-92
-134
-108
-109
-99
-85
-91
-93
-100
-83
-70
-64
-71
-58
-56
-37
-18
-46
-33
-36
-51
-54
-37
-36
-41
-41
-41
-32
-47
-53
-63
-31
0
-31
-13
-14
-13
-9
4
9
-17
-27
-22
-15
-8
-5
-24
-21
-8
-23
0
-2
1
6
-5
-2
9
7
14
22
20
12
-6
18
39
-3
-9
-15
4
19
18
18
13
23
-5
-14
-22
-21
-51
-32
-12
-47
-24
-28
-14
-29
-32
-39
-37
-22
-31
-38
-50
-45
-51
-21
-17
-60
-41
-50
-43
-48
-48
-32
-26
-10
-11
-24
-31
-39
-43
-13
-5
-44
-27
-32
-32
-38
-36
-19
-21
-24
-35
-29
-26
-6
-14
13
17
-16
32
39
40
45
36
29
37
34
13
22
11
27
28
26
44
16
47
39
22
16
24
47
71
55
40
48
53
51
32
48
52
23
39
43
40
36
27
28
27
20
28
16
16
8
-2
29
41
5
39
33
42
49
41
49
54
52
46
59
58
66
62
94
106
88
114
138
164
161
158
149
134
108
63
55
45
26
23
36
51
12
15
8
4
-11
-30
-42
-63
-72
-84
-102
-129
-147
-170
-147
-127
-156
-122
-102
-74
-58
-36
-2
7
11
24
51
65
93
106
139
170
168
202
204
209
204
177
160
129
101
63
34
9
0
-7
8
28
1
19
24
27
29
49
35
-3
-11
-18
-25
-56
-81
-112
-114
-120
-171
-177
-198
-223
-236
-257
-299
-357
-387
-409
-422
-429
-444
-448
-435
-407
-397
-332
-314
-257
-171
-65
95
225
384
541
670
757
800
795
777
715
556
433
272
125
5
-95
-167
-201
-179
-150
-99
-53
18
82
160
217
221
251
227
224
210
181
151
131
96
61
25
-48
-128
-246
-337
-403
-516
-573
-635
-673
-688
-673
-650
-628
-603
-621
-618
-620
-617
-608
-574
-512
-357
-69
185
403
642
972
1260
1355
1355
1299
1154
903
607
293
55
-225
-544
-677
-672
-614
-561
-465
-300
-115
50
185
306
385
443
498
546
592
609
620
565
534
521
475
375
192
41
-114
-315
-516
-693
-848
-952
-1015
-1067
-1019
-950
-875
-796
-677
-575
-498
-443
-466
-511
-598
-680
-770
-894
-1047
-1243
-1387
-1377
-1014
-430
11
304
689
1353
1936
2074
1916
1762
1528
1049
429
-67
-356
-818
-1364
-1558
-1316
-1040
-952
-837
-551
-161
67
164
201
247
214
94
122
308
548
713
856
1116
1493
1777
1791
1612
1425
1237
900
476
59
-303
-561
-759
-785
-594
-344
-123
107
420
752
967
979
857
643
403
101
-268
-574
-851
-1039
-1208
-1287
-1257
-1180
-1187
-1288
-1356
-1371
-1444
-1652
-1899
-2101
-2335
-2392
-2133
-1437
-415
501
1146
1878
3003
4074
4338
3773
3160
2787
2145
866
-486
-1254
-1871
-2688
-3266
-2962
-2197
-1855
-1854
-1400
-362
432
515
365
518
781
720
595
685
963
1133
1151
1383
1880
2227
2057
1579
1158
894
421
-378
-1244
-1853
-2088
-2214
-2162
-1822
-1206
-524
129
924
1732
2335
2557
2473
2308
2131
1790
1219
619
103
-119
-169
-213
-207
-172
-103
-40
-70
-175
-313
-613
-985
-1274
-1465
-1508
-1595
-1703
-1656
-1440
-1178
-1044
-1006
-989
-992
-1102
-1332
-1613
-1781
-1932
-2111
-1706
-696
353
940
1295
2209
3592
4201
3676
3087
2858
2400
1206
-151
-859
-1263
-2134
-3060
-2921
-2059
-1519
-1548
-1383
-419
584
800
596
660
882
844
575
472
768
968
841
820
1252
1777
1855
1460
1075
968
784
263
-429
-895
-1136
-1301
-1306
-1037
-483
20
430
936
1582
2149
2274
2047
1777
1559
1322
1006
577
180
13
-17
79
187
173
122
33
-123
-279
-482
-850
-1302
-1749
-2003
-2043
-2111
-2213
-2324
-2258
-2095
-1933
-1866
-1934
-1950
-1983
-2038
-1889
-1485
-650
468
1302
1803
2530
3725
4748
4638
3728
3059
2779
1979
375
-1060
-1820
-2354
-3207
-3744
-3286
-2495
-2139
-2095
-1444
-129
792
863
733
1042
1529
1575
1293
1241
1501
1625
1452
1463
1868
2055
1675
1020
697
631
248
-509
-1206
-1455
-1452
-1368
-1153
-636
2
535
1140
1839
2517
2824
2721
2510
2274
2019
1637
1064
503
164
12
53
147
33
-58
-89
-109
-121
-300
-668
-1031
-1326
-1623
-1789
-1834
-1941
-2099
-2181
-2148
-2019
-1999
-2190
-2259
-2349
-2497
-2582
-2605
-2317
-1654
-526
837
1947
2587
3408
4861
5746
5301
4158
3382
2990
1864
-126
-1629
-2202
-2793
-3758
-4174
-3486
-2551
-2201
-2160
-1420
-37
721
628
423
746
1263
1268
986
1043
1485
1786
1823
1981
2392
2584
2130
1429
1009
779
203
-778
-1641
-1923
-1812
-1644
-1395
-927
-136
682
1418
2179
2768
3076
3048
2758
2420
2200
1814
1161
588
258
238
378
328
122
122
156
72
-106
-538
-957
-1294
-1685
-2029
-2122
-2060
-2065
-2134
-2067
-1740
-1434
-1563
-1998
-2250
-2317
-2467
-2707
-3166
-3444
-3156
-2409
-925
845
1955
2500
3465
5278
6682
6228
4562
3529
3208
2090
-70
-1863
-2688
-3326
-4350
-4782
-3820
-2596
-2305
-2497
-1661
57
1066
836
252
484
1159
1304
1050
1059
1486
1796
1893
2310
3046
3271
2586
1701
1364
1321
655
-647
-1822
-2256
-2124
-1872
-1597
-1098
-341
520
1475
2431
3260
3547
3264
2930
2700
2511
2045
1221
405
70
177
371
385
156
33
123
232
131
-342
-924
-1415
-1798
-2074
-2165
-2150
-2228
-2359
-2253
-1784
-1404
-1532
-2137
-2584
-2648
-2877
-3247
-3600
-3813
-3902
-3864
-3077
-914
1507
2555
2642
3540
6065
8077
7225
4802
3553
3602
2677
77
-2355
-3212
-3617
-4770
-5456
-4439
-2949
-2601
-3030
-2403
-248
1304
895
-70
39
1164
1877
1608
1289
1709
2398
2759
3043
3513
3798
3290
2116
1355
1288
913
-577
-2336
-2931
-2287
-1728
-1773
-1588
-546
830
1860
2686
3461
4041
3941
3368
3119
3082
2672
1645
610
234
507
738
469
68
-40
151
327
146
-391
-974
-1410
-1738
-1882
-1910
-1939
-2019
-2045
-1794
-1239
-861
-1066
-1587
-2116
-2424
-2681
-3377
-4230
-4704
-4732
-4562
-4431
-4050
-2517
70
2143
3043
3569
5195
7672
8352
6439
4427
3964
3703
1783
-1300
-3070
-3195
-3753
-4989
-5175
-3931
-2718
-2658
-2903
-1674
264
832
176
-207
562
1709
1933
1516
1710
2612
3321
3582
3726
4002
4003
3202
2179
1679
1261
172
-1434
-2547
-2421
-1877
-1779
-1745
-1151
192
1590
2441
3014
3625
3962
3830
3552
3253
2908
2211
1250
682
660
753
610
242
-55
-6
180
90
-393
-1087
-1551
-1657
-1702
-1949
-2164
-2208
-2076
-1825
-1588
-1413
-1406
-1813
-2349
-2615
-2863
-3321
-4165
-4945
-4913
-4459
-4192
-4188
-3625
-1501
1383
3242
3570
4009
6022
8249
8041
5654
3957
3788
3079
517
-2225
-3188
-3276
-4273
-5446
-5082
-3470
-2426
-2672
-2589
-939
888
1253
508
323
1252
2210
2238
1846
2079
2801
3320
3439
3550
3867
3736
2723
1675
1407
1231
41
-1734
-2541
-2119
-1563
-1591
-1676
-846
625
1783
2517
3265
3901
4077
3865
3494
3390
3050
2018
910
373
352
370
-10
-617
-790
-531
-300
-412
-894
-1370
-1549
-1587
-1761
-1957
-2181
-2298
-2268
-2156
-1967
-1847
-1901
-2332
-2736
-2907
-3123
-3498
-4450
-5236
-5086
-4608
-4410
-4398
-3320
-556
2133
3282
3512
5009
7882
9010
7270
5085
4491
4441
2379
-977
-2998
-3324
-3900
-5358
-5864
-4752
-3239
-2808
-2909
-1730
173
1126
816
345
818
1749
2019
1652
1540
2071
2779
3282
3497
3693
4057
3869
3022
2263
1766
1167
-208
-1848
-2450
-1975
-1676
-1986
-1815
-516
1211
2208
2694
3562
4374
4494
4025
3543
3239
2643
1426
326
15
22
-147
-586
-936
-715
-191
-173
-572
-943
-1194
-1264
-1593
-2067
-2305
-2440
-2603
-2583
-2402
-2294
-2271
-2482
-2664
-2767
-3131
-3612
-4296
-5154
-5621
-5450
-5056
-4937
-4301
-1965
1214
3315
3846
4773
7625
9842
8901
6340
4872
4783
3412
-92
-3138
-3999
-4268
-5526
-6554
-5846
-3992
-2895
-2942
-2222
-145
1440
1346
480
479
1497
2045
1554
1129
1650
2704
3523
3876
4022
4416
4537
3955
3179
2339
1459
186
-1392
-2354
-2311
-1945
-2058
-2103
-980
1093
2548
3028
3567
4523
5207
4721
3742
3204
2619
1484
292
-319
-301
-305
-742
-960
-517
73
232
-175
-665
-791
-838
-1330
-1971
-2415
-2660
-2727
-2801
-2783
-2558
-2405
-2567
-2749
-2781
-3122
-3824
-4629
-5478
-5988
-6123
-6163
-5756
-4582
-2231
911
3187
4174
5652
8732
10829
9862
7447
5924
5612
3894
37
-3054
-4227
-4946
-6156
-6993
-6237
-4448
-3451
-3272
-2066
113
1413
1210
497
691
1763
2039
1464
1271
1882
2969
3808
4218
4587
5028
4933
4319
3706
2853
1573
-153
-1757
-2554
-2662
-2680
-2897
-2632
-1241
725
2251
3045
3731
4690
5268
4846
4075
3407
2499
1298
173
-435
-465
-607
-1023
-958
-367
234
429
40
-375
-501
-708
-1263
-1919
-2564
-2953
-3014
-3112
-3036
-2793
-2758
-2848
-2893
-2888
-3114
-3792
-4749
-5591
-6020
-6199
-6231
-5689
-4162
-1599
1297
3356
4687
6813
9786
11056
9674
7531
6401
5785
3225
-830
-3503
-4531
-5458
-6711
-7291
-6271
-4488
-3662
-3174
-1468
601
1511
1173
743
1350
2238
1983
1330
1403
2206
3242
3884
4193
4809
5387
5103
4405
3869
3056
1610
-348
-1822
-2211
-2431
-2966
-3133
-2295
-621
1130
2366
3229
4269
5241
5441
4949
4230
3286
2194
1043
70
-356
-576
-898
-865
-418
77
559
608
162
-89
-373
-934
-1581
-2433
-3242
-3492
-3552
-3567
-3384
-3303
-3103
-2821
-2817
-2922
-3285
-3952
-4801
-5759
-6534
-6616
-6141
-5218
-3415
-863
1978
4185
5811
8449
10984
11070
9245
7476
6652
5262
1526
-2511
-4493
-5342
-6534
-7688
-7692
-6188
-4430
-3701
-2504
-268
1241
1612
1307
1368
2234
2477
1716
1324
1822
2834
3811
4186
4485
5256
5620
5204
4560
3683
2366
607
-1213
-2243
-2705
-3287
-3746
-3375
-1920
-67
1551
2767
3874
5112
5868
5823
5241
4266
3010
1887
874
-37
-591
-1055
-1286
-876
-334
49
347
243
-47
-195
-635
-1312
-2046
-2978
-3531
-3566
-3611
-3645
-3613
-3498
-3049
-2594
-2552
-2926
-3505
-4196
-4994
-5795
-6600
-6865
-6560
-5387
-2934
-51
2451
4125
6248
9661
11829
11146
8955
7518
6925
4732
491
-3104
-4817
-5994
-7427
-8232
-7594
-5915
-4722
-4078
-2151
317
1488
1442
1002
1517
2460
2303
1554
1331
1915
2980
3933
4410
4965
5638
5611
5181
4705
3778
2155
-49
-1837
-2445
-2931
-3699
-4043
-3306
-1579
312
1899
3114
4317
5318
5742
5668
4993
3826
2379
1190
350
-330
-797
-1212
-1223
-682
-142
212
399
108
-348
-673
-1248
-1930
-2822
-3851
-4257
-4137
-4057
-4039
-3985
-3781
-3239
-2981
-3292
-3639
-4270
-5187
-6023
-6649
-6623
-5647
-3795
-1629
499
2739
5219
8484
10981
10899
9754
8761
8039
6439
2556
-1563
-3856
-5203
-6801
-8144
-8398
-7480
-5995
-4902
-3362
-913
642
1017
1194
1776
2734
2828
1850
1399
1997
2922
3673
4054
4280
4897
5505
5370
4875
3949
2437
772
-933
-2041
-2632
-3432
-4261
-3933
-2178
-315
1046
2067
3390
5096
5969
5822
5337
4535
3391
2195
1131
367
-257
-1013
-1315
-747
-106
144
59
-207
-176
-299
-924
-1723
-2676
-3427
-3852
-4015
-4030
-4013
-3962
-3941
-3550
-3068
-3027
-3489
-4311
-4928
-5585
-6383
-6824
-6678
-5248
-2780
-553
1471
3575
6475
9917
11372
10469
9149
8496
7626
4903
741
-2599
-4251
-5786
-7560
-8275
-7854
-6673
-5601
-4607
-2387
-87
753
836
1133
2020
2810
2388
1506
1575
2498
3461
4121
4401
4895
5718
5822
5364
4840
3857
2247
152
-1455
-2026
-2541
-3677
-4334
-3314
-1260
375
1337
2477
4089
5389
5754
5468
4948
4101
2886
1755
1043
482
-101
-683
-723
16
517
403
174
-3
-253
-619
-1345
-2339
-3119
-3783
-4159
-4165
-4185
-4204
-4138
-4086
-3609
-3304
-3906
-4673
-5366
-5933
-6514
-6963
-6537
-4970
-2505
-196
1904
4035
6799
10219
11564
10452
9155
8419
7555
4780
441
-2760
-4385
-5925
-7637
-8484
-8040
-6800
-5732
-4787
-2685
-459
321
495
861
1864
2693
2253
1690
1900
2806
3859
4472
4693
5123
5858
5932
5319
4587
3498
1896
-55
-1575
-2174
-2682
-3540
-3820
-2733
-714
811
1665
2819
4228
5251
5412
4880
4290
3542
2332
1368
941
469
57
-326
-218
606
953
619
292
-62
-470
-985
-1956
-2879
-3534
-4160
-4339
-4239
-4170
-3984
-3855
-3811
-3507
-3640
-4402
-5308
-6303
-7079
-7550
-7451
-6080
-3554
-1145
868
3169
6223
10102
12081
10976
9608
9154
8558
5980
1313
-2383
-4000
-5550
-7527
-8584
-8361
-7324
-6257
-5309
-3233
-872
-182
-231
239
1276
2225
1803
989
1315
2359
3565
4444
4817
5254
6075
6503
6218
5466
4105
2366
517
-1065
-1856
-2570
-3687
-4173
-3173
-1100
482
1223
2311
3704
4799
5158
4620
3911
3099
1988
1218
888
451
80
-57
170
1078
1496
1057
739
357
-314
-1000
-2025
-3197
-3991
-4653
-4879
-4613
-4661
-4606
-4352
-4333
-4026
-4053
-5045
-5921
-6599
-7391
-7527
-6941
-5174
-2320
3
1915
4426
7954
11476
12256
10407
9117
9067
7813
3936
-751
-3678
-4918
-6514
-8435
-8869
-7993
-6843
-5912
-4585
-2034
-180
-242
-451
460
1770
1982
1036
611
1566
2971
3992
4593
5017
5821
6629
6604
5989
5063
3440
1405
-466
-1677
-2305
-3309
-4369
-4020
-2091
-20
1085
1817
3132
4722
5401
5028
4217
3306
2290
1238
566
215
-134
-417
-223
660
1532
1632
1127
761
417
-290
-1376
-2713
-3905
-4651
-5108
-5206
-4967
-4863
-4671
-4434
-4212
-3840
-4369
-5583
-6457
-7217
-7447
-7080
-5345
-2320
-375
951
3681
8243
12197
12048
9788
9375
10209
8689
3704
-1111
-3429
-4721
-7018
-9318
-9302
-8202
-7504
-6672
-4579
-1410
74
-516
-479
1090
2453
1934
474
117
1296
2796
3521
3977
4695
5602
6642
6995
6662
5722
3773
1771
329
-597
-1687
-3320
-4443
-3808
-1622
129
839
1687
3213
4870
5609
5257
4379
3347
2191
1292
841
191
-574
-862
-455
722
1516
1213
874
742
371
-243
-1285
-2748
-4192
-5094
-5424
-5310
-5419
-5972
-5831
-5282
-4799
-4573
-5557
-6675
-6780
-6267
-5026
-3055
-1171
446
2210
4972
9133
11793
10657
8847
8908
9339
7495
2602
-1916
-3564
-4852
-7123
-8896
-9200
-8436
-7655
-6746
-4357
-1482
-740
-1183
-315
1663
2899
2077
684
933
2369
3482
3926
4024
4493
5455
6098
6183
5847
4643
2694
1132
320
-397
-1819
-3604
-4073
-2854
-1133
3
592
1535
3201
4772
5356
5079
4347
3524
2849
2302
1716
780
-189
-449
80
679
661
187
-157
-237
-360
-954
-2071
-3181
-4079
-4672
-4781
-4920
-5341
-5689
-5843
-5469
-4976
-5432
-6150
-6611
-6554
-5392
-3225
-566
1243
2020
3811
7910
11845
11621
8846
7596
8515
8298
4034
-1105
-3370
-4144
-5802
-7919
-8562
-7751
-7175
-7119
-5516
-2264
-619
-1371
-1744
-81
2307
2583
974
489
1802
3531
4435
4458
4570
5053
5581
5821
5755
4858
2910
991
-9
-227
-887
-2560
-3868
-3237
-1220
257
655
955
2051
3650
4617
4569
4023
3257
2634
2505
2507
2097
1249
610
779
1526
1642
643
-371
-929
-1264
-1774
-2823
-3982
-4788
-5369
-5411
-4967
-5211
-5763
-6100
-6108
-5558
-5755
-6942
-7434
-6670
-4559
-1243
1176
2324
3895
7082
11512
13328
11069
8684
8437
8210
5299
355
-3499
-5062
-6554
-8585
-9071
-8232
-7627
-7466
-6381
-3249
-539
-799
-1850
-929
1130
2085
1188
199
912
2640
3946
4669
5095
5497
6010
6117
5952
5443
3717
1367
-400
-1009
-1299
-2357
-3761
-3818
-1990
-61
807
1312
2265
3538
4434
4528
4086
3469
2573
1948
2022
2031
1559
1047
1013
1787
2430
1868
817
39
-604
-1357
-2463
-3936
-5223
-5955
-6236
-6057
-6081
-6520
-6727
-6615
-6518
-6391
-6616
-7151
-6472
-4178
-772
2378
3481
4486
8141
12700
13972
11450
8970
8954
8757
4918
-417
-3510
-5001
-6974
-9202
-9831
-8614
-7741
-7909
-6610
-3225
-784
-988
-1749
-692
1460
2142
1017
520
1502
2964
4185
4789
5147
5659
5991
5888
5543
4682
2809
440
-1274
-1825
-2098
-3255
-4461
-3923
-1799
73
968
1633
2725
3900
4527
4496
3995
3015
1903
1469
1630
1604
1030
529
952
2023
2420
1671
820
254
-401
-1202
-2325
-3631
-4814
-5706
-5953
-5707
-5789
-6343
-6633
-6666
-6250
-6152
-7037
-7331
-6304
-3654
-125
1947
3071
5223
9222
13208
13477
10963
9546
9604
8215
4015
-600
-3498
-5216
-7399
-9290
-9140
-8233
-7894
-7553
-5660
-2192
-362
-1058
-1436
118
1902
1887
662
211
1277
2726
3629
4304
4786
5144
5619
5697
5374
4402
2214
-57
-1312
-1761
-2369
-3699
-4666
-3603
-1344
249
1148
1902
3071
4440
4976
4761
4037
2929
1946
1501
1299
932
310
-167
314
1303
1570
1007
306
-182
-590
-1176
-2170
-3484
-4538
-5070
-5171
-5282
-5655
-6181
-6520
-6494
-6462
-6637
-7031
-6545
-3882
-620
1171
2046
4120
8443
11918
11599
9741
9492
9893
8175
4146
334
-1653
-3493
-6384
-8126
-7945
-7492
-7677
-7610
-5586
-2590
-1509
-2022
-1563
222
1561
1468
804
950
1922
2787
3370
4022
4443
4680
4784
4706
4510
3524
1512
-345
-1295
-1798
-2430
-3517
-4063
-2859
-1059
155
1117
2099
3237
4307
4720
4585
4170
3290
2502
2177
1862
1352
719
318
564
1064
772
145
-321
-948
-1483
-2037
-2861
-3719
-4538
-5003
-4734
-4681
-5270
-5679
-5823
-5901
-5927
-6302
-6596
-5791
-4040
-1210
1872
3558
4914
7706
11440
13184
11416
8988
8407
8003
4842
73
-3144
-4710
-6299
-8311
-9111
-8086
-7139
-7022
-5967
-3160
-753
-555
-1176
-249
1692
2352
1461
1063
2034
3341
4098
4362
4754
5243
5344
4826
4004
3089
1317
-991
-2824
-3559
-3746
-4576
-5301
-4334
-2075
-162
993
2082
3517
4836
5212
4929
4505
3722
2706
1944
1552
1309
819
298
476
1057
986
130
-615
-1088
-1806
-2785
-3862
-4656
-5279
-5818
-5974
-5982
-6084
-6356
-6699
-6682
-6353
-6133
-5881
-4826
-2196
1436
4276
5649
7200
10859
14323
14081
11175
9222
9032
7304
2429
-2388
-4619
-5980
-8297
-10164
-9964
-8437
-7707
-7665
-5755
-2264
-531
-1091
-1137
825
2873
2778
1803
2268
3856
5076
5453
5570
5900
6222
5844
4784
3704
2187
-196
-2721
-4313
-4800
-5230
-6262
-6478
-4573
-2006
-276
892
2252
3922
5184
5438
5140
4698
3821
2924
2507
2279
1852
1090
614
1015
1486
763
-462
-1160
-1746
-2591
-3716
-4827
-5531
-5975
-6396
-6476
-6213
-6340
-6694
-7094
-7326
-6683
-6102
-5984
-4122
-694
2532
4966
6459
9169
13313
14822
12978
10983
10273
9300
5815
510
-2772
-4034
-6470
-9151
-9951
-9263
-8244
-8109
-7582
-4769
-2200
-2009
-2124
-840
1213
2299
1913
1939
3444
4895
5580
6183
6543
6760
6671
5859
4783
3331
1190
-1267
-3276
-4413
-5050
-5856
-6431
-5516
-3422
-1628
-378
950
2429
3704
4289
4245
4078
3665
2923
2396
2365
2242
1839
1461
1433
1769
1504
331
-668
-1311
-2379
-3556
-4545
-5431
-5963
-6428
-6659
-6460
-6471
-6743
-7168
-7462
-7135
-6558
-6036
-4531
-1403
2018
4470
6042
8659
12716
14689
13057
10784
10107
9633
6370
1126
-2192
-3367
-5068
-7585
-8798
-7961
-6790
-6727
-6519
-4264
-1915
-1820
-2476
-1645
428
1436
837
899
2596
4438
5366
5824
6362
7108
7207
6180
4918
3632
1657
-1003
-3290
-4248
-4680
-5753
-6487
-5384
-3063
-1277
-371
749
2420
3802
4040
3624
3351
2974
2171
1477
1481
1552
1186
744
977
1713
1483
273
-618
-1038
-1837
-3181
-4465
-5247
-5638
-6082
-6575
-6592
-6467
-6703
-7201
-7499
-7484
-6834
-6077
-4215
-777
1938
3875
6143
9511
13311
13918
11721
10502
10469
8948
4773
151
-2289
-3386
-5567
-7841
-7746
-6740
-6349
-6175
-4985
-2272
-901
-1785
-1873
-127
1504
1307
503
1181
3167
4582
4957
5623
6414
6805
6544
5563
4526
3066
645
-1873
-3363
-3905
-4637
-5775
-5940
-4199
-1945
-732
100
1375
2883
3820
3786
3552
3225
2564
1834
1481
1630
1522
974
722
1222
1620
902
-457
-1328
-1694
-2644
-3977
-4942
-5493
-5738
-5927
-5958
-5760
-5710
-5993
-6410
-6481
-6406
-6275
-5888
-4285
-972
2049
3769
5376
8457
12370
13508
11478
9708
9355
8337
4581
-122
-2805
-3988
-5849
-7926
-8006
-6696
-5825
-5588
-4602
-1833
104
-420
-927
345
2102
2293
1367
1591
3310
4713
5100
5437
6073
6509
6034
4798
3703
2527
315
-2396
-4069
-4303
-4413
-5254
-5504
-3797
-1246
211
905
2013
3329
4089
3835
3286
3003
2460
1491
957
1223
1487
1142
560
807
1506
974
-508
-1523
-2062
-2946
-4100
-5164
-5608
-5720
-6185
-6167
-5742
-5813
-6149
-6725
-6958
-6373
-6028
-5670
-3456
-42
3032
5044
6509
9917
13777
13728
11148
9598
9125
7543
2971
-1982
-3776
-4613
-6850
-8571
-8234
-6649
-5402
-5365
-4248
-1188
264
-598
-816
727
2468
2495
1644
2422
4551
5853
6271
6661
7157
7429
6541
4749
3246
1642
-971
-3749
-5191
-5262
-5308
-5917
-5424
-3070
-554
842
1730
2896
4025
4372
3817
3193
2736
1997
1098
810
1251
1455
1019
758
1245
1417
354
-1211
-2218
-3050
-4356
-5592
-6311
-6510
-6614
-6794
-6578
-6281
-6050
-6491
-7063
-7054
-6464
-5371
-3770
-1033
1944
4316
6477
9468
13078
13906
11893
10212
9580
8207
4118
-949
-3746
-4883
-6579
-8544
-8802
-7556
-6294
-5569
-4493
-1932
-121
-678
-1005
405
2206
2420
1583
2134
4325
6160
6703
7045
7626
8047
7564
5838
4006
2158
-533
-3442
-5167
-5534
-5822
-6464
-6041
-3657
-858
759
1722
2951
4295
4939
4512
3698
3067
2358
1567
1203
1480
1701
1327
1034
1469
1730
658
-1041
-2266
-3166
-4292
-5785
-6728
-6828
-6884
-6920
-6590
-6182
-5743
-5996
-6747
-6729
-6113
-5390
-4097
-1687
1040
3559
5730
8168
11792
13336
11665
10036
9233
8107
4757
-265
-3551
-4593
-6117
-8265
-8719
-7736
-6414
-5429
-4651
-2441
-308
-435
-872
134
1763
2378
1817
2047
3792
5619
6390
6814
7324
7391
7001
5775
3941
1895
-670
-3338
-5135
-5601
-5772
-6101
-5673
-3694
-759
1256
2231
3279
4448
5046
4742
3883
2891
2122
1492
1057
1268
1583
1477
1404
1712
2011
1473
-214
-1735
-2629
-3836
-5308
-6443
-7036
-7097
-6855
-6617
-6206
-5736
-5838
-6038
-6028
-6121
-5541
-4508
-2451
777
2843
4329
6897
10424
12997
12123
9771
8860
8445
5798
1037
-2706
-4442
-5467
-7264
-8544
-7476
-6061
-5489
-4832
-2963
-479
103
-937
-737
1260
2616
2238
2025
3395
5599
6950
7146
7549
7919
7422
5975
4015
2193
-167
-3320
-5763
-6349
-5981
-6147
-6117
-4459
-1362
1243
2458
3363
4410
5135
4935
4105
3297
2456
1567
949
1189
1812
1870
1479
1532
2106
1856
310
-1448
-2561
-3516
-4955
-6246
-6864
-6832
-6815
-6931
-6615
-6045
-5944
-6243
-6611
-6587
-5670
-4573
-2069
1518
3676
5078
7123
10858
14074
12586
8951
7639
7656
5321
191
-4228
-5639
-5764
-7369
-8600
-7217
-5575
-4971
-4630
-3014
-166
300
-1582
-1762
603
2488
2172
1750
3297
6120
7825
8128
8613
8797
7940
6070
3937
2092
-544
-4199
-6939
-7113
-6110
-6031
-6187
-4534
-1050
1836
2978
3565
4421
5000
4583
3715
3157
2391
1380
835
1351
2431
2494
1668
1428
1996
1808
19
-2027
-3250
-3930
-5027
-6121
-6365
-6170
-6144
-6074
-5655
-5280
-5384
-6270
-7019
-6815
-6071
-4789
-2096
1161
3773
5851
8308
12060
14450
12491
9249
7915
7051
3809
-1552
-5606
-6464
-6693
-8178
-8540
-6721
-4738
-3801
-3366
-1692
539
272
-1777
-1908
128
1443
937
813
3205
6574
8231
8433
8950
9407
8474
6028
3222
895
-1916
-5566
-8078
-7860
-6573
-6244
-5710
-3139
659
3217
3940
4305
5059
5204
4119
2854
2103
1416
662
451
1273
2395
2503
1787
1775
2123
1266
-835
-2974
-4114
-4712
-5850
-6695
-6326
-5793
-5446
-4956
-4517
-3898
-4246
-5678
-6604
-6744
-6206
-4935
-2431
752
3587
5998
8849
12760
14804
12653
9591
8133
6865
3112
-2637
-6415
-7147
-7449
-8554
-8516
-6463
-4287
-3099
-2449
-767
1032
319
-1562
-1725
-29
1058
578
838
3357
6640
8439
8843
9064
9124
8137
5616
2491
-369
-3432
-6801
-8916
-8594
-7156
-6421
-5457
-2541
1321
3733
4404
4602
5017
5145
4121
2719
1969
1444
1019
1029
1755
2685
2676
1834
1440
1344
198
-2002
-4072
-5129
-5554
-6194
-6483
-6106
-5291
-4572
-4125
-3781
-3643
-4158
-5439
-6425
-6993
-6860
-5994
-3468
807
4138
6056
8437
12332
15508
14026
9824
7275
6206
3228
-2330
-6657
-7655
-7307
-7817
-7987
-5690
-2987
-2113
-2262
-1328
714
564
-2079
-3395
-1729
418
706
935
3288
6989
9446
9757
9745
9720
8344
5105
1430
-1181
-3717
-7166
-9854
-9410
-6839
-5288
-4640
-2474
1216
3904
4368
3928
4050
4168
3177
1951
1794
2040
1896
1748
2493
3875
3989
2522
1242
771
-197
-2425
-4638
-5673
-5787
-5960
-6138
-5318
-4144
-3722
-3794
-3799
-3753
-4306
-6134
-7862
-8320
-7693
-6346
-3459
813
4557
7332
9595
12731
15762
14433
9902
6481
4845
2502
-2293
-6797
-7815
-6589
-6266
-6145
-4198
-1994
-1105
-1577
-1752
-555
-716
-3214
-4676
-2966
-5
1566
2261
4496
8344
11123
11333
10394
9265
7337
3907
-163
-3116
-5257
-7767
-9818
-9197
-6086
-3696
-2950
-1582
1390
3784
4040
3053
2478
2661
2270
1562
1785
2567
2984
3011
3511
4429
4353
2336
85
-907
-1934
-3776
-5706
-6524
-5850
-5154
-4767
-3830
-2767
-2386
-2739
-3501
-3999
-4670
-6570
-8445
-9174
-8592
-6810
-4113
141
4601
7464
9462
11917
14602
14323
9986
5492
3430
2000
-1643
-5829
-7155
-5717
-4274
-4188
-3166
-1061
-295
-1321
-2510
-2085
-1725
-3439
-5225
-3948
-167
2653
3911
5788
9026
11766
11899
10212
8483
6305
2697
-1316
-4001
-5391
-6844
-8348
-7855
-4772
-1956
-1234
-908
740
2652
2876
1793
1154
1574
1996
1949
2644
3946
4563
4273
3965
4098
3672
1532
-1279
-2696
-3206
-4120
-5228
-5573
-4652
-3547
-3065
-2632
-2063
-2148
-3286
-4571
-5427
-6168
-7497
-9187
-9736
-8604
-6497
-3799
481
5162
7905
8961
10506
13176
13652
9400
4339
2546
2320
59
-3751
-5301
-3728
-2141
-2483
-2726
-1486
-1179
-3084
-5270
-5150
-3855
-4502
-6056
-4640
96
4357
6158
7500
10015
12466
12349
9930
7401
5137
2020
-1797
-4270
-4699
-4900
-5967
-6053
-3632
-803
-403
-1445
-1113
363
782
-102
-504
610
2038
2734
3653
5258
6149
5485
4277
3731
3216
1198
-1764
-3386
-3431
-3625
-4253
-4336
-3406
-2434
-2359
-2641
-2607
-2850
-4374
-5992
-6843
-7303
-7615
-8786
-9207
-7921
-5923
-3600
-355
3912
6972
8103
8754
10375
12211
10494
5867
3017
2800
2396
-247
-2992
-3115
-1702
-1691
-3028
-3062
-2708
-3940
-5987
-6787
-5272
-4081
-4660
-4167
-597
4132
6775
7554
8721
10572
11286
9556
7010
5013
2929
138
-2236
-2845
-2839
-3560
-4511
-3905
-1810
-881
-1879
-2591
-1628
-395
-140
-216
585
2251
3457
4075
5074
5917
5374
3897
2774
2273
1297
-879
-2823
-3029
-2614
-2863
-3307
-3259
-2757
-2761
-3359
-3710
-3866
-4696
-6096
-6886
-6782
-6818
-7578
-8263
-7923
-6324
-4481
-2773
973
4856
6658
7517
8383
10475
11574
8442
4285
3067
3206
1622
-1286
-3232
-2561
-1471
-2724
-3709
-3086
-3192
-4699
-6343
-5920
-3910
-3231
-3771
-2248
1966
5664
7168
7723
8945
10433
9899
7647
5600
3918
1760
-939
-2421
-2337
-2348
-3316
-3970
-2743
-990
-944
-2145
-2201
-864
20
190
508
1813
3382
4013
4530
5506
5727
4534
2987
2123
1707
466
-1634
-2714
-2519
-2458
-2918
-3236
-3057
-2916
-3455
-4117
-4099
-4307
-5437
-6534
-6802
-6566
-6580
-7588
-8100
-7423
-5899
-4000
-1088
2932
5685
6672
7540
9735
11983
10355
5804
3214
3344
2770
-209
-2916
-3145
-2001
-2314
-3610
-3288
-2895
-4289
-6363
-6645
-4655
-3394
-4045
-3561
158
4758
7113
7665
8545
10053
10365
8536
6283
4565
2555
-44
-1878
-1889
-1581
-2407
-3556
-3186
-1434
-901
-2122
-2987
-2126
-815
-273
203
1470
3174
4225
4852
5903
6498
5553
3688
2563
2200
1287
-697
-2273
-2353
-2036
-2350
-2919
-3062
-3064
-3654
-4495
-4576
-4615
-5489
-6721
-7134
-6649
-6404
-7270
-7997
-7662
-6163
-4278
-1706
2265
5387
6727
7483
9187
11566
11058
6736
3242
2851
2833
629
-2310
-3312
-2246
-1974
-3292
-3592
-3328
-4449
-6527
-7466
-5807
-3900
-3863
-3693
-575
4262
7378
8159
8440
9547
10164
8802
6547
4759
3109
908
-811
-930
-515
-1315
-2841
-3173
-2012
-1465
-2618
-3869
-3418
-1866
-667
235
1558
3249
4420
5006
5877
6339
5356
3448
2184
1996
1701
307
-1084
-1231
-953
-1124
-1880
-2606
-3131
-4116
-5231
-5568
-5476
-6052
-7116
-7366
-6885
-6218
-6669
-7761
-7645
-6615
-4963
-2639
1031
4534
6415
7175
8699
11314
11629
7847
3909
2786
2890
1208
-1897
-3203
-2326
-1910
-3033
-3724
-3401
-4295
-6528
-7970
-6754
-4629
-4133
-3938
-1398
3300
6924
8056
8379
9213
9767
8635
6501
4923
3608
1659
-49
-125
538
36
-1611
-2585
-2024
-1598
-2721
-4132
-4017
-2636
-1221
-67
1471
3308
4443
4874
5531
6033
5234
3379
1961
1841
1903
988
-121
-341
-93
-440
-1343
-2171
-2940
-4103
-5445
-5803
-5571
-5678
-6615
-7166
-6590
-5993
-6435
-7618
-8083
-7358
-5660
-3243
803
4682
6445
7139
8985
11767
12064
8107
3735
2598
2817
1139
-1654
-2842
-2019
-1574
-2659
-3277
-3086
-4450
-7265
-8831
-7521
-5279
-4703
-4522
-1740
3174
6960
8168
8325
8966
9184
7850
5950
4711
3557
1743
271
650
1659
970
-1123
-2447
-2209
-2095
-3352
-4800
-4577
-2960
-1338
206
2062
3779
4493
4589
5068
5428
4442
2447
1303
1672
2186
1700
906
827
875
140
-1032
-2063
-3137
-4644
-6029
-6196
-5519
-5536
-6341
-6711
-6293
-5781
-6468
-7867
-8486
-7849
-6283
-3473
1106
5226
7201
7644
9270
12235
12311
7703
2985
1830
2340
1101
-1530
-2393
-1112
-685
-2055
-2873
-3018
-4837
-8250
-10203
-8523
-5787
-4959
-4536
-1475
3818
7670
8532
8209
8495
8402
6934
5167
4262
3678
2222
1082
1807
2932
1992
-782
-2794
-2944
-2994
-4376
-5742
-5175
-3120
-1028
766
2733
4276
4524
4184
4444
4699
3726
1822
1009
1938
2954
2726
1914
1589
1242
74
-1569
-2886
-4066
-5607
-6617
-6375
-5334
-5195
-6001
-6358
-6116
-5924
-7044
-8639
-9265
-8243
-5831
-1934
2976
6487
8000
8718
10573
12624
10904
5529
1673
1311
1817
593
-1349
-1461
-191
-343
-1965
-2967
-4036
-6814
-10132
-10941
-8262
-5514
-4630
-3224
799
5833
8465
8231
7453
7403
6844
5419
4399
4215
4025
3114
2737
3740
3936
1641
-1761
-3741
-4092
-4576
-5817
-6273
-4612
-2074
204
2115
3582
4172
3627
3065
3268
3283
2337
1390
1853
3368
4379
3952
2956
2155
955
-811
-2488
-3731
-4823
-5923
-6159
-5158
-4232
-4513
-5643
-6167
-6221
-6875
-8195
-9269
-9290
-7910
-5451
-1282
4307
7831
8594
8650
10026
11697
9990
4666
1040
1396
2517
1749
250
158
986
115
-2335
-3939
-5226
-8035
-11304
-11661
-8198
-4559
-3224
-1954
1657
6084
8033
7112
5781
5572
5254
4483
4586
5330
5657
5010
4516
4991
4533
1334
-2720
-4917
-5205
-5235
-5772
-5649
-3750
-1255
636
2082
2898
2720
1810
1385
2103
2799
2566
2306
3209
4815
5383
4388
2868
1487
-103
-1801
-3069
-3729
-4301
-5045
-5001
-4122
-3603
-4662
-6391
-7362
-7833
-8486
-9696
-10309
-9416
-6901
-3251
1943
6818
8983
8832
8756
10378
11059
7744
2883
1406
3082
4172
3125
1847
1859
1474
-962
-3774
-5515
-7472
-10735
-12840
-10841
-6232
-3292
-2598
-774
3165
6518
6612
4937
4293
4927
5245
5356
6459
7786
7755
6420
5676
5439
3347
-1038
-4768
-5692
-5047
-5015
-5351
-4418
-2291
-557
276
743
879
343
-295
382
2184
3413
3531
3852
5143
6169
5489
3545
1666
143
-1212
-2473
-3105
-3344
-3818
-4342
-4297
-4097
-4819
-6612
-8421
-9246
-9226
-9562
-10132
-9929
-7896
-4261
649
5492
8038
8115
7711
9347
11161
9313
4712
2449
3913
5675
4910
2987
2209
1663
-578
-3648
-5466
-6935
-9823
-12607
-11537
-7020
-3593
-3206
-2768
486
4370
5286
3797
3175
4442
5889
6586
7638
9171
9486
7957
6422
5898
4270
191
-3967
-5243
-4364
-3979
-4695
-4669
-3243
-1810
-1406
-1376
-1166
-1265
-1394
-464
1742
3615
4182
4247
5021
6002
5560
3768
1922
632
-308
-1170
-1775
-2088
-2642
-3681
-4457
-4752
-5462
-7184
-9175
-10173
-10042
-9982
-10054
-9560
-7567
-4373
-292
4215
7072
7571
7253
8459
10385
9804
6440
4355
5348
6875
6229
4318
3174
2072
-433
-3724
-5651
-6953
-9322
-11825
-11300
-7614
-4593
-4056
-3716
-1220
1934
3066
2495
2809
4503
6121
7172
8542
10206
10471
9013
7313
6287
4672
1319
-2077
-3330
-3024
-3245
-4031
-4155
-3566
-3275
-3511
-3468
-3049
-2765
-2350
-1031
1224
3076
3851
4260
4968
5374
4710
3446
2455
1657
797
69
-304
-600
-1515
-2886
-4005
-4953
-6305
-8103
-9571
-10397
-10499
-10856
-10850
-10043
-8075
-5185
-1461
2810
5743
6460
6545
8112
10128
9694
6957
5560
6859
8129
7342
5541
4631
3498
895
-2410
-4597
-6155
-8684
-11003
-10776
-8095
-6056
-5806
-5261
-3001
-451
469
470
1476
3517
5591
7310
8986
10574
10965
10075
8958
7826
5905
2947
424
-630
-979
-1771
-2767
-3173
-3507
-4142
-4832
-5062
-4981
-4810
-4003
-2245
-122
1517
2577
3471
4330
4540
4057
3458
3156
2773
2105
1646
1385
984
-68
-1621
-3086
-4381
-5805
-7517
-8959
-9903
-10400
-10868
-11139
-10952
-9777
-7485
-3986
268
3326
4497
4970
6648
8924
9373
7639
6276
6914
8083
8422
7680
6568
5084
2975
710
-1505
-3909
-6690
-8807
-9357
-8463
-7420
-6871
-6256
-5252
-3888
-2593
-1621
-705
430
2410
5094
7559
9178
9956
10194
10054
9268
7770
5788
3931
2746
1863
1011
208
-670
-1802
-3083
-4146
-5038
-5705
-5989
-5598
-4574
-3154
-1524
-138
866
1651
2151
2491
2661
2750
2882
2867
2769
2696
2523
1883
646
-972
-2418
-3552
-4995
-6572
-8048
-9034
-9736
-10464
-11118
-10857
-9373
-6534
-2671
255
1488
1852
3071
5501
7193
6623
5168
5302
7418
9675
9817
8367
7110
6263
4920
2428
-448
-2802
-4530
-5895
-6330
-5964
-5569
-5682
-6273
-6320
-5589
-4797
-4314
-3705
-2131
551
3408
5558
6969
7835
8431
8517
7907
7047
6232
5739
5381
4973
4441
3692
2506
879
-871
-2481
-3710
-4581
-4976
-4821
-4268
-3468
-2732
-2180
-1799
-1499
-1200
-772
-126
610
1300
1835
2271
2634
2732
2176
1059
-63
-978
-1677
-2562
-3715
-4746
-5590
-6406
-7437
-8524
-8911
-8151
-6278
-3820
-1817
-937
-752
-209
1361
2920
3038
2057
1986
3904
6638
8073
7775
7038
6606
6323
5329
3520
1563
-42
-939
-1215
-1215
-1562
-2378
-3194
-3728
-4064
-4640
-5149
-5009
-4032
-2684
-1533
-371
924
2191
2996
3182
3181
3397
3953
4677
5231
5567
5740
5725
5528
4874
3766
2534
1447
736
292
-63
-451
-781
-1073
-1403
-1837
-2343
-2678
-2774
-2646
-2416
-2164
-1809
-1463
-1170
-984
-950
-1157
-1481
-1611
-1562
-1596
-1885
-2383
-2696
-2890
-3383
-4200
-4978
-5278
-4863
-3831
-2311
-812
-202
-568
-1151
-921
-82
428
6
-197
508
2112
3935
4843
5160
4624
4043
3665
3343
2838
1819
1166
1183
1619
1715
1146
687
291
-151
-1089
-2175
-2520
-2277
-1905
-1596
-1438
-1106
-871
-677
-419
-413
-440
-540
-18
1062
2086
2698
2781
3039
3379
3623
3406
2864
2608
2617
2827
2827
2675
2528
2288
2026
1532
882
224
-345
-744
-1082
-1443
-1865
-2278
-2516
-2672
-2863
-3286
-3756
-4034
-4143
-4197
-4481
-4802
-5161
-5455
-5564
-5576
-5366
-4950
-4149
-2958
-1577
-598
-380
-636
-529
151
889
1215
1632
2427
3479
4445
5102
5765
5731
5133
4274
3800
3694
3087
2475
2155
2415
2530
1844
1051
445
48
-730
-1744
-2320
-2503
-2479
-2397
-2286
-2112
-2184
-2285
-2176
-1988
-1713
-1431
-881
-161
539
1200
1773
2338
2778
3114
3307
3330
3381
3545
3826
4068
4086
3796
3489
3193
2803
2085
1162
326
-348
-881
-1517
-2216
-2709
-3038
-3332
-3800
-4391
-4820
-5106
-5414
-5750
-5991
-6191
-6473
-6726
-6635
-6167
-5493
-4605
-3402
-1942
-816
-392
-548
-400
399
1362
2002
2493
3299
4242
5091
5726
6219
6217
5570
4590
4005
3869
3503
2924
2544
2591
2569
1900
867
16
-486
-1118
-1928
-2486
-2733
-2729
-2633
-2449
-2330
-2496
-2651
-2530
-2221
-1832
-1385
-707
137
806
1439
2010
2481
2749
2894
3125
3349
3521
3625
3884
4225
4361
4125
3599
3160
2734
2077
1337
551
-70
-623
-1192
-1759
-2272
-2753
-3321
-3905
-4395
-4705
-5005
-5347
-5637
-5867
-6038
-6478
-6910
-6956
-6391
-5544
-4568
-3285
-1944
-946
-769
-661
-66
873
1616
1958
2741
3731
4666
5268
5930
6572
6345
5437
4357
4096
4100
3696
3158
2934
3041
2615
1657
660
-44
-675
-1561
-2276
-2559
-2596
-2601
-2607
-2517
-2513
-2731
-2821
-2721
-2415
-1858
-1248
-478
187
864
1538
2068
2418
2534
2744
3010
3313
3514
3739
4073
4219
4143
3701
3180
2734
2215
1595
925
349
-103
-563
-1037
-1610
-2195
-2732
-3286
-3818
-4292
-4534
-4777
-5056
-5338
-5644
-5952
-6464
-6797
-6649
-5994
-5021
-3916
-2635
-1543
-1085
-1007
-605
168
927
1305
1741
2802
4000
4889
5433
6119
6376
5793
4786
4226
4380
4349
3878
3347
3301
3260
2567
1550
692
50
-772
-1614
-2086
-2099
-1937
-1921
-2102
-2313
-2541
-2678
-2722
-2686
-2328
-1785
-1106
-498
169
982
1596
1935
1997
2130
2401
2758
3038
3299
3618
3830
3856
3594
3165
2663
2156
1647
1121
574
81
-310
-731
-1257
-2036
-2735
-3224
-3703
-4123
-4392
-4556
-4765
-5133
-5414
-5690
-6045
-6426
-6410
-5868
-4845
-3578
-2587
-1724
-1410
-1043
-508
75
579
835
1513
2466
3592
4345
5023
5565
5620
5141
4363
4265
4367
4257
3862
3574
3657
3481
2807
1795
1005
356
-314
-1011
-1465
-1472
-1305
-1332
-1629
-1950
-2171
-2268
-2534
-2614
-2315
-1697
-1040
-606
27
679
1198
1332
1321
1585
2010
2376
2576
2929
3379
3600
3404
3023
2668
2372
1896
1324
934
644
465
37
-466
-1128
-1910
-2610
-3266
-3749
-4151
-4450
-4757
-4932
-5124
-5464
-5821
-6160
-6106
-5750
-4973
-3903
-2847
-2126
-1870
-1472
-699
198
603
817
1367
2360
3423
4080
4716
5253
5341
4902
4319
4343
4491
4320
3944
3726
3804
3469
2675
1821
1274
711
-131
-821
-1059
-937
-824
-977
-1236
-1496
-1751
-1943
-2196
-2203
-2036
-1732
-1192
-638
5
438
647
794
941
1190
1423
1690
2065
2451
2771
2896
2809
2490
2080
1645
1244
922
570
290
193
91
-258
-922
-1672
-2288
-2876
-3477
-3935
-4257
-4378
-4566
-4849
-5113
-5399
-5716
-5825
-5470
-4799
-3877
-3072
-2293
-1879
-1547
-959
-264
338
574
1104
2018
3116
3930
4499
5022
5157
4870
4350
4276
4530
4482
4117
3774
3884
3817
3154
2138
1304
733
99
-573
-1006
-931
-694
-683
-983
-1249
-1343
-1448
-1717
-1971
-1841
-1410
-877
-438
138
791
1080
962
792
1016
1399
1577
1623
1845
2402
2692
2502
2053
1620
1228
671
127
-199
-360
-429
-589
-757
-1093
-1688
-2384
-2984
-3358
-3758
-4136
-4445
-4598
-4748
-4947
-5247
-5422
-5251
-4832
-4043
-3108
-2340
-2052
-2031
-1672
-897
-297
-85
241
1139
2342
3212
3707
4283
4665
4626
4153
3950
4250
4352
4151
3846
4008
4200
3737
2854
1944
1340
710
-102
-685
-955
-825
-722
-880
-1028
-1397
-1636
-1841
-2014
-1869
-1645
-1229
-745
-167
556
1057
1238
1217
1252
1456
1723
1908
2042
2249
2483
2529
2345
1896
1370
839
292
-213
-685
-929
-1042
-1243
-1595
-2089
-2618
-3045
-3438
-3813
-4067
-4275
-4514
-4784
-4990
-4952
-4880
-4617
-4147
-3414
-2362
-1654
-1323
-1409
-1119
-574
-100
131
355
1125
1988
2757
3330
3887
4201
4007
3668
3590
3854
3902
3732
3590
3832
4053
3709
3067
2425
1976
1386
696
138
-174
-265
-428
-679
-973
-1213
-1415
-1630
-1862
-1902
-1738
-1422
-1024
-661
-120
317
578
774
979
1369
1656
1872
2073
2383
2609
2553
2326
2089
1912
1606
1096
494
-52
-443
-813
-1333
-1924
-2497
-3002
-3415
-3746
-4057
-4368
-4708
-5024
-5315
-5556
-5723
-5811
-5467
-4763
-3717
-2607
-1688
-1136
-941
-597
-53
567
805
952
1504
2474
3340
3663
3945
4128
4086
3699
3329
3421
3543
3458
3189
3140
3301
3100
2455
1777
1347
1029
613
144
-48
-19
34
-168
-571
-902
-1074
-1102
-1210
-1266
-1157
-889
-597
-422
-77
231
341
405
559
986
1418
1674
1868
2092
2313
2315
2068
1723
1422
1189
1001
793
506
161
-192
-650
-1230
-1944
-2643
-3187
-3597
-3922
-4176
-4386
-4713
-5177
-5571
-5825
-5850
-5719
-5408
-4581
-3366
-2244
-1701
-1560
-1063
-163
523
777
1052
1839
2915
3517
3845
4259
4582
4430
3881
3639
3933
3965
3567
3154
3234
3454
2996
2043
1230
810
452
-66
-490
-627
-490
-465
-681
-981
-1278
-1381
-1496
-1585
-1451
-1200
-789
-494
-223
215
476
542
482
602
1010
1434
1754
1962
2217
2431
2425
2132
1737
1396
1091
746
421
130
-87
-294
-713
-1339
-2038
-2650
-3154
-3590
-3987
-4336
-4537
-4763
-4974
-5204
-5393
-5503
-5483
-5085
-4283
-3208
-2464
-2170
-1931
-1235
-276
339
689
1200
2100
2980
3502
3923
4396
4587
4300
3885
3908
4106
3920
3547
3336
3504
3513
2851
2014
1371
947
472
-90
-407
-487
-456
-578
-829
-1124
-1312
-1377
-1561
-1638
-1552
-1285
-922
-604
-267
85
189
160
256
557
1002
1236
1480
1824
2177
2423
2365
2163
1849
1575
1276
1026
780
426
126
-132
-505
-1083
-1755
-2349
-2928
-3470
-3984
-4365
-4648
-4939
-5211
-5446
-5634
-5758
-5602
-5096
-4173
-3200
-2564
-2386
-2224
-1467
-545
101
485
1224
2303
3260
3867
4258
4710
4777
4473
4036
4052
4245
3958
3589
3364
3529
3437
2695
1892
1262
818
315
-192
-415
-447
-394
-432
-688
-1017
-1177
-1236
-1331
-1416
-1230
-899
-552
-276
2
325
392
332
274
411
743
977
1242
1494
1765
1997
2041
1932
1714
1469
1208
967
709
457
275
72
-311
-862
-1356
-1778
-2256
-2826
-3334
-3703
-4048
-4501
-4979
-5345
-5584
-5575
-5371
-4796
-3991
-3215
-2751
-2650
-2334
-1698
-966
-464
80
1035
2292
3250
3840
4430
4854
5040
4858
4603
4785
4797
4522
4184
4075
4178
3822
2952
1994
1211
606
32
-380
-597
-716
-852
-1048
-1258
-1479
-1560
-1545
-1693
-1667
-1428
-1019
-531
-212
177
439
528
539
557
805
1032
1205
1366
1601
1840
1881
1755
1566
1402
1233
974
728
533
264
-15
-292
-672
-1128
-1633
-2001
-2307
-2590
-2936
-3289
-3673
-4013
-4375
-4841
-5205
-5402
-5227
-4694
-3886
-2992
-2412
-2310
-2234
-1771
-1077
-645
-312
377
1531
2641
3359
3991
4505
4818
4715
4487
4671
4860
4753
4507
4440
4648
4408
3557
2612
1847
1286
633
-49
-452
-662
-746
-955
-1226
-1495
-1676
-1751
-1924
-1918
-1691
-1346
-972
-638
-208
138
275
323
414
700
1058
1314
1503
1645
1799
1838
1767
1609
1348
1123
939
781
630
327
42
-248
-665
-1198
-1771
-2172
-2475
-2759
-3015
-3190
-3447
-3795
-4194
-4631
-4876
-5038
-5004
-4699
-3994
-3051
-2402
-2236
-2135
-1684
-1071
-659
-416
328
1372
2211
2806
3350
4004
4362
4348
4186
4404
4703
4605
4397
4328
4585
4463
3734
2916
2136
1545
928
346
-5
-287
-582
-928
-1300
-1536
-1701
-1818
-1966
-2015
-1732
-1386
-1073
-811
-531
-200
-66
21
201
526
921
1180
1409
1645
1806
1799
1643
1425
1141
935
751
629
511
284
69
-198
-612
-1164
-1742
-2180
-2528
-2862
-3087
-3241
-3436
-3674
-3978
-4322
-4589
-4734
-4736
-4411
-3834
-3009
-2444
-2262
-2091
-1664
-1029
-651
-362
254
1236
2043
2480
2934
3510
3943
3995
3926
4154
4435
4379
4218
4282
4595
4458
3786
3028
2423
1966
1429
933
542
146
-254
-641
-959
-1282
-1609
-1860
-2078
-2140
-1928
-1598
-1232
-905
-661
-456
-409
-291
-57
232
617
963
1282
1566
1780
1865
1845
1609
1216
875
666
562
388
112
-101
-292
-632
-1091
-1584
-2017
-2405
-2858
-3135
-3348
-3555
-3798
-4024
-4215
-4383
-4438
-4399
-4141
-3724
-2966
-2354
-2100
-2061
-1835
-1164
-604
-172
346
1199
1912
2267
2665
3241
3677
3700
3571
3705
4097
4214
4132
4148
4343
4282
3663
2954
2379
2021
1643
1215
859
514
249
-51
-394
-807
-1230
-1527
-1829
-1998
-1853
-1500
-1142
-946
-831
-596
-438
-375
-298
-111
286
620
841
1146
1488
1732
1729
1514
1238
1006
822
621
440
208
-37
-253
-484
-783
-1252
-1718
-2119
-2479
-2775
-3116
-3421
-3672
-3861
-4079
-4327
-4456
-4379
-4100
-3712
-3059
-2420
-2089
-2134
-2072
-1486
-825
-424
-23
767
1750
2361
2609
2916
3299
3524
3430
3326
3630
3862
3875
3842
3990
4166
3765
3036
2389
1983
1631
1173
833
628
431
139
-150
-504
-863
-1221
-1536
-1820
-1889
-1688
-1401
-1047
-819
-559
-452
-446
-330
-213
50
242
452
736
1023
1258
1385
1377
1194
946
706
565
378
159
-112
-330
-483
-826
-1253
-1632
-1861
-2137
-2508
-2851
-3118
-3359
-3626
-3856
-4071
-4174
-4164
-4056
-3635
-2969
-2229
-1891
-1982
-1912
-1489
-886
-520
-116
645
1554
2180
2472
2898
3299
3483
3336
3228
3476
3658
3631
3591
3751
3949
3673
3035
2482
2072
1720
1278
878
661
402
191
1
-220
-518
-914
-1206
-1517
-1654
-1543
-1341
-1084
-940
-732
-567
-435
-269
-115
79
252
430
626
819
1012
1143
1103
951
766
637
563
376
186
-99
-331
-550
-889
-1269
-1656
-1933
-2173
-2391
-2582
-2758
-3030
-3292
-3534
-3787
-3974
-3995
-3798
-3495
-3000
-2328
-1720
-1566
-1645
-1452
-948
-476
-170
362
1182
1849
2275
2588
3087
3478
3448
3235
3233
3461
3546
3494
3527
3727
3674
3209
2649
2196
1835
1389
998
707
438
181
18
-135
-380
-678
-991
-1262
-1489
-1442
-1252
-1104
-974
-856
-716
-630
-512
-332
-120
72
300
568
791
942
993
973
868
640
467
319
227
148
-34
-260
-507
-806
-1223
-1620
-1927
-2196
-2453
-2651
-2722
-2817
-2947
-3189
-3474
-3686
-3722
-3565
-3344
-2966
-2363
-1637
-1234
-1210
-1062
-623
-152
-3
363
1123
1832
2251
2420
2845
3309
3369
3187
3035
3204
3290
3108
3015
3105
3145
2851
2320
1925
1550
1136
689
335
157
-39
-141
-303
-571
-823
-1010
-1153
-1371
-1406
-1197
-958
-786
-634
-491
-344
-288
-208
-69
121
446
692
928
1125
1195
1205
981
668
377
180
32
-118
-264
-423
-573
-854
-1272
-1740
-2097
-2394
-2681
-2837
-2935
-2961
-3036
-3106
-3189
-3324
-3420
-3439
-3273
-2987
-2555
-1907
-1180
-686
-608
-424
-31
396
632
886
1472
2146
2521
2671
2978
3387
3471
3219
2990
2983
2988
2862
2737
2676
2619
2371
1907
1476
1091
714
367
69
-151
-306
-378
-473
-718
-933
-1137
-1289
-1369
-1323
-1063
-778
-546
-366
-257
-100
6
72
172
306
561
882
1119
1255
1300
1258
1050
719
377
114
-64
-237
-390
-557
-733
-963
-1380
-1749
-2096
-2445
-2731
-2930
-2949
-2923
-2929
-2978
-3024
-3070
-3149
-3111
-2935
-2695
-2391
-1859
-1182
-609
-290
-109
176
553
838
1076
1452
1967
2381
2583
2850
3147
3254
3143
2875
2768
2734
2675
2574
2481
2419
2212
1912
1484
1116
845
593
308
1
-109
-180
-357
-611
-812
-991
-1136
-1254
-1228
-1026
-803
-556
-445
-306
-166
-139
-55
-16
183
406
635
850
1028
1149
1100
939
671
391
145
-28
-191
-390
-541
-737
-1006
-1319
-1635
-2004
-2330
-2594
-2747
-2849
-2947
-2976
-3009
-3004
-3031
-3063
-2926
-2740
-2467
-2116
-1605
-971
-424
-12
297
609
830
1026
1343
1811
2279
2494
2738
2951
3114
3152
3045
2885
2623
2467
2301
2278
2230
2106
1968
1628
1330
957
668
419
148
29
-33
-108
-240
-452
-621
-782
-947
-1015
-1024
-836
-624
-434
-212
-81
-2
-48
-60
-17
125
341
532
742
914
1001
948
810
599
339
133
-91
-284
-423
-535
-714
-952
-1224
-1520
-1855
-2161
-2383
-2555
-2650
-2712
-2747
-2744
-2801
-2834
-2824
-2797
-2690
-2472
-2185
-1768
-1263
-659
-141
140
408
678
964
1188
1477
1790
2140
2418
2572
2759
2838
2846
2671
2462
2304
2190
2112
2005
1895
1839
1708
1477
1224
947
704
440
261
147
60
-31
-159
-266
-418
-558
-691
-723
-735
-688
-550
-416
-240
-141
-80
-48
-14
44
109
242
427
590
634
684
688
631
492
283
81
-109
-274
-460
-625
-790
-944
-1158
-1445
-1713
-2016
-2203
-2385
-2541
-2608
-2655
-2633
-2636
-2636
-2609
-2524
-2375
-2183
-1904
-1517
-985
-504
-51
319
609
915
1128
1353
1618
1925
2186
2350
2530
2691
2791
2809
2703
2471
2216
1973
1802
1667
1581
1501
1391
1206
945
726
481
259
60
-52
-115
-229
-247
-307
-364
-449
-496
-529
-573
-537
-426
-247
-111
21
84
135
169
141
198
251
334
419
488
570
598
539
365
172
-31
-220
-421
-567
-696
-867
-975
-1118
-1277
-1478
-1689
-1858
-2020
-2147
-2234
-2257
-2217
-2165
-2077
-2018
-1977
-1967
-1864
-1678
-1488
-1180
-805
-318
134
460
674
842
996
1127
1292
1502
1782
1925
2090
2216
2281
2255
2095
1922
1671
1515
1431
1440
1449
1391
1291
1114
903
640
455
286
175
95
51
33
31
-12
-109
-230
-354
-411
-464
-370
-199
-93
50
88
128
125
115
114
107
141
217
341
445
513
516
428
224
-56
-233
-401
-543
-663
-737
-769
-842
-983
-1166
-1358
-1553
-1710
-1858
-1914
-1883
-1853
-1774
-1712
-1678
-1638
-1628
-1598
-1510
-1355
-1126
-906
-566
-93
355
661
734
783
897
1025
1168
1364
1577
1721
1837
1894
1929
1871
1740
1550
1323
1302
1376
1385
1334
1259
1197
1038
827
638
496
372
252
190
145
105
89
45
-75
-248
-314
-341
-351
-257
-114
-1
61
114
149
139
114
163
220
295
410
490
569
531
449
275
70
-94
-263
-413
-573
-625
-632
-708
-813
-916
-1053
-1305
-1497
-1593
-1654
-1665
-1656
-1623
-1555
-1491
-1426
-1434
-1458
-1411
-1302
-1117
-957
-765
-365
72
417
555
616
709
741
812
926
1135
1333
1410
1475
1514
1547
1424
1281
1101
1004
1068
1136
1155
1098
1084
1052
935
741
619
486
390
355
262
260
199
191
102
-34
-88
-160
-171
-195
-96
38
106
135
149
167
111
110
130
199
261
359
393
382
342
241
108
-86
-197
-312
-385
-422
-483
-510
-628
-731
-849
-1013
-1147
-1242
-1300
-1328
-1323
-1264
-1138
-1048
-981
-1026
-1150
-1187
-1167
-1052
-925
-761
-603
-343
36
393
600
556
535
521
549
644
776
974
1036
1100
1138
1128
1037
963
917
832
806
851
941
949
959
989
890
761
627
554
490
449
428
412
391
362
353
283
182
118
135
154
137
190
206
214
222
240
210
163
170
166
162
195
239
193
128
48
-68
-175
-305
-375
-420
-479
-532
-571
-640
-702
-744
-828
-911
-1007
-1012
-1002
-1054
-1039
-1045
-1026
-1006
-963
-927
-916
-899
-847
-785
-760
-667
-525
-286
-75
53
230
311
393
435
489
540
618
722
783
892
989
1071
1056
1007
978
881
856
829
857
902
897
868
789
707
600
487
367
292
233
243
267
256
267
216
160
93
56
24
39
69
136
217
258
298
265
262
224
137
115
97
79
26
-31
-122
-196
-283
-411
-520
-607
-661
-712
-734
-754
-800
-807
-851
-895
-923
-929
-963
-950
-916
-877
-804
-790
-753
-718
-661
-613
-642
-589
-519
-377
-231
-111
15
97
201
274
342
402
467
549
649
715
718
783
831
845
810
791
787
787
788
790
788
759
711
623
592
562
457
392
323
308
312
292
234
152
93
53
18
-12
-12
-12
24
47
18
32
17
-7
-47
-73
-83
-101
-138
-198
-216
-259
-330
-421
-484
-548
-650
-695
-749
-770
-770
-760
-767
-788
-822
-867
-911
-935
-900
-880
-839
-803
-772
-703
-648
-592
-570
-564
-556
-508
-450
-376
-283
-201
-104
-38
81
148
156
245
318
390
429
487
541
589
617
648
676
670
674
682
721
729
690
660
610
596
556
520
482
439
409
376
342
276
225
175
142
125
61
48
39
33
29
22
17
-7
-29
-45
-41
-74
-103
-148
-171
-192
-289
-326
-378
-416
-455
-501
-542
-572
-592
-613
-643
-664
-647
-664
-650
-656
-691
-673
-679
-669
-656
-605
-582
-532
-468
-407
-365
-387
-376
-380
-342
-315
-305
-234
-191
-113
-76
-16
53
89
144
170
203
228
271
328
399
461
464
515
542
557
557
552
553
559
571
587
613
598
586
549
516
502
431
410
376
351
334
305
258
210
152
107
103
60
49
24
19
23
-42
-40
-89
-131
-198
-241
-267
-321
-344
-366
-364
-390
-416
-467
-511
-556
-606
-582
-565
-522
-536
-533
-521
-517
-508
-547
-533
-528
-473
-405
-349
-298
-320
-323
-365
-396
-412
-419
-397
-361
-316
-245
-177
-140
-119
-124
-76
-52
-67
1
50
142
230
300
350
389
434
454
491
517
567
628
701
764
735
732
723
701
670
628
597
575
530
479
427
354
302
227
189
174
101
96
54
37
26
-8
-37
-85
-105
-140
-190
-237
-259
-280
-274
-272
-302
-285
-290
-275
-302
-350
-404
-439
-439
-458
-454
-457
-466
-480
-463
-448
-478
-457
-469
-466
-452
-421
-401
-385
-379
-383
-397
-437
-416
-423
-374
-346
-362
-299
-280
-231
-211
-190
-169
-154
-104
-34
58
159
237
289
363
422
442
480
510
567
609
672
710
749
756
714
690
632
618
557
522
500
409
389
322
267
205
149
93
49
18
-10
-30
-29
3
-17
-27
-51
-106
-119
-155
-172
-169
-158
-135
-119
-94
-100
-113
-158
-216
-284
-316
-336
-384
-359
-329
-317
-335
-359
-396
-417
-454
-491
-479
-467
-409
-386
-358
-336
-385
-384
-422
-427
-421
-397
-370
-352
-331
-310
-276
-276
-304
-312
-253
-183
-156
-65
23
108
168
186
208
234
262
292
351
418
508
570
618
643
588
584
547
505
484
453
462
453
441
408
344
283
225
154
145
143
99
129
116
122
124
91
66
51
43
13
-6
-23
-15
-19
-14
-11
-66
-104
-159
-204
-271
-319
-347
-367
-368
-362
-366
-384
-415
-468
-484
-487
-515
-498
-472
-427
-390
-367
-348
-355
-339
-348
-355
-353
-327
-307
-284
-266
-311
-300
-311
-313
-291
-283
-216
-161
-103
-66
-25
12
31
55
118
198
224
304
369
435
468
486
467
455
469
451
472
449
447
448
435
423
333
298
251
222
208
172
175
172
165
176
160
129
102
65
65
56
17
32
1
2
-11
-18
-27
-65
-87
-126
-152
-188
-221
-251
-272
-277
-323
-306
-290
-302
-311
-308
-301
-306
-308
-322
-301
-308
-278
-251
-236
-205
-241
-244
-244
-247
-251
-244
-237
-217
-218
-210
-191
-183
-169
-184
-137
-90
-92
-54
-25
44
92
126
181
210
239
255
308
340
381
399
417
444
426
468
454
440
422
413
401
381
366
348
327
291
286
258
252
245
188
175
137
121
99
95
118
116
107
94
72
52
23
-3
-16
-39
-103
-101
-137
-168
-197
-224
-237
-260
-275
-282
-275
-297
-283
-289
-278
-262
-299
-258
-229
-205
-193
-176
-146
-125
-102
-108
-116
-126
-113
-123
-102
-92
-119
-87
-60
-27
-35
-35
-43
-56
-63
-73
-40
1
44
78
124
142
122
137
124
131
143
177
202
217
249
258
268
257
240
229
236
245
205
224
231
227
199
157
130
105
107
100
100
117
123
134
148
141
81
57
11
-13
-38
-46
-57
-83
-89
-101
-111
-153
-165
-195
-211
-240
-286
-272
-270
-244
-218
-210
-196
-185
-179
-179
-166
-148
-112
-68
6
46
26
53
49
25
-3
-15
3
21
39
65
79
65
34
-23
-47
-62
-103
-85
-77
-30
-7
26
50
48
33
7
3
1
19
36
100
143
132
157
144
136
120
110
97
102
116
117
133
129
114
88
91
89
58
88
99
104
121
145
146
124
124
119
87
53
47
37
33
25
-34
-41
-96
-116
-145
-177
-166
-145
-126
-133
-137
-152
-145
-150
-124
-101
-87
-52
-30
5
38
56
47
49
66
80
86
81
89
93
105
125
72
61
42
11
-19
-48
-58
-47
-48
-58
-57
-72
-51
-70
-59
-28
-58
-12
-13
14
44
51
52
53
74
59
46
40
55
57
78
69
35
52
38
43
27
43
61
79
110
114
126
115
116
92
99
128
104
113
98
65
36
-16
-65
-93
-115
-138
-149
-159
-149
-156
-139
-137
-209
-213
