-39
-39
-38
-32
-35
-19
-7
23
31
-6
7
-4
-5
14
10
18
28
30
31
47
53
63
57
85
88
53
78
77
81
87
86
84
84
86
85
88
79
83
78
98
110
61
65
52
47
39
54
54
52
47
34
27
41
53
11
25
50
10
11
-11
5
14
-6
-4
7
19
-9
-15
-4
15
-1
2
27
-8
-1
2
2
-4
-8
-2
4
15
14
27
35
41
27
43
56
30
48
23
18
28
28
43
42
36
25
36
27
8
12
25
30
0
7
9
23
17
19
33
36
44
55
63
40
33
48
60
66
33
55
65
73
72
69
53
33
38
35
37
26
23
17
56
60
26
30
6
6
17
17
3
7
23
24
29
28
24
23
44
44
23
58
48
50
54
41
32
18
26
15
16
17
43
41
49
56
17
17
-3
21
26
15
12
25
43
42
43
34
43
29
43
58
2
22
24
24
6
-6
8
14
32
28
39
51
59
45
56
68
29
48
43
55
50
52
51
58
58
47
42
26
32
19
52
58
30
32
17
9
-3
6
-7
-9
-10
-16
-7
-29
-49
-68
-61
-46
-83
-55
-62
-62
-57
-43
-59
-87
-106
-107
-88
-105
-87
-78
-57
-52
-100
-82
-99
-84
-79
-65
-59
-61
-54
-67
-61
-72
-58
-74
-55
-25
-40
-37
-24
4
-6
-24
-18
-13
-9
-16
-9
-5
3
-5
15
29
-6
6
1
9
15
19
22
24
38
43
48
38
34
31
54
65
22
37
40
47
18
9
7
4
7
1
12
6
11
2
-2
6
-45
-38
-52
-62
-69
-73
-66
-66
-68
-73
-67
-68
-65
-82
-67
-61
-87
-65
-62
-44
-35
-42
-34
-37
-28
-33
-33
-30
-25
-36
-39
-43
-81
-61
-70
-66
-55
-47
-35
-30
-27
-27
-14
-26
-10
-18
-4
16
-23
3
-6
-6
-11
-19
-22
-35
-32
-34
-16
-24
-33
-32
-21
-29
-61
-25
-28
-34
-24
-25
-48
-52
-53
-70
-71
-78
-70
-70
-50
-47
-78
-71
-70
-66
-57
-64
-64
-69
-62
-60
-54
-42
-51
-60
-45
-27
-68
-58
-50
-53
-54
-39
-30
-24
-28
-54
-39
-48
-45
-47
-20
-11
-51
-31
-44
-46
-52
-49
-34
-30
-29
-43
-25
-17
-12
-9
19
39
-7
7
-2
-3
-10
-6
-11
-13
5
7
14
7
11
0
13
22
-11
-3
-3
-7
5
19
20
3
9
19
18
20
38
24
49
70
31
44
23
27
26
39
49
45
55
48
50
49
60
34
51
79
49
40
40
62
140
241
285
290
392
571
665
592
527
544
476
302
136
4
-152
-270
-410
-475
-393
-361
-409
-356
-202
-116
-78
-60
4
49
16
66
108
110
136
191
216
250
344
390
352
285
245
185
97
-15
-191
-259
-302
-352
-392
-350
-277
-250
-200
-115
-26
24
38
48
61
60
45
69
38
55
64
94
121
130
143
148
87
34
5
-105
-196
-275
-392
-427
-482
-512
-479
-415
-375
-285
-178
-131
-50
-7
20
52
45
47
56
109
130
167
201
229
296
310
305
284
223
145
116
47
13
-16
-76
-37
19
110
226
328
457
568
632
656
694
662
609
511
411
337
195
51
-61
-184
-302
-422
-539
-619
-688
-761
-840
-887
-915
-998
-1008
-1004
-1027
-981
-1010
-1041
-1086
-1163
-1230
-1342
-1473
-1683
-1878
-1868
-1511
-800
21
655
1096
1627
2372
3079
3038
2479
2055
1692
1031
214
-418
-803
-1239
-1835
-1970
-1447
-1053
-1086
-1203
-935
-430
-245
-370
-325
-107
-55
-37
339
952
1344
1514
1722
2018
2406
2560
2303
1765
1210
845
525
-38
-544
-769
-949
-949
-709
-306
160
413
449
611
1029
1117
796
489
279
92
-128
-276
-298
-345
-573
-636
-504
-610
-754
-994
-1430
-1784
-2092
-2385
-2655
-3134
-3655
-3985
-4142
-3903
-2898
-1043
496
1006
1585
3342
5614
6143
4806
3881
3929
3433
1617
-83
-517
-887
-2364
-3599
-2922
-1498
-1539
-2706
-2761
-1409
-563
-1133
-1685
-1166
-593
-595
-416
702
1969
2456
2551
3095
4136
4628
4065
2937
1934
1194
376
-682
-1763
-2508
-2816
-2771
-2441
-1670
-674
-61
186
645
1505
2095
1946
1405
1122
1143
1008
824
860
921
817
767
967
1191
1081
489
-163
-635
-1139
-1624
-2091
-2540
-2880
-3056
-2872
-2446
-2263
-2312
-2496
-2683
-2607
-2708
-2973
-3171
-3022
-2244
-788
804
1967
2864
3867
5266
6283
5917
4864
3925
2961
1520
-255
-1619
-2316
-3131
-4183
-4365
-3318
-2326
-2217
-2256
-1525
-299
122
-186
-16
484
676
663
1079
2038
2773
2861
2924
3429
3859
3553
2552
1483
615
-322
-1323
-2233
-2824
-3019
-2871
-2439
-1629
-513
482
1076
1495
2120
2657
2641
2119
1592
1388
1152
792
560
637
727
650
667
918
1025
638
-51
-598
-952
-1486
-2154
-2566
-2836
-2939
-2825
-2551
-2183
-2005
-2122
-2352
-2470
-2581
-2727
-3055
-3488
-3533
-3067
-2182
-656
1109
2454
3290
3994
5402
6751
6244
4409
3069
2465
1389
-625
-2449
-3035
-3161
-4053
-4498
-3312
-1833
-1557
-2021
-1563
47
829
179
-273
207
860
959
1046
1840
2749
2989
2874
3265
3809
3590
2435
1049
215
-279
-1089
-2131
-2795
-2750
-2262
-1766
-1129
-34
954
1473
1757
2188
2772
2809
2037
1335
1297
1340
1085
793
804
1096
1152
1050
1173
1222
694
-151
-815
-1216
-1638
-2245
-2775
-2930
-2714
-2407
-2173
-1870
-1699
-1722
-1959
-2257
-2520
-2918
-3421
-3907
-4109
-3869
-3249
-2371
-980
1065
2976
4063
4604
5630
7054
6880
4856
3165
2485
1609
-377
-2531
-3167
-2901
-3345
-4040
-3352
-1712
-1068
-1528
-1620
-436
547
-74
-898
-564
295
641
688
1309
2559
3355
3349
3466
3983
4022
2971
1427
407
-64
-857
-2034
-2789
-2676
-2024
-1562
-990
14
1047
1786
2034
2308
2810
2880
2168
1443
1396
1521
1317
941
963
1422
1641
1422
1257
1207
788
-31
-842
-1362
-1697
-2229
-2825
-2898
-2564
-2224
-1948
-1751
-1589
-1577
-1910
-2363
-2788
-3265
-3895
-4363
-4532
-4313
-3703
-2915
-1735
274
2610
4234
5000
5453
6503
7496
6341
4038
2620
1901
635
-1494
-3073
-3108
-2925
-3693
-4078
-2870
-1489
-1381
-2103
-2027
-761
-126
-945
-1443
-693
404
935
1230
2205
3571
4188
4031
4160
4556
4132
2667
988
56
-427
-1364
-2604
-3127
-2677
-1974
-1378
-789
223
1406
1943
2006
2351
2852
2671
1910
1381
1582
1921
1659
1297
1556
1996
1956
1507
1090
805
163
-961
-1841
-2200
-2493
-3041
-3392
-3158
-2523
-2062
-1960
-1864
-1671
-1751
-2261
-2873
-3363
-3885
-4521
-5034
-4998
-4439
-3637
-2890
-1741
389
2940
4727
5344
5529
6441
7546
6621
4166
2503
1665
571
-1449
-3235
-3372
-3061
-3778
-4359
-3430
-1995
-1629
-2373
-2589
-1331
-342
-871
-1387
-607
654
1405
1706
2558
3929
4499
4169
4007
4212
3794
2327
534
-553
-959
-1690
-2694
-3133
-2607
-1720
-1050
-309
734
1886
2542
2574
2752
3271
3220
2403
1815
1809
2043
1917
1424
1387
1769
1627
1118
756
392
-67
-890
-1730
-1943
-1984
-2289
-2500
-2300
-1811
-1416
-1382
-1422
-1412
-1610
-2263
-3043
-3623
-4258
-4846
-5350
-5689
-5432
-4716
-3972
-3157
-1812
351
2940
4685
5178
5463
6518
7792
7059
4620
2832
2149
1314
-801
-2870
-3291
-3125
-3934
-4885
-4217
-2702
-2341
-3270
-3589
-2032
-474
-845
-1667
-910
844
1921
1987
2560
4069
4999
4682
4298
4630
4611
3316
1318
109
-103
-728
-2062
-3038
-2728
-1736
-1235
-1003
-101
1313
2167
2207
2456
3319
3749
3121
2406
2569
3036
2833
2120
1766
2117
2124
1385
734
464
102
-706
-1596
-1961
-1861
-2122
-2592
-2398
-1800
-1351
-1369
-1538
-1369
-1274
-1804
-2598
-3245
-3859
-4470
-5199
-5470
-5299
-5404
-5277
-4895
-3925
-2330
-614
1468
3275
4580
5398
6221
7791
8003
6132
4211
3219
2782
1155
-1563
-3024
-3190
-3661
-4762
-4932
-3965
-3365
-3662
-4116
-2915
-977
-782
-1438
-1019
715
2277
2555
2744
3909
5063
5209
4974
5229
5135
3998
2351
1077
649
-132
-1727
-2922
-3067
-2346
-1809
-1641
-1026
196
1377
1971
2476
3236
3753
3556
3153
3287
3551
3300
2484
1883
2010
2084
1435
648
156
-120
-542
-1314
-1754
-1844
-2147
-2443
-2329
-1829
-1403
-1412
-1624
-1409
-1199
-1573
-2210
-3011
-3714
-4311
-5122
-5606
-5637
-5815
-5817
-5518
-4998
-3674
-2313
-594
1996
3923
4851
5436
6725
8594
8256
5643
3886
3721
3002
521
-2198
-3223
-3159
-4094
-5567
-5200
-3867
-3606
-4254
-4289
-2268
-324
-756
-1513
-351
1832
2829
2638
3029
4481
5456
5147
4916
5272
4906
3489
1734
608
287
-711
-2494
-3556
-3332
-2402
-2001
-2010
-1135
516
1725
2235
2843
3807
4488
4213
3700
3892
4138
3710
2625
1915
2124
2031
1020
15
-375
-550
-1148
-1965
-2259
-2143
-2255
-2470
-2171
-1488
-1073
-1074
-1271
-1139
-1045
-1703
-2620
-3398
-4151
-4894
-5665
-6266
-6328
-6360
-6526
-6060
-5293
-4311
-2898
-681
2086
3999
4710
5323
7481
9603
8515
5853
4582
4554
3552
346
-2513
-3023
-3350
-5116
-6506
-5653
-4216
-4293
-5278
-4670
-1783
-91
-1020
-1394
335
2606
3181
2682
3422
5084
5640
5112
5142
5718
5300
3649
1866
1045
752
-663
-2802
-3836
-3336
-2496
-2549
-2488
-1149
784
1901
2355
3546
4870
5131
4558
4208
4676
4599
3337
2013
1554
1640
1174
-33
-867
-904
-1048
-1726
-2161
-2085
-2075
-2364
-2572
-2175
-1583
-1650
-1976
-2031
-1929
-2081
-2710
-3656
-4371
-4867
-5574
-6244
-6599
-6453
-6198
-6147
-5458
-3829
-1074
1850
3512
4475
5583
7822
10069
9213
6422
4831
4393
3315
472
-2534
-3728
-4196
-5454
-6482
-5657
-4332
-4095
-4694
-4381
-1816
279
-428
-1501
-382
2005
3170
2705
2824
4364
5537
5391
5222
5699
5498
3848
1682
638
589
-662
-3204
-4676
-3965
-2425
-2062
-2140
-844
1399
3001
3723
4513
5569
5768
4797
4139
4301
4059
2758
1077
436
1005
922
-283
-1097
-1171
-1044
-1269
-1842
-2056
-2002
-2259
-2521
-1982
-1395
-1510
-1826
-2133
-1923
-1742
-2604
-3787
-4703
-5356
-5947
-6785
-7242
-7501
-7604
-6960
-6080
-4049
-582
2159
4036
5166
6590
9812
11490
9262
6388
5257
4795
2996
-629
-3657
-4191
-4709
-6356
-6596
-5366
-4415
-4304
-4879
-3700
-754
50
-1418
-1743
115
2294
2859
2336
3061
5093
6046
6042
6371
6602
5958
4188
2140
1263
624
-1545
-4299
-5291
-4120
-2887
-2931
-2705
-744
1822
3421
4347
5226
6041
5956
5069
4640
4513
3734
2077
535
511
1119
626
-683
-1231
-953
-794
-1225
-1960
-2308
-2515
-2946
-2821
-2283
-2095
-2095
-2368
-2250
-1497
-1688
-2903
-4080
-4752
-5245
-6139
-7247
-7670
-7542
-7524
-6899
-4566
-737
2441
3827
4715
7042
10848
12014
9143
6280
5606
5266
2637
-1508
-3769
-4127
-5191
-6708
-6395
-4654
-3791
-4397
-4755
-2791
21
-17
-1953
-2046
135
2127
2088
1666
2966
5001
5915
6064
6627
6874
5914
3950
2139
1468
609
-2027
-4799
-5207
-3628
-2503
-2746
-2316
101
2755
4178
4946
5863
6409
5994
5184
4643
4310
3311
1379
106
499
1046
414
-863
-1267
-612
-425
-1130
-1797
-2055
-2451
-2782
-2574
-2207
-2051
-2285
-2485
-1945
-1337
-1745
-3080
-4381
-4909
-5499
-6769
-7754
-8302
-8387
-8094
-7385
-4120
438
2911
4035
5348
8755
12993
12364
8141
6101
6112
4815
850
-3319
-4766
-4926
-6737
-8028
-6056
-4088
-4113
-4836
-4331
-1063
1136
-749
-2683
-1494
1037
2079
1427
1689
3796
5605
5912
6272
7162
6902
5193
2884
1467
1221
-412
-3720
-5662
-4725
-2813
-2379
-2567
-996
2020
4204
5081
5809
6587
6548
5564
4604
4147
3526
1787
-153
-457
483
602
-534
-1261
-791
-31
-174
-1001
-1429
-1717
-2149
-2248
-2085
-2017
-2244
-2641
-2644
-2037
-1893
-2935
-4295
-5113
-5528
-6320
-7509
-8487
-8841
-8446
-7858
-5747
-1296
2140
3758
5037
7687
12457
13911
10285
7228
6691
6051
2704
-2239
-5093
-5560
-6683
-8542
-7816
-5495
-4683
-5001
-4819
-2215
954
299
-2113
-1902
451
2130
1631
1059
2533
4807
5902
6241
7019
7248
6140
4225
2571
1837
340
-2795
-5502
-5588
-3893
-3080
-3294
-2376
522
3661
5081
5732
6685
6956
6376
5442
4680
3968
2135
-1
-653
-1
250
-599
-1476
-1210
-158
120
-630
-1353
-1741
-2162
-2455
-2419
-2469
-2684
-3158
-3230
-2422
-2067
-3056
-4467
-5248
-5682
-6021
-7167
-8711
-8727
-8359
-7449
-4191
-295
2608
4296
5498
9241
13730
13264
9250
6939
6669
5497
1385
-3792
-5876
-6171
-8053
-9109
-7572
-5783
-5105
-5379
-4281
-552
1544
-216
-1886
-656
1861
2693
1531
1454
3551
5376
5865
6374
6960
6708
5260
3256
2104
1334
-820
-4182
-6019
-4945
-3136
-2979
-3157
-943
2547
4841
5713
6397
7363
7145
5776
4940
4282
2877
926
-825
-985
11
-162
-1225
-1557
-828
193
0
-1083
-1501
-1763
-2288
-2471
-2423
-2515
-3057
-3541
-3234
-2668
-3024
-4310
-5591
-6434
-6529
-7250
-8588
-8896
-8702
-7085
-3160
864
3531
4756
6592
11250
14740
12813
9061
7436
6651
4198
-367
-4452
-6030
-7508
-9638
-9374
-7242
-5899
-5813
-5939
-3582
402
1363
-840
-1700
309
2525
2555
1516
2288
4519
5811
6198
6865
7418
6751
4745
2681
1919
913
-2056
-5450
-6339
-4517
-3224
-3430
-2615
272
3548
5288
6135
7245
7668
6754
5580
4755
3928
2302
51
-1110
-545
101
-264
-949
-980
-150
315
-249
-888
-1577
-2301
-2750
-2867
-2752
-3090
-3572
-3765
-3498
-3128
-3740
-4928
-6188
-6922
-7249
-8204
-8701
-8373
-6812
-2769
1113
3636
5599
8033
12474
14858
12665
9841
8486
7095
3414
-1459
-4719
-6258
-8066
-10274
-9941
-7627
-6345
-6058
-5702
-3240
341
755
-1053
-1144
900
2516
1965
1494
3021
5193
6045
6066
6929
7567
6685
4445
2308
1506
130
-2952
-5829
-6022
-4162
-3286
-3240
-1638
1614
4328
5306
6163
7275
7321
6071
4479
3663
2849
1067
-726
-1270
-482
88
-197
-391
243
1009
882
261
-392
-1140
-2079
-2888
-3088
-3249
-3580
-4021
-4172
-3825
-3899
-4567
-5767
-7114
-7550
-8148
-9322
-9172
-7113
-3142
616
2586
4876
8891
13738
15443
13111
10916
10177
8688
4274
-1064
-4002
-6047
-8717
-10618
-10071
-8116
-7308
-7153
-5827
-2736
159
-4
-1481
-1041
1082
2412
1553
1174
2956
5022
6048
6379
7114
7591
6667
4676
2789
1745
-64
-3486
-6073
-5894
-4183
-3430
-3366
-1444
2053
4691
5973
6786
7277
6952
5628
4132
3042
1549
-476
-1917
-2035
-992
-225
-439
-194
845
1705
1777
1086
6
-1021
-2036
-2785
-3209
-3880
-4475
-4845
-4787
-4404
-4464
-5145
-6523
-7416
-7588
-8186
-8759
-8047
-4362
31
1899
3323
6906
12651
15652
13103
10776
10974
10171
6015
222
-2952
-4559
-7475
-10336
-10400
-8270
-7312
-7487
-6668
-3578
124
360
-1430
-1027
1219
2682
1764
775
2303
4556
5478
5435
5997
7019
6692
4769
2665
1803
656
-2693
-5836
-6018
-4162
-3525
-4005
-2386
1368
4489
5655
6288
7382
7679
6433
4683
3454
2080
-67
-2053
-2519
-1749
-1238
-1455
-1381
-131
1114
1352
849
-6
-638
-1376
-2272
-2902
-3718
-4535
-4889
-5089
-4959
-4877
-5573
-6665
-7135
-7168
-7257
-7315
-5314
-828
2045
2588
4084
9140
14490
13461
9548
9245
10433
8392
2586
-1909
-2958
-4535
-8050
-10015
-8398
-6822
-7137
-7494
-5587
-1261
712
-1293
-1988
617
3351
3258
1489
1998
4553
5882
5315
4906
5555
5658
4085
1588
542
447
-1927
-5625
-6520
-4211
-2669
-3663
-3605
-140
3794
4938
4949
6170
7251
6686
5067
3965
3474
1844
-634
-1617
-865
-400
-1241
-2158
-1513
-110
97
-865
-1428
-1680
-2147
-2647
-3129
-3618
-4139
-4787
-5146
-4884
-5029
-5511
-6494
-7372
-6976
-6761
-6399
-3469
894
3577
4134
5483
10887
15609
13136
8624
8242
9105
6676
715
-3635
-4154
-5348
-8561
-9479
-7400
-6098
-6507
-7000
-4603
-48
900
-1803
-2146
1176
4079
3629
1982
3179
6057
7129
6479
6235
6509
5812
3372
619
-215
-858
-4093
-7839
-7796
-4684
-3329
-4511
-3823
414
4311
5014
4996
6245
7096
6171
4539
3881
3506
1686
-746
-1169
197
780
-485
-1695
-869
489
188
-1419
-2583
-3117
-3711
-4315
-4723
-5106
-5705
-6146
-5895
-5253
-5230
-6133
-7343
-7789
-6855
-5840
-4037
-264
2981
4793
6346
10269
15729
15586
10889
9011
9852
8565
2940
-2977
-5135
-5675
-7748
-9889
-9102
-7372
-6791
-6577
-5392
-1573
984
-940
-2435
22
3557
4053
2273
2711
5860
8188
8068
7474
7793
7742
6049
3022
914
-113
-2879
-6993
-8661
-6598
-4684
-5730
-6034
-2378
2156
3923
3900
4628
6024
6218
4812
3795
3405
2086
182
-555
456
1443
696
-705
-277
1211
1012
-558
-2050
-3067
-3864
-4638
-5209
-5813
-6688
-7329
-7171
-6638
-6735
-7483
-8516
-8811
-7579
-4887
-711
2400
3735
5523
9464
15437
16921
12547
9888
10415
9915
5538
-196
-3168
-4670
-6942
-8633
-7681
-6518
-7037
-7200
-6021
-2679
246
-1230
-3602
-2208
1628
3651
2420
1891
4607
7887
8897
8516
8706
8649
7284
4503
2045
1091
-1314
-5971
-8728
-7024
-4392
-4918
-6199
-3585
1432
3760
3589
4028
5155
5341
3838
2412
2352
1516
-809
-1977
-885
802
799
-770
-811
980
1454
-37
-1614
-2546
-3381
-4373
-5182
-5468
-6120
-6941
-7213
-6956
-6530
-7110
-8247
-8744
-7264
-3421
637
2498
3292
5815
10649
15006
14439
10670
9270
9450
7528
3219
-984
-3461
-5515
-7582
-7706
-6019
-5624
-6481
-5825
-3186
-48
988
-826
-1826
154
2583
3123
2187
2420
4677
6850
7788
8162
8531
8090
6234
4250
3094
1408
-2122
-6459
-7887
-5972
-5217
-6336
-5962
-2863
1070
3420
4044
4966
6172
5800
4797
4312
3295
1326
-1110
-2155
-995
-390
-1819
-2922
-2161
-977
-850
-1862
-3003
-3695
-4416
-5151
-5402
-5551
-6238
-6899
-6571
-5658
-5309
-6104
-6959
-6666
-4662
-661
2454
3269
3747
6364
11964
14300
10867
7942
7779
7685
4702
-36
-2981
-4481
-6570
-8366
-7378
-5689
-5771
-6216
-5488
-1952
1576
937
-1115
-449
2671
4842
4178
3194
4441
6990
8353
8211
8270
8501
7477
4817
2334
1515
-230
-4734
-8605
-8012
-5386
-5350
-6558
-5168
-951
2823
3838
3974
5261
6375
5719
4341
3700
3207
1361
-1093
-1375
374
460
-1550
-2413
-1294
-217
-996
-2924
-4099
-4564
-5127
-6040
-6763
-7126
-7748
-8248
-8142
-7751
-7404
-7984
-8354
-6310
-1688
3075
4756
4981
7577
13094
16762
13922
9676
9064
8938
5780
477
-2913
-4396
-6905
-9460
-9061
-6553
-6359
-7829
-7258
-3995
-370
-250
-2453
-1966
1258
3822
4104
3959
5608
8114
9726
10154
10551
10846
9410
6706
4166
2605
727
-3551
-7981
-8522
-6470
-6107
-7129
-6186
-2742
936
2490
2948
4344
5407
4882
4053
3939
3784
2312
46
-328
1320
1619
-382
-1704
-1047
-399
-1182
-2945
-4248
-4912
-5752
-6514
-6763
-7081
-7975
-8779
-8861
-8448
-8303
-8983
-9109
-6596
-1215
3563
5307
6033
8979
14938
17810
13865
9766
9361
8679
4429
-1369
-4290
-5227
-7960
-10622
-9087
-5940
-5907
-7285
-6537
-2704
892
-183
-2890
-2059
1372
3409
2944
2949
5161
7894
9201
9641
10652
11069
9337
6382
4102
3051
957
-3874
-7907
-7382
-5091
-5039
-6108
-4835
-990
2318
3111
3224
4337
4883
3773
2539
2573
2629
952
-1183
-770
1582
1949
-103
-1153
-154
428
-886
-2887
-4198
-5073
-6176
-7158
-7623
-7847
-8751
-9974
-10061
-9379
-8842
-8708
-7886
-3583
2523
5712
6506
8479
13753
17958
15495
10794
9638
9452
5595
-755
-4553
-5511
-7399
-10661
-11123
-8072
-6342
-6991
-7194
-4353
-105
576
-1756
-1903
1224
3866
3773
3320
5101
7969
9421
9297
9497
10209
9600
6681
3417
2075
864
-2802
-7239
-8043
-5581
-4774
-5805
-4797
-1143
2266
3309
3316
4587
5854
4911
3160
2690
2914
1996
-208
-969
714
1643
-70
-1559
-900
-160
-1094
-3073
-4221
-4459
-5131
-6229
-6681
-6629
-7012
-7940
-8806
-8554
-8080
-8557
-8850
-6848
-1072
4031
5070
5717
9633
15942
17682
13099
9748
10010
8888
3382
-2389
-4515
-5744
-8788
-11472
-9785
-6500
-6700
-8071
-6815
-2462
725
-803
-2890
-1203
2415
3894
3199
3723
6056
8365
9161
9423
10403
10440
8267
5141
3295
2462
-232
-5177
-8199
-6755
-4705
-5146
-5631
-3527
289
2819
3108
3530
4756
4704
3105
2080
2400
2144
96
-1652
-356
1918
1385
-715
-985
229
168
-1625
-3538
-4298
-4917
-6584
-7548
-7361
-7548
-8420
-9926
-9816
-8317
-8476
-8748
-6631
-1152
4317
5966
6787
10531
16378
18016
13797
10576
10219
8947
3631
-2445
-4538
-5699
-8705
-11330
-10097
-7011
-6725
-7779
-6902
-3061
129
-1081
-3016
-1655
1755
3483
2804
3365
5996
8432
9200
9322
10586
10896
8572
5331
3271
2626
133
-4975
-8122
-6982
-5048
-5275
-5732
-3900
-64
2672
2893
3401
4791
4933
3492
2235
2488
2611
470
-1751
-781
1365
1088
-982
-1716
-544
-137
-1781
-3682
-4395
-4857
-6074
-7254
-7462
-7331
-8242
-9991
-10245
-9190
-8904
-8818
-7283
-2050
3947
6096
7103
10658
16551
18792
14680
11110
10969
9749
4108
-2153
-4526
-5669
-8626
-11706
-10878
-7761
-7285
-8352
-7550
-3755
-375
-1197
-2935
-1303
2270
3933
3380
4121
6794
9121
9596
9347
10363
10576
8283
4805
2237
1463
-668
-5382
-8337
-7133
-5137
-4911
-5031
-3389
412
3105
3057
3298
4563
4841
3444
1788
1932
2571
898
-1432
-699
1535
1353
-756
-1826
-941
-483
-2353
-4560
-5148
-5160
-6188
-7562
-7683
-7211
-7677
-9266
-9904
-8886
-8527
-8735
-7195
-2157
3474
5790
6635
10107
16330
18752
14700
11145
11129
10148
4899
-1501
-4139
-4997
-7885
-10945
-10240
-7411
-6876
-7998
-7540
-3895
-425
-1289
-3278
-1671
2238
4261
3700
4289
7179
9894
10398
9999
10810
10900
8561
4849
2058
1094
-1254
-6004
-8811
-7575
-5454
-5096
-5169
-3273
541
3374
3383
3277
4486
4939
3464
1632
1700
2382
918
-1373
-832
1474
1313
-1021
-2206
-1398
-979
-2814
-5298
-6025
-5684
-6402
-7627
-7875
-7183
-7231
-8798
-9234
-8498
-8245
-8391
-7423
-2253
3560
5393
6089
9610
16043
18669
14589
10917
11007
10200
4740
-1394
-4007
-5370
-8023
-10992
-10248
-7243
-6789
-7778
-7139
-3440
-74
-861
-2811
-1606
2119
4075
3664
4228
6742
9605
10579
10664
11497
11378
9386
5824
3007
1823
-1039
-5697
-8715
-8266
-6206
-5417
-5667
-4210
-76
3156
3578
3561
4557
5411
4191
2290
2318
2827
1051
-1295
-693
1257
1149
-1094
-2585
-1739
-1164
-3126
-5787
-6565
-6413
-7258
-8698
-8934
-8219
-8878
-10302
-10188
-8777
-7434
-6024
-3126
1455
5140
7173
10054
13735
15600
14381
11940
10538
8946
5235
618
-2463
-4537
-6618
-8069
-8647
-8212
-7506
-7123
-6417
-5076
-3627
-2900
-2822
-2121
-140
2110
3445
4477
6450
9041
10876
11225
11174
11076
9956
7407
4013
1574
-521
-3809
-6370
-6937
-6348
-5375
-4599
-3490
-856
1789
2523
2751
3476
4155
4027
2763
2029
2577
2404
1121
923
1499
1355
459
-887
-1723
-2021
-3166
-5065
-6327
-6674
-6920
-7524
-8202
-8474
-8313
-8821
-9717
-9816
-9556
-8406
-5857
-1359
3038
5380
7811
11439
16081
17449
13779
11152
10306
8081
3490
-1543
-4384
-6218
-8218
-9490
-8379
-6860
-7131
-6848
-5401
-3005
-1258
-2257
-3164
-1576
1025
2672
3182
4342
6599
9262
10901
11505
11711
10577
8728
6223
3498
1155
-2131
-5580
-7325
-6942
-5608
-4617
-4072
-2572
702
3316
3900
3585
3538
4051
3566
2357
2014
2203
1487
589
1331
2330
1881
192
-1310
-1496
-1841
-3624
-5888
-7144
-7262
-7631
-8212
-8309
-8594
-9215
-9819
-9836
-9228
-8259
-6978
-3500
1293
4117
6837
10252
13613
16090
14771
12219
11229
9223
5002
522
-2650
-5059
-7097
-9071
-9435
-7918
-7699
-7636
-6364
-4820
-3222
-2665
-2759
-1718
311
2183
3493
5003
6804
8828
10486
11153
11532
10784
8939
6585
3699
1268
-1561
-4738
-6682
-7087
-6407
-5226
-3983
-2672
-211
2317
3372
3835
3848
3826
3615
2697
2156
2275
1943
1174
1417
2175
2103
1028
-434
-1225
-1846
-3168
-4993
-6284
-6781
-7121
-7480
-7578
-7605
-8104
-8822
-8945
-8878
-8340
-7261
-5042
-556
3097
5380
8123
11259
14890
15489
12516
10490
9651
7088
2444
-1452
-3797
-5472
-7433
-9027
-7871
-6827
-7370
-7224
-6106
-4233
-3166
-3684
-3578
-1536
1124
2796
4217
6186
8422
10346
11272
11853
11405
9425
7033
4283
1733
-1042
-4256
-6510
-7345
-6948
-5728
-4339
-3268
-1549
1016
2684
3274
3132
3092
3401
2970
2293
2449
2788
2345
2018
2426
2778
2029
-39
-1653
-2389
-3447
-5299
-7047
-7489
-7473
-7582
-7702
-7382
-7143
-8103
-8572
-8387
-7584
-6423
-4922
-551
3581
5843
8344
11466
15470
15993
12694
10429
9597
7222
2085
-2085
-4131
-5602
-7371
-8977
-7620
-6148
-6621
-6593
-5606
-3770
-3084
-4069
-4233
-2421
232
1893
3459
5702
8319
10720
11930
12777
12398
10325
7787
4757
1970
-1155
-4695
-7167
-8173
-7665
-6223
-4794
-3881
-2103
754
2580
2994
2528
2510
2959
2504
1824
2130
2827
2604
2412
3159
3884
3231
990
-786
-1554
-2703
-5066
-7442
-8078
-8067
-8491
-8818
-8583
-8289
-8843
-9435
-9056
-7465
-6204
-4485
-46
4225
7189
9490
12047
16021
16775
13426
10811
9659
7260
2486
-1948
-4271
-5301
-7042
-8691
-7438
-6184
-6529
-6624
-5954
-4300
-3611
-4445
-4521
-2657
69
2011
3910
6274
8918
11266
12594
13315
12540
10293
7612
4613
1694
-1520
-4702
-6794
-7778
-7426
-5632
-4074
-3552
-2228
197
2057
2261
1306
1225
1934
1767
1157
1695
2769
2887
2634
3068
3938
3431
933
-1065
-1776
-2758
-4860
-7003
-7632
-7493
-7773
-8299
-8131
-8165
-9300
-9845
-9569
-8230
-6590
-4185
497
4565
7321
10073
13660
16921
15959
12653
10782
9519
6135
1003
-2372
-3836
-5104
-6880
-7369
-5459
-4805
-5654
-5781
-4721
-3442
-4031
-5324
-4833
-2515
-33
1768
4104
7015
10038
12239
13298
13799
12563
9874
6774
3586
580
-2660
-5613
-7320
-7493
-6545
-4739
-3381
-2833
-1287
802
1791
1334
441
610
1084
720
617
1727
2676
2556
2518
3229
3700
2304
-371
-1892
-2496
-3794
-5954
-7429
-7188
-7039
-7578
-7754
-7462
-7636
-9004
-10051
-9642
-8471
-7605
-5114
139
4611
7333
9616
13376
17388
16478
12404
10148
8950
5593
466
-3086
-4244
-4944
-6737
-7068
-4625
-3497
-4435
-5228
-4630
-3231
-3765
-5677
-5841
-3581
-704
1588
4065
7112
10515
13054
14242
14512
13213
10571
7027
3386
377
-2560
-5303
-7171
-7424
-5949
-3751
-2712
-2540
-1199
643
1393
596
-429
-107
466
259
509
2025
3140
2937
2667
3245
3695
1950
-1200
-2914
-3299
-4367
-6434
-7643
-7132
-6639
-7029
-7435
-7194
-7496
-9272
-10463
-10286
-9042
-7679
-4779
438
4754
7763
10291
14156
17400
15352
11468
9259
7628
4050
-909
-3778
-4498
-4857
-6058
-5651
-3209
-2674
-3666
-4512
-4094
-3359
-4645
-6368
-6019
-3307
-321
2029
4868
8110
11401
13402
14049
13855
11971
8907
5303
2137
-339
-2919
-4941
-5824
-5300
-3611
-1855
-1347
-1440
-541
563
732
-374
-1165
-383
322
539
1361
2889
3703
3225
2611
2700
2320
-150
-3061
-4272
-4428
-5057
-6403
-6778
-5870
-5479
-5879
-6390
-6794
-7871
-9807
-10964
-10788
-9744
-8162
-3927
2024
5991
8568
11246
15273
17458
13940
9466
7396
5504
1378
-3008
-4622
-4353
-4458
-5489
-4121
-1322
-1522
-3671
-5170
-4555
-4039
-5969
-7740
-6419
-2537
1040
3796
6954
10465
13419
14315
14037
13252
10702
6659
2620
119
-1297
-3195
-4973
-5092
-3543
-1644
-573
-928
-1319
-709
-294
-528
-1112
-1010
134
1147
2158
3763
5175
4935
3543
2664
2332
982
-2174
-4947
-5480
-5104
-5624
-6361
-6005
-5199
-5188
-5855
-6341
-7068
-8969
-11165
-11874
-10951
-9657
-7602
-2336
4128
8002
9735
12216
16233
16939
12034
7125
5443
3790
-425
-4194
-4494
-3030
-3144
-4328
-2761
-423
-1609
-5109
-7147
-6338
-5984
-7865
-8857
-5994
-834
3280
6166
9236
12678
14675
14160
12866
11365
8587
4417
819
-441
-669
-1798
-3066
-2869
-1460
-217
-489
-2004
-2926
-2697
-2340
-2400
-2050
-524
1508
2953
4368
6112
6854
5585
3243
1749
1135
-575
-3640
-5350
-4944
-4236
-4306
-4644
-4381
-4316
-5300
-6742
-7553
-8615
-11035
-12772
-12871
-11023
-8274
-5292
615
6716
9715
11057
13100
15995
14951
9306
4688
3674
2760
-770
-3270
-2712
-995
-1103
-2676
-1872
-1117
-3897
-8087
-9928
-8747
-8264
-9272
-8577
-3929
2108
6057
8633
10995
13353
14046
12236
10271
8493
5777
2377
298
392
829
-62
-1427
-1284
-459
-675
-2246
-4156
-4687
-4102
-3350
-2411
-765
1450
3345
4654
5819
6726
6052
3721
1551
575
149
-1251
-3141
-3388
-2381
-2115
-2699
-3345
-3958
-5186
-7056
-8387
-8905
-10097
-12005
-12398
-10857
-8609
-6510
-4329
1087
7377
9669
9465
10220
12864
13454
9033
4478
3934
4360
2038
-488
-244
1144
284
-2963
-3828
-2730
-4797
-9380
-11933
-10181
-7657
-7400
-6982
-3212
2490
6255
7942
9353
11062
11763
10052
8396
7942
6837
4433
2311
2401
3310
2242
-318
-1708
-1647
-2056
-3750
-5558
-5600
-4416
-3324
-1958
-115
1913
3246
3622
4142
4876
4483
2786
1241
843
1318
1114
-161
-812
-734
-1239
-2548
-4096
-5490
-6973
-8683
-9714
-9725
-9942
-10873
-11292
-10076
-8153
-6385
-4560
-464
5226
8024
8251
9256
12122
13899
10928
6696
5757
6184
4276
996
-190
337
-526
-3674
-5327
-4319
-5364
-9057
-11477
-9971
-7049
-6467
-6463
-3666
1362
5058
6484
7786
9525
10718
10037
8913
8832
8181
6262
4143
3499
3764
2485
-329
-2300
-2571
-2811
-4081
-5603
-5687
-4409
-3294
-2160
-710
894
1995
2247
2733
3789
3979
2888
1963
2001
2613
2468
1107
-20
-625
-1645
-3170
-4717
-5968
-7277
-8663
-9331
-9005
-9050
-10330
-11002
-10395
-9120
-7776
-6733
-2736
3570
7093
8107
9275
12255
14969
13098
8430
6535
6763
4856
1716
92
305
-12
-2887
-4785
-3922
-4449
-8039
-11484
-11071
-8244
-7193
-7516
-5384
-478
3829
5993
7394
9352
10839
10260
9128
9131
8848
7042
4668
3766
4275
3426
429
-1972
-2543
-2878
-4173
-5872
-6163
-5132
-4146
-3162
-1676
57
1126
1304
1700
3065
3849
3038
2255
2449
3242
3329
2028
744
-167
-1469
-3308
-4892
-6028
-7256
-8630
-9271
-8753
-8550
-9418
-10792
-10970
-9860
-8526
-7225
-4451
1202
6291
8277
9345
11850
15019
14347
9882
6922
6745
5916
2780
402
569
983
-1000
-3751
-3802
-3783
-6805
-10796
-11804
-9301
-7683
-7859
-6351
-1726
3348
5881
7125
8815
10610
10688
9249
8899
8962
7799
5687
4592
5096
4603
1972
-797
-1897
-2380
-3738
-5654
-6554
-5788
-4789
-3943
-2758
-1167
191
630
1079
2306
3408
3160
2489
2684
3486
3724
2509
975
84
-1114
-2924
-4682
-5671
-6534
-7798
-8539
-8382
-8301
-9301
-10706
-11227
-10698
-9843
-8853
-5974
-380
4821
7589
8752
11004
14287
14465
10686
7379
6728
6134
3959
1926
1738
2095
324
-2295
-3009
-3363
-6202
-10519
-12322
-10505
-8534
-8200
-6968
-3024
1843
4905
6282
7721
9468
9724
8666
8452
8990
8789
7252
6035
6496
6346
3973
1051
-794
-1961
-3434
-5300
-6373
-6005
-5160
-4319
-3323
-1933
-607
-220
-34
1010
2227
2552
2441
2666
3530
4211
3416
1979
861
-328
-2047
-3825
-4955
-5604
-6582
-7578
-7788
-7710
-8864
-10789
-11823
-11865
-11271
-10295
-7956
-2326
3633
6765
8308
10341
13442
14337
11073
7365
6506
6436
4972
3528
3437
3863
2625
-133
-1625
-2629
-5731
-10352
-13081
-12023
-9801
-8837
-7647
-4200
518
3974
5519
6371
7691
8296
7534
7600
8662
9356
8790
7864
8322
8599
6404
2879
285
-1348
-2979
-4919
-6228
-5895
-5057
-4353
-3454
-2432
-1461
-1338
-1560
-736
815
1611
1847
2551
3716
4712
4343
2984
1780
437
-1355
-3079
-4020
-4517
-5374
-6251
-6550
-6558
-7670
-9888
-11808
-12705
-12974
-12502
-10793
-6784
-339
4974
7450
8835
11041
13435
12583
8470
5747
5860
6126
5191
4721
5481
5726
3613
513
-1351
-3512
-7830
-12456
-13910
-11772
-9499
-8391
-6294
-2262
1881
3863
4289
4950
6113
6073
5646
7003
9256
10538
10159
9988
10695
9746
6303
2492
-115
-1888
-3793
-5506
-5796
-4811
-4087
-3762
-3411
-2735
-2336
-3016
-3282
-1905
-39
1065
1880
3216
4865
5387
4217
2770
1732
246
-1679
-2924
-2934
-2818
-4071
-5343
-5572
-6005
-8035
-11197
-13182
-13738
-14121
-13538
-10643
-4350
2260
5276
6318
8396
11672
12456
8937
5268
5153
6704
6839
6476
7453
8310
7001
3664
968
-1105
-5384
-10922
-14117
-12921
-10151
-8922
-7937
-4926
-799
1506
1680
1726
2690
3509
3368
4624
7867
10582
11288
11064
11820
12053
9283
4965
1862
159
-1482
-3321
-4210
-3627
-3043
-3407
-3924
-3969
-3908
-4665
-5573
-4578
-2067
-160
891
2139
3932
5024
4295
2765
1724
824
-504
-1425
-1131
-622
-1213
-2698
-3515
-3993
-5930
-9266
-11961
-13164
-14063
-14405
-12821
-8505
-2237
2482
4339
5302
7102
9512
9380
6105
4137
5571
7965
8807
8842
9558
9705
7451
3481
364
-2327
-6463
-11017
-12832
-10478
-7529
-6874
-6629
-4489
-1566
-703
-1778
-2099
-444
1185
2219
4772
8898
12082
12641
12091
12434
11908
8630
4695
2408
1445
350
-1053
-1544
-1315
-1763
-3186
-4612
-5380
-5815
-6606
-6848
-5044
-2315
-355
807
2084
3482
3750
2732
1749
1411
1036
420
422
1124
1414
221
-1527
-2850
-4127
-6668
-9907
-11713
-12479
-13642
-14118
-12166
-7590
-2613
964
2052
3073
3926
6523
7923
4594
4450
6180
9281
11087
10924
10801
10651
8111
4406
879
-1484
-5123
-8822
-10402
-8443
-5390
-5998
-6771
-5997
-4124
-3527
-4882
-5197
-3202
-719
1625
4341
8164
11487
12114
11554
11627
11283
8788
5816
4419
3974
3517
2261
1271
627
-840
-2666
-4674
-6237
-6971
-7461
-7161
-5470
-3216
-1443
-625
373
1536
1836
1209
775
1132
1480
1734
2253
2870
2850
1490
-172
-1406
-2879
-5323
-7935
-9347
-10084
-11084
-12263
-12205
-10060
-6721
-2941
-286
511
531
2283
5834
7033
5042
4601
7557
10714
11196
10205
10273
9913
7394
3922
1764
407
-2481
-6354
-7727
-5517
-4132
-6077
-8317
-7421
-5270
-5413
-6837
-5892
-2752
-418
1104
3694
7387
9520
9192
8844
9627
9955
8539
6740
6105
6342
5850
4264
2645
1175
-427
-2509
-4622
-5782
-6199
-6478
-6395
-5294
-3649
-2551
-2341
-1990
-1054
-385
-338
-277
477
1554
2389
2846
3073
2877
1920
501
-770
-2110
-3784
-5474
-6950
-8194
-9348
-10324
-10425
-9572
-7999
-5210
-2272
-668
-406
209
2670
5010
4970
4120
5103
7771
9967
10407
10005
9531
8319
6564
4608
2537
84
-2476
-4113
-4090
-3616
-4022
-5076
-5898
-5923
-5761
-5844
-5680
-4828
-3682
-1957
497
3054
4957
5850
6472
7154
7427
7427
7578
7474
6861
6287
6139
5909
4487
2071
174
-1088
-2051
-3098
-4224
-4696
-4307
-3699
-3430
-3502
-3495
-3233
-3227
-2998
-2186
-1168
-303
330
1238
2231
2593
1898
923
72
-688
-1540
-2440
-3159
-4021
-5300
-6778
-7810
-8074
-7905
-7659
-6401
-3994
-1666
-820
-1031
-151
2147
3556
3313
2987
4245
6644
8170
8354
8079
7488
6525
5272
3868
2644
1288
-261
-1078
-790
-346
-799
-2356
-3689
-4018
-4132
-4591
-4959
-4753
-3734
-2229
-638
855
1742
2292
2809
3207
3504
3917
4400
4771
4970
5110
5269
5219
4734
3712
2425
1243
569
267
-242
-976
-1471
-1521
-1477
-1848
-2350
-2758
-2967
-2910
-2484
-1871
-1408
-1119
-937
-705
-433
-430
-820
-1309
-1584
-1588
-1643
-2016
-2514
-3045
-3781
-4600
-5216
-5338
-5089
-4655
-3614
-2054
-793
-503
-786
-625
317
816
518
324
858
1893
2709
3367
4177
4638
4343
3740
3416
3588
3479
2755
2247
2365
2803
2813
2251
1777
1600
1252
508
-240
-634
-776
-840
-811
-741
-747
-745
-627
-571
-830
-1119
-1233
-1077
-566
-27
458
847
1244
1718
2011
2054
1874
1841
1810
1793
1915
2119
2205
2017
1751
1473
1116
619
26
-476
-738
-800
-977
-1391
-1985
-2426
-2859
-3483
-4238
-4908
-5411
-5899
-6257
-6478
-6490
-6381
-5957
-5239
-4323
-3161
-2053
-1329
-1239
-1228
-784
-1
598
1086
1788
2697
3658
4423
5193
5781
5740
5313
4770
4555
4704
4722
4460
4209
4123
4034
3674
2978
2168
1257
414
-256
-809
-1250
-1475
-1389
-1191
-1311
-1744
-2113
-2441
-2679
-2815
-2665
-2255
-1740
-993
-91
695
1165
1347
1398
1528
1795
2007
2197
2472
2886
3228
3186
2875
2459
1993
1369
732
339
52
-247
-630
-969
-1387
-2042
-2918
-3880
-4611
-5078
-5483
-5910
-6261
-6244
-6008
-5917
-5771
-5299
-4409
-3292
-2514
-2259
-2146
-1817
-994
-42
583
1177
1944
2759
3572
4250
4927
5273
5130
4948
4857
4967
5133
5158
5006
4783
4557
4251
3766
2999
2094
1280
526
-69
-527
-687
-537
-473
-807
-1427
-1943
-2196
-2378
-2555
-2519
-2189
-1727
-1060
-304
366
710
746
778
810
905
1052
1323
1743
2160
2403
2416
2225
1878
1481
985
534
195
-63
-327
-664
-1004
-1438
-2125
-2941
-3607
-4131
-4523
-5034
-5610
-5754
-5632
-5346
-5151
-4813
-3940
-2876
-2298
-2515
-2847
-2491
-1477
-631
32
717
1562
2430
3084
3730
4381
4433
4043
3701
3953
4655
4993
4984
4915
5081
5156
4770
4074
3303
2511
1714
1087
729
384
158
66
45
-269
-1032
-1717
-2147
-2261
-2186
-2220
-2118
-1709
-1000
-281
63
134
181
302
379
594
881
1167
1413
1638
1908
1984
1841
1419
915
507
222
-99
-505
-826
-1080
-1440
-1984
-2533
-3023
-3480
-3893
-4198
-4444
-4901
-5271
-5320
-5079
-4976
-4891
-4368
-3166
-2088
-1817
-2008
-1902
-1022
-213
271
624
1291
2054
2646
3153
3850
4376
4240
3841
3727
4154
4520
4444
4206
4152
4274
4293
3942
3333
2641
2025
1505
1028
569
285
215
175
-157
-697
-1141
-1341
-1564
-1690
-1676
-1565
-1298
-934
-372
107
220
170
265
486
735
881
1042
1301
1491
1610
1639
1573
1342
916
449
131
-149
-665
-1273
-1713
-2038
-2457
-3016
-3422
-3712
-3932
-4263
-4790
-5209
-5470
-5477
-5398
-5284
-4972
-4152
-2869
-1797
-1366
-1462
-1361
-691
101
707
1088
1557
2150
2750
3433
4215
4510
4144
3549
3327
3710
4029
3921
3586
3539
3662
3708
3365
2760
2138
1556
1186
893
540
253
231
255
6
-518
-1063
-1264
-1426
-1475
-1322
-1154
-895
-565
-74
437
554
396
377
574
959
1155
1191
1399
1632
1809
1789
1605
1246
702
203
-93
-274
-668
-1213
-1721
-2113
-2539
-3145
-3696
-4144
-4384
-4590
-4906
-5255
-5537
-5523
-5461
-5449
-5293
-4625
-3386
-2216
-1633
-1635
-1438
-674
322
1012
1337
1730
2186
2893
3640
4408
4742
4274
3691
3477
3861
4176
4046
3669
3494
3575
3630
3337
2812
2204
1625
1247
934
687
324
250
328
149
-248
-869
-1135
-1213
-1268
-1233
-1213
-1036
-717
-237
177
228
45
120
444
741
1061
1244
1509
1756
1881
1983
1856
1525
1022
548
319
141
-253
-769
-1210
-1587
-2101
-2827
-3550
-4114
-4459
-4727
-4970
-5313
-5765
-5909
-5895
-5813
-5817
-5577
-4614
-3284
-2153
-1873
-1943
-1464
-304
652
1071
1300
1718
2427
3169
3799
4479
4597
4111
3554
3570
4162
4281
3893
3513
3481
3779
3722
3267
2697
2081
1678
1348
1148
825
431
328
272
112
-393
-880
-1157
-1343
-1378
-1386
-1290
-1173
-820
-329
-105
-177
-357
-169
148
453
767
1070
1467
1783
2084
2278
2118
1654
1155
924
880
616
110
-361
-706
-1120
-1743
-2495
-3193
-3735
-4157
-4504
-4820
-5271
-5690
-5977
-6108
-6060
-6144
-5892
-5107
-3687
-2431
-1988
-2043
-1612
-338
665
1120
1186
1753
2617
3255
3867
4345
4683
4372
3835
3763
4089
4249
3851
3447
3421
3609
3518
3057
2487
2008
1619
1326
1063
707
556
627
686
399
-170
-633
-902
-1094
-1277
-1286
-1205
-1061
-770
-460
-287
-403
-553
-523
-377
-163
194
622
1021
1345
1731
2016
1928
1559
1126
950
906
672
288
-18
-212
-568
-1189
-1948
-2623
-3208
-3721
-4061
-4445
-4910
-5434
-5804
-5894
-6027
-6155
-6057
-5241
-3900
-2783
-2457
-2452
-1845
-698
274
661
932
1515
2172
2899
3691
4421
4669
4284
3833
3807
4156
4175
3773
3462
3450
3589
3527
3182
2724
2209
1692
1347
1088
811
601
624
661
437
-12
-322
-522
-798
-935
-949
-952
-897
-716
-404
-232
-380
-633
-677
-540
-289
41
344
704
1042
1340
1479
1365
1103
781
590
496
354
139
-130
-350
-645
-1111
-1698
-2364
-2999
-3478
-3871
-4336
-4810
-5218
-5464
-5548
-5562
-5565
-5281
-4534
-3381
-2614
-2503
-2560
-1973
-804
-40
329
664
1307
2025
2697
3483
4078
4191
3771
3440
3527
3839
3856
3549
3379
3461
3639
3678
3437
2991
2469
2021
1693
1355
965
763
774
730
400
-15
-251
-497
-827
-1059
-1119
-1199
-1247
-1094
-831
-686
-787
-875
-757
-577
-311
12
366
716
985
1310
1542
1577
1351
1101
955
844
645
292
-39
-347
-696
-1169
-1758
-2386
-2961
-3373
-3782
-4327
-4900
-5305
-5522
-5547
-5531
-5368
-4971
-4124
-2948
-2192
-2152
-2277
-1736
-690
63
399
859
1584
2381
3050
3600
4117
4054
3575
3123
3048
3471
3489
3255
3119
3223
3575
3558
3268
2757
2167
1860
1671
1419
1095
902
989
1010
800
397
49
-302
-699
-896
-1050
-1172
-1245
-1098
-883
-874
-1024
-1155
-1072
-906
-720
-529
-209
150
470
813
1099
1201
1101
935
946
1049
976
704
388
131
-202
-739
-1346
-1986
-2519
-2939
-3357
-3735
-4195
-4595
-4937
-5194
-5312
-5332
-5142
-4563
-3401
-2461
-2120
-2266
-2066
-1075
-147
290
463
1020
1825
2702
3314
3814
4089
3738
3301
2973
3262
3521
3334
3128
3129
3466
3651
3460
3007
2436
1905
1547
1284
1093
950
941
1064
978
655
240
-148
-569
-927
-1133
-1227
-1195
-1000
-701
-553
-618
-803
-888
-846
-795
-605
-367
-22
344
697
1024
1132
1012
793
743
817
807
602
374
271
63
-335
-906
-1519
-2103
-2564
-2902
-3199
-3586
-3965
-4254
-4406
-4444
-4526
-4662
-4533
-3815
-2733
-2086
-2177
-2306
-1732
-683
-10
177
421
1061
1845
2439
2939
3402
3454
3109
2815
2973
3479
3526
3284
3188
3372
3711
3664
3339
2867
2302
1921
1671
1494
1194
998
1017
981
750
286
-151
-572
-957
-1171
-1281
-1316
-1173
-892
-735
-664
-762
-831
-811
-803
-625
-330
9
357
660
1006
1253
1217
1007
820
779
842
724
541
400
244
-56
-543
-1110
-1781
-2383
-2780
-2986
-3166
-3497
-3783
-3992
-4034
-4129
-4301
-4411
-4160
-3305
-2398
-1962
-2059
-1981
-1269
-408
36
137
405
1005
1716
2225
2760
3212
3180
2916
2758
3043
3400
3376
3221
3264
3562
3805
3751
3419
2984
2477
2155
1995
1768
1472
1276
1282
1162
822
317
-129
-537
-903
-1119
-1309
-1312
-1243
-1038
-900
-872
-951
-1098
-1096
-964
-645
-348
-68
231
637
1032
1159
1098
899
808
830
835
747
658
519
272
-73
-508
-1021
-1647
-2141
-2445
-2645
-2824
-3144
-3386
-3579
-3753
-3970
-4230
-4402
-4253
-3613
-2729
-2071
-2052
-2060
-1607
-800
-216
-162
-50
546
1384
2011
2505
2945
3294
3187
3041
3151
3398
3599
3461
3421
3606
3819
3835
3490
3048
2545
2145
1904
1607
1328
1169
1166
1084
745
278
-119
-478
-820
-1087
-1170
-1128
-1082
-915
-783
-713
-857
-1059
-1025
-887
-631
-394
-188
163
450
683
801
798
692
568
557
590
579
465
321
112
-195
-574
-1022
-1450
-1826
-2074
-2201
-2360
-2676
-2965
-3198
-3428
-3710
-4041
-4247
-4191
-3621
-2766
-2203
-2172
-2358
-2023
-1278
-825
-690
-532
92
886
1559
2183
2811
3199
3147
3053
3149
3576
3802
3658
3623
3729
3852
3791
3450
3053
2525
1979
1647
1333
1102
951
834
711
355
-61
-397
-678
-952
-1198
-1265
-1253
-1124
-803
-552
-483
-594
-717
-701
-612
-485
-279
-56
215
408
601
771
785
644
411
332
326
279
171
18
-82
-290
-553
-848
-1171
-1491
-1740
-1899
-2122
-2381
-2629
-2813
-3047
-3318
-3590
-3872
-3918
-3601
-2859
-2185
-2088
-2310
-2228
-1597
-969
-724
-604
-156
666
1408
2076
2681
3187
3344
3282
3360
3666
3941
3899
3823
3839
3878
3811
3605
3257
2801
2235
1755
1498
1222
972
784
587
291
-105
-432
-693
-923
-1097
-1133
-1087
-970
-721
-516
-368
-468
-628
-641
-533
-366
-228
-67
117
307
449
556
566
435
192
-25
-43
-87
-162
-236
-279
-344
-480
-652
-883
-1182
-1480
-1694
-1875
-2054
-2328
-2645
-2867
-3067
-3267
-3559
-3791
-3776
-3315
-2648
-2269
-2309
-2466
-2119
-1520
-1039
-772
-435
304
1061
1782
2457
3129
3549
3562
3509
3604
3895
4035
4006
3949
3875
3818
3702
3514
3106
2481
1855
1434
1057
738
487
310
110
-223
-489
-673
-770
-884
-1043
-1005
-932
-760
-531
-345
-257
-305
-331
-249
-106
36
157
258
409
501
508
508
392
168
-56
-155
-167
-183
-199
-186
-175
-291
-487
-731
-975
-1190
-1421
-1569
-1764
-1982
-2163
-2344
-2539
-2802
-3089
-3389
-3648
-3598
-3213
-2599
-2218
-2256
-2328
-2006
-1361
-895
-599
-256
418
1190
1838
2473
3019
3419
3432
3361
3434
3611
3745
3713
3664
3575
3516
3427
3180
2727
2059
1380
942
657
452
284
113
-17
-275
-486
-679
-872
-1032
-1149
-1146
-1052
-802
-456
-162
-69
-109
-125
-41
25
29
103
157
230
258
296
342
249
60
-137
-240
-272
-256
-244
-230
-268
-427
-534
-701
-847
-1004
-1180
-1315
-1516
-1719
-1923
-2064
-2255
-2548
-2855
-3160
-3360
-3480
-3241
-2694
-2137
-1949
-2012
-1860
-1360
-767
-466
-189
307
1025
1678
2306
2898
3310
3478
3325
3276
3354
3535
3544
3437
3344
3262
3252
3035
2643
2058
1410
960
677
579
440
311
150
-58
-288
-497
-717
-926
-1027
-1000
-793
-570
-238
47
111
60
-87
-147
-168
-175
-160
-89
34
143
203
198
125
-31
-258
-476
-609
-593
-515
-427
-390
-422
-527
-651
-807
-983
-1192
-1402
-1586
-1793
-1923
-2043
-2228
-2383
-2603
-2854
-3137
-3274
-3094
-2644
-2204
-1948
-1804
-1594
-1161
-723
-335
15
365
871
1443
2046
2637
3018
3129
3110
3120
3123
3163
3110
3031
2932
2834
2813
2648
2345
1830
1329
961
735
550
326
199
101
-18
-199
-384
-533
-601
-624
-651
-465
-279
-77
49
89
89
-51
-186
-248
-250
-191
-102
-36
93
168
136
54
-145
-345
-509
-593
-584
-461
-342
-326
-361
-445
-532
-689
-913
-1142
-1344
-1482
-1621
-1787
-1925
-2040
-2217
-2406
-2691
-2954
-3131
-3124
-2837
-2452
-1972
-1615
-1361
-1089
-831
-491
-235
124
494
968
1514
2027
2504
2808
2971
2877
2795
2655
2526
2497
2423
2402
2354
2325
2181
1930
1554
1118
727
423
266
152
83
72
22
-23
-155
-305
-376
-428
-469
-479
-386
-232
-131
-149
-222
-294
-346
-410
-495
-441
-329
-200
-131
-105
-94
-163
-284
-403
-437
-448
-401
-313
-204
-158
-283
-428
-586
-762
-982
-1218
-1410
-1517
-1646
-1779
-1934
-2125
-2288
-2539
-2757
-2959
-3039
-2897
-2628
-2252
-1798
-1273
-913
-713
-600
-297
85
465
782
1177
1686
2186
2574
2744
2853
2730
2604
2423
2275
2270
2259
2385
2341
2211
1997
1705
1401
1038
669
482
401
427
489
511
546
409
239
11
-192
-269
-351
-309
-226
-152
-127
-152
-169
-245
-392
-500
-576
-515
-382
-290
-197
-155
-119
-102
-123
-155
-262
-216
-184
-132
-99
-153
-245
-424
-617
-828
-1031
-1267
-1450
-1632
-1757
-1873
-2061
-2179
-2375
-2554
-2704
-2767
-2748
-2633
-2411
-2104
-1518
-959
-504
-383
-310
-26
267
647
855
1199
1552
1939
2248
2466
2642
2506
2341
2031
1931
1976
2034
2118
1963
1897
1797
1654
1498
1249
998
821
717
794
883
906
867
680
508
268
37
-57
-166
-172
-194
-184
-150
-162
-188
-341
-551
-683
-708
-637
-483
-325
-174
-88
-19
24
41
21
-69
-119
-145
-106
-75
-129
-219
-362
-535
-727
-1042
-1330
-1582
-1788
-1905
-2042
-2148
-2237
-2287
-2306
-2323
-2324
-2312
-2237
-2119
-1864
-1396
-744
-241
-27
75
265
529
794
967
1151
1374
1634
1900
2117
2272
2225
2027
1752
1603
1640
1731
1785
1699
1690
1694
1691
1658
1480
1295
1103
1022
1006
975
974
900
750
525
285
72
-81
-221
-339
-433
-529
-531
-543
-573
-671
-841
-895
-912
-796
-616
-480
-351
-260
-178
-125
-156
-206
-260
-340
-343
-316
-322
-318
-422
-596
-835
-1075
-1307
-1546
-1760
-1937
-1982
-2020
-2014
-1976
-1930
-1918
-1966
-1907
-1855
-1807
-1749
-1466
-872
-291
99
194
315
477
672
764
801
936
1001
1214
1386
1604
1704
1640
1520
1393
1421
1449
1523
1546
1620
1692
1774
1870
1842
1760
1551
1396
1278
1226
1191
1108
1009
827
687
457
232
7
-196
-355
-574
-635
-661
-670
-679
-691
-699
-707
-697
-581
-452
-389
-316
-308
-217
-167
-208
-227
-285
-289
-342
-407
-477
-600
-744
-948
-1129
-1281
-1450
-1632
-1737
-1782
-1819
-1800
-1802
-1789
-1782
-1753
-1683
-1614
-1529
-1450
-1312
-1021
-524
0
323
401
383
490
616
675
729
813
917
1112
1280
1455
1525
1569
1602
1510
1475
1461
1537
1669
1727
1774
1747
1693
1655
1542
1395
1184
1040
948
857
794
708
592
335
57
-194
-414
-548
-594
-615
-611
-608
-520
-418
-397
-392
-440
-437
-377
-311
-200
-139
-98
-80
-93
-144
-230
-331
-489
-638
-736
-820
-941
-1064
-1157
-1262
-1324
-1466
-1579
-1637
-1639
-1600
-1583
-1534
-1474
-1366
-1254
-1155
-1077
-1008
-926
-836
-543
-174
132
320
429
538
599
660
699
773
854
968
1169
1427
1674
1758
1768
1663
1572
1542
1513
1554
1545
1582
1618
1610
1608
1519
1310
1059
816
584
464
345
263
179
45
-113
-274
-372
-461
-523
-579
-581
-516
-432
-351
-350
-308
-291
-280
-271
-230
-149
-100
-93
-130
-178
-257
-356
-513
-644
-785
-951
-1033
-1095
-1112
-1119
-1165
-1271
-1374
-1447
-1492
-1504
-1467
-1401
-1297
-1151
-998
-904
-836
-804
-825
-793
-639
-403
-134
37
168
326
484
653
723
815
885
951
1201
1429
1678
1818
1871
1879
1780
1725
1674
1648
1613
1610
1626
1626
1643
1539
1318
1025
747
515
341
172
78
45
15
-19
-111
-189
-289
-364
-404
-458
-380
-289
-177
-82
-20
60
65
60
58
58
26
-10
-78
-139
-227
-350
-440
-606
-768
-889
-946
-986
-1001
-1051
-1131
-1193
-1270
-1310
-1385
-1410
-1354
-1284
-1136
-1028
-917
-810
-732
-705
-731
-775
-745
-569
-354
-117
54
234
410
519
648
700
779
888
1057
1253
1433
1605
1704
1758
1717
1644
1559
1561
1587
1551
1589
1570
1513
1393
1209
952
683
482
333
230
165
144
141
149
115
-20
-108
-193
-238
-246
-201
-135
-50
52
113
158
115
55
-8
-15
-39
-142
-187
-250
-297
-362
-456
-564
-720
-851
-937
-977
-1020
-1068
-1109
-1121
-1133
-1218
-1211
-1223
-1209
-1170
-1125
-1004
-915
-791
-758
-679
-566
-473
-428
-504
-422
-275
14
227
331
542
714
875
969
1009
1083
1148
1257
1329
1391
1513
1574
1537
1469
1369
1298
1195
1107
1069
915
770
647
581
499
363
247
154
132
53
25
24
15
40
58
29
37
86
109
132
100
120
112
130
161
54
-13
-116
-179
-250
-377
-485
-587
-638
-705
-758
-841
-905
-960
-1002
-1026
-1089
-1092
-1123
-1129
-1109
-1062
-1002
-984
-971
-959
-913
-866
-861
-851
-819
-795
-797
-755
-700
-625
-527
-437
-275
-121
43
195
319
477
597
708
827
951
1028
1132
1195
1271
1367
1395
1384
1310
1249
1186
1126
1021
913
825
759
700
578
536
457
371
305
256
227
195
158
108
113
139
164
160
167
180
141
156
118
82
34
-10
-42
-110
-205
-307
-389
-479
-539
-592
-608
-642
-727
-755
-809
-855
-896
-914
-925
-950
-968
-964
-934
-947
-932
-946
-933
-908
-951
-933
-952
-922
-902
-908
-845
-821
-739
-683
-590
-461
-325
-154
-20
153
240
354
470
578
671
753
864
979
1069
1097
1136
1091
1047
978
919
929
860
867
847
842
821
758
710
614
546
486
441
411
407
393
422
433
384
394
334
310
263
219
183
155
157
125
107
60
16
-60
-142
-208
-295
-326
-387
-419
-426
-454
-501
-562
-632
-657
-692
-722
-737
-756
-716
-699
-742
-772
-803
-883
-950
-990
-1003
-951
-936
-835
-790
-729
-682
-675
-555
-545
-495
-427
-303
-140
-31
105
203
340
435
495
579
623
673
704
748
778
767
788
784
777
763
772
781
780
769
754
740
717
706
683
687
655
596
616
603
583
560
540
505
436
384
328
260
199
157
93
70
33
-47
-79
-123
-131
-188
-238
-266
-278
-279
-329
-348
-382
-409
-427
-434
-419
-486
-510
-536
-562
-612
-665
-716
-769
-791
-818
-821
-824
-802
-791
-752
-727
-719
-654
-608
-557
-517
-449
-381
-285
-206
-147
-59
4
115
207
303
373
345
409
429
466
500
526
601
641
691
729
760
764
742
717
737
748
745
780
788
813
805
827
801
764
712
632
581
513
465
410
372
334
265
224
179
123
66
40
29
28
10
3
5
-19
-38
-80
-83
-104
-152
-146
-159
-149
-158
-207
-272
-346
-415
-479
-530
-579
-621
-646
-614
-578
-603
-601
-613
-626
-627
-635
-635
-630
-600
-531
-459
-409
-362
-332
-296
-273
-296
-286
-280
-259
-238
-201
-154
-105
-63
-53
-25
-19
15
45
108
200
222
314
380
447
526
574
619
649
674
712
756
773
796
815
822
784
690
663
635
585
507
441
427
411
375
334
275
223
174
123
125
103
36
35
43
54
49
6
-41
-74
-95
-108
-138
-182
-223
-275
-291
-317
-394
-411
-417
-437
-455
-480
-483
-489
-493
-507
-535
-520
-477
-458
-415
-386
-410
-381
-393
-414
-443
-466
-473
-480
-453
-424
-399
-375
-365
-348
-318
-323
-363
-305
-247
-187
-111
-49
48
116
168
204
267
333
402
439
491
573
586
647
642
631
615
577
552
485
461
452
427
409
369
328
316
293
215
191
143
122
116
116
126
125
104
79
75
17
-24
-76
-91
-113
-179
-160
-172
-186
-233
-259
-270
-311
-353
-374
-371
-379
-379
-394
-362
-320
-343
-336
-346
-338
-302
-300
-293
-285
-283
-273
-253
-253
-269
-292
-294
-316
-377
-403
-429
-429
-435
-414
-390
-377
-350
-310
-266
-247
-216
-164
-89
-17
8
87
165
234
301
370
422
458
458
480
509
522
537
530
573
588
534
532
509
489
460
414
400
396
400
390
379
360
357
308
266
222
137
119
96
82
61
38
18
-2
-15
-31
-75
-134
-148
-172
-172
-177
-219
-206
-199
-187
-197
-196
-212
-229
-234
-245
-230
-227
-214
-222
-207
-205
-265
-280
-330
-389
-434
-464
-496
-524
-538
-556
-565
-576
-572
-564
-556
-534
-542
-476
-423
-369
-289
-230
-177
-113
-57
18
62
97
157
206
311
385
415
495
503
500
481
468
465
467
484
464
474
492
495
484
486
443
361
320
271
251
236
238
223
215
200
169
145
95
52
-4
-17
19
-2
20
18
18
4
-30
-40
-63
-48
-48
-62
-68
-57
-45
-28
-32
-87
-69
-65
-63
-69
-65
-59
-105
-142
-172
-187
-197
-223
-264
-274
-271
-304
-268
-296
-300
-330
-352
-346
-330
-288
-274
-241
-246
-234
-220
-197
-134
-110
-35
18
78
143
186
198
186
186
181
206
250
289
313
346
352
306
301
270
239
211
187
176
177
173
149
132
113
84
43
35
37
-19
-4
6
-9
4
-10
-8
5
6
-7
-27
-48
-43
-38
-16
2
-49
-39
-45
-29
-36
-54
-54
-52
-48
-63
-75
-77
-65
-81
-57
-50
-82
-60
-96
-137
-158
-169
-187
-194
-184
-180
-175
-197
-181
-202
-203
-201
-246
-228
-233
-180
-146
-107
-62
-29
13
21
50
83
111
128
178
227
230
258
273
286
267
264
250
240
238
215
215
209
205
189
189
174
110
86
40
24
29
54
71
96
103
93
99
88
67
13
20
13
-32
-16
-17
13
19
23
3
-31
-62
-95
-112
-135
-131
-150
-98
-73
-94
-69
-96
-107
-100
-97
-97
-75
-61
-61
-65
-87
-93
-115
-113
-111
-165
-132
-134
-123
-107
-104
-105
-101
-89
-71
-47
-23
-16
-10
31
56
57
76
96
110
121
145
158
147
139
129
133
146
139
121
141
147
89
73
53
40
11
-26
-40
-26
9
5
14
12
16
16
19
22
-26
-32
-64
-65
-67
-77
-88
-107
-125
-129
-134
-147
-132
-137
-115
-110
-140
-109
-91
-74
-77
-38
-10
4
8
5
29
43
39
7
30
61
35
26
13
2
-26
-15
-6
0
-9
-28
-10
-15
-3
-21
12
53
24
38
30
44
65
60
45
55
72
89
73
48
39
12
16
2
-58
-61
-95
-125
-142
-171
-172
-179
-204
-217
-210
-201
-196
-218
-209
-224
-266
-239
-228
-195
-189
-196
-203
-209
-220
-233
-239
-262
-278
-306
-297
-281
-300
-284
-273
-253
-226
-205
-171
-128
-105
-90
-61
-49
-28
-54
-17
7
-27
7
13
14
-12
-33
-45
-44
-31
-41
-26
-5
18
44
75
105
79
117
135
158
191
204
232
258
254
258
269
265
272
242
255
271
243
252
215
194
168
127
96
64
50
17
-7
-25
-27
-30
4
-19
-69
-58
-67
-61
-72
-81
-104
-115
-108
-102
-106
-126
-142
-189
-204
-217
-267
-267
-268
-265
-266
-247
-212
-205
-201
-174
-153
-132
-94
-56
-2
35
26
35
22
17
10
6
-7
-56
-80
-63
-41
-28
-13
-25
-11
-20
-34
-16
-5
19
40
82
104
131
170
197
224
220
224
228
266
306
275
284
269
253
232
215
197
189
180
159
166
166
175
151
153
139
88
90
71
85
91
89
94
96
90
54
28
-15
-38
-83
-125
-137
-194
-204
-243
-265
-301
-319
-325
-316
-310
-311
-291
-267
-222
-207
-156
-117
-108
-70
-59
-21
8
35
39
26
-4
-14
-16
-46
-46
-65
-48
-48
-87
-63
-49
-46
-46
-41
-19
4
25
45
66
88
128
177
235
270
262
281
293
314
315
308
290
255
239
223
225
201
184
165
152
156
103
84
70
65
62
70
71
60
61
47
17
-19
-18
-41
-43
-49
-123
-140
-196
-225
-259
-316
-349
-383
-397
-396
-379
-381
-369
-365
-319
-277
-276
-228
-207
-157
-113
-91
-76
-59
-49
-40
-54
-76
-84
-106
-100
-113
-162
-144
-140
-145
-149
-135
-134
-135
-112
-101
-84
-72
-38
6
55
92
75
130
159
168
191
208
231
237
228
214
200
178
182
160
167
171
131
128
95
79
77
84
82
100
98
102
123
139
163
145
134
121
67
67
42
11
-50
-97
-118
-147
-169
-206
-228
-256
-267
-293
-282
-255
-275
-232
-223
-205
-155
-123
-93
-80
-76
-67
-57
-46
-40
-47
-49
-44
-100
-117
-160
-192
-228
-267
-282
-299
-292
-297
-274
-289
-282
-288
-265
-225
-238
-188
-138
-75
-25
6
20
30
49
49
53
55
86
99
128
131
82
92
72
68
73
71
63
79
110
116
110
113
120
111
142
164
148
190
199
184
161
150
126
79
19
-19
-20
-41
-46
-86
-104
-106
-177
-186
-196
-193
-181
-164
-140
-117
-79
-61
-51
-50
-39
-33
7
20
-14
-3
-16
-27
-34
-59
-103
-131
-165
-198
-228
-237
-222
-236
-221
-206
-223
-198
-192
-173
-140
-105
-48
-11
23
63
76
90
114
124
143
162
136
132
120
106
100
94
86
69
59
63
93
97
95
101
121
137
107
125
121
126
135
149
141
110
95
83
65
23
15
-20
-37
-61
-125
-120
-149
-180
-201
-185
-167
-156
-142
-125
-99
-85
-54
-70
-50
-4
-24
-5
-6
-9
-8
-16
-30
-37
