23
13
36
63
22
22
16
14
17
19
18
9
6
-6
-1
-2
6
-13
2
4
-13
17
14
29
27
18
7
5
-5
-30
-16
-11
-9
-25
-13
3
-22
-4
-24
-24
-25
-18
-15
-19
-20
-24
-28
-39
-31
-31
-12
2
-18
3
-7
5
11
6
7
-7
7
18
33
18
22
20
25
26
-18
-7
-25
-20
-14
-20
-11
-17
-17
-22
-9
-7
2
-1
14
45
12
31
12
7
-1
-11
-8
-7
4
5
12
11
9
5
15
27
-16
-4
-1
-7
-5
7
8
5
1
-11
-1
-23
-30
-19
9
30
-9
-4
-6
4
4
7
4
5
14
21
33
26
32
19
40
50
24
36
12
17
19
24
33
20
14
4
9
9
26
13
30
42
20
26
13
19
3
9
4
11
19
9
12
2
-5
-6
20
31
-15
-11
-13
-11
-25
-32
-39
-46
-30
-37
-35
-31
-40
-51
-30
-18
-56
-43
-43
-46
-43
-47
-37
-46
-57
-78
-76
-74
-69
-77
-64
-50
-91
-53
-54
-38
-43
-45
-48
-45
-31
-33
-32
-35
-27
-39
-33
-30
-41
-26
-39
-34
-33
-34
-21
-22
-23
-23
-21
-17
-13
-14
-2
1
-16
-6
-14
-19
-26
-16
-24
-37
-33
-47
-35
-41
-32
-43
-28
-6
-49
-38
-52
-49
-42
-37
-30
-54
-54
-62
-65
-49
-48
-50
-29
-17
-50
-35
-39
-29
-39
-34
-25
-22
-13
-22
-34
-41
-31
-36
-22
-13
-25
-9
-26
-23
-29
-26
-30
-28
-18
-25
-7
-15
-5
-19
-14
-19
-70
-54
-66
-60
-64
-60
-35
-42
-42
-31
-38
-53
-55
-69
-52
-41
-89
-88
-104
-107
-117
-126
-121
-120
-104
-98
-95
-104
-79
-82
-67
-64
-86
-57
-65
-71
-71
-70
-79
-89
-91
-107
-111
-120
-102
-102
-88
-64
-96
-68
-80
-87
-78
-78
-68
-60
-42
-36
-30
-38
-45
-62
-48
-26
-58
-38
-22
-30
-25
-32
-39
-40
-55
-56
-51
-58
-54
-56
-44
-37
-67
-39
-53
-59
-57
-51
-43
-40
-13
-21
5
11
12
-4
0
10
-29
-7
-6
4
7
-7
-4
0
-10
-15
-15
-17
-2
-6
19
41
4
18
18
31
20
20
33
26
38
38
38
28
18
0
25
45
18
41
46
52
40
37
42
42
50
41
46
40
48
40
54
62
20
44
38
34
34
43
43
34
37
28
25
9
3
-9
20
38
8
3
-1
-3
-17
-13
-20
-22
-19
-11
2
-3
7
11
23
39
-4
6
3
11
28
29
20
18
31
35
39
29
33
37
51
60
20
41
51
42
55
55
43
42
51
32
27
29
49
50
57
64
35
61
69
77
76
73
73
75
77
56
47
26
29
25
36
63
36
56
46
50
37
35
41
34
50
59
58
56
57
37
46
53
20
29
24
21
21
37
34
29
27
18
27
25
33
33
63
82
41
45
39
30
17
9
20
28
32
33
42
52
46
28
43
62
24
50
59
57
63
66
78
72
53
43
52
37
49
47
61
62
25
33
20
15
16
30
31
15
11
4
-16
-20
-20
-35
-21
1
-36
-9
-19
-28
-15
-14
-13
-18
-11
-21
-15
-11
-3
-11
4
23
-19
-17
-28
-34
-30
-35
-25
-22
-37
-41
-42
-59
-57
-57
-40
-29
-59
-37
-27
-26
-31
-33
-42
-42
-29
-42
-29
-9
-11
-18
-9
0
-35
-11
-18
-3
-7
-9
-6
-10
0
-5
7
1
17
-5
6
20
-11
5
3
8
-2
-2
15
5
1
-13
-11
-10
-8
-11
5
15
-20
-9
-16
-5
6
11
-10
-12
-8
-4
5
-18
-14
-29
-11
-6
-40
-31
-39
-29
-17
-27
-26
-24
-10
-17
-23
-7
10
-3
9
37
24
34
20
25
91
263
338
321
486
664
774
715
477
544
692
335
23
63
-26
-152
-293
-349
-113
-41
-261
-137
195
182
132
109
110
274
190
22
87
195
128
96
163
208
218
77
-92
-88
-137
-422
-626
-711
-837
-918
-1004
-1051
-996
-865
-790
-696
-585
-469
-373
-377
-431
-469
-416
-610
-939
-934
-1071
-1301
-1382
-1312
-804
-362
-182
191
868
1553
1793
1785
1900
1939
1611
968
457
232
-324
-1069
-1449
-1400
-1297
-1458
-1447
-1042
-537
-282
-147
214
503
535
525
617
746
738
569
570
713
790
765
717
867
994
989
980
858
734
639
418
230
163
-23
-131
-41
-43
73
326
406
463
677
772
730
634
315
107
-98
-577
-990
-1241
-1585
-1881
-2049
-2165
-2158
-2204
-2261
-2201
-2127
-2149
-2357
-2424
-2344
-1979
-1080
-138
582
1213
2051
3464
4648
4628
4078
3912
3775
2831
1167
-114
-904
-2039
-3574
-4230
-3706
-3444
-3805
-3676
-2340
-740
-74
77
752
1821
2253
2013
1987
2308
2188
1550
1241
1555
1731
1246
702
646
786
514
-141
-697
-1189
-1606
-1918
-2176
-2264
-2093
-1722
-1088
-273
654
1675
2426
2883
3388
3794
3737
3139
2359
1720
1110
234
-641
-1139
-1378
-1566
-1576
-1254
-819
-495
-371
-179
147
127
-216
-600
-883
-1232
-1696
-2057
-2284
-2444
-2606
-2632
-2428
-2218
-2144
-2079
-1922
-1583
-796
216
1039
1447
1711
2566
3856
4262
3549
2953
2961
2834
1767
256
-451
-857
-1998
-3163
-3176
-2591
-2663
-3236
-2979
-1501
-294
-240
-253
654
1706
1930
1756
1935
2356
2205
1618
1548
1910
1766
932
311
341
445
-60
-811
-1211
-1336
-1352
-1380
-1303
-964
-558
-135
479
1229
1985
2429
2419
2478
2755
2795
2308
1517
966
699
371
-200
-510
-485
-570
-616
-457
-161
34
-197
-550
-505
-420
-776
-1309
-1742
-1946
-2127
-2416
-2644
-2752
-2894
-3062
-3031
-2699
-2469
-2529
-2391
-1689
-270
1209
1867
2128
2908
4489
5651
5125
3947
3526
3457
2360
321
-1008
-1429
-2439
-4093
-4606
-3593
-2883
-3414
-3581
-2107
-108
522
175
642
1818
2420
2072
1849
2307
2396
1773
1344
1768
2136
1558
682
457
699
552
-294
-1143
-1478
-1602
-1633
-1631
-1513
-1040
-442
211
1023
2060
2889
3046
2994
3180
3429
3120
2098
1120
724
418
-210
-683
-800
-713
-678
-540
-99
350
276
-101
-185
-83
-278
-894
-1536
-1937
-2202
-2424
-2670
-2847
-3043
-3203
-3200
-3054
-2835
-2772
-2872
-2839
-2464
-1528
34
1178
1618
2298
3585
5407
6259
5355
4430
4340
3987
2567
483
-1041
-1852
-3117
-4623
-4865
-4093
-3898
-4332
-3955
-2163
-194
298
31
871
2276
2874
2538
2236
2505
2600
2065
1693
2053
2151
1443
705
685
978
650
-421
-1285
-1431
-1369
-1456
-1632
-1549
-1036
-371
341
1271
2191
2699
2992
3169
3460
3666
3084
2032
1336
986
579
13
-642
-911
-723
-678
-575
-185
-36
-206
-328
-345
-335
-594
-1332
-1897
-2018
-2124
-2391
-2659
-2890
-2990
-2909
-3062
-3065
-2958
-3079
-2980
-2825
-2661
-2074
-968
654
1998
2560
3096
4563
6403
6533
4963
3935
3937
3462
1198
-1459
-2378
-2758
-4246
-5842
-5588
-4165
-3857
-4350
-3563
-1110
794
653
312
1555
3072
3158
2259
2056
2686
2618
1826
1542
1984
2027
1138
498
612
747
128
-1015
-1648
-1650
-1556
-1618
-1763
-1494
-631
291
1108
1910
2694
3423
3596
3511
3681
3640
2787
1654
958
674
350
-475
-1059
-841
-576
-497
-306
18
210
121
-155
-232
-258
-801
-1607
-2023
-2126
-2294
-2548
-2897
-3128
-3042
-3122
-3268
-3277
-3476
-3592
-3292
-3052
-2950
-2630
-2024
-407
1680
2745
3196
4015
5700
7275
6727
4806
4030
3931
2562
-210
-2435
-3069
-3771
-5627
-6787
-5637
-4117
-4184
-4411
-2889
-124
1337
887
995
2551
3715
3389
2573
2648
3134
2705
1957
1977
2327
2052
1124
577
692
639
-246
-1377
-1958
-1942
-1606
-1631
-1813
-1297
-208
952
1765
2388
3328
4050
3922
3758
3926
3633
2557
1296
641
562
106
-850
-1164
-859
-609
-365
-233
-32
130
-64
-308
-293
-494
-1134
-1771
-2125
-2154
-2226
-2647
-3030
-3175
-3238
-3319
-3506
-3648
-3837
-3935
-3700
-3344
-2854
-2412
-1661
238
2240
3406
3924
4589
6425
7520
6352
4612
3915
3554
1759
-1159
-2934
-3323
-4308
-6172
-6721
-5227
-4034
-4126
-3924
-2036
542
1387
1106
1735
3147
3857
3374
2856
3129
3258
2675
2160
2237
2323
1741
932
557
480
142
-710
-1581
-1957
-1804
-1521
-1520
-1444
-702
525
1510
2056
2806
3679
4042
3811
3664
3674
3113
1944
939
595
326
-363
-1037
-1083
-764
-575
-477
-367
-139
-114
-341
-504
-619
-970
-1585
-2095
-2311
-2397
-2755
-3290
-3609
-3698
-3756
-3993
-4231
-4394
-4335
-4083
-3672
-2934
-2309
-1593
57
2157
3716
4401
4752
6052
7511
6873
4948
3688
3179
1911
-844
-3213
-3812
-4258
-5911
-6961
-5919
-4283
-3808
-3983
-2659
52
1622
1442
1593
2939
4079
3880
3097
3139
3529
3113
2261
2117
2377
1931
963
249
178
94
-734
-1768
-2162
-1921
-1513
-1518
-1470
-632
531
1485
2065
2718
3692
4046
3794
3687
3757
3401
2314
1233
845
672
-23
-839
-1056
-831
-686
-826
-865
-583
-461
-765
-934
-934
-1104
-1598
-2199
-2384
-2431
-2914
-3521
-3912
-4112
-4332
-4635
-4767
-4749
-4853
-4541
-3610
-2688
-2028
-1028
1063
3333
4388
4505
5415
7281
7618
5795
4056
3580
3011
583
-2560
-3738
-3732
-4936
-6781
-6921
-5205
-4016
-4206
-3880
-1620
844
1301
988
1941
3604
4160
3332
2875
3501
3735
2935
2160
2234
2418
1686
594
124
129
-228
-1359
-2203
-2153
-1676
-1469
-1694
-1213
134
1323
1935
2421
3385
4247
4234
3817
3793
3737
2917
1681
942
761
348
-575
-1176
-939
-636
-726
-979
-900
-529
-595
-980
-1185
-1170
-1402
-1977
-2355
-2444
-2632
-3152
-3646
-3982
-4243
-4482
-4839
-4905
-4891
-4917
-4316
-3439
-2785
-1909
-475
1736
3658
4281
4628
5922
7556
7253
5199
3792
3390
2515
-171
-2969
-3699
-3989
-5429
-6783
-6391
-4767
-4044
-4257
-3311
-830
1063
1166
1057
2260
3726
3968
3126
2825
3435
3506
2825
2263
2328
2280
1536
690
359
319
-278
-1362
-1918
-1593
-1121
-1125
-1267
-563
806
1848
2314
2844
3732
4266
4115
3801
3702
3325
2283
1238
759
514
-104
-996
-1288
-915
-692
-925
-1084
-841
-643
-751
-1055
-1171
-1265
-1653
-2203
-2593
-2762
-3143
-3854
-4409
-4744
-4990
-4999
-5380
-5550
-5073
-4594
-3474
-2521
-1815
159
2493
4128
4919
5211
6601
8057
7160
4973
3806
3406
1950
-981
-3444
-4009
-4260
-5939
-7074
-6135
-4695
-4092
-4134
-3012
-456
1104
1034
1134
2475
3860
3829
2998
3004
3719
3751
2920
2457
2646
2486
1644
679
437
268
-626
-1597
-2018
-1597
-1190
-1331
-1144
-135
1232
2184
2512
3117
4097
4409
3993
3643
3464
2980
1948
906
581
491
-214
-931
-962
-581
-377
-715
-973
-737
-550
-901
-1409
-1547
-1622
-1934
-2468
-2810
-2802
-3137
-3790
-4177
-4522
-4737
-5066
-5614
-5426
-5102
-4747
-3711
-2949
-1676
705
2804
4398
5242
5893
7736
8653
7041
5059
4085
3342
1381
-1846
-4026
-4302
-5053
-6776
-7099
-5883
-4621
-4094
-3822
-2061
477
1324
1034
1525
2959
3961
3477
2636
2972
3715
3549
2831
2662
2907
2640
1748
1071
968
463
-706
-1637
-1739
-1266
-1236
-1506
-1014
319
1658
2338
2701
3518
4409
4450
4001
3704
3405
2654
1420
645
532
183
-627
-1083
-832
-369
-356
-729
-819
-537
-518
-1030
-1479
-1723
-2062
-2490
-2976
-3236
-3417
-3785
-4379
-4629
-4446
-4968
-5585
-5722
-5498
-4442
-3833
-3722
-2406
7
2549
4294
4818
5600
7717
9119
7849
5693
4464
3787
2163
-1317
-3905
-4224
-5150
-7024
-7654
-6418
-4774
-4415
-4452
-2700
153
1469
1063
1170
2625
3950
3783
2716
2638
3551
3718
3019
2655
3032
3108
2231
1302
1081
1006
-44
-1553
-1929
-1307
-1046
-1492
-1455
-168
1523
2318
2596
3447
4470
4688
4262
3853
3634
2945
1549
662
521
194
-556
-1203
-996
-299
-143
-543
-675
-404
-356
-785
-1378
-1720
-2033
-2685
-3262
-3576
-3719
-4081
-4861
-5031
-4863
-5055
-5443
-6114
-5600
-4427
-3944
-3345
-2383
245
3243
4356
4995
6194
8448
9602
7632
5577
4941
4247
1726
-2140
-4060
-4349
-5628
-7636
-8197
-6480
-5002
-4928
-4367
-2289
508
1472
1046
1782
3304
4245
3631
2651
3095
3855
3675
2821
2585
3140
3037
2070
1255
1120
940
-376
-1631
-1754
-1258
-1173
-1832
-1387
347
1732
2257
2620
3730
4914
4989
4335
4049
3873
2905
1542
656
354
-52
-1008
-1517
-1094
-517
-522
-910
-845
-378
-366
-941
-1524
-1823
-2102
-2822
-3520
-3749
-3923
-4409
-4992
-5228
-5111
-5308
-6076
-6190
-5350
-4286
-3582
-3110
-1311
1887
4244
5055
5634
7359
9475
9187
6689
5022
4594
3170
-284
-3595
-4662
-5095
-6819
-8435
-7764
-5804
-4878
-4788
-3606
-800
1289
1357
1229
2410
3927
4137
3117
2718
3449
3923
3396
2716
2936
3285
2733
1697
1166
1114
243
-1184
-1896
-1713
-1301
-1612
-1847
-685
1033
2118
2682
3454
4572
5292
5028
4560
4295
3532
2260
1128
449
9
-738
-1551
-1553
-1009
-630
-733
-869
-591
-340
-500
-1054
-1613
-1898
-2440
-3193
-3606
-3948
-4386
-4889
-5403
-5446
-5304
-5773
-6121
-5373
-4391
-3602
-2786
-1644
1350
4053
4686
5385
6870
8915
9393
7057
5147
4823
3771
687
-2755
-4266
-4786
-6231
-8088
-8018
-6193
-5349
-5350
-4210
-1710
682
1079
842
2183
3847
4362
3550
3000
3702
4244
3812
3078
3017
3309
2899
1917
1262
1136
411
-1001
-1759
-1624
-1294
-1524
-1915
-886
876
1910
2434
3188
4420
5316
5230
4818
4628
4058
2829
1745
1036
441
-374
-1334
-1516
-1049
-900
-1139
-1266
-1041
-666
-790
-1392
-1732
-2041
-2573
-3259
-3837
-4125
-4590
-5149
-5689
-5917
-6048
-6476
-6029
-5129
-4180
-3079
-1831
1094
4038
5222
6103
7414
9605
10270
7864
5787
5139
4069
946
-2901
-4624
-5132
-6595
-8586
-8639
-6727
-5708
-5659
-4618
-2072
490
869
595
1884
3637
4282
3424
2819
3727
4500
4142
3349
3348
3877
3427
2332
1554
1240
487
-1205
-2307
-2183
-1937
-2350
-2692
-1709
265
1569
2093
2992
4492
5551
5571
5158
4939
4532
3353
2192
1449
760
-43
-894
-1118
-802
-619
-812
-1086
-902
-660
-875
-1465
-2032
-2286
-2690
-3404
-4009
-4353
-4557
-5000
-5548
-5686
-6018
-6352
-6254
-5530
-4312
-3519
-2449
130
3227
5334
6136
7099
9384
10800
9290
6795
5680
4943
2315
-1735
-4366
-5040
-6250
-8519
-9224
-7763
-6334
-5891
-5352
-3111
-313
798
839
1567
3176
4230
3850
3132
3429
4208
4317
3690
3404
3715
3695
2994
2138
1653
967
-430
-1672
-2017
-2081
-2452
-2826
-2368
-796
634
1333
2234
3645
4812
5283
5279
5227
4966
4020
3015
2430
1762
763
-127
-469
-326
-398
-738
-991
-972
-942
-1235
-1679
-2230
-2671
-3044
-3622
-4155
-4446
-4881
-5183
-5587
-6181
-6078
-6483
-6732
-5835
-4849
-3423
-1811
425
3405
5520
6890
8353
10099
10704
9103
7337
6095
4409
1401
-2451
-4527
-5589
-7389
-9040
-9264
-7984
-6849
-6254
-4922
-2686
-590
195
569
1855
3080
3440
3028
2896
3651
4122
3885
3568
3770
4154
3790
3035
2439
1818
868
-649
-1635
-1935
-2361
-2902
-3041
-2104
-652
314
1002
2239
3816
4737
4860
4795
4909
4553
3516
2592
2095
1485
534
-167
-147
58
-149
-532
-697
-490
-549
-1189
-1844
-2410
-2855
-3398
-4109
-4746
-5159
-5534
-6187
-6515
-6647
-6969
-7195
-6721
-5157
-3444
-2164
-132
3036
5936
7476
8297
10021
11329
10196
7754
6079
4986
2330
-1811
-4642
-5613
-6652
-8572
-9614
-8536
-6836
-5897
-5310
-3630
-1167
169
428
977
2185
3218
3058
2515
3022
3965
4250
3853
3746
4212
4327
3546
2444
1796
1082
-212
-1565
-2298
-2395
-2537
-2804
-2382
-936
504
1269
2002
3337
4559
4795
4376
4159
4018
3251
2166
1422
1021
527
-18
-111
93
234
100
-150
-200
-326
-816
-1487
-2277
-2967
-3477
-4203
-5043
-5653
-5972
-6503
-7244
-7586
-7779
-7320
-6252
-5055
-3276
-1155
1676
4933
7095
8360
9923
11581
11484
9446
7323
5826
3788
122
-3544
-5237
-6376
-8096
-9273
-9035
-7528
-6220
-5509
-4134
-2061
-223
510
747
1495
2487
2897
2392
2186
2950
3688
3669
3429
3717
4217
3937
2916
2072
1415
393
-1038
-2103
-2469
-2491
-2595
-2428
-1302
243
1463
2310
3272
4506
5093
4788
4296
3880
3134
1973
903
301
-143
-653
-813
-518
-99
109
86
173
241
-36
-610
-1410
-2201
-2721
-3306
-4300
-5140
-5543
-6037
-6536
-7295
-7849
-7375
-6622
-5578
-3995
-2211
624
3812
6082
7649
9236
11135
11592
9902
7849
6641
4931
1248
-2446
-4326
-5541
-7301
-8954
-8977
-7494
-6307
-5610
-4409
-2309
-275
494
751
1393
2412
2901
2252
1761
2415
3231
3109
2612
2932
3714
3647
2600
1756
1487
710
-765
-1966
-2302
-2216
-2427
-2522
-1461
328
1541
2214
3289
4717
5486
5119
4408
4144
3565
2130
755
-49
-487
-1151
-1630
-1447
-998
-668
-623
-426
-170
-288
-661
-1325
-2048
-2550
-3096
-3945
-4795
-5306
-5608
-6134
-6906
-7303
-6897
-5699
-4562
-3335
-1310
1411
4433
6630
7648
9084
10831
10789
9017
6975
5634
3908
412
-3116
-4689
-5590
-7364
-8692
-8432
-7028
-5647
-4993
-3838
-1611
268
1069
1354
1897
2927
3347
2685
2174
2652
3274
3020
2345
2484
3102
2803
1576
742
495
-190
-1580
-2701
-2703
-2325
-2365
-2272
-1023
847
2118
2854
3865
5273
5861
5338
4713
4360
3616
2136
667
-118
-571
-1332
-1953
-1959
-1595
-1337
-1340
-1320
-1161
-1114
-1467
-2072
-2688
-3075
-3523
-4405
-5187
-5504
-5818
-6312
-7225
-7287
-5625
-4152
-3116
-1581
977
4585
7069
7815
8939
10693
11182
9537
7188
5600
3964
832
-2900
-4785
-5652
-7208
-8564
-8687
-7314
-5675
-4932
-4053
-2177
-83
1262
1575
1837
2754
3613
3522
2851
2985
3660
3743
3083
2706
3159
3048
1728
355
-213
-684
-2086
-3707
-4181
-3539
-3125
-3113
-2169
-86
1828
2914
3897
5285
6344
6213
5521
5067
4395
3129
1613
493
-145
-713
-1399
-1801
-1657
-1374
-1308
-1501
-1756
-1905
-2059
-2680
-3525
-3888
-4219
-4786
-5453
-5934
-6088
-6376
-7098
-7390
-6188
-4422
-3040
-1421
1026
4407
7445
8831
9890
11572
12050
10581
8354
6471
4518
1152
-2762
-5031
-6159
-7884
-9405
-9468
-8346
-6778
-5581
-4407
-2543
-558
861
1703
2229
2879
3603
3742
3463
3562
4116
4270
3784
3557
3773
3634
2418
924
-12
-848
-2202
-3854
-4754
-4687
-4397
-4126
-3173
-1365
469
1948
3377
4944
6002
6140
5802
5447
4825
3645
2300
1216
414
-250
-716
-1004
-1182
-1178
-1123
-1105
-1445
-2065
-2499
-3016
-3870
-4659
-5343
-5879
-6345
-6971
-7236
-7292
-7669
-7638
-6392
-4418
-2424
-347
1985
5200
8452
10209
11348
12352
12390
11244
9170
6827
4245
865
-2652
-4943
-6558
-8273
-9382
-9385
-8533
-7114
-5665
-4275
-2558
-896
663
1950
2563
3044
3641
4124
4288
4395
4653
4817
4663
4434
4361
3888
2665
1176
-29
-1096
-2547
-4098
-5027
-5130
-4815
-4232
-3155
-1594
123
1779
3358
4774
5553
5622
5511
5145
4319
3192
1965
1015
331
-228
-618
-773
-792
-792
-777
-855
-1169
-1764
-2481
-3236
-4127
-4916
-5872
-6979
-7538
-7943
-8357
-8651
-9098
-8024
-5370
-3354
-1145
1362
4516
8552
10600
11362
12645
13076
11928
9799
7445
5175
2118
-1749
-4403
-5438
-6990
-8689
-9003
-8294
-6763
-5498
-4801
-3373
-1657
-178
951
1553
2234
3117
3829
4176
4610
5342
5689
5546
5328
5438
5062
3520
1679
318
-660
-2163
-4226
-5357
-5263
-4863
-4438
-3632
-1883
169
1518
2722
4312
5352
5279
4775
4301
3976
3043
1426
500
203
-115
-487
-722
-690
-499
-441
-674
-1029
-1630
-2311
-3050
-3965
-4840
-5676
-6578
-7593
-8311
-8549
-8777
-8961
-8060
-5801
-3153
-508
2026
5192
8701
10829
12095
12927
12453
11037
8996
6603
3964
566
-2723
-4670
-5940
-7178
-7859
-7708
-6931
-5576
-4273
-3196
-2000
-1070
-121
888
1522
1994
2404
2985
3781
4537
5105
5432
5658
5813
5674
4887
3455
1741
151
-1265
-2824
-4391
-5272
-5321
-4888
-3955
-2674
-973
731
2055
3521
4755
5092
4741
4196
3644
2874
1699
506
-98
-461
-770
-713
-550
-531
-517
-556
-659
-1069
-1938
-2749
-3392
-4183
-5113
-5836
-6678
-7446
-7937
-8500
-8473
-8206
-6993
-4644
-2413
-51
2734
6154
9087
10356
11303
12111
11744
9774
7164
5141
2651
-773
-3713
-5278
-6110
-7177
-7658
-6969
-5701
-4285
-3287
-2274
-890
122
942
1437
1769
2356
2907
3305
3663
4351
5058
5397
5428
5315
5066
4197
2629
965
-432
-1804
-3312
-4619
-5015
-4538
-3797
-3082
-1661
442
1983
3030
4046
4938
5118
4279
3410
2856
1918
496
-534
-801
-938
-1149
-1181
-887
-521
-478
-664
-1003
-1535
-2322
-3151
-3931
-4941
-5721
-6400
-7356
-7874
-8365
-8781
-8591
-7543
-5405
-2916
-742
1705
5259
8684
10301
11219
12000
11875
10504
7873
5420
2991
-452
-3600
-5434
-6543
-7545
-8058
-7709
-6404
-4675
-3418
-2419
-1109
149
1197
1763
1923
2450
3060
3538
3916
4497
5241
5576
5718
5728
5455
4614
3018
1213
-315
-1791
-3427
-4945
-5653
-5238
-4259
-3437
-2139
112
2122
3436
4580
5590
5917
5229
4159
3362
2451
840
-587
-1084
-1296
-1497
-1562
-1489
-1036
-749
-867
-1152
-1680
-2400
-3224
-3929
-4946
-5826
-6661
-7635
-8093
-8532
-8950
-8756
-7148
-4916
-2516
199
2889
6254
9368
10975
12151
12443
11449
10014
7600
4712
1745
-1653
-4567
-6311
-7429
-8254
-8226
-7647
-6358
-4317
-2824
-1774
-572
555
1648
2157
2282
2649
3182
3775
4265
4983
5700
6040
6196
6150
5733
4648
2798
810
-930
-2637
-4410
-5812
-6329
-5980
-4823
-3512
-1810
508
2531
4117
5467
6332
6395
5749
4708
3636
2528
932
-418
-1058
-1437
-1584
-1516
-1447
-1215
-1040
-1206
-1536
-2170
-2958
-3687
-4458
-5304
-6056
-6608
-7284
-7715
-7937
-8220
-7581
-6026
-4262
-2095
318
3144
6461
8711
9946
11323
11903
10992
9091
6915
4728
1864
-1681
-4382
-5798
-7132
-8236
-8382
-7615
-6215
-4848
-3607
-2152
-611
647
1553
2188
2780
3431
3966
4348
4818
5599
6201
6405
6322
6037
5531
4245
2377
473
-1178
-2863
-4695
-5945
-6152
-5577
-4776
-3679
-1674
738
2504
3859
5267
6257
6233
5469
4704
3840
2522
948
-115
-607
-1092
-1402
-1432
-1266
-1027
-1160
-1515
-1877
-2508
-3408
-4228
-5062
-5948
-6407
-7133
-7861
-7893
-8269
-8273
-6863
-5129
-2853
-324
1823
4992
8109
9968
11201
11638
11272
10263
8199
5439
2824
-232
-3370
-5390
-6872
-7941
-8330
-8300
-7347
-5678
-4287
-3089
-1893
-606
685
1633
2186
2636
3335
4110
4818
5554
6193
6729
7012
6961
6478
5392
3721
1592
-472
-2305
-4145
-5800
-6784
-6743
-5791
-4461
-3029
-985
1358
3230
4696
5771
6173
5858
5069
4124
3150
1816
415
-363
-687
-845
-914
-927
-770
-540
-722
-1164
-1837
-2798
-3807
-4802
-5715
-6599
-7339
-7936
-8225
-8174
-8272
-7920
-6097
-3683
-1345
936
3254
6505
9377
10566
11201
11392
10845
9390
6850
4255
1716
-1282
-4201
-5995
-7000
-7840
-8203
-8037
-6909
-5145
-3907
-3041
-1936
-641
701
1544
1913
2578
3585
4590
5288
5982
6768
7366
7396
6896
6251
5027
3055
653
-1520
-3153
-4898
-6575
-7281
-6759
-5468
-4166
-2562
-260
2099
3826
5034
5990
6264
5764
4783
3742
2744
1406
39
-690
-937
-1003
-1013
-1097
-911
-611
-744
-1328
-2076
-2928
-3907
-4763
-5944
-6804
-7346
-8087
-8367
-8624
-8683
-7476
-5302
-3021
-621
1919
5094
8452
10444
11363
12157
12116
10651
8452
5954
3374
225
-3180
-5401
-6572
-7677
-8513
-8398
-7429
-5984
-4631
-3640
-2571
-1303
-141
727
1248
1823
2691
3644
4520
5415
6465
7397
7807
7723
7451
6537
4827
2464
21
-2002
-4068
-6195
-7585
-7675
-6864
-5662
-4173
-1991
609
2636
4151
5483
6259
6109
5312
4340
3423
2150
641
-387
-852
-1033
-1210
-1286
-1167
-1040
-1117
-1581
-2264
-2917
-3951
-5070
-5899
-7027
-7731
-8290
-8933
-8801
-8934
-8019
-5231
-2687
-156
2409
5428
9251
11613
12265
12606
12523
11169
8726
5883
2776
-306
-3532
-6077
-7217
-8222
-8855
-8560
-7717
-5995
-4280
-3204
-2280
-1203
164
1197
1577
1770
2496
3738
4727
5574
6441
7470
8230
8164
7664
6695
5061
2644
-195
-2410
-4236
-6343
-8055
-8343
-7224
-5752
-4324
-2304
341
2726
4224
5304
5966
5859
5114
4017
2991
1864
543
-493
-941
-881
-912
-987
-998
-933
-941
-1460
-2240
-3332
-4316
-5177
-6231
-7208
-8139
-8656
-8814
-8839
-8714
-7494
-4758
-2057
278
2863
6108
9765
11465
11716
12423
12280
10712
8083
5305
2893
-200
-3503
-5672
-6675
-7614
-8295
-8045
-7196
-5629
-4098
-3285
-2300
-1087
194
1171
1490
1969
3015
4214
5096
5844
6911
7951
8425
8126
7453
6600
4912
2313
-398
-2394
-4143
-6324
-7840
-7865
-6711
-5534
-4348
-2134
530
2561
3916
5036
5755
5738
4965
3853
2939
1852
576
-369
-892
-919
-904
-1141
-1228
-1104
-1149
-1668
-2505
-3419
-4193
-4977
-5991
-6998
-7680
-8108
-8369
-8464
-8354
-7132
-4777
-2420
18
2678
5662
8896
10767
11370
12031
11951
10459
8029
5574
3220
319
-2921
-5112
-6035
-6976
-7702
-7587
-6762
-5387
-4155
-3269
-2288
-1186
-66
851
1455
2092
3079
4327
5358
6291
7360
8286
8769
8498
7728
6735
4973
2418
-284
-2478
-4307
-6257
-7705
-7751
-6711
-5561
-4215
-2112
328
2232
3481
4557
5256
5234
4549
3687
2909
1952
855
-26
-500
-697
-879
-1127
-1306
-1381
-1676
-2310
-3077
-3922
-4778
-5723
-6615
-7395
-8040
-8390
-8841
-8725
-8319
-7170
-4396
-1844
453
3216
6343
9770
11516
11851
12357
12111
10340
7663
5137
2463
-708
-3758
-5789
-6552
-7498
-8189
-7753
-6753
-5269
-3947
-3180
-2221
-1109
23
892
1375
2077
3120
4489
5651
6704
7910
8863
9385
9069
8319
7200
5158
2378
-477
-2654
-4572
-6716
-8083
-7896
-6677
-5486
-4052
-1843
561
2389
3518
4469
5106
4833
4030
3171
2460
1666
588
-177
-392
-419
-630
-970
-1130
-1358
-1832
-2586
-3512
-4447
-5399
-6245
-6973
-7794
-8428
-8632
-8734
-8654
-8222
-6572
-3927
-1765
663
3763
6987
9586
10733
11656
12485
11543
9186
6916
4856
2079
-1286
-4068
-5503
-6295
-7389
-7810
-7061
-6079
-4986
-3984
-3061
-1853
-973
-272
470
1158
2043
3023
4167
5295
6617
8053
9027
9304
8968
8458
7348
5112
2243
-237
-2235
-4538
-6620
-7334
-6828
-6071
-5132
-3226
-710
1217
2414
3514
4634
4940
4247
3324
2547
1818
902
-30
-442
-468
-533
-705
-714
-711
-1146
-1884
-2749
-3631
-4582
-5770
-6747
-7535
-8135
-8593
-8899
-9034
-8890
-7717
-5646
-3357
-769
2014
4966
7975
10023
11296
12015
11477
9942
7925
5628
2967
-126
-3213
-5093
-6030
-7066
-7631
-7230
-6322
-5178
-4028
-2986
-1958
-1192
-625
130
891
1426
2016
2986
4263
5687
6974
8056
8832
9049
8848
8030
6285
3923
1322
-999
-3153
-5194
-6528
-6849
-6284
-5161
-3526
-1396
719
2348
3711
4817
5252
4908
4045
3090
2201
1290
322
-385
-668
-693
-613
-587
-673
-869
-1301
-2074
-2975
-4007
-5089
-6091
-7024
-7714
-8289
-8495
-8713
-8779
-8117
-7004
-4786
-2205
108
2987
5864
8509
10482
11375
11733
11053
9237
7092
4761
1888
-1356
-3919
-5641
-6839
-7547
-7876
-7319
-6295
-5214
-3829
-2693
-1746
-940
-190
719
1415
2039
2735
3754
5089
6336
7412
8251
8837
8832
8204
7107
5319
2915
299
-1943
-3755
-5543
-6665
-6621
-5796
-4491
-2747
-591
1424
2988
4304
5249
5582
5089
4307
3495
2518
1552
626
16
-348
-500
-571
-699
-800
-1150
-1634
-2249
-3068
-4058
-5148
-6021
-6783
-7571
-8090
-8416
-8540
-8464
-8284
-7088
-4824
-2448
145
2729
5451
8485
10538
11488
11754
10988
9407
7348
4662
1655
-1307
-4118
-6027
-7109
-7867
-7944
-7404
-6658
-5331
-3822
-2743
-1939
-1260
-363
630
1318
1780
2552
3800
5087
6355
7503
8469
9044
8894
8324
7237
5314
2777
94
-2121
-3984
-5733
-6818
-6809
-5928
-4506
-2653
-548
1416
3045
4355
5280
5539
5146
4458
3564
2679
1863
999
307
-141
-296
-350
-524
-902
-1347
-1773
-2473
-3282
-4327
-5367
-6012
-6708
-7502
-8055
-8207
-8380
-8267
-7982
-6708
-4088
-2185
-95
3181
6252
8862
10323
10967
11857
11301
8913
6464
4156
1316
-1809
-4688
-6691
-7328
-8001
-8525
-7686
-6487
-5231
-4053
-3200
-2081
-1032
-336
225
926
1813
2818
4015
5098
6363
7804
8729
8911
8486
7896
6759
4535
1737
-725
-2565
-4478
-6386
-6987
-6343
-5294
-4064
-2299
28
2121
3464
4278
5195
5648
5033
4128
3319
2758
2038
976
387
304
91
-349
-715
-974
-1396
-2120
-2984
-3699
-4512
-5335
-6038
-6684
-7118
-7324
-7497
-7860
-7870
-7529
-6133
-4027
-2152
433
3506
6310
8808
10533
11703
12125
10844
8661
6613
4157
811
-2609
-5252
-6767
-7614
-8604
-8629
-7571
-6514
-5319
-4088
-2925
-1901
-1219
-608
222
1102
1891
2768
3998
5414
6951
8259
9007
9097
8675
7911
6299
3835
1034
-1572
-3657
-5530
-6936
-7192
-6566
-5491
-3900
-1627
599
2216
3448
4467
5341
5360
4682
3960
3299
2700
1963
1293
866
563
192
-213
-578
-1155
-2009
-2924
-3675
-4409
-5205
-5916
-6434
-6743
-7031
-7128
-7018
-7215
-7068
-6312
-4968
-2963
-1035
1400
4495
7096
9223
10679
11527
11760
10504
8082
5664
3255
74
-3221
-5658
-7148
-7888
-8594
-8559
-7402
-6225
-5186
-4078
-2976
-1885
-1054
-479
232
1244
2357
3509
4756
6096
7602
8820
9221
8935
8189
7094
5172
2417
-395
-2698
-4520
-6239
-7244
-6951
-5951
-4747
-3175
-988
1108
2584
3470
4103
4783
4784
4090
3436
3026
2728
2282
1704
1348
1179
677
-98
-729
-1441
-2486
-3530
-4511
-5128
-5632
-6281
-6655
-6789
-6874
-6773
-6962
-7227
-6790
-5783
-4081
-2120
-346
2498
6187
8764
10140
11221
12290
12399
10222
7057
4877
2524
-1143
-4533
-6484
-7309
-8035
-8834
-8338
-6630
-5419
-4912
-4145
-2923
-1656
-1070
-935
-55
1466
2905
4186
5520
7154
8839
9820
9788
9017
7945
6361
3779
630
-2070
-3972
-5688
-7271
-7624
-6478
-4994
-3908
-2387
-61
1942
2847
3034
3592
4296
4109
3270
2820
3066
3047
2463
1964
1982
1808
756
-468
-1229
-1978
-3203
-4492
-5230
-5473
-5766
-6238
-6323
-6183
-6172
-6156
-6435
-6393
-6042
-5655
-4299
-2602
-588
2482
5700
8237
9885
11032
12361
12664
10267
6911
4845
2594
-898
-4386
-6537
-7054
-7614
-8336
-7501
-5771
-4853
-4574
-3791
-2561
-1577
-1495
-1646
-591
1167
2604
3917
5438
7382
9199
10177
10240
9391
8025
6170
3580
513
-2342
-4367
-5951
-7160
-7223
-6014
-4560
-3448
-1911
171
1999
2737
2546
2859
3594
3556
2921
2636
3023
3316
2962
2500
2527
2225
786
-646
-1405
-2284
-3588
-5030
-5717
-5469
-5630
-6020
-5958
-5746
-5717
-6039
-6379
-6346
-6578
-6439
-4992
-2830
-249
2703
5823
8725
10843
12240
13160
12737
10012
6881
4569
1820
-1609
-4985
-6735
-6879
-7188
-7293
-6343
-4968
-4295
-3979
-3361
-2703
-2465
-2790
-2555
-1090
667
2256
3997
6199
8508
10232
11165
11009
9737
7851
5582
2881
-331
-3319
-5254
-6313
-6773
-6426
-5199
-3835
-2606
-1140
355
1496
1740
1481
1781
2518
2818
2679
2910
3607
4163
4008
3514
3125
2153
461
-1090
-2159
-3304
-4616
-5617
-5796
-5407
-5175
-5339
-5472
-5197
-5330
-5645
-6195
-6960
-7031
-6588
-5355
-3305
-626
2697
6283
9321
11090
12315
13210
12589
9844
6211
3583
1232
-2041
-5072
-6365
-6121
-6027
-6086
-5170
-3832
-3291
-3706
-3955
-3576
-3317
-3536
-3521
-2024
540
2790
4889
7173
9649
11402
11740
10997
9417
7220
4435
1359
-1593
-3864
-5152
-5940
-5995
-5132
-3742
-2553
-1828
-976
53
643
535
273
774
1765
2428
2859
3556
4558
4993
4460
3722
3008
1692
-405
-2198
-3158
-3880
-4737
-5346
-5070
-4311
-4024
-4287
-4629
-4676
-5301
-6362
-7308
-8006
-7987
-7908
-6846
-3945
-489
3059
6355
9297
11639
12638
12757
11853
9122
5375
2510
553
-1847
-4078
-5131
-4744
-3949
-3788
-3371
-2979
-3342
-4210
-5071
-5367
-5516
-5631
-5024
-2867
391
3323
5934
8462
10676
12010
11953
10796
8658
5848
3084
631
-1585
-3430
-4360
-4350
-3893
-3210
-2478
-1915
-1804
-1803
-1497
-1177
-1023
-897
-150
1444
3028
4095
4753
5375
5514
4697
3375
1954
360
-1557
-3033
-3537
-3514
-3616
-3856
-3455
-2756
-2874
-3633
-4525
-5510
-6693
-7890
-8925
-9151
-8893
-8697
-6575
-3288
-4
3733
6735
9288
11252
11481
11204
10413
7932
4397
2165
932
-419
-1864
-3097
-2605
-1820
-2480
-3125
-3701
-4620
-6023
-7300
-7498
-6937
-6126
-4801
-2110
1576
4883
7363
9124
10585
11217
10665
9245
6980
4645
2683
977
-322
-1352
-1988
-2116
-2139
-2281
-2371
-2569
-3221
-3593
-3247
-2444
-1479
-693
654
2720
4494
5343
5502
5427
4890
3620
2004
656
-445
-1710
-2568
-2464
-2002
-1900
-2263
-2539
-2574
-3273
-4621
-5970
-7059
-7750
-8648
-8993
-8727
-8079
-6844
-5064
-2240
797
3583
6153
8141
9645
10048
9702
9032
7520
5251
3197
2123
1106
-291
-1476
-2080
-2186
-2986
-4262
-5160
-5970
-6812
-7494
-7353
-6261
-4798
-2984
-643
2318
5155
7131
8402
9157
9618
9299
8162
6654
5085
3831
2583
1357
333
-584
-1337
-2135
-2819
-3419
-3889
-4243
-4284
-3568
-2339
-947
342
1716
3383
4710
5227
5093
4662
4008
3028
1819
850
218
-487
-1094
-1197
-1153
-1398
-2146
-2964
-3477
-4250
-5275
-6432
-7210
-7579
-8136
-8007
-7874
-7536
-6633
-5388
-3027
-354
1960
4480
7138
8966
9475
9631
9473
8638
6445
3718
2586
1806
103
-1637
-2480
-2371
-2915
-4301
-5331
-5698
-6230
-7266
-7539
-6574
-4961
-3363
-1659
1159
4178
6451
7816
8491
9278
9474
8588
7082
5701
4647
3447
2080
811
8
-780
-1921
-2894
-3503
-3886
-4358
-4662
-4084
-2682
-1211
-116
1153
2882
4292
4791
4610
4339
4000
3134
1976
1246
919
278
-439
-649
-648
-963
-1951
-3162
-3703
-4415
-5720
-6975
-7456
-7638
-7993
-7981
-7942
-7501
-6905
-6098
-3783
-909
1436
3920
6581
8679
9717
10022
9721
8851
6806
4207
2915
2056
504
-1171
-2144
-2170
-2612
-4007
-5347
-6146
-6874
-7808
-8106
-7269
-5720
-3984
-1933
949
3957
6301
7646
8309
9058
9302
8627
7264
5940
5068
4287
3080
1776
781
-275
-1689
-3025
-3990
-4677
-5298
-5581
-4812
-3130
-1460
-194
1149
2839
4159
4514
4166
3803
3505
2822
2042
1668
1583
1142
444
119
-61
-736
-2139
-3572
-4386
-5201
-6386
-7381
-7802
-7825
-7982
-7939
-7680
-7530
-7114
-5992
-3985
-1218
1306
3990
6784
8689
9773
10309
10064
8778
6559
4243
2964
2022
292
-1184
-1826
-2076
-2745
-4198
-5541
-6499
-7554
-8539
-8691
-7735
-6135
-4316
-1967
1072
4092
6270
7496
8164
8746
8995
8330
7163
6195
5595
4968
3897
2725
1580
145
-1631
-3246
-4288
-5187
-5902
-5959
-4868
-3076
-1519
-281
1047
2538
3525
3662
3425
3333
3135
2669
2443
2502
2437
1917
1177
640
68
-1094
-2752
-4087
-4964
-5728
-6594
-7162
-7300
-7401
-7655
-7959
-7742
-7566
-7370
-6416
-4637
-1869
1381
4301
7063
9082
10023
10448
10300
8864
6418
4048
2621
1952
865
-512
-1126
-1450
-2271
-3735
-5372
-6691
-8181
-9482
-9625
-8361
-6422
-4434
-2037
1044
4237
6365
7280
7735
8091
8262
7895
7114
6626
6394
5889
4980
3977
2617
697
-1625
-3586
-4729
-5594
-6268
-6126
-4919
-3090
-1447
-245
897
1952
2471
2567
2614
2791
2870
2826
3038
3532
3642
2948
2007
1079
55
-1354
-3012
-4393
-5094
-5757
-6584
-6957
-7092
-7494
-8169
-8673
-8867
-8736
-8573
-7354
-4270
-767
2441
5698
8334
10197
10976
10678
9643
7901
5604
3729
3036
2667
1880
957
358
-357
-1934
-4237
-6614
-8690
-10254
-11004
-10469
-8705
-6365
-3730
-803
2143
4454
5850
6308
6522
7060
7490
7673
7759
8019
8395
8107
6989
5193
2973
385
-2373
-4408
-5611
-6243
-6402
-5647
-4043
-2476
-1421
-905
-290
334
608
804
1357
2275
3167
3906
4662
5164
4865
3680
2323
1062
-309
-1875
-3407
-4217
-4659
-5247
-5842
-6438
-7163
-7977
-8887
-9690
-10201
-10287
-9396
-6992
-3737
-215
3352
6573
9197
10482
10392
9867
8995
7307
5305
4294
4378
4386
3540
2493
1841
493
-2080
-5199
-7823
-9514
-10847
-11451
-10475
-8147
-5530
-3233
-945
1407
3147
3876
4151
4936
6248
7432
8259
9087
10184
10599
9700
7852
5567
2994
-12
-2639
-4237
-4988
-5236
-5131
-4340
-3219
-2559
-2614
-2812
-2623
-2247
-1782
-950
497
2276
3756
4914
5685
5786
5002
3567
2132
937
-225
-1346
-2067
-2424
-2898
-3602
-4750
-5990
-7371
-9221
-10765
-11435
-11919
-11589
-9519
-7073
-3507
694
3887
6075
7777
8866
9118
8501
7545
6935
6397
6482
6810
6649
5912
4504
2566
264
-2505
-5443
-8239
-10011
-10296
-9920
-9007
-7334
-5595
-4085
-2631
-1379
-422
496
1649
3350
5747
7956
9700
10992
11577
11382
10295
8252
5588
3024
916
-548
-1643
-2343
-2717
-3039
-3209
-3598
-4284
-4983
-5422
-5305
-4493
-3120
-1439
382
2015
3384
4260
4437
4098
3372
2524
1978
1703
1503
1300
930
308
-670
-2058
-3791
-5622
-7591
-9360
-10356
-11092
-11463
-10963
-9512
-6794
-3947
-1760
534
2921
4926
5995
6279
6686
7483
7861
7771
7843
8288
8412
7471
5587
3845
2144
-131
-2806
-5169
-6451
-6968
-7578
-7903
-7606
-6882
-6206
-5786
-5167
-3978
-2506
-883
1300
3805
6158
7963
9087
9928
10275
9716
8521
7062
5769
4782
3809
2703
1638
576
-548
-1739
-3035
-4324
-5383
-5871
-5735
-5158
-4245
-3022
-1798
-767
-33
452
837
1021
1026
1115
1508
2062
2465
2613
2461
1942
1005
-207
-1623
-3108
-4792
-6270
-7298
-8075
-8593
-8889
-8362
-6916
-5258
-3693
-2234
-719
814
1887
2502
3300
4106
4776
5299
5862
6813
7502
7396
6717
5855
4929
3627
1829
104
-1179
-2160
-3059
-3762
-4254
-4624
-5036
-5451
-5494
-5212
-4743
-3926
-2577
-895
729
2097
3305
4419
5214
5508
5521
5536
5640
5785
5756
5618
5309
4725
3974
2933
1777
530
-655
-1438
-1884
-2131
-2239
-2184
-2062
-2093
-2400
-2757
-2981
-3072
-2977
-2773
-2344
-1685
-907
-259
85
71
-208
-685
-1130
-1515
-2025
-2508
-2998
-3355
-3511
-3763
-3955
-3721
-3137
-2501
-1967
-1417
-613
141
382
267
403
807
1372
1638
1942
2565
3275
3902
4123
4054
3748
3310
2686
2085
1521
987
558
253
34
-254
-681
-1118
-1396
-1625
-1758
-1834
-1653
-1161
-678
-298
-51
230
581
962
1199
1240
1404
1792
2302
2695
2918
3053
3180
3219
3121
2896
2663
2503
2380
2324
2237
1980
1585
1007
378
-301
-1044
-1775
-2290
-2538
-2626
-2631
-2637
-2711
-2884
-3152
-3513
-3944
-4243
-4396
-4455
-4397
-4388
-4209
-4109
-3970
-3697
-3172
-2383
-1693
-1031
-243
802
1513
1865
1625
1608
1805
2176
2462
2629
3012
3395
3920
4117
4102
3602
2907
2229
1679
1221
753
380
261
328
243
-57
-521
-850
-1082
-1229
-1303
-1401
-1322
-1077
-687
-303
-137
-103
38
246
365
468
655
1060
1517
2024
2533
2866
3087
3272
3428
3611
3610
3480
3445
3423
3224
2681
1960
1251
548
-220
-1010
-1673
-2146
-2427
-2715
-3005
-3437
-3962
-4429
-4860
-5251
-5620
-5821
-5771
-5566
-5257
-5003
-4892
-4577
-4027
-3166
-2301
-1516
-594
563
1672
2343
2407
2315
2499
2870
3306
3575
3902
4183
4559
4766
4805
4335
3405
2463
1760
1325
824
320
74
155
178
-130
-739
-1231
-1583
-1823
-1896
-1982
-1916
-1695
-1176
-572
-204
-155
-236
-167
-46
178
394
795
1381
2060
2829
3299
3473
3564
3746
3913
3894
3732
3642
3657
3536
3144
2447
1618
735
-167
-927
-1583
-2141
-2550
-2754
-2925
-3233
-3771
-4333
-4841
-5237
-5554
-5827
-5825
-5725
-5336
-4994
-4837
-4625
-4248
-3474
-2674
-1906
-1071
-29
1025
1863
2225
2294
2465
2757
3186
3619
3934
4107
4343
4535
4701
4469
3706
2840
2113
1701
1282
804
449
306
180
-79
-592
-1142
-1560
-1809
-1826
-1797
-1768
-1676
-1331
-877
-510
-467
-578
-604
-532
-164
244
656
1122
1804
2569
3056
3232
3269
3457
3664
3815
3823
3824
3803
3582
3246
2585
1697
687
-220
-891
-1425
-1939
-2356
-2584
-2777
-3106
-3685
-4373
-4973
-5389
-5611
-5707
-5782
-5712
-5401
-5087
-4851
-4692
-4350
-3650
-2795
-1864
-925
155
1178
1842
2084
2143
2299
2564
3037
3462
3966
4263
4386
4556
4710
4455
3666
2687
1972
1614
1312
940
670
541
367
-39
-568
-1040
-1484
-1754
-1761
-1649
-1548
-1383
-1098
-721
-495
-531
-685
-793
-646
-222
249
683
1065
1625
2283
2714
2842
2932
3135
3379
3684
3833
3914
3816
3540
3107
2445
1576
598
-200
-728
-1111
-1529
-1891
-2251
-2631
-3060
-3706
-4412
-5021
-5392
-5604
-5654
-5722
-5655
-5429
-5255
-5130
-4988
-4542
-3677
-2763
-1779
-717
381
1419
1995
2174
2316
2469
2680
3067
3585
4141
4379
4460
4602
4667
4234
3286
2329
1780
1545
1204
868
748
694
500
74
-412
-868
-1269
-1491
-1509
-1397
-1285
-1084
-797
-461
-348
-503
-734
-844
-594
-195
142
407
798
1417
1974
2276
2348
2509
2781
3110
3408
3578
3668
3575
3303
2903
2293
1499
712
128
-281
-648
-1079
-1504
-1929
-2366
-2906
-3599
-4291
-4789
-5058
-5195
-5411
-5618
-5656
-5519
-5421
-5371
-5191
-4751
-3864
-2885
-1816
-675
423
1301
1728
1910
2220
2461
2794
3277
3864
4496
4683
4780
4928
4843
4228
3177
2258
1843
1577
1272
1041
945
856
528
50
-404
-886
-1350
-1640
-1577
-1387
-1114
-844
-583
-321
-334
-466
-700
-723
-430
-127
183
449
883
1462
1856
2002
2034
2188
2480
2811
3089
3314
3370
3274
2968
2482
1913
1209
581
78
-221
-543
-900
-1278
-1740
-2210
-2853
-3493
-4069
-4475
-4739
-5033
-5272
-5424
-5444
-5437
-5552
-5602
-5357
-4643
-3667
-2727
-1685
-606
385
1009
1252
1504
1927
2284
2756
3372
4248
4825
5015
5201
5289
4970
4069
3080
2525
2318
2008
1646
1483
1435
1187
570
-87
-723
-1219
-1643
-1821
-1725
-1538
-1208
-985
-740
-648
-795
-947
-1081
-862
-429
-28
292
682
1263
1767
1949
1971
2073
2321
2711
2960
3141
3266
3261
3079
2635
2040
1314
658
116
-243
-533
-942
-1404
-1852
-2253
-2722
-3350
-3952
-4352
-4608
-4789
-5038
-5297
-5419
-5471
-5480
-5363
-5140
-4624
-3795
-2932
-1936
-978
-127
470
740
1050
1598
1945
2398
2936
3705
4412
4619
4807
4897
4729
4100
3299
2864
2689
2391
2077
1999
1921
1573
919
310
-209
-697
-1182
-1455
-1389
-1210
-1011
-908
-862
-929
-1106
-1245
-1322
-1177
-849
-541
-223
205
683
1101
1240
1345
1556
1925
2349
2665
2970
3192
3283
3173
2764
2207
1569
942
399
-77
-434
-862
-1350
-1863
-2406
-2932
-3585
-4208
-4609
-4816
-5016
-5334
-5602
-5617
-5690
-5725
-5669
-5265
-4533
-3644
-2688
-1839
-817
-39
602
949
1245
1702
1973
2492
3075
3902
4408
4492
4515
4598
4426
3738
3033
2615
2592
2366
2082
1939
1811
1497
804
179
-238
-583
-908
-1051
-987
-815
-678
-651
-641
-702
-860
-1062
-1145
-937
-522
-231
-73
171
413
683
724
728
962
1352
1904
2360
2760
3065
3181
3107
2773
2267
1763
1283
827
463
93
-337
-908
-1475
-2064
-2673
-3423
-4145
-4597
-4916
-5185
-5623
-5899
-6049
-6180
-6249
-6180
-5821
-5018
-4101
-3102
-2046
-949
44
662
1121
1628
2228
2584
3080
3632
4535
4993
4993
5059
5038
4740
3894
3140
2754
2583
2117
1701
1522
1352
956
172
-346
-689
-969
-1261
-1387
-1263
-974
-713
-618
-514
-508
-538
-645
-515
-145
227
424
523
712
902
969
768
673
772
1047
1448
1778
2133
2397
2540
2546
2244
1869
1474
1089
731
414
135
-236
-719
-1249
-1738
-2249
-2900
-3578
-4042
-4383
-4742
-5163
-5563
-5910
-6203
-6310
-6208
-5736
-5039
-4234
-3414
-2477
-1238
-278
390
724
1321
2123
2819
3466
4115
4919
5258
5405
5520
5566
5068
4258
3655
3426
3224
2559
1963
1561
1238
643
-172
-758
-1161
-1453
-1671
-1751
-1595
-1414
-1292
-1173
-1025
-877
-835
-649
-272
248
708
932
1137
1326
1458
1415
1201
1074
1148
1376
1689
1869
1973
2121
2176
2107
1765
1367
977
656
322
35
-306
-761
-1230
-1711
-2098
-2578
-3149
-3600
-3958
-4298
-4664
-5113
-5459
-5742
-6013
-6092
-5943
-5389
-4689
-3911
-3011
-1907
-1005
-318
164
773
1641
2155
2737
3443
4398
5023
5190
5328
5547
5402
4797
4206
3830
3754
3214
2553
2089
1743
1191
311
-365
-770
-1115
-1545
-1833
-1759
-1532
-1505
-1566
-1532
-1361
-1245
-1081
-672
-165
441
850
1152
1442
1621
1714
1608
1470
1474
1576
1787
1884
1934
2043
2049
1931
1645
1365
1138
840
485
156
-151
-580
-1102
-1650
-2062
-2480
-2984
-3423
-3760
-4029
-4362
-4810
-5311
-5680
-5946
-6103
-5979
-5603
-4922
-4253
-3475
-2408
-1428
-700
-355
241
1260
2104
2739
3360
4261
4997
5330
5493
5730
5588
5050
4497
4274
4304
3743
2976
2393
1995
1481
504
-326
-832
-1203
-1528
-1846
-1891
-1789
-1827
-1826
-1859
-1737
-1620
-1393
-876
-316
333
799
1157
1514
1827
1993
1903
1761
1740
1863
2026
2032
1910
1876
1808
1655
1336
985
758
498
236
-38
-344
-675
-1166
-1620
-2048
-2446
-2882
-3280
-3542
-3766
-4007
-4375
-4793
-5164
-5437
-5590
-5572
-5320
-4869
-4306
-3591
-2574
-1688
-1123
-744
-63
943
1815
2507
3147
4084
4850
5276
5625
5915
5814
5316
4870
4856
4907
4340
3549
2899
2528
1918
817
-94
-729
-1261
-1744
-2159
-2188
-2208
-2358
-2481
-2522
-2379
-2285
-1975
-1433
-726
-5
546
1077
1540
2009
2284
2349
2291
2341
2536
2664
2586
2365
2169
1935
1608
1144
739
413
49
-228
-492
-771
-1160
-1627
-2045
-2422
-2827
-3211
-3501
-3680
-3792
-3981
-4260
-4515
-4746
-4806
-4876
-4849
-4650
-4269
-3711
-3031
-2194
-1682
-1379
-1076
-234
753
1552
2114
2617
3511
4235
4804
5142
5353
5199
4859
4713
4901
4970
4420
3785
3307
3027
2384
1326
461
-188
-722
-1298
-1759
-1944
-2144
-2342
-2597
-2769
-2811
-2790
-2503
-2027
-1416
-855
-305
278
936
1519
1840
1983
2097
2401
2750
2930
2823
2621
2454
2273
1943
1362
859
423
44
-306
-662
-996
-1421
-1878
-2287
-2684
-3093
-3439
-3724
-3922
-4087
-4334
-4527
-4605
-4606
-4533
-4517
-4447
-4178
-3663
-3022
-2273
-1738
-1453
-1249
-797
232
974
1543
1951
2600
3452
4069
4512
4862
4938
4672
4501
4577
4909
4734
4192
3754
3494
3249
2461
1547
863
337
-248
-902
-1271
-1463
-1751
-2009
-2287
-2474
-2604
-2649
-2443
-2081
-1651
-1246
-819
-215
450
1011
1385
1592
1891
2319
2728
2892
2826
2741
2633
2506
2120
1625
1156
718
308
-102
-526
-970
-1418
-1815
-2152
-2557
-2971
-3377
-3753
-3954
-4119
-4335
-4564
-4674
-4661
-4569
-4421
-4198
-3831
-3384
-2785
-2078
-1504
-1213
-1134
-641
180
891
1422
1883
2561
3324
3857
4280
4664
4635
4422
4242
4405
4778
4560
4146
3797
3675
3466
2744
1969
1333
813
250
-381
-750
-1027
-1343
-1615
-1955
-2182
-2401
-2519
-2354
-2112
-1768
-1497
-1181
-646
-74
453
832
1096
1476
1977
2441
2678
2714
2727
2750
2659
2372
1975
1559
1109
656
205
-263
-771
-1285
-1688
-2014
-2445
-2864
-3260
-3585
-3823
-4095
-4405
-4684
-4843
-4777
-4558
-4305
-4000
-3650
-3122
-2368
-1632
-1176
-1063
-980
-389
514
1201
1666
2076
2692
3372
3830
4211
4442
4325
4095
4011
4383
4608
4282
3826
3614
3635
3318
2628
1952
1444
1033
504
-21
-306
-626
-966
-1275
-1583
-1792
-2032
-2075
-1985
-1875
-1725
-1585
-1333
-925
-501
-120
165
435
865
1418
1869
2097
2147
2266
2346
2304
2102
1770
1441
1067
722
306
-152
-646
-1177
-1528
-1888
-2289
-2675
-3075
-3401
-3695
-4015
-4366
-4713
-4915
-4871
-4681
-4363
-4040
-3717
-3169
-2382
-1652
-1264
-1192
-918
-200
612
1228
1657
2213
2810
3302
3731
4201
4315
4097
3872
3935
4375
4400
3983
3592
3449
3419
3004
2320
1783
1349
950
452
3
-280
-656
-975
-1300
-1525
-1749
-1926
-1891
-1788
-1617
-1480
-1390
-1187
-859
-521
-261
-130
84
538
1056
1455
1590
1682
1853
1948
1934
1739
1516
1236
909
630
261
-152
-694
-1166
-1519
-1887
-2221
-2544
-2830
-3127
-3424
-3718
-4052
-4389
-4600
-4610
-4539
-4320
-4055
-3649
-3106
-2399
-1757
-1416
-1238
-963
-246
459
1052
1469
1971
2619
3063
3471
3873
4063
3923
3780
3798
4199
4303
3966
3640
3465
3460
3110
2551
2020
1509
1062
607
264
-27
-384
-738
-1112
-1389
-1573
-1738
-1745
-1765
-1680
-1492
-1361
-1182
-982
-716
-451
-307
-83
243
668
1054
1210
1381
1519
1623
1687
1608
1483
1198
917
653
329
-10
-469
-903
-1313
-1690
-1997
-2317
-2631
-2963
-3255
-3512
-3771
-4069
-4169
-4228
-4149
-3976
-3756
-3409
-3041
-2389
-1745
-1322
-1167
-856
-218
546
1136
1460
1919
2318
2712
3051
3479
3764
3667
3488
3492
3853
4009
3783
3441
3269
3263
3041
2598
2158
1733
1314
926
528
261
-60
-401
-745
-1054
-1258
-1458
-1545
-1637
-1624
-1470
-1420
-1284
-1135
-862
-553
-409
-273
-24
330
672
859
992
1188
1350
1426
1422
1373
1219
984
732
433
117
-290
-726
-1119
-1472
-1757
-2071
-2407
-2779
-3144
-3339
-3541
-3762
-3934
-3997
-3950
-3869
-3699
-3374
-2997
-2536
-1960
-1400
-960
-695
-267
351
977
1377
1665
2063
2407
2784
3173
3506
3580
3382
3238
3424
3709
3672
3316
3082
3009
3019
2812
2362
1914
1450
1097
794
531
278
-3
-307
-541
-733
-990
-1182
-1385
-1471
-1403
-1333
-1266
-1188
-981
-705
-527
-481
-406
-215
108
394
513
683
840
1015
1136
1160
1084
917
727
538
364
66
-307
-732
-1077
-1302
-1643
-2023
-2443
-2795
-3005
-3167
-3429
-3656
-3801
-3819
-3667
-3470
-3228
-3008
-2677
-2150
-1556
-1097
-850
-540
-20
598
1053
1377
1679
2006
2433
2841
3296
3430
3222
3056
3091
3484
3566
3232
2884
2752
2899
2848
2491
2047
1597
1315
1100
897
707
378
48
-190
-382
-528
-826
-1087
-1250
-1297
-1197
-1197
-1189
-1071
-842
-640
-592
-586
-503
-234
21
168
248
355
529
705
807
802
724
589
517
439
291
5
-409
-714
-958
-1195
-1547
-1981
-2389
-2684
-2888
-3129
-3369
-3535
-3577
-3510
-3347
-3130
-2930
-2716
-2366
-1838
-1328
-1092
-935
-496
145
735
1017
1297
1744
2168
2589
2893
3124
3200
3022
2990
3199
3442
3307
2911
2732
2809
2932
2703
2270
1924
1667
1505
1215
940
700
428
193
-11
-220
-476
-783
-1055
-1184
-1204
-1179
-1256
-1240
-1062
-895
-732
-771
-750
-554
-333
-109
-38
63
259
446
602
655
616
573
535
494
452
265
-28
-343
-578
-812
-1119
-1550
-1999
-2340
-2628
-2875
-3152
-3336
-3405
-3417
-3279
-3143
-3017
-2923
-2661
-2106
-1558
-1200
-1052
-700
-79
533
955
1219
1582
1962
2377
2758
3062
3171
3053
2926
3043
3254
3162
2824
2501
2532
2731
2695
2356
1940
1700
1491
1253
983
780
632
445
271
94
-103
-362
-643
-850
-929
-986
-1138
-1168
-1050
-843
-736
-821
-889
-786
-553
-380
-319
-258
-68
116
286
404
383
386
340
342
362
272
56
-179
-346
-530
-798
-1179
-1581
-1961
-2304
-2598
-2880
-3108
-3271
-3308
-3206
-3142
-3136
-3093
-2925
-2508
-2016
-1559
-1238
-994
-494
95
630
1114
1387
1754
2148
2500
2907
3144
3180
3073
2969
3083
3140
2883
2552
2421
2508
2551
2267
1887
1585
1378
1177
958
749
543
370
211
122
24
-161
-409
-669
-778
-816
-906
-1002
-982
-860
-737
-758
-857
-828
-687
-526
-443
-417
-316
-178
-1
120
137
112
79
113
188
205
103
-61
-191
-317
-539
-850
-1253
-1649
-1919
-2193
-2425
-2672
-2888
-2985
-3041
-3085
-3140
-3169
-3116
-2853
-2372
-1817
-1401
-1183
-867
-306
329
828
1138
1425
1837
2280
2744
3131
3336
3323
3180
3133
3236
3186
2928
2651
2574
2660
2534
2123
1704
1458
1247
972
671
465
319
229
219
109
-38
-330
-556
-647
-670
-669
-777
-806
-763
-621
-529
-589
-694
-666
-532
-440
-361
-359
-251
-105
-18
-38
-105
-144
-170
-100
-59
-81
-160
-251
-312
-467
-671
-990
-1344
-1651
-1889
-2085
-2277
-2506
-2641
-2677
-2708
-2785
-2945
-2985
-2849
-2542
-2087
-1651
-1347
-1083
-675
-136
378
734
973
1322
1801
2280
2716
3073
3270
3242
3212
3225
3264
3111
2856
2735
2746
2745
2429
1963
1635
1398
1098
799
510
260
145
76
54
-63
-318
-575
-711
-772
-757
-780
-812
-736
-619
-462
-427
-545
-549
-470
-331
-241
-198
-106
24
140
141
63
-37
-118
-155
-130
-120
-210
-295
-365
-425
-589
-843
-1149
-1407
-1618
-1815
-1985
-2227
-2376
-2458
-2455
-2478
-2627
-2664
-2648
-2486
-2205
-1805
-1357
-1039
-759
-394
78
534
863
1092
1453
1856
2217
2638
2938
3158
3136
3089
3086
3103
3023
2789
2675
2617
2514
2190
1811
1526
1229
955
654
382
177
48
-5
-35
-189
-435
-630
-746
-751
-764
-767
-763
-740
-569
-464
-457
-504
-500
-411
-274
-203
-160
-61
39
119
76
-2
-116
-220
-224
-246
-284
-391
-449
-480
-571
-737
-1001
-1274
-1463
-1596
-1751
-1905
-2070
-2212
-2240
-2254
-2311
-2407
-2474
-2406
-2215
-1964
-1615
-1228
-887
-571
-285
116
543
803
1051
1362
1763
2142
2455
2754
2993
3034
2953
2891
2916
2875
2730
2652
2545
2360
2056
1693
1408
1136
845
531
260
70
-28
-73
-159
-355
-551
-664
-721
-754
-747
-686
-624
-561
-487
-403
-340
-342
-329
-279
-210
-143
-68
50
149
124
57
-67
-174
-252
-344
-384
-454
-537
-584
-658
-773
-927
-1128
-1289
-1443
-1626
-1746
-1860
-1975
-2061
-2113
-2150
-2176
-2233
-2264
-2178
-2020
-1795
-1460
-1061
-700
-482
-222
132
489
768
949
1236
1632
1974
2299
2581
2807
2877
2797
2763
2790
2779
2705
2537
2390
2217
1984
1699
1415
1147
842
517
234
66
-44
-140
-273
-501
-633
-748
-841
-847
-861
-801
-724
-677
-590
-487
-399
-343
-348
-292
-196
-148
-36
42
122
146
67
-22
-111
-188
-318
-436
-539
-618
-706
-791
-912
-1128
-1277
-1413
-1528
-1658
-1792
-1939
-1982
-2001
-2006
-1992
-2023
-2052
-2068
-1948
-1764
-1566
-1279
-959
-596
-326
-90
196
479
739
933
1147
1472
1798
2084
2368
2581
2615
2570
2490
2522
2612
2545
2356
2159
2039
1871
1641
1360
1098
792
494
265
58
-29
-156
-283
-446
-598
-718
-783
-804
-811
-754
-690
-626
-585
-485
-378
-373
-361
-332
-250
-149
-50
31
87
107
79
17
-71
-151
-274
-375
-456
-551
-609
-763
-921
-1083
-1220
-1346
-1476
-1592
-1670
-1736
-1833
-1899
-1979
-1980
-1968
-2002
-1973
-1863
-1646
-1433
-1178
-883
-555
-264
-57
205
477
736
926
1161
1489
1808
2075
2214
2374
2490
2500
2450
2452
2510
2460
2306
2111
1992
1837
1642
1373
1048
821
537
350
196
47
-94
-275
-416
-527
-597
-669
-717
-743
-699
-636
-607
-552
-495
-406
-378
-331
-304
-248
-135
-59
8
1
28
-14
-75
-141
-271
-327
-438
-504
-586
-728
-867
-987
-1097
-1231
-1362
-1484
-1552
-1635
-1659
-1696
-1803
-1862
-1889
-1818
-1777
-1693
-1581
-1439
-1228
-976
-686
-377
-107
124
397
644
831
1009
1244
1563
1830
2042
2197
2333
2399
2411
2452
2481
2469
2297
2123
2038
1942
1822
1577
1262
998
738
532
355
153
-15
-206
-331
-418
-525
-577
-648
-733
-741
-739
-692
-613
-542
-436
-365
-335
-310
-277
-170
-90
-55
-25
-18
2
-42
-89
-165
-294
-379
-489
-596
-718
-883
-1014
-1130
-1245
-1376
-1483
-1556
-1673
-1690
-1722
-1730
-1757
-1777
-1741
-1712
-1619
-1498
-1315
-1122
-917
-711
-431
-56
193
430
638
839
1032
1190
1388
1624
1816
1924
1986
2059
2141
2123
2133
2092
1934
1797
1620
1536
1442
1294
1093
814
616
398
198
16
-148
-288
-362
-407
-494
-501
-494
-485
-495
-474
-459
-384
-298
-213
-92
-2
59
56
89
134
102
102
64
37
16
-41
-134
-266
-437
-578
-697
-860
-1016
-1168
-1255
-1353
-1495
-1569
-1622
-1697
-1737
-1757
-1769
-1717
-1702
-1662
-1581
-1504
-1386
-1300
-1127
-916
-754
-573
-412
-108
262
597
818
963
1063
1189
1319
1487
1694
1772
1892
1939
2018
2110
2034
1890
1679
1604
1491
1359
1247
1148
1042
865
641
379
195
-11
-176
-296
-391
-448
-456
-418
-464
-468
-513
-522
-476
-419
-290
-177
-43
51
117
176
170
143
123
124
98
47
0
-56
-153
-278
-434
-620
-772
-926
-1095
-1173
-1303
-1424
-1523
-1597
-1637
-1693
-1729
-1747
-1708
-1637
-1580
-1502
-1419
-1321
-1232
-1078
-900
-704
-538
-390
-207
74
413
711
910
1012
1102
1196
1320
1484
1613
1733
1782
1823
1924
1971
1914
1770
1636
1563
1457
1325
1253
1163
1091
938
646
428
199
42
-85
-223
-305
-399
-432
-451
-480
-519
-567
-596
-540
-444
-347
-192
-99
-16
36
103
100
80
75
26
10
-18
-68
-143
-203
-260
-446
-619
-794
-934
-1051
-1173
-1307
-1421
-1509
-1582
-1607
-1633
-1608
-1631
-1579
-1497
-1454
-1337
-1308
-1187
-1043
-881
-669
-523
-369
-206
68
429
732
925
1009
1101
1200
1320
1440
1592
1659
1735
1778
1872
1986
1889
1748
1595
1559
1500
1395
1354
1248
1217
1082
836
612
399
252
109
-23
-128
-227
-310
-346
-407
-445
-517
-634
-610
-553
-414
-321
-242
-176
-98
-15
-28
-30
-52
-44
-27
-50
-97
-200
-244
-318
-427
-598
-783
-882
-951
-1055
-1185
-1323
-1443
-1503
-1552
-1547
-1565
-1586
-1515
-1450
-1354
-1302
-1240
-1123
-966
-767
-568
-400
-260
-91
143
480
807
983
1101
1167
1294
1404
1498
1635
1758
1825
1835
1862
1894
1858
1732
1629
1562
1450
1373
1243
1155
1090
996
815
591
403
255
160
39
-54
-168
-239
-289
-387
-409
-470
-522
-553
-513
-419
-337
-274
-224
-145
-81
-59
-84
-75
-76
-143
-153
-188
-249
-303
-343
-433
-547
-663
-779
-871
-960
-1020
-1112
-1147
-1215
-1294
-1331
-1388
-1378
-1362
-1271
-1208
-1128
-1043
-946
-794
-701
-564
-456
-317
-136
-9
268
576
829
1003
1084
1157
1260
1325
1433
1582
1662
1741
1768
1840
1871
1772
1684
1544
1446
1331
1244
1176
1103
1044
921
755
532
349
215
124
33
-87
-133
-208
-251
-294
-339
-403
-459
-465
-442
-362
-287
-226
-165
-84
-45
-110
-156
-203
-225
-241
-267
-292
-335
-398
-477
-570
-698
-786
-902
-966
-1028
-1106
-1127
-1154
-1156
-1187
-1227
-1244
-1232
-1181
-1100
-1027
-924
-800
-678
-537
-427
-349
-236
-120
38
237
504
743
920
1030
1113
1212
1253
1331
1451
1564
1678
1710
1753
1805
1780
1711
1601
1465
1346
1240
1181
1127
1053
941
741
586
445
259
142
9
-88
-139
-200
-242
-298
-364
-415
-491
-517
-499
-451
-345
-268
-214
-142
-105
-81
-117
-155
-181
-209
-201
-243
-275
-331
-413
-525
-641
-736
-868
-925
-974
-998
-1005
-1040
-1075
-1096
-1124
-1132
-1120
-1103
-1042
-973
-834
-699
-623
-485
-418
-312
-217
-136
-38
87
286
507
715
878
982
1053
1125
1182
1198
1273
1366
1451
1510
1566
1576
1548
1504
1392
1264
1154
1093
1025
967
902
768
677
539
368
224
97
-18
-95
-162
-217
-264
-330
-402
-487
-535
-552
-598
-528
-485
-417
-326
-278
-231
-243
-268
-289
-272
-282
-285
-285
-300
-359
-472
-547
-666
-766
-856
-901
-913
-937
-954
-983
-989
-1023
-1045
-1048
-1011
-958
-938
-857
-765
-635
-534
-433
-349
-255
-170
-77
27
130
273
386
531
679
775
881
927
952
994
1057
1129
1181
1224
1263
1277
1254
1233
1150
1089
1044
953
906
842
778
704
615
519
398
285
174
76
-17
-96
-148
-183
-227
-314
-350
-413
-447
-473
-474
-458
-413
-333
-284
-240
-206
-177
-178
-184
-195
-216
-194
-214
-244
-287
-348
-422
-518
-604
-679
-723
-760
-778
-796
-784
-808
-870
-879
-870
-860
-821
-788
-725
-623
-546
-429
-346
-263
-175
-101
7
103
184
317
432
547
670
739
796
830
860
900
930
973
1009
1021
1057
1068
1005
989
947
885
811
774
737
679
638
585
528
452
373
274
209
156
57
14
-27
-62
-99
-140
-179
-196
-217
-222
-235
-233
-185
-175
-107
-69
-92
-59
-68
-68
-82
-86
-84
-102
-126
-189
-232
-282
-345
-415
-443
-456
-466
-393
-340
-324
-349
-389
-441
-442
-415
-356
-294
-231
-128
-67
4
34
26
55
84
129
177
250
319
388
420
425
395
353
347
336
381
381
356
397
395
390
359
352
338
316
279
281
304
306
318
318
321
303
242
230
214
196
158
146
130
102
79
40
6
-35
-53
-88
-70
-61
-93
-55
-42
-13
-1
0
17
22
41
51
35
-2
-12
-43
-45
-86
-173
-195
-231
-269
-306
-324
-353
-391
-446
-484
-502
-525
-526
-547
-551
-514
-515
-470
-463
-422
-374
-322
-260
-231
-165
-107
-56
-23
-22
1
66
89
97
147
160
193
202
232
218
209
225
227
248
253
274
281
298
289
235
221
219
215
211
228
209
206
200
165
143
84
50
13
32
57
23
50
39
37
25
16
32
45
70
106
161
192
246
257
258
265
202
178
155
132
97
61
44
-5
-51
-111
-186
-250
-313
-367
-380
-413
-486
-513
-542
-535
-559
-582
-598
-580
-538
-480
-421
-386
-327
-307
-260
-228
-230
-157
-113
-63
-37
-35
-10
36
53
59
65
76
104
99
142
176
141
162
152
156
164
171
172
177
191
175
162
166
172
162
168
173
129
136
116
104
100
87
70
64
66
70
85
99
116
137
170
217
221
260
290
299
297
292
282
250
241
203
175
149
116
64
27
-30
-133
-162
-225
-281
-315
-348
-388
-432
-488
-520
-508
-516
-496
-491
-449
-407
-393
-351
-329
-319
-303
-255
-205
-169
-142
-119
-101
-94
-61
-66
-44
-6
-30
-10
-12
2
15
6
-10
-27
-49
-43
-40
-42
-49
-48
11
33
6
17
5
25
37
44
54
66
81
78
87
86
78
76
99
115
110
142
146
161
187
238
260
277
295
278
279
276
281
253
274
270
193
204
163
119
63
-3
-53
-89
-111
-156
-189
-241
-279
-334
-349
-359
-424
-427
-421
-395
-365
-343
-306
-291
-259
-249
-244
-226
-218
-226
-187
-147
-147
-115
-102
-88
-98
-109
-122
-113
-110
-126
-120
-107
-83
-88
-86
-111
-160
-135
-121
-110
-108
-92
-66
-29
-1
-4
6
12
29
31
75
112
94
122
140
146
142
152
184
219
257
272
295
303
315
313
313
306
271
304
287
276
271
256
242
219
195
142
105
60
32
14
-8
-6
-66
-97
-145
-189
-228
-249
-239
-226
-221
-205
-182
-156
-151
-165
-153
-170
-207
-179
-180
-159
-141
-147
-131
-135
-136
-154
-171
-160
-145
-150
-139
-138
-161
-166
-180
-197
-203
-169
-146
-125
-106
-97
-82
-77
-78
-59
-11
19
21
56
72
95
90
96
108
120
137
156
194
233
278
312
322
315
280
302
293
287
310
311
336
341
336
311
275
239
213
185
193
206
160
168
129
106
76
28
-9
-51
-57
-61
-45
-34
-46
-68
-76
-79
-125
-112
-116
-126
-138
-136
-124
-127
-134
-161
-167
-184
-172
-172
-158
-139
-171
-147
-170
-187
-193
-183
-159
-147
-136
-135
-137
-134
-114
-113
-97
-84
-95
-62
-49
-4
19
54
61
55
63
53
60
73
98
116
156
179
164
188
196
184
185
203
213
236
267
270
284
281
280
269
237
225
182
220
222
229
237
223
210
167
139
118
107
90
97
97
124
127
68
58
33
37
23
32
23
7
6
-14
-5
-17
-43
-81
-75
-73
-114
-119
-132
-129
-139
-161
-158
-170
-191
-203
-202
-214
-197
-194
-156
-131
-170
-151
-169
-162
-149
-130
-105
-96
-80
-54
-35
-40
-44
-63
-39
-28
-44
-4
15
47
45
40
48
53
85
106
132
140
149
153
163
174
118
113
101
105
88
104
123
113
106
81
94
91
113
106
112
127
85
111
105
79
57
49
61
60
51
44
43
28
27
0
-13
-10
-56
-46
-73
-85
-92
-108
-105
-127
-141
-161
-187
-187
-177
-177
-153
-132
-185
-167
-152
-152
-142
-158
-159
-149
-122
-95
-78
-78
-65
-84
-67
-49
-91
-65
-62
-49
-58
-72
-70
-84
-56
-23
-19
-19
-14
-2
37
54
27
46
51
50
29
28
21
16
18
15
31
36
34
34
60
88
67
64
45
39
51
64
68
70
59
50
57
53
72
87
114
122
72
78
61
60
38
22
8
-23
-45
-54
-47
-50
-68
-116
-109
-110
-147
-140
-126
-120
-133
-141
-145
-125
-115
-112
-87
-84
-72
-39
-10
16
-24
-16
-18
-21
-12
-6
-2
3
0
-6
0
-14
11
-15
15
35
-7
59
45
59
72
58
77
74
66
66
56
48
76
63
90
93
54
64
54
72
54
43
34
24
24
18
22
20
10
-19
6
38
27
36
33
50
50
49
46
42
50
54
51
39
33
19
33
39
-5
-15
-30
-37
-45
-42
-52
-54
-36
-45
-46
-56
-40
-43
-21
3
-17
13
34
41
23
15
29
35
55
59
53
59
63
47
65
70
35
53
68
95
82
58
53
57
72
67
77
79
78
78
89
87
63
88
77
75
44
36
48
44
34
0
-2
-6
-7
-22
-18
-29
-75
-49
-52
-44
-39
-9
3
-16
-11
-13
18
7
35
29
40
73
21
34
20
10
-7
-6
-19
-22
-17
-32
-43
-48
-47
-71
-33
-17
-44
-28
-36
-11
4
12
61
75
86
77
90
103
113
119
145
159
139
170
166
161
150
145
123
88
78
84
106
97
76
57
62
79
48
69
65
59
44
27
18
17
29
35
35
19
22
0
19
34
-4
4
-25
-24
-26
-46
-63
-88
-89
-83
-66
-68
-70
-82
-61
-58
-86
-69
-69
-50
-54
-50
-44
-44
-54
-60
-62
-48
-33
-46
-7
8
-42
-19
-16
-6
-10
-8
-2
-11
-8
-7
9
16
38
51
61
90
69
81
89
87
78
71
72
70
77
72
76
79
85
66
86
84
26
47
41
55
66
61
59
67
64
37
36
