38
9
26
17
29
16
22
23
21
22
28
26
25
20
15
27
29
-13
-1
-1
-9
-13
-20
-16
-8
-14
-14
-1
3
18
3
33
58
28
26
22
8
4
8
6
-2
2
10
14
10
9
-19
-20
13
-11
8
-17
-14
1
-12
-3
-4
2
-20
-6
-8
-1
-2
18
35
4
17
-10
-3
5
12
-9
-25
-16
-18
0
-7
-9
-27
-5
-8
-61
-44
-45
-39
-15
6
-6
-4
9
17
26
13
5
8
37
61
30
27
15
11
11
-1
1
-5
-8
-10
-10
-15
-17
-30
-22
-7
-27
8
-3
-10
9
18
12
6
24
31
23
6
6
2
13
18
-22
-5
-14
-1
30
32
30
21
15
28
40
21
37
21
43
63
30
39
40
57
45
47
49
33
22
24
42
43
47
33
44
62
27
33
32
33
30
14
18
18
10
7
8
0
4
0
22
30
-14
21
30
37
19
0
10
21
41
50
63
52
60
50
51
67
30
44
30
41
71
82
85
91
100
102
111
113
116
93
106
112
80
93
101
90
92
91
81
113
141
139
98
75
144
166
148
96
55
101
86
67
45
53
53
31
26
46
65
51
42
30
40
36
0
34
41
19
3
34
60
53
45
47
67
63
75
61
62
82
48
98
156
216
214
204
287
335
310
289
268
223
173
116
101
80
-5
-17
-47
-38
-6
0
13
54
75
64
80
79
118
94
86
97
59
67
67
78
60
64
87
81
79
93
95
63
49
20
20
28
-37
-38
-42
-16
-4
8
49
95
120
95
67
55
74
39
1
-10
-65
-92
-109
-107
-127
-122
-108
-94
-102
-101
-53
-47
-38
-38
-8
6
-28
23
47
66
72
83
105
139
146
113
126
118
108
78
70
54
-15
-2
-11
-16
-15
12
24
11
19
23
40
39
49
46
43
42
-9
-1
-20
-20
-25
-33
-30
-64
-68
-81
-79
-85
-80
-97
-93
-74
-112
-119
-140
-142
-141
-139
-150
-139
-121
-116
-119
-118
-81
-78
-57
-60
-94
-57
-58
-35
-33
-43
-36
-42
-34
-44
-52
-56
-43
-50
-23
-20
-53
-43
-36
-12
9
28
34
28
34
43
46
36
16
6
20
39
-3
3
-16
-9
-5
2
-10
-12
-2
-17
-9
-19
-1
-8
9
2
-85
-100
-98
-108
-127
-118
-111
-122
-113
-104
-96
-89
-77
-93
-65
-67
-100
-70
-77
-67
-83
-114
-129
-140
-143
-147
-154
-162
-160
-147
-109
-86
-134
-112
-70
-55
-51
-40
-10
-6
-6
16
23
23
31
17
19
22
12
51
66
81
70
58
61
62
87
80
53
55
53
65
83
85
39
35
28
43
48
30
23
5
-3
-32
-33
-37
-24
-25
-29
-7
-22
2
-3
-11
-32
-55
-42
-37
-62
-100
-100
-108
-139
-185
-187
-199
-249
-234
-243
-263
-265
-231
-219
-248
-237
-213
-193
-186
-158
-161
-152
-132
-152
-132
-154
-148
-165
-166
-126
-101
-105
-98
-28
-6
7
28
89
150
148
187
216
246
282
308
302
292
305
314
301
281
300
294
285
260
225
267
216
190
198
187
176
202
210
193
205
224
244
236
265
271
225
230
208
202
189
147
100
46
13
-17
-66
-145
-207
-291
-357
-438
-570
-636
-744
-830
-896
-1000
-1087
-1177
-1282
-1370
-1441
-1493
-1545
-1626
-1569
-1459
-1449
-1418
-1215
-624
240
1082
1578
1786
2254
3031
3515
3246
2609
2119
1695
1045
185
-495
-976
-1404
-1864
-2088
-1796
-1317
-1116
-1116
-863
-353
31
164
356
667
827
901
1071
1480
1938
2154
2151
2188
2337
2412
2160
1635
1115
599
61
-462
-885
-1073
-1203
-1257
-1123
-752
-200
302
606
784
1021
1230
1215
948
622
293
-162
-605
-910
-1042
-1140
-1326
-1530
-1572
-1460
-1427
-1597
-1859
-2067
-2285
-2554
-2862
-3105
-3105
-2972
-2578
-1650
-135
1340
2124
2708
3821
5151
5623
4951
3928
3237
2564
1318
-251
-1452
-2056
-2674
-3437
-3660
-3038
-2234
-1944
-1839
-1320
-503
-37
18
108
289
388
287
441
1016
1662
2005
2230
2757
3394
3700
3499
3086
2542
1837
973
-31
-881
-1553
-2037
-2404
-2487
-2035
-1264
-595
-73
518
1175
1710
1918
1841
1583
1271
943
496
123
3
-17
-181
-328
-269
-72
-49
-324
-667
-1034
-1445
-1984
-2634
-3209
-3664
-4029
-4366
-4559
-4427
-4006
-3506
-2884
-1951
-601
1070
2627
3618
4082
4707
5591
5808
5054
3857
2868
2013
873
-428
-1523
-2165
-2638
-3181
-3479
-3177
-2606
-2356
-2350
-2129
-1526
-993
-744
-522
-110
378
825
1327
1949
2672
3236
3559
3801
3996
4004
3505
2722
1908
1013
37
-929
-1759
-2291
-2520
-2522
-2333
-1883
-1072
-248
334
855
1363
1808
1976
1869
1638
1411
1195
912
642
474
475
443
318
203
105
-1
-359
-849
-1324
-1797
-2353
-2913
-3393
-3792
-4073
-4301
-4501
-4528
-4220
-3712
-3244
-2753
-2000
-782
748
2312
3470
4058
4630
5516
6082
5737
4744
3670
2722
1607
210
-1116
-2171
-2900
-3604
-4192
-4193
-3673
-3147
-2939
-2696
-2010
-1116
-486
-48
417
884
1367
1825
2334
2832
3181
3354
3487
3674
3731
3348
2581
1872
1175
349
-536
-1434
-2098
-2450
-2532
-2422
-2083
-1430
-618
98
715
1361
1922
2290
2329
2168
1965
1725
1504
1153
814
589
519
400
194
68
-21
-239
-669
-1090
-1497
-1947
-2421
-2924
-3334
-3657
-3869
-4063
-4172
-4197
-4101
-3826
-3385
-2844
-2280
-1591
-611
850
2422
3575
4128
4474
5260
5960
5754
4712
3464
2556
1602
230
-1222
-2288
-2931
-3511
-4111
-4219
-3579
-2902
-2606
-2383
-1716
-765
-81
257
609
1064
1403
1719
2079
2524
2886
2874
2844
3028
3277
3103
2321
1584
1123
520
-257
-992
-1596
-1916
-1992
-1846
-1554
-994
-182
425
855
1416
2006
2308
2305
2085
1821
1609
1354
1067
755
531
408
263
130
44
10
-210
-637
-1029
-1293
-1679
-2191
-2653
-3102
-3503
-3815
-4062
-4305
-4462
-4449
-4400
-4159
-3607
-2928
-2296
-1633
-484
1258
3078
4178
4472
4949
6133
6857
6166
4688
3432
2643
1465
-312
-1937
-2841
-3396
-4202
-4880
-4681
-3747
-3056
-2926
-2609
-1627
-482
34
203
598
1088
1380
1613
2009
2509
2812
2784
2880
3247
3561
3274
2408
1737
1293
707
-147
-1014
-1618
-1892
-1910
-1800
-1489
-835
32
669
1115
1734
2368
2690
2535
2183
1953
1795
1502
1063
687
517
501
413
301
293
326
111
-392
-726
-999
-1446
-2085
-2693
-3165
-3546
-3879
-4264
-4526
-4542
-4421
-4403
-4342
-3961
-3277
-2464
-1882
-1180
183
2047
3814
4693
4825
5517
6769
7092
6003
4371
3312
2492
996
-898
-2452
-3248
-3812
-4664
-5200
-4705
-3661
-3130
-3052
-2519
-1332
-320
28
208
667
1166
1465
1751
2187
2745
3073
3157
3331
3673
3895
3510
2660
1914
1344
618
-372
-1295
-1868
-1996
-1952
-1804
-1346
-504
441
1101
1588
2173
2782
3035
2810
2355
2051
1873
1485
994
639
550
503
337
221
209
97
-236
-687
-1098
-1474
-1966
-2614
-3204
-3707
-4107
-4428
-4606
-4641
-4646
-4632
-4534
-4323
-3786
-2904
-2076
-1493
-708
935
3157
4766
5078
5091
6191
7389
7073
5426
3798
2960
1975
93
-2010
-3191
-3570
-4309
-5391
-5565
-4485
-3452
-3293
-3285
-2394
-983
-161
7
333
1014
1518
1802
2143
2718
3284
3384
3361
3670
4103
4013
3245
2402
1797
1165
350
-625
-1507
-1847
-1753
-1684
-1507
-893
75
886
1404
1919
2533
3009
3047
2653
2188
1962
1743
1302
750
374
412
389
166
45
40
-99
-464
-837
-1179
-1621
-2141
-2701
-3307
-3734
-4057
-4428
-4709
-4827
-4805
-4829
-4899
-4794
-4227
-3281
-2323
-1596
-804
972
3455
5204
5508
5491
6659
7791
7274
5516
3836
2850
1685
-391
-2566
-3731
-4073
-4752
-5840
-5927
-4689
-3536
-3316
-3241
-2246
-856
-76
103
429
1100
1604
1850
2133
2698
3326
3540
3508
3735
4136
4029
3270
2426
1751
1049
229
-759
-1664
-2024
-1861
-1682
-1540
-884
155
1023
1615
2061
2593
3023
3074
2687
2149
1859
1659
1197
572
212
245
293
77
-156
-153
-265
-601
-1007
-1471
-1998
-2498
-3064
-3696
-4192
-4531
-4866
-5115
-5055
-4949
-4966
-4895
-4566
-3840
-2972
-2032
-1167
-178
1683
3974
5440
5566
5725
6996
7820
6941
5049
3450
2518
1251
-869
-2961
-4042
-4318
-5033
-6034
-5897
-4538
-3440
-3408
-3209
-1938
-529
103
128
513
1275
1840
2144
2387
2942
3565
3687
3624
3941
4372
4157
3180
2225
1676
1086
211
-883
-1769
-2011
-1751
-1511
-1309
-642
429
1309
1773
2249
2864
3185
3044
2513
2047
1847
1624
1111
479
175
292
341
73
-90
-103
-260
-667
-1110
-1453
-1942
-2531
-3127
-3653
-4017
-4294
-4556
-4762
-4834
-4861
-4944
-5035
-4857
-4356
-3643
-2589
-1616
-404
1786
4234
5569
5837
6588
8084
8560
7261
5246
3784
2838
1160
-1414
-3545
-4376
-4690
-5647
-6458
-5827
-4288
-3497
-3587
-3008
-1432
-214
-23
-70
460
1264
1773
1934
2280
3070
3750
3870
3981
4491
4836
4392
3369
2511
1857
1118
76
-1172
-1976
-2062
-1743
-1566
-1284
-391
788
1609
2089
2624
3180
3396
3058
2498
2067
1835
1522
870
320
277
501
433
171
131
187
-50
-513
-928
-1364
-1880
-2498
-3116
-3584
-3958
-4377
-4887
-5180
-5159
-5066
-5311
-5762
-5719
-4919
-3610
-2479
-1602
86
2886
5414
6155
6374
7918
9432
8849
6616
4670
3845
2685
11
-2982
-4493
-4587
-5147
-6554
-6877
-5405
-3904
-3818
-3895
-2595
-814
-259
-654
-418
638
1488
1677
1789
2551
3613
4137
4151
4447
5068
5088
4145
3020
2239
1579
577
-843
-1995
-2343
-2025
-1762
-1666
-1025
190
1352
1940
2318
2906
3346
3202
2564
2023
1813
1567
989
372
232
466
607
373
172
235
154
-280
-807
-1259
-1724
-2354
-3019
-3495
-3887
-4207
-4586
-4991
-5217
-5481
-5800
-6181
-6320
-6052
-5431
-4325
-2724
-497
2051
4173
5553
7006
9097
10294
9475
7692
6206
5086
3226
324
-2384
-4041
-5013
-6139
-7127
-6846
-5627
-4792
-4623
-4072
-2431
-987
-740
-977
-554
326
832
1059
1518
2332
3190
3700
4197
5045
5717
5545
4624
3739
3106
2191
806
-804
-1947
-2377
-2511
-2508
-2112
-1194
-161
779
1594
2385
3193
3463
3043
2500
2260
2055
1473
741
348
386
551
489
401
597
679
298
-205
-611
-1018
-1661
-2553
-3335
-3716
-4021
-4601
-5184
-5479
-5613
-5886
-6374
-6703
-6610
-6289
-5643
-4401
-2582
-49
2548
4638
6085
7674
9846
10768
9692
7885
6408
5073
2875
-74
-2737
-4404
-5430
-6559
-7372
-6961
-5715
-4916
-4761
-4008
-2298
-990
-813
-1055
-661
225
710
1003
1482
2354
3344
3941
4515
5364
6040
5779
4724
3755
3098
2133
504
-1179
-2230
-2560
-2571
-2483
-1999
-949
254
1242
1987
2794
3605
3719
3171
2576
2251
1978
1325
562
170
251
434
391
354
514
590
211
-286
-624
-1009
-1640
-2621
-3352
-3659
-4004
-4511
-4975
-5363
-5683
-5961
-6486
-7065
-7129
-6456
-5288
-3910
-2082
458
3343
5647
7109
8741
10582
10937
9572
7641
6079
4578
2042
-1203
-3752
-4907
-5649
-6832
-7429
-6633
-5274
-4622
-4387
-3403
-1815
-959
-1207
-1357
-617
243
518
737
1482
2706
3752
4290
5019
5953
6339
5666
4537
3681
2782
1402
-389
-1884
-2624
-2679
-2539
-2369
-1569
-244
1052
1967
2695
3523
3987
3687
3002
2383
1923
1354
564
-93
-247
1
211
201
347
665
667
228
-220
-608
-1166
-1993
-2921
-3529
-3950
-4358
-4899
-5515
-5857
-6085
-6521
-7306
-7772
-7096
-5655
-4182
-2370
-49
2661
5430
7399
9117
10691
10973
10001
8273
6579
4885
2341
-822
-3541
-5088
-5937
-6813
-7380
-6935
-5870
-5046
-4366
-3366
-2120
-1351
-1387
-1422
-746
16
380
665
1285
2453
3611
4482
5299
6007
6234
5704
4828
3883
2680
1135
-568
-2029
-2847
-3007
-2825
-2471
-1656
-340
1034
2195
3065
3693
3994
3774
3224
2541
1883
1206
429
-221
-394
-139
120
184
268
519
585
240
-231
-827
-1505
-2284
-3136
-3822
-4291
-4700
-5241
-5717
-5979
-6200
-6628
-7199
-7380
-6823
-5516
-3413
-883
1356
3497
5667
8210
10761
11520
10487
9042
7877
6447
3881
641
-2156
-4149
-5816
-7220
-7721
-7106
-6264
-5967
-5496
-3969
-2076
-1131
-1295
-1438
-636
211
344
531
1126
2093
2954
3587
4639
5882
6381
5731
4646
4003
3387
1812
-308
-2069
-2962
-3193
-3328
-3099
-2147
-739
634
1855
3083
4254
4884
4610
3909
3377
2892
2015
830
-26
-367
-328
-232
-156
50
365
406
107
-191
-498
-1072
-2028
-2963
-3550
-3973
-4448
-5029
-5433
-5604
-5831
-6219
-6651
-7031
-6797
-5710
-4339
-2279
365
2709
4755
6758
9318
11406
11297
9875
8527
7320
5457
2369
-907
-3253
-4917
-6476
-7802
-7879
-6842
-6034
-5812
-5019
-2966
-1204
-792
-1006
-687
349
936
869
1056
1810
2812
3473
3999
5044
6052
5991
4944
3954
3396
2332
444
-1562
-2916
-3408
-3508
-3339
-2777
-1558
55
1418
2642
3908
4994
5167
4557
3927
3424
2721
1621
418
-344
-517
-450
-455
-458
-267
-85
-238
-601
-961
-1358
-2185
-3256
-3996
-4405
-4755
-5300
-5814
-6179
-6193
-6295
-7007
-7411
-6832
-4916
-2263
-130
1544
3547
6414
9522
11427
11380
10325
9562
8557
6335
3273
453
-1978
-4486
-6778
-7868
-7656
-7110
-7130
-7178
-5822
-3435
-1739
-1395
-1327
-472
641
1120
1172
1656
2486
3047
3369
4065
5294
6283
6098
4946
4035
3587
2660
630
-1754
-3188
-3806
-4247
-4460
-3903
-2577
-1076
328
1770
3463
4989
5506
5033
4536
4381
3898
2749
1380
532
191
-78
-439
-556
-413
-481
-827
-1224
-1477
-1828
-2670
-3731
-4422
-4668
-5034
-5696
-6224
-6400
-6527
-7020
-7599
-7646
-6648
-4679
-2376
79
2452
4696
7336
10101
12049
12206
10904
9691
8449
6317
3210
-87
-2685
-4852
-6799
-8064
-8154
-7488
-7162
-6995
-6019
-3950
-2101
-1571
-1540
-789
489
1405
1642
2038
3017
3939
4561
5061
5891
6737
6470
5210
3918
3105
1951
-156
-2554
-4178
-4715
-4961
-5078
-4582
-3218
-1407
157
1603
3240
4762
5438
5153
4702
4479
4052
3083
1860
1060
841
677
356
36
-85
-175
-608
-1246
-1896
-2504
-3340
-4417
-5250
-5756
-6037
-6503
-6961
-7197
-7511
-7633
-7931
-7777
-6283
-4134
-1198
1698
3599
6019
9146
12088
13503
12519
11079
10096
8567
5746
2013
-1020
-3283
-5561
-7771
-8769
-8134
-7436
-7495
-7421
-5913
-3373
-2106
-2189
-1840
-612
910
1601
1792
2798
4203
5183
5641
6303
7489
8003
6978
5144
3919
3062
1360
-1356
-3940
-5055
-5347
-5664
-5699
-4878
-3069
-1218
175
1720
3544
4881
5091
4545
4281
4330
3824
2645
1562
1235
1320
1161
711
496
471
134
-538
-1337
-2087
-2959
-4231
-5473
-6220
-6590
-7058
-7799
-8548
-8805
-8947
-9210
-8535
-6310
-3321
-474
1957
4466
7870
11354
13417
13615
12564
11657
10568
8177
4842
1609
-1089
-3575
-5919
-7374
-7555
-7316
-7388
-7524
-6795
-4947
-3427
-3180
-3265
-2461
-1039
150
862
1690
3089
4569
5788
6831
7974
8883
8664
7263
5631
4460
2933
352
-2563
-4597
-5461
-5855
-5999
-5596
-4449
-2700
-930
543
2062
3558
4205
4005
3702
3666
3479
2709
1725
1223
1293
1477
1440
1223
1063
896
452
-254
-1065
-1969
-3166
-4533
-5629
-6302
-6906
-7707
-8530
-9127
-9587
-9755
-9457
-8083
-5091
-1703
971
3204
6006
10043
13285
13852
12647
11624
11086
9317
5952
2429
-65
-2067
-4556
-6586
-6878
-6049
-5916
-6760
-6666
-4838
-3107
-2973
-3765
-3557
-2032
-810
-267
516
2079
3962
5240
6279
7723
9235
9440
7932
6173
5064
3882
1437
-1868
-4210
-5094
-5458
-5815
-5650
-4485
-2720
-1125
165
1661
3253
3927
3465
2875
2817
2752
1985
935
428
612
983
990
1010
1152
1131
714
-66
-787
-1467
-2572
-4082
-5161
-5678
-6128
-7065
-8169
-8813
-9206
-9441
-9496
-8264
-5520
-2458
342
2556
5383
9303
12298
13199
12341
11311
10636
8838
5667
2291
-307
-2345
-4593
-6329
-6601
-5813
-5416
-5835
-5526
-3960
-2330
-2055
-2866
-2778
-1698
-760
-271
268
1658
3487
4835
5969
7353
8725
9020
7762
6107
4899
3528
1097
-1983
-4269
-5272
-5504
-5577
-5275
-4057
-2190
-424
930
2355
3734
4202
3668
2910
2597
2307
1421
191
-416
-124
304
415
382
522
729
443
-382
-1164
-1908
-3057
-4492
-5718
-6308
-6586
-7375
-8510
-9401
-9587
-9104
-8160
-6192
-3343
-339
2522
5018
7936
11195
13107
12712
11024
9922
8831
6355
2779
-561
-2691
-4310
-5952
-6872
-6581
-5665
-5286
-5193
-4252
-2526
-1419
-1710
-2223
-1581
-350
464
948
1849
3457
5106
6443
7592
8613
9164
8346
6603
4906
3293
1148
-1817
-4571
-6118
-6482
-6240
-5761
-4707
-2761
-524
1263
2733
4070
4927
4828
4023
3218
2721
2028
841
-210
-464
-151
67
15
-55
112
151
-519
-1470
-2298
-3134
-4381
-5725
-6576
-7031
-7495
-8276
-9181
-9503
-9078
-7810
-4989
-1770
718
2757
4934
8696
12419
13123
11651
10166
9636
8526
5329
1647
-782
-2618
-4955
-6798
-6817
-5696
-5293
-6157
-6175
-4024
-1838
-1543
-2565
-2690
-1031
374
754
1354
2754
4630
5992
6953
8364
9865
9957
8239
6149
4754
3576
1072
-2688
-5493
-6451
-6544
-6664
-6539
-5331
-3098
-1054
466
2118
3948
4896
4467
3759
3703
3770
2901
1460
599
650
956
680
209
32
-51
-429
-1291
-2188
-2944
-4035
-5506
-6570
-6942
-7230
-7961
-8922
-9402
-9371
-9092
-8064
-5714
-2824
286
3075
5406
8653
12031
13701
13239
11662
10608
9386
6641
2891
-361
-2671
-4704
-6650
-7775
-7560
-6768
-6711
-6791
-5640
-3697
-2437
-2659
-2859
-1621
-71
933
1681
2870
4776
6590
7836
9021
10294
10733
9665
7548
5595
3940
1444
-1898
-4887
-6659
-7238
-7240
-7000
-6097
-4214
-2036
-261
1287
2901
4025
4147
3693
3403
3339
2827
1853
1046
957
1247
1214
784
417
270
-102
-1076
-2297
-3268
-4366
-5808
-7134
-7954
-8536
-9286
-10199
-10926
-10729
-9487
-7122
-4020
-859
2359
5190
8252
11838
14190
14284
12623
11022
9819
7530
4024
472
-2217
-4283
-6109
-7148
-7088
-6456
-6261
-6507
-5805
-4097
-2985
-3225
-3869
-3271
-1761
-529
503
1914
3982
6173
8003
9642
11207
11946
11088
9108
6997
5083
2546
-963
-4341
-6572
-7559
-7659
-7352
-6709
-5126
-2821
-748
833
2317
3508
3768
3416
3044
2917
2716
1950
1048
836
1260
1490
1222
741
521
400
-361
-1506
-2545
-3512
-4797
-6205
-7235
-8029
-8887
-10063
-11121
-11170
-10348
-8508
-5679
-2405
1268
4368
7153
10543
13429
14863
13761
11326
9833
8193
5192
1319
-1928
-3973
-5480
-6575
-7010
-6377
-5535
-5558
-5436
-4408
-2975
-2413
-3228
-3612
-2653
-1253
-2
994
2590
4808
6822
8654
10212
11338
11398
10075
7979
5847
3837
1075
-2330
-5152
-6777
-7090
-6668
-6222
-5443
-3694
-1482
212
1397
2511
3201
3145
2712
2494
2548
2359
1635
990
1186
1659
1511
914
344
56
-364
-1390
-2594
-3396
-4260
-5577
-6662
-7296
-7771
-8630
-10150
-11014
-10653
-9338
-7159
-4496
-995
2617
5206
8392
12318
14797
14544
12575
11121
9962
7492
3530
-339
-2796
-4809
-6607
-7513
-7268
-6378
-6290
-6479
-5392
-3570
-2583
-3059
-3580
-2786
-1444
-304
824
2228
4079
6126
8099
9817
11171
11517
10491
8769
6762
4604
1993
-1200
-4187
-6306
-6981
-6568
-6131
-5700
-4352
-2148
-361
803
1817
2543
2728
2406
2066
2160
2247
1691
941
976
1681
1890
1283
443
74
-281
-1397
-2781
-3880
-4791
-5933
-7098
-7684
-8122
-8829
-9885
-10622
-10265
-9057
-7041
-3799
127
3087
5019
8232
12744
15114
13943
11586
10547
9801
6767
2392
-701
-2332
-4376
-6903
-7674
-6313
-5278
-6189
-7032
-5506
-3152
-2674
-3875
-4201
-2835
-1337
-459
714
2679
4946
6819
8397
10347
11948
11937
10359
8260
6353
4260
1516
-1715
-4760
-6717
-6972
-6266
-5982
-5716
-4062
-1746
-277
636
1689
2537
2512
1854
1602
2215
2713
1886
837
1214
2329
2344
1067
-10
-198
-618
-2100
-3640
-4213
-4904
-6327
-7487
-7807
-7805
-8493
-10128
-11129
-10526
-8954
-6865
-3884
117
3421
5655
9064
13579
15988
14646
12111
10949
9920
6741
2060
-1432
-3316
-5317
-7479
-8087
-6734
-5446
-6027
-6655
-5011
-2668
-2341
-3686
-4087
-2790
-1337
-445
652
2632
4980
7061
8893
10825
12461
12561
11021
8844
6708
4435
1614
-1736
-4848
-6807
-7067
-6194
-5646
-5406
-3911
-1381
227
804
1575
2272
2258
1542
1035
1531
2191
1713
767
1120
2472
2812
1572
391
102
-331
-1816
-3689
-4675
-5250
-6569
-7936
-8351
-8495
-9237
-10514
-11296
-10641
-8548
-5508
-2170
1039
3881
6753
10858
14596
15328
13470
11690
10871
9003
5116
1099
-1488
-3451
-5939
-7672
-7198
-5849
-5923
-7016
-6655
-4368
-2773
-3407
-4547
-3919
-2096
-933
-53
1648
4060
6139
7646
9407
11367
12399
11559
9488
7570
5853
3563
524
-2545
-4838
-5942
-5883
-5184
-4707
-4208
-2757
-944
210
855
1544
1877
1486
1014
1243
2043
2325
1598
1076
1834
2714
2244
835
-124
-427
-1238
-2841
-4061
-4501
-5206
-6492
-7492
-7521
-7656
-9097
-10741
-11281
-10585
-8855
-6357
-2497
1610
4134
6654
11369
15853
16373
13741
11677
11052
9060
4398
-182
-2588
-4420
-7104
-8824
-7838
-5827
-5872
-7154
-6344
-3558
-2157
-3368
-4528
-3591
-1882
-927
87
2226
4748
6793
8534
10540
12583
12998
11404
9194
7083
4719
1891
-1170
-3990
-6133
-6911
-5925
-4573
-4102
-3387
-1323
672
1390
1633
2071
2281
1674
830
1100
2340
2507
1336
1093
2334
3056
1851
-55
-876
-1173
-2611
-4685
-5564
-5667
-6522
-7751
-8328
-8133
-8208
-9696
-11204
-10614
-8717
-6035
-2557
865
3957
6880
10758
15138
16633
14522
12253
11202
9255
5158
550
-2518
-4639
-7531
-9674
-8937
-7130
-7084
-8296
-7851
-4823
-2756
-3453
-4308
-3245
-1264
136
1335
3474
6043
7843
9212
11102
12918
13138
11264
8590
6334
4051
1041
-2207
-4924
-6833
-7561
-6710
-4927
-3817
-3115
-1242
1051
2268
2625
2865
3007
2653
1911
1902
2948
3190
2130
1612
2505
3210
2038
-250
-1489
-1859
-3183
-5147
-6216
-6337
-6829
-7817
-8006
-7524
-7597
-8830
-10110
-10022
-8955
-7366
-4194
-12
3034
5143
8504
13655
16900
15480
12610
11545
10640
7001
1766
-1822
-3769
-6329
-9314
-9744
-7656
-6724
-8038
-8477
-6148
-3450
-3331
-4640
-4406
-2553
-756
611
2485
4991
7203
9080
11054
13017
13702
12413
10048
7595
5040
1993
-1218
-4072
-6515
-7902
-7372
-5507
-4202
-3759
-2285
326
2002
2234
2235
2635
2750
1976
1599
2679
3695
3065
2113
2805
4089
3560
1072
-918
-1375
-2247
-4343
-6279
-6862
-7168
-8042
-8814
-8616
-8304
-9101
-10104
-10067
-8864
-6961
-4005
-49
3202
5428
8464
12923
16178
15379
12533
11206
10344
7262
2327
-1380
-3131
-5296
-8152
-9094
-7354
-6193
-7480
-8398
-6799
-4288
-3953
-5401
-5378
-3491
-1573
-111
1820
4556
7095
8973
10822
12801
13656
12392
9986
7647
5231
2340
-891
-3593
-5615
-7001
-6866
-5259
-3841
-3424
-2434
-279
1402
1741
1481
1752
2157
1782
1423
2294
3539
3345
2423
2722
3895
3704
1455
-776
-1441
-1982
-3808
-5626
-6323
-6502
-7218
-8184
-8393
-8238
-9183
-10470
-10791
-9566
-7174
-3972
-230
3252
5946
9380
13886
16798
15797
12973
11246
9937
6665
1558
-2250
-4037
-6074
-8347
-8784
-6898
-5576
-6576
-7471
-5863
-3633
-3776
-5535
-5884
-4189
-2164
-685
1222
4227
7026
9089
11050
12987
13820
12412
9648
6992
4474
1552
-1786
-4504
-6337
-7274
-6744
-4949
-3432
-2799
-1744
261
1813
1971
1594
1787
2040
1648
1351
2200
3387
3302
2391
2638
3671
3353
1113
-1097
-1744
-2219
-3870
-5670
-6173
-5975
-6454
-7320
-7515
-7195
-8006
-9654
-10258
-9345
-7390
-4807
-1343
2420
5554
8695
12839
16326
16423
13899
11777
10268
7410
2632
-1784
-4114
-5909
-8230
-9049
-7599
-5937
-6152
-6907
-5759
-3576
-3197
-4676
-5269
-3997
-2283
-912
793
3607
6487
8533
10321
12339
13464
12355
9631
6932
4532
1617
-1795
-4505
-6092
-7067
-7029
-5462
-3527
-2557
-1868
-217
1501
2006
1676
1625
2093
2182
1894
2443
3741
4070
3176
2754
3236
3102
1040
-1579
-2726
-3157
-4382
-5971
-6624
-6221
-6163
-6826
-7091
-6948
-7543
-8752
-9537
-9225
-7856
-5416
-1533
2497
5334
8079
12244
16209
17012
14514
11985
10553
7955
3144
-1502
-3927
-5531
-7875
-9366
-8092
-5761
-5597
-6711
-6192
-3948
-2879
-4109
-5216
-4237
-2297
-801
811
3503
6586
8848
10407
12113
13406
12651
9851
6759
4078
1285
-1982
-4748
-6349
-7318
-7324
-5771
-3607
-2460
-1995
-628
1154
1817
1405
1280
1898
2241
1957
2351
3923
4654
3685
2777
3062
3210
1357
-1699
-3353
-3652
-4590
-6181
-7035
-6612
-6141
-6662
-7275
-7156
-7398
-8553
-9564
-9389
-7646
-4977
-1508
2370
5653
8802
12620
16121
17100
14943
12258
10367
7751
3298
-1310
-3960
-5496
-7407
-8764
-7870
-5731
-5296
-6318
-6063
-4251
-3242
-4300
-5475
-4467
-2302
-578
1083
3811
7150
9599
11086
12476
13601
12707
9634
6313
3565
800
-2579
-5520
-6930
-7422
-7275
-6002
-4018
-2643
-1993
-931
544
1318
1135
930
1512
2254
2479
2961
4227
5041
4399
3473
3230
2878
1027
-2052
-3984
-4454
-5193
-6556
-7395
-6967
-6292
-6600
-7257
-7206
-7439
-8478
-9412
-9324
-7843
-5594
-2302
2209
6089
9039
12074
15474
17480
16117
12735
10053
7738
3954
-906
-4264
-5734
-6931
-8372
-8367
-6214
-4731
-5382
-5922
-5024
-3557
-3743
-5026
-4840
-2812
-559
1387
3942
7228
10023
11613
12623
13576
13019
10212
6558
3398
651
-2414
-5388
-6861
-7283
-7293
-6372
-4410
-2656
-2080
-1657
-391
810
928
545
1083
2293
3080
3468
4451
5785
5726
4339
3261
2753
1473
-1420
-4260
-5314
-5492
-6332
-7264
-7228
-6379
-6166
-6753
-7093
-7346
-8315
-9920
-10598
-9519
-7268
-4004
286
4416
8140
11592
15150
17909
17522
14237
11105
8611
5298
675
-3497
-5672
-6526
-7715
-8044
-6264
-4633
-4913
-5846
-5681
-4294
-4106
-5605
-6149
-4422
-1797
750
3415
6746
10013
12106
13283
14303
14168
11611
7646
4014
1303
-1399
-4544
-6606
-7096
-6902
-6186
-4619
-2875
-2249
-2310
-1739
-513
76
-150
50
1274
2788
3919
4986
6322
6801
5771
4498
3615
2288
-323
-3613
-5400
-5684
-6113
-6968
-7261
-6834
-6328
-6600
-7275
-7734
-8594
-9973
-10702
-10311
-8650
-5810
-1707
3045
7169
10555
13707
16756
17880
15700
12156
9241
6400
2508
-1986
-4805
-5662
-6443
-7370
-6834
-5066
-4363
-5391
-6326
-5923
-5126
-5789
-6723
-5797
-3153
-167
2676
5979
9586
12276
13616
14162
14246
12729
9215
5188
1944
-597
-3212
-5577
-6378
-6168
-5811
-4928
-3509
-2435
-2491
-2720
-2061
-1088
-769
-635
464
2268
3849
4973
6181
7201
6817
5185
3626
2433
587
-2301
-4829
-5643
-5579
-5898
-6499
-6424
-5934
-6051
-6940
-7761
-8633
-10058
-11294
-11556
-10246
-7535
-4037
880
5770
9274
12490
15580
17621
16947
13391
9758
7142
3996
-289
-3715
-5089
-5487
-6035
-6373
-5173
-3746
-4544
-6219
-6788
-6322
-6284
-7343
-7425
-5061
-1688
1550
4867
8581
11777
13530
14109
14224
13373
10369
6258
2852
382
-1874
-4260
-5338
-5110
-4865
-4454
-3455
-2430
-2444
-3282
-3319
-2357
-1708
-1519
-634
1387
3554
5036
6177
7418
7698
6202
4275
2883
1389
-1080
-3863
-5258
-5142
-5005
-5477
-5683
-5302
-5461
-6341
-7491
-8514
-9839
-11656
-12383
-11535
-9442
-6458
-2071
3489
8110
11008
13674
16426
17589
15173
10780
7671
5461
2155
-1963
-4304
-4312
-4386
-5250
-5357
-3943
-3496
-5458
-7559
-7919
-7314
-7684
-8497
-7240
-3801
91
3560
7066
10630
13060
13831
13695
13102
11328
7728
3835
1213
-628
-2415
-3894
-4094
-3635
-3501
-3254
-2503
-2170
-3161
-4224
-3787
-2590
-2013
-1524
214
2800
4845
5924
6876
7778
7144
4905
3005
1937
455
-2005
-4134
-4385
-3571
-3673
-4408
-4564
-4493
-5251
-6811
-8338
-9422
-10917
-12637
-12811
-11348
-8899
-5783
-1118
4537
8728
11248
13416
15664
16321
13520
9400
6748
4797
1862
-1447
-2908
-2647
-2854
-3981
-4254
-3421
-3924
-6457
-8662
-9157
-8655
-8792
-8837
-6773
-2952
1072
4659
8125
11188
12951
13186
12521
11617
9635
6316
3134
1061
-253
-1448
-2384
-2369
-2210
-2609
-2848
-2629
-2853
-4120
-5122
-4428
-2967
-2006
-917
1329
3963
5698
6458
7098
7606
6485
3993
2152
1276
43
-2015
-3485
-3296
-2463
-2703
-3559
-3912
-4259
-5523
-7370
-8990
-9893
-11254
-12749
-12408
-10491
-7839
-4680
-397
5203
9357
11137
12601
14511
15184
12654
8516
5876
4579
2426
-570
-1915
-1633
-1825
-3132
-4140
-3817
-4343
-7010
-9481
-10017
-9158
-8552
-8166
-6089
-2201
2021
5466
8319
10784
12087
12045
11111
10033
8375
5694
3146
1505
613
-184
-975
-1266
-1552
-2437
-3188
-3313
-3783
-5018
-5724
-4669
-2727
-1409
-215
2069
4623
6051
6329
6522
6835
5741
3244
1545
1116
464
-1171
-2516
-2282
-1428
-1798
-3222
-4187
-4787
-6114
-8041
-9578
-10376
-11079
-12111
-11757
-9439
-6677
-3795
129
5020
9001
10753
11665
13259
14095
12044
8422
6105
4960
3268
635
-1008
-923
-1323
-3058
-4436
-4653
-5318
-7616
-9913
-10271
-9095
-8119
-7347
-5179
-1406
2396
5362
7749
9831
10936
10627
9745
8938
7769
5764
3690
2469
1825
941
-115
-632
-1254
-2587
-3740
-4085
-4367
-5308
-5851
-4583
-2435
-1029
141
2174
4501
5619
5461
5465
5851
5049
2917
1491
1502
1301
-25
-1297
-1221
-713
-1476
-3162
-4230
-4817
-6298
-8366
-9733
-10115
-10582
-11524
-11382
-9450
-7041
-4751
-1427
3417
7621
9390
10184
11844
13534
12845
9535
6771
5733
4567
2273
125
-560
-937
-2513
-4390
-5014
-5313
-7013
-9433
-10504
-9510
-7911
-6939
-5565
-2693
971
4232
6606
8332
9533
9864
9432
8728
8039
6905
5239
3649
2465
1730
919
-197
-1511
-3051
-4089
-4335
-4572
-5294
-5713
-4727
-2647
-1044
-63
1574
3527
4510
4531
4627
5104
4813
3114
1667
1804
2109
1068
-469
-908
-595
-1112
-2823
-4274
-4933
-6018
-7733
-9148
-9528
-9517
-10308
-10697
-9439
-7443
-5264
-2855
794
5200
7989
9197
10468
11980
12611
10942
8044
6200
5196
3474
1241
-237
-1044
-1885
-3406
-4908
-5366
-6192
-7899
-9286
-9496
-8337
-6898
-5704
-3875
-983
2235
4903
6785
8053
8945
9263
8931
8293
7413
6239
4935
3511
2294
1362
389
-812
-2462
-3795
-4216
-4380
-4996
-5558
-4965
-3290
-1729
-784
545
2413
3678
3977
4052
4524
4740
3706
2320
1979
2179
1526
184
-740
-888
-1206
-2442
-3985
-4937
-5859
-7194
-8498
-9408
-9431
-10055
-10525
-9719
-8106
-5621
-2721
892
5134
7916
9296
10701
12405
12825
10749
7834
6145
5247
3595
1267
12
-490
-1535
-3125
-4368
-4757
-5983
-8280
-9863
-9705
-8374
-7405
-6439
-4245
-938
2383
4775
6646
8123
8928
8996
8587
8300
7678
6373
5025
3933
3169
2259
880
-533
-2076
-3432
-4098
-4528
-5256
-5724
-5073
-3493
-1963
-975
287
2035
3126
3374
3555
4199
4388
3273
2214
2348
2839
2158
653
-63
13
-567
-2213
-3781
-4675
-5560
-7191
-8679
-9010
-9075
-9969
-10859
-10287
-8221
-6107
-4291
-1028
3680
7192
8646
9579
11522
13096
11757
8545
6617
6149
4777
2204
294
9
-394
-2333
-4258
-4798
-5363
-7344
-9711
-10384
-9060
-7738
-7136
-5638
-2557
1033
3766
5522
7107
8542
9147
8944
8606
8230
7541
6285
4918
3968
3053
1836
209
-1668
-3132
-3803
-4340
-5245
-5910
-5443
-3960
-2624
-1898
-760
1068
2304
2429
2563
3427
4087
3296
2163
2305
3117
2776
1184
259
384
-8
-1761
-3602
-4426
-5168
-6844
-8610
-9161
-8992
-9688
-11058
-10663
-8706
-6493
-4540
-1692
2846
6758
8298
9139
10887
12592
11686
8720
6607
6209
5441
3177
1247
842
496
-1145
-3307
-4431
-5131
-7130
-9667
-10724
-9680
-8173
-7361
-6042
-3200
396
3305
5060
6430
7759
8543
8501
8277
8163
7788
7014
5854
4965
4267
3076
1250
-913
-2699
-3584
-4284
-5361
-6050
-5537
-4052
-2714
-1983
-874
757
1770
1770
1817
2624
3282
2704
1825
2207
3232
3096
1721
871
967
512
-1199
-3096
-4003
-4880
-6582
-8147
-8683
-8619
-9685
-11015
-10638
-8647
-6786
-5166
-2144
2579
6330
7746
8522
10617
12405
11239
8213
6543
6452
5613
3240
1576
1623
1374
-637
-2986
-3833
-4609
-6907
-9780
-10743
-9530
-8326
-7821
-6452
-3368
230
2738
4235
5707
7140
7811
7747
7706
7917
7916
7326
6491
5836
5202
4039
2098
-298
-2091
-3070
-3989
-5264
-6035
-5295
-3760
-2766
-2250
-1011
630
1323
971
1033
2184
2869
2124
1499
2470
3705
3251
1796
1294
1651
834
-1230
-2922
-3539
-4407
-6378
-7881
-8013
-8224
-9589
-10961
-10458
-8490
-7106
-5933
-2814
2126
5851
7126
7815
10022
12075
11078
8074
6560
6565
5922
3728
2052
2319
2157
-47
-2603
-3654
-4272
-6577
-9824
-11056
-9684
-8138
-7632
-6500
-3483
284
2620
3687
4954
6523
7304
7036
6838
7603
8384
7875
6832
6257
6005
4887
2449
-268
-1963
-2803
-3898
-5281
-5776
-4750
-3388
-2817
-2425
-1165
228
405
-216
82
1507
2279
1629
1380
2603
3924
3480
1973
1489
1679
650
-1571
-3239
-3648
-4342
-6155
-7464
-7729
-7945
-9322
-10765
-10355
-8684
-7461
-6205
-2933
2106
5706
6711
7400
9833
11804
10502
7563
6198
6534
6026
3985
2789
3266
2886
425
-2216
-3242
-4240
-7139
-10562
-11532
-9910
-8407
-7896
-6554
-3344
279
2319
3193
4389
5832
6528
6379
6682
7801
8617
8302
7548
7164
6731
5346
2638
-192
-1838
-2692
-3876
-5254
-5561
-4403
-3188
-2933
-2668
-1544
-520
-750
-1400
-699
977
1668
1232
1670
3407
4484
3610
2219
1947
1783
253
-1903
-3042
-3305
-4347
-6013
-7026
-7218
-7752
-9653
-11014
-10345
-8944
-7895
-6074
-1903
3014
5480
6089
7847
10707
11396
8861
6438
6412
7011
5754
3993
4030
4598
3194
209
-1704
-2519
-4811
-8804
-11440
-10861
-9130
-8592
-8186
-5883
-2196
444
1397
2187
3667
4823
5044
5404
6870
8499
9006
8701
8473
8496
7618
5263
2158
-206
-1297
-2258
-3797
-4852
-4312
-3122
-2754
-3097
-2765
-1769
-1783
-2705
-2603
-847
793
910
1029
2809
4790
4701
3093
2289
2473
1731
-420
-1842
-1926
-2176
-3764
-5156
-5412
-5677
-7606
-10177
-10960
-10153
-9646
-9257
-6708
-1516
3031
4688
5380
7609
10370
10315
7609
5783
6314
6954
5966
5023
5646
6167
4380
1274
-721
-1873
-4692
-8888
-11464
-10594
-8664
-8032
-7695
-5555
-2127
7
398
793
2121
3296
3586
4405
6575
8963
9746
9315
9308
9609
8631
5697
2311
433
-287
-1390
-2922
-3539
-2829
-2180
-2689
-3323
-3067
-2799
-3610
-4502
-3669
-1435
86
358
1136
3148
4714
4158
2623
2087
2088
1172
-383
-999
-770
-1243
-2923
-4018
-4401
-5411
-8019
-10528
-11105
-10243
-9569
-8825
-5949
-933
3134
4452
4792
6620
8840
8308
5807
4820
6225
7324
6636
6127
7118
7550
5137
1438
-732
-1986
-4898
-8970
-10831
-9296
-7409
-7131
-6883
-4780
-2053
-1089
-1567
-1169
353
1638
2307
3783
6658
9130
9829
9544
9637
9547
8061
5141
2481
1320
885
-38
-1366
-1784
-1263
-1362
-2729
-3933
-4054
-4134
-5043
-5532
-4078
-1642
-320
-15
998
2901
3651
2530
1303
1361
1636
832
-53
130
644
-260
-1890
-2766
-3485
-5274
-8284
-10189
-10246
-9906
-9636
-8387
-4888
-373
2297
2883
3546
5341
6657
5820
4355
4540
6084
7013
7063
7610
8437
7789
4964
1982
242
-1664
-4869
-8005
-8685
-7252
-6256
-6272
-5764
-4197
-3137
-3361
-3689
-2836
-1559
-585
842
3572
6644
8490
9035
9309
9614
8887
7056
5047
3674
2978
2344
1574
981
630
5
-1356
-3014
-4057
-4761
-5589
-6179
-5701
-4004
-2291
-1460
-622
552
1374
1204
498
448
840
928
706
1141
1845
1611
325
-906
-1772
-3270
-5724
-8078
-8882
-8946
-9045
-8537
-6657
-3484
-491
921
1347
1958
3038
3698
3442
3232
4224
5737
6742
7422
8223
8519
7184
4493
2259
798
-1121
-3578
-5361
-5445
-4716
-4621
-4802
-4532
-4197
-4563
-5203
-5064
-4076
-3030
-1841
352
3187
5459
6725
7376
7913
7713
6858
6079
5533
5109
4733
4502
4242
3574
2490
1093
-670
-2421
-3765
-4656
-5180
-5294
-4744
-3693
-2744
-2170
-1715
-1358
-1274
-1383
-1306
-774
-67
544
1241
2010
2359
1842
822
-95
-1198
-2885
-4665
-5987
-6710
-7069
-7066
-6428
-5270
-3928
-2133
-516
302
254
299
1341
2514
2871
3251
4343
5738
6754
7129
7153
6505
4896
3194
1957
813
-667
-2046
-2612
-2572
-2797
-3424
-3844
-4159
-4558
-5061
-5314
-4850
-3795
-2374
-671
1140
2627
3884
4779
5331
5518
5523
5664
5808
5945
6130
6144
5706
4844
3743
2459
968
-636
-1878
-2702
-3276
-3586
-3578
-3364
-3274
-3401
-3530
-3473
-3431
-3294
-2933
-2293
-1414
-504
419
1075
1208
880
299
-203
-855
-1838
-2828
-3809
-4407
-4578
-4621
-4431
-4128
-3554
-2310
-1022
-136
-21
-349
59
1108
1832
2203
2499
3322
4504
5304
5432
5233
4492
3611
2809
1885
996
34
-678
-833
-991
-1561
-2211
-2858
-3044
-3267
-3983
-4302
-4003
-3036
-1759
-671
292
1207
1920
2522
3182
3748
4232
4566
4944
5556
5863
5750
5272
4520
3666
2660
1490
566
-112
-672
-1215
-1782
-2197
-2512
-2910
-3420
-3938
-4159
-4079
-3853
-3403
-2748
-2016
-1283
-704
-515
-540
-733
-999
-1236
-1579
-1951
-2404
-2821
-2970
-2920
-2874
-2786
-2698
-2141
-963
21
270
-134
-459
-24
568
816
1021
1479
2162
2776
3295
3864
3994
3399
2739
2480
2384
1775
894
662
1144
1157
423
-290
-652
-850
-1447
-2146
-2436
-2587
-2718
-2519
-1846
-1006
-607
-737
-471
386
1213
1615
1850
2605
3539
3950
3932
4013
4252
4260
3893
3477
3255
2862
2218
1723
1427
1119
316
-670
-1340
-1731
-2143
-2735
-3106
-3095
-2905
-2864
-2891
-2886
-2886
-3077
-3426
-3670
-3800
-3927
-4038
-4078
-4163
-4278
-4395
-4253
-3816
-3116
-2227
-1041
-66
516
802
864
1256
1577
1981
2664
3301
4038
4669
5198
5784
5810
5256
4412
3639
3015
2166
1373
1002
1011
790
202
-543
-1270
-2038
-3051
-3846
-4109
-4103
-3974
-3661
-3010
-2051
-1408
-1155
-657
184
1030
1502
1993
2888
3817
4294
4625
5080
5421
5295
4800
4506
4303
3771
3005
2329
1861
1324
413
-530
-1326
-1881
-2508
-3223
-3623
-3709
-3701
-3898
-3959
-3982
-4048
-4317
-4547
-4567
-4502
-4456
-4389
-4279
-4338
-4251
-4036
-3510
-2880
-2088
-888
334
1065
1405
1394
1559
1886
2184
2809
3405
4092
4659
5098
5594
5768
5363
4462
3424
2814
2117
1323
744
632
754
322
-435
-1264
-2037
-2953
-3832
-4224
-4172
-3993
-3805
-3315
-2405
-1510
-1097
-758
-101
743
1297
1668
2377
3344
4158
4600
4991
5356
5358
5053
4650
4387
3975
3245
2498
1912
1404
689
-233
-1100
-1708
-2379
-3171
-3714
-3930
-3935
-3995
-4079
-4051
-4061
-4196
-4395
-4442
-4351
-4249
-4237
-4196
-4124
-4059
-3778
-3492
-2930
-2051
-951
325
1099
1412
1346
1237
1558
1888
2410
3063
3797
4433
4815
5282
5502
5262
4427
3420
2765
2142
1450
899
803
985
707
-101
-1085
-2073
-2861
-3754
-4357
-4269
-4011
-3756
-3422
-2637
-1638
-1272
-1146
-665
160
813
1087
1727
2871
3926
4570
4956
5411
5452
5167
4776
4430
4159
3466
2763
2144
1666
1122
160
-759
-1555
-2285
-3111
-3849
-4159
-4195
-4174
-4183
-4178
-4169
-4240
-4364
-4349
-4310
-4265
-4068
-4007
-3979
-3964
-3596
-3114
-2741
-2055
-1131
118
888
1048
1120
1162
1493
1634
2007
2834
3691
4332
4532
4895
5333
5259
4469
3420
2902
2562
1874
1276
1174
1387
1171
207
-758
-1577
-2451
-3468
-4182
-4057
-3669
-3419
-3221
-2659
-1690
-1234
-1229
-1003
-235
627
1019
1570
2664
3816
4591
4946
5340
5487
5172
4780
4406
4248
3814
3152
2534
1936
1417
547
-472
-1423
-2244
-2946
-3663
-4081
-4189
-4161
-4122
-4181
-4250
-4355
-4417
-4374
-4385
-4309
-4046
-3723
-3541
-3656
-3478
-3044
-2580
-2078
-1394
-176
909
1296
1274
1240
1575
1810
1939
2434
3323
4181
4462
4554
4982
5320
4821
3661
2841
2591
2234
1556
1163
1466
1624
826
-329
-1193
-1804
-2691
-3742
-4006
-3483
-3034
-2951
-2844
-2011
-1273
-1339
-1373
-821
228
807
1151
2127
3348
4376
4762
5022
5290
5152
4775
4306
4117
3871
3410
2838
2170
1645
932
-24
-1042
-2012
-2779
-3429
-3933
-4146
-4249
-4139
-4084
-4245
-4381
-4479
-4366
-4327
-4277
-3987
-3552
-3256
-3383
-3308
-2945
-2536
-2237
-1660
-741
263
990
1179
1281
1335
1630
1896
2172
2716
3414
4109
4274
4467
4746
4774
4120
3078
2574
2378
2092
1596
1411
1580
1421
528
-655
-1476
-2074
-2862
-3608
-3548
-3014
-2684
-2786
-2604
-1899
-1569
-1607
-1434
-645
210
690
1317
2423
3606
4274
4592
4800
4872
4734
4471
4242
4084
3803
3293
2660
2018
1392
546
-456
-1443
-2373
-3046
-3638
-3936
-4098
-4174
-4165
-4335
-4537
-4757
-4769
-4717
-4622
-4412
-3982
-3506
-3411
-3334
-3115
-2830
-2526
-2038
-1232
-49
788
1151
1261
1275
1655
1832
2152
2602
3177
3824
3975
4231
4541
4685
4175
3262
2730
2430
2080
1589
1475
1731
1572
706
-385
-1162
-1741
-2565
-3375
-3390
-3058
-2845
-2952
-2777
-2059
-1826
-1754
-1627
-913
-144
107
829
1902
3139
3882
4198
4545
4680
4673
4455
4275
4210
3942
3529
2976
2367
1737
846
-137
-1135
-2098
-2853
-3532
-3928
-4166
-4281
-4343
-4615
-4863
-5119
-5111
-5002
-4965
-4655
-4259
-3800
-3658
-3600
-3384
-3031
-2618
-2068
-1100
60
1060
1456
1578
1687
1936
2072
2138
2590
3258
3894
4015
4160
4530
4668
4126
3135
2605
2348
2030
1548
1408
1747
1603
777
-267
-963
-1546
-2422
-3215
-3200
-2728
-2581
-2774
-2715
-2081
-1815
-1859
-1689
-1124
-385
-34
656
1649
2729
3506
3848
4192
4312
4360
4276
4204
4146
3907
3613
3060
2400
1743
995
153
-760
-1720
-2415
-2974
-3423
-3795
-4098
-4176
-4511
-4939
-5202
-5159
-4935
-4909
-4629
-4230
-3743
-3581
-3696
-3555
-3343
-2898
-2382
-1577
-328
827
1586
1736
1578
1819
1990
2057
2289
2868
3738
3950
3978
4250
4631
4451
3384
2499
2236
2119
1727
1371
1620
1843
1301
210
-742
-1266
-1977
-2924
-3128
-2736
-2400
-2553
-2687
-2074
-1650
-1548
-1636
-1405
-724
-365
327
1229
2311
3312
3769
4171
4250
4253
4281
4143
4067
3881
3725
3385
2740
2145
1490
767
-195
-1324
-2131
-2686
-3073
-3513
-3919
-4066
-4321
-4735
-5107
-5142
-4951
-4892
-4779
-4446
-4008
-3884
-3863
-3736
-3398
-3126
-2675
-1796
-586
766
1436
1732
1663
1818
2075
2113
2469
2954
3691
4003
4137
4459
4725
4458
3545
2810
2462
2172
1701
1426
1634
1835
1325
290
-623
-1276
-1969
-2836
-3023
-2740
-2574
-2675
-2748
-2117
-1659
-1603
-1664
-1426
-874
-518
140
1056
2208
3155
3765
4189
4278
4354
4325
4254
4090
3895
3700
3361
2838
2260
1717
1005
39
-1126
-1992
-2600
-3118
-3591
-3961
-4112
-4364
-4763
-5057
-5061
-4907
-4868
-4830
-4527
-4135
-3938
-3883
-3732
-3376
-3060
-2551
-1777
-564
705
1365
1616
1477
1780
2081
2143
2423
2769
3637
3913
3984
4366
4689
4554
3564
2851
2672
2450
1938
1539
1769
2058
1524
407
-511
-1074
-1697
-2531
-2757
-2588
-2453
-2582
-2648
-2090
-1731
-1662
-1768
-1596
-1131
-784
-110
779
1866
2848
3549
3953
4046
4100
4192
4168
3972
3811
3692
3550
3112
2522
2049
1361
332
-890
-1821
-2455
-3003
-3539
-3985
-4164
-4408
-4868
-5235
-5229
-5089
-5108
-5054
-4745
-4376
-4144
-3962
-3786
-3423
-3088
-2549
-1780
-681
719
1480
1888
1748
1917
2303
2322
2560
2803
3550
3902
3961
4339
4601
4543
3688
2858
2579
2393
1926
1432
1563
1885
1494
473
-456
-1038
-1554
-2332
-2636
-2457
-2403
-2524
-2578
-2070
-1621
-1662
-1724
-1663
-1376
-958
-339
651
1662
2571
3310
3754
3954
3922
3998
4071
3924
3755
3670
3618
3299
2806
2328
1629
644
-536
-1555
-2183
-2762
-3319
-3785
-4001
-4219
-4688
-5029
-5118
-5060
-5066
-5071
-4863
-4469
-4234
-3979
-3727
-3386
-2965
-2491
-1632
-637
626
1512
1817
1756
1864
2395
2514
2595
2782
3460
3941
3901
4145
4457
4513
3689
2759
2507
2452
2079
1497
1469
1771
1580
606
-374
-870
-1272
-1891
-2276
-2150
-2109
-2299
-2356
-1928
-1514
-1551
-1695
-1779
-1546
-1097
-367
588
1378
2187
2919
3437
3607
3492
3615
3744
3687
3545
3523
3600
3406
2963
2409
1773
841
-387
-1376
-1934
-2411
-3054
-3623
-3884
-4113
-4554
-4993
-5193
-5216
-5277
-5324
-5064
-4729
-4429
-4190
-3863
-3399
-3079
-2490
-1739
-634
592
1384
1760
1666
1935
2402
2579
2747
2913
3493
3856
3905
4165
4404
4312
3553
2773
2555
2391
1952
1457
1415
1663
1368
539
-309
-792
-1078
-1607
-1882
-1946
-2106
-2191
-2134
-1715
-1442
-1538
-1678
-1804
-1589
-1124
-396
484
1179
1896
2645
3121
3231
3185
3353
3494
3413
3294
3337
3442
3314
2937
2437
1764
806
-367
-1272
-1844
-2390
-3022
-3542
-3903
-4170
-4587
-5037
-5262
-5425
-5487
-5507
-5236
-4905
-4666
-4263
-3839
-3331
-2902
-2353
-1445
-345
821
1562
1854
1899
2245
2729
2954
3108
3197
3688
3934
3982
4196
4333
4124
3307
2607
2356
2183
1692
1229
1203
1348
1076
261
-445
-830
-1075
-1439
-1717
-1915
-2024
-2021
-1877
-1463
-1320
-1438
-1632
-1704
-1490
-1049
-299
403
1008
1651
2343
2805
2838
2860
3041
3179
3131
3094
3244
3362
3227
2816
2337
1664
718
-292
-1053
-1595
-2134
-2753
-3288
-3647
-4031
-4488
-4954
-5251
-5435
-5569
-5457
-5275
-4985
-4729
-4350
-3814
-3369
-2838
-2210
-1240
-6
1146
1822
1973
2162
2672
3089
3280
3387
3718
4197
4199
4308
4559
4597
4055
3026
2517
2354
2021
1394
937
1091
1183
717
-78
-618
-778
-1083
-1483
-1703
-1824
-1781
-1707
-1431
-1078
-1049
-1237
-1487
-1510
-1197
-596
75
551
1049
1718
2381
2615
2532
2614
2851
2987
2951
2956
3179
3261
3040
2650
2166
1466
520
-317
-901
-1357
-1954
-2612
-3090
-3463
-3905
-4499
-4968
-5317
-5624
-5679
-5580
-5366
-5155
-4891
-4304
-3851
-3455
-2935
-2048
-692
501
1280
1719
1975
2481
2965
3344
3650
3860
4252
4360
4489
4803
4847
4445
3530
2872
2534
2135
1517
937
856
961
662
8
-580
-888
-1098
-1448
-1640
-1798
-1844
-1758
-1525
-1045
-890
-960
-1223
-1310
-1099
-716
-157
301
749
1282
1919
2333
2396
2365
2470
2653
2674
2680
2800
2964
2933
2676
2287
1712
952
138
-433
-872
-1405
-2002
-2619
-3004
-3428
-3949
-4461
-4914
-5257
-5509
-5603
-5530
-5415
-5239
-4799
-4305
-3768
-3269
-2638
-1632
-449
689
1353
1658
2022
2720
3326
3637
3821
4182
4615
4635
4703
4820
4745
4178
3207
2649
2393
1988
1241
690
664
638
175
-573
-985
-1105
-1296
-1594
-1882
-1957
-1872
-1695
-1309
-987
-899
-994
-1119
-1070
-839
-358
107
437
801
1347
1884
2114
2017
2023
2222
2329
2263
2271
2447
2533
2382
2049
1660
1143
461
-152
-625
-989
-1482
-2058
-2541
-2912
-3354
-3872
-4337
-4758
-5080
-5336
-5367
-5353
-5277
-5017
-4656
-4064
-3692
-3226
-2437
-1335
-20
701
1113
1449
2101
2852
3216
3591
4035
4565
4629
4613
4868
4975
4593
3612
2935
2762
2407
1618
898
729
739
322
-432
-866
-1039
-1244
-1622
-1942
-1959
-1932
-1825
-1523
-1097
-816
-903
-1031
-1046
-846
-384
25
297
566
1019
1614
1890
1860
1823
1962
2095
2043
2008
2137
2306
2189
1903
1592
1156
604
-10
-421
-698
-1077
-1627
-2139
-2456
-2854
-3382
-3936
-4404
-4770
-5051
-5183
-5241
-5229
-5118
-4870
-4459
-3953
-3410
-2735
-1759
-605
247
714
1058
1786
2620
3174
3553
3993
4665
4909
4939
5137
5281
5006
4094
3388
3113
2808
2151
1355
1004
872
388
-309
-889
-1100
-1304
-1665
-1942
-2072
-2048
-1957
-1676
-1315
-1058
-1006
-979
-917
-765
-316
112
433
628
987
1524
1861
1917
1844
1997
2122
2084
2013
2061
2187
2049
1784
1462
1106
645
120
-290
-554
-885
-1377
-1847
-2233
-2571
-3070
-3537
-4006
-4385
-4568
-4774
-4831
-4934
-4870
-4686
-4399
-4016
-3649
-3030
-2291
-1210
-184
500
917
1304
2156
2793
3226
3587
4147
4705
4810
5012
5213
5205
4593
3741
3295
3055
2589
1769
1206
986
726
113
-532
-863
-1086
-1451
-1849
-1996
-2000
-1890
-1676
-1341
-1008
-972
-947
-903
-814
-554
-182
170
401
665
1149
1581
1710
1632
1624
1802
1826
1716
1708
1811
1856
1633
1306
975
618
203
-202
-471
-738
-1087
-1486
-1869
-2222
-2673
-3116
-3560
-3974
-4276
-4467
-4515
-4621
-4650
-4533
-4327
-4043
-3772
-3321
-2633
-1653
-731
-60
445
927
1743
2379
2789
3215
3740
4361
4546
4755
5076
5164
4777
4015
3532
3285
2796
2032
1418
1168
909
320
-289
-635
-877
-1284
-1825
-2054
-2044
-1949
-1809
-1534
-1187
-1086
-1050
-1000
-902
-657
-367
-33
228
495
936
1366
1575
1557
1514
1612
1660
1607
1606
1673
1690
1513
1246
949
567
203
-145
-402
-653
-986
-1346
-1630
-1914
-2307
-2752
-3180
-3562
-3854
-4056
-4146
-4280
-4392
-4339
-4196
-3917
-3719
-3406
-2801
-1977
-1024
-417
88
582
1361
2125
2507
2935
3387
4027
4328
4529
4950
5096
4846
4161
3727
3570
3171
2455
1778
1457
1185
642
13
-364
-628
-1072
-1638
-1927
-1923
-1875
-1772
-1562
-1246
-1130
-1121
-1032
-891
-648
-411
-116
153
427
841
1213
1420
1429
1447
1529
1553
1502
1490
1552
1536
1346
1117
874
500
106
-227
-452
-659
-998
-1341
-1577
-1797
-2130
-2548
-2934
-3275
-3562
-3754
-3825
-3876
-3948
-3945
-3884
-3661
-3479
-3306
-2945
-2291
-1357
-632
-137
313
1026
1838
2280
2571
2926
3522
3903
4063
4440
4831
4848
4350
3780
3611
3397
2773
2039
1595
1412
1039
510
111
-250
-720
-1336
-1684
-1756
-1759
-1710
-1525
-1258
-1109
-1060
-961
-818
-749
-532
-254
36
324
619
1064
1328
1384
1359
1389
1409
1332
1283
1337
1401
1264
1034
840
527
140
-278
-599
-783
-1049
-1328
-1500
-1631
-1874
-2249
-2626
-2913
-3227
-3452
-3482
-3528
-3554
-3641
-3551
-3313
-3187
-3058
-2845
-2379
-1674
-1001
-410
86
666
1439
1942
2222
2560
2955
3416
3624
3926
4364
4525
4317
3841
3608
3435
2963
2291
1726
1464
1213
865
480
105
-401
-952
-1375
-1509
-1518
-1536
-1425
-1297
-1135
-1064
-969
-844
-808
-700
-502
-181
105
373
721
1016
1129
1124
1100
1094
1097
1042
1076
1093
937
748
521
283
-51
-463
-746
-945
-1169
-1395
-1567
-1658
-1900
-2202
-2466
-2710
-2976
-3230
-3236
-3158
-3085
-3142
-3080
-2877
-2782
-2637
-2522
-2076
-1503
-953
-428
9
683
1335
1784
2027
2295
2735
3054
3272
3562
3992
4206
4034
3676
3488
3357
2945
2311
1796
1528
1341
1052
653
233
-240
-743
-1171
-1360
-1442
-1442
-1413
-1319
-1139
-1073
-941
-893
-845
-706
-497
-186
52
331
678
960
1058
1063
1089
1112
1086
1031
1069
1036
913
710
505
265
-93
-468
-759
-933
-1171
-1388
-1500
-1588
-1771
-2082
-2345
-2554
-2766
-2926
-2927
-2863
-2749
-2773
-2730
-2607
-2510
-2371
-2297
-2016
-1580
-1025
-405
16
431
943
1490
1810
2000
2251
2621
2924
3088
3455
3811
3921
3665
3276
3180
3013
2568
2017
1666
1607
1479
1149
675
210
-198
-636
-917
-1011
-1080
-1142
-1149
-1080
-934
-860
-810
-820
-824
-647
-354
-60
175
429
741
935
978
910
948
990
969
973
965
894
747
544
316
-6
-402
-701
-913
-1093
-1272
-1463
-1567
-1743
-1996
-2213
-2385
-2549
-2682
-2776
-2716
-2583
-2572
-2469
-2399
-2198
-2060
-2067
-1843
-1551
-994
-481
-83
363
770
1268
1644
1878
2109
2379
2615
2778
3069
3447
3622
3452
3186
3019
2887
2537
2069
1763
1655
1575
1274
828
436
98
-252
-543
-704
-843
-929
-1044
-1021
-894
-799
-750
-779
-751
-617
-329
-54
179
389
619
868
902
916
959
1006
1003
953
889
797
670
466
264
-10
-346
-667
-943
-1118
-1348
-1554
-1697
-1836
-2032
-2230
-2390
-2501
-2548
-2608
-2502
-2385
-2279
-2187
-2130
-1861
-1673
-1553
-1437
-1221
-793
-271
203
546
858
1242
1619
1831
1965
2093
2275
2426
2511
2742
2891
2868
2623
2385
2293
2041
1650
1297
1199
1188
1021
659
244
34
-183
-388
-527
-642
-728
-829
-820
-724
-632
-551
-520
-494
-392
-173
35
229
385
554
767
877
877
884
936
963
895
752
639
524
373
171
-108
-377
-710
-985
-1152
-1319
-1539
-1724
-1828
-1907
-2040
-2177
-2260
-2330
-2342
-2312
-2223
-2080
-1970
-1844
-1671
-1474
-1340
-1234
-1125
-864
-498
-72
328
612
968
1289
1567
1697
1689
1772
1923
2091
2146
2295
2405
2372
2236
1996
1848
1620
1364
1190
1107
1065
853
591
392
271
104
-111
-318
-474
-576
-607
-536
-514
-438
-406
-432
-371
-333
-194
-66
38
194
364
552
656
689
707
734
711
616
515
406
351
230
38
-172
-409
-665
-891
-1095
-1323
-1494
-1654
-1735
-1808
-1933
-1994
-2069
-2096
-2130
-2111
-2008
-1904
-1783
-1590
-1391
-1207
-1131
-1060
-855
-656
-366
-75
239
659
1049
1298
1446
1496
1525
1595
1618
1774
1892
1977
2078
2063
2077
1944
1720
1492
1288
1252
1152
1063
930
867
816
636
440
204
8
-182
-273
-264
-254
-239
-231
-236
-267
-290
-309
-287
-236
-127
30
192
336
423
526
540
498
449
358
335
328
281
164
15
-134
-294
-493
-693
-925
-1128
-1265
-1353
-1433
-1476
-1454
-1465
-1467
-1575
-1703
-1674
-1657
-1561
-1372
-1143
-923
-818
-692
-566
-489
-362
-267
-165
74
434
808
1079
1207
1303
1297
1237
1205
1180
1294
1372
1408
1493
1524
1587
1517
1402
1231
1047
934
813
775
775
807
771
670
539
307
146
-43
-157
-218
-257
-235
-181
-167
-201
-198
-225
-285
-342
-271
-147
-56
60
194
318
303
268
223
179
130
46
-24
-95
-141
-212
-300
-445
-685
-867
-1042
-1187
-1286
-1360
-1423
-1425
-1463
-1457
-1444
-1439
-1381
-1400
-1281
-1182
-1055
-872
-742
-546
-433
-294
-196
-114
35
222
544
826
1004
1100
1152
1192
1134
1127
1154
1190
1204
1204
1274
1364
1412
1360
1194
1028
895
773
731
721
678
680
631
525
387
234
84
-66
-169
-225
-237
-231
-218
-209
-212
-231
-305
-350
-370
-318
-239
-130
-15
86
161
174
144
93
44
-48
-83
-84
-142
-186
-289
-438
-607
-780
-961
-1118
-1218
-1290
-1342
-1389
-1364
-1330
-1313
-1280
-1330
-1290
-1227
-1119
-976
-829
-641
-491
-332
-215
-117
-24
90
277
531
779
922
1072
1117
1136
1130
1088
1090
1100
1132
1138
1207
1269
1302
1226
1123
1012
846
784
717
715
718
692
646
542
438
258
96
-46
-149
-216
-237
-221
-244
-231
-278
-322
-371
-406
-405
-372
-274
-181
-57
23
104
111
82
48
-45
-79
-115
-114
-152
-207
-311
-458
-610
-795
-971
-1123
-1230
-1289
-1318
-1309
-1328
-1287
-1278
-1302
-1274
-1211
-1129
-1035
-908
-707
-536
-368
-193
-80
37
97
204
435
670
876
995
1090
1141
1150
1130
1100
1128
1126
1109
1101
1150
1196
1132
1052
950
872
772
696
645
621
634
603
559
474
347
220
124
17
-124
-165
-204
-223
-245
-274
-308
-339
-371
-392
-378
-353
-293
-210
-110
-27
-10
-20
-66
-81
-90
-95
-106
-143
-202
-294
-396
-528
-649
-809
-929
-1025
-1110
-1151
-1217
-1235
-1239
-1220
-1220
-1212
-1163
-1083
-968
-885
-739
-586
-426
-261
-176
-19
90
198
317
487
692
862
969
1023
1050
1002
969
944
937
928
875
887
882
884
840
776
687
588
530
503
496
486
504
494
488
433
319
233
133
43
-34
-93
-142
-177
-223
-278
-306
-336
-369
-408
-402
-363
-362
-311
-223
-146
-131
-138
-162
-172
-163
-141
-137
-169
-211
-310
-397
-492
-647
-752
-876
-966
-1036
-1088
-1111
-1117
-1118
-1125
-1125
-1101
-1053
-987
-890
-759
-659
-507
-363
-233
-100
9
103
209
324
427
576
703
809
858
888
896
834
809
755
728
694
679
661
655
658
613
562
475
432
398
418
431
422
471
442
431
377
291
202
124
68
-6
-42
-98
-124
-147
-148
-180
-273
-304
-329
-324
-320
-270
-216
-161
-145
-165
-155
-165
-144
-154
-124
-118
-186
-249
-342
-431
-542
-648
-751
-806
-876
-920
-950
-972
-959
-980
-921
-889
-884
-797
-717
-580
-473
-354
-227
-116
-27
57
166
244
333
385
491
599
627
672
689
702
704
678
628
620
615
625
610
586
590
544
533
511
461
471
481
485
478
498
501
477
443
400
322
286
238
168
145
100
19
-4
-47
-123
-176
-212
-243
-237
-221
-204
-156
-139
-144
-151
-138
-118
-131
-115
-89
-72
-101
-161
-234
-329
-428
-512
-564
-609
-641
-682
-677
-708
-785
-782
-808
-779
-737
-689
-592
-486
-363
-250
-139
-68
-7
65
172
259
300
399
484
563
601
625
614
581
542
524
502
478
477
461
466
468
431
401
358
355
340
352
359
386
434
463
460
412
400
356
334
282
203
174
130
82
41
5
-52
-90
-148
-194
-196
-195
-185
-198
-170
-145
-166
-123
-115
-112
-111
-110
-86
-56
-61
-109
-172
-245
-303
-377
-424
-462
-522
-546
-580
-604
-630
-643
-667
-695
-687
-626
-546
-474
-395
-310
-198
-104
-76
-6
30
78
153
216
276
309
338
342
315
284
235
188
184
161
95
81
58
77
74
60
55
43
56
65
103
141
161
188
236
272
250
259
238
198
175
132
103
74
50
34
4
-44
-67
-83
-85
-84
-137
-116
-102
-87
-55
-54
-48
-30
-9
-19
-34
-52
-65
-96
-120
-133
-210
-247
-302
-322
-364
-423
-487
-541
-575
-587
-577
-582
-532
-497
-445
-396
-371
-279
-223
-160
-99
-56
-4
45
103
162
191
206
228
228
231
187
109
104
51
34
9
-23
-26
-47
-73
-88
-93
-96
-101
-83
-41
28
33
83
108
118
152
145
139
143
150
139
135
106
89
61
52
37
-14
-10
-9
-12
-4
-3
9
9
6
2
20
40
49
50
54
42
-30
-48
-92
-121
-147
-191
-215
-240
-251
-290
-336
-358
-381
-402
-386
-371
-368
-309
-273
-217
-157
-108
-58
-30
-3
22
59
129
204
246
272
298
270
248
203
147
104
74
51
29
5
-13
-12
-56
-99
-130
-128
-117
-159
-131
-91
-32
25
60
105
133
143
140
151
167
184
179
194
207
175
170
142
124
96
93
89
88
85
105
131
120
129
122
153
193
166
171
158
162
160
113
91
44
3
-15
-41
-77
-84
-114
-121
-136
-194
-197
-205
-180
-169
-137
-97
-64
-10
6
18
31
70
112
147
207
201
250
259
259
266
230
194
147
91
61
24
-32
-51
-88
-104
-126
-198
-186
-202
-195
-186
-187
-153
-116
-79
-56
-27
26
74
72
116
147
131
169
143
151
150
145
154
139
153
144
154
139
144
152
145
143
134
154
162
183
178
198
186
169
157
130
102
65
38
14
19
-13
-77
-85
-119
-146
-174
-208
-225
-228
-195
-167
-126
-93
-72
-78
-40
-2
3
58
72
116
135
164
205
204
195
171
144
118
86
57
50
31
-26
-56
-108
-150
-186
-210
-225
-241
-240
-229
-196
-170
-146
-142
-83
-14
-20
14
46
88
102
108
91
105
113
106
101
90
116
95
115
99
49
59
32
19
35
50
62
63
76
102
93
88
60
10
9
6
-38
-33
-48
-60
-88
-110
-124
-136
-148
-162
-178
-184
-161
-147
-90
-70
-97
-52
-42
-26
15
67
108
136
177
189
200
181
186
160
146
146
104
123
82
49
23
-18
-52
-99
-113
-122
-142
-162
-165
-175
-148
-150
-183
-155
-128
-81
-59
-31
4
32
26
29
54
71
71
50
69
95
69
66
53
34
-3
-31
-58
-74
-63
-64
-45
-48
-23
-11
-3
-5
-52
-30
-41
-49
-35
-13
-11
-24
-28
-50
-69
-97
-116
-135
-102
-73
-106
-89
-89
-55
-29
-31
-23
1
29
65
110
134
158
170
202
205
158
173
155
121
105
104
78
58
32
-10
-34
-76
-107
-131
-128
-129
-179
-164
-168
-169
-158
-152
-119
-87
-51
-44
-18
-2
14
22
47
62
28
72
62
69
60
42
29
11
2
-23
-36
-61
-73
-94
-88
-93
-121
-94
-97
-85
-90
-91
-87
-100
-101
-85
-82
-84
-66
-60
-25
-22
-55
-45
-70
-56
-55
-63
-61
-57
-45
-36
-8
20
43
43
52
77
75
108
128
137
160
157
145
139
102
90
78
44
16
-19
-13
-31
-90
-116
-153
-161
-176
-182
-173
-170
-165
-129
-109
-91
-80
-70
-5
10
-30
-11
9
21
18
33
48
37
26
0
-12
-17
-42
-58
-63
-59
-89
-75
-65
-58
-63
-54
-56
-71
-71
-70
-65
-89
-72
-64
-31
-2
-29
-9
-25
-40
-48
-60
-56
-50
-48
-56
-48
-44
-28
-33
-10
14
-31
1
2
26
47
68
89
82
90
86
94
75
73
52
63
67
20
11
-39
-81
-114
-125
-144
-163
-179
-185
-168
-185
-165
-175
-158
-135
-162
-126
-124
-97
-56
-53
-49
-30
0
-13
-4
-9
-17
-25
-13
-20
-66
-57
-90
-102
-128
-104
-82
-75
-63
-71
-59
-54
-55
-67
-48
-27
-46
-28
-13
14
19
15
16
3
7
3
-1
-9
-5
-9
21
38
18
45
45
55
62
76
92
112
137
156
182
186
187
183
198
221
165
165
144
144
126
96
94
53
37
0
-42
-83
-97
-124
-120
-109
-144
-109
-84
-66
-50
-34
-23
-29
-18
18
32
30
58
88
116
133
83
75
52
35
34
20
3
1
6
-1
8
13
14
-16
3
14
-18
10
7
7
6
24
30
49
66
63
52
46
52
44
62
75
52
58
57
47
38
25
39
70
60
79
106
123
142
139
159
188
160
167
152
150
170
161
147
119
101
80
51
20
2
-37
-48
-75
-128
-115
-122
-128
-142
-142
-135
-110
-96
-101
-92
-80
-38
-27
-14
1
9
44
38
36
42
41
29
13
3
7
9
6
20
7
19
1
-60
-57
-74
-73
-48
-30
0
15
27
39
40
24
36
38
58
58
22
49
46
46
48
45
30
21
23
39
61
58
75
102
137
157
127
162
158
145
153
133
133
101
100
85
76
59
43
13
-1
-21
-83
-98
-112
-133
-141
-132
-150
-145
-140
-149
-151
-145
-142
-139
-107
-71
-75
-31
-8
7
14
35
47
25
24
21
29
18
24
16
22
9
-42
-27
-39
-47
-66
-67
-84
-70
-55
-56
-49
-37
-20
-18
17
37
21
33
27
16
-3
-23
-24
-19
-10
-2
12
