15
28
33
33
23
15
11
3
-15
-3
-8
31
58
24
34
20
20
15
13
12
17
18
17
27
16
20
-2
4
24
-13
16
30
47
43
21
26
29
34
30
38
27
46
58
68
85
31
31
19
21
25
28
51
68
73
65
73
65
59
53
53
71
35
66
71
66
67
38
31
22
35
31
21
24
32
19
30
43
8
3
14
7
17
22
28
43
41
38
28
16
9
1
22
39
15
25
14
17
6
5
5
-1
2
11
12
19
41
26
38
41
4
19
14
21
25
21
12
16
22
23
28
14
2
-14
13
41
15
35
18
9
15
15
11
-5
-13
-7
12
17
26
19
26
28
4
5
-26
-33
-37
-45
-39
-40
-43
-52
-58
-66
-55
-71
-45
-24
-64
-40
-57
-45
-53
-55
-33
-18
-1
-7
-1
-26
-25
-29
-12
-6
-55
-34
-28
-14
-17
-9
-8
-10
-16
-12
10
-8
12
0
9
8
-36
-18
-9
8
7
-13
-16
-8
1
-7
-12
-16
-12
-20
6
29
-10
-1
-5
5
2
-6
-19
-23
-18
-31
-11
-34
-28
-49
-35
-13
-46
-22
-32
-25
-36
-9
5
10
6
-5
4
-8
-8
-16
2
7
-25
-15
-14
-15
-5
-3
-11
3
20
8
1
-11
0
-10
-6
4
-36
-16
-21
-29
-33
-30
-28
-35
-48
-52
-30
-32
-28
-44
-31
-18
-58
-27
-26
-29
-29
-22
-18
-13
-11
-30
-43
-59
-56
-57
-33
-16
-47
-30
-39
-38
-42
-53
-58
-58
-45
-52
-46
-43
-46
-43
-24
-14
-43
-17
-28
-23
-20
-18
-30
-41
-23
-26
-26
-24
-19
-31
-9
0
-26
-13
-17
-16
-26
-19
-17
-14
-12
-32
-21
-36
-30
-22
-14
-4
-33
-23
-20
-17
-30
-25
-17
-34
-25
-18
10
4
-6
-10
7
23
-8
12
6
27
34
31
45
38
26
13
13
20
21
14
33
32
11
25
13
10
8
7
5
6
10
9
18
8
4
-3
32
53
5
20
22
27
25
17
7
1
4
-4
5
3
16
12
26
32
-12
-1
-34
-50
-49
-52
-33
-32
-20
-27
-50
-55
-58
-54
-33
-18
-48
-22
-11
-10
-15
-24
-32
-42
-34
-31
-9
-16
-17
-32
-3
8
-28
-17
-34
-28
-21
-8
2
-3
-8
-19
-16
-19
-9
-8
-2
25
-6
20
14
11
-4
-18
-7
-11
-1
6
16
10
8
-11
-5
15
-32
-7
-1
-6
-3
0
17
16
6
0
5
0
-7
-19
-9
14
-12
16
12
-7
0
0
-4
-16
15
26
34
34
48
45
42
39
-12
7
14
19
18
23
20
13
6
10
13
12
-2
-8
26
35
-4
9
8
6
-4
-10
-5
-8
-8
-13
-1
2
11
-3
5
15
-34
-22
-19
-16
-11
15
-6
-20
-22
-47
-56
-70
-57
-58
-43
-32
-70
-38
-45
-53
-45
-51
-49
-43
-29
-32
-7
-16
-27
-28
-17
-14
-48
-22
-25
-11
11
17
8
14
19
11
24
19
33
31
34
52
17
25
18
10
5
-3
3
14
-1
-6
-9
-31
-16
-13
9
35
6
20
23
18
13
4
-16
-29
-27
-33
-26
-29
-13
-18
-8
-8
-50
-38
-42
-31
-24
-29
-18
-15
-33
-34
-43
-44
-20
-33
-2
17
-18
-2
-12
-16
-33
-26
-19
-23
-5
4
19
10
24
0
7
8
-32
-14
-34
-26
-29
-14
-41
-56
-67
-79
-75
-80
-72
-107
-82
-75
-123
-120
-144
-154
-169
-165
-157
-158
-155
-152
-135
-142
-125
-127
-104
-45
-26
27
52
90
131
156
165
155
155
140
117
94
83
58
38
36
-5
12
4
-7
-10
-23
-16
-36
-52
-68
-64
-71
-68
-86
-73
-63
-138
-153
-185
-234
-305
-367
-427
-464
-476
-497
-468
-459
-450
-463
-409
-234
-71
128
250
418
598
731
782
779
720
567
400
254
132
33
-53
-171
-264
-245
-219
-198
-208
-178
-128
-96
-66
-3
63
88
131
166
269
401
414
433
415
384
326
224
101
-39
-193
-351
-456
-512
-536
-583
-601
-601
-606
-558
-554
-543
-553
-553
-543
-540
-531
-522
-510
-404
-127
169
398
566
736
953
996
926
837
677
408
114
-108
-268
-368
-483
-562
-536
-413
-306
-280
-229
-168
-125
-124
-92
-31
35
97
170
284
443
590
644
668
650
571
481
309
151
-7
-181
-321
-395
-358
-259
-157
-93
35
211
380
466
432
444
406
333
245
176
123
46
-41
-132
-156
-199
-289
-402
-490
-577
-687
-763
-849
-855
-875
-916
-900
-863
-597
-171
169
356
614
1030
1342
1380
1323
1298
1073
717
403
197
38
-205
-475
-598
-504
-418
-393
-418
-339
-218
-228
-199
-83
75
147
203
344
567
823
969
966
984
1033
990
848
630
390
191
-70
-260
-353
-368
-373
-427
-386
-247
-91
-5
-30
-65
-68
-136
-314
-391
-464
-561
-625
-654
-630
-559
-558
-637
-704
-780
-853
-865
-642
-280
1
172
440
940
1318
1442
1463
1407
1217
893
520
211
-47
-402
-765
-905
-853
-713
-660
-638
-527
-382
-293
-224
-146
-92
-42
24
171
403
714
922
972
1081
1208
1264
1140
888
612
361
109
-143
-326
-417
-426
-420
-323
-93
115
267
305
336
362
327
234
101
12
-93
-239
-353
-375
-435
-520
-641
-810
-877
-952
-1088
-1207
-1305
-1423
-1532
-1623
-1683
-1500
-964
-239
385
817
1333
1948
2366
2345
2183
1915
1413
722
78
-319
-591
-1019
-1447
-1498
-1265
-1034
-952
-955
-788
-660
-642
-587
-410
-237
-112
50
386
868
1304
1576
1679
1744
1759
1609
1296
859
385
-112
-513
-772
-841
-760
-699
-608
-385
-4
349
552
578
551
588
506
401
336
266
123
-37
-98
-57
-86
-298
-574
-803
-965
-1138
-1374
-1568
-1697
-1816
-1854
-1756
-1637
-1612
-1679
-1725
-1447
-647
443
1141
1268
1574
2368
3054
2928
2386
1946
1501
651
-275
-632
-745
-1299
-2103
-2293
-1689
-1105
-1168
-1403
-1096
-662
-543
-496
-161
200
269
296
665
1366
1884
1968
1814
1736
1755
1595
1125
442
-127
-572
-997
-1311
-1295
-1019
-829
-801
-533
170
795
1026
949
960
1180
1159
908
715
667
518
181
1
126
180
-140
-604
-801
-783
-907
-1224
-1464
-1545
-1553
-1605
-1534
-1297
-1093
-1066
-1192
-1136
-1080
-1178
-1388
-1492
-1110
-268
683
1172
1442
2026
2801
3160
2740
2051
1631
995
-91
-975
-1277
-1361
-1827
-2365
-2079
-1166
-598
-684
-632
-168
194
129
-43
152
389
313
272
701
1411
1763
1755
1659
1746
1858
1602
1006
305
-241
-626
-957
-1188
-1121
-844
-574
-288
156
941
1527
1545
1376
1418
1489
1265
764
322
146
-58
-349
-433
-225
-135
-397
-655
-707
-602
-771
-1188
-1479
-1592
-1698
-1796
-1831
-1760
-1634
-1696
-1819
-1842
-1887
-1888
-1781
-1102
205
1262
1593
1837
2816
3993
3976
2983
2359
2084
1262
-113
-1035
-1164
-1452
-2339
-2859
-2082
-1073
-1045
-1426
-1189
-408
-88
-387
-396
130
450
383
678
1464
2199
2447
2290
2250
2405
2298
1662
644
-317
-911
-1381
-1843
-2043
-1819
-1284
-886
-446
428
1489
2032
1840
1659
1887
1987
1470
805
568
587
364
19
123
454
422
-97
-390
-225
-163
-611
-1169
-1293
-1146
-1196
-1347
-1221
-1023
-1075
-1268
-1363
-1354
-1528
-1955
-2441
-2694
-2823
-2968
-2936
-2480
-1139
566
1707
2274
2852
4079
5109
4643
3323
2533
2029
855
-688
-1510
-1556
-1831
-2713
-2950
-1806
-803
-1010
-1506
-1256
-409
-186
-648
-660
31
558
707
1213
2270
3209
3370
3046
2941
2966
2525
1348
-86
-1104
-1579
-1981
-2449
-2553
-2015
-1239
-685
-96
931
1994
2281
1917
1855
2170
2168
1511
788
660
866
720
363
439
742
613
40
-251
-159
-322
-987
-1634
-1700
-1464
-1454
-1671
-1645
-1349
-1238
-1395
-1582
-1678
-1890
-2474
-3138
-3480
-3537
-3558
-3164
-2067
-296
1532
2679
3398
4560
5895
6065
4840
3431
2583
1579
-157
-1699
-2270
-2386
-2883
-3302
-2735
-1497
-908
-1267
-1450
-845
-268
-517
-917
-646
2
521
962
1823
2940
3679
3750
3516
3446
3180
2177
512
-1078
-2093
-2688
-3203
-3564
-3269
-2356
-1239
-231
805
1970
2882
3007
2619
2576
2679
2124
1152
655
669
726
599
404
662
961
702
229
50
-96
-616
-1405
-1896
-1763
-1557
-1621
-1490
-1066
-652
-536
-585
-732
-1029
-1655
-2569
-3318
-3862
-4332
-4640
-4546
-4044
-3128
-1417
951
2855
3899
4474
5370
6685
6482
4569
3013
2172
1000
-744
-2054
-2322
-2198
-2838
-3482
-2482
-1114
-1075
-1813
-2065
-1315
-643
-993
-1299
-609
340
891
1510
2621
3749
4218
3906
3513
3440
2961
1674
-155
-1700
-2439
-2736
-3033
-3232
-2792
-1747
-613
298
1087
2136
2773
2488
2049
2125
2343
1924
977
542
960
1335
1041
708
965
1136
585
-153
-396
-381
-957
-1893
-2170
-1633
-1248
-1413
-1456
-1032
-576
-657
-1074
-1431
-1893
-2806
-3937
-4486
-4645
-4822
-5014
-4857
-3697
-2008
71
2534
4191
4810
5347
6520
7373
6253
3910
2307
1504
205
-1638
-2606
-2635
-2856
-3582
-3633
-2137
-1026
-1540
-2358
-2122
-1039
-732
-1190
-1117
-223
690
1327
2336
3609
4396
4437
4001
3692
3450
2442
668
-1235
-2550
-3002
-3119
-3230
-3214
-2544
-1175
264
1306
2097
2962
3338
2990
2584
2611
2675
1874
751
516
1122
1436
950
564
797
961
424
-279
-481
-657
-1392
-2204
-2121
-1495
-1296
-1567
-1515
-917
-483
-683
-1225
-1729
-2337
-3291
-4212
-4639
-4907
-5189
-5257
-4739
-3431
-1729
748
3259
4463
4857
5683
7339
7780
5635
3183
2242
1595
-293
-2337
-2924
-2693
-3221
-4219
-3667
-1682
-1085
-2208
-2870
-1917
-607
-795
-1558
-1189
12
931
1465
2530
3893
4642
4521
4099
4095
3780
2406
343
-1468
-2352
-2626
-2985
-3437
-3223
-2117
-569
684
1471
2447
3381
3505
3093
2799
2926
2740
1496
499
881
1547
1372
721
638
1206
1299
342
-388
-373
-754
-1733
-2446
-2190
-1609
-1676
-2056
-1676
-690
-470
-1083
-1793
-2214
-2774
-3725
-4731
-5284
-5382
-5401
-4968
-3828
-2136
499
3232
4802
5330
6071
7830
8536
6414
3627
2435
1854
-42
-2557
-3528
-3093
-3257
-4395
-4178
-2128
-1055
-1902
-2856
-2075
-500
-484
-1514
-1436
-75
1103
1694
2450
3794
4942
4980
4443
4269
3994
2719
564
-1494
-2495
-2820
-3268
-3756
-3664
-2504
-746
631
1426
2304
3410
3851
3386
2845
2937
2860
1720
610
848
1700
1688
888
630
1359
1602
542
-399
-579
-805
-1713
-2644
-2537
-1857
-1846
-2275
-1845
-748
-296
-897
-1678
-2033
-2490
-3545
-4711
-5289
-5797
-6280
-6099
-5040
-3320
-1142
1525
3986
5465
6176
7539
9293
8474
5505
3474
2776
1514
-1202
-3547
-3728
-3315
-4198
-4810
-3287
-1479
-1590
-2610
-2484
-880
-146
-1349
-1951
-784
610
1251
1815
3063
4485
5080
4904
4899
4860
3825
1908
-157
-1688
-2619
-3359
-4017
-4333
-3747
-2128
-229
1037
1804
2955
4171
4390
3799
3374
3324
2731
1258
544
1141
1567
876
150
650
1514
1196
-70
-675
-518
-927
-2050
-2629
-2141
-1809
-2167
-2224
-1274
-322
-622
-1515
-1937
-2097
-2796
-4190
-5246
-5596
-5988
-6221
-5780
-4551
-2820
-732
2135
4688
5886
6354
7730
9299
8108
5103
3277
2655
1094
-2011
-3955
-3644
-3513
-4769
-5242
-3385
-1666
-2121
-3106
-2511
-736
-436
-1704
-1720
-256
883
1274
1944
3496
4750
4972
4759
4834
4614
3241
1364
-364
-1744
-2802
-3541
-3919
-4014
-3400
-1870
-30
1186
1896
3019
4296
4414
3555
3192
3345
2731
1254
592
1298
1696
852
171
838
1570
891
-431
-809
-529
-1110
-2408
-2782
-2094
-1837
-2328
-2299
-1318
-618
-1205
-2145
-2357
-2475
-3474
-4920
-5740
-5883
-6103
-6289
-5506
-3812
-1342
1570
3921
5646
6614
7993
9882
9275
6272
4050
3110
1556
-1403
-4020
-4468
-4135
-5208
-6048
-4319
-2151
-2081
-3012
-2865
-911
248
-1087
-1994
-766
750
1273
1662
2925
4612
5296
4935
5063
5356
4246
2021
-167
-1699
-2656
-3744
-4780
-5092
-4439
-2811
-868
645
1787
3156
4575
5095
4711
4227
4021
3271
1776
875
1133
1426
746
-44
361
1380
1196
-131
-798
-654
-893
-1998
-2746
-2302
-1820
-2118
-2183
-1188
-101
-223
-1155
-1583
-1608
-2264
-3845
-5201
-5752
-6211
-6608
-6714
-5934
-4328
-2452
449
3574
5628
6408
7221
9306
9808
7278
4610
3436
2335
-330
-3066
-3779
-3578
-4558
-5848
-4740
-2451
-2104
-2999
-3145
-1714
-281
-967
-1840
-1065
351
1119
1652
2921
4434
5221
5145
5175
5426
4556
2659
762
-864
-2209
-3291
-3946
-4248
-4242
-3165
-1112
682
1550
2458
4127
5181
4791
4095
4080
3953
2604
1183
1138
1803
1409
187
125
1166
1295
32
-973
-797
-673
-1677
-2680
-2314
-1558
-1751
-2111
-1409
-427
-489
-1479
-2160
-2221
-2981
-4545
-5820
-6514
-6894
-7414
-7148
-5690
-3960
-1105
2385
4858
6384
7456
9580
11140
9169
5940
4394
3565
976
-2604
-4319
-4234
-4545
-6160
-6114
-3479
-2152
-2947
-3542
-2316
-294
-376
-1916
-1809
-63
1112
1370
2258
4016
5374
5642
5537
5954
5601
3698
1450
-460
-1922
-3317
-4498
-5167
-5410
-4367
-2238
-178
1142
2208
3992
5679
5798
5014
4740
4510
3387
1809
1135
1584
1463
202
-338
695
1418
558
-760
-993
-563
-1089
-2402
-2646
-1917
-1818
-2111
-1767
-675
-42
-818
-1743
-1988
-2330
-3500
-5150
-6452
-7205
-7431
-7456
-6797
-5365
-2865
1020
4069
5721
7114
9228
11511
10726
7431
5494
4727
2490
-1416
-4047
-4174
-4332
-6003
-6945
-4824
-2470
-2815
-3728
-2985
-838
-27
-1512
-2162
-698
781
1049
1457
3178
5060
5754
5664
6051
6276
4844
2519
495
-1270
-2916
-4413
-5352
-5709
-5237
-3421
-1179
460
1624
3303
5391
6049
5298
4758
4723
4019
2251
1006
1232
1490
473
-444
272
1414
932
-681
-1198
-694
-1043
-2526
-3338
-2720
-2264
-2710
-2640
-1548
-691
-1046
-1932
-2211
-2315
-3381
-5084
-6456
-7103
-7426
-7388
-6594
-4948
-1594
2303
4703
6182
8076
10878
12291
9931
6643
5289
4075
797
-3204
-5047
-5071
-5714
-7204
-6797
-3938
-2362
-3029
-3342
-1641
521
183
-1586
-1587
173
1226
1204
1974
3795
5124
5409
5575
6107
5686
3613
1252
-596
-2250
-3870
-5221
-6084
-6165
-4777
-2473
-259
1266
2650
4853
6596
6638
5877
5380
4863
3491
1701
859
1154
684
-789
-1006
202
819
-217
-1543
-1405
-820
-1603
-2917
-2947
-2259
-2332
-2582
-2023
-970
-635
-1731
-2686
-2664
-3073
-4549
-6495
-7656
-7718
-7366
-6777
-5283
-1627
2223
4391
5996
8322
11612
12645
9747
6887
5848
4384
834
-3275
-5101
-5335
-6247
-7453
-6650
-4166
-3103
-3335
-3113
-1435
455
9
-1435
-1267
245
1427
1680
2275
3743
5166
5802
5983
6067
5333
3533
1406
-774
-2650
-4123
-5467
-6519
-6591
-4941
-2326
-372
801
2640
5320
6959
6712
5907
5725
5359
3620
1618
1088
1186
158
-1306
-1284
6
395
-936
-1903
-1311
-831
-1723
-2871
-2891
-2376
-2505
-2933
-2504
-1689
-1898
-3001
-3801
-3944
-4446
-5921
-7151
-7387
-6916
-5653
-2796
953
3441
4600
6694
10708
13158
11052
8013
7100
5993
2653
-1560
-3692
-4513
-6675
-8655
-7488
-4701
-4022
-4820
-4291
-1848
357
-36
-1216
-720
467
1059
1538
2674
4102
4725
5031
6079
6916
5956
3765
1913
187
-2027
-4109
-5481
-6557
-7464
-6788
-4189
-1531
-122
1178
3836
6598
7384
6677
6464
6478
5050
2799
1729
1821
913
-1194
-1896
-482
380
-817
-2044
-1564
-779
-1378
-2544
-2631
-2123
-2393
-2997
-2595
-1716
-1751
-2911
-3733
-3748
-4023
-5263
-6854
-7162
-6873
-6407
-4153
-636
2468
4182
5133
8313
12399
12283
8978
7157
6704
4823
990
-2443
-3598
-4655
-7276
-7888
-5458
-4024
-4536
-4887
-3481
-782
202
-943
-1336
-182
919
1585
2456
3689
4802
5217
5843
6979
6827
4839
2675
980
-787
-2963
-4813
-5845
-6914
-7102
-5230
-2557
-729
172
1837
4865
6956
6475
5711
6079
5668
3963
2412
2034
1989
372
-1548
-838
644
-134
-1833
-2224
-1445
-1186
-2302
-3173
-2645
-2391
-3070
-3097
-2335
-2062
-2998
-4263
-4469
-4489
-5563
-6994
-7322
-6582
-5580
-3246
629
3587
4856
6075
9508
12934
11682
8205
6841
6358
3751
-583
-2993
-3439
-5054
-7607
-7388
-4382
-3233
-4494
-4733
-2589
-133
-212
-1582
-1286
168
929
1366
2763
4594
5266
5347
6326
7645
7062
4498
2394
898
-1163
-3487
-5210
-6016
-6910
-7133
-4934
-2005
-523
392
2292
5081
6690
6136
5543
5857
5060
2948
1792
1847
1345
-446
-1919
-979
409
-583
-2135
-1935
-1183
-1421
-2462
-3013
-2505
-2631
-3615
-3520
-2960
-3349
-4635
-5644
-5681
-5983
-7001
-7328
-6542
-4381
-997
2004
4391
5829
7767
11536
12722
9878
7411
6712
5246
1670
-2110
-3438
-3634
-5867
-7817
-5789
-3075
-3177
-4337
-3909
-1173
670
-853
-2196
-761
1012
1309
1587
3337
5479
6166
5937
6939
7941
6351
3603
1615
-54
-2200
-4425
-5929
-6759
-6969
-6002
-3666
-1479
-343
1193
3760
5685
5930
5519
5480
5179
3549
1784
1416
1324
-114
-1810
-1612
-119
-54
-1543
-2049
-1240
-908
-1848
-2805
-2486
-2324
-3211
-3612
-3176
-2845
-3767
-5337
-5753
-5743
-6369
-7182
-7318
-5839
-2514
949
3156
4594
6540
10026
12598
10928
8020
7159
6137
3115
-862
-3024
-3234
-4909
-7449
-6788
-3587
-2510
-3740
-3990
-1831
693
227
-1711
-1314
479
1109
1175
2353
4535
5833
5860
6591
7974
7619
5218
2920
1281
-817
-3359
-5273
-6314
-7087
-6976
-4955
-2393
-861
419
2871
5520
6288
5648
5589
5682
4152
1816
744
885
103
-1899
-2520
-977
-4
-1077
-2012
-1369
-488
-1171
-2729
-2867
-2350
-3164
-4368
-4411
-3773
-4169
-5612
-6421
-6038
-6036
-6764
-6585
-4448
-625
2416
3713
5159
7934
11459
12354
9590
7488
7026
5324
1572
-2015
-3395
-4187
-6227
-7842
-6303
-3693
-3508
-4201
-3433
-856
1169
344
-924
53
1872
2485
2537
3641
5505
6544
6698
7232
7857
6826
4496
2288
151
-2054
-4157
-5901
-7236
-7799
-6691
-4344
-2382
-1182
879
4079
6121
6238
6055
6382
5944
3969
1919
1219
841
-1058
-2954
-2648
-1354
-1368
-2582
-2827
-1661
-1094
-2047
-2949
-2703
-2619
-3705
-4542
-4256
-4285
-5243
-6455
-6745
-6396
-6560
-6639
-4984
-1016
2401
3995
5363
7609
11332
12860
10096
7668
6989
5423
2117
-1571
-3459
-4249
-6057
-7810
-6557
-4127
-4000
-4424
-3764
-1820
352
55
-1110
-408
1224
2393
3063
4099
5660
6952
7610
8290
8881
7863
5729
3604
1207
-1261
-3419
-5238
-6984
-8309
-7468
-4845
-3086
-2365
-466
2914
5295
5564
5311
5809
5860
3996
2086
1765
1541
-87
-2012
-2016
-575
-475
-2127
-2893
-1996
-1462
-2593
-3888
-3892
-3890
-4777
-5642
-5511
-5286
-6327
-7386
-7387
-7047
-6317
-5287
-2418
1799
4087
5503
7713
10870
13316
11704
8544
7391
6345
3101
-995
-3291
-4440
-6077
-7837
-7417
-4915
-4347
-5016
-4042
-2072
-410
-401
-1250
-773
529
1435
2275
3668
5198
6281
7421
8694
9599
8841
6756
5272
3474
626
-2185
-4055
-5360
-7066
-7613
-5567
-3247
-2439
-1395
1464
4453
5291
4529
4581
5114
3951
1853
934
922
100
-1565
-2094
-790
-21
-1109
-2159
-1730
-1060
-1752
-3136
-3776
-3979
-4830
-5789
-6050
-6236
-7157
-8049
-8115
-7863
-7418
-5997
-1960
2432
4269
5641
8336
12568
14744
11694
8551
8128
6635
2401
-1999
-3820
-4665
-7188
-9439
-7557
-4234
-4513
-5653
-4139
-1306
479
-404
-1533
-464
882
1422
2169
3677
5218
6115
7051
8437
9524
8501
6321
4813
3005
419
-1986
-3693
-5330
-6994
-6753
-4146
-2178
-1867
-620
2528
5047
5092
4356
4699
4665
2716
718
466
587
-817
-2719
-2435
-497
-177
-1804
-2578
-1688
-1194
-2351
-3721
-3781
-3936
-5188
-6134
-5819
-5654
-6970
-8158
-8137
-7513
-6555
-4611
-501
2979
4250
5993
9774
13814
13606
9879
8243
8222
5774
865
-2689
-3727
-5449
-8370
-8974
-6307
-4715
-6017
-6027
-3349
-590
-79
-1273
-1049
608
1695
2279
3331
4883
5835
6578
7882
9139
8861
6911
5224
3854
1542
-1190
-3161
-4499
-6162
-7036
-5416
-2799
-1700
-1215
1039
4322
5691
4851
4299
4739
4023
1758
284
284
-136
-1927
-2993
-1694
-293
-1056
-2591
-2479
-1528
-1861
-3408
-4348
-4357
-5024
-6231
-6676
-6468
-6946
-8153
-8812
-8495
-7151
-4401
-198
3045
4330
6134
10333
14787
14377
10179
8368
8521
6085
814
-2978
-3821
-5431
-8822
-9454
-6034
-4183
-6074
-6673
-3578
-80
89
-2045
-1932
404
1570
1737
2904
5085
6356
6791
8168
10103
10087
7522
5295
4177
2156
-1045
-3611
-5027
-6520
-7243
-5633
-2931
-1644
-1159
1221
4730
6080
5172
4544
4854
4014
1697
368
478
-249
-2282
-3016
-1329
-61
-1123
-2672
-2314
-1192
-1904
-3731
-4484
-4470
-5333
-6581
-6909
-6770
-7497
-8889
-9103
-7841
-6276
-3013
1394
3895
4996
7389
12413
15906
13055
8884
8672
8706
4778
-775
-3149
-3679
-6369
-9626
-8477
-4741
-5067
-7662
-6688
-2489
40
-1533
-3115
-1094
1481
1945
2433
4707
6740
7103
7700
9821
11166
9180
6105
4556
3085
283
-2865
-4712
-5973
-7400
-6806
-3747
-1429
-1247
-370
2921
5949
5902
4158
4052
4476
2869
747
479
889
-567
-2542
-1977
268
227
-2393
-3444
-2329
-2178
-3959
-5637
-5628
-5669
-6954
-7705
-7010
-6862
-8237
-9194
-8104
-5332
-1418
1790
3671
5235
7833
12585
15249
12494
8817
7972
7631
4388
-509
-3309
-4161
-6291
-8877
-7697
-4571
-4612
-6612
-6338
-2757
142
-1216
-3513
-2381
397
1601
1913
3601
5976
7297
8170
10025
11617
10398
7479
5276
3654
1152
-2254
-4968
-6960
-8246
-7507
-4960
-2857
-1862
-400
2712
5919
6521
5391
5015
4773
3215
1328
607
340
-1087
-2876
-2319
-109
21
-2045
-3006
-2173
-1912
-3603
-5626
-6320
-6782
-8045
-8934
-8655
-8321
-9371
-9847
-7663
-3044
2015
4118
4746
7133
11248
14673
13701
9762
7379
6382
4285
740
-2313
-4304
-6169
-7684
-7362
-4826
-3674
-5110
-5812
-4112
-1071
-171
-2283
-3440
-1835
572
1872
2766
4409
6122
7497
8866
10481
10722
8546
5751
3603
2026
13
-2987
-5867
-7372
-6890
-4894
-3143
-2310
-1101
1203
3642
5080
5127
4474
3950
2924
1763
1518
1205
-129
-1619
-1654
-149
658
-733
-2315
-2421
-2163
-2682
-4058
-5399
-6349
-7237
-7822
-7805
-7920
-8947
-9888
-9610
-7295
-2613
1588
3464
4588
7146
12451
16275
13847
9337
7952
7702
4915
-82
-3556
-4792
-6933
-9479
-8140
-4593
-4328
-6269
-6070
-2515
899
103
-2492
-2447
-254
1319
1846
2682
4315
5766
6868
8789
10719
10138
7445
5220
3958
2297
-496
-3542
-5944
-7267
-6575
-4332
-2633
-2236
-1281
1655
4786
5568
4565
4060
3815
2675
1263
678
376
-1149
-2864
-2285
32
551
-1357
-2510
-1744
-971
-2013
-3989
-5086
-5973
-7253
-8193
-8310
-8500
-9861
-10782
-9532
-5785
-406
3031
3988
5476
9357
14697
15763
11315
7902
7546
6310
2133
-1968
-3737
-5234
-8040
-9044
-5777
-3276
-5011
-6722
-4888
-1070
403
-1646
-3222
-1872
294
1508
2540
4081
5490
6659
8169
10240
11008
9029
6315
4377
2686
470
-2251
-4935
-7355
-7809
-5740
-3326
-2386
-2031
57
3500
5472
5093
4561
4469
3322
1743
1052
1032
-30
-2450
-3321
-1349
244
-1075
-3001
-2926
-1884
-2028
-3534
-4737
-5383
-6580
-7971
-8204
-8084
-9266
-10665
-10155
-6451
-491
3340
4564
6187
9853
15170
16744
12726
8904
7416
5589
1696
-2395
-4756
-6709
-9288
-9866
-6467
-3756
-4805
-5889
-4283
-891
905
-504
-2186
-1767
-80
1537
2826
4156
5398
6625
8196
10231
11207
9530
6656
4233
2382
499
-1972
-4864
-7495
-7979
-5899
-3504
-2455
-1883
1
2962
4905
5050
4760
4298
2887
1575
1183
1160
123
-2179
-3137
-1490
-23
-1021
-2802
-3111
-2497
-2564
-3632
-4705
-5478
-6827
-8097
-8133
-8124
-9077
-10329
-10113
-6259
-109
3816
4988
6454
11007
16669
16939
12321
9286
8469
5974
644
-3432
-4674
-6684
-10137
-10536
-6560
-3901
-5141
-6395
-4218
-272
924
-939
-2136
-934
1146
2339
3221
4999
6769
7695
8720
10458
11054
9092
5895
3288
1441
-633
-3149
-5737
-7702
-7454
-5114
-2727
-1686
-960
1328
4124
5196
4728
4451
4135
2701
1019
374
695
-251
-2653
-3347
-1651
-567
-1886
-3610
-3464
-2495
-2888
-4247
-4764
-4857
-5882
-7190
-7454
-7437
-8469
-9916
-9675
-5990
-455
2929
4300
6209
10333
15483
16200
12264
9259
8088
5781
1449
-2548
-4696
-6437
-8910
-9395
-6194
-3684
-4325
-5267
-3896
-621
989
-774
-2770
-1933
394
1782
2530
4036
6248
8012
9159
10727
11663
10106
6854
3937
2051
-18
-3080
-6232
-8079
-7550
-5573
-3666
-2130
-596
1554
4044
5667
5797
5228
4334
2977
1828
1025
351
-765
-2451
-3053
-1940
-1100
-2011
-3398
-3651
-3078
-2979
-4000
-5031
-5551
-6198
-7004
-7272
-7519
-8339
-9411
-9284
-6517
-1461
2493
4278
6302
9727
14107
15864
12956
9772
8156
5624
1735
-1834
-4235
-6329
-8542
-9109
-6505
-3898
-4190
-4676
-3301
-908
626
-109
-1714
-1681
-189
1298
2461
3856
5463
7146
8730
10247
11125
10019
7380
4716
2619
582
-2076
-4868
-6943
-7084
-5494
-3662
-2271
-1043
798
3035
4675
5166
4896
4247
3103
2074
1535
1073
-10
-1608
-2386
-1728
-1131
-1904
-3299
-3854
-3698
-3733
-4297
-5100
-5676
-6176
-6787
-7143
-7303
-8124
-9255
-9594
-8115
-3688
1058
3082
4497
7806
13034
16322
14087
10356
9393
8201
3746
-921
-3343
-5199
-7928
-10067
-8348
-4826
-4589
-5990
-4860
-1726
448
-32
-1807
-1912
-184
1145
1842
3180
4914
6528
8135
9875
11238
10741
8569
6150
4073
1946
-659
-3491
-6090
-7173
-6100
-4208
-2935
-2191
-501
2281
4306
4697
4543
4586
4016
2692
1669
1548
1121
-766
-2291
-1636
-475
-1161
-3088
-3844
-3139
-3014
-4201
-5251
-5428
-5702
-6619
-7225
-7172
-7644
-9320
-10391
-9386
-6158
-1725
1128
2916
5852
10166
14546
15180
11887
9755
9144
6214
1614
-1738
-3911
-6119
-8532
-8900
-5981
-4272
-5583
-5683
-3472
-1064
-302
-1820
-2991
-1754
-52
750
1933
3757
5511
7224
9000
10904
11540
9946
7671
5779
3873
1384
-1466
-4167
-6017
-6063
-4676
-3419
-2733
-1647
449
2704
3835
3876
3789
3573
2712
1823
1607
1452
361
-1138
-1226
-47
123
-1459
-2760
-2613
-2475
-3269
-4366
-5060
-5378
-6176
-6893
-6980
-7461
-8928
-10086
-9848
-8363
-5103
-1204
1576
3841
6835
11430
15203
14007
10366
9311
8859
5227
276
-2631
-4029
-6044
-8367
-7645
-4642
-4305
-5749
-5043
-2492
-747
-1519
-3314
-3223
-1390
-222
358
1965
4154
6050
7804
9796
11375
11022
9074
7224
5584
3168
252
-2329
-4466
-5727
-5350
-3894
-2739
-2190
-901
1605
3518
3718
3289
3245
3112
2110
1045
900
842
-360
-1426
-691
523
16
-1664
-2273
-1760
-1899
-3322
-4551
-4768
-5263
-6376
-6976
-7162
-7788
-9211
-10036
-9113
-6985
-3557
-43
2361
4892
8175
12224
14291
11895
9187
8602
6996
2953
-890
-2901
-4315
-6151
-7388
-5685
-3503
-4169
-5007
-3789
-1775
-1009
-2440
-3822
-2945
-1243
-489
432
2454
4522
6324
8108
10008
11055
9966
8005
6468
4666
2227
-509
-2900
-4589
-5049
-4269
-3114
-2198
-1336
350
2397
3572
3575
3179
2990
2462
1533
845
654
98
-979
-1158
-204
296
-669
-1718
-1706
-1582
-2212
-3379
-4176
-4607
-5440
-6307
-6652
-7027
-8154
-9436
-9588
-8512
-5781
-1858
1041
3282
6020
9797
13754
13757
10374
8826
8406
5354
898
-2027
-3478
-4989
-7115
-7143
-4316
-3265
-4617
-4523
-2602
-1015
-1300
-3087
-3651
-2265
-1151
-597
913
3012
4853
6687
8678
10525
10692
9039
7323
5729
3566
872
-1719
-3928
-5330
-5224
-4026
-2938
-2207
-906
1199
3090
3685
3406
3371
3072
2074
1125
741
497
-450
-1470
-1038
120
-40
-1267
-1750
-1437
-1661
-2705
-3711
-4128
-4731
-5930
-6527
-6550
-7286
-8680
-9563
-9127
-7776
-5275
-1512
1886
4353
6740
10419
14148
13762
10304
8635
8006
5138
681
-2482
-3748
-5031
-6915
-6862
-4386
-3535
-4697
-4495
-2785
-1346
-1731
-3294
-3490
-2122
-982
-99
1512
3383
5189
7281
9341
10684
10414
8915
7423
5655
3131
504
-1934
-4084
-5442
-5401
-4143
-2931
-2306
-1199
1089
3110
3501
3014
2876
2905
2105
925
536
531
-278
-1192
-704
393
273
-973
-1652
-1366
-1557
-2700
-3875
-4424
-5001
-5929
-6580
-6911
-7646
-9200
-10050
-9264
-7705
-5132
-1548
1858
4997
7538
10764
14051
13544
10640
8981
7643
4708
810
-2234
-3799
-5029
-6635
-6330
-4410
-4168
-4733
-4314
-3194
-2147
-2473
-3584
-3480
-2251
-1094
225
2006
3770
5638
7763
9663
10684
10073
8620
7200
5228
2690
100
-2172
-4042
-5263
-5152
-3964
-2845
-2137
-931
999
2662
3089
2608
2418
2263
1561
766
397
253
-289
-811
-335
504
216
-773
-1308
-1522
-1798
-2683
-3880
-4552
-5310
-6136
-6590
-7231
-8270
-9460
-10192
-9457
-7671
-4814
-1020
2273
5162
8210
11698
14185
13315
10713
9248
7722
4400
618
-1909
-3545
-5087
-6278
-5784
-4262
-4222
-4889
-4338
-3238
-2687
-3149
-4013
-3768
-2376
-945
629
2707
4716
6847
9052
10654
11309
10508
8870
6990
4599
1896
-655
-2940
-4857
-5807
-5269
-3901
-2920
-2126
-489
1517
2790
2998
2724
2636
2300
1411
820
804
449
-295
-478
172
698
212
-824
-1258
-1308
-1983
-3007
-3897
-4693
-5536
-6210
-6687
-7200
-8256
-9620
-9981
-9215
-8022
-5472
-1495
2059
4951
7709
10871
13793
13443
10783
9468
7994
4624
1091
-1375
-3021
-4478
-5940
-5832
-4224
-4083
-4874
-4472
-3733
-3332
-3503
-4265
-4082
-2827
-1519
193
2478
4685
6805
8961
10715
11546
11054
9587
7708
5273
2568
112
-2136
-4188
-5509
-5200
-3937
-3134
-2475
-1053
811
2044
2292
2167
2365
2150
1308
994
1197
1054
475
179
738
1353
804
-303
-815
-1132
-1910
-2966
-3927
-4705
-5538
-6301
-6783
-7205
-8156
-9348
-9903
-9480
-8456
-6335
-2514
1280
4175
6674
9818
13392
14080
11400
9357
8550
6320
2292
-1113
-2627
-3644
-5433
-6354
-4989
-4014
-4845
-5337
-4649
-3579
-3398
-4341
-4650
-3459
-1659
3
1859
3952
6170
8510
10284
11297
11220
10018
8175
5911
3496
1050
-1384
-3617
-5177
-5252
-4111
-3258
-2882
-1847
-35
1605
2116
1814
1895
2067
1556
1112
1231
1342
995
504
815
1625
1400
110
-941
-1195
-1594
-2687
-4023
-4776
-5284
-6065
-6657
-7021
-7541
-8790
-10011
-9854
-8646
-7101
-4249
-476
2911
6138
9078
11885
13735
12468
10270
9244
7031
3272
166
-1916
-3473
-4839
-5992
-5450
-4348
-4862
-5267
-4507
-4002
-3971
-4308
-4543
-3716
-2369
-992
989
3313
5420
7646
9810
11158
11374
10457
9065
7241
4629
1841
-638
-2664
-4294
-5101
-4617
-3677
-3002
-2134
-602
849
1662
1725
1652
1878
1662
1219
1250
1441
1338
1148
1317
1799
1812
897
-185
-720
-1381
-2568
-3797
-4753
-5453
-6191
-6844
-7130
-7651
-8581
-9389
-9579
-8849
-7694
-5322
-1253
2365
4686
7429
10974
13699
13212
10409
9131
8509
5150
760
-1554
-2567
-4125
-6031
-6424
-4856
-4359
-5712
-5901
-4527
-3723
-4169
-4965
-4583
-2610
-764
394
2352
4917
7332
9316
10618
11277
11011
9588
7567
5318
2893
371
-2084
-3967
-4932
-4837
-4024
-3366
-2843
-1622
153
1251
1329
1301
1695
1930
1578
1384
1816
2135
1705
1421
2112
2467
1517
4
-755
-1047
-2076
-3681
-4809
-5263
-5879
-6782
-7216
-7236
-7988
-9296
-9802
-9182
-8018
-6842
-4181
266
3954
6114
8573
12158
14487
12871
9702
8514
7634
3982
-580
-2879
-3485
-4714
-6560
-6618
-4928
-4556
-5680
-5784
-4560
-3655
-4215
-5051
-4245
-2054
-75
1449
3474
6040
8698
10554
11277
11350
10722
9107
6512
3625
1234
-877
-3189
-5179
-5637
-4688
-3720
-3385
-2796
-1161
572
1195
922
1093
1914
2023
1497
1694
2443
2639
2167
1990
2600
2559
1024
-600
-1257
-1822
-3076
-4593
-5490
-5634
-6083
-6754
-7082
-7248
-7910
-8905
-9302
-8853
-7873
-6124
-2674
1556
4684
6937
9807
13354
14656
12106
9219
8229
6517
2250
-1854
-3506
-4064
-5516
-6933
-5999
-4226
-4519
-5658
-5387
-4123
-3688
-4743
-5457
-4060
-1626
353
2212
4634
7504
10098
11528
11889
11619
10482
8161
5012
2255
138
-2203
-4543
-5858
-5446
-4273
-3584
-3281
-2328
-630
606
829
710
1239
1972
1901
1769
2557
3482
3329
2689
2823
3241
2427
347
-1227
-1762
-2614
-4145
-5382
-5721
-5819
-6442
-7124
-7079
-7083
-8087
-9107
-9030
-8329
-7431
-5293
-935
3505
5930
7605
11045
15061
15003
11038
8141
7507
5579
638
-3417
-4158
-4232
-5874
-7014
-5309
-3450
-4274
-6057
-5761
-3925
-3811
-5501
-6100
-3897
-602
1696
3542
6179
9432
11846
12524
12246
11559
9877
6774
3269
889
-713
-2973
-5387
-6062
-4858
-3580
-3317
-3358
-2353
-662
209
137
298
1281
1986
1976
2466
3818
4593
3845
3033
3321
3449
1842
-675
-2014
-2318
-3240
-4832
-5692
-5579
-5877
-6839
-7354
-6997
-7305
-8848
-9933
-9446
-8111
-6693
-3829
877
5112
7622
9492
12697
15711
14418
9923
6956
5970
3705
-773
-4261
-4664
-4160
-5226
-5844
-4231
-3184
-4471
-6379
-6425
-4952
-5083
-6765
-6641
-3352
646
3360
5516
8323
11516
13275
13080
12049
10658
8274
4631
1289
-468
-1743
-3822
-5609
-5419
-3855
-2849
-3150
-3305
-2265
-1100
-666
-521
123
1268
2060
2483
3661
5007
4981
3871
3167
3177
2629
615
-1570
-2403
-2698
-3557
-4640
-5146
-5284
-5907
-6973
-7262
-7061
-7883
-9461
-10190
-9477
-7864
-6070
-2777
2129
6125
8322
10022
12909
15182
13119
8256
5416
4687
2552
-1401
-4171
-3946
-3006
-3888
-4590
-3256
-2725
-4688
-6993
-7210
-5869
-5955
-7324
-6433
-2363
1965
4738
6923
9521
12123
13023
12119
10760
9051
6446
3035
442
-482
-1317
-3147
-4522
-4141
-2918
-2600
-3396
-3746
-2955
-1961
-1353
-676
488
1774
2608
3335
4549
5294
4489
3036
2315
2090
1293
-384
-1915
-2379
-2465
-3020
-3707
-4338
-4922
-5965
-7092
-7446
-7725
-8857
-10188
-10449
-9390
-7465
-5287
-1276
3835
6978
8416
10188
12853
14065
11119
6512
4507
3903
1555
-1428
-2738
-2472
-2319
-3277
-3632
-2769
-3461
-6293
-8327
-7936
-6728
-6728
-7038
-5022
-629
3390
6031
8208
10193
11581
11534
10334
8995
7267
4729
2053
518
246
-407
-2164
-3394
-3135
-2692
-3019
-3915
-4270
-3456
-2383
-1418
-70
1563
2573
3105
3852
4788
4808
3373
1895
1485
1423
634
-550
-1293
-1536
-1902
-2580
-3226
-3897
-5112
-6592
-7317
-7292
-7661
-8914
-9670
-9319
-8472
-7221
-5228
-1599
2971
5868
7368
8903
11243
12823
10666
6474
4458
4192
2663
-83
-1883
-1670
-1071
-2291
-3502
-3176
-3527
-5912
-8466
-8641
-6920
-6147
-6541
-5011
-717
3496
5916
7397
9102
10677
10726
9342
8081
7022
5177
2710
1243
1155
648
-1252
-2853
-2926
-2747
-3302
-4229
-4515
-3757
-2528
-1172
177
1567
2628
3116
3575
4145
4047
2914
1788
1401
1446
1282
507
-328
-828
-1326
-2171
-3201
-4325
-5485
-6579
-7356
-7291
-7088
-7700
-8434
-8346
-7924
-7181
-5947
-3831
155
3926
5923
7275
8976
11034
11317
8424
5491
4724
3760
1528
-229
-787
-658
-1338
-2885
-3262
-3016
-4561
-7208
-8472
-7583
-6321
-6057
-5331
-2451
1363
4218
6163
7809
9225
9700
8951
8022
7335
6192
4355
2625
1979
1820
598
-1248
-2154
-2496
-3031
-3727
-4317
-4050
-3031
-1920
-756
586
1798
2411
2614
2997
3505
3244
2377
1957
2115
2249
1812
926
109
-615
-1767
-3206
-4213
-5072
-6153
-7007
-7142
-6752
-6709
-7288
-7807
-7926
-7866
-6848
-4936
-1802
2040
4840
6561
8198
10336
11873
10398
6690
4471
3952
2852
1037
-657
-1206
-766
-1293
-2503
-2878
-3659
-5929
-8113
-8405
-7017
-5952
-5638
-4058
-400
3509
6076
7277
8023
8836
8874
7853
6737
5804
4614
3195
2376
2460
2126
418
-1391
-2130
-2416
-2984
-4013
-4618
-3911
-2501
-1251
-58
1022
1692
2089
2487
2996
3186
2601
1954
2064
2589
2577
1795
677
-374
-1378
-2574
-3758
-4727
-5541
-6222
-6364
-5780
-5528
-6099
-6978
-7578
-7815
-7667
-6956
-5378
-2140
2023
5246
7168
8398
10074
11303
9569
6073
4178
3648
2441
732
-52
448
731
-634
-2132
-2534
-3500
-6117
-8738
-8989
-7459
-6315
-5385
-3090
646
4030
6002
7015
7833
8227
7504
6312
5625
5328
4755
3818
3335
3467
2936
1172
-554
-1618
-2560
-3635
-4584
-4685
-3791
-2634
-1613
-484
725
1528
1712
1877
2491
2810
2502
2253
2561
2960
2607
1524
359
-678
-1996
-3412
-4362
-4740
-5123
-5733
-5754
-5215
-5177
-6203
-7409
-8066
-8382
-8277
-7324
-4904
-587
3551
5793
7095
8916
10941
10697
7413
4429
3969
3801
2164
719
933
1859
1283
-885
-2210
-2720
-4767
-8252
-10024
-8825
-7001
-6204
-4998
-1694
2366
4806
5567
6038
6833
6972
5974
5207
5503
5909
5481
4895
4942
4899
3324
826
-931
-2003
-3227
-4555
-5180
-4516
-3200
-2240
-1414
-311
583
861
890
1383
2113
2329
2179
2598
3383
3381
2390
1180
224
-945
-2504
-3699
-4046
-4176
-4764
-5172
-4786
-4631
-5707
-7362
-8365
-8859
-9306
-8948
-7091
-3318
1387
4804
6609
7930
9625
10733
9140
5753
3901
3961
3688
2842
2563
3069
3127
1399
-870
-2269
-4001
-7147
-10162
-10511
-8488
-6586
-5451
-3381
32
3050
4426
4582
4769
5216
5088
4707
5253
6514
7238
6949
6576
6630
5774
3082
109
-1775
-2953
-4104
-5069
-5017
-3825
-2685
-2098
-1367
-472
-48
-303
-278
678
1777
2161
2335
3077
3786
3479
2248
1004
-37
-1311
-2509
-3035
-2923
-3093
-3813
-4189
-3979
-4540
-6430
-8322
-9303
-9989
-10446
-9600
-6934
-2570
1930
4969
6726
7799
9043
9772
8030
4920
3669
4392
4879
4561
4357
4759
4464
2126
-792
-2802
-4939
-8166
-10879
-10619
-8032
-6048
-5101
-3112
16
2319
2782
2474
2806
3523
3812
4290
5936
7811
8793
8622
8142
7733
6081
2852
-204
-2007
-2998
-3805
-4394
-4110
-2993
-2227
-2083
-1886
-1580
-1604
-1872
-1522
-166
1250
1968
2461
3245
3873
3423
2080
896
-6
-904
-1564
-1689
-1623
-1987
-2781
-3389
-3871
-5241
-7357
-9131
-10114
-10771
-10982
-9685
-6869
-2669
1669
4615
5822
6290
7517
8642
7368
4573
3862
5519
6721
6310
5829
6149
5461
2505
-919
-2959
-4771
-7924
-10682
-10059
-7092
-5310
-5199
-4094
-1319
664
443
-184
666
2255
3176
4248
6595
9119
10076
9510
8844
8315
6436
3006
200
-1029
-1634
-2399
-2991
-2666
-2043
-2068
-2686
-3070
-3066
-3295
-3544
-2881
-1145
469
1333
2052
2962
3555
3010
1909
1207
825
281
-131
13
185
-424
-1568
-2571
-3482
-5153
-7424
-9232
-10188
-10826
-11050
-9906
-7405
-3817
124
3049
4194
4404
5548
7346
7191
5084
4526
6539
8382
8057
7148
7246
6801
3866
-44
-2234
-3412
-5850
-8865
-9078
-6514
-4876
-5540
-5670
-3578
-1717
-1999
-2876
-1679
949
2696
3863
6122
9088
10566
9979
9027
8613
7283
4405
1973
1092
861
59
-951
-1053
-894
-1674
-3088
-4118
-4458
-4682
-4865
-4271
-2683
-1079
-82
780
1851
2511
2262
1688
1600
1786
1677
1439
1584
1788
1204
-91
-1347
-2563
-4173
-6294
-8130
-9155
-10038
-10771
-10400
-8739
-6251
-3068
67
1938
2232
2697
4892
6570
5661
4490
5837
8119
8782
8343
8467
8354
6121
2822
786
-282
-2557
-5784
-7286
-6247
-5136
-5767
-6442
-5685
-4640
-4655
-4858
-3766
-1845
-368
1164
3770
6542
8159
8647
8749
8666
7775
6261
5091
4359
3557
2783
2231
1778
964
-473
-2035
-3415
-4636
-5459
-5743
-5450
-4748
-3698
-2479
-1319
-522
-87
281
618
939
1292
1694
2174
2711
2971
2715
2009
859
-523
-1995
-3590
-5247
-6794
-8017
-8950
-9369
-9036
-8004
-6213
-3586
-1168
-158
-194
408
2317
3794
3897
3948
4979
6633
8436
9645
9405
7887
6243
5099
3643
1361
-984
-2706
-3571
-3866
-4013
-4360
-4833
-5256
-5514
-5633
-5635
-5100
-4011
-2669
-1055
840
2826
4530
5666
6145
6140
5906
5754
5844
5740
5365
5089
4843
4317
3305
1799
134
-1349
-2624
-3560
-4193
-4428
-4097
-3529
-3184
-3012
-2796
-2465
-2077
-1787
-1390
-744
33
901
1609
1988
1931
1431
647
-138
-915
-1845
-2830
-3747
-4416
-4953
-5399
-5645
-5577
-5017
-3886
-2439
-1451
-1306
-1541
-1208
103
1542
2297
2478
2978
4328
5927
6663
6200
5260
4277
3538
2802
2023
1207
440
-1
-108
-52
-303
-902
-1593
-2003
-2304
-2807
-3121
-2932
-2144
-1232
-755
-589
-105
644
1259
1367
1052
922
1262
1954
2554
2890
2941
2920
2813
2548
2216
1662
1241
1007
973
996
939
831
710
659
364
-153
-642
-895
-848
-796
-910
-1012
-1026
-1097
-1355
-1779
-2188
-2452
-2706
-2915
-3073
-3317
-3428
-3644
-3885
-4097
-4396
-4464
-4188
-3374
-2178
-845
29
410
556
909
1622
1985
2067
1869
1881
2238
2698
3036
3103
2953
2617
2222
1860
1675
1664
1726
1741
1853
1932
1895
1744
1433
1201
835
350
-207
-521
-494
-339
-263
-486
-740
-1035
-1389
-1660
-1855
-1839
-1713
-1491
-1161
-680
-120
398
871
1229
1511
1704
2052
2493
2810
3085
3200
3215
3108
2869
2514
2001
1413
869
511
135
-380
-843
-1176
-1470
-1960
-2573
-3150
-3628
-4069
-4511
-4852
-5120
-5346
-5471
-5458
-5136
-4559
-3781
-2746
-1550
-621
-217
-309
-310
94
520
842
1013
1372
1940
2551
3074
3518
3761
3750
3627
3399
3379
3366
3390
3493
3725
3830
3545
3007
2404
1954
1416
603
-184
-743
-1103
-1336
-1466
-1679
-2077
-2576
-2929
-3114
-3291
-3381
-3171
-2645
-1968
-1211
-532
167
799
1343
1837
2092
2333
2640
2991
3266
3454
3472
3382
3175
2813
2362
1818
1409
1071
623
130
-318
-710
-1171
-1779
-2504
-3210
-3863
-4344
-4567
-4636
-4721
-4850
-4882
-4720
-4374
-3968
-3541
-2947
-2152
-1574
-1432
-1591
-1444
-909
-356
93
509
1099
1755
2392
2928
3560
3902
4068
4095
4087
4233
4336
4433
4481
4559
4380
3842
3088
2376
1829
1053
162
-578
-1088
-1386
-1611
-1812
-2083
-2521
-2934
-3177
-3335
-3368
-3166
-2615
-1918
-1165
-409
201
717
1105
1456
1601
1629
1748
2030
2417
2723
2911
2938
2872
2653
2294
1852
1306
887
522
191
-144
-498
-914
-1420
-1961
-2441
-2832
-3207
-3434
-3498
-3574
-3691
-3882
-4020
-4050
-4006
-3818
-3421
-2900
-2478
-2291
-2351
-2177
-1717
-1172
-698
-246
395
1008
1626
2253
3054
3648
3922
4053
4175
4417
4597
4673
4652
4607
4329
3775
3083
2305
1665
1018
284
-410
-976
-1329
-1470
-1586
-1831
-2186
-2552
-2744
-2813
-2787
-2468
-1943
-1388
-774
-164
356
639
728
853
992
1052
1152
1446
1835
2211
2434
2523
2382
2024
1637
1230
764
347
86
-102
-292
-537
-801
-1075
-1406
-1773
-2143
-2428
-2717
-2917
-3144
-3385
-3601
-3817
-3972
-3962
-3640
-3178
-2752
-2593
-2576
-2536
-2326
-1802
-1287
-808
-273
380
1101
1701
2341
3004
3435
3715
3803
3929
4111
4228
4217
4178
4048
3646
3092
2517
1935
1396
774
168
-312
-714
-907
-942
-932
-1150
-1534
-1759
-1852
-1825
-1735
-1441
-1057
-656
-270
74
357
471
538
579
667
794
933
1237
1555
1855
1957
1810
1565
1233
858
370
-74
-311
-431
-602
-752
-810
-900
-1100
-1488
-1881
-2196
-2559
-2951
-3284
-3572
-3747
-3838
-3731
-3347
-2808
-2287
-2086
-2182
-2378
-2270
-1936
-1471
-906
-346
339
1065
1752
2285
2749
3057
3232
3292
3276
3396
3646
3802
3797
3744
3517
3073
2489
1890
1370
830
295
-51
-269
-372
-385
-484
-602
-826
-1063
-1255
-1379
-1343
-1149
-804
-505
-152
161
378
486
512
572
520
598
784
1073
1339
1512
1627
1528
1337
1033
704
333
-65
-360
-489
-572
-722
-826
-981
-1197
-1501
-1866
-2214
-2549
-2868
-3160
-3439
-3700
-3826
-3800
-3554
-3139
-2702
-2198
-1918
-1829
-1908
-1790
-1405
-961
-432
26
718
1377
1946
2409
2835
3187
3224
3121
3018
3207
3354
3364
3295
3239
3107
2738
2216
1706
1284
787
349
18
-220
-306
-345
-396
-515
-707
-954
-1101
-1177
-1129
-981
-780
-464
-130
206
400
505
640
748
822
892
1083
1362
1570
1690
1700
1597
1383
1076
745
454
172
-128
-355
-568
-770
-984
-1272
-1634
-1964
-2307
-2688
-3045
-3341
-3596
-3870
-4042
-3981
-3822
-3539
-3178
-2568
-1953
-1586
-1545
-1635
-1316
-850
-376
21
535
1199
1793
2245
2514
2911
3090
3049
2828
2741
2872
2949
2907
2890
2918
2756
2444
1993
1655
1329
849
450
184
17
-112
-212
-324
-460
-696
-975
-1186
-1290
-1215
-1118
-919
-669
-407
-124
50
261
467
654
789
1014
1338
1605
1766
1859
1899
1822
1644
1385
1071
739
418
152
-81
-368
-741
-1181
-1637
-2029
-2425
-2881
-3355
-3752
-4034
-4270
-4518
-4579
-4485
-4261
-3866
-3215
-2443
-1832
-1555
-1474
-1225
-786
-276
118
539
1067
1646
2186
2549
2864
3045
3035
2890
2667
2586
2601
2617
2641
2654
2594
2402
2097
1725
1469
1169
802
484
248
142
136
91
-73
-356
-704
-917
-1090
-1203
-1190
-1113
-925
-741
-577
-403
-220
-60
110
287
497
783
1121
1462
1732
1883
1837
1687
1579
1476
1255
920
635
414
175
-214
-666
-1102
-1580
-2113
-2692
-3179
-3579
-4010
-4376
-4661
-4795
-4767
-4650
-4431
-3971
-3299
-2529
-1989
-1729
-1544
-1187
-624
-114
306
780
1348
1919
2364
2664
2936
3014
2944
2791
2674
2730
2763
2815
2879
2873
2671
2422
2082
1734
1415
1086
809
565
354
187
162
88
-99
-485
-837
-1051
-1258
-1283
-1222
-1100
-962
-793
-607
-466
-328
-190
24
247
457
731
1117
1501
1734
1851
1762
1639
1552
1404
1157
900
681
461
148
-281
-696
-1149
-1633
-2171
-2702
-3131
-3556
-3911
-4169
-4285
-4389
-4439
-4359
-4081
-3555
-2924
-2262
-1820
-1530
-1364
-1069
-573
-132
282
696
1218
1722
2110
2366
2602
2723
2683
2544
2484
2676
2890
3041
3128
3146
3034
2755
2374
1980
1631
1303
1026
795
587
476
396
209
-154
-672
-1052
-1350
-1573
-1643
-1550
-1372
-1182
-966
-800
-656
-526
-405
-203
69
412
757
1192
1586
1884
2023
1988
1897
1723
1503
1223
1011
787
519
141
-223
-623
-1211
-1787
-2391
-2879
-3309
-3689
-3978
-4162
-4230
-4242
-4167
-4022
-3761
-3371
-2817
-2176
-1632
-1297
-1105
-798
-296
164
472
791
1204
1622
1941
2113
2337
2471
2515
2468
2441
2666
2844
2972
2987
2985
2972
2778
2480
2112
1810
1533
1308
1111
948
813
652
452
120
-311
-741
-1065
-1288
-1395
-1389
-1293
-1119
-948
-801
-702
-574
-427
-305
-86
208
647
1070
1456
1748
1954
2018
1935
1822
1596
1338
1015
778
555
214
-105
-516
-964
-1495
-2076
-2609
-3053
-3391
-3674
-3861
-3960
-3970
-3887
-3739
-3495
-3175
-2720
-2202
-1686
-1329
-1131
-863
-479
-32
342
615
1029
1461
1805
2016
2224
2414
2532
2601
2596
2730
2893
3012
3090
3097
3068
2913
2600
2276
1951
1705
1452
1147
956
730
563
306
-63
-444
-811
-1025
-1230
-1333
-1303
-1161
-990
-842
-673
-599
-499
-446
-297
-24
270
600
945
1318
1615
1770
1772
1686
1527
1336
1069
758
531
266
-52
-400
-721
-1101
-1536
-2042
-2480
-2800
-3066
-3258
-3442
-3498
-3509
-3481
-3355
-3175
-2904
-2570
-2036
-1520
-1194
-1122
-1022
-715
-348
-24
258
685
1149
1506
1756
1993
2217
2321
2372
2417
2611
2828
2967
3065
3130
3194
3075
2782
2454
2109
1824
1506
1211
977
727
492
185
-176
-559
-926
-1180
-1377
-1472
-1446
-1319
-1170
-959
-782
-707
-646
-528
-293
9
305
665
1037
1360
1613
1711
1713
1599
1379
1180
919
640
353
61
-255
-574
-888
-1302
-1747
-2143
-2433
-2706
-2928
-3084
-3198
-3228
-3299
-3282
-3165
-2980
-2760
-2487
-2024
-1485
-1151
-1066
-1041
-788
-444
-169
61
452
934
1346
1630
1883
2163
2287
2342
2358
2515
2721
2887
3002
3114
3214
3088
2869
2546
2237
1965
1638
1319
1092
850
594
336
37
-266
-654
-922
-1092
-1218
-1216
-1206
-1084
-951
-798
-697
-658
-536
-352
-83
173
474
788
1083
1288
1355
1414
1333
1155
940
740
527
262
-8
-262
-521
-820
-1162
-1534
-1830
-2092
-2390
-2640
-2815
-2923
-3008
-3109
-3157
-3080
-2959
-2805
-2574
-2129
-1640
-1295
-1185
-1077
-785
-506
-300
-102
412
985
1422
1701
1971
2373
2507
2559
2545
2670
2812
2821
2878
2980
3063
2937
2631
2299
1973
1624
1266
891
648
431
278
117
-88
-256
-546
-677
-857
-950
-959
-924
-750
-627
-425
-322
-258
-175
-41
125
278
468
628
819
946
1039
1028
903
707
540
333
110
-83
-297
-446
-650
-786
-996
-1290
-1508
-1743
-1912
-2156
-2342
-2502
-2612
-2675
-2779
-2794
-2792
-2730
-2631
-2347
-1858
-1410
-1091
-1140
-1108
-901
-552
-144
200
722
1200
1666
1989
2355
2704
2903
2978
2865
2917
3003
3064
3106
3084
2985
2759
2375
1979
1595
1236
882
564
365
170
12
-91
-223
-409
-612
-818
-939
-942
-864
-728
-591
-380
-171
-61
18
94
196
307
379
449
524
592
639
661
551
366
166
-36
-221
-402
-540
-613
-728
-798
-923
-1116
-1321
-1487
-1651
-1880
-2124
-2290
-2358
-2426
-2509
-2591
-2603
-2623
-2647
-2422
-1999
-1575
-1357
-1375
-1275
-875
-462
-197
-34
410
1009
1518
1907
2321
2770
2992
3086
3024
3030
3084
2990
2953
2857
2743
2532
2199
1875
1493
1119
744
361
140
-109
-227
-246
-312
-405
-591
-712
-770
-767
-660
-560
-412
-158
55
178
274
366
449
432
381
337
360
397
370
345
217
70
-107
-296
-434
-631
-690
-749
-788
-815
-877
-944
-1061
-1195
-1404
-1624
-1844
-1997
-2111
-2200
-2261
-2367
-2408
-2449
-2493
-2413
-2187
-1808
-1436
-1329
-1306
-1218
-1000
-603
-168
404
920
1328
1808
2188
2658
2926
3085
3126
3022
3058
3001
3031
2991
2850
2657
2348
2023
1582
1149
766
444
217
-24
-263
-318
-406
-467
-599
-777
-775
-797
-628
-434
-253
30
198
366
438
463
484
454
466
462
435
396
313
270
190
3
-233
-451
-605
-739
-826
-858
-885
-885
-954
-1049
-1166
-1330
-1480
-1659
-1781
-1863
-1992
-2037
-2118
-2141
-2150
-2230
-2295
-2344
-2163
-1806
-1423
-1204
-1113
-971
-732
-472
-197
254
768
1250
1670
2086
2464
2781
2930
3019
3025
2923
2885
2797
2828
2802
2652
2508
2164
1783
1309
903
600
312
71
-170
-293
-345
-425
-524
-593
-648
-724
-709
-578
-384
-160
64
254
359
401
408
407
391
367
344
335
301
212
157
17
-179
-372
-552
-727
-866
-930
-967
-1008
-1108
-1233
-1355
-1482
-1629
-1800
-1872
-1946
-2005
-2020
-2021
-2001
-2006
-2064
-2097
-2070
-1882
-1559
-1228
-963
-840
-766
-504
-118
241
565
916
1336
1684
1990
2272
2534
2692
2695
2646
2583
2557
2462
2396
2290
2140
1933
1650
1305
906
566
268
55
-184
-387
-529
-571
-555
-598
-586
-654
-624
-543
-404
-228
-81
125
274
396
419
451
481
537
551
481
448
388
301
155
6
-198
-371
-562
-760
-932
-1073
-1178
-1328
-1432
-1544
-1699
-1843
-2005
-2099
-2131
-2121
-2109
-2111
-2094
-2054
-2040
-2036
-2053
-2023
-1842
-1559
-1241
-893
-559
-316
-108
124
400
706
934
1226
1566
1892
2197
2366
2585
2659
2604
2519
2343
2254
2120
2019
1884
1712
1537
1234
901
529
239
12
-224
-392
-544
-580
-553
-567
-520
-525
-541
-512
-490
-373
-239
-91
74
210
350
426
460
535
552
558
514
503
456
319
197
55
-112
-336
-548
-750
-906
-1028
-1217
-1351
-1509
-1687
-1837
-1976
-2039
-2072
-2094
-2093
-2081
-2048
-2031
-2025
-1931
-1811
-1738
-1694
-1659
-1498
-1230
-745
-251
136
356
452
694
869
1087
1248
1500
1805
1914
2158
2333
2553
2585
2464
2301
2056
1885
1752
1678
1603
1480
1308
1131
858
513
229
4
-151
-257
-316
-358
-339
-296
-292
-353
-426
-455
-450
-394
-249
-90
117
280
410
494
486
488
476
449
398
318
252
180
62
-75
-279
-534
-728
-920
-1111
-1276
-1395
-1517
-1648
-1754
-1833
-1867
-1918
-1923
-1885
-1847
-1812
-1812
-1739
-1697
-1619
-1501
-1385
-1202
-926
-503
-49
291
455
531
653
797
961
1074
1329
1586
1827
2025
2148
2301
2315
2251
2051
1856
1749
1709
1681
1585
1489
1367
1244
1000
696
434
262
125
25
-76
-161
-214
-267
-332
-451
-527
-561
-582
-509
-393
-217
-30
150
295
366
369
358
396
375
323
243
201
132
-42
-181
-376
-585
-774
-971
-1160
-1343
-1465
-1567
-1673
-1757
-1803
-1854
-1881
-1886
-1905
-1856
-1800
-1715
-1611
-1523
-1390
-1232
-1062
-901
-704
-360
32
352
594
698
740
882
1017
1163
1325
1535
1735
1885
2014
2119
2174
2084
1943
1771
1682
1658
1589
1570
1476
1365
1236
1022
810
588
404
251
81
-50
-179
-281
-347
-439
-547
-622
-660
-613
-522
-375
-218
-51
126
249
333
346
368
383
391
369
249
200
93
-68
-220
-407
-590
-795
-990
-1178
-1358
-1519
-1651
-1767
-1835
-1896
-1957
-1929
-1910
-1843
-1768
-1700
-1606
-1501
-1353
-1225
-1034
-879
-754
-577
-300
108
410
650
747
766
834
905
1041
1194
1362
1531
1645
1776
1869
1900
1891
1801
1688
1608
1531
1493
1433
1373
1328
1264
1121
888
672
478
276
74
-122
-279
-437
-546
-618
-653
-699
-720
-709
-624
-489
-316
-148
-11
163
252
321
343
326
361
313
261
194
90
-48
-215
-393
-610
-831
-1060
-1276
-1493
-1656
-1788
-1916
-1980
-2035
-2043
-2035
-1990
-1931
-1827
-1710
-1581
-1438
-1283
-1070
-896
-721
-626
-525
-213
155
520
739
817
846
876
947
1023
1149
1311
1462
1557
1637
1694
1675
1699
1646
1545
1428
1356
1353
1333
1326
1318
1254
1097
878
648
421
200
-29
-194
-353
-487
-574
-613
-653
-693
-706
-699
-611
-489
-354
-244
-54
145
210
243
233
253
254
224
181
118
47
-49
-195
-387
-600
-839
-1042
-1259
-1496
-1645
-1775
-1828
-1854
-1857
-1837
-1815
-1776
-1713
-1624
-1536
-1411
-1267
-1074
-861
-695
-534
-436
-305
-59
271
625
858
942
935
958
1010
1086
1224
1349
1477
1500
1537
1602
1658
1719
1665
1558
1409
1323
1332
1342
1338
1353
1300
1177
981
712
501
265
83
-101
-260
-356
-425
-416
-443
-487
-526
-566
-559
-482
-375
-286
-112
31
116
115
119
136
156
122
72
17
-76
-149
-274
-402
-609
-873
-1074
-1268
-1433
-1563
-1629
-1667
-1648
-1640
-1654
-1662
-1650
-1566
-1507
-1406
-1299
-1195
-993
-796
-591
-454
-337
-176
43
339
612
839
1001
1054
1067
1096
1192
1261
1367
1454
1476
1558
1655
1712
1698
1555
1402
1268
1199
1209
1199
1247
1232
1138
1044
819
605
367
156
6
-130
-170
-179
-189
-198
-229
-281
-319
-351
-400
-371
-302
-215
-122
-32
27
46
18
-3
-12
-49
-93
-155
-187
-274
-444
-572
-710
-822
-916
-1017
-1132
-1218
-1272
-1254
-1236
-1189
-1139
-1154
-1100
-1072
-1036
-952
-889
-761
-663
-518
-408
-306
-189
-113
8
128
286
441
568
700
759
840
928
970
1052
1117
1165
1240
1283
1360
1372
1344
1317
1228
1222
1182
1110
1083
998
933
804
685
567
374
216
75
-5
-58
-123
-165
-180
-184
-234
-260
-287
-299
-290
-258
-231
-192
-150
-129
-106
-98
-85
-111
-147
-188
-300
-348
-452
-556
-667
-803
-890
-967
-1002
-1040
-1046
-1026
-1001
-998
-988
-979
-1012
-977
-966
-915
-850
-742
-626
-485
-355
-273
-182
-165
-108
-62
40
196
270
425
556
696
813
908
999
1056
1095
1129
1189
1229
1276
1287
1304
1281
1196
1140
1056
988
903
818
711
591
492
371
227
97
10
-57
-80
-109
-152
-124
-109
-130
-153
-156
-164
-160
-166
-159
-131
-109
-93
-66
-43
-83
-199
-269
-335
-404
-463
-540
-602
-639
-682
-736
-787
-835
-850
-870
-817
-756
-761
-736
-767
-780
-798
-802
-782
-739
-676
-624
-538
-465
-387
-364
-323
-268
-274
-192
-119
9
142
284
431
553
681
773
844
901
975
1029
1106
1127
1109
1129
1110
1056
978
921
841
760
663
567
468
361
273
158
84
19
-67
-46
-60
-55
-39
-37
-32
-33
-26
-34
-6
-1
28
32
52
48
0
-22
-97
-178
-272
-344
-437
-500
-553
-567
-565
-599
-599
-605
-581
-585
-617
-585
-563
-539
-537
-526
-506
-491
-496
-480
-482
-498
-481
-456
-411
-407
-441
-418
-398
-360
-318
-267
-180
-63
57
171
299
431
542
632
728
805
833
872
907
923
936
947
905
869
833
771
702
612
561
484
392
324
200
170
93
54
57
47
72
45
43
54
60
49
17
5
32
47
-1
-31
-43
-63
-117
-158
-224
-307
-372
-419
-439
-469
-476
-491
-468
-417
-422
-384
-388
-389
-392
-395
-380
-354
-328
-304
-309
-327
-327
-353
-365
-386
-445
-459
-492
-491
-488
-461
-426
-385
-329
-263
-175
-94
5
82
201
314
383
462
524
570
587
609
612
635
633
617
602
559
517
444
397
361
274
219
163
109
86
77
88
106
119
135
169
194
204
179
185
196
168
172
141
108
90
65
39
-3
-37
-78
-118
-157
-174
-181
-166
-161
-184
-148
-145
-115
-81
-43
-18
-14
3
2
15
-2
-26
-41
-68
-72
-153
-189
-218
-266
-305
-345
-367
-378
-397
-400
-367
-355
-290
-218
-132
-40
-9
91
143
200
239
266
312
333
370
387
387
398
399
358
333
303
232
176
117
62
16
-3
-18
-36
-40
-25
12
48
74
85
127
153
129
136
137
144
150
141
131
134
119
95
78
71
54
6
4
11
-24
-24
-36
-1
36
65
92
118
150
139
132
111
122
126
133
144
86
71
40
8
-42
-102
-163
-212
-234
-257
-257
-259
-243
-256
-227
-169
-174
-106
-61
11
76
136
186
207
234
249
261
268
272
257
266
253
220
207
168
134
90
38
-31
-72
-84
-95
-79
-77
-57
-38
-12
18
-22
17
25
22
23
41
86
111
122
141
145
142
133
88
87
76
32
43
58
83
106
118
150
140
140
130
124
142
149
167
181
191
142
130
93
44
-10
-69
-107
-142
-153
-170
-197
-233
-242
-259
-254
-245
-280
-238
-212
-167
-122
-58
3
42
62
70
85
99
111
92
117
127
92
91
83
63
23
-29
-97
-139
-163
-198
-233
-244
-225
-226
-200
-170
-199
-179
-188
-188
-166
-142
-137
-161
-143
-125
-90
-72
-60
-57
-26
-20
-74
-36
-24
-11
2
31
57
81
110
131
163
172
182
184
209
229
201
190
179
178
156
99
50
25
-11
-64
-83
-110
-114
-133
-139
-137
-195
-174
-195
-196
-179
-156
-122
-76
-20
30
64
82
113
109
130
136
94
113
119
131
114
95
89
71
22
-21
-72
-118
-140
-176
-174
-188
-226
-232
-250
-259
-285
-310
-320
-322
-315
-323
-306
-265
-227
-202
-168
-133
-147
-117
-120
-125
-100
-81
-46
-12
14
52
89
122
172
177
185
180
146
179
192
213
211
197
184
149
134
99
94
76
61
55
63
85
34
25
0
-19
-18
-21
-10
-16
-5
5
18
28
54
64
102
134
96
114
91
71
62
63
85
102
118
118
89
59
44
1
0
-28
-73
-61
-64
-49
-46
-56
-86
-128
-166
-192
-191
-187
-192
-177
-133
-107
-121
-99
-83
-91
-89
-93
-80
-59
-27
-4
30
61
91
88
100
132
88
85
73
87
85
52
40
43
46
34
32
1
-10
-35
-38
-25
-70
-48
-41
-31
-14
-11
3
-10
-13
-17
-8
13
47
62
87
106
85
91
51
33
5
2
6
15
54
73
86
94
105
90
82
98
63
72
79
71
80
75
70
48
7
-31
-63
-104
-122
-152
-134
-139
-185
-162
-195
-207
-205
-203
-204
-212
-197
-158
-119
-89
-53
-26
36
84
73
110
128
134
123
119
125
107
84
87
95
80
64
37
21
11
-56
-55
-55
-65
-41
-24
-5
-4
-8
-5
19
44
76
100
160
199
168
193
185
177
147
109
81
51
35
21
26
41
37
42
58
66
29
36
34
40
26
28
42
54
68
63
57
30
38
7
2
-21
-75
-54
-68
-71
-73
-75
-81
-89
-88
-94
-100
-99
-97
-81
-29
1
-5
38
52
58
77
79
56
48
63
92
114
124
123
104
110
97
13
-21
-50
-62
-68
-75
-72
-82
-73
-65
-62
-64
-53
-49
-15
11
3
49
73
96
105
115
126
126
117
92
85
63
64
72
88
88
47
52
39
25
5
7
-14
-25
-18
-24
-18
-32
-16
-23
-5
0
-61
-60
-64
-56
-56
-46
-30
-14
-30
-53
-67
-92
-90
-107
-94
-62
-73
-38
-13
-1
-1
-3
-6
-17
-17
-18
-11
21
67
89
117
132
91
102
58
43
36
28
46
25
32
20
5
-3
-6
-29
-32
-31
-48
-28
-30
-22
-24
-25
-39
-53
-45
-36
-43
-47
-35
-28
-10
-15
-35
-16
-6
6
-2
-10
9
34
33
28
6
-6
10
-8
10
10
-45
-34
-47
-31
-35
-43
-42
-45
-39
-52
-47
-53
-64
-55
-47
-51
-89
-71
-56
-48
-41
-38
-34
-36
-22
-35
-24
-45
-42
-27
1
57
48
84
114
117
100
70
38
34
46
46
47
47
45
31
26
22
-43
-47
-55
-48
-53
-64
-43
-28
-22
-23
-19
-13
7
13
38
52
22
48
52
56
56
50
36
44
33
10
-1
-29
-22
-38
-49
-73
-118
-97
-105
-106
-118
-114
-92
-80
-62
-40
-34
-34
-18
-5
4
12
-29
-31
-41
-48
-61
-64
-61
-67
-64
-91
-108
-105
-101
-104
-84
-75
-86
-34
-6
17
38
41
57
64
65
32
43
51
58
59
73
80
19
24
-22
-66
-94
-85
-87
-108
-107
-103
