-20
-21
-44
-49
-36
-45
-38
-53
-27
2
-28
-24
-48
-45
-28
-33
-61
-73
-32
-15
-16
-20
-19
-9
7
14
-9
12
4
-2
-4
-18
-13
1
-3
-6
3
24
51
27
37
55
-6
14
12
26
26
22
29
32
44
45
64
56
55
37
67
70
37
74
62
67
56
53
49
39
38
51
68
55
57
40
66
79
28
38
25
52
65
65
73
66
66
58
63
36
25
31
56
59
11
27
22
19
16
28
31
33
21
4
12
16
43
36
52
77
48
58
55
62
57
47
38
43
47
41
44
33
44
39
64
82
55
53
43
77
98
59
35
40
47
50
61
59
64
49
72
85
20
39
32
32
21
18
14
4
-9
-16
9
10
16
8
25
36
-14
2
0
-6
-11
-3
3
3
0
-27
-24
-31
-18
-27
-9
5
-27
-7
-10
-10
-23
-20
-21
-23
-18
-22
-9
-15
-6
-28
-6
24
-19
-12
-24
2
11
1
9
19
9
3
10
8
24
19
27
41
-1
11
21
16
0
3
-2
9
20
18
19
15
16
-4
24
34
-7
28
22
23
11
3
20
-1
-8
-22
-22
-20
-2
-15
2
21
-17
0
-1
-1
-10
-12
-6
-11
-4
20
21
13
10
-19
-3
9
-22
21
6
9
13
7
-4
-11
-5
-3
-13
-14
-15
-34
-8
2
-35
-22
-25
-25
-35
-37
-18
-29
-33
-28
-41
-60
-67
-83
-51
-31
-57
-20
-18
-46
-45
-51
-50
-36
-28
-22
-13
2
4
-6
21
28
-17
0
4
-3
25
34
31
28
27
2
-1
-3
13
23
43
62
13
27
23
35
39
27
38
34
30
28
18
20
13
-36
-14
16
-13
-1
-12
12
33
39
14
8
16
5
19
10
14
-1
20
41
-2
-2
-6
2
11
4
21
26
32
32
29
17
8
-8
2
13
-37
-11
-19
-18
-33
-49
-54
-51
-35
-34
-31
-28
-27
-49
-40
-32
-56
-29
-41
-50
-39
-42
-25
-25
-34
-50
-53
-63
-59
-60
-46
-10
-29
-24
-57
-44
-23
-31
-52
-67
-49
-44
-44
-37
-38
-48
-31
-24
-47
-26
-37
-23
-25
-24
-26
-29
-7
-19
-25
-47
-37
-33
-3
22
-22
-2
22
5
-15
-4
3
-5
-11
-7
17
8
2
-10
-2
9
-19
-7
-19
-10
-6
10
2
-23
-29
-30
-19
-26
-22
-25
-23
-16
-38
-17
-36
-44
-29
-37
-54
-65
-45
-43
-53
-56
-46
-57
-39
-3
-29
-10
-30
-12
-33
-54
-50
-36
-10
-40
-39
-34
-24
-36
-21
-3
-25
2
5
-1
-18
-6
13
16
15
5
6
-10
-8
-2
17
27
-15
-1
-7
-2
-9
-8
11
3
7
9
22
0
-11
-17
-14
0
-19
-6
-29
-27
-22
0
-13
-36
-26
-21
-18
-35
-22
-43
-34
-24
-71
-62
-72
-49
-50
-56
-59
-62
-47
-42
-33
-40
-38
-38
-10
14
-6
24
39
35
-5
-24
-7
-20
-31
-24
-10
-18
-14
-6
8
1
-35
-11
-24
-22
5
13
23
34
20
7
17
20
26
14
30
60
29
41
36
40
41
42
32
37
61
58
55
39
37
30
35
30
-6
6
24
32
35
34
25
33
25
14
17
23
46
44
70
77
29
45
42
32
34
51
63
49
49
47
50
35
24
17
33
72
55
72
67
86
94
72
67
48
33
17
18
30
66
55
67
75
48
69
48
27
27
30
37
61
68
65
43
21
43
32
44
60
54
96
107
130
106
84
84
63
71
72
70
65
83
71
79
100
65
92
65
61
59
62
71
54
46
43
55
53
52
25
41
56
17
29
36
48
29
35
23
21
29
21
35
15
33
34
63
64
13
24
28
32
23
-3
-9
-8
-20
-16
-16
-26
-13
15
54
55
8
23
23
43
60
71
74
71
73
84
104
93
108
92
102
117
81
89
73
96
92
95
92
58
80
88
86
78
78
78
89
78
24
22
-13
-19
-27
-48
-44
-36
-32
-25
-22
-28
-47
-64
-61
-62
-91
-80
-99
-120
-133
-147
-142
-145
-164
-187
-178
-195
-167
-175
-191
-162
-183
-128
-110
-81
-47
-12
28
70
135
180
231
256
280
313
336
342
283
247
244
206
161
123
61
30
14
0
6
16
21
22
52
77
52
67
73
79
80
86
73
49
19
-48
-103
-188
-271
-372
-465
-560
-685
-732
-756
-759
-747
-740
-685
-639
-601
-606
-619
-613
-654
-745
-822
-800
-618
-295
7
346
713
1049
1330
1529
1600
1468
1156
798
480
107
-260
-579
-841
-965
-1015
-907
-720
-565
-434
-279
-96
28
66
89
112
98
159
336
494
659
811
987
1140
1241
1250
1158
969
691
424
181
-81
-333
-529
-645
-681
-584
-453
-293
-178
-25
115
207
231
116
-29
-216
-407
-585
-700
-819
-981
-1023
-999
-941
-881
-851
-876
-937
-993
-1069
-1232
-1450
-1488
-1127
-429
105
252
570
1420
2273
2380
2044
1899
1907
1474
555
-61
-254
-656
-1438
-1825
-1458
-1044
-1019
-1133
-829
-304
-32
3
13
80
107
95
120
242
455
684
812
902
1199
1517
1606
1378
1083
915
739
384
-52
-360
-515
-580
-608
-511
-272
-59
144
277
425
635
748
647
381
268
319
294
71
-104
-71
26
-19
-163
-178
-233
-466
-810
-1080
-1234
-1385
-1658
-1932
-1960
-1831
-1728
-1721
-1677
-1589
-1497
-1206
-452
540
1114
1105
1310
2424
3360
3045
2237
1951
2032
1455
264
-374
-492
-997
-2022
-2348
-1710
-1186
-1460
-1800
-1324
-517
-123
-131
-102
126
384
553
740
990
1246
1404
1398
1506
1745
1885
1640
1047
597
446
293
-184
-663
-877
-914
-776
-656
-421
-119
107
325
527
735
922
974
804
546
495
657
642
329
115
194
334
221
-25
-184
-308
-611
-1018
-1266
-1386
-1575
-1913
-2113
-2016
-1849
-1725
-1771
-1748
-1547
-1397
-1442
-1598
-1432
-631
378
984
1118
1426
2620
3668
3466
2709
2269
2282
1739
382
-675
-970
-1318
-2271
-2916
-2507
-1660
-1485
-1776
-1447
-469
288
280
36
275
758
933
867
895
1271
1617
1537
1474
1699
1972
1786
1055
488
367
242
-320
-1001
-1295
-1117
-908
-898
-689
-203
304
639
884
1169
1396
1479
1238
940
854
870
718
325
51
120
324
262
-11
-130
-92
-226
-659
-1045
-1216
-1337
-1729
-2112
-2142
-1927
-1841
-2027
-2079
-1844
-1526
-1637
-2028
-2057
-1867
-1450
-691
287
1226
1553
1891
3199
4446
4350
3213
2436
2413
1861
321
-1069
-1577
-1927
-2804
-3324
-2740
-1773
-1630
-1972
-1473
-271
584
470
84
291
805
1107
1071
1115
1379
1613
1727
1870
2104
2172
1808
1125
556
324
46
-657
-1473
-1854
-1591
-1140
-894
-663
-249
451
1064
1435
1715
1814
1786
1523
1157
964
933
734
255
14
179
560
674
352
143
191
130
-224
-806
-1258
-1572
-1953
-2255
-2340
-2207
-2113
-2209
-2214
-1998
-1655
-1658
-2081
-2432
-2494
-2367
-2308
-2108
-1235
225
1458
1960
2538
3966
5290
5193
3958
3040
2869
2165
327
-1460
-2172
-2405
-3068
-3665
-3320
-2333
-1709
-1725
-1345
-287
578
569
102
112
564
888
824
745
1013
1529
1945
2089
2257
2394
2205
1570
877
425
5
-771
-1681
-2101
-1845
-1360
-1108
-831
-242
612
1351
1708
1917
1973
1898
1691
1325
1034
869
650
358
265
507
887
1044
797
648
675
572
141
-575
-1187
-1556
-1903
-2246
-2425
-2332
-2140
-2054
-1904
-1594
-1366
-1396
-1748
-2153
-2284
-2386
-2770
-3099
-3060
-2584
-1657
-303
1498
2852
3263
3812
5265
6396
5570
3544
2168
1835
918
-1203
-2858
-3194
-3151
-3582
-3758
-2704
-1271
-902
-1312
-951
236
827
187
-672
-657
20
476
503
687
1358
2158
2603
2920
3215
3162
2533
1445
654
248
-397
-1474
-2384
-2434
-1807
-1194
-801
-304
492
1305
1913
2251
2244
2004
1722
1354
1030
858
760
683
622
746
1229
1719
1709
1367
1005
732
439
-307
-1276
-1999
-2363
-2583
-2719
-2664
-2394
-2035
-1756
-1495
-1183
-920
-1184
-1895
-2392
-2639
-2824
-3152
-3521
-3535
-2987
-2184
-931
1052
2877
3784
3851
4504
6176
6588
4710
2343
1366
1275
130
-2038
-3286
-3137
-2934
-3314
-3175
-1975
-925
-1142
-1714
-1095
136
305
-690
-1364
-699
411
958
1101
1451
2296
3155
3572
3679
3698
3300
2266
1114
366
-9
-797
-2023
-2684
-2228
-1257
-645
-412
91
991
1768
2225
2271
2025
1783
1472
1225
1100
1071
1026
935
945
1281
1826
1994
1631
1044
669
464
-78
-1001
-1897
-2334
-2440
-2510
-2464
-2218
-1877
-1574
-1407
-1156
-872
-1043
-1559
-2311
-2783
-2831
-3328
-4024
-4268
-3560
-2602
-2319
-1897
-594
1575
3437
3989
3795
4176
5398
5590
4094
2238
1263
1007
-102
-1857
-2662
-2585
-2530
-3036
-3241
-2327
-1334
-1327
-1965
-1831
-797
-249
-577
-992
-418
719
1486
1888
2268
3056
3773
3917
3725
3463
3185
2289
866
-203
-611
-974
-1768
-2430
-2087
-1088
-326
5
464
1284
1978
2222
2083
1964
1913
1615
1200
991
1172
1381
1343
1269
1439
1848
1965
1540
924
435
55
-547
-1350
-2017
-2282
-2382
-2416
-2254
-1884
-1430
-1182
-1130
-1080
-1016
-1239
-1811
-2556
-3130
-3399
-3737
-4155
-4237
-3845
-3175
-2375
-1828
-1393
-262
1666
3294
3586
3050
3359
4815
5176
3602
1938
1394
1476
587
-1192
-2028
-1916
-2210
-3086
-3391
-2621
-1892
-2238
-2883
-2240
-891
-224
-397
-474
396
1621
2298
2476
2696
3286
3687
3538
3323
3190
2794
1811
596
36
-38
-481
-1424
-1984
-1568
-721
-254
-253
56
737
1286
1566
1646
1741
1747
1595
1468
1661
1925
1903
1645
1459
1627
1842
1647
1025
401
0
-314
-702
-1280
-1821
-2109
-2120
-2053
-1892
-1751
-1681
-1625
-1600
-1520
-1592
-1848
-2328
-2946
-3303
-3404
-3477
-3738
-4008
-3854
-3142
-2390
-1960
-1665
-1271
40
2140
3450
3314
2799
3744
5455
5393
3535
1978
1783
1685
268
-1515
-2228
-2209
-2745
-3688
-3531
-2365
-1740
-2280
-2568
-1371
67
467
3
-54
924
1972
2413
2384
2533
3139
3516
3405
3215
3190
2710
1557
516
208
136
-627
-1752
-2132
-1537
-662
-326
-340
140
1012
1764
2146
2278
2355
2267
2137
2045
2070
2043
1715
1344
1250
1435
1524
1199
549
19
-155
-382
-845
-1520
-2088
-2317
-2273
-2166
-2168
-2179
-2125
-1938
-1707
-1590
-1606
-1905
-2306
-2543
-2765
-2980
-3344
-3808
-4037
-3974
-3589
-3121
-2639
-2228
-1721
-398
1689
3426
3659
3051
3860
5713
6028
4103
1978
1568
1720
505
-1520
-2518
-2400
-2510
-3186
-3299
-2182
-1306
-1779
-2270
-1414
10
414
-311
-600
337
1607
2263
2256
2472
3311
3985
4048
3852
3764
3292
2126
959
526
296
-654
-1853
-2280
-1594
-624
-204
-18
479
1427
2392
2828
2805
2682
2428
2185
2068
1890
1625
1295
953
880
1192
1330
1042
469
-113
-257
-441
-1027
-1797
-2407
-2626
-2528
-2357
-2312
-2257
-2046
-1673
-1283
-1181
-1304
-1581
-2097
-2614
-2969
-3420
-4056
-4694
-5027
-4865
-4297
-3693
-3106
-2336
-1338
481
2814
4114
4064
3850
5017
6415
5773
3546
1871
1745
1549
54
-1712
-2355
-2154
-2447
-3068
-2926
-2034
-1749
-2495
-2685
-1570
-501
-529
-1145
-843
588
1941
2570
2720
3197
4186
4789
4658
4309
3951
3072
1785
844
443
-68
-1242
-2205
-2024
-1107
-439
-399
-159
747
1653
2156
2363
2285
2183
2075
1944
1999
1962
1678
1455
1481
1671
1839
1586
987
482
4
-381
-821
-1561
-2365
-2771
-2734
-2542
-2394
-2391
-2250
-1853
-1468
-1280
-1420
-1806
-2063
-2423
-3046
-3510
-4141
-4642
-4976
-5083
-4456
-3952
-3457
-2673
-1886
-300
1896
3661
4326
3978
4429
6250
6770
4847
2630
1850
2029
1211
-996
-2436
-2447
-2507
-3081
-3398
-2815
-1951
-2300
-2897
-2043
-670
-177
-677
-943
15
1558
2509
2656
2739
3427
4545
4977
4589
4088
3533
2676
1633
881
379
-535
-1811
-2411
-1823
-913
-718
-1027
-561
848
1949
2244
2224
2248
2502
2635
2515
2427
2165
1811
1595
1632
1843
1667
945
203
-55
-245
-752
-1525
-2372
-2782
-2736
-2614
-2576
-2593
-2572
-2385
-1943
-1595
-1610
-1970
-2321
-2443
-2623
-3123
-3840
-4365
-4773
-5128
-5090
-4635
-3992
-3481
-2922
-1652
642
2998
4350
4353
4448
6217
7617
6577
4119
2456
2321
1818
-237
-2265
-2962
-3038
-3333
-3725
-3397
-2428
-2218
-2812
-2444
-1056
-222
-565
-1155
-494
975
2059
2572
2772
3380
4451
5247
5299
4863
4245
3357
2242
1307
538
-563
-1953
-2885
-2725
-1769
-1242
-1310
-975
265
1782
2496
2575
2601
2683
2886
2966
2824
2495
2016
1701
1767
1959
1859
1256
487
40
-142
-619
-1465
-2401
-3155
-3317
-3169
-3037
-3015
-3063
-2743
-2108
-1534
-1335
-1670
-2147
-2245
-2400
-2845
-3618
-4413
-4769
-5121
-5199
-4814
-4220
-3529
-3007
-2162
53
3032
4585
4329
4059
5743
7821
7031
4120
2135
2110
2074
162
-2204
-3013
-2771
-2992
-3532
-3169
-2063
-1687
-2466
-2460
-880
258
-148
-1079
-773
910
2346
2650
2559
3057
4288
5205
5169
4646
4078
3281
2177
1262
595
-225
-1599
-2765
-2532
-1354
-613
-841
-797
424
2081
2876
2733
2638
2724
2876
2911
2714
2406
1850
1426
1446
1743
1728
1026
154
-257
-244
-581
-1504
-2420
-2951
-3055
-2879
-2725
-2707
-2674
-2518
-1946
-1360
-1185
-1600
-2328
-2609
-2679
-3099
-3982
-5015
-5514
-5435
-5358
-4955
-4347
-3662
-2539
-871
1670
4102
5155
4849
5466
7445
7950
6162
3382
2110
2179
830
-1399
-2921
-3351
-3268
-3570
-3654
-2775
-1877
-2231
-2603
-1525
-182
26
-807
-1022
301
1697
2367
2649
2989
3931
4912
5313
5162
4627
3748
2577
1629
895
-67
-1428
-2711
-2889
-2078
-1175
-951
-787
184
1644
2727
3024
3059
3015
2895
2908
2905
2645
1989
1382
1305
1611
1713
1216
443
-30
-141
-448
-1248
-2094
-2773
-3200
-3136
-2965
-2813
-2695
-2707
-2236
-1597
-1235
-1381
-2057
-2463
-2663
-3025
-3749
-4800
-5544
-6092
-6211
-5768
-5104
-4336
-3564
-1425
1752
4214
5268
5256
6742
8699
8273
6158
3883
3058
2371
66
-2175
-3080
-3160
-3666
-4217
-3812
-2547
-1736
-2451
-2532
-1176
-243
-465
-1371
-1194
195
1205
1714
2242
3187
4412
5295
5625
5615
5345
4316
2897
1752
768
-350
-1996
-3270
-3236
-2423
-1698
-1490
-887
533
2104
2965
3127
3364
3455
3322
3062
2745
2449
1888
1449
1344
1586
1649
1163
573
174
-38
-538
-1483
-2314
-2895
-3230
-3176
-3076
-3007
-2766
-2442
-1907
-1365
-1253
-1501
-1914
-2343
-2748
-3324
-4339
-5351
-6061
-6517
-6485
-6324
-5617
-4341
-2846
-331
2556
4757
5662
6273
8138
9183
7879
5411
3687
3092
1589
-1088
-3064
-3585
-3563
-4058
-4334
-3589
-2330
-2102
-2687
-1977
-755
-589
-1305
-1713
-741
478
1116
1614
2464
3813
5116
5809
5938
5900
5444
4253
2917
1709
424
-1094
-2669
-3348
-2952
-2350
-1948
-1473
-265
1438
2637
3139
3442
3606
3573
3416
3075
2656
2067
1527
1504
1628
1598
1270
774
466
253
-256
-1138
-2023
-2710
-3113
-3258
-3320
-3278
-3096
-2739
-2095
-1547
-1455
-1604
-2018
-2424
-2794
-3513
-4430
-5624
-6715
-7104
-7210
-6873
-5837
-4707
-2698
401
3362
5481
6263
7621
9643
9443
7366
5309
3989
2622
224
-2423
-3655
-3721
-4310
-4874
-4531
-3270
-2131
-2546
-2741
-1469
-738
-1171
-1814
-1634
-476
459
956
1878
3346
4868
5956
6444
6711
6773
5746
4094
2704
1294
-374
-2346
-3682
-3822
-3386
-2907
-2426
-1340
340
2018
2827
3244
3908
4016
3718
3324
2999
2691
2121
1712
1731
2018
1890
1487
1097
674
339
-559
-1755
-2485
-3150
-3704
-3846
-3764
-3420
-3009
-2588
-1937
-1483
-1478
-1790
-2216
-2745
-3654
-4453
-5503
-6669
-7055
-7715
-7490
-6160
-4960
-2919
-353
2481
5299
6518
7437
9326
9836
8078
5909
4224
2973
1169
-1896
-3736
-3852
-4179
-4497
-4736
-4077
-2588
-2464
-2941
-2171
-1228
-1361
-2004
-1980
-833
437
980
1729
3260
4984
6280
6684
6799
7011
6285
4677
3022
1601
26
-2024
-3567
-3893
-3462
-3067
-2720
-1758
21
1751
2451
2962
3660
3904
3779
3360
3067
2936
2434
2068
2291
2470
2285
1895
1343
1036
594
-564
-1776
-2653
-3347
-3818
-4105
-4073
-3724
-3340
-2794
-2109
-1631
-1582
-1986
-2429
-2941
-3757
-4952
-6388
-7379
-7894
-8056
-7167
-5713
-3872
-1115
2056
5185
7020
7982
9792
10572
9114
6661
4573
3138
948
-2101
-4232
-4608
-4604
-4924
-4981
-4215
-2563
-2039
-2649
-2134
-1213
-1284
-2084
-2426
-1426
-180
476
1307
2938
4902
6397
7058
7255
7557
7111
5398
3518
1869
238
-1716
-3507
-4044
-3764
-3291
-2725
-1654
79
1589
2468
3013
3601
3871
3563
2917
2562
2585
2215
1941
2112
2445
2799
2600
2171
1877
1263
143
-1127
-2330
-3245
-3932
-4646
-4724
-4215
-3684
-3034
-2460
-1894
-1504
-1708
-2212
-2973
-4018
-5235
-6470
-7555
-8496
-8490
-7323
-5708
-3396
-467
2738
5942
7640
8881
10708
10785
8812
6139
3886
2447
-1
-3372
-5188
-5209
-5013
-4941
-4761
-3804
-2045
-1664
-2130
-1461
-1029
-1558
-2454
-2676
-1516
-369
164
1226
3268
5409
6971
7612
7733
7952
7160
5298
3361
1429
-517
-2502
-3972
-4189
-3741
-3211
-2489
-1095
870
2336
3103
3471
3774
3945
3452
2750
2229
1828
1575
1592
1888
2341
2618
2485
2370
2208
1571
402
-1040
-2247
-3160
-3928
-4551
-4632
-4317
-3801
-3030
-2434
-1957
-1719
-2039
-2624
-3469
-4605
-5917
-7464
-8596
-8894
-8146
-6595
-4571
-1425
2011
5230
7564
9278
11548
11846
9740
7161
5033
3268
64
-3663
-5675
-5927
-5889
-6117
-5608
-4269
-2524
-1728
-1851
-1095
-577
-1355
-2446
-2754
-1870
-1054
-710
375
2553
5025
6777
7681
8101
8496
8066
6156
4034
1981
-245
-2533
-4261
-4557
-4264
-3859
-3049
-1328
1023
2670
3572
4075
4513
4645
4038
3095
2213
1657
1117
957
1360
1746
2076
2176
2349
2572
2010
801
-500
-1681
-2745
-3694
-4568
-4922
-4601
-4169
-3576
-2796
-2256
-1973
-2128
-2613
-3311
-4390
-5939
-7614
-8740
-9111
-8028
-6336
-4169
-818
2385
5608
8295
10614
12301
11432
9396
7429
5357
2451
-1442
-4665
-6307
-6695
-7006
-7021
-5979
-4415
-2776
-1915
-1297
-372
-629
-1573
-2087
-1931
-1457
-1409
-971
646
3037
5171
6575
7673
8430
8801
7982
6115
4196
1795
-752
-2928
-4221
-4561
-4745
-4367
-2996
-807
1206
2519
3499
4297
4886
4681
3890
3082
2345
1709
1267
1292
1607
1856
2045
2303
2631
2483
1525
308
-886
-1952
-3040
-4127
-4856
-4973
-4574
-4103
-3520
-2992
-2466
-2136
-2242
-2716
-3587
-4728
-6079
-7203
-8284
-8236
-7024
-5412
-2356
531
3472
6608
8627
11047
11897
10338
8381
6320
4149
1112
-2569
-5345
-6318
-6708
-7143
-6497
-5520
-3972
-2506
-2153
-1122
-331
-938
-1740
-2107
-1590
-1076
-1029
-388
1485
3877
5560
6772
7566
8184
8367
6933
5121
3250
979
-1277
-3245
-4017
-4115
-4115
-3629
-2030
153
1775
2860
3487
4233
4706
4271
3478
2641
2151
1757
1430
1618
1953
2179
2196
2329
2476
1953
840
-526
-1629
-2536
-3506
-4358
-4889
-4756
-4360
-3861
-3307
-2893
-2641
-2815
-3267
-3833
-4751
-6147
-7375
-8028
-7605
-6212
-4642
-1754
1492
4338
7042
9143
11587
12122
10009
7897
6152
4105
625
-3299
-5718
-6357
-6621
-7286
-6814
-5460
-3932
-2806
-2409
-1276
-597
-1409
-2231
-2209
-1441
-1018
-968
-63
2069
4447
5911
6900
7757
8369
8127
6469
4636
2812
522
-1830
-3485
-3901
-3935
-3986
-3365
-1579
602
2022
2801
3396
4130
4394
3750
2997
2377
1945
1614
1592
2019
2420
2585
2621
2864
2863
1982
546
-891
-2008
-3026
-4117
-4969
-5163
-4818
-4348
-3871
-3304
-2949
-3005
-3498
-4271
-4851
-5959
-7283
-8304
-8303
-6495
-4325
-1463
1288
4058
7415
9989
12357
12562
10456
8503
6673
4361
635
-3407
-5990
-6982
-7377
-7695
-6954
-5835
-4650
-3213
-2295
-1062
-685
-1811
-2473
-2174
-1382
-1270
-1440
-321
2060
4536
5997
7086
8009
8499
8190
6568
4755
2632
-57
-2501
-3936
-4127
-4331
-4534
-3579
-1317
1025
2300
2952
3602
4343
4403
3567
2807
2131
1538
1305
1510
2207
2678
2721
2954
3445
3491
2391
745
-871
-2027
-3048
-4486
-5417
-5746
-5406
-4678
-4141
-3366
-3100
-3336
-3698
-4213
-4927
-6548
-8227
-8754
-7650
-5739
-3533
-773
2356
6105
9019
11364
13245
12465
10368
8297
6058
3209
-1081
-5012
-6925
-7545
-7984
-7964
-7164
-5833
-3883
-2566
-1809
-779
-996
-1828
-2139
-1924
-1436
-1561
-1341
304
2898
5038
6345
7325
8081
8636
7821
5776
3657
1272
-1266
-3340
-4395
-4643
-4771
-4312
-2568
-40
1919
2886
3535
4231
4634
4134
3004
2016
1254
923
927
1291
1897
2400
2916
3425
3812
3372
1976
374
-1132
-2285
-3570
-4983
-5807
-5829
-5193
-4446
-3829
-3472
-3411
-3653
-4229
-4990
-6355
-8045
-8910
-8127
-6366
-3788
-683
2204
5706
9172
12305
14228
13102
10914
9206
6963
3398
-1151
-5119
-7218
-8019
-8715
-8546
-7314
-5919
-4237
-2792
-1307
-28
-596
-1780
-1979
-1493
-1340
-1858
-1721
-26
2635
4682
6005
7246
8271
8623
7610
5830
3836
1169
-1855
-4178
-4997
-5193
-5536
-5022
-2882
-25
2106
3299
4162
5094
5416
4645
3527
2333
1221
500
187
552
1170
1468
1921
2770
3411
3130
1922
411
-805
-1947
-3380
-4736
-5552
-5731
-5333
-4751
-4165
-3681
-3790
-3963
-4272
-4898
-5776
-7192
-7155
-5915
-4075
-1237
1121
3783
6729
9811
12593
12651
10957
9269
7856
5298
1133
-2772
-5612
-7023
-8085
-8625
-7795
-6730
-5233
-3898
-2375
-395
106
-616
-1082
-491
108
-338
-758
-100
1807
3602
4642
5561
6448
7139
6621
5194
3867
1910
-803
-3276
-4360
-4533
-5008
-5158
-3796
-1133
1029
2401
3585
4593
5393
5188
4378
3509
2559
1672
940
863
1175
1287
1188
1431
2055
1949
1035
-153
-1218
-2073
-3061
-4161
-5054
-5351
-5127
-4804
-4417
-4234
-4325
-4523
-4831
-5029
-5571
-6061
-5294
-3645
-1277
1060
3219
5944
8381
10647
11804
10959
9490
7872
5719
2682
-707
-3712
-5838
-7198
-8049
-7781
-7115
-6313
-4916
-3609
-2049
-735
-575
-589
-195
464
876
926
1357
2527
3941
4965
5807
6372
6539
6110
4763
3229
1467
-804
-3213
-4962
-5425
-5600
-5628
-4659
-2650
-457
1330
2828
4165
5135
5315
4976
4432
3657
2905
2098
1628
1752
1849
1711
1672
1813
1717
947
-216
-1325
-2371
-3445
-4505
-5258
-5556
-5577
-5353
-4996
-4752
-4741
-4986
-5204
-5296
-5659
-5976
-5151
-3260
-792
1771
4114
6798
9302
11587
12921
12040
10159
8367
6231
3073
-780
-4123
-6327
-7693
-8622
-8629
-7899
-6998
-5710
-4355
-2860
-1373
-1009
-1135
-635
355
1079
1259
1743
3108
4903
6133
6874
7439
7588
7101
5531
3598
1688
-807
-3665
-5786
-6452
-6646
-6907
-6212
-4210
-1773
212
1746
3160
4394
4907
4770
4330
3787
3235
2538
2139
2368
2548
2378
2233
2297
2263
1461
61
-1227
-2374
-3539
-4707
-5604
-6071
-6022
-5803
-5558
-5202
-5192
-5421
-5751
-5978
-6240
-6502
-5578
-3630
-861
1780
4064
7169
10060
12534
13646
12610
11246
9766
7378
3926
130
-3027
-5329
-7155
-8456
-8461
-8005
-7605
-6445
-5105
-3588
-2385
-2302
-2060
-1121
13
644
948
1900
3644
5484
6559
7417
8127
8272
7627
5975
4137
2094
-590
-3430
-5380
-6037
-6582
-7021
-6289
-4333
-2123
-456
873
2260
3452
3917
3865
3604
3178
2837
2488
2325
2681
2842
2711
2727
2745
2502
1540
25
-1262
-2324
-3542
-4636
-5551
-5939
-5617
-5395
-5253
-4998
-5079
-5329
-5772
-6308
-6734
-6928
-5999
-4058
-1503
1297
4018
7008
9683
12205
13543
12579
10933
9229
7128
3978
163
-2839
-4816
-6073
-7002
-7072
-6558
-5912
-4825
-4020
-3063
-2129
-2293
-2549
-2131
-1141
-366
44
1012
2866
5011
6455
7385
8084
8401
7885
6112
4100
2035
-515
-3314
-5280
-5840
-6125
-6281
-5449
-3600
-1476
157
1272
2282
3114
3309
3016
2469
1951
1718
1440
1443
2057
2541
2659
2760
2857
2658
1686
193
-1209
-2554
-3718
-4793
-5708
-5986
-5840
-5405
-5184
-5169
-5091
-5392
-5840
-6384
-7115
-6862
-5518
-3516
-632
1849
4558
7866
10690
12948
13268
11878
10487
8852
6031
2316
-1148
-3809
-5380
-6604
-7151
-6493
-5844
-4993
-3686
-2521
-1401
-1113
-1635
-1668
-1018
-437
-247
205
1416
3489
5323
6420
7461
8103
8149
7136
5265
3322
979
-1825
-4331
-5579
-6027
-6438
-6167
-4649
-2373
-540
796
1995
3022
3581
3351
2785
2169
1645
1312
1044
1227
1830
2200
2367
2618
2660
2109
876
-597
-1952
-3194
-4461
-5408
-5989
-5942
-5363
-4977
-4611
-4412
-4496
-4822
-5456
-6285
-7124
-6932
-5687
-3654
-749
1686
4506
7846
10678
13038
13116
11540
10119
8372
5491
1675
-1933
-4543
-5877
-6879
-7300
-6407
-5536
-4402
-2932
-1748
-498
-240
-899
-985
-375
230
323
659
1825
3886
5672
6653
7589
8062
7865
6665
4789
2800
271
-2553
-4888
-5833
-6010
-6228
-5662
-3925
-1589
378
1712
2749
3582
3829
3393
2778
2015
1356
950
714
1168
1829
2045
2174
2394
2438
1781
371
-1185
-2529
-3772
-4895
-5765
-6033
-5816
-5458
-4869
-4313
-4140
-4444
-4807
-5301
-6019
-6782
-6826
-5165
-2713
-39
2313
4961
8365
11381
13097
12498
10893
9520
7491
4300
327
-2947
-5104
-6646
-7480
-7326
-6360
-5466
-4436
-2887
-1344
-272
-459
-1048
-709
106
623
652
1237
2861
4973
6599
7476
8251
8470
7856
6356
4276
2020
-778
-3780
-5807
-6340
-6424
-6531
-5616
-3455
-845
1089
2286
3269
4011
4165
3636
2802
1976
1361
901
821
1441
1975
2098
2227
2455
2394
1353
-324
-1991
-3461
-4645
-5710
-6574
-6840
-6428
-5727
-4977
-4579
-4571
-4642
-5151
-5736
-6384
-6790
-6064
-4477
-1545
1266
3593
6713
9861
12711
13529
12202
10716
9122
6468
2531
-1215
-4180
-6077
-7392
-8248
-7385
-6247
-5420
-4115
-2680
-1069
-387
-900
-1160
-553
250
562
945
2025
4023
6191
7485
8612
9374
9203
8026
6008
3897
1273
-2011
-5092
-6623
-6824
-7107
-6829
-5308
-2762
-269
1406
2684
3743
4274
4022
3465
2757
2047
1521
1069
1403
2154
2458
2537
2632
2650
2099
650
-1207
-2855
-4299
-5660
-6702
-7264
-7142
-6465
-5901
-5417
-4795
-4618
-4856
-5302
-6135
-6702
-6273
-5267
-3001
-105
2022
4977
8249
11100
13272
12770
11102
9908
7976
4643
644
-3011
-5343
-6579
-7911
-8061
-6964
-6053
-4790
-3362
-1889
-596
-586
-1139
-874
10
533
621
1139
2851
5265
6847
7744
8622
9118
8627
6922
4760
2503
-360
-3516
-5770
-6442
-6616
-6795
-5955
-3783
-1128
868
2096
3100
3992
4273
3727
2954
2195
1710
1385
1323
1974
2498
2617
2732
2863
2685
1578
-198
-2002
-3425
-4754
-6079
-6998
-7263
-6887
-6225
-5741
-5302
-4961
-5010
-5413
-5985
-6668
-6645
-5427
-3761
-1194
1344
3736
7103
10126
12234
12627
11295
9922
8358
5463
1515
-1887
-4480
-6181
-7133
-7721
-7020
-6017
-5148
-3761
-2406
-1366
-1136
-1546
-1484
-691
14
325
1114
2666
4946
7007
8125
8963
9386
9014
7568
5191
2679
-126
-3215
-5751
-6878
-6993
-7095
-6430
-4337
-1660
495
1923
3038
3972
4438
3966
3205
2517
1895
1660
1565
1957
2661
2922
3025
3254
3124
2101
454
-1394
-2934
-4188
-5601
-6667
-7068
-6726
-5993
-5357
-4957
-4824
-4634
-5083
-5560
-5956
-6895
-6578
-5280
-3050
288
2713
5058
7983
10877
12957
12526
10243
8276
6683
3651
-279
-3591
-5890
-6769
-7384
-7369
-6107
-4995
-4004
-2966
-1755
-660
-762
-1694
-2034
-1034
-51
473
1281
2999
5701
7769
8962
9654
9618
8704
6667
4163
1560
-1412
-4664
-6910
-7308
-6900
-6358
-5369
-3339
-518
1700
2867
3512
3932
3950
3418
2609
1922
1546
1282
1402
2292
3073
3275
3141
2975
2686
1635
-237
-2210
-3699
-4836
-5773
-6354
-6423
-6100
-5582
-5068
-4722
-4657
-5229
-6019
-6793
-7194
-6611
-5357
-3144
-400
2364
5572
8662
11307
12884
12448
10779
9076
6913
3534
-459
-3797
-5594
-6525
-7402
-7279
-6191
-4921
-3713
-2680
-1768
-1201
-1529
-2218
-2212
-1564
-972
-411
866
3268
6004
7929
9201
10128
10349
9366
7138
4386
1449
-1693
-4793
-6901
-7521
-7300
-6617
-5228
-2825
-162
1690
2718
3386
3874
3677
2861
1970
1382
1243
1264
1607
2393
3191
3491
3476
3258
2500
1056
-951
-2854
-4228
-5374
-6424
-6832
-6569
-5788
-5076
-4696
-4432
-4486
-4902
-5712
-6529
-7023
-6453
-4713
-1972
1094
3389
6481
10081
12749
13585
12134
10340
8546
5820
1898
-2175
-5111
-6852
-7636
-8061
-7320
-5738
-4622
-3434
-2097
-885
-547
-1493
-2237
-1881
-1059
-661
-121
1407
4047
6831
8495
9628
10449
10166
8552
5885
3157
124
-3546
-6621
-8064
-8061
-7665
-6809
-4933
-2097
673
2334
3355
3966
4165
3793
2816
2066
1607
1321
1326
1886
2859
3360
3421
3198
2817
1980
230
-1935
-3805
-5052
-6033
-6826
-7048
-6551
-5532
-4814
-4453
-4173
-4196
-4726
-5716
-6707
-7084
-5966
-4043
-1418
1652
4340
7695
10942
13324
13846
12061
9900
7778
4951
876
-3207
-5959
-7252
-7569
-7674
-6705
-5227
-4019
-2673
-1613
-821
-866
-1918
-2566
-2220
-1289
-616
246
2115
4987
7928
9624
10559
10783
10050
8204
5141
1937
-1421
-4903
-7650
-8790
-8482
-7723
-6482
-4472
-1639
1025
2511
3206
3527
3682
3335
2543
1882
1623
1667
1938
2667
3532
3835
3598
3148
2470
1324
-542
-2664
-4336
-5417
-6069
-6440
-6499
-6031
-5192
-4687
-4335
-4322
-4733
-5388
-6585
-7224
-7091
-5910
-3557
-599
2608
5598
8878
11704
13580
13614
11525
9218
6663
3614
10
-3692
-6015
-6787
-6735
-6433
-5447
-4146
-3074
-2099
-1600
-1358
-1727
-2773
-3237
-2777
-1556
-236
1188
3473
6409
9116
10715
11217
10791
9369
7013
3839
528
-2835
-5862
-7815
-8457
-7834
-6649
-5117
-3233
-1007
1063
2182
2562
2482
2386
2244
1912
1766
1942
2394
3017
3810
4377
4254
3585
2489
1210
-269
-2173
-4016
-5213
-5749
-5859
-5631
-5192
-4599
-3955
-3822
-4079
-4427
-5321
-6600
-7665
-8507
-7748
-5525
-2835
847
4183
7336
10808
13167
14207
13221
10414
7480
4867
1535
-2265
-5134
-6661
-6450
-5708
-5034
-3644
-2531
-1844
-1414
-1459
-1847
-2891
-4020
-4176
-2944
-1132
627
2815
5664
8940
11259
12129
11937
10540
8293
5179
1719
-1626
-4768
-7122
-8210
-7762
-6506
-4995
-3550
-1846
156
1415
1735
1483
1295
1391
1399
1580
2163
2920
3617
4364
5006
5041
4147
2614
1066
-400
-2075
-3994
-5364
-5761
-5581
-5141
-4650
-4129
-3644
-3426
-3810
-4297
-5231
-6717
-7821
-8830
-9063
-7629
-4938
-1324
2658
5809
8782
11937
13644
13656
11610
8359
5657
3027
-115
-3037
-4884
-5378
-4682
-3805
-2985
-2073
-1853
-2192
-2653
-3208
-4046
-5295
-6000
-5017
-2655
22
2547
5296
8486
11370
12868
12772
11455
9158
6251
2903
-284
-2951
-5279
-6612
-6570
-5411
-4026
-3068
-2331
-1343
-318
-116
-393
-694
-605
175
1144
2318
3571
4682
5454
5926
5904
4878
3065
926
-904
-2318
-3655
-4836
-5270
-4771
-3999
-3226
-2766
-2746
-2952
-3636
-4791
-6006
-7341
-8726
-9580
-9733
-9069
-6955
-3766
25
4181
7241
9425
11346
12128
11825
9805
6434
3662
1838
93
-1674
-2715
-2769
-1869
-1146
-1121
-1186
-1985
-3341
-4761
-5937
-6592
-7057
-6884
-5267
-2083
1572
4820
7508
9848
11863
12583
11764
9641
6874
4155
1447
-872
-2489
-3486
-3893
-3689
-2768
-1693
-1304
-1748
-2098
-1981
-1937
-2147
-2195
-1495
-41
1723
3479
4898
5851
6139
5840
5167
3731
1690
-445
-2091
-2877
-3329
-3668
-3682
-3241
-2633
-2229
-2343
-3101
-4118
-5236
-6379
-7333
-8248
-9146
-9399
-9161
-8170
-5446
-2078
1223
4226
6458
8674
10400
10637
9843
8057
5575
3692
2422
1011
-246
-1220
-1427
-834
-770
-1383
-2358
-3748
-5001
-5981
-6711
-6990
-6826
-5754
-3258
4
3162
5804
7808
9497
10757
10912
9855
7726
5368
3577
1949
354
-966
-1824
-2094
-2108
-1941
-1802
-2162
-2937
-3187
-2819
-2431
-2046
-1485
-241
1557
3320
4589
5235
5508
5275
4708
3787
2395
839
-520
-1336
-1630
-1845
-2316
-2642
-2709
-2779
-3085
-3937
-4967
-5826
-6473
-6930
-7459
-7894
-8277
-8238
-7458
-6542
-4513
-1949
452
3465
5822
7587
8867
9224
9184
8156
6248
4259
3000
1803
354
-776
-1558
-1503
-1957
-2912
-3660
-4607
-5439
-6462
-6927
-6543
-5657
-4284
-2292
517
3406
5952
7697
8933
9940
9990
9136
7410
5625
4115
2412
792
-339
-883
-1560
-2224
-2453
-2470
-2659
-3376
-3672
-3185
-2514
-1823
-941
420
1991
3380
4337
4996
5363
5005
4275
3505
2657
1637
530
-286
-720
-1163
-1860
-2531
-3015
-3502
-4196
-5047
-5725
-6204
-6668
-7126
-7297
-7387
-7778
-8006
-7743
-6787
-4580
-1895
1063
3901
5746
7666
9487
10319
9724
7529
5387
4127
3040
1446
-243
-1344
-1515
-1297
-1851
-2711
-3752
-5142
-6296
-7143
-7230
-6916
-6458
-4992
-2190
1344
4342
6348
7854
9294
10209
9915
8693
6863
5209
3784
2444
1519
668
-159
-1059
-1532
-1675
-2243
-3233
-4210
-4188
-3519
-2766
-1847
-700
784
2323
3718
4576
4900
4685
4098
3816
3416
2741
1899
1176
881
725
190
-856
-1948
-2978
-3822
-4610
-5490
-6233
-6817
-6924
-6892
-6982
-7097
-7544
-7807
-7467
-6711
-5013
-2716
48
3325
5872
7515
8920
9941
9917
8309
5805
3904
2887
1643
113
-1029
-1329
-1099
-1598
-2676
-3735
-4986
-6408
-7695
-8190
-7618
-6442
-4924
-2463
882
4209
6631
7908
8856
9572
9310
8004
6346
5032
4064
2938
1898
1506
1144
135
-976
-1622
-2171
-3147
-4299
-4566
-3835
-2856
-1834
-533
1046
2457
3387
4007
4388
4281
3720
3292
3205
3104
2670
2117
1738
1388
654
-619
-2017
-3157
-4205
-5152
-5848
-6222
-6448
-6667
-6665
-6666
-6904
-7485
-7956
-7572
-6515
-4651
-2225
745
4132
6667
8395
9169
9571
9490
7563
4989
3069
2260
1634
421
-559
-648
-332
-1271
-2912
-4420
-5887
-7307
-8859
-9061
-7833
-6053
-3967
-1436
1956
5097
6998
7653
8113
8514
7941
6703
5495
5123
4701
3683
3081
2723
1982
369
-1400
-2495
-3314
-4353
-5096
-4644
-3497
-2137
-893
406
1767
2500
2739
2962
3235
3168
2867
2912
3425
3889
3707
3113
2484
1692
332
-1411
-2774
-3831
-4872
-5536
-5879
-5852
-5846
-6323
-6650
-7001
-7658
-8394
-8585
-7910
-6154
-3491
-480
3342
6370
8002
9061
9244
9302
8042
5297
3114
2343
2512
2074
1181
707
730
-15
-1989
-4096
-6241
-8064
-9715
-10276
-8807
-6728
-4525
-2192
708
3835
5760
6131
6051
6358
6544
6315
5900
6003
6410
5958
5270
4613
3302
1116
-1476
-3164
-3920
-4627
-5171
-4802
-3464
-1966
-907
-222
396
654
582
829
1516
2292
2745
3358
4514
5383
5342
4369
3096
1889
418
-1290
-2618
-3437
-3981
-4323
-4436
-4552
-4876
-5858
-6914
-7622
-8667
-9614
-10133
-9655
-7505
-4452
-759
3136
6057
7657
8428
8853
8679
7439
5069
3414
3289
3910
4285
3621
2902
2181
702
-1519
-4321
-6957
-9207
-10595
-10452
-8741
-6402
-4373
-2376
-170
2211
3529
3448
3288
3823
4990
6103
6931
7908
8629
8405
7455
6181
4151
1261
-1648
-3292
-3681
-3859
-3985
-3681
-2716
-1791
-1533
-1737
-1983
-2144
-2086
-1278
276
1968
3149
4152
5307
5999
5626
4214
2647
1466
441
-408
-1031
-1361
-1773
-2290
-2851
-3636
-4905
-6797
-8345
-9195
-9753
-10129
-10217
-9175
-7118
-4359
-1035
1972
4256
5654
6412
6921
7169
7182
6527
5728
5493
6053
6612
5924
4218
2165
422
-1547
-4176
-6723
-8500
-9157
-9085
-8151
-6498
-4860
-3678
-2729
-1292
342
1415
1972
2992
4865
6823
8293
9101
9356
8815
7603
6130
4423
2436
330
-1087
-1504
-1566
-1923
-2607
-3155
-3515
-3848
-4189
-4231
-3824
-3014
-1620
267
2123
3301
3780
4044
4186
4000
3310
2495
1965
1735
1649
1469
955
-104
-1395
-2585
-3802
-5242
-6796
-8074
-8683
-8983
-9198
-9210
-8919
-7958
-6225
-3795
-1009
1528
3473
5091
6323
7147
7648
7619
7157
6490
6265
6495
6282
5237
3661
2089
523
-1468
-3822
-5890
-7394
-8318
-8510
-7901
-6759
-5752
-4925
-3638
-1979
-354
841
2003
3590
5344
6916
8216
8911
8741
8054
7198
6229
4834
3093
1615
648
48
-605
-1508
-2525
-3439
-4146
-4545
-4603
-4465
-4052
-3130
-1675
-127
1051
1807
2276
2693
3040
3238
3216
3086
2976
2890
2719
2202
1216
-156
-1531
-2774
-4053
-5307
-6340
-7126
-7928
-8499
-8882
-9172
-9156
-8605
-6924
-4394
-1554
1158
3100
4551
5772
6710
7285
7092
6605
6480
6851
7380
7158
6315
5152
3498
1430
-821
-2988
-4974
-6668
-7670
-7572
-6875
-6300
-5932
-5453
-4531
-3558
-2611
-1335
198
1932
3693
5646
7528
8444
8343
7941
7537
6748
5609
4450
3617
2877
2098
1363
355
-1018
-2518
-3695
-4321
-4657
-4799
-4482
-3662
-2687
-1744
-906
-246
86
383
957
1657
2263
2698
3122
3368
3243
2770
1918
784
-444
-1610
-2587
-3388
-4272
-5272
-6311
-7319
-8156
-8863
-9323
-9138
-7839
-5550
-2623
38
1436
2049
2719
4016
4993
4918
4779
5403
6897
8332
8731
8408
7295
5521
3549
1570
-308
-2231
-3967
-4704
-4577
-4390
-4481
-5036
-5557
-5805
-5789
-5285
-4343
-2973
-1242
709
2774
4463
5280
5566
5668
5705
5672
5694
5947
6144
6051
5731
5131
3835
2024
345
-972
-1989
-2814
-3116
-2952
-2741
-2680
-2807
-2946
-3111
-3191
-2976
-2389
-1571
-634
421
1315
1771
1787
1562
1228
870
504
178
-154
-465
-778
-1362
-2323
-3544
-4848
-6019
-6940
-7285
-6780
-5562
-3849
-2103
-988
-806
-1121
-1159
-518
315
979
1674
2884
4849
6665
7472
7104
6010
4985
4226
3462
2614
1802
1368
1319
1203
687
-424
-1952
-3232
-4092
-4462
-4441
-4083
-3301
-2354
-1501
-948
-745
-780
-791
-608
6
1017
2150
3331
4333
4990
5230
4921
4267
3543
3090
3048
3101
2997
2713
2319
1843
1241
363
-712
-1692
-2224
-2295
-2094
-1883
-1841
-1925
-2080
-2256
-2554
-2870
-3022
-2820
-2337
-1801
-1330
-1141
-1107
-1338
-1738
-2252
-2902
-3331
-3574
-3496
-3068
-2565
-1907
-1318
-953
-967
-1342
-1745
-1891
-1530
-719
229
1052
1755
2318
2963
3381
3438
3188
2837
2788
2980
3403
3558
3416
3076
2616
2155
1568
873
197
-154
-163
-60
-126
-465
-936
-1363
-1624
-1956
-2267
-2392
-2177
-1505
-637
55
462
585
695
915
1189
1565
1902
2274
2787
3220
3496
3440
3135
2764
2419
2135
1906
1798
1773
1628
1315
876
216
-578
-1337
-1937
-2247
-2399
-2418
-2345
-2287
-2291
-2513
-2932
-3447
-3958
-4426
-4745
-4930
-4958
-4748
-4561
-4186
-3661
-3073
-2581
-2631
-2730
-2666
-2237
-1227
-253
695
1560
2055
2686
3250
3561
3908
3750
3840
4094
4409
4946
4897
4787
4526
4041
3585
2831
2148
1789
1540
1460
1210
605
127
-474
-998
-1475
-2149
-2506
-2641
-2501
-2077
-1781
-1570
-1496
-1470
-1188
-823
-347
200
727
1299
1817
2148
2309
2383
2364
2421
2481
2539
2646
2714
2683
2437
1908
1257
551
-75
-489
-845
-1150
-1413
-1704
-1986
-2297
-2783
-3387
-3971
-4553
-4923
-5255
-5402
-5337
-5187
-4670
-4111
-3624
-3433
-3808
-4020
-3776
-2987
-1847
-854
168
1146
1830
2491
2866
3208
3351
3289
3581
4028
4761
5294
5490
5457
5104
4555
3881
3257
2823
2648
2505
2361
2102
1668
1184
488
-229
-973
-1596
-1754
-1710
-1465
-1281
-1319
-1370
-1529
-1682
-1681
-1581
-1254
-780
-255
333
764
1079
1223
1206
1261
1320
1489
1696
1868
2026
2014
1761
1307
785
368
41
-268
-492
-709
-944
-1123
-1450
-1912
-2513
-3112
-3575
-3975
-4284
-4527
-4706
-4578
-4124
-3605
-3190
-3415
-3893
-4004
-3741
-2876
-2121
-1488
-759
-120
792
1424
1739
2175
2261
2387
2770
3296
4112
4632
4795
4756
4411
4067
3580
3194
3150
3076
3054
2909
2543
2239
1775
1225
663
-24
-452
-591
-541
-382
-484
-681
-921
-1121
-1111
-1103
-1024
-882
-626
-238
-5
113
114
67
99
167
334
546
746
934
1028
992
805
513
284
109
-113
-305
-569
-841
-1128
-1360
-1610
-1942
-2347
-2853
-3130
-3315
-3416
-3528
-3759
-3586
-3297
-2904
-2782
-3213
-3436
-3413
-2985
-2257
-1733
-1093
-533
-66
573
946
1314
1506
1442
1848
2396
3139
3744
3905
4073
4068
3940
3716
3364
3198
3153
3096
3008
2658
2145
1772
1463
1249
888
505
398
389
463
389
114
-212
-562
-758
-713
-605
-460
-362
-294
-181
-160
-145
-223
-282
-240
-158
19
139
246
272
229
171
24
13
40
62
37
-152
-488
-914
-1310
-1600
-1971
-2479
-2951
-3290
-3288
-3232
-3316
-3413
-3493
-3219
-2778
-2444
-2492
-2877
-3085
-2966
-2481
-1776
-1072
-586
-234
132
678
1228
1449
1476
1543
1935
2434
2928
3204
3333
3418
3360
3285
3096
3047
3128
3094
3014
2695
2306
2035
1845
1686
1320
943
795
808
945
1046
900
641
246
-181
-296
-270
-132
-31
-68
-71
-105
-139
-221
-418
-540
-559
-449
-267
-241
-266
-320
-451
-591
-715
-688
-532
-369
-271
-311
-485
-803
-1149
-1541
-1985
-2489
-3022
-3269
-3363
-3363
-3388
-3438
-3253
-2835
-2359
-2102
-2288
-2547
-2611
-2331
-1778
-1309
-944
-509
-12
534
1042
1403
1639
1745
1976
2339
2792
3172
3280
3247
3132
3017
2879
2771
2752
2741
2670
2469
2126
1939
1904
1749
1340
884
671
697
868
1024
998
893
627
263
77
111
288
376
268
186
206
224
170
-78
-321
-463
-487
-310
-239
-300
-467
-683
-870
-1076
-1181
-1154
-1061
-955
-966
-1013
-1036
-1084
-1227
-1470
-1878
-2352
-2761
-3031
-3098
-3150
-3218
-3253
-3081
-2619
-2170
-2069
-2257
-2479
-2408
-1926
-1491
-1052
-746
-470
-13
365
876
1279
1441
1698
2074
2624
3302
3576
3536
3434
3227
3202
3073
3016
3012
2934
2820
2539
2331
2327
2062
1423
821
453
427
500
552
685
650
478
115
-238
-213
55
352
428
351
395
579
690
540
226
-63
-96
63
196
175
19
-174
-405
-682
-948
-1129
-1264
-1371
-1459
-1585
-1643
-1736
-1770
-1807
-1952
-2243
-2614
-2908
-3026
-3024
-3021
-3037
-3080
-2820
-2348
-1946
-1795
-1959
-2052
-1923
-1510
-1021
-675
-465
-238
20
308
631
791
1029
1209
1557
2225
2810
3208
3212
3123
3065
3005
2954
2820
2813
2989
3188
3250
3077
2775
2240
1739
1294
1016
859
698
607
434
257
21
-310
-511
-541
-479
-316
-213
-102
107
214
266
191
113
117
140
235
290
286
238
156
28
-106
-308
-654
-952
-1244
-1454
-1679
-1962
-2200
-2382
-2487
-2602
-2742
-2930
-3130
-3235
-3255
-3271
-3342
-3192
-2804
-2267
-1832
-1797
-1895
-1813
-1384
-763
-262
51
283
450
690
942
1030
1002
799
835
1229
1874
2467
2651
2671
2599
2650
2743
2726
2735
2774
2879
3037
3157
3184
2976
2570
2200
1848
1625
1435
1227
1074
845
571
208
-210
-496
-655
-695
-736
-812
-792
-691
-577
-517
-566
-620
-585
-427
-178
-28
50
80
61
116
152
127
21
-181
-424
-705
-1022
-1400
-1797
-2128
-2361
-2574
-2779
-2988
-3243
-3361
-3581
-3743
-3770
-3637
-3133
-2772
-2608
-2584
-2571
-2099
-1422
-827
-213
151
521
990
1259
1726
1812
1649
1560
1562
2060
2528
2651
2617
2410
2404
2583
2577
2512
2359
2241
2364
2418
2459
2295
1965
1807
1697
1679
1636
1458
1295
1104
874
589
211
-70
-205
-256
-274
-376
-473
-541
-610
-638
-696
-759
-762
-638
-410
-301
-292
-393
-481
-463
-386
-300
-273
-289
-337
-416
-586
-844
-1234
-1635
-1975
-2259
-2447
-2655
-2944
-3167
-3267
-3326
-3302
-3369
-3183
-2845
-2690
-2627
-2804
-2672
-2065
-1529
-927
-492
-182
448
821
1263
1691
1671
1797
1847
2141
2759
2939
2960
2772
2506
2666
2687
2706
2669
2501
2560
2551
2477
2331
1919
1566
1363
1255
1323
1292
1153
1027
767
502
197
-139
-321
-366
-294
-243
-299
-351
-395
-491
-571
-687
-724
-566
-337
-76
60
59
7
-50
-101
-123
-160
-222
-292
-371
-422
-561
-903
-1306
-1711
-2004
-2222
-2497
-2827
-3132
-3316
-3361
-3401
-3473
-3439
-3264
-2825
-2479
-2478
-2503
-2433
-1955
-1351
-828
-309
54
478
912
1283
1717
1905
1852
1929
2126
2576
2972
2889
2722
2460
2440
2530
2490
2512
2389
2361
2418
2381
2331
2047
1707
1457
1346
1397
1397
1278
1126
851
594
317
-29
-263
-422
-451
-447
-482
-494
-622
-750
-839
-909
-885
-771
-561
-275
-60
35
36
18
48
45
44
25
-81
-89
-132
-221
-449
-832
-1236
-1623
-1954
-2337
-2767
-3141
-3359
-3455
-3513
-3643
-3692
-3487
-3094
-2767
-2766
-2850
-2763
-2236
-1535
-961
-468
-93
397
904
1365
1874
2069
2108
2205
2452
3010
3353
3180
2900
2535
2495
2581
2443
2370
2062
2022
2157
2117
2132
1770
1442
1254
1130
1252
1266
1200
1087
879
750
542
255
70
-72
-141
-176
-308
-341
-437
-552
-716
-925
-1042
-1062
-930
-694
-481
-381
-283
-195
-115
-19
-19
-75
-139
-152
-138
-175
-309
-578
-888
-1147
-1391
-1728
-2125
-2551
-2873
-3038
-3167
-3319
-3461
-3346
-3080
-2783
-2738
-2924
-2958
-2632
-1962
-1347
-877
-449
19
605
1128
1622
1967
2099
2223
2516
3041
3534
3569
3381
3103
2914
2956
2800
2612
2317
2084
2106
2045
1971
1656
1279
1068
888
929
946
922
882
735
666
493
278
99
-42
-39
-7
-32
-15
-47
-138
-264
-486
-642
-743
-699
-582
-540
-428
-421
-377
-292
-250
-241
-321
-380
-399
-380
-422
-550
-748
-956
-1159
-1421
-1645
-1947
-2276
-2575
-2807
-2973
-3150
-3267
-3187
-2915
-2607
-2457
-2607
-2699
-2547
-2061
-1465
-1143
-826
-464
188
856
1328
1738
1856
1968
2211
2620
3186
3396
3315
3173
3033
3106
3050
2829
2633
2324
2233
2157
2025
1864
1418
1136
929
875
916
791
765
632
452
278
67
-85
-216
-284
-252
-225
-191
-159
-177
-210
-363
-563
-638
-643
-525
-419
-347
-315
-298
-228
-178
-170
-263
-342
-395
-384
-362
-525
-716
-942
-1118
-1252
-1477
-1747
-2091
-2407
-2644
-2803
-2974
-3160
-3184
-2973
-2602
-2315
-2287
-2430
-2491
-2266
-1625
-1203
-914
-613
-202
559
1075
1533
1831
1866
2066
2260
2765
3306
3344
3291
3136
3033
3127
2970
2836
2544
2194
2148
1984
1914
1668
1241
1016
743
716
700
654
596
378
202
-3
-184
-291
-406
-426
-390
-327
-254
-217
-200
-297
-457
-556
-614
-555
-464
-408
-365
-373
-313
-276
-234
-207
-314
-368
-421
-451
-497
-627
-807
-997
-1163
-1301
-1461
-1747
-2038
-2298
-2501
-2631
-2873
-2934
-2810
-2554
-2184
-2022
-2119
-2263
-2274
-1906
-1388
-1125
-802
-495
96
735
1096
1550
1651
1708
1880
2176
2773
3114
3192
3173
3070
3154
3197
3047
2889
2569
2352
2266
2137
2029
1671
1307
951
729
676
619
596
403
233
50
-129
-204
-388
-465
-497
-542
-429
-345
-250
-227
-372
-452
-521
-471
-347
-303
-222
-223
-280
-203
-181
-173
-250
-355
-417
-472
-509
-599
-771
-993
-1199
-1374
-1493
-1672
-1956
-2233
-2462
-2637
-2766
-2795
-2675
-2412
-2156
-1929
-1868
-1907
-1912
-1749
-1313
-986
-713
-391
55
647
1021
1380
1588
1642
1803
1984
2408
2835
2917
2935
2870
2882
2991
2907
2835
2597
2365
2348
2205
2127
1864
1489
1182
887
833
774
713
577
318
184
1
-143
-298
-477
-536
-621
-607
-550
-531
-476
-548
-587
-590
-575
-488
-406
-321
-272
-287
-235
-188
-118
-122
-217
-308
-391
-432
-530
-668
-854
-1115
-1302
-1474
-1640
-1836
-2106
-2372
-2627
-2766
-2844
-2832
-2667
-2456
-2197
-1959
-1868
-1840
-1749
-1459
-1009
-746
-441
-129
348
888
1163
1499
1681
1802
1982
2171
2566
2814
2833
2813
2687
2697
2756
2673
2637
2399
2231
2177
2057
1980
1625
1344
1065
815
803
718
679
489
280
151
-3
-107
-291
-423
-483
-566
-538
-518
-496
-529
-632
-649
-642
-585
-514
-464
-372
-352
-347
-319
-279
-186
-192
-227
-260
-363
-393
-507
-651
-818
-1027
-1224
-1448
-1653
-1891
-2115
-2334
-2517
-2680
-2784
-2719
-2638
-2447
-2218
-2086
-2022
-1993
-1791
-1239
-825
-579
-378
-83
543
952
1248
1523
1625
1872
2053
2325
2737
2857
2796
2665
2532
2629
2631
2570
2445
2171
2110
2072
1998
1806
1434
1128
872
762
650
600
519
288
149
10
-18
-99
-290
-405
-555
-579
-547
-540
-497
-552
-646
-651
-676
-622
-564
-520
-441
-433
-360
-273
-238
-192
-244
-307
-396
-459
-509
-633
-794
-974
-1123
-1272
-1441
-1630
-1828
-2081
-2360
-2568
-2713
-2733
-2679
-2572
-2436
-2222
-2058
-2010
-1945
-1715
-1155
-753
-518
-279
60
612
931
1146
1393
1607
1824
2034
2348
2732
2821
2704
2562
2403
2463
2434
2357
2247
1986
1925
1874
1793
1555
1226
959
738
654
590
596
520
356
229
33
-34
-130
-272
-336
-438
-446
-414
-434
-430
-516
-621
-667
-699
-608
-552
-522
-493
-500
-440
-402
-328
-299
-312
-344
-385
-428
-537
-700
-906
-1092
-1266
-1417
-1510
-1640
-1844
-2089
-2329
-2569
-2688
-2690
-2610
-2568
-2496
-2219
-2007
-1897
-1814
-1520
-1013
-716
-515
-258
233
711
930
1173
1449
1716
1939
2099
2399
2686
2715
2604
2466
2450
2504
2456
2392
2192
2008
1889
1763
1639
1344
1067
832
677
619
557
560
425
274
160
72
39
-65
-143
-196
-268
-284
-280
-289
-327
-447
-534
-556
-544
-507
-487
-450
-466
-488
-476
-418
-331
-317
-318
-356
-367
-407
-554
-686
-909
-1099
-1265
-1426
-1532
-1705
-1919
-2160
-2384
-2553
-2682
-2707
-2643
-2573
-2423
-2160
-1963
-1870
-1796
-1391
-942
-657
-431
-123
428
854
1090
1360
1656
1894
1995
2139
2453
2656
2617
2536
2390
2402
2421
2344
2237
1977
1824
1715
1643
1480
1172
948
693
566
505
496
478
333
236
152
120
108
17
-64
-126
-179
-192
-174
-174
-223
-332
-389
-427
-443
-431
-453
-446
-473
-489
-467
-380
-301
-333
-358
-401
-413
-453
-548
-651
-802
-985
-1145
-1266
-1401
-1574
-1819
-2036
-2230
-2435
-2499
-2549
-2526
-2516
-2404
-2135
-1980
-1942
-1900
-1554
-1067
-758
-519
-171
330
741
977
1263
1595
1816
1993
2124
2411
2661
2634
2584
2422
2389
2416
2369
2297
2010
1817
1728
1620
1455
1187
919
719
558
485
464
418
318
179
116
115
80
38
-8
-83
-130
-130
-110
-80
-137
-247
-322
-356
-340
-358
-365
-365
-439
-474
-474
-415
-383
-410
-447
-485
-483
-507
-555
-646
-795
-939
-1063
-1153
-1303
-1470
-1666
-1867
-2060
-2227
-2319
-2310
-2294
-2350
-2325
-2160
-1876
-1755
-1709
-1502
-1155
-782
-548
-288
121
540
801
1038
1360
1692
1922
2012
2182
2385
2488
2499
2399
2347
2363
2363
2256
2059
1800
1700
1617
1465
1252
993
844
646
505
453
337
246
132
47
53
40
5
-42
-131
-206
-239
-224
-198
-240
-279
-322
-357
-333
-373
-408
-436
-438
-448
-428
-354
-325
-360
-445
-478
-479
-493
-546
-640
-690
-784
-889
-1005
-1159
-1315
-1485
-1659
-1828
-2046
-2158
-2181
-2187
-2153
-2222
-2182
-1983
-1778
-1621
-1563
-1316
-946
-699
-493
-226
171
580
800
1019
1326
1636
1849
1970
2117
2276
2338
2347
2314
2316
2344
2296
2112
1883
1739
1694
1658
1462
1181
1025
880
692
548
414
307
206
92
85
102
63
21
-113
-200
-230
-278
-205
-215
-273
-313
-321
-301
-331
-394
-446
-449
-445
-421
-379
-336
-345
-455
-522
-537
-546
-583
-633
-690
-765
-868
-978
-1085
-1232
-1384
-1535
-1635
-1753
-1904
-1943
-1980
-1972
-2044
-2057
-1941
-1729
-1506
-1425
-1289
-1005
-712
-549
-370
-92
287
629
830
1100
1405
1663
1782
1835
1964
2099
2144
2162
2202
2263
2340
2224
1991
1856
1775
1764
1638
1401
1224
1110
965
775
596
456
376
245
227
246
172
118
-43
-162
-244
-293
-257
-266
-270
-287
-287
-251
-275
-338
-378
-385
-379
-301
-254
-226
-229
-273
-359
-396
-437
-482
-555
-642
-677
-773
-852
-959
-1131
-1248
-1401
-1529
-1655
-1808
-1914
-1973
-1927
-1867
-1845
-1799
-1703
-1501
-1263
-1113
-973
-741
-505
-344
-163
169
530
793
943
1139
1438
1660
1787
1800
1848
1937
1936
2039
2101
2112
2060
1881
1762
1720
1714
1693
1500
1303
1174
1062
985
807
606
498
385
339
319
264
179
26
-105
-190
-239
-256
-275
-301
-318
-342
-384
-376
-411
-458
-470
-415
-361
-313
-276
-276
-291
-353
-381
-420
-434
-478
-587
-640
-707
-769
-878
-1013
-1141
-1280
-1384
-1495
-1609
-1750
-1856
-1955
-1942
-1853
-1869
-1805
-1713
-1465
-1176
-1015
-855
-665
-435
-274
-109
197
594
901
1073
1280
1482
1701
1767
1763
1795
1893
1937
2027
2118
2084
2026
1793
1660
1575
1545
1562
1384
1292
1184
1122
1031
805
619
468
380
330
311
321
277
158
58
-57
-167
-188
-202
-199
-242
-242
-240
-249
-294
-381
-410
-437
-382
-334
-276
-224
-282
-301
-350
-402
-441
-513
-571
-631
-681
-707
-794
-905
-1037
-1167
-1281
-1413
-1565
-1657
-1763
-1860
-1873
-1829
-1766
-1734
-1699
-1505
-1232
-1023
-851
-774
-603
-400
-234
112
417
734
928
1053
1298
1471
1614
1666
1674
1769
1897
2075
2211
2135
1960
1800
1706
1691
1631
1629
1515
1403
1318
1199
1091
830
668
487
403
429
356
368
258
93
-41
-162
-207
-242
-270
-252
-275
-270
-278
-339
-367
-442
-472
-439
-389
-320
-300
-298
-345
-425
-523
-604
-603
-628
-663
-708
-737
-783
-937
-1052
-1187
-1305
-1413
-1516
-1571
-1610
-1708
-1784
-1753
-1674
-1637
-1662
-1598
-1309
-1032
-818
-729
-696
-496
-357
-182
119
403
698
830
962
1232
1396
1532
1519
1491
1656
1810
2014
2065
1940
1861
1756
1719
1665
1606
1607
1491
1380
1288
1206
1028
799
614
414
353
341
324
303
162
22
-99
-208
-241
-318
-331
-314
-355
-311
-342
-360
-410
-465
-469
-449
-381
-343
-326
-338
-390
-485
-566
-600
-653
-655
-691
-745
-803
-885
-971
-1069
-1211
-1326
-1436
-1457
-1483
-1610
-1678
-1761
-1748
-1636
-1551
-1530
-1558
-1382
-1040
-804
-670
-645
-509
-321
-229
19
312
640
804
861
1046
1197
1343
1391
1340
1450
1606
1813
1905
1797
1739
1662
1611
1628
1543
1600
1552
1408
1327
1199
1108
915
726
548
451
472
479
419
274
108
-54
-172
-280
-341
-383
-385
-381
-371
-383
-430
-482
-546
-559
-549
-502
-443
-458
-420
-444
-498
-559
-625
-630
-642
-665
-707
-780
-845
-917
-1011
-1095
-1242
-1360
-1403
-1441
-1497
-1617
-1648
-1667
-1560
-1478
-1530
-1514
-1414
-1026
-726
-613
-563
-531
-342
-186
17
303
613
808
893
1052
1243
1382
1404
1370
1453
1671
1811
1870
1821
1749
1752
1640
1645
1601
1596
1567
1402
1327
1202
1117
933
716
574
443
475
436
322
205
46
-64
-181
-315
-352
-417
-441
-415
-444
-411
-469
-535
-558
-594
-553
-558
-527
-523
-518
-503
-539
-582
-633
-640
-631
-641
-666
-759
-781
-838
-947
-1020
-1119
-1186
-1229
-1272
-1289
-1360
-1403
-1378
-1341
-1234
-1266
-1334
-1220
-934
-562
-419
-409
-368
-240
-68
57
245
524
789
895
982
1126
1261
1385
1386
1394
1515
1611
1697
1772
1762
1753
1702
1623
1602
1552
1545
1462
1293
1182
1089
1003
834
678
550
469
394
277
198
75
-27
-147
-277
-342
-437
-437
-442
-473
-482
-493
-506
-540
-551
-558
-575
-595
-596
-574
-564
-563
-626
-657
-670
-681
-698
-729
-782
-847
-897
-967
-1024
-1100
-1128
-1197
-1273
-1317
-1385
-1388
-1390
-1316
-1218
-1192
-1293
-1295
-1068
-690
-413
-383
-416
-332
-129
39
190
425
688
839
855
984
1170
1354
1396
1353
1391
1455
1604
1738
1795
1759
1653
1588
1568
1512
1479
1397
1238
1137
1042
995
867
703
552
383
283
171
57
-1
-109
-236
-373
-481
-536
-582
-574
-598
-627
-616
-610
-589
-608
-638
-695
-716
-679
-630
-592
-572
-578
-594
-607
-625
-652
-708
-740
-773
-774
-778
-890
-971
-1068
-1122
-1170
-1207
-1246
-1285
-1280
-1239
-1116
-1093
-1134
-1214
-1126
-808
-517
-297
-256
-205
-104
18
161
335
541
731
810
908
1124
1323
1466
1427
1325
1348
1468
1652
1758
1773
1714
1609
1507
1436
1387
1310
1216
1095
1040
1024
912
773
559
337
169
33
-39
-74
-143
-232
-348
-467
-570
-658
-675
-696
-731
-696
-680
-643
-653
-680
-722
-771
-764
-720
-665
-607
-559
-544
-536
-561
-646
-691
-707
-738
-741
-761
-812
-855
-914
-963
-1019
-1082
-1107
-1151
-1122
-1085
-1062
-1012
-1055
-1085
-1006
-769
-484
-340
-306
-243
-109
58
210
378
579
806
892
1044
1225
1357
1465
1433
1411
1488
1614
1765
1810
1738
1637
1500
1404
1311
1208
1132
1004
902
800
737
598
408
219
27
-83
-169
-217
-253
-289
-336
-434
-504
-556
-580
-544
-518
-509
-493
-484
-489
-515
-546
-573
-645
-653
-642
-644
-582
-613
-639
-705
-740
-759
-828
-847
-884
-908
-942
-983
-991
-1001
-996
-1050
-1060
-1049
-1025
-968
-916
-881
-884
-896
-816
-580
-307
-108
-20
70
222
327
488
624
782
941
1088
1217
1323
1425
1458
1447
1410
1439
1488
1545
1572
1480
1416
1293
1168
1030
924
839
733
642
569
510
429
310
162
63
-24
-118
-154
-179
-161
-179
-215
-261
-313
-307
-301
-287
-295
-287
-300
-308
-335
-425
-469
-554
-619
-648
-661
-675
-711
-736
-788
-840
-891
-927
-969
-972
-978
-1028
-1026
-1014
-979
-955
-939
-942
-917
-908
-891
-831
-809
-758
-723
-628
-454
-299
-96
23
72
152
279
415
585
739
901
1048
1148
1241
1279
1352
1374
1331
1368
1417
1479
1508
1483
1386
1242
1105
968
849
770
717
654
595
512
388
295
176
36
-72
-119
-146
-138
-129
-130
-136
-175
-211
-237
-222
-188
-210
-168
-178
-204
-247
-328
-415
-511
-582
-645
-664
-696
-706
-748
-805
-849
-976
-1028
-1066
-1066
-1041
-1018
-986
-962
-922
-875
-829
-811
-772
-720
-645
-567
-533
-465
-395
-308
-199
-46
92
212
331
426
541
606
715
831
941
1055
1086
1168
1233
1252
1292
1302
1316
1346
1358
1362
1313
1231
1151
1026
932
841
712
658
577
526
451
361
263
169
101
26
-20
-39
-47
-63
-69
-76
-95
-76
-71
-80
-87
-85
-90
-99
-119
-160
-209
-315
-400
-477
-510
-540
-654
-687
-745
-795
-847
-920
-972
-1011
-1027
-1041
-1058
-1027
-976
-934
-860
-804
-781
-699
-645
-585
-543
-479
-410
-339
-238
-126
-2
121
245
323
445
543
587
688
754
866
948
1014
1054
1104
1137
1135
1131
1121
1149
1150
1151
1126
1059
1013
939
855
771
705
624
571
512
448
387
312
251
175
150
120
56
58
22
5
-4
-12
2
0
-7
-17
-38
-77
-79
-129
-169
-204
-312
-359
-429
-494
-581
-678
-753
-803
-842
-901
-941
-979
-1011
-1049
-1057
-1048
-1075
-1030
-984
-922
-857
-801
-720
-658
-610
-572
-524
-458
-338
-231
-118
18
81
183
274
354
442
540
628
702
771
828
904
929
952
966
984
1008
982
1022
1007
994
976
925
875
790
719
638
590
533
483
429
407
351
246
212
140
92
47
15
-7
-28
-40
-56
-58
-75
-78
-96
-90
-78
-129
-154
-207
-254
-309
-355
-427
-504
-571
-646
-695
-765
-809
-866
-899
-927
-992
-1008
-1037
-1081
-1103
-1083
-1039
-989
-951
-902
-862
-800
-720
-656
-587
-536
-499
-390
-293
-196
-113
-34
53
138
244
323
385
462
538
591
673
735
751
801
812
835
862
885
890
896
895
879
858
819
784
721
677
643
538
501
458
425
375
314
259
204
177
130
103
60
51
22
9
21
-14
13
3
-2
-25
-48
-90
-144
-194
-254
-290
-337
-398
-482
-546
-604
-713
-765
-811
-861
-893
-927
-960
-990
-1017
-1030
-1030
-989
-937
-898
-811
-741
-705
-625
-559
-446
-317
-192
-108
-62
10
43
84
149
235
319
407
473
480
509
516
514
475
451
464
532
597
606
618
580
553
507
484
492
447
475
493
493
484
461
420
373
328
319
312
317
358
340
342
324
253
235
205
208
196
197
214
231
230
192
134
68
5
-81
-121
-158
-220
-248
-317
-385
-465
-538
-602
-660
-713
-754
-780
-811
-838
-844
-849
-848
-883
-844
-799
-741
-670
-619
-565
-518
-459
-406
-370
-330
-268
-229
-173
-88
-75
6
27
51
84
97
130
159
196
204
237
257
299
308
357
401
389
436
441
488
494
509
529
525
525
513
524
520
516
500
522
505
447
442
414
366
315
298
266
256
232
181
161
142
139
124
120
105
52
35
-15
-72
-140
-177
-223
-258
-301
-356
-429
-481
-484
-542
-580
-608
-666
-684
-718
-736
-740
-746
-741
-714
-688
-648
-602
-553
-489
-470
-425
-365
-372
-328
-312
-275
-217
-156
-96
-42
-21
-10
3
-2
25
44
98
136
137
179
188
222
238
262
287
306
354
402
437
457
457
454
472
486
458
483
488
501
499
504
491
464
436
402
387
353
327
289
297
295
247
227
198
193
186
182
168
132
99
57
8
-51
-108
-168
-186
-232
-295
-307
-363
-407
-459
-513
-556
-616
-642
-654
-647
-625
-594
-573
-543
-512
-529
-470
-440
-408
-378
-349
-314
-275
-237
-225
-192
-191
-184
-178
-136
-102
-138
-95
-94
-76
-66
-47
-31
-13
16
35
81
111
154
168
208
244
222
267
297
326
349
380
407
412
440
447
454
439
448
432
445
455
398
402
376
345
314
299
293
288
278
268
267
244
225
169
132
78
-6
-43
-105
-141
-166
-205
-263
-310
-357
-408
-456
-505
-532
-578
-575
-563
-588
-577
-566
-545
-550
-532
-504
-480
-451
-425
-374
-343
-321
-327
-307
-263
-262
-222
-224
-217
-186
-181
-161
-156
-137
-125
-98
-99
-85
-56
-14
20
6
55
67
97
125
158
195
195
211
218
242
266
291
301
348
372
339
362
356
373
349
332
313
309
308
289
287
279
303
290
302
280
233
225
181
158
117
110
70
33
-14
-77
-113
-167
-210
-253
-264
-272
-327
-356
-389
-412
-414
-428
-431
-446
-445
-409
-404
-396
-371
-348
-311
-301
-316
-278
-263
-261
-261
-257
-238
-214
-217
-233
-228
-226
-235
-212
-185
-149
-167
-170
-154
-137
-125
-86
-52
-42
-5
6
34
56
81
92
128
181
158
204
208
224
235
225
242
251
269
287
308
303
307
302
334
336
292
313
299
300
284
270
259
232
215
196
181
158
131
95
86
54
-2
-27
-71
-99
-151
-187
-218
-224
-231
-243
-257
-270
-256
-259
-237
-220
-241
-208
-200
-186
-167
-174
-178
-179
-168
-154
-143
-163
-175
-193
-182
-184
-219
-187
-197
-209
-201
-186
-173
-161
-145
-138
-131
-95
-57
-45
-8
17
-9
26
41
59
102
126
159
163
186
217
232
253
271
266
279
310
291
318
318
322
320
303
322
323
323
297
287
270
265
235
219
227
172
178
152
116
77
68
50
14
-16
-51
-65
-79
-83
-109
-120
-128
-157
-136
-125
-111
-110
-97
-95
-76
-62
-53
-57
-73
-65
-96
-91
-72
-121
-113
-123
-143
-162
-182
-194
-208
-222
-218
-213
-185
-166
-163
-108
-92
-103
-68
-43
-21
8
16
28
57
71
97
112
129
140
141
176
212
191
214
230
220
225
229
227
234
229
226
233
244
266
274
287
297
248
246
218
205
187
172
158
147
125
78
71
23
15
-21
-25
-20
-57
-37
-44
-47
-77
-75
-73
-73
-35
-23
1
-10
-1
1
7
19
-23
-17
-42
-34
-57
-67
-55
-73
-93
-133
-144
-176
-188
-211
-199
-183
-197
-155
-155
-143
-151
-145
-119
-97
-75
-49
-21
3
10
-3
36
52
26
40
54
84
102
105
110
121
129
127
132
135
138
143
172
204
187
212
225
210
209
209
206
196
199
184
163
149
125
105
92
72
24
7
-21
-29
-40
-37
-52
-73
-77
-87
-77
-80
-79
-61
-3
20
-5
13
24
40
36
34
28
27
32
31
12
-7
-9
-30
-32
-55
-105
-118
-132
-119
-119
-120
-122
-109
-98
-95
-90
-90
-55
-37
-8
23
14
47
50
55
40
28
35
46
74
87
112
124
114
103
109
109
77
75
71
102
134
139
137
126
120
115
116
105
93
78
98
122
67
56
32
19
-2
-19
-22
-24
-32
-58
-54
-60
-71
-84
-59
-54
-79
-49
-47
-19
8
29
37
36
43
40
39
18
42
51
70
84
34
36
17
6
-5
-31
-57
-68
-65
-59
-69
-73
-59
-63
-41
-22
-42
2
15
43
57
63
96
102
118
100
105
99
110
118
140
154
120
133
117
118
101
84
69
58
53
40
44
23
26
22
28
28
-2
30
22
18
15
-4
-16
-20
-24
-28
-14
-19
-15
-5
6
8
-56
-43
-51
-64
-57
-69
-62
-56
-46
-52
-65
-56
-41
-58
-28
15
9
35
28
34
40
48
46
21
27
27
31
40
47
39
37
30
-17
-5
-9
-4
-22
-6
23
35
53
49
59
67
80
94
119
147
129
153
137
125
140
153
140
131
127
140
145
122
135
122
122
126
91
86
84
80
79
72
70
67
61
57
63
38
26
4
27
49
9
33
15
29
22
1
0
-7
1
-3
7
10
21
3
28
36
-15
10
17
31
31
44
48
41
45
46
53
39
31
25
38
48
17
29
30
26
19
3
-25
-17
5
-1
10
7
20
20
30
68
64
99
109
124
125
131
148
147
139
137
146
158
180
180
198
199
135
119
108
113
114
119
126
