148
1.69469
0.368929
1.6163
0.858659
2.25619
-0.142599
0.217267
-0.376601
0.99112
0.461827
0.485412
0.0853806
1.77741
-0.798773
1.31985
1.80851
3.15904
-0.0156267
-0.304733
-0.185103
1.12977
0.742318
0.0630164
0.0299572
1.36336
-1.31805
1.41659
2.31526
2.49983
-0.169375
-0.256051
-0.365805
1.06485
0.420737
-0.0621377
-0.00457147
0.728137
-1.66004
0.624798
2.78945
2.71218
-0.366524
-0.454102
-0.391181
1.16442
0.353068
0.0848495
0.0644706
0.53817
-1.91092
0.382529
3.4002
3.64723
-1.31243
-0.369713
-0.0606084
1.28874
0.730655
-0.0929841
0.0686004
-0.1129
-1.859
0.841624
2.65169
2.73377
-1.04248
-0.608054
0.788419
1.1509
0.690582
0.191583
-0.00485895
-0.425523
-2.14536
1.17128
1.22824
2.86712
-0.532215
-1.31187
1.112
1.097
0.673347
0.306081
0.058071
-0.720237
-2.3794
1.10053
1.80878
3.21037
-0.0593353
-0.981098
0.596619
1.07423
0.614506
0.148917
0.0414544
-1.08945
-2.49451
0.743726
1.81341
3.62495
0.49001
-0.661411
0.220878
1.37578
0.480102
0.0508475
-0.00141988
-1.00726
-1.8187
0.669435
1.53042
2.61477
-0.319515
-0.0721594
0.575862
1.35072
0.518673
0.166564
0.00471074
-0.903574
-1.95318
1.00542
2.14971
2.45127
-0.844534
0.216247
0.772799
0.98529
0.463649
0.287778
-0.0543003
-1.00129
-2.77501
0.542239
2.16819
2.52414
-0.60554
0.247633
0.545787
1.65646
0.0950854
0.012526
0.000400346
-0.838887
-2.94421
0.098206
1.66985
1.99705
-0.184531
0.101928
-0.287623
1.91809
-0.136648
-0.142494
0.00476991
-0.640733
-2.82921
0.129791
1.5762
1.82434
-1.01529
0.534988
0.0389734
1.57776
0.237107
0.0233137
-0.0136662
-0.805392
-2.98724
0.984014
1.74307
1.26316
-0.671235
0.979833
0.582639
0.669731
0.49976
0.0738602
0.0524586
-0.979431
-3.17651
1.21785
1.76807
1.11116
-0.278118
1.22791
1.10071
0.408418
0.279922
-0.0255574
0.0705228
-1.40948
-2.83419
1.43702
1.47943
1.91405
-0.362386
0.940646
1.31056
0.690271
0.169101
0.0512809
0.0259227
-1.07515
-2.53209
1.46413
1.83774
2.4737
-0.850377
0.139037
1.72431
0.670776
0.00421435
0.105546
0.00587346
-0.656189
-2.51772
1.0214
0.995256
1.89597
-0.719946
0.0175069
1.19357
0.563188
0.0273031
-0.0258989
0.0187426
-0.579457
-2.31939
0.439394
-0.279451
0.841429
-1.28437
-0.286806
1.38004
0.586896
0.192407
-0.0489967
-0.0472774
-0.126037
-2.29394
-0.0588308
0.360775
1.04121
-0.501049
-0.388362
0.177957
0.933392
-0.135135
0.0115983
0.0290037
0.576598
-2.41542
-0.147088
0.807527
1.75119
0.0370236
-0.339555
-0.534187
0.543008
-0.116662
-0.0148058
0.123709
1.02227
-2.32946
-0.0201727
0.463048
1.41436
-0.655922
0.671856
0.356987
0.497529
0.0316851
0.108721
0.11053
1.06022
-1.47062
0.440998
0.526389
1.96117
-0.931634
0.95362
0.0363316
0.287581
-0.259812
0.202606
0.0129918
2.70457
-0.0315498
1.61778
1.74379
3.72673
0.664197
1.05052
0.129412
0.533704
-0.273186
0.344829
0.118723
5.29865
1.06914
0.768539
0.981652
3.17221
0.944811
0.112621
0.353702
0.307271
0.200866
0.177166
0.0433518
6.83757
1.07669
-0.705851
0.476466
4.36945
-0.00319917
-0.578821
1.05939
-0.202031
0.369092
-0.105633
-0.0364665
7.09108
1.2995
-0.911279
0.763927
4.62845
-0.184709
-0.756183
1.29297
-0.148671
0.252402
-0.401309
-0.109058
7.04808
1.17921
-1.15481
1.50046
4.11452
-0.168303
-0.949463
1.10669
0.306288
0.142898
-0.503473
-0.148718
6.69955
1.26132
-1.41795
1.57767
3.63629
0.112585
-0.750151
0.539537
0.150808
-0.0580956
-0.479404
-0.121884
6.82481
1.31661
-1.39211
1.63549
4.04875
0.426093
-0.827625
0.452827
0.00437751
-0.174861
-0.534338
-0.112816
7.01148
1.45819
-1.63926
2.67118
4.13307
0.598585
-0.504684
0.0715455
0.272895
-0.360148
-0.581415
-0.112835
6.54409
1.79819
-1.23745
2.66103
3.79838
0.692635
-0.52547
-0.0978994
0.313701
-0.287258
-0.527896
-0.14526
6.36576
1.79282
-1.26324
1.79407
3.28814
0.288094
-0.410219
0.502094
0.411718
-0.0932578
-0.556108
-0.163487
6.94187
1.57155
-2.16665
0.530731
3.17938
0.967756
-0.0739613
0.688837
-0.0596978
-0.0568031
-0.390905
-0.0961581
7.51706
1.55825
-2.66831
1.30628
3.63747
1.02515
-0.080927
0.490026
0.536909
0.202802
-0.378589
-0.147516
6.59831
1.29146
-1.99444
0.866292
3.19124
1.19388
-0.0831614
0.644622
0.573899
0.479147
-0.161314
-0.136575
6.43446
1.15352
-1.67613
0.22779
3.135
1.9051
0.651694
0.393796
0.120073
0.280725
0.0306502
-0.056299
6.0434
0.878912
-0.602196
0.863502
3.16643
1.60112
2.07609
-0.352924
-0.45706
-0.12837
0.0135998
0.0264742
5.49327
1.24323
0.49412
1.79175
2.96366
1.42291
2.26976
-0.332711
-0.279725
-0.365964
-0.103808
0.0201648
5.05831
2.34631
1.19533
1.49572
3.06895
2.61246
1.70416
0.314074
0.269245
0.16769
-0.0946884
-0.0336642
5.2984
2.45587
1.401
0.900956
3.90219
2.24871
1.40269
0.153198
0.745373
0.0774542
0.165916
0.0892543
4.92486
2.4638
1.64042
1.25757
4.43777
2.18601
1.72466
0.166171
0.883753
-0.162042
0.150419
0.122005
4.87775
2.76434
1.54755
1.53557
4.42706
2.09891
1.66999
0.130975
0.914015
-0.143378
0.088879
0.0624056
5.05448
2.95398
1.4571
1.03051
3.31882
1.94884
1.96606
0.0240323
1.31765
0.189475
0.0169486
0.0110902
4.69924
2.76636
1.50264
1.1983
3.47661
1.45289
1.13606
0.357057
1.28494
0.31875
-0.175999
-0.0791006
4.23181
2.55575
1.76736
1.59161
3.87685
1.12989
0.322295
0.368535
0.93623
0.01446
-0.285742
-0.108966
4.27903
2.3975
1.66204
0.82598
3.08732
0.978629
0.527801
0.200382
0.585927
-0.143564
-0.242566
-0.0836752
4.32588
2.51682
1.0168
0.372455
3.56491
1.13486
1.0196
-0.338612
0.538254
-0.330748
0.0433342
0.0128973
3.95981
2.37072
1.36101
-0.0544356
3.13677
0.782456
1.14284
0.225427
0.672482
-0.0906048
0.31672
0.0855924
3.80091
2.11665
1.78869
-0.144944
2.54309
1.28394
1.48131
0.373907
0.752172
0.38204
0.264002
0.0825404
3.90851
2.09559
1.31761
-0.0716868
2.51693
1.19811
1.62878
0.407851
0.925113
0.180851
0.231115
0.0660416
3.78077
1.89419
1.39535
0.476562
2.57382
0.733284
1.40312
0.0984926
1.23149
0.318147
0.117618
0.0350478
3.58652
2.03955
1.55004
1.07463
3.64325
1.39914
1.4092
-0.100964
1.14685
-0.083638
-0.0709299
0.0192263
3.60267
2.3415
2.08601
1.37188
3.87533
1.74885
1.63666
-0.148298
1.0007
-0.208536
-0.132309
0.0298203
3.81547
2.67941
2.30807
1.62103
3.74692
1.88786
1.50201
-0.0561244
1.1969
-0.0538021
-0.265241
-0.0163782
4.20053
-0.1376
1.78449
3.37439
4.06976
1.1979
0.506408
-0.475015
0.494864
0.330218
-0.198286
-0.0699988
4.00378
-2.8777
1.46397
1.10606
2.36077
0.496513
-0.134239
0.616518
0.955195
0.356913
-0.176392
-0.138313
3.70241
-2.40462
1.42552
0.686345
2.48403
0.719761
0.698923
1.45639
1.12542
0.327752
-0.11123
-0.125227
4.7545
-1.15948
0.637944
-0.156544
2.74745
1.55481
1.75228
2.00648
0.850039
-0.198417
-0.113607
0.0370925
6.15814
-0.589397
-1.5269
1.20729
3.36671
1.37583
0.991078
2.15117
0.54619
-0.401997
-0.305182
0.0203786
7.30472
-1.25802
-2.07128
1.79889
3.62375
1.76733
1.08091
1.90363
0.385642
-0.710151
-0.3851
0.048182
6.74729
-0.964088
-2.73636
1.87665
3.35987
1.7569
1.27777
2.01819
0.331882
-0.691501
-0.412672
0.0429648
7.53566
-1.97327
-2.39452
1.93082
2.84203
2.21375
1.41458
2.01673
0.402295
-0.832585
-0.433085
0.058271
7.03932
-1.53608
-2.7804
1.90844
3.24703
2.0044
1.57807
2.04986
0.291818
-0.889904
-0.437565
0.0798114
7.52856
-2.07517
-2.49136
1.87969
3.38194
2.06208
1.5604
1.98765
0.369409
-0.896832
-0.445022
0.0762621
6.69988
-1.39178
-2.65829
1.99604
3.71344
1.80009
1.58687
2.09458
0.298361
-0.862134
-0.444742
0.0769201
7.28003
-1.79518
-2.16914
2.10914
3.383
2.3921
1.5662
2.11452
0.108559
-1.01029
-0.349223
0.131988
7.43243
-1.09693
-2.50981
2.04026
3.20378
2.62625
1.93454
2.48073
-0.0438578
-1.09635
-0.368162
0.162114
6.90712
-0.165166
-3.06573
2.07024
3.42462
2.41891
2.10395
2.58229
-0.0435539
-0.959235
-0.424598
0.167654
6.57123
-0.216339
-2.92289
1.91553
2.97698
2.15705
2.45559
2.60436
0.296664
-0.869213
-0.375358
0.145574
6.48263
-0.105388
-2.4751
2.15943
2.83986
1.9788
2.69246
2.60102
0.303983
-0.867472
-0.293982
0.158807
6.58244
0.711897
-2.295
2.12149
3.60919
2.32798
2.76767
2.74805
-0.217192
-0.767388
-0.270749
0.20673
6.21568
1.14594
-1.56415
2.14828
3.57361
2.23103
3.05533
2.63659
-0.37444
-0.53394
-0.208773
0.164916
5.83646
1.22672
-0.801536
2.36924
3.18751
1.83701
2.9706
2.57834
-0.226977
-0.527636
-0.168026
0.15267
5.537
1.16992
-0.366853
2.39745
2.91014
1.47168
2.86241
2.71934
-0.0240925
-0.579275
-0.121863
0.177848
5.22844
1.63367
0.319459
2.37503
2.82859
1.4478
2.60843
2.57762
0.411466
-0.590351
-0.205587
0.126788
5.57018
2.03946
0.661454
2.49518
3.29916
1.36989
2.85197
2.52056
0.460116
-0.672283
-0.350816
0.0870348
5.49005
2.39562
1.35706
1.87192
3.33093
1.76321
2.64499
2.1031
1.02685
-0.733037
-0.338293
0.054296
4.79797
2.28175
2.4441
1.79123
2.45688
1.91675
2.68694
1.81147
1.18201
-0.894295
-0.0566939
0.118
4.95285
2.70945
2.42103
2.12275
2.97548
2.15591
2.37877
1.18912
0.739513
-0.795509
0.0584109
0.114402
5.63682
3.07895
1.51862
1.96181
3.58179
1.43367
2.49021
1.57888
1.1134
-0.731339
-0.200225
0.0788807
5.58212
3.15983
1.58708
1.54404
3.64502
1.37484
2.28777
1.8026
1.09728
-0.732632
-0.177922
0.084844
5.27049
2.97012
1.50178
1.51537
4.38194
1.48565
1.98304
1.6982
0.545643
-0.554813
-0.0431247
0.128173
5.24411
2.84746
1.92852
1.5337
4.93068
1.24598
1.79931
1.87957
0.424665
-0.576628
-0.11497
0.120694
4.90455
2.92683
2.15259
1.8477
4.01533
1.70431
1.89392
1.82079
0.378843
-0.457987
0.0167219
0.0792351
4.91211
2.70824
1.97114
1.64637
3.79864
0.947684
2.33484
1.80986
0.863459
-0.456287
0.0129064
0.146016
4.54935
2.79862
1.91196
1.95402
2.96866
1.15185
2.83246
1.64051
1.38936
-0.679195
0.155106
0.136202
4.81485
2.76874
1.59148
1.60414
3.49696
1.56096
2.92536
1.80622
1.22003
-0.793233
-0.0213815
0.129214
4.61234
3.10248
1.7485
0.921546
3.50951
1.8414
2.37352
1.66686
0.425709
-0.534822
0.204081
0.130748
4.78443
3.18951
2.39836
0.741557
3.47826
1.23374
2.16621
1.79626
0.353682
-0.446858
0.205339
0.131665
4.58973
3.05817
3.12796
1.09681
3.74123
0.913028
1.93725
1.60629
0.512195
0.23127
0.181201
0.112824
4.12792
3.24162
2.98
1.31389
3.48528
1.94307
2.64966
0.688413
-0.140666
0.299453
0.320696
0.149505
4.1406
3.17865
2.77679
1.0766
3.99845
2.05008
2.66918
0.941607
-0.0372887
0.0121215
0.318126
0.159554
4.14867
2.64995
2.27114
1.74313
3.96318
1.77704
2.1605
1.37574
0.67077
-0.189013
0.275989
0.139735
4.39595
2.47146
2.04195
1.39801
4.15029
2.00035
2.58466
1.05583
0.709092
-0.394342
0.199794
0.179797
4.16369
2.72312
2.35096
1.3823
3.83539
2.13982
2.7459
1.38725
0.539862
-0.395314
0.222138
0.149038
3.99937
2.56348
2.38179
2.07345
4.41027
2.24218
3.13844
1.67868
0.607957
-0.50354
0.273635
0.198127
4.197
2.80715
2.65159
1.6688
4.33697
2.49437
3.12603
1.3209
0.436205
-0.630413
0.309013
0.193505
4.11836
3.0794
2.94458
1.4827
3.38009
2.86743
2.94431
0.677054
0.674042
-0.263432
0.185058
0.128062
3.97564
2.83262
2.86087
1.68947
3.31828
2.4167
2.67778
1.25575
0.969319
-0.173958
0.134873
0.103638
3.77834
2.57046
2.5754
1.72088
3.86523
2.49567
2.89093
1.21358
0.728496
-0.117229
0.275007
0.16254
4.05117
2.27385
2.89735
2.21926
3.68578
2.34435
3.14316
0.916721
0.447368
0.214486
0.0522683
0.111663
4.17882
2.40442
2.8101
1.91408
2.90461
1.85141
3.15998
0.89625
0.955914
-0.212634
-0.09434
0.0785198
3.7074
1.64491
2.42556
2.37193
3.20607
1.162
2.2297
1.36233
1.61117
-0.129128
-0.0562834
0.127583
3.43306
0.747814
2.9509
3.09793
3.68023
1.05573
1.45865
0.979098
1.27862
0.205371
-0.0748432
0.111999
2.93506
-0.0223681
3.35234
2.17262
3.13393
1.76125
1.64056
1.12466
0.773922
0.970265
-0.0995692
0.0245971
2.40268
-0.594107
1.92139
2.40853
3.1435
1.23672
1.89508
0.921022
1.3067
0.666768
-0.019732
0.0596076
2.19153
-0.284755
1.91776
2.58661
2.35951
0.241184
1.66877
0.778651
1.44792
0.486532
0.0335798
0.0281532
1.74175
-0.944206
2.78046
1.79595
1.99116
0.0898952
1.81724
1.03373
1.21214
0.880967
0.00380925
-0.061604
1.21974
-1.01805
1.95896
2.09285
2.24388
0.794622
1.45153
0.89096
1.12475
0.794138
0.146243
-0.146714
1.06443
-0.774642
1.83999
1.96033
2.17613
0.947215
1.01844
0.638272
1.12856
0.743755
0.237595
-0.181003
0.705549
-1.24259
2.04786
2.30146
3.82319
0.936448
0.994878
0.661016
0.889372
0.483355
0.164797
-0.0780439
0.222062
-1.59594
2.11125
3.1071
3.87867
1.56374
1.09711
0.410891
1.11506
0.383402
0.163888
0.00989362
0.421337
-1.3342
2.15716
2.31783
2.94054
1.84387
1.39164
0.323826
1.03641
0.500338
-0.135146
0.0294347
0.44143
-1.94641
1.61855
1.8517
2.78697
0.927792
1.45449
0.164592
0.426953
0.2497
0.0941814
0.0696083
0.370755
-2.26448
1.74032
1.63309
2.89036
0.230727
1.25362
0.233598
0.388477
0.359593
0.233119
0.0406287
0.289438
-2.04084
1.1127
1.52224
2.35966
-0.291705
0.925557
-0.0368584
0.565636
0.462126
0.170942
0.0756856
0.267362
-1.87325
1.15619
1.80219
2.01343
-0.149102
0.976929
-0.285039
0.799274
0.532828
-0.0102316
0.0334041
0.137338
-2.12243
1.07654
1.24151
1.7253
0.105546
0.462353
0.479647
0.467938
0.788346
-0.0727274
-0.0492298
0.148979
-2.71011
0.760953
1.88817
1.78355
0.851482
0.735001
0.790007
0.609996
0.597992
-0.0100792
-0.0505843
0.141018
-2.47638
1.08351
2.3787
2.47589
1.63601
0.915208
0.658937
0.488864
0.309018
-0.0387401
0.0327653
0.446762
-2.1352
0.836421
1.73648
2.39332
0.76809
0.425746
0.800777
0.748396
0.227684
-0.00673304
0.0286713
0.262351
-2.07855
1.40265
0.742803
1.57781
0.203381
0.722272
0.603792
0.904585
0.600882
0.1216
-0.0733132
0.183965
-2.19045
1.63907
0.086386
0.825221
0.796547
0.499447
-0.322039
1.04426
0.22306
0.171817
0.0278493
0.369825
-1.92129
1.49376
0.94371
1.76061
1.16139
0.579721
-0.706641
1.13432
-0.0283029
0.210422
0.0994725
0.34626
-2.20607
1.63915
1.74673
2.49681
1.05966
0.651986
-0.522614
0.684286
0.429809
0.175744
0.0269276
0.28192
-2.31799
1.15317
1.98444
2.70646
0.825932
0.735669
-0.394524
0.383432
0.53838
0.220783
0.0586167
0.272171
-2.10084
0.917428
1.76105
2.86975
0.729075
0.830354
-0.334891
0.429007
0.451707
0.246899
0.0041878
0.799652
-2.24185
1.09899
1.64752
2.46931
0.49569
0.786381
-0.15253
0.792342
0.265486
0.533843
0.00970898
0.932094
-2.24902
1.20182
1.27284
1.73669
0.464336
0.898641
-0.479288
1.24537
0.445854
0.507168
0.00310355
0.619163
-2.33187
1.52428
0.864196
1.86082
0.521839
0.136838
-0.595374
1.17817
0.552576
0.351499
0.0771951
0.617339
-2.04809
1.31491
1.48243
3.03023
0.986706
0.48979
-0.333679
0.780984
-0.116427
0.384416
0.109006
0.623627
-1.98179
1.04072
1.82035
3.32171
1.56715
0.861355
-0.129508
0.315268
-0.197106
0.521151
0.0721206
0.778163
-2.02241
0.761599
1.76704
3.10881
2.01979
-0.0835372
0.31769
0.162018
0.22509
0.338759
-0.0194055
0.807797
-2.06802
0.437086
2.07378
3.58134
2.64689
0.0362026
0.267358
0.590795
0.12075
0.439046
0.0189096
0.872607
-1.84986
0.515595
1.62923
3.65644
1.23074
0.721813
0.253094
0.500923
0.189426
0.433866
0.0357419
1.00166
-1.82424
0.20736
0.995764
2.34343
-0.061657
0.72454
-0.313317
0.977748
0.304599
0.46958
0.0665318
1.26167
-1.84707
0.262581
0.810818
1.6446
0.154826
0.638172
-0.744991
0.685573
-0.00151372
0.645606
0.101448
1.13044
-1.78023
0.427461
0.926084
1.94195
1.37775
0.420449
-0.746029
0.499875
-0.0176196
0.536111
0.119982
1.25064
-1.83006
0.375658
0.615653
1.37028
1.95278
0.713475
-0.325277
0.465375
0.244576
0.343492
0.0945348
1.74382
-1.94907
0.493463
0.390887
1.41086
1.7125
0.448666
0.0340278
0.622159
0.372308
0.233743
0.0849869
2.31401
-1.68157
-0.0788852
0.132369
2.33967
1.40451
0.340766
0.00695273
0.90334
0.126885
0.429225
0.119274
2.3042
-1.73023
0.244457
-0.451893
2.41713
1.1102
0.760562
0.14482
1.17877
0.237536
0.557378
0.101214
2.41675
-1.37371
0.370648
0.0953561
2.30154
0.642982
1.26497
0.526051
1.14839
0.254576
0.71649
0.0854943
2.52772
-0.833036
1.23126
1.0503
2.4669
0.823854
1.52286
0.359287
1.14619
0.315733
0.825243
0.0663326
2.50474
-0.551363
1.2921
1.50432
3.17514
1.06753
1.16943
0.248744
0.851299
0.550482
0.567772
0.0304849
2.34811
-0.857273
0.903761
1.22241
2.87565
0.555918
0.950022
-0.457356
1.01194
0.226762
0.642625
0.0562981
