134
0.710037
-2.56953
1.49377
2.38771
3.43328
0.127664
0.12549
0.0304891
1.04501
0.775114
-0.162189
0.073317
0.410171
-2.61821
1.61332
2.40665
3.49227
0.539936
-0.0782697
0.126882
1.06537
0.769062
-0.15297
0.0294046
0.0014051
-1.77613
0.791891
1.88856
3.91055
0.575994
-0.570124
0.253579
0.805952
0.41661
0.184338
-0.0158741
-0.0435473
-1.55425
1.13406
1.47897
3.17157
-0.606787
-1.19076
0.04622
0.312061
0.417855
0.117944
-0.0495984
-0.0943976
-2.07117
1.74091
1.17381
2.72577
-0.945674
-0.647015
0.217988
0.325988
0.259827
0.145556
0.063185
0.231499
-1.63504
1.46185
0.607148
2.30481
-0.479495
-0.285485
0.673839
0.292739
0.137014
0.151972
0.10316
0.370303
-1.68235
1.17114
0.312622
1.55688
-0.156894
-0.233059
0.254481
0.346664
0.237448
-0.00556059
0.114474
0.223385
-2.04483
0.561087
0.677109
1.81824
-0.276627
0.0189342
0.241295
0.290214
0.322012
0.44504
0.0327408
-0.238249
-2.3261
0.289562
0.978086
1.73702
-0.326855
0.345982
0.405603
0.445414
0.0697872
0.241849
0.0281894
-0.480671
-2.50276
0.649296
1.26542
1.62724
-0.103974
0.0610281
0.782729
1.10295
-0.0595251
-0.127282
0.075785
-0.147308
-2.01644
0.769336
1.4813
2.16288
-1.11604
0.563851
0.783047
0.760669
0.0551058
-0.179187
0.0665014
-0.116572
-2.31017
0.88954
1.32474
2.35068
-2.05593
0.37496
0.87944
0.365279
-0.0396276
-0.21038
-0.0475564
0.0228187
-2.74598
0.453765
1.34023
1.94752
-1.73015
0.679629
0.475677
0.825185
0.0506709
-0.144884
0.0258895
0.136434
-2.93582
-0.441202
1.67972
1.78894
-1.16664
0.34779
-0.799106
1.13402
0.146692
-0.0979832
0.0996562
0.620916
-2.65456
-0.42954
1.20865
2.07141
-0.677116
-0.561222
-0.771105
0.802948
0.485558
-0.0803331
0.144712
1.52938
-1.9254
0.517821
0.583174
1.45785
-0.579366
-0.434357
-0.330722
0.270601
-0.000434378
0.107495
0.0452025
2.45529
-0.972551
1.93385
1.3139
2.25184
0.522748
1.61821
-0.0469946
0.20976
0.256218
0.289641
0.0343721
4.63954
0.404471
1.74127
2.83847
3.49757
0.70781
2.01592
-0.391269
0.138196
0.224562
0.14511
0.0823985
5.71726
0.877589
-0.587754
2.89972
4.3749
0.564912
-0.0681109
0.280801
0.325756
-0.103626
-0.147466
0.0362384
6.64906
0.573016
-1.57402
2.56728
4.46597
0.184651
-0.422962
0.309
0.418548
-0.0107069
-0.312081
-0.0379637
7.11958
0.560853
-2.06147
2.22435
4.18562
0.202573
-0.801238
0.158122
0.573902
0.038526
-0.386834
-0.0933921
7.44592
0.430926
-1.83366
1.78249
3.96611
-0.321253
-0.922447
0.414311
0.834909
0.143772
-0.458716
-0.136703
6.72716
0.846264
-1.73157
1.5756
2.93013
-0.343267
-1.10179
0.728067
0.943987
0.239654
-0.435109
-0.158055
7.44428
0.77742
-2.31963
1.58632
3.44596
-0.162555
-1.14353
0.509318
1.07456
0.414135
-0.405213
-0.182497
7.61134
0.63156
-2.02929
1.14966
3.87677
0.227212
-1.29034
0.597351
0.926677
0.468275
-0.394743
-0.208341
7.43987
0.713461
-1.96736
0.9259
3.88666
0.345241
-1.10565
0.641783
0.784014
0.393018
-0.415235
-0.204014
7.26931
0.950376
-2.23755
1.47584
3.72836
0.373196
-0.983734
0.539142
0.871155
0.432284
-0.425276
-0.206455
8.06676
0.521197
-2.24653
1.87542
4.1963
0.103838
-0.685
0.336374
1.24352
0.482193
-0.423379
-0.235303
7.8591
0.490601
-2.0819
2.43037
3.60282
0.00058674
0.0644883
0.352903
1.09869
0.245121
-0.312241
-0.20441
6.98648
0.979415
-1.9525
2.11037
3.79364
0.794038
-0.0529168
0.587814
0.738955
0.367803
-0.316818
-0.196075
6.77776
1.17181
-1.64624
1.38014
4.13845
0.673214
0.944279
0.442083
0.603554
0.370238
-0.27398
-0.150332
5.58382
1.24062
-0.455338
-0.206717
3.45369
1.87602
1.06083
0.127416
0.597337
0.319827
-0.051218
-0.0763323
4.4857
1.11941
-0.00510964
-0.764112
2.86503
2.46143
1.13152
0.969914
0.788817
0.173266
0.299041
0.0211077
4.35453
1.52918
-0.539863
-0.779529
2.32577
2.25447
2.05528
1.22097
1.1616
0.345695
0.495727
0.0712459
5.2666
2.46044
-0.593062
0.156756
2.54575
2.17066
2.30021
0.280142
0.841833
0.450729
0.445575
0.117727
5.08488
2.73617
1.278
0.722137
4.1567
2.22759
1.19018
0.266227
1.02578
0.286644
0.266154
0.0654752
4.63468
2.60975
1.51765
1.21824
3.91088
1.66063
1.08659
0.378488
1.49073
0.485092
0.244413
0.054106
4.6407
2.56139
1.41057
1.55737
3.40804
1.55178
1.32076
-0.0789294
1.7832
0.779422
0.239476
0.0334459
4.69916
2.48236
1.2519
1.37943
3.94658
1.50118
1.04017
0.195834
1.75913
0.646994
0.134674
-0.00263691
4.57539
2.63816
1.30297
1.008
4.09485
1.73876
0.905326
0.296718
1.77781
0.53246
0.0429162
-0.0496967
4.46128
2.40871
1.19677
0.720097
3.95305
1.8298
0.975973
-0.134994
1.68918
0.500251
0.0407544
-0.037242
3.91276
1.86905
1.21793
0.735148
4.07731
1.28325
0.751582
0.259766
1.42159
0.250201
0.110151
0.0161053
3.67126
1.78475
1.2137
0.672572
3.76744
0.661014
0.712193
0.821374
1.50252
0.146671
0.0917111
0.0194883
3.83825
1.89042
1.40147
1.06392
3.99437
1.22604
1.03725
0.0976765
1.23707
-0.227698
-0.133415
-0.00327015
3.84155
2.23941
1.36033
1.16694
4.08187
1.3679
1.03759
-0.101383
1.24184
-0.0802857
-0.152554
-0.0415088
3.80138
2.18212
1.53152
1.56284
4.39049
1.93956
0.917404
-0.515593
1.02337
-0.127431
-0.127414
-0.0432907
3.66841
2.20681
1.92637
1.69059
4.20356
2.10171
1.01114
-0.729406
0.808375
-0.176582
-0.185256
-0.0356929
4.0073
-0.857773
-0.00251927
2.36995
3.13105
0.77984
0.249973
0.245955
1.06982
-0.292165
-0.533795
-0.0959232
3.64299
-2.57045
-0.389759
1.8691
2.79038
0.961981
0.397028
0.0926227
1.82643
-0.161486
-0.612062
-0.0677389
4.16702
-2.14211
0.201342
1.42216
3.07214
0.909929
1.54131
0.216949
2.01664
0.188824
-0.63834
0.00345953
5.69703
-1.22368
-0.317589
1.33658
1.97236
0.0616983
2.56033
1.80402
0.884358
-0.507567
-0.419211
0.0600757
6.99917
-0.159117
-1.78142
1.92524
2.64698
0.472129
1.96058
2.19135
0.268109
-0.796274
-0.290402
0.0712547
7.47481
0.522716
-2.72524
0.920183
3.93408
0.840027
2.47182
1.37203
0.247994
-0.61622
-0.384912
0.0609049
7.47499
0.900515
-3.05002
0.919799
4.72953
0.785372
2.11093
1.28779
0.520806
-0.418645
-0.608578
0.0032157
7.20727
1.01916
-2.89931
2.02635
4.25714
0.663831
2.17333
1.2174
0.804822
-0.67328
-0.545365
-0.025454
6.99266
1.18647
-2.557
2.34103
4.04299
0.513804
2.83397
1.55333
0.428732
-1.0606
-0.471355
0.0870181
6.79908
1.07804
-1.96489
2.01231
4.10741
0.14251
2.84036
1.97283
0.324184
-0.901737
-0.609563
0.0755278
6.60286
1.0019
-1.67848
1.4801
3.78074
0.322999
2.57654
2.39299
-0.0332792
-0.815112
-0.631357
0.0614717
6.37056
0.344388
-0.801888
1.04101
3.46459
0.888164
1.97666
2.49447
-0.19759
-0.722473
-0.503734
-0.0158072
6.39649
0.13239
-0.899663
1.23195
3.65778
0.84072
1.60162
2.563
0.0353278
-0.79782
-0.581509
-0.00415851
6.07891
0.53685
-1.25574
2.51672
4.15643
0.382261
1.71007
2.81841
0.46119
-0.684605
-0.750267
0.02831
5.96062
0.597676
-0.959498
3.09753
4.83578
0.238167
2.13393
2.80393
0.503407
-0.645632
-0.756094
0.0734519
6.18187
0.368447
-0.813019
3.02676
5.07658
0.227666
2.39524
2.74703
0.44669
-0.674706
-0.669101
0.108015
5.77896
0.440833
-0.495075
3.20538
4.39358
0.165578
2.24558
3.21787
0.46542
-0.619028
-0.646956
0.0770691
5.86482
0.528188
-0.455887
3.37361
4.69262
0.228574
2.1892
3.26666
0.55359
-0.577198
-0.669787
0.0856559
5.84028
0.841369
-0.174421
3.64757
4.53825
0.019802
2.67173
3.16389
0.760008
-0.638284
-0.646927
0.103283
5.56005
1.22512
-0.0835423
4.00931
4.58472
0.035416
2.92494
2.85895
0.912377
-0.602209
-0.602259
0.122037
5.67567
1.55775
-0.43676
4.01962
4.33216
0.298118
3.0101
2.7699
0.932352
-0.67178
-0.511341
0.135719
5.74389
2.04712
0.0650997
3.81432
3.39756
0.51991
3.16878
2.92104
0.867702
-0.727823
-0.32069
0.142993
5.5843
2.0903
1.58579
3.08509
3.05402
0.859957
2.5192
2.73315
0.660016
-0.823208
-0.174555
0.165012
5.79676
2.3255
2.43612
2.77681
3.19885
0.88633
2.65459
1.941
0.287069
-0.999738
-0.148963
0.167025
5.68657
3.02925
2.42926
2.50138
2.89223
1.02448
1.98972
1.13303
0.43001
-0.960929
-0.0877063
0.112803
5.73577
3.18918
1.97388
2.11452
3.03808
0.424871
1.27086
1.46595
0.830247
-0.921676
-0.156228
0.108129
5.66182
3.75809
2.19025
2.11359
3.38049
0.314897
1.72724
1.86125
1.06099
-0.923502
-0.251015
0.0400659
5.76756
3.61147
1.90713
1.92772
3.74941
0.469519
2.20549
1.58863
1.05608
-0.774593
-0.282629
0.0689771
5.23805
3.18154
1.82428
2.13936
3.33983
0.687506
1.91829
1.49691
0.894709
-0.762021
0.0385712
0.141804
5.06419
2.84068
2.07209
2.61371
3.75676
0.917864
1.72175
1.44565
0.747587
-0.857636
0.101702
0.173701
5.1333
2.9366
1.85888
2.08707
4.24494
1.08886
1.70445
1.56093
0.577066
-0.731973
-0.0485552
0.120359
5.21025
2.91371
1.54463
1.73434
4.49921
1.13822
1.65546
1.60849
0.606654
-0.566763
-0.115025
0.100897
5.02148
2.75052
1.4847
1.7403
3.52389
1.4083
1.89957
1.86339
0.737301
-0.398231
0.0134257
0.105413
5.08368
2.92012
1.93357
1.64775
3.44487
1.34983
1.9473
1.89862
0.676228
-0.482181
0.0161774
0.0992385
5.21562
2.9362
2.08798
1.54001
4.02606
0.881547
1.99283
1.82284
0.669425
-0.6911
-0.0601009
0.139955
5.18073
3.07573
2.02439
1.57344
3.23121
0.619919
1.52996
1.34777
0.523799
-0.675942
0.204861
0.192012
4.56341
3.19267
2.40578
1.87274
2.90561
0.717352
1.20313
1.01152
0.196745
-0.30997
0.479009
0.172932
4.44778
3.56969
2.54772
1.47643
3.14791
0.805607
1.84358
0.893961
0.201468
-0.304884
0.435918
0.15847
4.55158
3.87957
2.3614
1.08917
3.59714
1.1784
2.51909
0.98874
0.0909273
-0.547842
0.304828
0.150371
4.41249
3.91722
2.20271
0.933102
3.13845
1.07727
2.49927
0.929214
0.0528048
-0.518149
0.344777
0.146364
4.14176
3.34482
2.57157
1.294
2.72403
1.48498
2.17442
1.04748
0.556981
-0.123208
0.37392
0.118654
4.18427
2.96534
2.90176
1.85055
3.74135
2.06164
2.51888
1.02205
0.65285
-0.354362
0.300964
0.1376
4.24325
3.0665
2.92245
2.35968
4.01692
1.69809
3.0142
1.2475
1.15455
-0.752889
0.207105
0.140363
4.32016
3.08519
2.62071
2.36769
2.66669
0.962709
2.30655
1.49185
1.41545
-0.303839
0.137846
0.0792676
4.3288
3.33529
2.37891
2.33147
2.08522
0.529192
1.4109
1.00987
1.40933
-0.09258
0.214607
0.0640613
4.10073
2.87157
2.6324
2.53706
2.88695
0.509349
1.98005
1.26244
2.07422
-0.134138
0.0619112
0.0912534
4.24822
2.49406
2.34808
2.94813
3.59822
0.951277
2.26298
1.05765
2.31219
-0.0141854
-0.140473
0.0650857
4.49734
1.84578
2.10339
2.92846
3.52229
0.524298
1.66097
0.395244
1.66841
0.390456
0.032843
0.0811847
3.99257
0.296429
1.88046
3.58568
2.71305
-0.128009
1.86761
0.876311
1.09918
0.610149
0.163478
0.064493
3.61234
-0.179197
1.71049
3.12252
3.50898
0.320523
1.64228
1.1771
1.00286
0.784252
0.0438722
0.0306075
3.07594
-0.307518
1.49012
2.04716
3.66741
0.228541
1.90911
1.25967
1.08219
0.681894
0.0232784
0.0523829
2.98663
-1.05053
1.92967
2.20622
4.09633
0.630362
1.77662
1.16807
0.774585
0.610661
0.00390741
0.0797534
2.67722
-1.45431
1.77988
2.18492
4.37869
1.63884
1.63528
0.695455
0.710047
0.73551
0.0166269
0.0771222
2.63279
-1.12074
0.882791
1.74808
2.80657
0.881731
1.41836
0.374644
1.46033
0.764897
0.208362
-0.0649568
2.61764
-1.02656
1.05346
1.47306
2.45145
0.73921
1.1338
0.260413
1.73806
0.607456
0.165971
-0.0771095
2.32962
-1.00783
0.745296
1.8395
3.04056
0.960488
0.521998
0.355644
1.87124
0.184911
0.00117848
-0.0684605
1.83485
-1.38715
0.598671
2.10937
2.95892
1.49175
0.750265
0.0193145
1.38483
0.34012
-0.00584635
-0.0620252
1.46685
-1.72297
0.776278
1.93481
2.79788
0.928364
1.14122
0.278732
1.02491
0.374866
0.0156797
-0.0867854
1.81215
-1.8557
1.04905
2.39856
3.75804
0.571987
1.64045
0.468168
0.759933
0.599648
-0.00325793
-0.0517596
1.89793
-2.39253
1.86866
2.43965
4.09964
1.34239
1.03861
0.619745
1.26668
0.477346
0.0698013
0.00340383
1.21846
-2.20233
1.44189
2.39713
4.36217
1.31127
1.17198
0.180956
1.19501
0.39198
0.0380845
0.0114752
0.910538
-1.68525
1.24682
2.50833
3.44519
0.341909
1.43603
0.214675
1.27068
0.366267
-0.110269
-0.00363729
1.0441
-1.82129
0.838148
2.54077
2.73143
-0.0247552
1.00335
0.70751
1.27002
0.138253
0.131694
-0.0304864
1.0301
-2.29961
-0.0857688
2.50302
2.22622
-0.277102
0.418692
0.855452
1.14406
0.22054
0.208166
-0.0279133
0.695887
-2.54057
0.469295
2.74429
2.74518
0.0861616
0.301612
-0.201218
1.3944
0.187667
0.043667
-0.0189325
0.818207
-2.50136
0.438158
2.84553
2.51765
0.689839
0.574487
-0.593463
1.49895
0.632491
0.0124197
-0.0801594
0.770882
-2.50115
0.868045
2.96416
3.54957
0.38515
0.636385
-0.189483
1.28232
0.523201
0.061957
-0.0283183
0.342509
-2.64965
0.680222
2.748
3.92217
0.11692
0.860248
-0.312907
0.99134
0.452542
0.0827725
0.0237445
0.415197
-2.52887
0.354925
1.37375
2.49542
0.351987
0.248349
-0.340961
1.46793
0.452649
0.0375402
0.0480267
0.67042
-2.19885
0.231102
1.30191
1.89477
0.0956753
-0.00862679
-0.346892
1.80086
0.69908
0.0964221
-0.0353244
1.08245
-2.62132
-0.23966
1.8471
2.29879
0.199242
0.136601
-0.63805
1.83482
0.722817
0.0170719
-0.00272924
0.792255
-2.36957
-0.452171
1.75534
2.07074
0.0152144
0.320855
-0.870369
2.26063
0.636898
0.0116064
-0.00325508
0.691319
-2.04586
0.0370772
1.78906
1.7203
-0.690634
0.382539
-0.346373
1.74195
0.556969
0.062487
-0.0131737
0.779541
-1.8924
0.232159
3.05755
2.77265
-0.769058
0.547985
-0.0873849
1.00646
0.143767
0.0793696
-0.0360471
0.730389
-2.02102
-0.0239635
2.70132
3.48438
0.0446777
0.626819
-0.64358
1.33407
0.358072
0.0907768
0.00860958
1.14555
-2.16723
0.183396
1.42295
3.23162
0.0268463
0.273009
-0.350537
1.36608
0.554375
0.220901
0.0124537
1.10697
-1.78425
0.127987
1.46308
2.9659
-0.0502458
0.719101
-0.374198
1.1268
0.507745
0.260511
-0.0249235
1.08459
-1.91794
-0.622514
1.09149
3.74604
0.489215
1.03969
-0.816695
0.633396
0.0944287
0.164614
0.0512728
1.2371
-2.43816
-0.169815
0.910496
3.33735
1.00457
0.171549
-0.543486
0.42601
0.351723
0.115767
0.0555
1.53158
-2.08957
-0.11497
1.1683
2.75052
0.711572
0.284075
-0.284568
0.921026
0.497259
0.0686469
0.00427109
1.66396
-1.85229
-0.581949
0.851659
3.05979
0.106223
0.212738
-0.0229915
1.26642
0.309955
0.0931341
-0.0338951
1.85539
-1.54866
-0.319095
0.508351
2.34866
-0.187041
0.761358
-0.443438
1.09582
0.384137
0.175237
-0.0176
2.06266
-1.46038
0.190167
0.227632
1.90113
0.0244743
0.373524
0.199259
0.94908
0.405676
0.0339461
-0.0899779
2.49978
-1.25251
-0.23212
-0.000932007
2.22945
0.0701744
0.167943
0.0234793
1.37331
0.423641
0.168647
-0.0448982
2.32264
-0.901849
-0.21043
0.0765869
1.63818
0.121437
0.638566
-0.156354
1.32351
0.744042
0.388623
-0.0174896
2.39484
-1.00014
0.00936885
0.355972
0.970499
-0.119958
0.399668
0.423837
1.53466
0.448254
0.266302
-0.0652614
3.01316
-1.03006
0.239451
0.46751
0.598868
-0.314271
0.475997
-0.429619
2.00483
0.467792
0.0645623
-0.0632918
