142
0.853913
-1.24827
-0.580632
0.0940025
1.85087
1.60081
0.385995
0.5848
0.244939
-0.162111
0.685642
0.165975
0.245677
-1.53842
-0.82381
-0.957247
1.64432
0.960059
-0.988075
0.490745
0.0537265
-0.18383
0.573124
0.163464
0.0948932
-1.3124
-1.01141
-0.995794
1.51771
0.302601
-0.217271
0.168507
0.164274
-0.0843863
0.450219
0.167597
-0.173042
-1.28978
-1.21467
-0.321747
1.88977
0.378599
0.836196
-0.70996
0.0625367
0.0612347
0.497371
0.0687484
-0.158986
-1.19292
-0.991437
0.833739
2.81147
0.890757
0.884681
-0.81571
0.510496
0.368742
0.448845
0.0959013
-0.145852
-1.45926
-0.848214
1.13509
2.88396
0.75669
0.942955
-1.01429
0.982461
0.379513
0.485811
0.0469605
-0.536298
-1.17231
-0.481511
0.477454
2.56638
0.104697
0.802156
-0.840438
0.807821
0.251073
0.368693
0.0261263
-0.476873
-1.17296
-0.779133
0.567808
1.95621
-0.783135
-0.166008
-0.935426
0.940366
0.17625
-0.117258
0.00877693
-0.52568
-1.73905
-0.517612
0.566669
1.43576
-0.979799
-0.255058
-1.00508
0.429911
0.296403
0.040757
-0.0227886
-0.680269
-2.54147
-0.5242
-0.0027459
1.61829
-0.0256353
0.0698373
-0.799467
0.277349
0.0175565
0.144461
-0.0707484
-0.933095
-2.91202
-1.19671
0.353313
1.89554
-0.74417
0.821532
-0.511627
0.111056
-0.132875
0.183065
-0.158224
-0.84374
-3.43657
-1.11634
0.283967
1.24965
-1.72866
0.548747
-0.677906
-0.0819639
0.150335
0.136238
-0.0827974
-0.618654
-3.74542
-0.0635437
0.417356
1.82675
-1.68671
-0.068209
-0.775512
-0.856575
0.276693
0.227788
-0.0582846
-0.965894
-3.56406
0.787544
1.1228
2.49041
-1.5206
-0.283707
-0.0696325
0.0155146
-0.102002
0.137369
-0.0892862
-1.32287
-3.0198
0.689145
0.812352
2.64166
-0.916173
-0.218846
0.364017
0.842421
-0.0602455
0.0708839
-0.050189
-0.884974
-2.5538
0.44559
0.37131
1.6638
-0.794852
-0.319614
0.098667
0.668595
0.00725181
0.205372
0.0383205
-0.388382
-2.39697
0.450784
-0.0837982
1.00278
-0.584242
0.0861139
-0.294476
0.349503
0.146147
0.426557
0.173146
-0.291524
-2.01729
0.0910431
0.495705
1.22735
-0.887724
0.129487
-0.228771
0.203024
-0.0854127
0.330629
0.139966
0.565099
-1.74674
0.450262
0.950695
0.898819
-1.64292
0.278637
0.651058
0.210835
-0.0982651
0.381041
0.0305203
1.76079
-1.40836
0.961191
0.974396
0.519988
-1.74529
0.938876
0.308883
0.718246
-0.164286
0.229626
0.015905
3.04472
-0.160017
1.26057
1.3284
1.77093
-0.901792
1.5696
0.00221185
0.934954
0.32403
0.328536
0.0590358
5.2006
-0.119676
-0.499135
1.20665
3.01331
-0.825226
0.676869
-0.157864
1.20943
0.261309
0.229749
0.191547
6.54602
-0.186752
-1.58585
1.80381
2.86993
-0.936951
0.411398
0.22949
0.673666
0.15962
0.214472
0.143209
7.06819
-0.0932279
-1.12073
1.15432
3.11536
-0.415049
-0.217251
0.494804
0.0346626
-0.000664701
0.0683937
0.077297
6.56489
0.649656
-1.10108
1.28527
4.02577
0.160376
-0.480209
0.225962
-0.292651
-0.189285
-0.245448
-0.00909281
6.78662
0.351648
-1.25933
1.47599
3.77736
0.520321
-0.736871
0.245485
-0.086491
-0.339376
-0.343377
-0.0414942
7.46084
-0.115463
-1.32562
1.25973
3.69796
1.02025
-1.0806
0.329412
0.0910922
-0.326498
-0.337443
-0.0723933
7.09381
0.576632
-1.75907
1.53704
4.4459
0.410064
-0.820185
0.428429
0.241083
-0.0686771
-0.516206
-0.13275
6.81165
0.092459
-1.81844
2.314
4.36757
1.08114
-0.62939
0.209355
0.190987
-0.313541
-0.532892
-0.114994
6.80707
-0.333208
-1.76025
2.97104
4.82421
1.47699
-0.529722
0.175996
0.179883
-0.339417
-0.544605
-0.12037
7.27475
-0.485341
-1.55419
2.69864
4.64329
1.28677
-0.331949
0.252682
0.344187
-0.326478
-0.578885
-0.145211
7.00517
-0.1552
-1.90073
2.3959
4.19091
0.760288
-0.0630916
0.339802
0.574319
-0.189746
-0.555653
-0.168
7.04583
-0.248936
-2.37996
2.28998
4.58592
0.845269
-0.148433
0.356785
0.737712
-0.0103643
-0.564517
-0.204593
7.15975
-0.651326
-2.61185
3.04714
5.40452
1.17707
0.0845764
0.116745
0.478554
-0.265526
-0.564413
-0.148663
7.78839
-0.802808
-2.76236
3.07253
4.39871
0.541966
0.281964
0.249395
0.594756
-0.37867
-0.482495
-0.125622
8.06097
-0.787702
-2.75523
2.17629
3.72381
0.642914
0.462083
0.464137
0.567164
-0.164916
-0.302011
-0.0919312
6.63633
0.173172
-2.22946
1.37855
4.03419
1.75116
0.198274
0.487272
0.18978
0.136901
-0.187465
-0.0990931
5.7129
0.435783
-1.05707
1.41608
4.17537
1.89644
0.667717
0.0727925
-0.120899
0.126643
-0.0725144
-0.0576349
5.66172
0.982382
0.0159061
1.17731
3.41215
0.71202
1.14696
0.347628
0.530802
0.421372
-0.102056
-0.0635122
5.98267
1.05111
-0.193928
0.758457
3.56248
1.35196
1.38805
-0.316321
0.999609
0.362822
-0.0144121
0.0263461
5.73071
1.04394
0.0415727
1.36892
3.66247
2.4288
1.5663
-0.642666
1.30342
0.150888
0.0674316
0.0915532
5.46909
1.80772
0.177432
2.16075
4.39967
2.30611
1.42794
-0.0311283
0.924643
0.058037
0.00506499
0.0159455
5.33943
1.80378
0.554905
2.66218
5.09858
2.60194
1.38323
-0.328229
0.735305
-0.16363
-0.102972
-0.00531527
5.37958
1.99954
0.496723
1.91658
5.64801
2.90967
1.2486
-0.334315
0.339661
-0.271284
-0.0496729
0.026337
5.4619
2.26858
0.136115
1.63932
5.09949
2.55282
1.42217
-0.378808
0.530754
-0.24115
0.0460632
0.048847
5.59957
2.30894
0.453371
2.14444
5.11495
2.05273
1.44301
-0.230106
0.871269
-0.214327
-0.186038
-0.0258147
5.36824
2.17882
0.795236
2.47043
5.0866
2.3195
1.37339
-0.362895
1.0036
-0.29928
-0.249791
-0.0626605
5.11566
2.17296
0.851192
2.16697
5.19697
2.42111
1.24242
-0.486421
1.02406
-0.253222
-0.26495
-0.0865912
4.99348
2.28819
0.76281
1.56181
4.44815
2.28819
1.33281
-0.213062
0.734908
-0.330027
-0.318094
-0.100443
4.83637
2.3203
0.534042
0.627063
4.26512
2.20573
0.92788
-0.297554
0.788716
-0.155107
-0.295394
-0.150558
4.54369
1.68171
0.252953
0.161162
3.6571
1.44675
0.173758
-0.379518
0.561993
0.0749502
-0.246534
-0.171178
4.5234
1.47744
0.543518
0.777072
3.4866
0.826652
0.487711
-0.498055
0.477271
-0.296156
-0.321754
-0.100122
4.19156
1.54536
1.23361
1.48746
3.73911
0.723227
0.705459
-0.313983
0.960776
-0.514308
-0.505505
-0.0916732
4.11196
1.64155
1.16724
0.906106
3.40801
0.639237
0.349504
-0.204817
1.15289
-0.254393
-0.607172
-0.169802
4.09138
1.80291
0.916522
0.820718
3.72725
1.12137
0.541756
-0.619259
0.873081
-0.370769
-0.47301
-0.148691
3.96823
2.01813
0.895285
1.12626
4.0657
1.29419
0.596319
-0.887147
1.088
-0.390947
-0.421453
-0.150492
3.48362
-1.46105
0.989739
3.00344
2.27302
0.0143885
0.56562
0.341985
0.533249
0.0662197
-0.142602
-0.101998
3.17318
-2.73543
0.771921
1.56949
1.21297
0.55537
1.15662
0.678183
0.82708
0.260901
-0.0367761
-0.0730456
3.70598
-1.98619
1.32458
1.21571
1.27633
1.49353
2.31949
0.932964
0.745396
0.252849
0.0518765
-0.032254
5.50836
-1.00703
0.606736
0.1333
1.57727
1.65775
2.72812
1.28864
0.54696
-0.267657
-0.146475
0.11943
6.05563
-0.200648
-1.72935
0.971863
2.59789
1.36945
1.53203
1.87069
0.432202
-0.618208
-0.273525
0.0791977
6.61189
-1.32169
-1.53496
0.764225
2.04429
2.06238
1.18202
2.18618
0.620931
-0.781069
-0.378494
0.0469699
6.53098
-1.25977
-1.62971
0.86569
1.76113
1.98815
1.27942
2.31578
0.637712
-0.761783
-0.435124
0.00636505
6.77885
-0.791201
-2.17469
1.00269
2.38211
1.34605
1.70033
2.3433
0.43044
-0.807073
-0.468142
0.00353625
6.37886
-0.339002
-2.53888
1.03813
2.85472
1.43327
1.76769
2.22799
0.228675
-0.849645
-0.511754
0.0248837
7.02852
-0.688337
-2.84696
1.54308
3.13914
1.50434
1.86005
2.11099
0.166777
-1.02225
-0.51538
0.0609824
6.6192
-0.513033
-2.81069
1.44748
3.40038
1.33093
1.84448
2.29139
0.114941
-1.00772
-0.562908
0.0578957
7.08088
-1.08539
-2.33086
1.02494
4.30002
1.0159
1.87506
2.18169
0.0923195
-0.929536
-0.583972
0.0614558
6.57548
-0.726214
-2.10667
0.695018
4.61428
1.0523
1.55531
2.63522
-0.076687
-0.797224
-0.618174
0.0245487
6.46525
-0.795477
-2.31791
1.08833
4.46195
1.03356
1.64384
2.3967
0.0715592
-0.811815
-0.625076
0.0320791
6.28825
-1.06463
-2.892
1.67758
3.9176
1.22637
1.82123
2.21784
0.421297
-0.903739
-0.604047
0.0451108
6.60556
-1.21507
-2.80426
1.58044
3.976
1.06475
2.20194
2.20396
0.426228
-0.965623
-0.582136
0.0736898
6.45392
-0.747047
-2.79972
1.10706
4.03894
1.5092
2.27879
2.45693
0.0212106
-0.982393
-0.531408
0.105507
6.37882
-0.470964
-2.90888
0.894022
4.13658
1.71401
2.36773
2.60461
-0.263294
-0.993964
-0.517811
0.134253
6.37523
-0.456951
-2.91493
1.31484
3.97175
1.92874
2.17086
2.49645
-0.224296
-0.976096
-0.472742
0.137547
6.69229
-0.127872
-2.75154
1.21463
4.44909
2.02194
2.14716
2.53528
-0.345763
-0.933716
-0.487023
0.153101
6.54367
0.358076
-2.43434
0.98409
4.41084
1.65085
2.56037
2.68844
-0.507219
-0.88166
-0.494389
0.182596
6.77912
0.326374
-1.90738
1.19354
4.36572
1.15496
3.17193
2.35608
-0.352918
-0.952549
-0.398253
0.219985
5.76519
0.779137
-1.31504
1.61323
3.10236
1.44298
2.62781
2.34808
-0.163139
-0.765866
-0.250358
0.169948
6.50946
1.29641
-1.28577
1.80125
3.89512
0.481487
3.40947
2.10375
0.158591
-0.871874
-0.361123
0.22653
6.26703
2.02623
-0.228402
1.67799
3.62832
0.149999
2.85011
1.98632
0.314861
-0.735208
-0.35981
0.214845
6.17072
2.40302
1.10629
1.28829
4.11553
-0.0336366
1.81869
1.32877
0.0360846
-0.667246
-0.26203
0.256202
5.50248
3.02
1.51908
1.62014
3.24139
0.54633
0.906735
1.17705
0.468011
-0.824524
0.0706203
0.176306
5.42681
2.97615
1.3471
1.17621
2.49941
0.918
1.76263
1.66079
0.650287
-0.9114
0.0265244
0.14965
5.94806
2.59338
1.38033
0.839244
2.73497
0.477279
2.68275
1.38178
0.863821
-0.683461
-0.226798
0.162542
6.04526
2.73577
1.15531
1.00278
3.32236
-0.44874
2.67452
1.84179
0.909621
-0.709096
-0.414623
0.190623
5.38116
2.9144
0.988699
1.28802
3.05905
0.568649
1.90946
2.31254
1.00886
-0.859499
-0.1769
0.11521
5.0514
2.90961
1.07876
1.14147
2.75153
1.72995
2.13837
1.79016
0.97054
-0.575525
0.019248
0.0770546
5.49143
3.06677
0.838495
0.354215
3.81119
1.73432
2.35929
1.00453
0.913811
-0.288677
-0.00451648
0.10024
5.57736
2.20027
1.34521
0.643118
3.89355
0.612264
2.40568
1.53362
0.606322
-0.248522
-0.14158
0.190094
4.95282
2.74816
1.39567
0.866933
3.3909
0.615232
2.19137
1.86916
0.420182
-0.226588
0.0554845
0.143671
4.7837
3.20026
1.87534
0.988659
3.07158
0.54963
2.32028
1.65672
0.496886
-0.106878
0.0809478
0.106879
4.9912
2.98702
2.13744
1.5217
3.1682
0.410443
2.70468
1.68691
0.898322
-0.230675
-0.0618468
0.099304
4.70236
3.10272
2.21546
1.23744
2.7028
1.38691
3.32028
1.45501
1.15817
-0.279453
-0.0991958
0.0420093
4.62426
3.12546
2.16916
1.05838
3.11203
1.49212
3.51572
2.051
0.844891
-0.285898
-0.208856
0.0292996
4.60066
2.67144
1.99184
1.16073
3.542
2.09718
3.12267
2.43993
0.730677
-0.350302
-0.23923
0.030619
4.41639
2.3611
1.7277
1.16898
3.92973
1.94094
2.82017
2.5162
0.910524
-0.442336
-0.25202
0.0520252
4.02901
2.01249
1.33944
1.48298
3.27935
1.58585
2.88228
2.4919
0.998012
-0.469662
-0.218727
0.0714851
3.99608
0.993688
0.669227
1.70777
3.16299
1.35934
2.99708
2.19843
1.27709
-0.456297
-0.268043
0.10127
3.9562
0.563919
0.46557
1.93494
2.96492
1.36465
3.12878
1.71696
1.50118
-0.450324
-0.264769
0.0995612
4.43733
2.03624
-0.0730746
2.40563
1.81029
0.682457
1.58024
1.02149
1.2342
-0.548783
0.020563
0.0295766
4.42079
2.30842
0.30842
2.25462
0.336061
-0.143301
0.45722
0.740909
0.272266
-0.68483
0.0715917
0.0716357
3.29291
0.720596
1.50283
2.53073
-0.39714
0.137495
0.301714
0.822028
0.723901
-0.416732
-0.238945
0.0791335
2.24079
-0.363567
2.56964
2.80821
-0.280957
0.270039
0.517651
1.14137
1.59686
-0.184986
-0.305585
0.146133
1.51781
-1.52154
2.32175
2.32873
1.04456
0.925612
1.15
1.92021
2.03977
-0.4712
-0.236814
0.0624661
1.15129
-2.10861
2.54115
2.2964
1.65337
1.08873
1.5172
1.60386
1.86265
-0.38989
-0.197274
0.044951
0.695754
-2.29177
3.22456
2.62628
1.891
0.931465
1.80759
1.52801
1.15319
-0.258119
-0.121486
0.113189
0.850434
-2.14058
2.69202
2.26661
1.48755
0.294489
2.30041
1.68446
1.19213
-0.431095
-0.0669382
0.0780011
0.71976
-1.70372
2.73829
1.70195
0.907984
-0.238082
1.76566
1.36755
1.82147
-0.115179
0.088453
-0.0702755
0.830902
-1.72709
2.9781
1.40666
0.910691
-0.669827
1.62044
1.41078
1.71352
-0.0270915
-0.0415419
0.00249549
0.972609
-1.91828
2.26866
2.43798
1.03217
-0.141897
1.53643
1.25476
1.27364
-0.377573
0.0692626
0.057043
0.596328
-2.15543
2.33786
3.05912
2.07519
0.509983
1.54634
0.871226
1.35719
-0.362268
0.0788
0.0432219
0.529906
-2.00207
2.66503
2.34594
2.30946
0.376693
1.92852
1.10293
1.56641
-0.218421
-0.201776
0.0519452
0.49646
-2.33537
3.10869
2.21964
2.60829
0.926711
1.546
1.2862
1.3943
-0.262099
-0.33892
0.157627
0.571856
-2.03103
3.46131
1.70676
1.09967
0.687377
1.57304
1.43305
1.84777
-0.0978868
-0.467912
0.0741761
0.257329
-1.92404
3.40779
2.26927
1.3337
0.258844
1.86351
1.75136
1.05883
0.00687854
-0.159789
0.00516906
0.101367
-2.14568
3.25411
2.8495
2.45271
-0.0538232
1.7457
1.90034
0.842088
-0.416075
0.207189
0.0689456
0.154677
-2.15829
3.23228
2.06342
3.06518
0.43826
1.50817
1.0735
1.28202
0.0811216
-0.218581
0.0562025
0.0271133
-1.92893
3.12314
1.99632
2.34805
0.905167
1.19195
0.92688
1.54344
0.0250709
-0.276562
0.0303685
0.221711
-1.51114
2.52493
2.52609
1.78399
0.37976
1.55763
1.23873
1.72447
-0.455059
-0.144359
0.0628185
0.548588
-1.6952
1.91739
3.10121
1.55916
0.564856
1.91017
0.424914
1.62302
-0.255681
-0.277437
0.0902916
0.733742
-1.90466
2.02375
2.6702
2.00206
0.917266
0.829661
0.253465
1.37434
-0.115813
-0.186272
0.0685575
0.779972
-2.0532
1.79249
2.81932
2.23711
1.26654
1.0529
0.121567
0.841499
0.190886
-0.103026
0.0392087
0.335295
-2.48579
1.0761
4.10863
2.33934
1.88862
2.08179
-0.357955
1.00702
-0.190436
0.168872
0.101419
0.515098
-2.46456
1.11414
4.01919
2.69726
1.49902
1.51502
-0.414919
1.33641
-0.158662
0.273397
0.0331574
0.543082
-2.43189
1.71943
3.8395
2.76544
0.733319
1.0168
-0.468598
1.24302
0.327768
0.193749
-0.0329736
0.863038
-2.45952
1.26623
3.09931
2.45988
-0.123378
1.1109
0.0905753
0.982308
0.240861
0.130961
-0.0105212
1.10718
-2.47947
1.60914
2.30326
2.12368
-0.339757
1.03893
0.264305
1.34239
-0.0250135
0.0542363
0.0273947
1.01905
-2.08148
1.74038
1.78307
2.26103
0.214901
0.796583
-0.634605
1.96431
0.226535
-0.085858
0.0015883
1.04604
-1.41107
1.40422
1.41355
1.47521
-0.38095
0.458816
0.12679
1.92247
0.519935
0.0784663
-0.1
1.0136
-1.61456
0.909119
1.25912
1.53002
0.0212903
0.779198
0.38579
0.875937
0.474176
0.191471
-0.0328709
0.926418
-1.58157
0.374901
2.2415
2.25405
0.647344
1.06289
-0.194868
0.582808
0.462872
0.12897
-0.0200057
1.21503
-1.827
0.3367
2.91378
2.43141
1.14149
1.28813
-0.540988
0.972839
0.0383157
0.165036
0.0344145
1.31587
-1.5441
0.718181
2.14956
2.77548
1.85354
1.13389
-0.350714
0.849658
-0.0385899
0.349123
0.041467
1.10445
-1.27033
0.907722
2.03685
3.74606
1.28409
1.52271
0.134424
0.708578
0.0786664
0.326286
0.00974058
1.041
-1.1251
0.633218
2.06862
3.77441
1.40225
1.51512
-0.327773
0.857368
0.265984
0.161864
0.0238784
1.25702
-1.38164
0.333413
2.63467
3.73255
1.76545
1.55183
-0.58594
0.167123
0.553799
0.224237
0.0652551
1.53274
-1.33931
0.597263
2.22579
3.15348
1.59903
1.86917
-0.502826
0.356852
0.209804
0.266684
0.0875758
1.90703
-1.03704
0.328187
1.21973
2.60856
0.920573
1.32385
0.335342
1.05622
0.0866527
0.277528
-0.02385
1.89262
-1.05355
0.890858
1.05789
2.74537
1.11447
1.20558
0.196168
1.12441
0.584316
0.133203
-0.0969594
2.09159
-0.903863
0.783936
1.79472
2.28336
1.24537
1.33801
-0.249668
1.4999
0.426547
0.075645
-0.0677617
2.11388
-0.289363
0.420416
1.60247
1.9201
0.774287
1.43922
0.162838
1.54637
0.413081
0.354974
-0.108001
