158
2.60925
-0.723974
0.700688
1.98004
2.78905
0.179753
0.343165
-0.222412
-0.015931
-0.396267
-0.0281934
-0.0506744
2.29345
-0.635806
0.0991136
1.50464
2.15575
-0.0979769
0.214921
0.0219864
-0.083356
-0.430186
0.0464893
-0.139624
2.01376
-0.898645
-0.099228
1.58975
2.04098
0.0861412
-0.0285778
-0.62246
0.244636
-0.481786
0.16195
-0.133827
2.0189
-0.84591
-0.134788
0.748304
1.68252
-0.307348
-0.293958
-1.20899
0.407791
0.0109366
0.356647
-0.0806403
1.8439
-0.975674
-0.353254
1.23462
2.19067
-0.509696
0.27877
-1.42842
-0.247694
0.140059
0.0689848
-0.0523788
1.02929
-1.73377
-0.0465693
1.63187
2.17596
-0.838337
0.105498
-1.17166
-0.65408
0.111166
-0.0433821
-0.0430406
0.0955859
-1.64541
-0.146149
1.11684
1.96928
-0.877406
0.242057
-1.04064
-0.390678
-0.239359
0.106524
-0.101862
0.123716
-1.04936
-0.188989
0.921083
2.0564
-0.26839
-0.125622
-1.03106
0.519999
-0.118815
0.0904295
-0.0642256
0.261662
-1.09879
0.0744879
1.45792
2.32148
0.0189244
-0.221777
-0.999633
0.999416
0.25379
0.0535798
-0.0200275
0.084249
-1.60806
0.643178
1.4575
1.53403
-0.207287
0.0770679
-1.24339
1.1366
0.196903
0.232567
-0.0765859
-0.385503
-1.95528
0.119723
0.666128
1.70483
-0.328694
0.0177472
-1.85662
0.245154
-0.373057
0.300307
-0.104563
-0.365207
-1.98158
0.100285
0.735245
2.34671
0.0864688
0.219129
-1.46021
0.00263485
0.124707
0.218795
-0.134791
0.0233013
-1.84389
0.152783
0.56816
3.25024
0.436978
0.126545
-1.19931
-0.206865
0.213186
0.114662
-0.0152395
-0.491084
-1.97104
-0.0586226
0.962012
3.22526
0.450041
-0.538954
-0.340275
-0.0288429
0.156096
-0.170706
0.0647952
-0.798168
-2.37877
0.400368
2.2393
2.05543
-0.70354
-0.867427
-0.585139
0.472547
0.151569
-0.061597
-0.0619767
-0.753503
-2.76399
-0.071992
0.901813
1.96838
-0.783709
0.463586
-0.669583
0.253455
0.231166
0.287222
-0.103881
-0.518221
-2.78184
-0.317006
0.85723
1.83032
-0.922178
0.428474
-0.313379
0.514551
0.350897
0.128483
-0.040188
-0.570024
-2.39568
-0.0567438
0.773276
1.96334
-1.18769
-0.505581
-0.0764634
0.244748
0.37227
0.0478756
-0.0237761
-0.456867
-2.31988
-0.606627
0.538233
1.94392
-1.69023
-0.468904
-0.689945
-0.400131
-0.0901324
0.0728136
-0.0825623
-0.397025
-2.31246
0.0292672
0.187545
1.40399
-1.75847
0.0303191
-0.748391
-0.150079
0.120583
0.136735
-0.0710606
-0.586874
-2.58857
0.424617
0.435228
-0.179832
-1.80129
0.203271
-0.45469
0.538679
0.34614
0.284943
0.00491865
-0.244178
-3.20667
-0.196796
1.24666
-0.229151
-1.48028
-0.722553
-0.450305
0.399207
0.00676526
-0.0242052
0.0867274
0.470347
-2.84096
0.30979
1.51915
1.00214
-1.34179
-0.614566
-0.05214
0.499511
-0.310312
-0.161669
0.0271317
0.920061
-2.20881
0.206726
1.50339
1.16458
-0.9348
0.110598
-0.627476
0.343086
-0.411647
-0.189871
-0.0866857
1.34823
-1.54295
0.242046
2.00308
2.48769
-0.196054
0.67418
-0.958732
-0.025598
0.135885
-0.0625556
0.0734954
2.73525
-0.0932027
1.12485
2.13245
3.82546
0.171704
1.25001
0.203064
0.0992212
0.0429748
0.312914
0.0972544
5.11179
1.21913
0.301137
1.20904
2.72325
-0.47511
0.25312
0.480634
0.649506
0.0798048
0.0373729
0.0603606
6.9278
-0.0354507
-1.90779
2.2502
3.03134
-0.935485
0.171644
-0.17798
0.778934
-0.0985071
-0.0309311
0.0708973
7.27716
-0.290676
-2.24727
2.24263
3.30113
-0.66714
-0.650591
-0.0519232
0.728532
-0.05548
-0.205837
-0.00648604
6.65642
-0.246506
-1.83066
2.71432
3.31011
-0.585317
-0.685627
-0.183588
0.716221
-0.227851
-0.392954
-0.0830129
6.60423
-0.469558
-1.65424
2.7401
3.40985
-0.00521503
-0.562327
-0.235661
0.499026
-0.311938
-0.477314
-0.117704
6.92811
-0.949335
-1.89601
2.97281
3.61276
0.0876932
-0.525239
-0.223604
0.457889
-0.314317
-0.506723
-0.134477
7.34499
-1.17124
-2.43793
2.88224
4.23438
0.437042
-0.559862
-0.327127
0.376695
-0.308299
-0.517373
-0.135479
7.00341
-0.541113
-2.93083
2.17369
3.65018
0.490983
-0.571276
-0.132109
0.671377
-0.155788
-0.50537
-0.168447
7.13773
-0.912054
-3.02965
2.2041
3.45838
0.166386
-0.333186
-0.170902
0.839657
-0.0890624
-0.470927
-0.184843
6.86593
-0.531508
-3.09685
1.87594
3.77938
0.59187
-0.685197
-0.0858268
0.811418
0.0307788
-0.508403
-0.212638
7.24616
-0.56483
-3.25661
2.16682
4.02699
0.841286
-0.705148
-0.0566797
0.751412
0.00374197
-0.537974
-0.222373
7.47388
-0.840826
-3.27579
2.89991
3.90559
0.634156
-0.386537
-0.0652219
0.738636
-0.113786
-0.468592
-0.203009
7.70413
-0.844335
-3.40008
3.04498
3.96236
0.601122
-0.0725738
-0.0536425
0.741733
-0.142126
-0.375519
-0.1753
6.56869
0.174901
-2.50338
1.76751
3.58693
0.927889
-0.186146
0.418018
0.655938
0.13533
-0.350214
-0.159475
6.24247
0.584021
-1.78135
1.09556
3.63897
1.21002
-0.19695
0.525166
0.0403903
0.14321
-0.220552
-0.119458
5.79389
0.58242
-0.973366
0.929764
4.15638
1.70526
-0.093133
0.917085
-0.896732
0.0744558
-0.0813334
-0.0945374
5.66458
0.922865
-0.369783
0.971703
4.0728
2.28081
0.286929
0.737889
-0.863068
0.16175
0.103412
-0.0361378
5.75647
0.763566
-0.413277
1.15681
4.18372
1.99099
1.17142
0.370925
0.709029
0.381868
0.212581
0.109098
5.62215
0.962661
-0.648568
1.68082
4.69709
1.56557
1.05234
0.0296534
1.28347
0.35293
0.186911
0.132636
5.2869
1.40527
0.425291
2.24088
5.45347
2.202
0.389037
-0.133938
0.937372
-0.0590328
0.0805458
0.0849111
5.00032
1.20418
0.621186
2.41457
6.20151
2.88084
0.091163
-0.18913
0.705485
-0.045137
0.17264
0.0710333
4.89494
1.24184
0.197715
2.88258
6.44069
2.36385
0.0752087
-0.251609
0.960376
0.164236
0.0528593
0.0157571
5.20346
1.39018
0.286297
2.90714
5.30926
1.24792
0.494847
-0.467711
1.19566
-0.0918644
-0.270342
-0.0419106
5.43524
1.55058
-0.00102264
2.50641
4.84425
1.20089
0.506599
-0.920348
0.998894
-0.11985
-0.251569
-0.0844334
5.35402
1.59752
0.225234
2.36279
5.10865
1.24871
0.423071
-0.837667
1.01908
-0.109761
-0.259714
-0.0710063
5.07707
1.56776
0.208056
1.64582
4.84205
1.54788
0.51291
-0.134548
1.02343
-0.268499
-0.244535
-0.0315234
5.2582
1.77236
0.149669
0.80098
4.42034
1.24875
0.564539
-0.404002
0.939651
-0.143175
-0.206757
-0.0494591
5.16582
1.71548
0.863975
1.68026
4.33556
0.827347
0.289868
-0.392266
1.14806
0.00626496
-0.466545
-0.154966
4.94685
1.81173
0.931904
1.44922
4.05769
0.798921
0.126455
-0.552439
1.20695
0.0613228
-0.480582
-0.19437
4.69579
1.8315
0.420775
0.936769
3.54879
0.597095
-0.197246
-0.616538
1.12281
0.175527
-0.373326
-0.222888
4.82789
1.49572
0.30782
1.04422
3.47379
0.501084
-0.0665401
-0.49551
1.22921
-0.0504855
-0.451714
-0.196514
4.64398
1.41858
0.425613
1.35329
3.77232
1.04375
0.1646
-0.742827
1.24922
-0.190355
-0.438231
-0.172955
4.31129
1.02946
0.639389
1.51268
4.37738
1.33092
-0.0162644
-0.651
1.14956
-0.0340595
-0.430237
-0.154932
3.60177
0.869051
0.958935
1.72419
3.13007
0.986316
-0.0524721
-0.274404
0.949829
0.156449
-0.526416
-0.178437
4.15
-2.51634
1.38169
0.922215
2.55427
0.356256
0.606774
-0.0562747
0.0189951
0.0493699
-0.220246
-0.00258844
4.12808
-2.57088
1.45481
0.50711
2.18127
0.847378
1.26107
0.550006
0.650159
0.229322
-0.132669
0.0479797
4.88158
-1.48985
1.0255
-0.0273144
1.96974
1.7823
2.19224
1.06822
0.524174
-0.272125
-0.172468
0.0988672
6.09754
-0.784229
-0.962447
-0.0511398
2.11874
1.87849
1.24434
2.45594
0.511129
-0.692956
-0.191688
0.0304046
7.24548
-0.829284
-2.0651
0.600009
2.54284
1.45899
1.40867
2.47377
0.437418
-0.785023
-0.384693
0.0335929
6.87199
-0.247408
-2.93627
1.11018
2.76707
1.05865
1.52119
2.27519
0.492494
-0.732404
-0.510767
0.0121217
7.16811
-0.813254
-2.75022
1.27091
2.78725
1.09829
1.458
2.19305
0.547201
-0.757242
-0.511945
-0.0108247
6.39886
-0.735515
-2.38116
1.34735
2.73808
1.05407
1.21394
2.4284
0.368386
-0.771917
-0.521571
-0.0221883
7.34381
-1.34671
-1.72314
1.15981
2.78838
1.5511
0.893294
2.40145
0.425016
-0.946841
-0.486355
-0.0220383
6.89113
-1.13361
-2.71971
1.44297
3.13866
1.22388
1.29143
2.06875
0.302257
-0.878043
-0.52133
0.00220073
7.14625
-1.9939
-2.99958
1.8919
3.72677
0.557428
1.66927
1.58921
0.400735
-0.896909
-0.5402
0.0195397
6.64378
-1.73917
-3.10283
2.07985
3.75589
0.622353
1.67765
1.53507
0.353251
-0.977698
-0.528855
0.0250628
7.09567
-2.25846
-2.92697
1.88409
4.11361
0.0881659
1.9252
1.57073
0.312761
-0.945321
-0.592302
0.0499602
6.66498
-1.96132
-2.50221
1.32225
4.27887
0.498099
1.79729
1.76152
0.109229
-0.939262
-0.615108
0.0496429
6.22474
-1.40281
-2.53521
1.18808
3.88332
0.968418
1.63606
1.939
0.0717118
-1.02859
-0.601457
0.0392045
6.85873
-2.51082
-1.91558
1.46455
3.25395
1.35866
1.42947
1.85933
0.126177
-1.11503
-0.563808
0.0334751
6.7916
-2.09362
-2.33351
1.9881
3.68268
1.00781
1.62582
1.78014
-0.0239553
-1.16832
-0.534623
0.0695575
6.43238
-1.52271
-2.46697
1.96873
4.58658
0.31171
1.94113
1.6224
0.0020857
-1.05469
-0.603893
0.0946917
6.14415
-1.24693
-2.34856
1.83044
4.68902
0.713175
1.81461
1.79899
-0.370491
-1.03774
-0.508595
0.11568
6.53286
-1.47288
-2.26099
1.67024
4.32981
0.823326
2.11375
1.84433
-0.350587
-1.15228
-0.45881
0.141094
7.03243
-1.91622
-1.78131
1.12793
4.74814
0.503123
2.23316
2.06886
-0.510441
-0.99781
-0.495392
0.155943
7.11823
-1.92572
-1.60476
0.890229
5.14763
0.25093
2.23374
2.24205
-0.589104
-0.823744
-0.550452
0.156328
6.84937
-1.68219
-1.58571
1.14003
4.90322
0.531005
2.18604
2.20243
-0.486582
-0.903253
-0.466753
0.153152
6.2201
-0.820286
-2.03021
1.55769
4.28658
0.950371
2.16368
2.282
-0.345033
-1.00239
-0.403933
0.158499
6.79471
-1.14519
-1.39422
1.55919
4.17594
0.757843
2.3438
2.29192
-0.207491
-0.966975
-0.352171
0.17255
7.35109
-1.19684
-1.2168
2.4484
3.36378
0.311144
2.58185
2.1072
0.118961
-0.918558
-0.255188
0.182048
6.65799
-0.195438
-0.975545
2.65818
2.77133
0.475867
2.30159
2.04896
0.42522
-0.809784
-0.199403
0.169526
6.24891
1.10891
0.0124448
2.52086
2.43254
-0.105423
1.56481
1.786
0.689494
-0.688118
-0.10845
0.220756
6.36117
1.88769
0.306149
1.77279
2.7825
-0.364384
1.52027
1.87618
0.424581
-0.669966
-0.132818
0.257917
6.97529
1.70803
0.362927
1.60563
3.67093
-1.06656
1.86276
1.5446
0.186151
-0.513482
-0.206409
0.343291
6.46825
2.0902
0.233435
2.00709
3.32257
-0.378766
1.6768
1.66506
0.173157
-0.663476
-0.117392
0.296216
5.60546
2.39038
0.57407
2.02432
3.34643
0.215159
1.28439
1.65705
0.168241
-0.743998
-0.0118961
0.259937
5.67743
2.43806
0.781327
1.89953
3.76695
0.180442
1.25408
1.5228
0.0210384
-0.695141
-0.0365137
0.259956
6.18758
2.35044
0.65416
1.94708
4.23617
-0.479187
1.48
1.09631
0.160828
-0.409014
-0.146126
0.283322
6.0719
2.50581
0.755138
1.69159
4.22083
-0.0527851
1.2077
0.635617
0.409763
-0.439215
-0.117421
0.236737
5.35885
2.70011
1.01908
1.71523
3.7272
0.174275
1.13065
0.650105
0.694349
-0.363123
0.125355
0.193793
5.21819
2.47429
1.11564
2.22428
3.41985
0.376386
0.666109
0.858699
0.697239
-0.195713
0.224211
0.177421
5.83722
2.51523
0.568686
2.00086
3.31728
0.00532102
1.60273
1.2645
0.829085
-0.416857
-0.029894
0.204496
6.05257
2.57212
0.634656
1.74426
3.52514
-0.306624
2.01223
1.12001
0.833501
-0.528759
-0.146571
0.232256
5.31722
2.92709
1.06243
1.4599
3.24923
0.640163
1.10435
0.846112
0.645163
-0.472171
0.210412
0.180819
5.08413
3.02693
1.15761
1.15057
3.04736
1.03568
1.26281
0.66131
0.728026
-0.0375651
0.299335
0.131193
5.77437
2.78546
0.69817
0.629637
3.68416
0.000773735
1.80261
1.34452
0.789018
-0.0917991
-0.123144
0.160359
5.96784
2.51261
0.601748
0.728896
3.72493
0.00201876
2.12058
1.13381
0.872949
-0.230098
-0.191797
0.191823
5.27338
2.56156
1.18657
1.18599
2.52537
1.49421
2.30101
0.662324
0.861337
-0.370261
0.155165
0.142736
4.90965
2.88794
1.74077
1.14287
2.64174
1.26442
2.23995
1.03054
0.460588
-0.425889
0.221692
0.148223
5.0965
2.78905
1.97729
1.21984
3.64932
0.910769
2.6676
1.28224
0.305272
-0.475043
0.0376568
0.181431
4.90743
2.66259
1.49206
1.27995
3.85663
1.85361
3.16552
1.31733
0.698589
-0.166595
-0.0451091
0.120327
4.52204
2.861
1.54182
1.2009
3.25902
2.9108
3.16092
1.34622
0.92166
0.144695
-0.074323
0.0536006
4.0662
2.85899
1.99762
1.59544
2.96224
2.62788
3.15202
1.57077
0.905619
-0.0551456
-0.0128806
0.069697
4.56639
3.20697
1.00468
2.14667
1.99622
1.69824
1.24915
0.758182
0.890381
-0.244876
0.442358
0.1072
4.6771
3.2591
0.44308
3.29967
0.881422
1.17235
-0.137181
0.300714
0.898664
-0.10537
0.553153
0.12614
4.4044
2.89748
0.768252
3.00004
1.48599
0.546404
0.135139
0.945972
0.920998
-0.218686
0.528232
0.160092
3.61311
1.23342
1.28993
2.68282
2.44598
1.11657
1.41746
1.44252
1.74002
0.0453465
0.102424
0.0769103
3.14328
0.485694
1.53845
2.48105
2.94359
0.850021
0.642738
1.63185
1.6156
0.427768
-0.0637117
0.0209952
2.28403
-0.261373
1.33945
2.69124
3.10985
0.643597
0.425649
1.76867
1.75808
0.542784
-0.131406
-0.0476684
1.62222
-1.07943
1.57639
2.46725
2.60595
1.54423
0.712755
1.20995
1.56861
0.498665
-0.191851
-0.0857576
1.30199
-1.90526
1.56528
2.51346
2.44671
1.53004
0.653634
1.12037
1.06336
-0.0201658
-0.105116
-0.00945752
1.1697
-2.42666
1.10023
1.85133
2.01479
0.550111
0.864173
1.07824
0.918044
-0.296844
-0.231965
0.0436128
0.997602
-2.27375
0.316011
1.43289
1.58703
0.173127
1.14688
0.386859
1.20431
-0.2268
-0.202461
0.0415717
0.832091
-1.88289
-0.0859435
1.35747
2.42134
0.0471371
0.337348
0.332736
1.3251
-0.237804
0.0612702
0.09989
0.686718
-1.66977
0.930321
1.77426
2.68538
0.248494
0.478209
0.549662
1.16804
-0.468322
0.0611395
0.118865
0.495334
-1.5447
1.84248
2.12977
2.50428
0.933201
1.29378
0.642238
1.13439
-0.331121
0.172978
0.0296314
0.460029
-1.43563
2.13869
2.29954
2.49924
0.622584
1.08228
0.731343
1.10206
-0.0695634
0.228726
-0.0261267
0.413994
-1.21242
2.58786
2.51534
2.30717
0.750331
0.909481
0.637536
1.39951
-0.0858713
0.0571166
0.0315106
0.725928
-1.04412
2.28383
2.20236
2.2691
0.957634
0.858143
0.709993
1.25009
-0.135827
-0.0535622
0.0879856
1.12114
-1.27064
2.18392
2.44914
1.43385
0.960445
0.876548
0.319402
2.07598
-0.135961
-0.109469
0.0170376
1.06049
-1.362
2.43751
2.83472
1.40202
0.934969
0.703844
0.40232
2.28482
-0.221626
-0.107228
0.0296785
0.866601
-1.2914
1.94926
2.55289
2.49554
0.706348
1.06932
1.13209
1.71556
-0.208575
-0.150042
0.0410217
0.803069
-1.63811
1.91814
3.04773
2.22702
0.959784
1.08982
0.774932
1.75523
-0.0868306
-0.0945189
-0.000931635
0.887293
-1.91401
2.37101
3.66152
1.8434
0.758793
0.808164
0.72674
1.90419
-0.162363
-0.0206893
-0.00461705
0.720026
-1.84153
2.01765
3.80391
2.58289
0.3127
1.06839
0.7092
1.54191
-0.447094
0.0291862
0.104352
0.853342
-1.6522
2.28383
2.95252
2.34376
0.229598
0.940238
0.585588
1.46566
-0.478383
-0.0824612
0.168053
1.07041
-1.96259
2.27522
2.85009
2.67232
0.0187136
0.815868
0.520276
1.78176
-0.153805
-0.164404
0.0868228
0.813797
-1.39192
1.64328
3.08246
2.59607
0.7893
0.494473
0.553526
1.67155
-0.28038
-0.18787
0.0984796
0.658971
-1.38605
1.5811
3.08071
2.74157
1.70012
0.123525
-0.0435759
1.52644
-0.248017
-0.0290791
0.10663
1.11751
-1.88618
1.97303
2.78047
2.52085
0.523324
0.703643
-0.380137
1.26182
0.180459
0.0680225
0.00863045
1.09111
-1.69165
1.79619
3.05618
2.19195
-0.284623
1.2186
0.0741966
1.16568
0.198182
0.0692602
-0.0382372
0.914237
-1.52766
1.9019
2.81889
2.16544
-0.431263
0.789108
1.09731
1.39198
-0.0580061
-0.0289866
-0.0500416
0.720239
-1.57477
1.6714
2.87604
3.02025
-0.202516
0.386245
0.750664
1.45234
-0.122755
-0.0126468
-0.0314423
0.923593
-1.36824
1.24923
2.67791
2.99279
0.310775
-0.0760846
-0.0476701
1.58529
0.00542119
-0.129497
0.00713078
0.962737
-1.46337
1.2018
2.91726
2.2442
0.609223
0.425522
0.409154
1.4658
0.0241333
-0.123046
-0.00602012
0.683497
-1.76798
1.04595
3.11624
2.6891
1.26207
0.194414
-0.207459
1.36845
0.378069
-0.137764
-0.0174672
0.615365
-1.69652
1.01335
2.40355
3.2124
1.61726
-0.0751364
0.149472
0.805705
0.5474
-0.189197
0.00807759
0.840546
-1.44772
1.5123
2.10642
2.55819
0.915022
0.17082
0.314901
0.760621
0.25157
-0.120586
0.0403255
1.04824
-1.41989
1.38527
2.07104
2.79653
0.404367
0.834945
-0.360788
1.19799
0.185051
-0.0747168
0.0274725
1.13204
-1.40044
0.656159
1.91148
2.78414
0.602281
1.3294
-0.454463
1.10211
0.0473802
0.0764801
0.0292236
1.42344
-1.70906
1.04164
1.91769
2.36958
0.793652
0.540096
-0.294918
1.33995
0.387377
-0.0820825
-0.0461857
1.80388
-1.62781
1.38137
1.24403
1.93323
0.763469
-0.0100774
-0.546144
1.02495
0.654109
-0.108251
-0.0554265
1.93486
-1.73145
0.555941
1.17291
1.5473
0.57307
0.860213
-0.936248
1.00868
0.436736
0.171875
0.0533295
1.70095
-1.66062
-0.0382653
1.9965
1.92792
1.01144
0.297948
-0.394195
1.4176
-0.0466492
0.0823335
0.0276794
1.46025
-1.26944
0.0312637
1.62309
1.825
0.967006
0.624133
0.678938
1.30101
-0.304498
0.0821741
-0.0232993
1.68566
-1.18471
0.0709936
1.04704
2.42477
0.554025
1.09753
0.87116
0.499803
0.00958771
0.260832
-0.0771416
1.74036
-1.41377
0.469839
0.975481
2.88017
0.722435
1.40143
-0.0452233
0.583302
0.106078
0.0850826
-0.0664761
2.08711
-1.49914
1.29402
0.539312
1.68039
0.287075
1.3547
0.10377
1.24271
0.40873
-0.0388211
-0.0783717
2.07712
-0.94446
1.57986
0.169496
1.00224
0.798563
1.41232
-0.14881
1.12118
0.660122
0.11283
-0.0754899
2.2069
-1.1856
1.38157
0.541074
1.08303
0.906476
1.19042
-0.434378
0.949265
0.33077
-0.0428138
0.0110072
2.52349
-1.32818
0.872166
1.01313
0.516717
-0.098685
1.25676
0.0417879
0.8917
0.294174
0.0467157
-0.0228513
2.55534
-0.981629
0.443746
1.11552
1.28188
0.176533
0.573999
0.438451
1.06567
0.201061
0.183863
-0.115843
