101
3.01866
1.16232
3.10382
2.11813
1.89864
-0.304437
-0.233325
0.360491
0.278358
-0.0183634
0.390569
0.0434303
3.5233
0.988809
2.94173
2.19508
1.72038
-0.906593
-0.528549
0.0346754
0.727887
0.142834
0.515455
0.113721
3.65679
1.12021
2.34327
0.83908
1.61635
-1.20585
-0.085958
-0.34033
0.786897
0.340082
0.693918
0.198491
3.42301
0.377525
1.6633
-0.62434
0.89052
-0.0468583
0.558642
-0.738125
0.572074
0.459178
0.723133
0.255292
3.55191
0.212117
1.70511
-0.0914345
0.473102
1.14375
0.798866
-0.990487
0.829537
0.66001
0.62732
0.200918
3.62046
1.01009
1.95196
0.636522
0.220912
1.87946
1.44835
-0.37273
1.26955
0.820044
0.584087
0.134742
3.96515
1.6847
2.18946
1.33391
-0.676429
1.98127
2.49288
0.597295
1.23062
0.240935
0.609009
0.137759
4.10799
2.71424
1.29217
1.48728
0.482803
1.99752
2.44973
1.10018
0.837336
0.0349213
0.402782
0.0802719
4.63042
2.75208
1.02538
1.21774
2.01657
2.12395
2.01639
1.32787
0.957542
0.0380119
0.0929583
0.0347779
5.40105
2.65594
0.641213
0.683679
2.97432
2.69383
1.75562
0.871197
0.543377
0.194867
0.127801
0.0397167
5.59017
2.58088
0.00731125
0.893141
3.54639
3.04735
1.67792
0.750111
0.418486
0.182736
0.0945629
0.0166596
6.65492
2.25357
-0.194771
1.01903
3.83363
1.7905
1.19717
0.90638
0.839161
0.435686
-0.0475741
-0.0449924
6.3388
2.32048
-0.387245
1.27009
3.21775
1.39258
1.10875
0.819115
1.148
0.400828
-0.0400659
-0.0493204
6.45061
2.10886
-0.550927
1.57389
3.32037
1.22395
1.43271
0.793627
1.0505
0.187055
-0.0986598
-0.0211293
6.07409
2.15639
-0.274069
1.77063
3.33307
1.62776
1.40405
1.12576
0.875217
0.0673971
-0.156263
-0.0226463
6.83555
1.87698
-0.53121
2.12874
4.01808
1.17992
1.62294
1.24235
0.93323
0.0890825
-0.232423
-0.00946526
6.27605
2.07412
-0.266805
1.91187
3.65211
1.52927
1.43325
1.52879
1.02118
0.0122895
-0.316769
-0.0438768
6.17028
2.10772
-0.275489
1.96885
3.31854
1.62954
1.54028
1.41028
1.21174
-0.117758
-0.324035
-0.0465846
5.50252
2.24157
0.19375
1.52981
3.23209
2.10485
1.43487
1.57767
1.07655
-0.20827
-0.240118
-0.0256115
5.98879
2.32146
-0.511087
1.35919
2.93759
1.70547
2.00089
1.21287
1.19453
-0.138158
-0.238795
-0.0491159
6.34938
2.83507
-0.83735
1.41872
1.71877
0.482558
2.00743
0.675526
1.96223
-0.454617
-0.263376
-0.15845
6.29296
2.61939
-0.419264
1.15597
2.20191
0.281904
0.352963
0.51758
1.08075
-0.436092
-0.2745
-0.0209467
6.79986
1.79578
-0.270543
2.42256
3.34455
-0.0677977
-0.850803
-0.017116
0.227977
-0.251166
-0.142804
0.0982346
7.29174
1.69146
-0.313549
2.99687
3.53884
-0.369177
-1.43591
-0.00491118
0.157883
-0.0839997
-0.0976824
0.103034
7.13987
1.72258
0.198872
2.90673
3.30718
-0.0780036
-1.35621
-0.208312
0.0518464
-0.102452
-0.0819883
0.0617598
6.66498
1.65495
0.616095
2.79054
2.85604
0.194133
-1.06245
-0.360736
0.132807
-0.262459
-0.1114
0.0539913
7.28698
1.01604
0.955805
2.82805
2.6256
0.0391781
-0.75479
-0.789716
0.0729568
-0.175976
-0.12413
0.0530891
7.26313
1.16606
0.758044
2.99645
2.78508
0.148641
-1.17174
-0.697461
0.108163
-0.161316
-0.115944
0.046102
7.16449
1.67433
0.277227
2.69193
3.44824
0.472518
-1.24995
-0.564496
-0.0324238
-0.0677824
-0.0714309
0.0205509
6.63689
2.03543
0.237775
2.76583
3.63311
0.430775
-1.40594
-0.724092
-0.0667218
0.0411394
-0.0321956
-0.000473081
7.69082
1.34594
0.138304
3.42622
4.22527
-0.438128
-1.49469
-0.909873
0.0682553
0.137917
-0.0365739
0.00345212
6.67633
1.71463
0.294173
3.83445
4.04704
-0.213241
-1.67375
-0.975207
-0.047546
0.0876344
-0.0409269
-0.0217723
7.45734
1.26067
0.390143
4.41638
4.38528
-0.730172
-1.57037
-1.23094
0.00678763
-0.0582061
-0.109732
-0.026325
6.17038
1.81347
0.874244
4.068
4.02937
-0.21439
-2.08999
-1.03653
-0.2295
-0.175639
-0.123034
-0.0234025
7.13009
0.877837
1.16371
4.12669
4.10706
-0.810472
-1.91278
-1.2563
-0.245955
-0.202664
-0.137194
0.00812059
5.87551
1.69901
1.38532
4.039
3.53975
-0.530177
-2.16386
-1.10727
-0.254399
-0.298422
-0.0824466
-0.000820279
6.6988
1.46926
1.29193
4.27007
3.63851
-0.839162
-2.13605
-0.940093
-0.352907
-0.262242
-0.133643
-0.0035212
6.62243
1.44218
1.57344
4.51273
3.58163
-0.86498
-2.0778
-0.853939
-0.270283
-0.249723
-0.190267
-0.041917
6.66409
1.25768
2.16932
4.44835
3.46899
-0.510285
-2.0053
-0.718473
-0.304953
-0.23254
-0.189922
-0.0783505
6.04126
2.17015
2.08795
4.41591
3.37655
-0.725902
-1.71227
-0.488967
-0.376457
-0.237335
-0.255943
-0.0781347
6.73885
2.51897
1.93755
4.3981
3.28807
-1.23675
-1.40679
-0.216295
-0.238138
-0.378371
-0.318304
-0.0318001
7.20788
2.40637
1.55999
3.55777
3.28887
-0.964153
-0.615319
-0.456014
-0.22842
-0.62799
-0.369037
-0.00315662
7.07931
2.53023
1.40378
2.91334
3.28283
-0.429028
-0.153068
-0.80961
-0.314059
-0.735634
-0.397525
-0.0110641
6.8805
2.40556
1.24616
2.82217
3.39975
0.15281
-0.572496
-0.935409
-0.387381
-0.703961
-0.344507
-0.0196262
6.95016
2.15809
1.09812
2.76192
3.76959
0.204917
-0.718455
-1.20455
-0.3648
-0.653584
-0.358455
-0.0193706
7.16209
1.7939
1.18009
2.63162
4.21222
-0.205234
-0.492751
-1.34333
-0.440617
-0.548091
-0.412718
0.00465205
7.52984
1.30092
1.10353
2.86814
4.31543
-0.612397
-0.0851914
-1.59782
-0.529312
-0.416266
-0.440204
0.0188375
7.4787
1.55214
0.827896
3.01107
4.0235
-0.101794
-0.634789
-1.69052
-0.413862
-0.398634
-0.305226
-0.0166727
7.0272
2.13076
0.705502
2.903
4.23981
-0.0217358
-1.18906
-1.61254
-0.401785
-0.382738
-0.262949
-0.0333812
6.65995
2.28803
0.809166
2.76083
4.81208
-0.684604
-1.17329
-1.50956
-0.523876
-0.355093
-0.337992
-0.00942114
6.43275
2.29861
0.671283
3.05457
4.61267
-0.588207
-1.28728
-1.41644
-0.526416
-0.487631
-0.318543
-0.0137478
7.07703
1.76218
0.674584
3.13741
4.78319
-0.996582
-0.940939
-1.69788
-0.452986
-0.408634
-0.36938
0.00547083
6.37984
2.05967
0.957886
3.44321
3.66097
-0.33397
-1.29693
-1.60805
-0.297722
-0.536968
-0.231502
-0.0369988
6.36095
2.06742
1.43195
3.1669
3.96359
-1.09327
-0.941022
-1.5932
-0.340955
-0.356803
-0.28848
-0.0297565
5.79127
2.2087
1.51168
3.08792
4.33559
-1.62153
-1.12034
-1.38267
-0.327686
-0.309303
-0.359346
-0.0226037
6.26385
1.64691
1.8273
2.93364
4.42284
-2.37539
-0.58146
-1.74325
-0.284831
-0.304653
-0.57639
0.0494855
5.56388
2.73033
1.88485
3.04932
3.37696
-1.59219
-0.978784
-1.3226
-0.277572
-0.456443
-0.294327
-0.0261403
6.29724
2.82195
2.67703
2.54529
2.87826
-1.59405
-0.394347
-1.86819
-0.285179
-0.165413
-0.332663
-0.0250423
5.58971
3.13919
2.44763
2.60975
2.23168
-0.800543
-0.887195
-1.68711
-0.496802
-0.314292
-0.146638
-0.048957
5.89885
2.78967
2.11797
2.50525
2.32433
-1.37884
-0.605021
-1.91484
-0.140482
-0.493266
-0.21314
-0.00994348
5.63219
2.7634
1.87938
2.99349
2.31999
-2.17649
-0.880413
-1.29686
0.162945
-0.728113
-0.263088
0.0251365
6.47761
2.41951
1.50547
3.37001
2.85777
-3.7455
-0.33085
-1.3393
0.362649
-0.693113
-0.431722
0.120478
5.23035
2.96605
1.97966
3.03403
2.15688
-3.06853
-1.073
-0.817977
0.151668
-0.705531
-0.254389
0.0837996
5.5858
2.96299
1.96338
3.31962
2.00222
-3.90552
-0.347732
-0.979678
0.309204
-0.826389
-0.249115
0.145217
5.74375
2.56888
1.74589
3.20833
2.0139
-3.91852
-0.142411
-1.14979
0.296878
-0.768392
-0.195784
0.162213
6.06671
2.21533
1.21114
3.01895
2.26492
-3.67088
-0.257377
-1.04434
0.0506282
-0.700568
-0.154445
0.18345
5.63395
2.74684
1.24338
2.77435
2.05983
-3.18262
-0.110848
-0.905745
-0.014165
-0.724935
-0.0783197
0.160001
6.14653
2.70732
1.12249
3.57023
2.47387
-3.78326
0.0990656
-0.660817
0.116996
-0.698713
-0.108217
0.199497
6.14009
2.45746
1.2526
3.4065
2.34784
-2.69171
-0.283582
-0.187083
-0.449773
-0.505618
-0.0139348
0.16062
6.27108
2.63268
0.678605
3.31854
2.95725
-2.33395
0.919488
-1.44467
-0.260891
-0.60234
0.126796
0.149053
5.94045
2.42523
0.658974
3.32483
3.00555
-2.12965
1.26746
-1.86413
-0.346032
-0.342862
0.348203
0.145663
5.34085
1.71478
0.943359
3.18119
3.38347
-2.20372
0.769937
-1.52259
-0.237493
-0.180048
0.315429
0.197829
4.66381
1.64835
1.50405
2.72113
3.18749
-1.04649
0.655924
-1.31584
-0.035877
-0.0386184
0.380375
0.137308
4.15194
1.51678
1.47404
2.75205
3.88812
-0.963704
1.15776
-1.4004
0.325024
0.301106
0.353751
0.110241
3.91889
1.53936
1.62418
2.62322
4.54699
-1.02794
0.818412
-1.13018
0.00873038
0.317887
0.523477
0.160782
3.76334
1.42406
1.82636
2.58288
4.21484
-0.689208
0.869022
-0.704852
-0.102479
0.310765
0.746316
0.175453
3.34362
1.16431
2.0553
2.82053
3.34719
-0.311448
1.44531
-0.554919
0.581655
0.702148
0.686596
0.088347
2.76603
0.769963
2.56556
2.6344
4.31606
-0.036045
1.47581
-0.336367
1.04533
0.630406
0.365778
0.07937
2.3002
0.300153
3.3084
2.43064
4.1279
0.661679
1.79556
-0.624704
1.08133
0.758526
0.278218
0.0803776
1.97148
0.399276
2.64398
2.4517
4.45318
1.79099
1.96622
-0.960677
1.0104
0.816507
0.321387
0.0870164
2.01653
1.36193
1.77402
2.6059
5.05128
0.653781
1.73233
-0.322437
0.488894
0.852584
0.267463
0.0565532
2.08095
0.970567
2.0103
2.48332
4.89791
0.000849455
1.20348
0.152325
0.58702
0.449173
0.135078
0.0459609
1.41442
0.0818006
2.39432
2.84333
4.54225
0.480111
0.555804
-0.126218
0.921373
0.419142
-0.107835
0.0247216
1.10229
-0.196058
1.50945
3.23794
3.18547
-1.07679
0.59104
-0.582736
0.653551
0.6564
-0.200327
-0.0105957
0.872875
-0.04895
1.11131
3.39714
3.00737
-1.62241
1.36706
-0.772271
0.559432
0.665875
-0.297515
0.0606245
0.484082
-0.473774
1.15205
3.43913
3.25173
-0.742233
1.69662
-1.22482
0.658995
0.473762
-0.181476
0.071449
0.451291
-0.600781
0.823428
2.54954
2.77015
-0.657727
1.18258
-1.58174
0.481674
0.639893
-0.163842
0.0424771
0.299898
-0.369791
1.05096
2.16614
3.1826
-1.01139
0.579437
-1.09932
0.54178
0.308662
-0.125487
0.0528235
0.48468
0.0839044
1.02219
2.22894
4.13595
-1.02832
1.19336
-0.677071
-0.187044
0.378852
-0.135121
0.0174906
0.54153
-0.0463944
1.81563
2.551
4.33802
-1.00668
1.08536
-0.449888
-0.0264588
0.674362
-0.263539
-0.0242549
0.815141
-0.460557
2.02375
2.79694
4.38494
-0.126017
0.718819
-0.0525421
0.505006
0.777069
-0.29321
-0.0179974
0.672127
-0.701999
1.60089
2.95878
4.53581
-0.526404
1.68131
0.630728
0.314509
0.799698
-0.0762404
0.0299927
0.321367
-0.250621
1.34373
3.37446
4.35403
-0.697294
1.63266
0.60336
0.18262
0.649803
0.0878163
0.0340772
0.708497
-0.235026
1.11039
3.80298
4.23953
-0.240481
0.714452
-0.136415
0.0689591
0.550044
-0.0607481
0.0620827
1.03194
-0.687154
0.945053
3.81352
4.08203
-0.347787
-0.232727
0.0621789
-0.0772107
0.583103
-0.312924
0.0650805
0.586158
-0.873061
0.398066
3.20634
4.03403
-1.22797
-0.13217
0.385925
0.0359041
0.730362
-0.332794
0.0857606
0.623925
-1.40943
0.285595
2.76747
3.85303
-1.56577
0.337767
0.483075
-0.0114804
0.505827
-0.24993
-0.00760199
1.02662
-1.14032
0.266323
2.44866
3.77519
-1.36719
1.10305
0.719289
0.144035
0.410404
-0.213067
-0.0778996
1.3954
-1.10928
0.366372
2.32476
3.04306
-0.804532
1.52423
0.933705
0.0638534
0.450682
-0.05727
-0.0558223
1.67152
-1.37086
0.951455
2.59652
2.919
-0.373875
1.63972
1.14862
0.208349
0.229424
0.305881
-0.0329775
2.00827
-0.897606
0.570068
2.91713
2.7655
-0.231393
1.94176
1.40533
0.0219898
0.312333
0.327553
-0.0299801
