109
1.79696
0.623258
1.06268
0.478198
2.24073
0.32657
1.64997
-0.00723243
1.17845
-0.152435
0.471482
0.0891802
1.78275
0.703337
1.19888
0.763712
2.09254
0.763574
2.22006
-0.271656
0.910662
-0.141948
0.287546
0.119019
1.8426
0.920748
1.61066
0.738146
2.2077
0.666641
2.24773
-0.275599
0.485239
-0.0949884
0.534953
0.0914712
3.67869
2.26437
2.32209
-1.84623
0.396005
0.259374
0.856857
-0.755402
0.428687
-0.567591
0.203198
0.169711
3.65977
2.29702
1.9131
-2.3514
1.32956
0.587494
-0.10246
-0.89322
0.35737
-0.0762376
0.410238
0.187198
2.91769
2.00202
0.962682
-2.07614
1.56587
0.671129
-0.852357
-0.660714
0.42858
0.399388
0.717428
0.106689
1.80835
1.25799
-0.316972
-2.42099
0.489766
1.50228
-0.457109
-0.76316
0.539412
0.0380033
0.652847
0.188288
1.77766
1.62329
-0.828113
-2.83064
1.08178
1.50492
0.750952
-0.827389
0.509201
-0.196343
0.299987
0.122707
3.13922
1.08547
-1.69834
-2.46406
1.45914
0.814949
1.25642
-0.797632
0.189921
-0.134414
0.275436
0.161386
3.79495
0.893845
-1.54847
-2.53474
2.15136
0.933308
1.27355
-0.259466
0.0511664
0.230187
0.32784
0.186448
4.00764
1.57439
0.168678
-2.20736
3.28752
2.61099
2.42201
0.604292
0.458101
0.373776
0.302162
0.146814
4.39553
2.3003
1.05199
-1.70751
3.24727
2.59694
2.77842
0.109477
0.635547
0.449739
0.268045
0.235856
4.83446
2.96805
1.18091
-0.848941
2.89608
2.413
2.65285
-0.0467775
0.438026
0.536667
0.266433
0.198079
4.66885
3.20646
1.37537
0.45386
2.80277
3.05115
2.52187
0.331613
0.689671
0.307088
0.132401
0.0931796
5.33467
2.99136
0.727553
0.741706
3.13727
3.01559
2.74373
-0.0358236
0.806194
0.102578
0.186542
0.0797826
5.13217
2.89114
1.36585
0.97878
3.57521
3.38631
2.52495
0.452897
0.969096
0.302298
0.0503031
0.0325626
5.33645
2.55807
0.993503
1.21535
4.49291
3.66844
2.78129
0.319468
1.25581
0.432979
-0.010042
-0.00504396
5.14124
2.6453
0.685672
1.38223
4.67628
3.98536
2.5304
0.349905
0.98553
0.376618
0.0679775
0.00453194
5.32997
2.66048
0.695787
1.48837
4.61799
3.89482
2.17195
0.482101
1.06573
0.27448
0.0668173
-0.0132027
5.96719
2.71391
0.451441
1.65826
4.7889
3.3007
2.09466
0.136893
1.28542
0.115498
0.0118177
-0.0313947
5.3581
2.73916
0.594838
1.86729
4.19461
3.10696
1.64356
0.280041
0.826872
0.120471
0.11648
0.00253604
6.20824
2.65678
0.298084
1.68806
4.48018
2.38336
1.744
-0.0330096
0.881347
0.00317222
-0.0132513
0.00498136
5.85815
2.24409
0.779747
1.82257
2.98038
1.49992
1.60005
0.259731
0.915196
0.00125003
0.010319
0.0292235
5.74054
2.22107
0.896985
1.71934
1.93986
0.154323
0.767033
0.344871
1.17582
-0.0214269
0.0415822
0.0519429
6.11058
1.97575
0.510222
2.23325
3.13527
-0.403982
-0.0422034
0.204096
0.737281
-0.0751513
-0.0826114
0.0747914
7.18352
1.30051
0.0163259
3.47932
4.14368
-1.1863
0.118366
0.14312
0.599557
-0.188925
-0.174215
0.10665
7.56116
0.878468
0.00175741
4.18044
3.90068
-1.06065
-0.191071
0.321028
0.589555
-0.25154
-0.146038
0.0690798
6.45131
1.41141
0.278714
4.05984
3.7742
-0.417401
-0.705258
0.366796
0.274419
-0.157214
-0.151899
0.0356573
7.48152
1.14437
-0.19348
4.86378
4.17658
-1.70995
-0.255913
-0.646011
0.720913
-0.326438
-0.0933405
0.0268066
7.41642
1.25702
0.0535455
4.85036
3.8973
-1.5026
-0.819919
-0.602191
0.503095
-0.215465
-0.0678743
0.0214942
6.7441
1.75041
0.485285
4.32126
3.58561
-1.09411
-1.3784
-0.396389
0.142142
-0.0814954
-0.083733
0.0283465
6.72027
1.89119
0.68034
4.33924
3.55483
-1.38825
-1.33954
-0.563343
0.106724
-0.0402196
-0.0592913
0.0221031
7.19614
1.84305
0.728229
4.73903
3.68628
-1.89128
-1.02771
-0.739522
0.286085
-0.148397
-0.0687885
0.0148311
6.89362
1.97539
1.06577
4.60626
3.47644
-1.20165
-1.00315
-0.306523
0.118265
-0.245836
-0.160878
0.00418245
5.93193
2.17832
1.43073
4.07441
3.46681
-0.0686771
-0.77683
-0.284894
-0.0656164
-0.292924
-0.151158
-0.0164768
6.85938
1.76122
1.05713
4.49934
3.80228
-0.698657
-0.230715
-0.764244
0.104403
-0.477099
-0.200064
-0.000587323
6.98991
1.77603
0.852244
4.58096
4.17052
-0.946656
-0.80073
-0.799737
0.0835515
-0.454958
-0.245084
0.00892727
6.59458
1.88766
1.09967
4.56112
3.93319
-0.868243
-1.3811
-0.729265
-0.0788869
-0.39886
-0.232797
2.05577e-005
5.75986
2.23729
1.53696
4.21828
3.4458
-0.755991
-1.47311
-0.696439
-0.126231
-0.5461
-0.213448
0.00381165
7.19473
1.82267
0.788313
4.97573
3.82945
-2.32879
-0.446204
-1.48798
0.256453
-0.656631
-0.196455
0.015198
6.14031
2.30712
1.39442
4.36487
3.61735
-1.33725
-1.52016
-1.11709
-0.100546
-0.243569
-0.214098
-0.0389207
6.52489
1.90962
1.35889
4.72169
3.59766
-1.78422
-0.918576
-1.41435
0.0558055
-0.299286
-0.165724
-0.0417657
5.8419
1.98024
2.01173
4.75556
2.81422
-1.32338
-1.03584
-1.13821
0.0675129
-0.327998
-0.206357
-0.0697868
6.11507
1.91819
2.36423
4.66655
2.25953
-1.28375
-0.745768
-1.11216
0.302074
-0.470998
-0.340966
-0.0675221
5.54553
2.63601
2.63236
4.06024
2.19059
-0.690903
-1.12036
-0.540787
0.253421
-0.546657
-0.32645
-0.0501336
5.99384
2.3912
2.34704
4.29767
2.79608
-0.697279
-1.22207
-0.32315
0.0596489
-0.478123
-0.352362
-0.0553491
6.0754
2.38149
2.37313
4.4707
3.14815
-0.781928
-1.1374
-0.307524
0.160283
-0.375493
-0.363671
-0.0668186
5.97726
2.44919
2.56071
4.39807
2.68701
-0.497606
-0.724041
-0.59917
0.383027
-0.462432
-0.354426
-0.0672718
5.79912
2.51283
2.40959
4.17722
2.91923
-0.25981
-0.661909
-0.558689
0.180132
-0.4867
-0.293788
-0.0623714
5.69893
2.25396
2.68777
4.29232
2.37816
-0.299999
-0.54511
-0.610823
0.146421
-0.541556
-0.274515
-0.0466793
5.75044
2.01972
3.01484
4.46199
1.95158
-0.445032
-0.371954
-0.93848
0.2056
-0.471451
-0.317898
-0.0638976
5.84106
2.13932
2.6969
4.69849
2.61979
-1.30379
-0.788955
-0.78443
0.121943
-0.398742
-0.330046
-0.0746867
5.84632
2.19713
2.58786
4.87348
3.00195
-1.76615
-0.917044
-0.642923
0.231912
-0.390858
-0.401721
-0.073629
5.87678
2.19052
3.15649
5.09758
2.50328
-2.04803
-0.626841
-0.667829
0.287203
-0.48716
-0.451122
-0.0653616
5.58123
2.42645
2.97217
4.92923
2.3684
-1.85436
-1.1217
-0.244839
0.201944
-0.69228
-0.461448
-0.0295206
6.11886
1.77781
3.1329
4.74252
2.3625
-2.17616
-1.2082
-0.403597
0.0310453
-0.690442
-0.492683
-0.0231124
5.54078
1.88024
3.24942
4.49872
1.73896
-1.79075
-1.42875
-0.81363
0.187405
-0.661033
-0.475573
-0.0319073
6.55222
0.889239
3.86655
3.45846
1.93356
-2.27147
-0.533876
-1.20311
-0.0531246
-0.39909
-0.774276
0.0096451
5.2108
2.40831
3.01035
3.88243
1.73934
-1.94207
-1.64042
-0.627921
-0.0276157
-0.761445
-0.348015
0.00521551
5.58102
2.42754
3.04263
3.78877
1.61454
-2.55892
-1.19491
-1.13792
0.265291
-0.759799
-0.41177
0.0237196
5.56373
2.90053
3.35761
3.90426
1.50283
-2.71133
-1.39609
-0.954903
0.477492
-0.679298
-0.444878
0.0279443
6.89705
2.3348
2.93039
4.57048
1.81464
-4.43004
-0.221418
-0.871971
0.42212
-0.706556
-0.429632
0.105556
5.65031
2.76685
2.2841
4.0715
1.6444
-3.40097
-1.3639
-0.285184
0.0677713
-0.726152
-0.326123
0.0854504
5.76687
2.69626
2.04863
3.89313
1.68877
-3.45437
-1.0655
-0.614814
0.172652
-0.63408
-0.276927
0.067465
5.74188
2.7308
2.53786
3.53901
1.48201
-2.76763
-1.3529
-0.615879
0.356525
-0.371299
-0.31863
0.00940427
6.44898
1.98033
2.45099
3.45606
1.92548
-3.95534
-0.482288
-0.908643
0.472842
-0.400361
-0.480569
0.0677262
6.01927
2.23425
2.38006
3.64454
1.87618
-3.59998
-0.869836
-0.525049
0.435571
-0.369296
-0.372936
0.0486919
5.87793
2.18146
1.94642
3.97212
1.83113
-3.62254
-0.927888
-0.485576
0.475758
-0.391805
-0.289549
0.0508123
5.77924
2.14299
1.43255
3.78638
1.91729
-3.2505
-0.94538
-0.383103
0.386782
-0.46923
-0.225112
0.0652134
6.66307
2.12461
0.388042
3.81705
3.16811
-4.08228
-0.226444
-0.969199
0.602505
-0.521184
-0.184545
0.155967
6.56206
2.25348
0.433926
3.66914
3.4003
-3.70495
-0.144724
-0.92316
0.313902
-0.258029
-0.0830643
0.167675
6.40212
2.47447
0.484572
3.67981
3.1668
-3.22638
0.101765
-0.841285
0.140478
-0.0290239
0.164784
0.185578
6.71658
2.17715
0.0930664
3.54639
3.29008
-3.42108
0.418762
-1.14431
0.428588
0.10921
0.448991
0.276329
6.65596
1.74534
-0.137981
3.49673
3.26714
-3.14332
0.54072
-1.23848
0.498991
0.258164
0.658123
0.297741
6.23511
1.33176
0.360354
3.19276
2.95827
-2.29608
0.00477945
-0.717358
0.0252732
0.530575
0.695028
0.2603
5.85433
0.913499
1.23362
2.58247
2.98339
-1.64535
-0.314724
-0.212429
-0.228318
0.611643
0.705787
0.262899
5.34579
1.45227
1.26537
2.5834
3.12081
-1.61654
0.0755564
-0.509134
-0.354182
0.343022
0.545844
0.243827
5.02473
1.98023
1.25037
3.38111
3.35302
-0.419178
0.604961
-0.811031
-0.649362
0.115855
0.41743
0.105538
4.50293
1.79819
1.49449
3.20948
3.88374
-0.0682096
0.0145874
-0.561778
-0.70771
0.324557
0.435804
0.0648717
4.02312
1.5127
1.86339
2.96982
4.645
-0.75785
0.66072
-0.508934
-0.60915
0.540577
0.357385
0.0813304
3.39487
1.78648
1.25953
3.58803
4.4144
-0.4784
0.736858
0.0331005
-0.221288
0.547931
0.424792
0.0791069
3.03038
1.26002
2.0106
2.42212
3.3525
0.0871882
0.997884
-0.400402
0.153665
0.496948
0.782705
0.0512602
2.71505
1.04826
1.84235
2.5538
2.95911
0.460711
1.01433
-0.197171
0.085571
0.375643
0.856692
0.0108637
2.32277
1.90726
1.47208
2.91452
3.64063
-0.262975
0.810741
0.312183
-0.477507
0.380874
0.476638
0.00368885
1.92114
1.4771
1.49668
2.19462
4.77173
0.19314
0.90621
-0.275021
-0.368501
0.248834
0.338272
0.00555093
1.55685
1.22083
1.22785
2.31912
4.23055
1.06338
0.940868
-0.0524546
-0.430337
0.313034
0.37762
0.0107931
1.44343
1.22926
1.43405
1.75522
3.37089
1.36129
1.18489
-0.0228668
-0.420131
0.456756
0.339308
-0.0237839
1.36323
0.629515
1.07502
2.24947
3.85086
0.886069
1.25305
0.00877266
-0.277959
0.437204
0.148152
0.00587061
1.00233
0.397466
0.484971
2.02261
4.00983
0.336478
1.49255
-0.235933
-0.47703
0.322692
0.173752
-0.0306644
0.503533
0.419422
0.240807
1.48279
3.06531
-0.24597
1.64922
-0.787646
-0.719942
0.179264
0.0646512
0.0332352
0.415726
0.657392
0.478064
1.90476
2.46268
0.0057626
0.889478
-0.734686
-0.346366
0.336679
-0.143906
0.0327257
0.425331
0.768857
0.683112
2.93068
2.819
0.581974
0.790755
-0.781209
-0.503035
0.474885
-0.122152
-0.0530148
0.436865
0.450249
1.42695
2.73502
2.83402
0.911436
1.24538
-0.444306
-0.567258
0.377725
-0.0541793
0.00155838
0.540958
0.445628
1.17557
2.49531
3.42719
0.492686
1.45702
-0.263872
-0.823929
0.910231
0.160309
0.0371055
0.316091
0.494997
1.07635
3.13852
4.05884
0.237842
1.47205
0.0677335
-0.324315
1.00827
0.275268
-0.029601
0.43431
-0.145583
1.26078
3.7995
4.47308
0.455049
1.35488
0.00664796
-0.0503078
0.697243
0.327289
0.0237587
0.845211
-0.244882
0.263501
3.56444
4.43878
0.974306
0.914554
0.0968536
-0.365969
0.82839
0.0531801
0.0433729
1.23075
-0.284856
-0.256198
2.65488
4.42844
0.327765
1.33165
0.150469
-0.524646
1.0148
0.0129054
-0.038985
1.11562
-0.0419307
0.463685
2.62551
4.61767
-0.661662
0.985505
-0.337556
-0.555361
0.962028
-0.0315085
-0.0897295
1.14244
-0.429794
0.100806
2.47128
4.3852
-0.8128
0.966319
-0.395365
-0.76942
0.388647
-0.123842
-0.0900444
1.57739
-1.01701
0.244688
1.87631
4.06711
-0.846599
0.881363
-0.0121686
-0.564668
0.174721
-0.15072
-0.128035
1.72692
-1.24694
0.242711
2.1692
3.98649
-1.23536
0.58331
-0.0798902
-0.86791
0.631857
-0.105841
-0.141656
1.77591
-1.34807
-0.269979
2.67394
3.62753
-0.280891
0.815767
-0.109023
-0.815266
0.398348
0.149957
-0.104179
1.82442
-0.61667
0.252635
2.82558
2.63434
-0.206361
0.383603
0.0567096
-0.71203
0.388303
0.302338
-0.0330718
2.05181
-0.0832142
0.419819
2.43105
2.66807
-0.261338
0.399364
0.545709
-0.639015
0.648137
0.455503
0.0109354
2.64458
-0.0360121
0.10307
1.68053
3.10143
-0.285754
0.660381
0.385213
0.0502599
0.84071
0.421146
-0.0262402
3.18323
-0.186346
-0.398944
0.609148
2.74445
-0.354656
0.886477
0.263439
0.52109
0.379991
0.221738
0.0310399
3.16852
0.215077
0.177529
0.880375
2.91108
-0.203905
1.37518
0.612157
0.472683
-0.0210132
0.380832
0.135829
3.12247
0.701088
0.583291
0.7521
3.01704
-0.712839
0.989164
0.0864843
0.735917
0.32886
0.582922
0.117548
