108
2.62871
-0.224269
1.77206
1.39598
1.88369
-0.0337678
1.13664
-0.297722
1.70044
0.895857
0.415014
0.0379562
3.89497
-0.800681
1.44416
2.42078
0.0296812
0.774355
0.599512
-0.856694
1.60866
1.0578
0.235353
0.00105957
4.49055
-0.361559
0.73176
0.638421
-1.36714
0.868972
0.310252
-0.607489
0.870254
0.690674
0.248772
0.0811648
4.41571
-0.760737
0.462008
-0.39219
-0.918001
-0.188134
-0.594319
0.0501571
0.732492
0.424769
0.297012
0.0673719
4.12706
-0.902737
0.590905
-0.467878
-0.357153
-0.39011
-0.941228
0.325277
1.2304
0.582788
0.313641
0.0713234
4.31097
-0.528738
1.59852
-0.286488
2.01224
0.56454
-0.0334807
0.646426
1.43266
0.839892
0.34276
0.0732819
4.14919
0.515715
0.6427
0.392402
2.61697
1.767
0.689432
1.5751
1.73654
0.579222
0.286117
-0.00139821
4.82375
1.40623
-0.360891
0.690585
2.85178
1.34292
0.489863
1.67364
1.96264
0.563691
0.101173
-0.0515782
5.45987
1.40629
0.101429
1.93292
3.11177
1.90656
1.3925
1.15746
1.41307
0.464821
-0.203608
-0.111719
5.66176
1.32506
-0.0469636
2.45428
4.17764
2.91418
1.82584
0.95339
0.855741
0.282465
-0.232367
-0.0907165
6.60222
0.647455
-0.738246
2.76248
4.68294
1.84608
1.67062
1.34748
0.788477
0.0356644
-0.315742
-0.0517849
6.38413
1.12548
-1.00955
2.58814
4.71122
1.71734
1.01149
1.69747
0.608459
0.0915551
-0.373911
-0.0399154
6.28911
1.4955
-0.564201
2.4068
4.19834
1.75542
1.01992
1.60699
0.647812
-0.0899911
-0.405223
-0.0408784
6.51399
1.80582
-0.326871
2.1952
4.11841
1.64415
0.831456
1.48977
0.482987
-0.238556
-0.373635
0.000834033
7.08837
1.94899
-0.295339
1.6858
3.80802
0.463054
0.935148
1.39425
0.528331
-0.202038
-0.337561
0.053544
7.10615
2.42105
-0.566278
1.38182
1.85775
-1.38905
1.14003
1.29452
1.45486
-0.112485
-0.201577
0.0743608
7.3398
2.37831
-0.404159
1.16152
1.93067
-1.27128
0.89782
1.02101
1.18127
-0.102381
-0.216065
0.0756288
7.46186
2.41732
-0.113986
1.09986
2.52363
-1.16749
0.437017
1.14907
0.546858
-0.358107
-0.375745
0.102988
7.12952
2.44037
-0.0367045
2.14126
2.16661
-1.74077
-0.271859
0.292962
0.628877
-0.328623
-0.151699
0.141273
7.35646
1.99462
0.256932
2.87358
2.27253
-2.12318
-0.725358
-0.183245
0.574054
-0.0971361
-0.0042549
0.129029
7.49451
1.55016
0.892595
3.1442
1.44743
-1.90065
-0.871775
0.102505
0.548506
-0.159217
-0.075419
0.0935582
7.07455
2.1717
1.83701
3.05403
0.886458
-1.52731
-1.07727
0.251628
0.692706
-0.221686
-0.205386
0.0502184
6.69134
2.21859
1.7878
2.50835
0.734921
-0.330349
-0.545334
-0.422741
0.443447
-0.360601
-0.223332
0.0228452
6.54984
2.06094
1.91086
2.65876
0.437288
0.00837947
-0.238426
-0.797427
0.419901
-0.468417
-0.276805
0.0298442
6.38817
2.26066
1.88976
2.52139
0.633339
0.114217
-0.358511
-0.810816
0.340915
-0.650366
-0.249327
0.0546913
6.18242
2.72928
2.01724
1.98391
0.640715
0.545097
-0.421365
-1.33305
0.125107
-0.421764
-0.0496373
0.0605213
6.00454
2.7568
2.37707
2.14707
0.44527
0.474026
-0.732083
-1.68778
0.238936
-0.145934
0.00474157
0.0593887
5.82999
2.60746
3.30408
2.9388
0.0136042
-0.0121194
-0.982845
-2.14947
0.65448
0.263355
-0.158426
0.0195649
5.78841
2.53803
3.68712
3.34768
-0.103743
-0.431243
-1.04364
-2.07234
0.984832
0.186472
-0.306094
0.0262487
5.91225
2.70378
3.30279
3.3779
0.417609
-0.580292
-1.14506
-1.78009
1.1142
-0.00261441
-0.302689
0.00361234
5.88864
3.1843
3.20316
3.50661
1.28208
-0.852882
-1.13677
-1.19007
0.941189
-0.0644937
-0.252177
-0.0315491
6.10535
3.20818
3.32484
3.35215
1.23933
-0.781315
-0.827381
-1.03987
0.936115
-0.248457
-0.294238
-0.0237555
6.52167
2.9449
2.61891
3.10352
1.55728
-0.663482
-0.844624
-1.07145
1.04642
-0.306429
-0.393052
-0.061387
6.66173
2.86531
2.31038
3.0469
2.46043
-1.01787
-0.675482
-1.09172
1.11157
-0.277736
-0.488605
-0.0911152
6.47187
2.40979
2.93497
3.17313
2.68586
-1.09501
-0.331199
-0.919396
1.06737
-0.54553
-0.716381
-0.0512025
6.22816
2.66778
3.10215
3.04601
2.41177
-0.737113
-0.456855
-0.609688
1.05253
-0.93253
-0.69011
-0.032705
6.05887
3.12346
3.10073
2.69627
2.01862
-0.47589
-0.680181
-0.659351
0.733096
-0.866876
-0.475137
-0.044328
6.47561
2.58258
2.56001
2.55598
2.19357
-0.449747
-0.433221
-0.890858
0.691376
-0.852394
-0.620613
-0.0487477
6.40201
2.32975
2.64447
2.65832
2.43258
-1.18778
-0.245037
-1.10064
0.922608
-0.780582
-0.73612
-0.0211686
5.85579
2.67585
2.75256
3.22459
2.09649
-0.939779
-0.973472
-0.70506
0.923895
-0.911836
-0.542235
-0.0359279
5.96202
2.9743
2.43149
3.13892
2.33145
-1.25187
-0.930477
-0.290239
0.583599
-1.01172
-0.519658
-0.0319568
6.19997
2.48596
3.04385
2.9668
2.45209
-1.58002
-0.220185
-0.710565
0.79267
-0.939835
-0.704299
0.0110535
6.06491
2.55309
3.06828
3.12718
2.25975
-0.939446
-0.569644
-0.87431
0.950875
-0.804731
-0.623537
-0.0324876
5.7624
2.94102
2.9291
3.04264
2.27468
-0.827234
-0.79971
-0.638334
0.564942
-0.652245
-0.423413
-0.0564362
6.03112
2.52963
3.51759
2.58685
2.6044
-1.46724
-0.173647
-1.17183
0.844692
-0.521951
-0.713901
-0.00134954
5.60447
2.8232
3.53001
3.05347
2.46222
-1.55734
-0.495639
-0.939619
0.941449
-0.604625
-0.577802
-0.0155345
5.68473
3.0243
3.23025
3.36805
2.48746
-1.44038
-0.854619
-0.601167
0.993518
-0.727802
-0.55257
-0.0411722
6.20726
2.9308
3.00145
3.46147
2.6649
-1.5846
-0.894727
-0.581989
1.02242
-0.750034
-0.6742
-0.0551576
6.20905
2.70032
3.39799
3.36098
3.05607
-2.21834
-0.500146
-0.812615
0.93747
-0.610231
-0.801318
-0.0105581
5.36365
3.00685
3.48749
3.90681
2.57819
-1.89606
-1.13916
-0.544179
0.986443
-0.66727
-0.618886
-0.0376147
5.30354
2.99968
3.4518
4.06059
2.47687
-1.78852
-1.25993
-0.474725
0.955595
-0.628272
-0.610389
-0.0487306
6.18655
2.52426
2.92825
3.96144
3.53319
-2.66939
-0.567616
-0.655344
0.724999
-0.534331
-0.775635
-0.0211466
5.30375
2.64858
2.86723
4.20711
3.4952
-2.11764
-1.32055
-0.180967
0.560947
-0.601048
-0.678016
-0.0581823
5.32233
2.43523
2.9163
4.25276
3.32461
-2.09178
-1.20084
-0.260712
0.674159
-0.601227
-0.654787
-0.0489589
5.49751
2.7354
2.82028
4.12291
3.49233
-2.55894
-0.646732
-0.499531
0.86282
-0.527393
-0.672269
-0.0201373
5.71015
2.65115
2.40056
4.49609
3.80611
-2.80849
-0.343703
-0.626228
0.89255
-0.617767
-0.684091
-0.0126436
5.20142
2.73957
2.52557
4.17441
3.70923
-2.29472
-0.821471
-0.316258
0.741519
-0.569884
-0.642817
-0.0358885
5.33033
2.71172
2.47323
4.13765
3.73755
-2.58977
-0.584387
-0.538446
0.847481
-0.591166
-0.65887
-0.0150412
5.3644
2.48309
1.92326
4.29907
3.90373
-2.44437
-0.591016
-0.648337
0.88334
-0.643633
-0.608749
-0.0252804
5.73703
2.24376
1.58786
4.54641
4.02209
-2.59588
-0.423145
-0.75247
0.869885
-0.640815
-0.580512
-0.0141206
5.7953
1.98088
1.95296
4.46899
3.63161
-2.36791
-0.584423
-0.478622
0.648834
-0.585314
-0.540919
-0.01134
5.85282
1.99652
1.71268
3.93709
4.13612
-2.36392
-0.677615
-0.388532
0.318783
-0.488602
-0.531378
0.0280032
5.31274
2.29511
1.63707
3.63989
3.50312
-1.68754
-0.889363
-0.163253
-0.0145413
-0.665993
-0.313697
0.0396859
5.49492
2.51287
1.63774
4.33791
3.10482
-3.05141
-0.542029
-0.227957
0.632025
-0.6307
-0.397934
0.0756892
5.68966
2.7761
1.42672
4.77496
3.01099
-3.85802
-0.0608539
-0.514066
1.05783
-0.735883
-0.313226
0.11342
5.45804
3.4154
1.76207
4.23917
2.76935
-3.94622
0.20534
-0.560422
1.05085
-0.690302
-0.285063
0.151006
5.0746
3.1706
1.57116
3.62721
3.04745
-3.28804
-0.00262479
-0.833355
1.02871
-0.587342
-0.262073
0.107769
5.01678
2.63423
1.21588
3.41402
3.67567
-2.55286
-0.492022
-1.05702
0.915447
-0.382024
-0.222481
0.0644313
5.4316
2.32888
1.14775
3.83341
3.80036
-2.76964
-0.524552
-0.755204
0.850708
-0.140258
-0.273523
0.0741099
5.91388
2.6248
1.15112
4.44454
3.62732
-3.20441
0.42428
-0.66968
1.19362
-0.301423
-0.193616
0.0989243
5.55834
2.46668
0.737884
4.04067
4.18559
-1.85374
0.747361
-1.35098
0.962167
-0.179897
0.00564897
0.0490695
5.09673
1.92293
0.579672
2.9605
4.30849
-0.627741
0.195795
-2.09103
0.942048
0.0398776
0.346666
0.0826422
4.74952
1.4481
1.18621
2.45328
4.30394
-0.171459
-0.201028
-2.01982
1.13504
-0.00198276
0.440201
0.153111
4.41585
0.887938
1.83425
3.229
4.06331
-0.952227
-0.0998119
-1.3129
1.52293
-0.3581
0.259851
0.211675
4.20692
0.892696
1.88064
3.48276
4.16826
-1.27249
0.216745
-0.95896
1.60041
-0.339611
0.192351
0.192766
3.98795
1.07152
1.57499
3.32119
4.2884
-1.19148
0.261309
-0.483165
1.19486
0.0143291
0.299331
0.140199
3.7215
1.35379
1.29003
3.04511
4.0943
-1.35731
0.195657
0.0319062
1.14648
0.12549
0.387914
0.145223
3.23238
2.04062
1.15594
3.60241
2.30061
-0.727778
-0.0753952
0.655977
0.566333
0.756084
0.449887
0.0859258
2.92864
2.43565
0.882584
3.41477
2.35148
-0.172122
0.20172
0.287777
0.275767
0.982826
0.311689
0.0489649
2.71972
2.24206
1.93171
2.94082
3.13936
-0.250743
0.697976
-0.175168
0.773161
0.563448
0.151102
-0.00117454
2.52474
2.29022
2.83022
2.32275
4.01767
-0.241359
0.988581
0.316391
1.67554
0.0116314
-0.210165
0.0738549
2.19904
2.61811
2.2011
3.00397
3.97822
0.0984482
1.5785
0.782604
1.75411
0.0365679
-0.352751
0.110429
1.87594
2.63396
1.7477
3.61379
3.84472
-0.580553
1.7477
0.667979
1.18267
0.388177
-0.0537572
0.11601
1.60659
2.36665
1.99363
3.10043
3.46867
0.096864
2.00305
0.50801
0.732846
0.7085
0.169006
0.0811369
1.7078
2.06142
1.46047
3.53984
3.6556
0.161803
1.39003
0.954304
0.583609
0.560608
0.255862
0.058254
1.50347
2.01595
1.78391
3.26236
3.89907
0.497712
1.24069
0.574469
0.782399
0.559964
0.161184
0.0351993
1.24935
1.62665
2.15524
3.16828
3.0271
0.689164
1.4182
0.708678
0.791289
0.789142
-0.185314
0.0928353
0.706198
0.959767
1.75238
4.1761
3.49875
-0.753793
1.57519
1.15033
1.09401
0.84204
-0.190921
0.0791114
0.474629
0.462001
2.70607
3.54925
4.58221
-0.797122
1.4944
0.679108
1.45129
0.550461
-0.276014
0.121307
0.318072
0.253946
2.75731
3.24519
3.85236
-0.138761
1.76039
0.696185
1.32789
0.211895
-0.266127
0.206976
0.0627108
0.0919837
2.28318
3.08439
3.39744
0.11698
2.35314
0.856034
1.1713
0.322946
-0.260458
0.21522
0.307194
0.160665
1.81584
2.44782
3.61296
-0.0426191
2.21595
0.680728
0.765605
0.301314
-0.082456
0.149771
0.190918
0.0897703
1.27604
2.80886
3.38184
-0.298611
1.6014
0.786158
0.273851
0.510761
0.113465
0.0212655
0.14764
-0.190808
1.44774
2.55889
3.55461
-0.584014
1.21619
0.672542
0.503256
0.428834
-0.00673199
0.0151188
0.382937
0.0879942
1.82187
1.87184
3.56507
-1.18521
0.947133
1.02821
0.869117
0.293967
-0.13124
0.0382024
0.37757
-0.276351
1.86716
2.17222
4.03457
-1.10766
0.474272
1.63377
0.610418
0.363706
-0.00525892
-0.0190857
0.315751
-0.545925
1.93154
2.50162
3.74601
-0.546218
0.62176
1.78234
0.715055
0.469374
-0.0917666
-0.0271212
0.275624
-0.246163
1.567
3.08706
3.29548
-0.260514
0.534641
1.99705
0.78002
0.240096
-0.107448
0.0132177
0.552161
-0.210999
1.44612
3.87455
3.84002
-0.631325
0.805334
0.653041
0.783223
0.106956
-0.117514
0.103722
0.916347
-0.618289
1.02363
3.79198
4.68952
-0.371516
0.927144
-0.178086
0.81541
0.273046
-0.0721136
0.138014
0.951975
-0.71901
0.727006
3.74818
4.54003
0.215439
1.58228
0.0519571
0.972689
0.359097
0.00842568
0.130042
1.8798
-0.33227
0.839979
2.82833
3.82446
-0.401086
0.667838
0.605896
0.992964
0.177538
0.0658297
0.0449368
2.32782
-0.347489
0.594513
2.53289
3.62038
-0.928126
0.67616
0.989323
0.543161
0.359874
0.111588
0.0507431
2.54606
-0.638281
0.797256
2.10093
2.9298
-0.140918
1.15162
1.19277
0.116438
0.117466
0.210939
0.0551777
2.61445
-0.937093
1.05448
1.91227
3.19469
-0.572009
1.48578
0.920318
-0.120474
-0.107942
0.0354369
0.0768158
2.68754
-0.188392
1.44266
2.36764
3.28602
-1.40316
1.6497
1.06343
0.758351
0.119905
-0.0674247
0.0860293
2.93845
0.749822
1.43257
1.60576
3.41849
-1.27045
0.819916
1.21285
1.21628
0.739895
0.473012
0.068421
2.9222
1.05618
1.72971
1.29162
3.16467
-0.684728
1.12122
0.763792
0.908303
0.783271
0.864866
0.0963282
