134
2.47494
1.39932
2.54348
1.08709
1.6753
-0.683103
1.3494
0.0094948
1.16624
-0.0535029
0.363289
0.0950953
2.571
1.09688
2.43126
0.221328
1.74405
-0.103852
1.45002
-0.534886
0.822477
0.0822735
0.219565
0.101032
2.3568
1.06146
2.46864
0.748403
2.23654
-0.156956
0.814836
-0.531753
1.05053
0.0518614
0.321113
0.0860606
2.66049
2.01583
2.8358
1.16496
1.69305
0.23518
1.38565
-0.955672
0.48629
-0.101071
0.257432
0.0478934
3.2809
2.39448
1.16065
-0.363746
0.840264
0.0932913
1.40117
-1.40945
-0.0965914
0.0211168
0.525609
0.141069
4.30478
2.23157
0.142512
-1.42552
0.577053
0.174342
0.46068
-1.53038
-0.108007
0.215846
0.455564
0.201215
3.57084
2.51871
0.527693
-2.75833
0.488443
0.712949
-0.217901
-0.597315
0.0182686
0.194763
0.505996
0.193548
2.46472
2.31688
0.743377
-2.58627
0.1577
0.71506
0.648528
0.315777
0.0940538
0.0942459
0.643893
0.129913
2.49859
2.44881
1.0577
-1.14743
0.671972
1.64033
1.4741
0.634783
0.249203
0.0862482
0.959636
0.0477603
3.10036
2.50724
1.43072
-0.793694
2.2117
2.48057
0.944713
1.26937
0.983514
0.161941
0.876146
0.0712918
4.34926
2.32844
0.863212
-0.686649
3.11945
2.56216
0.54142
1.2181
1.4747
0.228902
0.505278
0.0184382
4.93597
2.33925
0.468929
0.169335
3.9157
1.66875
1.41239
1.12639
1.11375
0.32616
0.0398623
-0.00559484
5.60022
2.74668
0.210885
0.359083
3.64798
1.02553
0.968384
1.13016
1.06059
0.277514
-0.0233548
-0.0120571
6.08938
2.58767
0.515569
0.298804
2.7721
1.08093
0.429938
1.43847
1.17854
0.255308
-0.0368694
-0.043203
6.22298
2.81468
0.309639
0.14711
2.87031
1.36233
0.770634
1.6863
1.15446
0.024106
-0.222543
-0.094981
6.55241
3.01421
-0.0806801
0.124366
2.18936
1.37029
1.3732
1.32512
1.1491
0.0174905
-0.181126
-0.0675966
6.72954
3.29288
-0.167814
-0.501267
1.48318
1.88893
2.05291
1.06359
0.793864
0.0817535
0.00149836
-0.00776189
6.71675
3.61443
-0.230663
-1.02711
1.56821
2.59388
2.26697
1.04895
0.525903
0.0408376
0.0581975
0.0178608
6.22865
3.41719
-0.102759
-0.727003
1.5261
2.68652
2.33638
1.13341
0.425036
0.104442
0.0280547
0.00964531
6.6943
2.77598
-0.973073
-0.309914
2.33496
2.76645
2.19267
1.12346
0.348588
0.0482867
-0.0449707
-0.0228396
6.66796
2.29213
-1.33915
0.263409
3.07699
2.94183
2.25454
0.865703
0.067058
-0.115853
-0.100834
-0.00509331
6.94651
2.39166
-1.37875
0.515186
3.56937
2.53178
1.96717
0.537531
0.284465
-0.0960687
-0.145262
-0.0245314
6.28383
2.72975
-0.644297
0.124583
3.07897
3.34839
2.19517
0.73584
0.0897702
-0.240788
-0.0978066
-0.00584154
6.46324
2.35969
-0.702534
1.0136
3.38653
2.43246
1.64244
1.05992
0.239256
-0.24206
-0.233303
-0.0092166
6.64177
1.70457
-1.31334
1.41398
3.75708
2.03599
1.31082
1.15447
0.310801
-0.237681
-0.316769
0.00211589
7.04256
1.66832
-0.594491
0.933179
2.92811
1.8173
0.782047
0.64782
0.363096
-0.351166
-0.293854
-0.00124466
6.83896
2.44237
0.0106394
0.0933038
1.81762
1.1487
0.180642
-0.196355
-0.0166221
-0.557074
-0.126393
0.0655846
7.15642
2.44015
-0.243054
0.667252
2.22353
0.111602
-0.191875
-0.683933
-0.512853
-0.510883
-0.0503335
0.125935
7.23423
1.84028
0.0238877
1.69562
1.4426
-0.135775
0.257319
-1.36284
-0.333089
-0.600691
-0.0445917
0.10307
7.33115
1.49571
0.530939
1.84642
0.587745
-0.131508
1.11908
-1.99365
-0.231067
-0.416383
-0.170684
0.0174064
6.94757
1.32389
0.653665
2.42702
1.02451
-0.50998
0.675245
-2.19867
0.173276
-0.362711
-0.184404
0.00664662
7.0252
1.32618
0.393359
2.86126
2.09894
-0.853218
0.00216027
-1.88291
0.257447
-0.31692
-0.170021
-0.00534018
6.75171
1.88943
0.0586181
2.8644
3.25969
-0.345431
-0.878093
-1.06457
0.208622
-0.293259
-0.208168
-0.0199289
6.71411
1.82555
0.218496
3.14841
3.54047
0.309872
-0.541612
-1.26176
0.362421
-0.168108
-0.228496
-0.0995047
6.62721
1.34915
0.854176
3.97401
3.42716
0.69325
-0.271079
-1.44826
0.449088
0.0273418
-0.243292
-0.16269
6.80114
1.10575
1.14443
4.11361
3.49355
0.800895
0.10537
-1.74738
0.324897
0.0463156
-0.280975
-0.171766
6.51486
1.37027
1.12916
4.10394
3.50991
0.770868
-0.317041
-1.4826
0.374163
-0.0766199
-0.262078
-0.143418
6.47036
1.40116
1.21275
4.12421
3.32696
1.0219
-0.331109
-1.67262
0.387617
-0.050607
-0.26147
-0.152511
6.38711
1.71156
1.60164
3.79591
3.07269
1.21621
-0.0661321
-2.11185
0.440625
-0.0725131
-0.2748
-0.152467
6.47003
1.48747
1.62493
4.04374
3.32814
0.752539
-0.214434
-2.18913
0.41646
-0.116094
-0.335999
-0.155161
6.49378
1.52394
1.72969
3.82417
3.22196
0.507024
-0.482093
-2.08242
0.368686
-0.108293
-0.348024
-0.14136
6.22854
2.32825
1.94958
3.06738
2.88834
0.461548
-0.652703
-2.09418
0.37603
-0.179946
-0.254018
-0.112171
6.58971
2.12883
2.2176
2.89599
2.89096
-0.148515
0.0128254
-2.46156
0.376594
-0.17253
-0.434312
-0.094382
6.08016
2.49672
2.23448
2.95683
3.41366
-0.537932
-0.605645
-1.76615
0.393484
-0.325483
-0.382718
-0.0796545
5.84634
2.88535
2.05934
2.61632
3.71149
-0.579885
-0.930054
-1.36996
0.2817
-0.418527
-0.353182
-0.0782311
6.0278
3.0114
1.67536
2.26327
3.67815
-0.442232
-0.811323
-1.2357
0.104555
-0.556575
-0.349661
-0.0636807
6.74759
2.49182
1.66806
1.84632
4.09985
-0.972957
0.0937807
-1.63586
-0.0238715
-0.507765
-0.64682
0.00177148
5.97526
2.73782
1.79678
2.36664
3.51394
-0.563859
-0.715478
-1.25772
0.202209
-0.691735
-0.394776
-0.0439176
6.25775
2.25096
2.0608
2.53628
3.44076
-0.931463
-0.323893
-1.58083
0.349747
-0.67678
-0.566726
-0.0143483
5.97078
2.6537
1.84588
2.48577
3.754
-1.07832
-0.607141
-1.33415
0.178713
-0.661057
-0.466517
-0.0268082
6.30583
2.58716
1.89683
2.15556
4.07046
-1.36833
-0.324877
-1.42294
0.0496259
-0.615449
-0.627099
-0.000175369
5.9389
2.80557
1.75054
2.51815
4.10115
-1.40831
-0.798659
-1.0329
-0.0870526
-0.592107
-0.50916
-0.025155
6.20812
2.38163
1.78979
2.71456
4.32671
-2.02722
-0.370223
-1.24691
0.0986269
-0.564183
-0.667826
0.0271094
5.52383
2.75677
1.70792
3.00439
3.9735
-1.66847
-1.01792
-0.921909
0.243857
-0.687224
-0.485524
-0.0257262
5.48236
2.64674
1.89226
2.80056
4.29609
-2.02902
-1.0941
-0.845352
0.170852
-0.623342
-0.561341
-0.000372771
6.22618
1.77641
2.49531
2.15292
4.31324
-2.22165
-0.364637
-1.26398
0.0868204
-0.521247
-0.910119
0.102269
5.39275
2.61617
2.17637
3.10041
3.79785
-2.04627
-1.2176
-0.820289
0.342471
-0.709815
-0.527145
-0.00757244
5.65398
2.61402
2.33731
3.42153
3.57511
-2.08896
-1.25471
-0.793563
0.425919
-0.721462
-0.589328
-0.0199023
5.83931
2.76269
2.31577
3.73988
3.07223
-1.72591
-1.46385
-0.655756
0.495747
-0.812964
-0.571363
-0.0443611
6.12109
2.56367
3.03565
3.46047
3.105
-2.15384
-0.968892
-0.982132
0.620024
-0.641945
-0.690926
-0.0166085
5.18982
3.24261
3.38289
3.46114
2.97914
-1.73941
-1.42698
-0.805575
0.524947
-0.53516
-0.51776
-0.0536748
5.66659
3.52687
3.71577
2.84424
3.55154
-1.99341
-1.3782
-0.87925
0.480483
-0.459297
-0.617243
-0.0391208
5.4453
3.53448
4.34979
3.01544
3.01685
-1.62359
-1.27078
-1.05739
0.252686
-0.239833
-0.540547
-0.04134
5.31667
3.50907
4.49105
3.33964
2.29544
-1.29075
-1.26031
-0.705679
-0.0541745
-0.348624
-0.421555
-0.0444325
5.48086
3.1555
4.45766
3.98356
2.19192
-1.6974
-1.29251
-0.478806
0.226514
-0.589685
-0.51489
-0.0155349
6.05379
2.46049
4.14134
3.77997
3.71901
-3.03565
-0.78069
-0.462933
0.0641964
-0.271937
-0.808702
0.0151443
5.56417
2.89739
2.85645
4.48112
3.96234
-2.8422
-1.08548
-0.267561
0.126438
-0.380399
-0.699739
-0.0173069
5.37199
2.78329
2.80984
4.69311
3.69573
-2.55161
-1.10704
-0.140882
0.139516
-0.523103
-0.637602
-0.0228524
5.35932
2.64831
2.78956
4.40751
3.87862
-2.28219
-1.38609
0.126786
-0.0120539
-0.483306
-0.622071
-0.0312223
5.51267
2.50286
2.98717
4.31952
3.74869
-2.32071
-1.35223
0.249198
-0.0821063
-0.436447
-0.579599
-0.0251625
6.03857
2.10532
3.06799
4.63634
4.04292
-2.68305
-1.66163
0.706877
-0.0939243
-0.428248
-0.610319
-0.0149917
5.47614
2.39392
2.64333
4.90965
3.39711
-1.95433
-1.51792
0.321541
0.182028
-0.537264
-0.559939
-0.0305682
5.045
2.59037
2.81603
4.64677
3.10363
-1.75122
-1.0947
0.162129
0.303589
-0.571453
-0.471687
-0.0230007
5.08933
2.63435
2.91154
4.55687
3.04249
-1.83715
-0.955417
0.42035
0.285756
-0.571148
-0.45364
0.00219187
5.81595
2.20736
2.36081
5.50169
3.68574
-3.12966
-0.281555
0.0277301
0.705404
-0.668454
-0.530779
0.0445222
5.3869
2.28507
2.21431
5.42154
3.64562
-3.0341
-0.057746
-0.289117
0.876264
-0.766099
-0.484297
0.039395
5.14751
2.47197
2.28171
5.1148
3.42559
-2.99301
0.0210241
-0.372641
0.937593
-0.776867
-0.440249
0.0515689
5.33305
2.33656
1.68373
4.82239
3.86825
-2.78461
-0.168617
-0.377702
0.769895
-0.657957
-0.404654
0.0647969
5.8884
1.95803
1.57384
4.75135
3.82585
-2.57523
-0.732306
0.0362411
0.473628
-0.4019
-0.368762
0.0618258
6.54503
1.67635
1.51964
4.88193
4.05179
-3.62774
-0.222609
-0.354753
0.743712
-0.313548
-0.3635
0.109952
6.23414
1.98813
1.4334
4.39091
3.60131
-2.72186
-0.536227
-0.305373
0.347817
-0.052061
-0.15351
0.065783
6.32458
1.80996
1.11202
3.31442
3.46871
-1.51396
-0.397063
-0.622938
-0.171078
-0.112758
0.0283837
0.0992179
6.29919
1.99257
1.00152
2.71606
3.16669
-1.50438
0.673553
-0.835313
-0.876987
-0.174209
0.301095
0.217588
6.45333
1.86321
0.824731
2.6638
3.38599
-2.26511
0.842154
-0.518516
-0.748987
-0.273756
0.24884
0.322399
6.227
1.81564
0.657203
2.81864
3.14476
-1.96103
0.511378
-0.57407
-0.528222
-0.113518
0.401086
0.297427
5.94623
1.4627
0.437331
2.86659
3.78593
-1.6349
-0.536354
-0.752427
0.0994727
0.365058
0.391814
0.227945
5.72108
0.865692
0.724484
3.00284
4.10372
-1.68303
-0.888713
-0.701378
0.409554
0.504844
0.428904
0.240737
5.47792
0.815106
0.953529
3.09181
3.35121
-1.1025
-0.324575
-0.906198
0.562172
0.28262
0.548766
0.256993
4.97848
1.0189
0.934764
3.13931
3.12005
-0.330029
-0.251313
-0.636087
0.585422
0.0101682
0.614024
0.230819
4.70818
1.3869
0.546894
3.24533
4.11759
0.0986839
-0.206728
-0.399913
0.602893
-0.0811118
0.456469
0.158366
4.40894
1.43496
1.40785
3.19717
4.40748
0.750984
0.464137
-0.526202
0.315613
-0.186697
0.451141
0.127736
4.00663
2.00421
2.26227
3.02738
3.53242
1.42082
1.10646
-0.906066
0.117869
-0.0404396
0.505919
0.0629988
3.64334
2.55687
2.39761
3.40094
2.96939
2.2602
0.498126
-0.393178
0.619146
0.196613
0.289643
-0.00753517
3.32879
2.45365
2.30954
3.17211
4.02801
1.65126
1.30335
-0.578057
0.507578
0.422907
0.321996
0.00965917
3.28063
2.10813
2.18659
2.6415
5.61585
0.423778
1.78929
-0.645119
-0.00890742
0.591078
0.498636
0.128318
3.03139
1.75883
2.2064
2.385
5.72922
0.128283
1.25504
-0.503789
0.391738
0.772162
0.628743
0.106365
2.80557
1.64069
2.16036
2.61325
4.3683
0.281873
0.953515
-0.618702
0.80923
1.03684
0.722732
0.0264017
2.73475
1.38012
2.06564
3.24199
4.17228
0.682234
1.28024
-0.12018
0.803577
0.876397
0.547962
0.0224219
2.57803
1.40282
2.25405
3.64448
4.56172
1.26676
1.47948
0.120477
0.986881
0.530386
0.391817
0.0516919
2.5545
1.84742
2.5231
2.6106
4.74257
1.12135
1.3933
0.0919879
0.494029
0.476396
0.59807
0.048803
2.67285
1.63424
2.2125
2.50105
5.59949
-0.274709
0.931421
0.375946
0.258566
0.65557
0.644227
0.0598293
2.32934
1.44598
2.0536
2.82866
5.27581
-0.545625
1.388
0.139557
0.393908
1.0362
0.483869
0.0502488
2.03209
1.28838
1.92286
2.59493
5.09491
0.0403423
1.93051
-0.270663
0.697794
1.16213
0.30499
0.0679881
1.76458
1.08215
1.94783
3.45614
4.76614
0.896675
1.39808
-0.175839
0.654936
1.01521
0.358009
-0.0034106
1.56575
1.02705
2.1931
3.97757
3.58645
0.928978
1.42707
0.0920835
0.732769
0.622052
0.319227
-0.0101436
1.31205
0.580961
1.90678
3.36375
4.14153
0.790803
1.08913
0.107108
0.528398
0.975138
0.257658
-0.0301946
1.48499
0.314106
1.6884
2.47565
4.30216
1.11738
1.12267
0.203618
0.0276758
1.24886
0.353656
-0.0363043
1.37671
0.589853
1.46575
2.72483
4.98147
0.535615
2.03139
0.00480534
0.0811124
0.807705
0.365811
0.100803
0.76722
0.929585
1.17933
3.01318
4.98531
0.382644
2.19719
0.37042
0.41285
0.678417
0.134887
0.163084
0.940741
0.259604
1.25556
3.19386
4.84792
0.186515
1.92577
0.276284
0.923743
1.00337
-0.0677336
0.0821896
0.881714
0.0295736
1.21242
3.53669
5.4178
0.157706
1.60925
0.686074
0.457028
0.805999
0.226231
0.111199
0.630094
-0.0518019
0.968196
3.37309
5.77797
-0.203095
1.92815
1.1743
0.279461
0.732489
0.250772
0.152245
0.606492
-0.0891412
1.67896
3.06751
5.10435
0.378627
2.43653
0.62342
0.329905
0.62866
0.25329
0.18866
1.07152
-0.231285
1.07379
3.01234
4.91705
0.111137
2.67772
0.467563
0.264667
0.720633
0.240726
0.146038
1.62226
-0.218263
0.388688
3.14169
5.02412
-1.06507
2.72328
0.578576
0.451345
0.701455
0.165451
0.145755
1.4639
-0.883503
1.22814
2.21943
4.976
-0.0804556
2.77279
0.11084
0.532631
0.648831
-0.0229186
0.169403
1.61995
-0.836471
1.41216
1.85149
4.80754
0.502886
2.29974
-0.044034
0.155296
0.759983
-0.0155492
0.156162
1.65161
-0.0318625
1.31662
1.19479
4.90764
-0.143934
1.73349
0.65102
-0.28787
0.596093
0.212334
0.118781
1.82415
0.031487
1.50937
1.38175
4.15585
-0.750153
1.36259
0.71337
-0.373661
0.343417
0.546343
0.0771381
1.87655
-1.00021
0.71994
2.24599
3.81624
-0.372458
0.870229
1.18935
-0.171698
0.372409
0.678408
0.0110145
1.79603
-1.17205
0.174824
3.06813
3.35413
-0.381844
0.338433
1.30918
0.260896
0.126462
0.613358
-0.0221245
1.98332
-1.26986
0.534182
3.42784
2.99427
-1.07008
0.859798
1.0036
0.578748
0.085604
0.310188
0.0307574
2.67548
-1.36264
0.554166
2.7496
3.51123
-1.23489
0.817095
0.294794
0.423712
0.356838
0.298477
0.0542057
3.16764
-0.998323
0.133983
2.05547
4.4133
-0.5466
0.750159
0.500061
0.384732
0.76543
0.287019
0.0366172
2.99839
-0.390099
0.00450522
1.40092
4.51614
1.02089
0.578535
0.550586
0.751961
0.667122
0.389588
-0.000819263
3.00376
0.0943075
0.521292
1.58548
3.9044
1.0659
0.33606
0.890438
1.09195
0.763979
0.356261
-0.0430975
3.07343
-0.126456
1.33282
1.69022
3.28019
0.0417388
0.682531
1.15527
1.02841
0.806673
0.512744
-0.00284943
3.26722
-0.079929
1.47516
1.83073
2.92884
-0.597236
0.976343
0.678939
1.49745
0.879843
0.42723
0.0446951
3.35943
0.510585
1.4137
1.6677
3.15857
-0.313472
1.07412
0.396815
1.49621
0.68342
0.308422
0.0735432
3.26904
0.625297
1.68012
1.66168
3.31882
-0.209345
0.766535
0.716361
1.33257
0.236088
0.448921
0.119761
3.19334
1.14843
1.79073
0.970276
3.59751
-0.0121871
0.397882
0.920959
1.27712
0.190103
0.687695
0.107086
2.90829
1.24675
1.65221
0.555008
3.56989
0.383485
0.762583
0.836602
1.29721
0.453138
0.776364
0.0615263
2.77448
1.23483
1.62669
1.00482
3.27767
0.067745
1.34331
0.952046
1.42432
0.371614
0.790747
0.0840857
2.89365
0.677311
2.24753
1.76042
2.85788
-0.121055
1.61023
0.214327
1.62752
0.447875
0.619352
0.130582
