105
4.38437
1.65278
0.403278
-0.0823598
3.34298
-0.240556
-0.584725
-1.61989
0.133967
0.206431
0.508436
0.159449
5.0883
1.33846
-0.0637382
-1.05581
3.0312
-0.282817
-0.853194
-1.50299
-0.399096
0.596833
0.399833
0.121886
4.87297
1.74656
-0.581305
-1.74067
1.84044
-0.0629898
-0.27384
-1.33311
-0.306832
0.553434
0.358538
0.110944
4.31769
2.64648
-1.37402
-1.94354
1.69186
-0.398271
-0.253279
-1.13278
0.429537
0.264249
0.499256
0.0622752
4.32455
2.50462
-1.36503
-1.8182
2.16669
-0.305192
-1.19046
-1.25154
0.941039
0.530395
0.784457
-0.0189977
3.92657
2.23578
-0.656443
-0.60964
3.11002
0.429722
-0.668628
-0.0137442
1.35017
1.01812
1.09964
0.050695
4.80804
1.89562
-0.75572
0.116915
3.00389
1.2985
-0.093608
1.23718
1.90799
0.463105
0.585644
0.0474434
6.06162
1.36482
-1.01972
1.01519
2.65257
1.66269
0.182875
0.813487
1.64299
0.531692
0.19645
0.055042
6.5437
1.67819
-1.02797
1.77088
3.95592
0.610402
0.199362
0.0620619
1.0057
0.764104
0.295329
0.0876046
6.50928
1.93042
-0.574379
1.52619
4.55301
1.66895
0.642543
0.220126
0.628103
0.455327
0.0536131
0.0106991
6.8456
2.33298
-0.446674
1.05205
4.18367
2.29122
1.60945
0.041751
0.784617
0.192633
-0.0604182
-0.033312
6.94687
1.89899
-0.274177
2.21583
3.88515
0.82209
0.969701
0.4018
1.10735
0.355994
-0.0920202
-0.0285304
6.04542
2.09998
0.0722303
2.28949
3.5971
0.843409
0.0603507
0.963763
1.17268
0.496078
-0.131441
-0.0617575
7.18891
1.90044
-0.745984
1.61941
4.15627
0.780313
0.916877
1.29739
1.14055
0.284739
-0.371851
-0.0752064
6.98667
1.85811
-1.15999
1.0478
3.87162
2.18037
1.57726
1.03034
0.408283
0.128819
-0.163178
-0.0397605
6.83176
1.80816
-1.26678
1.3604
4.12371
2.3283
1.72924
0.898044
0.0599621
0.0967004
-0.0663606
0.0125648
6.63126
1.60618
-1.14319
2.01043
4.33755
2.03197
1.14725
0.805918
0.0656836
0.158591
-0.0138004
0.0408667
7.40643
1.68621
-1.46107
2.13749
4.77723
1.2
1.2482
0.923375
0.441313
0.013598
-0.152346
0.0854651
7.11604
2.17255
-1.58072
2.04253
3.62869
0.298843
1.49223
0.1747
0.768955
-0.132144
-0.0306005
0.0626393
6.29319
2.15665
-0.654461
1.72014
2.72565
0.212229
0.0284251
0.0382671
0.179545
-0.216122
-0.0631553
0.0573655
7.80142
2.14915
-1.39462
2.82138
3.12063
-1.46843
-0.0199655
-0.576705
0.415645
-0.560879
-0.0481744
0.13021
6.5844
2.14585
0.0935331
3.28735
2.51051
-1.57053
-0.709444
-0.0289261
0.0329593
-0.588252
-0.202498
0.0822668
6.21338
2.38026
1.30505
4.12949
2.06076
-2.15537
-0.850215
-0.10981
0.361136
-0.686802
-0.319045
0.0163387
5.432
2.77531
2.34868
4.22589
2.03962
-1.93237
-1.50861
-0.274691
0.550831
-0.620088
-0.470023
-0.0388179
6.56444
2.28386
1.19063
5.29375
2.55092
-2.81627
-0.978035
-0.970707
0.786482
-0.876825
-0.430807
-0.0767261
5.82617
2.27247
1.49926
4.09677
2.59394
-1.62631
-1.83579
-0.646369
0.343004
-0.69965
-0.482628
-0.0504015
6.26365
1.948
1.60034
4.44957
2.35927
-2.06226
-1.68876
-0.651466
0.291088
-0.595664
-0.447452
-0.0408047
5.87919
2.32028
2.28861
4.31129
2.1869
-2.3394
-1.81099
-0.54401
0.339474
-0.560442
-0.48977
-0.0320877
6.07041
2.71656
2.58071
4.35581
2.19729
-2.90787
-1.65362
-0.54651
0.403477
-0.59136
-0.513244
-0.000206727
6.10882
2.52995
2.69996
4.51019
1.85538
-2.5507
-2.017
-0.324459
0.240033
-0.561546
-0.488266
-0.00420271
6.23157
2.40126
3.14569
4.22147
1.56592
-2.18954
-2.15052
-0.418833
0.319164
-0.558704
-0.505193
-0.00582734
5.908
2.92597
2.87142
4.18824
1.8299
-2.51785
-1.98136
-0.560778
0.411887
-0.603551
-0.500862
-0.00185753
5.49583
3.19669
2.66593
3.99057
1.92386
-2.41073
-2.04914
-0.578295
0.426441
-0.637749
-0.478785
-0.00770021
5.96202
3.07947
2.56063
3.8722
2.14132
-2.65396
-1.83725
-0.639932
0.36443
-0.642024
-0.494895
0.000482205
5.85942
2.98
2.68178
4.11617
1.87871
-2.47389
-1.87834
-0.722759
0.373596
-0.624065
-0.482045
-0.0139914
5.83575
2.85188
2.69315
4.23936
1.93629
-2.42182
-2.09857
-0.474639
0.19672
-0.579179
-0.498682
-0.0143064
5.638
2.78391
2.95903
4.28454
1.78453
-2.27697
-2.13093
-0.554954
0.279204
-0.601736
-0.527688
-0.0234648
5.85009
2.66814
2.84127
4.26913
1.98485
-2.53353
-1.6779
-0.957469
0.410767
-0.636393
-0.534101
-0.0326889
5.79457
2.46138
2.51256
3.90541
2.32102
-2.49208
-1.48186
-1.12414
0.494484
-0.763718
-0.544302
-0.0194159
5.40432
2.57867
2.32819
3.60311
2.47611
-2.23706
-1.5985
-1.11787
0.587295
-0.885881
-0.491981
-0.0167817
5.79215
2.42034
2.37738
3.55424
2.53727
-2.53097
-1.17176
-1.40169
0.668876
-0.833551
-0.570765
-0.0035025
5.77977
2.41518
2.23209
3.6968
2.61544
-2.65266
-1.15411
-1.37855
0.639756
-0.863088
-0.559902
-0.0021201
6.09424
2.25634
2.40688
4.45042
2.04069
-2.87202
-1.2708
-1.01663
0.382885
-0.812309
-0.507952
-0.00600569
5.93764
2.34434
3.04325
4.39823
1.58157
-2.52271
-1.70566
-0.547037
0.0721455
-0.767177
-0.479059
0.00790352
5.98195
2.39699
2.7601
4.31448
1.92427
-2.8486
-1.45362
-0.779792
0.202294
-0.796954
-0.501758
0.0101428
6.18473
2.20433
2.46896
4.2383
2.38008
-3.64549
-0.587315
-1.30644
0.418951
-0.87834
-0.552618
0.0530133
5.82773
2.26186
2.91463
4.00277
2.05644
-3.09828
-0.917663
-1.33378
0.470385
-0.809257
-0.5523
0.0331123
5.44241
2.57797
3.26443
4.13263
1.70959
-2.81137
-1.51162
-0.731904
0.252305
-0.837294
-0.482897
0.0375649
5.46517
2.42801
3.36534
4.48989
1.75376
-3.05435
-1.50848
-0.51709
0.0800915
-0.783955
-0.492974
0.0402334
5.88446
1.89678
3.66627
4.27938
2.19038
-3.35097
-1.35727
-0.638518
0.0450524
-0.5875
-0.587669
0.0333138
5.51004
2.40409
3.27789
4.01317
2.80528
-3.32914
-1.73603
-0.394191
-0.000375372
-0.560423
-0.617594
0.0276175
5.29024
2.4685
2.76491
4.36498
2.64727
-2.86152
-2.1224
-0.220353
-0.00916344
-0.602556
-0.570012
0.000778822
5.60597
2.30869
2.34823
5.13738
3.01302
-3.54453
-1.88165
-0.19786
0.0228586
-0.616555
-0.619064
0.0192937
5.43608
2.37628
2.22871
5.04726
3.26847
-3.61415
-1.51484
-0.443808
0.149699
-0.715218
-0.633009
0.0283636
5.55452
2.13561
2.32138
4.87328
3.4763
-3.41421
-1.63656
-0.326315
0.11572
-0.722633
-0.655385
0.0237737
5.20653
2.21812
1.83472
4.9096
3.70328
-3.10244
-1.5955
-0.613852
0.334933
-0.766271
-0.607262
0.00285788
5.14038
1.99159
1.92554
4.8299
3.9268
-2.92347
-1.7376
-0.50341
0.345394
-0.655696
-0.620676
-0.0147558
5.49673
1.54795
1.86649
4.76339
4.13778
-2.52805
-2.31889
-0.0933331
0.152262
-0.481617
-0.595033
-0.036028
5.51051
1.5563
1.3875
5.0341
4.61952
-2.79379
-1.61687
-0.741816
0.502841
-0.544951
-0.598792
-0.0240426
5.3811
1.63265
1.31005
5.06104
4.78616
-2.51255
-1.41363
-0.912997
0.618913
-0.629094
-0.580009
-0.0370659
5.19754
1.43037
1.72056
4.71341
4.7991
-1.97247
-1.70872
-0.582336
0.482264
-0.528708
-0.557009
-0.0585098
5.48639
1.16959
1.49921
4.72444
5.07094
-1.98197
-1.23552
-1.23514
0.663966
-0.496773
-0.542849
-0.0432839
5.1156
1.44944
1.34317
4.51885
4.81352
-1.43172
-1.6033
-1.02139
0.706892
-0.493007
-0.423633
-0.0752096
5.6889
1.2256
1.19521
4.52216
5.07557
-1.80732
-1.22893
-1.10261
0.62389
-0.328742
-0.498341
-0.0485712
5.73466
1.23968
1.16803
4.50491
5.00855
-1.67106
-1.38901
-0.620404
0.468712
-0.269318
-0.469371
-0.044326
5.27373
1.54795
1.10682
4.29216
4.5664
-0.971022
-1.52035
-0.524801
0.242406
-0.459331
-0.291283
-0.0259567
5.19368
1.66523
1.12039
3.82565
5.04106
-0.663974
-1.06959
-1.08028
0.200924
-0.638946
-0.197394
0.00635333
5.09009
1.81038
1.2008
3.78656
5.43349
-0.734741
-0.255892
-1.42903
0.257099
-0.669818
-0.165663
0.0347184
5.52446
1.66685
1.12389
4.23849
5.40347
-0.973677
0.322953
-1.5718
0.116236
-0.436099
-0.142015
0.0399385
5.0696
1.90249
1.38038
4.13781
4.31768
-0.34245
-0.362966
-0.972837
-0.235906
-0.260928
0.0217854
-0.0270349
5.50764
1.57353
1.52536
4.33111
4.55682
-1.46356
0.468573
-1.40785
0.0236616
-0.405474
-0.0842597
0.0456931
5.14645
2.06886
1.47638
4.53071
3.98305
-1.65744
0.657901
-0.968492
0.276303
-0.426083
-0.0321185
0.0324007
5.66264
2.45215
0.973504
4.91802
3.79707
-2.72014
0.925016
-0.64454
0.825098
-0.325884
-0.000683464
0.0807101
5.55624
2.17758
1.22178
4.4519
3.2162
-2.48262
0.926182
-0.499913
0.513486
0.00301564
0.176415
0.0981847
5.72581
1.86418
1.10895
3.93148
3.17505
-2.30171
0.84984
-0.783485
0.348904
0.355105
0.387101
0.134464
5.23786
1.94497
0.985163
3.1438
3.40482
-2.1732
0.799372
-1.34726
0.47432
0.662732
0.499617
0.194216
4.79364
1.51093
1.43516
2.67299
3.31963
-1.71734
0.521494
-1.16173
0.377808
0.809563
0.626583
0.214809
4.39462
1.58255
1.70276
2.3369
3.14252
-1.2731
0.571753
-0.935478
0.12739
0.944266
0.72044
0.191315
4.21323
1.89673
1.73863
2.871
3.20362
-1.47082
1.21998
-1.23164
-0.0569596
0.782128
0.712765
0.189307
4.06635
2.02304
1.762
3.0018
3.88047
-1.28035
0.88564
-1.1313
0.143984
0.487916
0.531206
0.155771
3.80571
2.27502
1.85715
2.91031
4.56143
-1.04198
0.820403
-1.15401
0.391952
0.573323
0.289622
0.0941761
3.15497
2.76449
2.53288
2.37394
5.12415
-0.460863
0.215425
-0.80795
0.294179
0.540307
0.301859
-0.00182471
3.14088
2.28307
2.54997
2.26839
4.14172
-0.173413
-0.659843
-0.363488
0.537024
0.647433
0.511131
-0.0198324
2.84249
1.76956
1.92626
2.46454
3.59148
-0.208587
-0.512428
0.0325243
0.882029
0.755456
0.715946
-0.0223016
2.29546
1.88623
1.77237
2.2575
3.37222
-0.306631
0.390767
0.00796895
0.566375
1.41531
0.231369
-0.0161421
2.15571
1.61727
2.43778
2.26468
3.11988
0.524402
1.38503
-1.03005
0.622435
1.35333
-0.19343
-0.00234561
2.26379
1.63913
2.12463
2.24872
3.2337
0.685523
0.888128
-1.17015
1.3511
0.838746
-0.0297267
-0.0159115
2.04047
1.8948
1.83888
2.7593
3.33364
0.130569
0.656144
-0.321547
1.20593
1.16819
0.112165
-0.0241329
1.94829
1.24002
2.17808
2.77048
3.96023
-0.129518
2.29219
0.148284
0.435909
1.11319
0.148381
0.0695456
1.63118
0.976739
2.00909
1.9495
4.52199
0.346806
2.36339
0.183084
0.546335
1.01207
-0.000594204
0.117965
0.786132
1.35709
1.75076
2.5945
4.38396
0.416953
1.96482
-0.397034
0.964669
1.36395
-0.0385777
0.0377263
0.561526
1.19862
1.51615
3.83567
4.80916
-0.0651117
1.9276
-0.428125
0.775859
1.13155
0.102666
0.0166582
1.09997
1.45707
-0.144267
3.56833
4.01424
-0.168587
0.629753
0.149564
0.350564
0.869911
0.130517
-0.00800818
1.01619
1.3147
-0.654067
3.4016
3.73827
-0.316427
0.678253
-0.0780032
0.117807
0.894318
0.05541
0.0323431
1.03213
0.930628
-0.010825
2.75528
3.62305
0.28434
1.33676
-0.123292
0.212295
0.630007
0.203462
-0.0465864
1.10415
0.864416
0.120565
2.21753
2.92465
-0.0616378
0.906788
-0.315193
0.330096
0.505574
0.174783
-0.0861333
0.692441
0.92773
-0.286706
2.06403
3.55145
0.135365
1.11501
-0.933419
0.374471
0.632133
-0.206814
0.0924785
0.206162
0.671277
0.278675
1.88086
4.33505
-0.0259402
1.13792
-0.4158
0.593177
0.161233
-0.223212
0.153565
0.414296
0.486089
0.917199
2.0057
4.32933
-0.276559
1.23651
-0.161964
0.368247
0.160645
-0.02956
0.0649973
0.641011
0.491501
0.745776
1.4252
4.17265
0.0280077
1.07242
-0.536295
0.229474
0.643529
-0.232427
-0.0242878
0.66122
0.325405
0.483624
0.700882
4.42556
0.507244
0.773017
-0.790619
0.0216904
0.506432
-0.0510291
-0.0725888
1.27022
0.352078
0.595006
1.09575
4.16121
0.95534
0.598998
-0.525127
0.36376
0.432595
0.388031
-0.103792
1.56191
-0.036538
1.0451
1.32203
4.47006
1.03797
0.403308
-0.354944
0.481044
0.47724
0.333128
-0.063677
1.6465
-0.190443
1.03939
1.63808
4.48903
0.92191
0.830853
0.287953
0.0228192
0.533976
0.407977
-0.0397237
1.88773
-0.210217
0.671058
1.72736
4.797
0.410259
1.00992
0.905648
0.00713985
0.537615
0.518294
-0.0199122
