131
1.8382
1.20856
2.13022
0.461777
1.75096
0.0526171
1.29892
-0.0460194
1.12913
0.415904
0.552138
-0.000753597
2.12921
1.24648
1.71902
0.452807
2.59018
-0.13274
0.998137
0.0130933
0.953761
0.266141
0.84822
0.0408737
2.08213
1.28665
1.7857
0.42214
2.63843
-0.251915
1.28926
0.176053
0.942739
-0.0582788
0.804627
0.0703488
1.83472
1.09912
1.84222
-0.0506811
1.8835
-0.608177
1.17052
0.182803
0.679963
-0.119546
0.614438
0.0519531
2.13122
1.22124
2.38036
0.413711
2.25548
-0.144759
0.782138
0.2036
0.714059
0.177237
0.499159
0.0518081
2.17917
1.35179
2.47132
1.33099
2.56243
-0.0287069
0.808854
0.286921
0.86577
-0.320392
0.210635
0.0874192
3.23394
0.781274
1.63601
2.7761
2.83609
-1.06517
-0.334638
-0.308485
0.959844
-0.698323
-0.181761
0.0628863
4.75467
1.02157
2.15452
4.56502
3.80222
-1.45151
-1.78382
-0.612567
0.361693
-0.904686
-0.553153
-0.0784744
5.81495
0.292885
2.14514
4.70658
3.64167
-1.80793
-2.21999
-0.744827
0.0166328
-0.853624
-0.698484
-0.0999898
6.5732
-0.152835
2.51188
4.25503
3.41109
-1.60354
-2.55081
-1.1494
-0.264413
-0.864905
-0.770759
-0.119392
6.06002
0.84041
1.91225
4.05202
3.20987
-1.16985
-2.37946
-1.58142
-0.094632
-0.99401
-0.710508
-0.0917326
6.15892
0.751735
1.97968
3.7677
3.42777
-0.893966
-2.2581
-1.62796
-0.139879
-0.975318
-0.664227
-0.0580026
6.34729
0.731128
1.91158
3.6567
3.65066
-0.72128
-2.56979
-1.50861
-0.176306
-0.91006
-0.669943
-0.0848115
6.58794
0.625325
1.67345
3.94156
3.64786
-0.929838
-2.31078
-1.67803
-0.222381
-0.824464
-0.681174
-0.0918765
6.11847
0.973921
1.72137
4.08202
3.81191
-1.1286
-2.78967
-1.20312
-0.149183
-0.828255
-0.624973
-0.100328
6.285
0.614824
2.52334
3.36131
4.42771
-1.27986
-2.9055
-0.839086
-0.409954
-0.802363
-0.61108
-0.103502
6.40163
0.228497
2.82404
2.93908
4.90323
-1.23072
-2.63964
-0.927101
-0.573624
-0.665885
-0.663882
-0.0869749
6.20794
0.797648
2.52484
3.04221
4.81605
-1.12976
-2.27604
-1.04381
-0.454688
-0.775089
-0.679813
-0.0687396
6.1511
1.035
2.21231
2.99083
4.61327
0.0582987
-2.61062
-1.02028
-0.498136
-1.04736
-0.460017
-0.0606613
6.17268
1.01873
1.89867
3.05045
4.69803
0.781712
-2.77036
-1.17844
-0.425029
-1.1086
-0.389435
-0.0393005
6.18762
0.996412
1.69918
3.18991
4.70516
0.704337
-2.78162
-1.31162
-0.414877
-1.03502
-0.39077
-0.0389804
6.41072
0.568584
2.04682
3.24867
4.23588
1.03721
-3.49996
-1.19458
-0.268259
-1.09129
-0.377246
-0.0428194
7.16097
-0.047249
2.30635
3.51099
4.40213
0.0411678
-3.47898
-1.10779
-0.24354
-0.830254
-0.463927
-0.100899
6.86043
0.385742
1.77033
4.1835
4.50735
-1.02287
-3.27291
-1.06583
-0.168235
-0.612892
-0.603441
-0.139338
6.04155
1.07325
1.50326
4.16502
4.66943
-1.51679
-3.11071
-1.0429
-0.122154
-0.581468
-0.661161
-0.145303
6.35689
0.269083
2.44139
3.34418
5.05
-1.58334
-2.90528
-1.2324
-0.289626
-0.468782
-0.739271
-0.126142
5.97454
0.565789
2.39114
3.53728
4.25259
-0.786799
-3.36762
-1.30996
0.0626051
-0.767686
-0.625604
-0.122944
6.07541
0.382823
2.58611
3.46618
3.90902
-0.435152
-3.64253
-1.25728
0.123021
-0.878537
-0.593455
-0.103687
5.93267
0.90611
2.13247
3.74375
3.79923
-1.10084
-3.24621
-1.28097
0.024479
-0.807924
-0.645862
-0.115217
6.85212
-0.206543
3.28425
2.91014
3.89237
-1.12411
-3.32434
-0.962897
-0.295077
-0.790905
-0.668615
-0.107948
5.86879
1.26456
2.42608
3.59361
3.16552
-1.05242
-3.4077
-0.834896
-0.0765861
-0.990223
-0.627085
-0.0953429
5.99625
1.14744
2.51275
3.17063
3.24293
-0.629841
-3.3989
-0.835302
-0.171636
-1.10368
-0.551941
-0.0745762
6.03592
0.936781
1.97231
3.24595
3.47304
-0.437618
-2.91254
-1.25344
-0.45351
-1.09023
-0.447515
-0.0284492
6.97798
-0.326576
2.49944
2.85162
3.88304
-0.632916
-2.71424
-1.38617
-0.784805
-0.915543
-0.486459
-0.0127233
5.94044
0.713467
1.6656
3.35202
3.2406
-0.001232
-3.22756
-1.64385
-0.344334
-1.14167
-0.42571
-0.00109266
5.85373
0.61412
1.94985
2.91121
3.35897
0.186615
-3.54576
-1.69786
-0.267129
-1.26757
-0.401143
0.00722395
6.26277
0.162546
2.38798
2.72157
3.08634
0.605532
-3.94009
-1.54146
-0.262586
-1.3563
-0.374722
0.0266875
6.20329
0.242087
2.37367
2.62397
3.20044
0.720222
-4.00091
-1.65202
-0.194376
-1.33108
-0.397049
0.00580872
5.75561
0.842894
1.9867
2.85621
3.26117
0.37793
-3.91388
-1.56772
-0.198183
-1.31557
-0.434558
-0.0382092
5.7275
0.945029
2.15618
2.58861
3.63975
-0.198224
-3.90566
-1.38173
-0.258949
-1.30739
-0.473739
-0.0811594
6.28271
0.222945
2.60566
2.31017
4.33809
-0.905058
-3.46997
-1.40387
-0.584712
-0.991759
-0.616927
-0.0908484
6.00396
0.618671
2.21922
2.81011
4.40413
-1.67929
-2.87054
-1.46538
-0.521428
-0.868308
-0.714946
-0.0806299
5.84036
0.761313
2.35395
3.00042
3.92736
-1.68736
-3.00437
-1.2584
-0.3633
-0.993357
-0.693509
-0.0835909
6.02334
0.343004
3.08235
2.31264
3.70433
-0.83205
-3.55833
-1.08888
-0.292924
-1.26683
-0.621947
-0.0595951
5.81022
0.737621
2.82625
2.36818
3.51988
-0.609213
-3.57377
-1.11064
-0.214922
-1.39275
-0.570392
-0.0541243
6.26724
0.269431
2.85169
2.33222
3.68053
-0.923272
-3.3518
-1.14945
-0.492042
-1.18417
-0.602642
-0.051262
5.98808
0.742642
2.40111
2.95392
3.35693
-1.36109
-3.25284
-1.01503
-0.394684
-1.15822
-0.608894
-0.0612727
5.89136
0.977901
2.12558
3.34862
3.3764
-1.89324
-3.03246
-0.857193
-0.43656
-1.05654
-0.636606
-0.0702935
5.85163
1.00516
1.9804
3.43632
3.16772
-1.51131
-3.11342
-0.952425
-0.430615
-1.15859
-0.610715
-0.0634717
5.72404
1.08071
1.95598
3.44902
3.17089
-1.49229
-3.24374
-0.964504
-0.396608
-1.16057
-0.611938
-0.0734983
6.091
0.588079
2.21019
2.68181
3.5509
-1.27614
-3.25476
-1.20924
-0.600378
-1.17701
-0.558462
-0.0423636
5.63186
1.02412
2.03558
2.69705
3.31777
-1.23538
-3.39427
-1.18667
-0.495583
-1.30628
-0.506917
-0.0407392
5.48126
1.11264
2.21874
2.73149
3.20163
-1.44638
-3.33999
-1.10251
-0.37767
-1.33494
-0.540644
-0.042593
5.52728
1.1119
2.08516
2.48178
3.38345
-1.37461
-2.9924
-1.39347
-0.437226
-1.35399
-0.523692
-0.013122
6.17836
0.452365
2.53622
2.22286
3.35406
-1.28887
-3.18399
-1.14269
-0.696087
-1.22467
-0.530111
-0.0151338
6.08231
0.554054
2.49407
2.38847
2.92104
-0.774076
-3.73062
-0.96529
-0.494584
-1.36325
-0.422495
-0.0166778
5.88215
0.770281
2.3063
2.47449
2.82457
-1.12302
-3.36271
-1.10341
-0.437418
-1.2828
-0.452317
0.00578588
6.22619
0.374281
2.41201
2.38625
3.06425
-1.49224
-3.22379
-1.04812
-0.612363
-1.11289
-0.445299
0.0105209
5.94132
0.69191
2.27791
2.15552
3.28681
-1.7329
-3.11288
-1.05423
-0.59717
-1.09918
-0.466193
0.016795
5.77943
1.01486
2.14337
2.37068
2.97281
-1.86464
-3.11735
-1.00017
-0.440611
-1.12982
-0.482359
0.0105258
5.97831
0.669886
1.92933
2.36805
2.78671
-1.13669
-3.49689
-1.14523
-0.451172
-1.19498
-0.378701
0.0320589
6.1981
0.330012
2.11409
2.16399
2.71561
-0.887292
-3.67535
-1.20283
-0.401803
-1.23853
-0.374683
0.0461057
6.13272
0.696577
1.88975
2.56448
2.27993
-1.11412
-3.42257
-1.13446
-0.290425
-1.20736
-0.482805
0.0317432
5.9701
1.00057
1.96104
2.80006
1.72383
-0.927057
-3.2957
-0.961193
-0.146271
-1.30105
-0.555737
0.0305302
5.9051
0.930693
2.05628
2.64721
1.81863
-0.650933
-3.29687
-0.81878
-0.134629
-1.36112
-0.526526
0.0307462
5.85839
0.970362
1.39409
2.71058
2.25737
-0.991914
-3.04535
-0.870398
-0.300519
-1.16762
-0.445506
0.0220688
6.11254
0.643481
1.89755
2.51475
1.80449
-1.07511
-3.23608
-0.607176
-0.0347466
-1.10279
-0.470916
0.0268037
5.91937
0.555084
1.90522
2.33006
1.51438
-0.758778
-3.53739
-0.513778
0.0600122
-1.15847
-0.373908
0.0651465
6.06979
0.391843
1.40525
2.54735
1.4168
-1.51619
-2.71756
-0.854178
0.0551646
-0.881672
-0.373046
0.0795429
6.16124
0.489801
0.989065
2.7871
1.03721
-1.80307
-2.47549
-0.847952
0.138847
-0.736625
-0.340526
0.081358
6.35188
0.468778
0.818665
3.0938
0.818351
-2.32965
-2.12651
-0.886543
0.241142
-0.586545
-0.3228
0.0627232
6.45901
0.457629
0.852954
2.97447
0.944445
-2.68694
-1.85592
-0.884416
0.287794
-0.538147
-0.319124
0.0630883
5.98325
0.599099
1.57199
2.63516
1.13782
-2.54224
-2.38463
-0.449575
0.325917
-0.49904
-0.304518
0.0551484
6.31807
0.345444
2.35301
2.91033
0.998045
-2.70269
-2.3195
-0.0537536
0.254219
-0.450057
-0.321753
0.0241148
6.06681
1.35069
2.02511
3.38728
1.044
-2.8565
-1.75824
0.176517
0.218954
-0.422343
-0.321928
0.00634429
6.80979
1.22199
1.87645
3.13889
1.61709
-2.93638
-1.0934
0.240222
0.188538
-0.337195
-0.289732
0.00989793
6.46883
2.20063
1.15321
2.89692
1.66032
-2.05999
-0.761372
0.0587677
0.129061
-0.0666547
-0.092997
0.0029385
6.08546
3.41974
0.877904
1.7956
1.9184
-0.713772
-0.0987463
-0.896402
0.411927
0.415901
0.179931
0.00587738
5.66167
3.7776
0.764711
1.45047
1.9917
0.0484083
0.22507
-1.08772
0.511895
0.470124
0.357926
0.0448323
6.05015
3.67912
0.0824828
1.87657
2.67018
-0.39306
0.74461
-1.02563
0.529786
0.528823
0.361974
0.0642574
5.96688
3.25625
0.329288
1.90431
2.76682
-0.0464807
0.69654
-0.719369
0.661766
0.63508
0.289342
0.0147187
5.56942
3.20229
0.855615
2.04556
2.62694
-0.258979
0.640203
-0.196537
0.998161
0.446069
0.0992937
-0.0133395
5.61375
3.39945
1.19474
1.76468
1.94021
-0.509484
0.397604
0.455076
1.181
0.0854621
0.0486741
0.0130723
5.92328
3.46743
0.964131
1.44111
1.61352
-0.740855
0.705186
0.496596
1.27589
-0.0759155
0.0770462
0.0525846
5.49304
3.45526
1.27938
1.45154
1.84837
0.0209333
0.624714
0.0241527
1.21625
0.165672
0.227907
0.0480113
5.24992
3.45754
1.20395
1.57226
2.1714
1.00692
1.09188
0.10768
0.863221
0.177616
0.187159
0.0216835
5.8265
3.44303
0.994488
1.66104
2.16306
0.908943
0.913658
0.415901
0.468729
0.301075
0.128314
0.0223899
5.92927
3.35
1.12753
2.0321
2.46482
0.783718
0.49812
0.354737
0.248075
0.294168
0.0860975
0.0142072
5.6794
3.46366
1.414
2.16411
2.47557
0.596902
0.842701
0.353512
0.652326
0.134578
0.0237426
-0.00702378
5.50612
3.25892
1.53179
2.34224
2.53362
0.950414
0.990263
0.587195
0.641202
0.197636
0.0117033
-0.014387
5.90327
3.11511
1.08289
2.6691
2.92062
0.868018
0.752589
0.692571
0.611103
0.0364261
-0.0600856
-0.00692728
5.99701
3.20297
0.537095
2.95308
2.82511
0.57327
0.647077
0.404883
0.818362
-0.0725496
-0.0370028
-0.00288389
6.00408
3.39464
0.388333
2.89476
2.87139
0.166014
1.04767
0.156333
0.831934
0.182651
0.117624
0.0216006
5.99813
3.51219
0.828691
2.27533
3.14304
-0.00243913
1.0841
0.344936
0.79599
0.588002
0.11079
0.0386677
6.16125
2.91139
0.925247
2.36596
3.55612
0.204456
0.830116
0.797467
0.776112
0.415939
-0.0185173
0.0270865
6.10368
2.91516
0.580582
2.6644
3.32748
0.475996
1.24361
0.359751
1.0303
0.036225
-0.00925698
0.0209692
6.22772
3.0425
0.27359
2.6035
3.06241
0.48436
1.63735
-0.106847
1.10322
0.0514163
0.149763
0.0206094
6.37255
2.64327
0.496902
2.46264
3.55099
0.203565
1.03969
0.460557
0.935182
0.295981
0.0207151
0.0450287
6.5737
2.47685
0.90417
2.0909
4.00223
0.0241164
0.0641083
1.58395
0.478757
0.64594
0.00815469
0.0335966
6.47942
2.73461
0.714733
2.456
4.01272
-0.114703
0.56054
1.2183
0.589128
0.601356
-0.0269515
0.0576994
6.15788
2.68848
1.19375
2.69613
3.71472
-0.423816
0.639888
0.911345
1.00945
0.426873
-0.0865137
0.0407417
5.95642
2.76018
1.56973
2.35851
3.73644
-0.342424
0.557287
0.813539
1.05482
0.393052
-0.10759
0.0332187
6.09571
2.84102
1.07319
2.59391
4.0528
0.154914
1.08179
0.316696
1.00095
0.226647
-0.0726643
0.0382838
5.83775
2.98952
1.34256
2.5056
3.98101
-0.12194
0.844085
0.674476
1.14283
0.285127
-0.129171
0.0288788
5.47235
3.17063
1.91048
2.23583
3.52607
0.241685
0.586318
0.815794
1.46593
0.302406
-0.0638696
-0.00418699
5.23857
3.15268
1.84227
2.30882
3.50137
0.79989
0.402733
0.942691
1.27902
0.273642
-0.00869971
-0.0149571
5.12202
3.08772
2.16009
2.51357
3.44894
0.788585
0.459269
1.12178
1.34744
0.340726
-0.0403824
-0.0175979
5.04869
3.01742
2.01571
2.53975
3.45978
1.06266
0.848447
0.961206
1.05828
0.308797
0.00185295
-0.00217657
5.00705
2.98157
2.00349
2.65284
3.49441
1.28991
1.01797
0.950264
1.10361
0.102121
0.00112364
0.00609278
5.02358
3.07266
1.86381
2.68702
3.54537
1.1881
0.747562
0.96413
1.32178
0.0999454
-0.0241819
-0.0126823
5.03745
3.08358
1.94101
2.59617
3.66705
1.21493
0.84534
1.26294
1.25389
0.0539547
-0.0415126
-0.00369348
4.98497
3.25395
2.16511
2.46372
3.14279
1.38055
1.19846
1.06323
1.25385
0.205692
0.0228053
-0.000218209
4.87256
3.45022
2.42289
2.16735
2.37881
1.45823
1.29808
0.503146
1.14612
0.571634
0.0972879
0.00920121
5.27878
3.78737
1.98952
1.40542
1.29553
0.385098
1.15287
0.39386
1.30149
0.830066
0.317215
0.0616635
5.37796
3.46773
1.6345
1.48399
1.73608
-0.281908
1.43787
0.167489
1.43372
0.726868
0.323785
0.0817317
5.4585
2.83435
1.47942
1.96918
2.3662
0.317984
2.21504
-0.0426772
0.981095
0.411359
0.191006
0.0539621
4.86602
2.46155
1.40636
2.11028
2.65352
1.34069
2.63411
0.715243
0.0619972
0.0776418
0.157405
0.0839048
4.70667
2.76321
1.61198
1.33958
1.73143
0.581357
2.20818
0.636047
0.254115
0.160998
0.312189
0.115383
4.56881
3.33689
2.58722
1.15243
0.994752
0.186044
1.813
0.163688
1.40436
0.483257
0.301965
0.0960392
4.40425
3.67674
3.03214
1.41551
1.02507
0.225203
2.12253
0.0661154
1.69568
0.318685
0.273336
0.0905266
4.06182
3.81086
3.27053
1.40738
1.18469
-0.25851
1.58063
0.367736
1.49664
0.468368
0.388678
0.137336
3.74157
3.33453
3.31175
1.06826
1.49259
0.175883
1.51404
0.192398
1.11827
0.41579
0.483245
0.156389
3.63754
3.31402
3.37656
0.59114
2.01372
-0.307186
1.35354
1.05002
0.760569
0.164224
0.718081
0.155086
3.6807
3.34726
2.89816
0.560033
2.73239
-0.52495
0.981651
0.819564
1.13103
0.0897471
0.726635
0.176128
3.49989
3.09991
2.89993
0.860361
2.18669
-0.435992
1.20701
0.695913
1.38941
0.235956
0.693873
0.175884
3.56335
2.58844
2.81732
0.822892
1.99848
0.069264
1.26962
0.697734
1.17082
0.472488
0.700849
0.176865
3.68155
2.84555
3.18692
0.873687
1.91124
0.534825
1.28726
0.195532
1.46196
0.527281
0.405358
0.163816
3.54455
3.13103
3.45015
1.06373
1.3312
-0.0139219
1.70971
0.216881
1.7684
0.165618
0.383002
0.148562
3.40194
2.89056
3.39732
1.2025
1.96694
0.0732144
1.59015
-0.0493262
1.29594
0.055806
0.516818
0.160141
3.35147
2.78714
3.34803
1.33322
2.49619
0.756663
1.96527
-0.0526241
0.857894
-0.199567
0.546408
0.133839
3.25218
2.56154
2.92698
0.86518
2.242
1.03739
2.29165
0.0405726
0.759288
-0.0495448
0.406764
0.115787
