136
1.65784
0.527814
1.37116
-0.160907
0.523877
1.29862
3.08472
-0.0837477
1.16435
0.461271
-0.118495
0.040303
1.57385
1.15629
1.92473
0.659054
0.977911
0.376982
1.43911
-0.331665
0.965952
-0.0521888
0.34404
0.103164
1.48235
0.963914
1.99005
0.27596
1.31293
-0.149784
1.62619
0.299694
1.16332
-0.0957681
0.498631
0.0777577
1.58637
0.999375
1.56941
-0.211142
1.79969
-0.231249
1.71468
0.849349
1.31383
0.00529199
0.506089
0.0412079
2.72401
1.80977
2.03842
1.4995
2.05646
-0.230052
0.204372
0.0783125
0.38806
-0.543535
0.120154
0.0221684
4.84643
2.389
2.42865
2.68385
1.8886
-0.73444
-0.640933
-0.541442
-0.133855
-1.09072
-0.249762
-0.0206338
6.18435
2.51251
2.50344
1.59156
1.89324
-0.678598
-1.05386
-0.84315
-0.585961
-0.95583
-0.42705
-0.0519591
6.41745
3.14384
2.54202
0.0893098
3.15535
-0.52726
-2.13083
-1.5088
-0.466079
-0.641097
-0.420802
-0.131862
6.28727
3.34927
1.83049
0.916763
2.75884
-0.137587
-2.18718
-1.44011
-0.42561
-0.937958
-0.42112
-0.155059
6.4263
3.03874
1.6908
1.11752
2.76518
0.488201
-2.43261
-1.53725
-0.213548
-0.999692
-0.445578
-0.159094
6.44758
2.56407
1.59888
0.913751
3.51639
1.08615
-2.42447
-1.57727
-0.391919
-1.16729
-0.460111
-0.156784
5.97891
2.36293
1.21671
1.57254
3.6892
1.46583
-2.1343
-1.40821
-0.199344
-1.3294
-0.446669
-0.129138
6.37443
1.58515
1.55327
1.41437
4.17228
1.59282
-2.07331
-1.40296
-0.209702
-1.21155
-0.544575
-0.0958426
6.71782
1.0693
1.79404
1.90636
4.28798
1.0428
-2.60512
-1.36985
-0.389521
-0.86639
-0.487415
-0.128777
6.42641
1.09467
1.93409
2.36012
4.26832
1.1231
-3.17717
-1.08909
-0.337386
-0.873092
-0.380418
-0.149953
5.68528
1.72775
1.83324
2.49159
4.13656
1.17389
-3.00656
-1.19334
-0.202282
-0.931607
-0.331397
-0.150875
6.30373
1.11872
2.42274
1.66276
4.35476
1.93138
-2.8331
-1.32354
-0.186824
-1.23535
-0.347102
-0.0654973
6.19052
1.38357
2.21613
1.76681
4.05033
2.31394
-2.40218
-1.15771
-0.335324
-1.50627
-0.306135
0.00364706
6.35875
1.20292
2.63773
1.41338
4.21488
2.13973
-2.15746
-0.926755
-0.599615
-1.60076
-0.282874
0.0234995
6.01366
1.64756
2.39809
0.999299
4.45667
2.1564
-1.87289
-1.28748
-0.517866
-1.46488
-0.227697
0.00600631
6.56065
1.0728
2.58094
1.16334
4.47241
2.06801
-2.14425
-1.18931
-0.679764
-1.21092
-0.257897
-0.0291157
6.03427
1.41891
2.08558
2.14273
4.13612
1.92041
-2.39545
-1.15764
-0.422117
-1.23064
-0.243401
-0.0301772
6.21483
0.602138
3.01067
1.66665
4.57971
1.70971
-2.59036
-1.10812
-0.29217
-1.28699
-0.29866
0.00646962
5.84164
0.55034
3.17024
1.26272
4.9172
1.17307
-2.27148
-1.04724
-0.455703
-1.10114
-0.284522
0.0280435
6.03985
-0.249963
4.35066
0.177666
5.41459
1.67311
-2.48225
-0.590002
-1.01387
-0.728601
-0.213127
-0.0191729
5.80417
0.201693
3.87481
1.12203
4.59861
1.57581
-2.22532
-0.74115
-0.677199
-1.21575
-0.0985517
0.0440554
5.91842
0.361999
3.97984
1.51129
4.20225
1.82095
-2.31305
-0.966741
-0.412167
-1.32463
-0.164306
0.0463823
5.88739
0.902175
3.3592
2.3925
4.13163
1.72702
-2.68397
-0.87522
-0.180173
-1.3635
-0.2176
-0.015649
5.95834
0.593588
3.76061
1.58179
5.23635
0.984263
-2.59328
-0.454402
-0.70662
-1.21751
-0.228968
-0.0467646
5.40435
1.36693
2.98612
1.97454
5.06651
0.719417
-2.46556
-0.361286
-0.684515
-1.27422
-0.128506
-0.0720866
5.89842
0.487866
4.10541
1.2541
5.498
0.736619
-2.89199
-0.239145
-0.747609
-1.21122
-0.286441
-0.0754147
6.01838
0.1152
4.5217
1.41008
5.2791
0.979615
-3.08995
-0.255993
-0.560755
-1.236
-0.297204
-0.0781641
5.54453
0.791468
4.19543
1.68834
5.13508
0.61402
-2.80747
-0.413478
-0.244784
-1.24794
-0.370335
-0.0683538
5.01038
1.43648
4.21579
2.29433
4.46897
-0.392936
-2.59377
-0.111407
-0.0867458
-1.17457
-0.456812
-0.114688
5.27797
1.11897
5.49559
1.89177
4.20368
-0.722802
-2.69469
0.303863
-0.188112
-1.19175
-0.632608
-0.0963838
5.08791
1.58413
4.77321
2.69772
3.339
-0.246726
-2.61477
0.278306
0.0671598
-1.51515
-0.443272
-0.070038
5.18678
1.33954
4.32074
2.86314
3.65611
-0.29026
-2.47882
0.234973
0.0542204
-1.37194
-0.455216
-0.0651469
5.80233
1.15275
3.54951
1.75833
4.20571
0.957857
-1.96112
-0.541916
-0.355483
-1.43253
-0.338166
0.01652
5.8511
1.2679
3.47106
0.71116
4.80413
1.22009
-1.75256
-0.821085
-0.879475
-1.21504
-0.221531
0.0220055
5.56417
1.19549
2.81511
1.82203
4.64457
1.07869
-2.00514
-0.79269
-0.332462
-1.46629
-0.252057
0.0351925
5.58057
1.18801
3.14242
1.2417
5.48553
0.581825
-2.01021
-0.531669
-0.589846
-1.25759
-0.374284
-0.0120794
5.57
1.48351
2.97367
1.18577
5.1694
-0.00646489
-1.9405
-0.41368
-0.603063
-1.20687
-0.477295
-0.0435401
5.98011
0.875946
3.4323
0.796117
5.12498
-0.247684
-1.96568
-0.255088
-0.818667
-1.07272
-0.680682
-0.0133954
6.17013
0.502556
3.13978
0.654699
5.14987
-0.109504
-2.2875
-0.310815
-1.101
-1.13214
-0.562178
-0.00563854
6.18106
0.501296
2.4239
0.899184
4.59402
0.101954
-2.51876
-0.500812
-0.956085
-1.34265
-0.392716
0.0179292
5.93847
0.65272
1.9248
0.906112
4.29509
-0.0178508
-2.33534
-0.749805
-0.864717
-1.33552
-0.344752
0.060154
5.96695
0.702765
1.15062
1.26172
4.1292
-0.397949
-2.21249
-0.949962
-0.806246
-1.09766
-0.325861
0.0700958
6.73121
-0.251215
1.44914
1.14698
4.08349
-0.887956
-2.11579
-0.970668
-1.02972
-0.794328
-0.430797
0.0795711
6.53573
0.0180735
0.854699
1.37583
4.45672
-2.00388
-1.58976
-1.21045
-0.948389
-0.45565
-0.564078
0.116633
7.01689
-0.779122
1.30648
1.27494
4.09573
-2.23754
-1.71507
-0.994429
-1.28291
-0.298668
-0.548618
0.102762
6.5564
0.102764
0.361734
2.02483
2.87326
-1.19676
-2.58906
-0.938705
-0.412293
-0.719722
-0.269698
0.0745488
6.80368
-0.1565
0.70804
1.44676
2.98806
-1.1826
-2.93607
-0.584791
-0.404546
-0.671316
-0.180047
0.0739127
7.30619
-0.666838
1.27281
0.741787
3.21351
-1.22589
-3.1745
-0.185728
-0.503415
-0.632907
-0.0674954
0.0632584
6.72024
0.330537
0.315905
1.30933
2.77062
-1.1057
-3.03077
-0.229724
-0.412426
-0.611291
-0.0685366
0.0940309
6.9208
0.336369
0.096196
1.48356
3.08533
-1.77516
-2.33028
-0.368239
-0.38248
-0.429764
-0.153707
0.112379
6.76753
0.532099
0.205404
1.39191
3.61988
-2.38672
-1.88541
-0.163089
-0.535101
-0.30016
-0.252107
0.116724
6.56824
0.829185
0.315265
1.3682
3.53029
-2.49734
-1.85148
0.0458942
-0.659899
-0.347371
-0.265016
0.11011
6.66155
0.988713
0.0114163
2.01565
2.6774
-1.75777
-1.97919
-0.00397016
-0.614293
-0.477229
-0.0978397
0.105054
7.24564
1.11361
0.0983196
1.54397
2.72739
-0.804916
-2.40458
0.0621811
-0.663176
-0.184652
0.110469
0.0538031
7.84851
1.30854
-0.109932
1.26484
3.18785
-0.289137
-2.39417
0.0334079
-0.490307
0.00948032
0.20201
0.0683008
6.32079
2.00699
-0.0130502
1.87709
2.77951
-0.272039
-1.27792
0.165895
-0.369764
0.186594
0.191474
0.125866
6.25194
2.18797
1.29227
2.00718
2.67493
-0.654906
-1.20014
1.23416
0.210075
0.269203
0.139686
0.0938345
6.22217
2.07519
1.79191
2.6664
2.40286
-1.04828
-0.956924
1.0203
0.577897
0.550327
0.195584
0.080826
6.07344
1.95207
1.21651
2.91198
3.06792
-1.2097
-1.10681
0.884403
0.4123
0.789864
0.255937
0.100736
6.00824
1.80101
0.850155
3.30098
3.43395
-1.35839
-0.653557
0.764308
0.504909
0.655422
0.186547
0.115791
5.95031
1.80603
0.967377
3.62892
3.55134
-1.37281
-0.460431
0.832328
0.44389
0.521594
0.115675
0.103341
6.03101
1.55796
1.08497
3.68692
3.90707
-1.14919
-0.911676
1.27279
0.285242
0.592797
0.119974
0.0832247
5.86753
1.86606
1.04199
3.82812
3.63508
-1.55928
-0.48599
1.04861
0.293312
0.632487
0.132857
0.112401
5.79575
2.06898
1.18146
3.96225
3.36203
-1.63745
-0.104275
0.89547
0.469492
0.559927
0.156992
0.129456
5.7272
2.20417
1.43123
3.707
3.40255
-1.54039
0.170938
0.721406
0.395872
0.622618
0.191071
0.133211
5.9372
2.22613
1.48418
3.7262
3.63949
-0.915461
0.464096
0.705955
0.270491
0.558814
0.227562
0.119715
6.12999
2.55805
1.38497
3.84611
3.69722
-0.546747
0.673525
0.471142
0.411568
0.684914
0.246634
0.0804105
5.91366
2.92127
1.33947
3.57675
3.5602
-0.360785
0.981779
-0.0601297
0.275165
0.731512
0.297536
0.077848
5.94162
2.9668
1.46124
3.06563
3.42667
0.174496
0.857824
-0.166734
0.0892689
0.907453
0.372882
0.0729694
5.59484
3.53463
1.805
2.1924
2.77505
1.1173
0.296558
-0.326732
0.452122
1.17596
0.366126
0.038274
5.63572
3.68828
1.93441
1.9977
2.77503
1.00743
0.176736
-0.426895
0.716916
1.29145
0.392058
0.0402258
5.66046
3.66814
1.65592
1.62744
3.2421
0.787592
0.409746
-0.745369
0.83805
1.33027
0.451855
0.0610931
5.86716
3.20499
0.672748
1.78129
3.28437
0.497692
0.339761
-0.862019
0.8145
1.15721
0.556217
0.0802012
5.59728
2.80474
0.67531
1.89697
2.9138
0.768111
-0.130085
-0.611196
0.4904
1.11374
0.598456
0.095433
5.84486
2.70273
0.513386
2.0599
3.21059
0.334434
0.145932
-0.487197
0.243141
1.14497
0.574567
0.111113
6.13442
2.7331
0.244114
2.19351
3.95613
-0.193489
0.5099
-0.569019
0.335712
1.11004
0.488845
0.136835
6.07761
2.56681
0.59446
2.3381
3.73539
-0.368048
0.469264
-0.620403
0.710369
1.08606
0.458081
0.109769
5.8624
2.70351
1.41113
2.59102
3.1316
-0.182769
0.539815
-0.627519
0.959989
1.19174
0.394965
0.0411962
6.07946
2.30435
1.17214
3.22973
3.35714
-0.869724
0.693163
-0.154279
0.709294
1.30334
0.497112
0.0686779
5.93242
2.15028
1.14897
2.90981
3.11579
-0.822116
0.858841
-0.230555
0.489742
1.39722
0.63124
0.103979
5.6131
3.02637
1.62307
2.18974
2.67776
-0.114631
1.30671
-0.845327
0.835679
1.53232
0.534689
0.0878582
5.47194
3.32001
1.70332
1.82051
3.42669
0.268673
1.26478
-0.831403
0.51399
1.46131
0.400572
0.10294
4.99302
3.33738
1.9728
2.00355
4.97152
1.602
1.24984
-0.73038
0.0780462
1.0451
0.293031
0.0746356
4.67716
3.46542
2.63753
1.99337
5.80762
2.19489
1.10048
-0.567679
0.0901099
0.853434
0.294996
0.0495157
4.51438
3.50274
2.43901
2.16606
5.42745
2.42491
1.13422
-0.596964
0.421902
0.840671
0.315484
0.0416395
4.96986
3.48841
1.79981
1.92939
4.29577
2.27374
1.20375
-1.00876
0.654478
0.873091
0.361454
0.0452762
4.72309
3.3488
2.36962
2.35369
4.1314
2.65123
1.24648
-0.980903
0.177247
0.903469
0.330772
0.0542121
4.84269
3.00633
2.82963
2.05286
3.96873
2.64108
0.930725
-0.324971
-0.144853
0.867974
0.341012
0.049109
4.62008
3.01388
2.5918
2.29108
3.47428
1.45628
1.09547
-0.170369
0.509635
0.729029
0.264152
0.0664856
4.18743
3.15093
2.76621
2.00694
3.11909
1.04972
1.21461
-0.41618
1.05533
0.650891
0.292613
0.107184
3.713
2.46849
2.7578
2.27438
4.3196
1.52442
1.16661
-0.352006
0.703963
0.47116
0.534036
0.110524
3.45484
2.15198
2.61985
1.91748
4.31436
1.48377
1.26908
-0.670014
0.805548
0.433111
0.722197
0.143485
3.53702
2.32792
2.15492
1.08963
3.29772
1.48764
1.691
-0.734421
1.22276
0.560307
0.658388
0.180003
3.44565
1.99058
2.08506
1.43032
3.45836
1.38997
2.28914
0.0856883
1.27155
0.132504
0.48304
0.168441
3.07515
2.23849
2.45724
1.33452
3.67061
1.96803
2.31027
0.66663
0.759786
0.0524592
0.451688
0.138994
3.1364
2.04413
2.17485
1.5848
3.86237
1.61926
1.49411
0.689654
0.882732
0.123132
0.548213
0.109646
3.06776
1.85911
1.57035
1.21508
3.95748
1.30256
0.840475
1.14479
1.14327
0.389798
0.568803
0.0555527
3.32177
1.90095
1.65638
0.915837
3.7178
1.60078
1.11048
1.18743
1.25476
0.390107
0.388965
0.0625104
3.70421
2.23297
2.06905
1.42279
3.07147
1.38213
2.15368
0.818177
1.16439
0.101171
0.260691
0.113704
3.78692
2.14301
2.10093
1.50759
2.60434
1.62595
2.69994
0.201653
0.96418
0.634147
0.15593
0.0917907
3.40497
2.12069
2.06627
0.917216
2.94948
1.81309
2.39252
0.430359
0.723141
0.782865
0.190588
0.105647
3.36051
2.16947
1.79558
0.760767
2.9359
1.36694
2.58821
1.10992
0.699828
0.120937
0.390037
0.12299
3.4104
1.59858
1.79508
0.444881
2.78759
2.04346
2.44627
1.41257
0.607816
0.456617
0.237605
0.08299
3.35257
1.42012
1.98607
0.438672
2.93854
2.19412
2.77239
1.00439
0.747853
0.507066
0.110105
0.104054
3.3772
1.79871
1.83016
0.85089
2.90168
2.18447
3.34816
0.695672
1.11678
0.0889784
-0.00306204
0.12917
3.56151
2.04081
1.82376
0.860801
2.89555
1.62866
2.81602
0.307348
1.3467
-0.0682052
0.286772
0.15022
3.38513
2.04685
1.73695
-0.116654
2.70531
2.24514
2.2508
0.601987
1.11674
0.16598
0.469181
0.140083
3.36465
1.20735
1.38004
0.573148
2.7113
2.38021
2.74089
0.578914
1.07887
0.26813
0.341521
0.129029
3.46749
1.0342
1.41975
0.71758
2.88158
2.28303
2.4471
0.781151
1.39771
0.340578
0.126503
0.0936813
3.38309
1.33136
1.135
0.301728
3.08182
2.56266
2.40345
0.948067
1.39251
0.158881
0.113992
0.0848064
3.1913
1.08524
0.59701
-0.332566
2.97638
3.0156
2.99793
1.22306
1.11147
0.151118
0.0754695
0.0634564
3.06446
1.26241
1.07911
-0.355469
2.93297
2.58651
3.29023
1.26797
1.1867
-0.0818779
0.022625
0.0946768
3.48586
1.54747
1.39061
0.264594
2.40765
2.21509
3.39175
0.45856
1.71084
0.024846
0.0142565
0.113153
3.62585
1.32976
0.754618
0.479422
2.43515
2.78274
3.59254
0.0180029
1.51786
0.37181
-0.0536253
0.0663354
3.52506
0.911222
0.49599
0.311425
3.34618
2.69638
2.86716
0.37471
1.08294
0.578846
0.0603614
0.0660257
3.24238
1.15367
1.2427
0.171103
3.36365
1.96006
2.5692
0.78398
0.932067
0.29577
0.210669
0.112882
2.91286
1.39038
1.39978
0.143713
3.19106
2.40222
3.01308
1.15822
0.84678
-0.088235
0.0133071
0.118879
3.17085
1.53169
1.01142
-0.210622
2.39815
2.02961
3.55347
1.06448
1.04418
-0.170266
0.210504
0.101589
3.26699
1.51836
1.51311
0.184746
1.54635
1.4347
3.49373
0.524323
1.43192
0.0165418
0.418087
0.104683
3.02053
1.16181
1.57939
0.877414
2.08275
1.8058
3.34062
0.179884
1.49453
0.0589267
0.360771
0.116129
2.86998
1.36129
1.54452
0.546421
2.18567
1.71908
3.01116
0.472891
1.26158
0.251372
0.493196
0.091373
2.74749
1.83302
1.70455
0.526913
1.87087
1.16266
2.61608
0.588466
1.50853
0.5072
0.617555
0.0642097
2.72864
2.0003
2.06021
0.827484
2.17662
1.51494
2.26644
0.42404
1.16169
0.512531
0.515956
0.0829257
2.67431
1.43325
2.29111
0.905769
2.47385
1.35423
2.40904
1.21889
0.887103
0.365985
0.337626
0.0753626
2.6908
1.04996
1.62278
0.949418
3.02342
1.42978
2.32348
1.43579
1.00781
0.105263
0.403156
0.0888781
2.4155
1.13176
1.46479
0.497495
2.64098
2.14985
2.81079
1.44271
0.97591
0.0277415
0.282621
0.0644904
2.46855
1.68102
1.41157
0.652629
1.86356
2.33481
3.52669
1.07257
1.0572
-0.111101
0.201196
0.058991
2.38409
1.63696
1.69365
0.875544
2.31002
1.42147
2.7432
0.648021
1.19376
0.299849
0.575617
0.0522062
2.25454
1.55297
2.16627
0.689947
2.74603
0.41607
1.91988
1.28304
1.50362
0.375741
0.663347
0.0393066
2.36017
1.65748
2.30075
0.740469
1.9116
0.499376
2.08457
1.38105
1.82228
0.369787
0.506852
0.0477812
2.45901
1.86526
1.6088
0.363889
2.52938
0.632668
2.05958
1.35238
1.60471
0.49054
0.599664
0.0224269
