107
1.81458
1.07821
2.01934
-0.00624693
1.41884
-0.180493
1.23907
-0.345121
1.23184
0.618681
0.493912
0.0471233
1.92941
1.14613
2.01433
-0.0384938
0.884835
-0.200534
0.85446
-0.290986
1.04561
0.247226
0.376662
0.0700862
2.1463
1.14983
1.95177
0.48724
1.55687
0.0701441
1.0995
0.4428
0.810281
-0.0529964
0.191762
0.0487472
2.24568
1.29915
2.55837
1.50473
1.94942
-0.466223
0.511246
-0.579696
0.541464
-0.327218
-0.0498762
0.0604944
2.92143
2.23189
4.11343
2.35415
1.6652
-0.952494
0.103436
-1.44296
-0.131468
-0.468392
-0.0455983
-0.0352983
4.04609
2.42434
4.55323
3.17972
2.1743
-1.44818
-0.920049
-0.809121
0.382842
-0.89783
-0.520788
0.00942328
5.1248
2.0266
3.69575
3.24442
1.61938
-1.78709
-1.0439
-0.77823
0.234731
-1.18058
-0.569208
0.0253636
5.19231
1.64765
2.71268
3.63461
2.00509
-1.6312
-1.83459
-0.287579
-0.190672
-1.22256
-0.520342
-0.011213
5.71118
0.907364
2.66956
3.64979
2.66421
-1.73156
-2.3683
-0.259949
-0.292416
-1.17477
-0.623726
-0.0393522
6.37331
0.286994
2.71027
3.48472
2.72611
-1.7947
-2.11761
-0.593336
-0.326339
-1.10255
-0.709913
-0.0263019
6.38587
0.453653
3.08551
3.3951
2.2593
-1.4345
-1.52814
-1.06323
-0.249024
-1.17478
-0.847843
-0.00475593
5.60558
1.48206
3.10287
3.61252
2.14183
-1.37537
-1.89488
-0.712153
-0.0187745
-1.44978
-0.724905
-0.012332
5.86917
1.76051
3.02308
2.8222
3.03503
-1.21794
-1.49829
-0.426784
-0.31315
-1.58309
-0.741418
-0.00713848
5.90846
1.89896
3.00988
2.55816
3.21004
-0.50763
-1.42995
-0.28334
-0.307956
-1.71261
-0.715327
-0.0215293
5.66319
1.81952
3.03854
3.20415
2.90439
0.128633
-1.86284
-0.328572
-0.0577849
-1.52657
-0.627676
-0.0560759
6.09045
1.17718
3.41738
3.0566
3.56758
0.0838028
-1.75072
-0.355357
-0.0493552
-1.34213
-0.719247
-0.0611392
6.4149
0.961178
3.69041
2.03062
3.70966
0.95002
-2.02864
-0.285823
-0.0762268
-1.67149
-0.710197
-0.0266627
5.83544
1.75195
2.93339
2.04042
4.13556
0.68583
-1.94131
-0.119546
-0.152821
-1.70054
-0.579423
-0.0598146
5.62812
1.47508
2.85166
2.50439
3.85255
0.823996
-2.06811
-0.424046
0.0966155
-1.6696
-0.550841
-0.0219213
5.98553
0.73082
3.35036
2.35571
3.85014
0.865403
-2.51779
-0.33797
0.00371055
-1.6257
-0.542451
-0.00761846
6.49112
0.1574
3.82522
1.81193
4.37329
0.591175
-2.9233
-0.0119951
-0.429847
-1.54611
-0.455054
-0.0619375
6.1331
0.969603
2.84595
2.0613
4.46601
0.112288
-2.68651
-0.425612
-0.527935
-1.38706
-0.523736
-0.0663391
5.94825
0.832352
3.04644
1.88093
4.55581
-0.092298
-3.16985
-0.388017
-0.528335
-1.39553
-0.460809
-0.0849123
5.93559
0.856976
2.45794
2.37233
4.4539
-0.414564
-3.00308
-0.540391
-0.611153
-1.22967
-0.478023
-0.0771696
6.14087
0.741146
2.17101
2.7949
4.27689
-0.722587
-2.56628
-0.723616
-0.662708
-1.14316
-0.538015
-0.0424601
5.78444
0.71189
2.3095
3.03402
3.58917
0.0426431
-2.97121
-0.736859
-0.368747
-1.39799
-0.44964
-0.0143394
5.97401
0.26222
2.39103
2.66537
3.75842
0.334889
-3.07044
-0.773965
-0.355633
-1.40155
-0.396577
0.00568411
6.06591
-0.00297479
2.80678
2.56249
3.67627
0.408467
-3.29978
-0.914323
-0.217374
-1.42738
-0.398152
0.0203338
6.00433
-0.311225
2.91616
2.13601
4.07436
0.128995
-3.3219
-0.789838
-0.268944
-1.25451
-0.349111
0.00953477
5.63958
0.320302
2.49801
2.29277
4.12042
0.255058
-3.52687
-0.620811
-0.250457
-1.38015
-0.279659
-0.0219223
5.7822
0.408224
2.88555
2.38875
4.33375
-0.120724
-3.64591
-0.457829
-0.318201
-1.35552
-0.38679
-0.0837411
5.91335
0.125678
2.89017
2.47513
4.71323
-0.993801
-3.26483
-0.397362
-0.559038
-0.991689
-0.503691
-0.105674
6.13781
-0.503415
3.59494
1.78672
4.6183
-0.362357
-3.4719
-0.470522
-0.641525
-1.15363
-0.445453
-0.0725662
5.50803
0.40737
2.93342
2.9306
3.38146
-0.263266
-3.95195
-0.487456
-0.1079
-1.45476
-0.418005
-0.0652808
6.17933
-0.786103
3.46236
2.3773
3.79764
-0.610582
-3.85741
-0.525743
-0.214122
-1.17808
-0.433919
-0.0839817
5.80138
-0.250358
2.23555
2.67733
3.70128
-0.480599
-3.31221
-0.640501
-0.183257
-1.03754
-0.415482
-0.0565163
6.41481
-0.959357
2.99806
1.66167
3.94032
-0.0684926
-3.41218
-0.879813
-0.551053
-1.15888
-0.389059
-0.0144441
5.78778
0.371705
1.87254
2.0176
4.00117
-0.389015
-3.21684
-0.952535
-0.729173
-1.25653
-0.313148
-0.0103324
6.2052
-0.0508271
2.27581
1.91637
3.82819
-0.379396
-3.13212
-0.922141
-0.991082
-1.30325
-0.246743
0.0202132
5.85321
0.235001
2.04758
2.56807
2.99461
-0.366558
-3.12583
-0.911108
-0.967281
-1.35836
-0.15441
0.0453817
6.20094
-0.0751165
2.56026
2.73647
3.16126
-1.35687
-3.34626
-0.58956
-0.86996
-1.12913
-0.241539
-0.0278912
5.92009
0.266711
2.55463
3.46376
2.70933
-2.42538
-3.23663
-0.43149
-0.563178
-0.97167
-0.450144
-0.044123
6.07034
0.323499
2.43052
3.08786
2.26865
-1.88384
-3.04661
-0.582222
-0.560376
-1.09677
-0.380839
0.0140379
6.21558
0.391957
1.96579
2.47902
2.76567
-1.96958
-2.71088
-0.512761
-1.02647
-1.05505
-0.216885
0.0602934
6.24074
0.0332348
1.9321
1.81089
3.13036
-2.22408
-2.27309
-0.631085
-1.42363
-0.946883
-0.130279
0.12641
6.18732
-0.117302
1.7746
1.53416
3.16743
-2.45877
-1.86886
-0.8836
-1.55289
-0.83804
-0.13757
0.190717
6.32619
-0.59682
2.15512
1.17835
2.75009
-1.75842
-2.57698
-0.692035
-1.4531
-0.989154
0.0628489
0.171169
6.33304
-0.820821
2.48968
0.662417
2.74366
-1.39836
-3.07098
-0.517541
-1.37722
-1.05575
0.1832
0.158318
6.21758
-0.488854
2.0943
0.76213
2.89453
-1.63229
-2.72308
-0.644004
-1.37513
-0.889507
0.11704
0.171277
6.15456
-0.281549
1.86879
0.961707
2.8547
-1.44938
-2.51697
-0.751023
-1.23434
-0.913972
0.0665045
0.171174
5.87287
-0.114049
1.87055
0.821859
3.0364
-1.30858
-2.35626
-0.802097
-1.11113
-0.938347
-0.0214084
0.155496
6.02186
-0.0241716
1.51802
0.9275
2.71381
-1.05459
-2.51005
-0.774075
-0.851514
-0.895729
-0.020329
0.119575
6.25099
-0.189944
1.41742
0.72932
2.37776
-0.459038
-2.88129
-0.827976
-0.333666
-0.822296
-0.0520024
0.0952227
6.39105
-0.291545
1.09488
0.917385
2.39053
-1.12747
-2.38593
-0.722462
-0.3489
-0.509771
-0.0627476
0.0938725
6.01318
0.513181
0.418439
1.20066
2.38177
-1.89445
-1.95003
-0.45536
-0.464339
-0.318346
0.0187874
0.0984747
5.97169
0.641287
0.27924
1.20281
2.12743
-1.95015
-2.02786
-0.0437522
-0.538563
-0.293939
0.121788
0.120093
6.71393
0.27552
0.398983
1.1957
1.80362
-1.53473
-2.72594
0.570684
-0.359701
-0.37807
0.227757
0.117208
7.06987
0.393673
0.101502
0.837167
2.10322
-1.31975
-2.70722
0.625346
-0.441523
-0.263697
0.315931
0.124955
6.93218
0.762157
-0.77319
0.820559
2.80835
-1.48757
-2.03916
0.111271
-0.27268
0.178339
0.20393
0.132951
6.95276
0.993128
-1.41668
1.30855
2.97827
-1.71135
-0.659417
-0.243801
0.194913
0.1478
0.193656
0.225939
6.35942
1.55198
-0.871841
0.904612
3.50986
-1.58719
0.254687
0.270689
-0.0187333
0.22793
0.052898
0.238391
6.06185
2.35881
0.344812
0.844758
3.18724
-1.58429
0.69033
1.23101
0.0521476
-0.0517509
-0.308361
0.125088
6.19123
2.21274
0.542585
1.51135
2.40899
-1.63718
-0.0650134
1.67638
0.334443
-0.0525949
-0.151175
0.114877
5.98527
2.0242
0.560438
1.48389
1.96677
-1.28956
-0.419063
1.97781
0.357464
-0.0929837
-0.0538536
0.116321
5.95909
2.02465
0.645613
1.43496
1.99264
-1.62997
-0.461653
1.92093
0.428927
0.0994073
-0.000592227
0.117765
5.92711
2.36036
0.743186
0.774389
2.45243
-2.29095
-0.232366
1.61442
0.37213
0.379939
-0.0452115
0.134101
6.0479
2.2383
0.469799
1.13195
2.49965
-2.3973
-0.143811
1.48121
0.466731
0.301417
-0.0650443
0.163177
5.92852
1.99
0.418664
1.95323
2.12877
-2.00095
-0.269766
1.35394
0.67131
0.176284
0.00268425
0.134835
5.88464
1.95871
0.76629
1.86048
2.50262
-1.78603
-0.560629
1.75289
0.330899
0.268673
-0.0296249
0.100762
6.03168
1.77904
0.782265
1.9116
3.14131
-2.14273
-0.404274
1.83261
0.340862
0.408193
-0.108032
0.0972249
6.10611
2.0431
0.684145
1.89894
3.10069
-2.21689
-0.169357
1.76177
0.488128
0.355668
-0.175083
0.112892
5.97073
2.29307
0.922635
1.686
2.61775
-1.90602
-0.334309
1.96016
0.426176
0.343478
-0.102905
0.0908589
6.06505
2.10044
0.758302
1.97865
3.0693
-2.15505
-0.0697409
1.75204
0.381519
0.464475
-0.0993479
0.117292
6.04812
2.02329
0.204927
2.86545
3.23259
-2.35829
0.335285
1.13177
0.970331
0.372011
-0.113734
0.125108
5.697
2.3118
0.958131
2.32771
3.53353
-1.91614
0.382263
1.24622
0.649127
0.395852
-0.240596
0.0909236
5.45288
2.79641
1.84886
1.33762
3.75237
-0.992397
-0.396338
1.52062
0.405657
0.598658
-0.172054
-0.0295072
5.64414
2.5532
1.19288
1.85608
4.13806
-0.611226
-0.319334
1.11233
0.487786
0.673704
-0.190644
-0.0328033
5.4264
2.3348
0.826465
3.20989
4.31366
-0.654429
0.672895
0.345523
1.01109
0.286816
-0.223063
0.00435295
5.2789
2.4715
1.20748
3.32218
3.7739
-0.469193
0.941605
0.460146
1.21786
0.186958
-0.190855
-0.00997226
5.401
2.6565
1.65034
2.92871
2.59718
-0.487985
0.63089
0.855092
1.0246
0.307554
-0.0560464
0.00700083
5.27798
2.84526
1.86931
3.18722
2.36276
-0.789309
0.543212
0.785285
1.14989
0.310737
-0.0263028
0.0239458
5.22811
2.75816
1.97719
3.25141
2.61658
-0.804697
0.729781
0.698359
0.876808
0.431082
-0.0120868
0.025772
5.43871
2.66214
2.06842
3.08564
2.74629
-0.211336
0.322336
0.786103
0.733028
0.610425
-0.00659408
-0.0149116
5.5369
2.63714
1.30925
2.54006
3.07195
0.371406
0.50343
0.520136
0.740721
0.63089
0.0463777
-0.0230268
5.33737
2.66002
1.32717
2.40599
3.40105
0.537873
0.968366
0.813567
0.480489
0.654553
0.0257096
-0.00262743
5.06618
3.14534
2.16231
2.05451
3.00992
0.63761
0.807659
1.15537
0.97378
0.815201
-0.00396697
-0.0231943
4.83584
3.36962
2.32957
1.84677
3.4918
0.997209
0.339651
0.413736
1.62448
0.802562
0.0801395
-0.0234163
4.67633
3.19816
2.1315
2.36483
3.60337
1.06551
1.39833
0.313048
1.597
0.377837
0.08007
0.0206501
4.62159
3.0963
2.20879
2.6934
3.74105
0.542092
1.45626
0.311772
1.11644
0.329727
0.0949837
0.0595479
4.72756
3.21909
2.69187
2.65263
3.6665
0.428864
1.39984
0.471012
0.910762
0.0325272
0.0471315
0.0631183
4.93214
3.58478
3.1606
2.18587
2.72906
0.0568042
1.23785
0.364902
1.01133
0.223739
0.0659626
0.0667219
4.73874
3.47738
3.45666
2.34014
2.28466
-0.172205
1.37573
0.494579
1.50954
0.299113
0.0595808
0.0812192
4.3058
3.13981
2.99514
2.13465
2.45961
0.351862
1.64471
0.336759
1.21928
0.377598
0.0292909
0.0537691
4.11906
3.08436
2.81708
1.95534
2.68817
0.322771
1.31699
-0.307485
1.15588
0.38027
-0.0245441
0.0363765
4.02964
2.77978
3.06933
1.58694
1.7985
-0.471864
0.699535
-0.223642
0.91413
0.105157
0.072758
0.0567242
3.89817
2.20271
2.49423
1.42939
1.50292
-0.635444
0.687783
-0.257763
0.55959
-0.144809
0.295804
0.0652312
3.91574
2.42254
2.34176
1.43335
2.50405
-0.432628
0.586589
-0.290331
0.721468
-0.351526
0.180737
0.0533641
3.86469
2.30643
1.99149
1.45334
3.72477
-0.367049
-0.0824735
-0.526475
0.906582
-0.226656
0.191087
0.0229091
3.76027
2.32805
2.08058
1.23883
3.28906
-0.186978
0.243748
-0.434471
0.764748
-0.309188
0.284629
0.0427125
3.54931
2.14892
1.92549
0.8968
2.82632
-0.49253
0.110511
-0.0609736
0.916025
-0.288862
0.318493
0.0256684
3.41074
2.15907
1.99827
0.801091
2.56735
-0.681608
0.379958
-0.326333
0.640451
-0.372591
0.425771
0.0401957
3.51585
2.16565
1.89631
0.939836
2.46877
-0.629439
0.894396
-0.127958
0.958036
-0.443029
0.235504
0.0428621
3.70087
2.11195
2.01056
0.88477
1.89745
-0.629277
1.10835
-0.146165
0.835353
-0.254126
0.217272
0.0565527
3.63697
2.21771
2.17067
0.584101
1.52182
0.0969962
1.52309
-0.363722
0.775044
-0.387734
0.15444
0.0326705
3.52456
1.80343
1.46766
0.410459
2.35108
0.29759
1.50892
0.247508
0.718683
-0.62414
0.127298
0.0218079
3.41858
1.95061
1.90972
0.695111
2.75471
0.092664
1.1636
0.40651
0.742683
-0.462344
0.233485
0.0427631
3.26682
1.97771
2.41095
0.900055
2.79675
0.0856205
1.33426
0.368551
0.644926
-0.343697
0.373242
0.0799003
