87
3.23182
2.4331
2.2956
1.81866
3.43019
1.93924
2.11711
0.604883
1.27473
0.154327
0.447632
0.136641
3.43992
2.77498
2.66997
1.76207
3.47202
2.43089
2.83133
1.14476
1.29453
-0.0908683
0.278491
0.142611
3.24952
2.4108
2.87968
2.06852
3.51043
2.6126
2.19113
1.36534
1.27406
0.330029
0.0278582
0.119122
3.55652
2.30516
2.82743
1.65118
3.60038
2.69976
2.0207
1.40565
1.32588
0.347728
-0.00455481
0.0991915
3.97161
2.70436
2.39731
1.19243
3.69646
2.52891
2.38351
1.77498
1.26828
-0.00797268
0.0867102
0.0891447
3.84205
2.80781
2.29788
1.51548
3.98313
2.51602
2.87053
1.86875
1.41375
0.0673876
-0.0392706
0.0943559
3.65615
2.11743
2.41507
2.18207
3.76045
2.91646
2.36864
1.37495
1.47801
0.448416
-0.115329
0.0986319
3.83917
2.07034
2.50688
2.41195
3.75505
2.80394
1.80261
1.13239
1.48627
0.55994
0.0195465
0.0820622
4.18046
2.57188
1.96741
1.9477
4.02582
2.47784
1.58457
0.773133
1.18113
0.71321
0.183357
0.0631264
4.78167
1.78425
0.858642
0.815817
3.83517
1.58458
1.9485
1.02832
1.25282
1.11189
0.0645568
-0.00167479
4.97314
0.568443
0.111256
0.405101
3.20638
0.485608
2.58683
1.61204
1.34377
1.01656
0.109384
0.0388774
5.59636
0.255829
-0.604871
0.954534
4.02343
0.332138
1.92068
1.65644
1.56131
0.888371
-0.196083
-0.0514435
6.1074
0.400544
-1.43867
2.00007
5.1282
0.626339
1.5679
1.87137
1.39675
0.631704
-0.456327
-0.100355
6.21514
0.143666
-1.5268
2.08083
5.79651
0.432218
1.47051
2.1154
1.31225
0.604504
-0.601061
-0.0889762
5.96664
-0.0661309
-1.71155
2.18565
5.7651
0.674155
1.29933
2.0159
1.17331
0.433462
-0.596963
-0.065063
6.08863
-0.390581
-1.78014
2.07508
6.42517
0.476564
1.18638
2.01186
1.06396
0.446146
-0.681617
-0.0379828
6.05633
-0.497061
-1.52566
1.02707
6.45477
0.338489
0.926183
2.53076
0.796058
0.675499
-0.643733
-0.0696267
5.93316
-0.549162
-1.58296
0.67783
6.13667
0.472133
1.10666
2.61679
0.664552
0.522249
-0.60235
-0.0471279
6.12909
-0.467331
-1.60737
0.771628
5.95672
0.537744
1.16987
2.54618
0.702389
0.417363
-0.584778
-0.0354829
6.23196
-0.437606
-1.25685
0.445859
5.97052
0.151456
1.24463
2.80628
0.627805
0.53858
-0.627355
-0.049624
6.27943
-0.237034
-1.39189
0.326862
5.9808
-0.0465606
1.23249
2.76807
0.751738
0.632109
-0.725916
-0.0673459
5.91486
0.0670011
-1.21157
0.298374
5.41945
0.375215
0.901416
2.86734
0.774489
0.479917
-0.620243
-0.10142
5.70368
0.181912
-1.11867
-0.0857569
5.00113
0.192514
0.811131
2.94758
0.927651
0.521367
-0.575165
-0.114504
5.73982
0.328401
-1.3912
-0.236408
4.81638
-0.0734906
0.726339
2.97994
1.14641
0.714748
-0.584592
-0.139644
6.17509
0.187418
-1.40185
-0.437914
4.77421
-0.1821
0.790173
2.90254
1.25864
0.757633
-0.581084
-0.141499
6.10407
-0.0125317
-0.883862
0.2189
4.06832
-0.169432
0.716963
2.65288
1.59301
0.595856
-0.523256
-0.155309
6.05288
0.203294
-0.496124
0.827224
3.61194
0.193508
0.609437
2.47466
1.58743
0.377804
-0.505633
-0.158725
6.04419
0.405822
-0.360843
1.12272
3.53735
0.507297
0.851554
1.97911
1.3752
0.115368
-0.489865
-0.0933718
6.3167
0.398174
0.135129
0.565075
3.4185
0.323209
0.634721
1.79004
1.24637
0.237534
-0.343109
-0.0530525
6.03284
0.887053
-0.00909456
0.897412
2.58724
0.707936
0.515735
1.22801
1.48168
0.294064
-0.190886
-0.0506937
6.44449
0.471395
0.120754
1.16218
2.35995
0.647245
0.870605
0.35374
1.55965
0.386496
-0.253488
-0.0332228
6.31693
0.846867
0.0487485
1.25409
2.03549
0.532907
0.433903
0.129593
1.70254
0.503975
-0.0803043
-0.0173002
6.75475
0.997687
-0.131876
1.54304
2.20307
0.185448
-0.15727
0.201351
1.74972
0.875702
0.0184368
-0.0698446
6.48268
1.56761
-0.653342
1.64811
2.80969
0.481868
-0.222145
0.339765
1.51233
0.65678
-0.0240331
-0.079465
6.76253
1.28947
-0.21471
2.13133
2.94895
1.32743
0.660826
0.268805
1.03788
0.178258
-0.176248
-0.0591224
6.16486
1.42624
0.326831
2.10917
2.78381
1.71033
1.03057
0.65181
0.595241
-0.320077
-0.175829
0.036467
6.35869
1.06466
0.591898
2.668
3.06195
1.15601
1.42386
0.84626
0.529658
-0.539235
-0.250914
0.0831976
6.16012
1.00684
1.2692
2.84403
3.21094
0.947366
1.66644
0.906661
0.748287
-0.658163
-0.356604
0.106428
5.40255
1.29588
1.39166
2.96798
3.63614
1.46262
1.15396
1.08686
0.94231
-0.687873
-0.270037
0.0998232
5.11543
1.3789
1.26082
3.29037
4.37824
1.52994
1.51616
1.0139
1.02146
-0.58608
-0.221943
0.108603
4.6373
1.31564
1.34565
3.59955
4.24164
0.521638
1.97956
1.10101
1.1343
-0.156184
-0.242761
0.069924
4.17455
0.747858
1.40505
3.98726
3.47493
0.868258
2.76956
0.812626
0.673808
-0.116628
-0.0328793
0.0757003
3.4235
0.979824
1.4242
3.64046
3.27423
1.54713
2.78934
0.783752
0.0721962
0.0545068
0.118533
0.101046
2.81772
1.44166
1.93526
2.33241
3.73524
1.40531
2.09673
0.0325095
0.534683
0.300437
0.163639
0.0790682
2.85168
1.31355
2.62871
2.01191
2.97017
1.31764
1.94086
-0.234582
0.575434
0.724861
0.146772
0.0425266
2.78236
1.41392
1.78926
2.45487
2.12238
1.53314
2.79129
-0.240253
0.461685
0.670019
0.163968
0.0224265
2.26026
0.853355
2.31429
2.86277
2.43755
2.37404
3.45314
-0.884663
0.211225
0.30178
0.186571
0.0935659
2.32885
0.418011
3.01725
1.81196
2.71242
2.43703
2.73892
-1.24085
0.534907
0.533264
0.0873311
0.131615
2.16197
0.270294
2.886
1.45495
3.52173
2.96757
1.58759
-1.15538
0.427207
1.21725
0.0898816
0.0673077
2.11611
0.384085
2.02118
1.28804
3.26535
2.88396
1.28989
-0.63583
0.351943
1.36791
0.275914
-0.00231557
1.9484
0.741468
1.92531
1.49864
3.24611
1.87804
1.77544
-0.677073
1.44369
0.826758
0.200291
0.0416672
1.57827
0.753807
2.33532
1.30051
3.7379
1.10269
2.13028
-0.653322
1.74785
0.855315
-0.0600158
0.108899
1.57737
0.488284
2.48357
1.7898
3.2084
0.595262
1.77299
-1.02563
1.83991
1.40545
-0.0350338
-0.0222048
1.68189
-0.249099
2.62295
1.98251
3.744
0.994026
1.25715
-0.34995
1.41932
1.18846
0.132369
-0.0428816
1.67692
-0.628198
2.41737
2.15282
4.5442
0.589397
1.21005
-0.00427255
1.45724
0.86756
-0.0052099
0.0350666
1.40563
-0.145734
1.64775
2.78264
4.571
0.106871
1.47753
0.195169
1.64254
0.489458
-0.0918377
0.063886
1.63425
0.0302443
1.62722
3.3917
3.38745
0.0003744
2.19626
0.446881
1.19538
0.222717
0.0553532
0.0866468
2.20731
-0.292611
2.66812
3.02426
2.5243
-1.31112
2.55148
0.558811
1.02376
0.601212
-0.186948
0.0808488
2.3592
-0.0542686
2.10766
3.26332
2.17639
-0.841382
1.88243
0.69291
0.929933
0.733369
-0.255307
-0.0151308
2.7403
-0.313738
1.19891
2.90696
2.64324
0.744147
1.59588
0.614257
0.383623
0.237779
-0.0221278
0.0165798
2.87087
-0.469564
0.987534
2.7768
3.14754
-0.461617
1.14812
1.06511
1.29423
-0.227344
0.0400267
0.0834168
2.7727
-0.293276
1.10283
2.64211
3.49009
-0.526727
0.817137
1.18665
1.38552
-0.131841
0.0466355
0.0596734
3.11196
-0.0962567
1.31698
2.68606
3.58349
0.69778
1.72429
0.405238
0.679885
0.215253
-0.201962
0.0354974
4.09988
-0.357955
1.02467
2.40819
3.62684
0.0747934
1.85626
0.432782
0.947735
0.248669
-0.333326
0.0179385
5.29019
-0.866144
0.47921
1.3485
3.93058
-0.330682
1.12773
0.256423
1.23079
0.300037
-0.411136
0.12912
6.06814
-1.05201
-0.0348796
1.04551
3.88166
-1.18328
0.783737
0.623196
1.21575
0.671264
-0.381823
0.104472
6.34026
-0.564395
-1.00591
1.06873
3.69625
-0.828547
0.310689
0.978387
1.53393
0.517961
-0.289475
0.016403
6.48562
-0.587357
-1.39085
0.728768
3.4848
-0.405676
0.409267
1.11792
1.47454
0.368554
-0.282108
0.0180489
6.80566
-1.46719
-0.664397
0.292519
2.81655
-0.197126
0.554699
1.50648
1.3436
0.263419
-0.360027
0.0150685
6.77193
-1.18481
-1.07255
0.608455
2.62826
0.0838402
0.675722
1.84991
1.3497
-0.0760228
-0.368388
0.0249374
6.94058
-1.54793
-0.77092
0.458457
2.20732
0.701442
1.00588
2.04255
1.23977
-0.316308
-0.36837
0.0720375
6.82036
-1.23074
-1.31024
0.955449
2.38731
0.9079
1.02861
2.03641
1.2142
-0.312904
-0.332321
0.0624262
7.15798
-1.37142
-1.4984
1.44216
2.98178
0.591462
0.832917
1.99311
1.31988
-0.121495
-0.375185
-0.00186001
6.72309
-1.09997
-1.211
1.56408
2.46936
0.891535
0.349164
2.18428
1.56197
-0.123391
-0.473766
-0.0652779
6.66016
-0.638287
-1.44364
1.13895
2.45704
0.526456
0.99087
2.18063
1.5395
-0.218013
-0.555892
-0.0599249
6.56041
-0.293763
-1.30655
0.783452
2.41978
0.497588
1.55817
2.29869
1.49197
-0.394338
-0.609118
-0.02178
6.34833
0.158255
-0.671768
0.735066
2.42623
0.425957
1.75188
2.45931
1.15143
-0.660449
-0.603494
0.0281326
6.51633
0.235794
-0.357
1.20421
2.7085
-0.0582994
2.24097
2.52099
0.784112
-0.776496
-0.573
0.0817159
5.8004
0.270072
-0.724735
2.45344
3.06413
-0.0246911
2.00984
2.54438
1.01384
-0.700866
-0.550613
0.0571694
5.24664
0.632588
-0.411915
2.608
2.56828
-0.160463
1.94859
2.51851
1.33433
-0.632039
-0.450826
0.064896
5.16602
1.06246
-0.39832
1.45762
1.86062
0.22886
1.47594
2.65175
1.60647
-0.575822
-0.437953
0.0115355
4.81105
0.97772
-0.282747
1.43142
1.56628
0.557562
1.26675
2.7823
1.58664
-0.240663
-0.306015
-0.0157041
3.79282
0.708789
-0.247626
1.57287
2.13283
0.463937
2.09914
1.98718
1.60763
-0.590999
-0.217388
0.0102699
3.77552
0.81493
-0.0778639
1.31211
2.20268
0.808784
1.89637
1.24984
1.71622
-0.851523
-0.092338
0.0585174
4.17445
1.07977
0.0083291
1.22305
2.86314
0.544261
0.715186
1.47772
1.49891
-0.209727
0.116239
0.0976863
4.31461
1.32404
0.540363
1.51482
2.93902
-0.329349
0.247311
2.19625
1.48892
0.200763
-0.209773
-0.0036547
3.84564
0.842226
1.24876
1.52482
1.97604
-0.927487
0.622644
1.17898
2.01794
-0.029443
-0.377494
-0.0188228
