98
2.67455
1.6044
1.63736
0.754708
2.36467
0.743841
1.76088
0.2668
0.893773
0.223113
0.464424
0.11156
2.65139
1.52847
1.51988
1.32118
1.97
1.65966
2.02162
0.521015
1.57996
0.339781
0.0613415
0.0648497
3.13381
1.84347
1.81423
1.81115
2.75157
1.97577
2.28817
0.947041
1.8206
0.311542
0.0400867
0.0946421
3.63153
2.60419
2.25909
1.63832
3.89249
1.2748
2.75578
1.32996
1.14057
-0.0444291
0.202295
0.150001
3.52747
2.88628
2.84881
1.89801
3.74244
1.98255
2.85469
1.69541
1.18889
-0.0108196
0.146221
0.1221
3.39391
2.53113
3.06373
2.68024
3.17033
2.48618
2.39339
1.07105
1.4927
0.306939
0.0650782
0.115576
3.66668
2.46211
2.86332
2.40879
3.24713
2.20548
2.32199
1.29178
1.49205
0.437426
-0.0149067
0.0943675
3.85631
2.76702
2.70475
1.91882
3.84391
1.59879
2.07038
1.97568
1.03429
0.357522
0.0284842
0.0741954
3.97429
2.93764
2.96347
1.66561
3.69566
2.14246
2.60016
1.82669
1.61687
0.39551
-0.0817677
0.0742405
3.88837
2.83578
2.59454
1.52362
3.52072
2.54709
2.97913
1.80578
1.93355
0.232684
-0.215465
0.0646683
3.98584
2.77223
2.1972
1.77695
3.59897
2.70785
2.81745
1.63111
1.79228
0.2398
-0.190497
0.0482125
4.10132
2.6438
2.14187
1.37375
3.83406
2.99331
2.37327
1.60448
1.09895
0.537174
-0.128412
0.0377011
5.46165
2.31839
1.04718
-0.242157
4.64227
2.70056
1.84894
1.23605
1.29769
0.769232
-0.0631291
-0.0852904
5.46428
2.06164
-0.293669
0.48108
3.46676
2.29238
1.82547
1.08511
1.34963
0.505622
-0.103755
-0.105819
5.89542
1.54861
-0.578345
0.442757
3.33453
0.916443
2.11493
2.05388
1.17687
0.185166
-0.313293
-0.0262401
5.83828
1.26365
-0.748413
1.32289
3.66842
1.07315
1.32768
2.77387
0.859615
0.301183
-0.354494
-0.0450871
5.83138
0.972635
-1.31604
2.4194
3.87301
1.0873
1.40084
2.21871
1.12298
0.359776
-0.369181
-0.0665638
5.39111
0.824327
-1.39304
2.75477
3.85965
0.755434
1.24363
2.14002
1.3538
0.513596
-0.413707
-0.0973589
5.59665
0.382239
-1.40472
3.24201
4.76076
0.777834
0.770375
2.5842
1.0443
0.454547
-0.515717
-0.0579228
5.59667
0.0823446
-1.54811
3.78596
5.36172
1.12212
0.677406
2.47796
0.742666
0.229306
-0.543268
-0.00317031
6.11279
0.105548
-2.33109
3.5969
5.37897
0.983923
0.642347
2.14197
1.3026
0.240966
-0.581026
-0.0480012
5.95994
0.207504
-1.96709
3.2254
5.2595
0.960138
0.649717
1.94714
1.29431
0.334951
-0.550079
-0.0719433
5.25938
0.462571
-1.15445
3.30063
5.47699
1.35583
0.672436
1.78292
0.801629
0.365415
-0.516812
-0.0398222
5.31918
0.759615
-0.986746
3.42757
5.28925
0.877567
0.874721
1.99867
1.00389
0.318803
-0.607384
-0.0384404
5.30081
0.700374
-0.854074
4.12867
3.13375
1.01022
1.66004
1.45364
1.61605
-0.139018
-0.433024
-0.112458
4.81483
0.556938
0.0228406
4.48061
2.2153
2.00643
1.92307
0.28765
1.77098
-0.20933
-0.38459
-0.12365
4.79327
0.993756
0.156812
4.04554
2.70822
1.6995
1.64508
0.689717
1.85499
-0.355075
-0.402918
-0.0804862
5.55121
1.16801
-0.8139
3.76714
3.80189
0.403596
1.18525
1.56032
1.53938
-0.0372323
-0.45761
-0.0688583
5.67847
1.16846
-0.547495
3.96034
3.3832
0.781355
1.92847
1.11685
1.59013
-0.342904
-0.381659
-0.0924377
5.43432
1.46415
-0.774008
4.48036
4.19466
1.08485
1.9278
1.081
1.4259
-0.293175
-0.323307
-0.0649054
5.33594
1.63616
-1.14894
3.97564
4.25973
1.58617
1.03047
0.924749
1.19282
0.168343
-0.351702
-0.109071
5.29027
1.34776
-1.07896
4.20548
3.1738
2.47484
1.23332
0.692628
1.13191
0.0845712
-0.313716
-0.159255
5.16794
0.852946
-0.1061
4.40405
2.45735
3.6443
1.67134
-0.0712701
1.25212
0.159324
-0.456863
-0.165414
5.49187
0.921425
0.497405
3.89618
2.79383
3.24406
1.30764
-0.534192
1.66228
0.287856
-0.444496
-0.17033
5.41026
1.62821
0.319571
3.12595
3.71633
2.921
1.00404
-0.127671
1.74438
0.150496
-0.33059
-0.169595
5.6302
1.76872
0.0970946
3.61858
3.58942
3.02007
1.22223
-0.26994
1.71904
0.0523763
-0.279099
-0.178127
5.39726
1.92453
0.282728
3.85313
2.65086
2.7121
0.97863
-0.211245
1.80651
0.103784
-0.250268
-0.184818
5.51475
2.03707
0.124159
3.73036
2.94895
1.41831
0.112387
-0.0533577
1.65829
0.100947
-0.158401
-0.130588
5.87034
2.10431
0.306255
3.38293
3.11899
0.458376
0.176789
-0.213397
1.66737
-0.0051994
-0.148603
-0.0814751
6.00612
1.86937
0.702519
2.95635
3.15471
0.481817
-0.0621627
0.0413406
1.49568
0.108723
-0.187771
-0.0432172
6.08561
1.79862
0.709169
3.06645
3.58047
0.212589
-0.466204
0.575105
1.16767
0.461899
-0.129145
-0.0520351
5.69504
2.33471
0.48107
3.17619
3.53136
0.849615
-0.456588
0.681862
0.873266
0.315077
-0.106592
-0.0307179
5.69089
2.10392
0.394465
3.2902
3.77108
0.991228
-0.0209537
0.765127
0.880451
-0.0712517
-0.164266
0.0126853
5.25188
1.67378
0.812262
2.75879
3.78241
1.12753
0.716571
0.346288
1.2433
-0.301176
-0.134717
0.0330321
5.23549
1.10296
0.737265
2.86864
3.86351
2.06317
1.48869
-0.197849
1.31939
-0.211579
-0.163799
0.0270029
4.62316
1.04291
0.646286
3.09591
4.45066
2.80657
1.98629
-0.320493
1.44567
-0.266938
-0.163412
0.0354677
3.60494
1.52563
0.729706
2.80076
4.73421
3.23191
1.84949
-0.147598
1.16657
0.074777
-0.138089
0.0351713
3.2158
1.74428
1.06707
2.20816
4.43184
2.94928
1.4909
-0.287519
0.651596
0.577606
-0.0326829
0.0356693
2.93689
1.1729
1.374
2.61716
4.47613
2.68102
1.50223
-0.0285564
0.23166
0.632724
-0.0185001
0.0623022
2.82315
0.902836
1.09736
3.3174
4.63841
3.03826
1.17933
-0.314567
0.617067
0.662147
-0.0284667
0.0565408
2.60418
1.15172
1.29764
3.07866
4.64336
2.43972
0.996835
-0.521289
1.32576
0.236592
0.161991
0.0407751
2.02618
1.36141
1.3125
3.27453
4.21477
1.8555
1.3295
-0.337244
1.70546
-0.132732
0.231294
0.0559063
1.31963
1.07369
0.769482
3.18492
4.50882
0.154846
2.49692
0.0750525
1.98065
-0.0562297
0.171022
0.130452
0.922822
0.521492
1.38666
2.74509
4.56724
-0.415283
2.5278
0.947171
1.70957
-0.274776
0.450979
0.12636
0.622662
0.580696
1.9218
3.40008
4.3729
-0.271281
2.3061
0.753873
1.33948
-0.0218991
0.477762
0.0957237
0.471215
0.672094
1.68387
3.86136
4.08346
-0.342251
2.5973
0.0437819
1.714
0.556659
0.152919
0.0509903
0.61916
0.103354
1.68827
3.33901
4.40019
-0.172543
2.56156
0.346334
1.45341
0.400472
0.0724854
0.119857
0.805001
0.0101722
2.11099
3.43437
4.04386
0.298431
2.21091
0.402895
1.76356
-0.234736
0.189615
0.184368
0.783538
-0.202184
1.78675
3.51959
3.90527
-0.538698
2.69352
1.12043
1.73553
-0.349688
0.279356
0.171485
0.539588
-0.303199
1.72431
3.32699
4.76848
-1.85641
2.89874
1.75073
1.29212
-0.00857361
0.269964
0.153158
0.489133
-0.317528
2.20285
2.56823
4.92342
-1.60937
2.80882
1.79393
0.849701
0.0294428
0.38164
0.150855
0.401841
-0.620058
2.58894
2.38922
4.1435
-0.38711
2.95384
1.65633
0.694983
0.066371
0.286936
0.173095
0.227691
-0.403564
2.80873
2.37311
3.39362
-0.0492309
3.51211
1.03154
0.751571
0.315634
0.0334333
0.195872
0.600126
-0.0499751
3.2432
1.41391
3.36239
-0.11132
3.05424
1.09458
1.05115
0.232806
-0.0943899
0.215573
1.00939
-0.119549
3.42331
1.78042
2.93344
-0.173694
2.94284
1.36568
0.915932
-0.0368065
-0.174766
0.273639
1.05972
-0.326076
3.73556
1.66195
3.12745
0.289284
2.20378
1.68851
0.630686
-0.172942
0.0596248
0.213602
1.57757
-0.107902
3.15885
1.76116
3.25317
-0.0753507
2.20743
1.34756
0.988157
-0.0583215
-0.0573648
0.183554
2.64096
-0.141217
2.1722
1.85366
3.87477
0.0257713
3.04855
0.593869
0.241551
0.113279
-0.0651563
0.213386
3.54595
0.215442
1.59841
1.5885
3.91965
-0.14148
3.14434
0.512537
-0.355477
0.260584
0.130341
0.207216
4.42433
0.344541
0.784968
1.34444
3.6925
-0.212966
2.70638
0.71585
-0.3608
0.315486
0.161264
0.173417
5.0508
-0.324859
0.788333
0.951755
4.04346
0.512841
1.43339
-0.0267243
0.667468
0.174859
-0.159942
0.17278
5.8461
-0.929309
0.981308
0.2532
3.85855
0.197733
0.809388
0.419266
0.772607
0.46787
-0.349299
0.157408
6.0702
0.0310359
-0.309686
0.281797
3.85274
0.265311
0.59071
1.17075
0.587606
0.0117934
-0.134797
0.121494
6.46185
0.451279
-1.1035
0.73262
3.32406
0.68452
0.596686
1.00822
0.410974
-0.174254
-0.071221
0.123329
6.25387
0.429796
-1.02867
1.05054
2.83661
0.874221
0.563647
1.11243
0.406305
-0.277369
-0.038521
0.124726
6.27055
0.153717
-0.044133
0.995545
3.72776
0.852225
0.255963
1.34337
0.326304
-0.338654
-0.138611
0.0969566
6.19663
0.223652
0.481777
1.22884
3.68678
0.359788
0.423719
2.01992
0.941741
-0.0695329
-0.379739
-0.0390239
5.53477
0.625358
0.969233
1.73126
3.1352
0.13096
0.512543
2.50192
1.33731
0.0496497
-0.4436
-0.0874897
5.88296
0.112941
2.2215
1.22591
2.93007
0.996996
0.47216
1.88792
1.68641
-0.0369174
-0.544263
-0.0712633
5.80797
0.353858
1.75524
1.23226
2.78388
2.12365
0.197339
1.05297
1.95578
-0.346472
-0.647149
-0.0273185
5.53385
0.0653215
1.10999
1.99145
3.69013
2.66085
0.243963
0.491509
1.22234
-0.716295
-0.479672
0.100693
5.18562
-0.164569
0.493662
3.01253
3.77852
2.5597
0.6091
0.773868
0.795852
-0.694351
-0.37145
0.12783
5.34688
-0.588325
0.161346
3.37881
4.51266
1.45583
1.23138
1.20067
0.403363
-0.600444
-0.300677
0.14598
5.62712
-0.707537
0.0782586
3.54343
5.07851
0.712437
1.37863
1.65446
0.250489
-0.567666
-0.323813
0.152817
5.70387
-0.61829
0.715091
3.25025
4.35214
1.25047
0.866226
2.21473
0.208291
-0.698754
-0.233399
0.119219
5.30861
-0.0976945
0.995964
2.83398
3.21107
1.83656
0.989889
2.29721
0.427655
-0.843437
-0.299805
0.119021
5.049
0.382322
1.17885
2.29817
2.82918
1.80364
1.40422
2.35841
0.900647
-0.901341
-0.418479
0.100624
5.25651
0.350174
0.888939
2.36843
2.43809
1.61428
1.63243
2.7021
1.02833
-0.852787
-0.424762
0.104896
5.30689
0.332797
0.732462
3.15431
2.76823
1.12455
1.94289
3.12157
0.796138
-0.705245
-0.387308
0.103183
5.25741
0.36162
1.02798
3.4156
3.33378
0.619345
1.95429
3.3996
0.670826
-0.561907
-0.334502
0.107534
5.11181
0.89802
1.22063
3.27675
2.94959
0.696498
2.58704
3.11422
0.876678
-0.712046
-0.336189
0.128391
4.72495
1.75732
1.59374
2.58329
2.65906
1.33186
2.46398
2.80072
0.947665
-1.11655
-0.195109
0.145841
4.28699
1.78039
2.0303
2.8574
2.91459
1.33059
2.24862
2.33118
1.16739
-0.828326
-0.162477
0.114913
4.30139
1.53128
2.36775
2.4838
2.43433
1.28965
2.3319
1.87322
1.20437
-0.318907
-0.206243
0.057593
3.67452
1.29026
2.20519
2.33702
1.86294
0.464236
2.10742
2.31051
0.821644
-0.146015
0.0694098
0.0873415
3.15401
1.49513
1.89071
2.25939
1.15573
0.00709382
1.97748
2.32835
0.664784
-0.12962
0.258689
0.0800342
3.09212
1.54313
2.14849
2.33263
0.502535
-0.121101
1.90302
2.23455
0.835813
0.0341775
0.0082366
0.0358292
3.3134
1.36776
2.25406
2.70225
2.34584
0.139822
2.04084
1.15169
0.985251
-0.0808479
0.0939608
0.0988288
