92
2.43053
1.49257
1.63833
1.00659
2.61613
1.07054
0.921406
0.484447
1.29793
0.220768
0.361185
0.0706538
2.70729
1.52899
1.74506
1.19216
2.19343
0.80902
1.19031
-0.0718601
1.26768
0.144078
0.334531
0.0974647
2.87018
1.65631
1.62517
0.322289
1.9153
0.98015
1.3319
-0.220342
0.673892
0.366965
0.421675
0.115234
2.70951
1.84906
1.58901
0.96947
2.15144
1.75108
1.68469
0.757074
1.13242
0.513707
0.76368
0.0700002
2.94514
1.79824
2.08245
1.58588
2.62906
1.72901
2.06605
1.33765
1.65347
0.237267
0.265471
0.10791
3.42015
2.15521
2.42544
2.05525
2.61043
1.67086
2.37176
1.01404
1.75862
0.301734
0.143987
0.114027
3.71787
2.5704
2.20773
2.07198
2.98298
2.22678
2.59596
0.373651
1.50267
0.412141
0.15041
0.100054
3.96975
2.75574
2.33716
1.71378
3.74819
2.75881
2.10547
1.23508
1.33692
0.288255
0.124339
0.0889171
4.04935
2.3516
2.48319
1.62002
2.95318
2.62653
2.09527
2.23582
1.35815
-0.000956985
0.0331604
0.0725107
4.09018
2.26716
2.42465
1.80563
2.96585
2.39566
2.37394
2.12347
1.25876
0.192917
-0.0457667
0.0614321
3.85007
2.74285
2.30222
1.95642
3.51104
2.44865
2.62911
1.31004
1.38711
0.335109
0.00133001
0.0863491
4.24336
2.59775
1.95084
1.61362
3.74645
2.40616
3.02868
1.39714
1.27734
0.179758
-0.0495937
0.0876954
4.58198
1.8809
0.836415
0.736181
3.80898
1.7091
1.68868
1.47149
1.19291
1.10987
-0.114631
-0.0754031
5.4197
1.48408
-0.0715211
0.299023
4.75517
0.243506
1.0088
1.74936
1.18113
1.56067
-0.173408
-0.128466
5.70509
1.23787
-0.851542
0.474175
4.83141
0.679727
0.718153
1.79361
1.27255
1.24603
-0.212082
-0.141927
6.02786
0.746987
-0.983662
0.384069
5.24191
1.33481
-0.124807
2.5733
0.867646
1.07037
-0.214242
-0.228317
5.73997
1.06041
-1.10757
0.635827
4.86149
1.34402
0.22186
2.20367
1.04464
0.938777
-0.339749
-0.201204
5.96714
1.0345
-1.57418
1.36979
4.35758
1.24715
0.833822
1.70621
1.49267
0.621171
-0.430519
-0.157592
5.79932
0.570611
-1.27516
1.0756
4.28203
1.4932
0.421139
2.21046
1.27272
0.505396
-0.445744
-0.174066
5.79424
0.621297
-1.25164
0.961863
4.0353
1.35808
0.654487
2.17764
1.31233
0.36887
-0.469011
-0.153346
5.94405
0.643375
-1.29023
1.00298
3.16885
0.919032
1.25278
1.90616
1.77169
0.147383
-0.456888
-0.10104
5.81833
0.97256
-1.23583
1.11532
1.97838
1.21247
1.313
1.76976
1.99554
0.0100861
-0.377194
-0.100083
6.00694
1.19371
-1.02486
1.5882
1.57449
1.46318
1.28003
1.66701
1.767
0.019645
-0.373871
-0.104177
5.93314
1.03909
-0.0350467
2.13919
2.13216
1.78338
1.31497
1.59246
1.47734
-0.0728123
-0.496342
-0.112526
5.60936
0.842733
0.523288
2.35644
2.74035
2.06345
1.86033
0.678157
1.58987
0.0785711
-0.557576
-0.156934
5.70428
0.96058
0.0428512
2.87802
1.93518
2.30066
1.56344
0.227779
1.87507
0.202686
-0.52373
-0.208716
5.56275
1.33902
0.0394588
3.08738
1.94764
2.83883
0.923935
0.683267
1.75518
0.203085
-0.566366
-0.184742
6.28677
1.35673
-0.0297404
3.04174
1.34861
2.24621
1.15416
0.254497
1.76573
0.256252
-0.489555
-0.200042
5.95165
1.36337
0.354123
3.68121
0.962782
2.73331
2.15272
-0.185674
1.42373
0.296181
-0.403575
-0.23728
5.55047
1.34946
0.81803
4.48278
0.645429
2.49297
1.876
-0.0882157
1.54964
0.208384
-0.481364
-0.215299
5.34423
1.35118
1.6589
4.62308
0.614062
1.44121
1.56022
-0.0691624
1.82925
0.560649
-0.454876
-0.23346
5.52316
1.32644
1.94291
4.56782
1.01043
1.11962
1.9224
-0.330736
2.1155
0.488924
-0.500721
-0.242349
5.75723
1.37864
1.51348
4.47933
1.51226
1.36313
1.90778
-0.207947
2.15426
0.16576
-0.539187
-0.224256
5.27686
1.81063
1.95152
4.58306
1.44588
0.786715
0.749294
0.430765
1.99086
0.494432
-0.408365
-0.166772
5.46742
2.01796
2.31569
5.26256
0.714798
0.331303
0.740435
0.023547
1.95154
0.656364
-0.292569
-0.177419
5.16543
2.16252
2.04033
4.83804
1.63071
0.595251
0.537834
0.429697
1.92942
0.43773
-0.294428
-0.128235
4.81143
2.30188
2.04545
4.9957
1.71356
0.408909
0.790669
0.447877
1.76056
0.52404
-0.211377
-0.124765
4.81258
2.0479
2.43684
4.18637
2.59348
0.0750477
0.584418
0.385505
1.67801
0.487064
-0.251936
-0.0739725
4.99014
1.39234
2.42784
3.92629
3.9016
0.0379693
0.286515
0.479347
1.66377
0.290877
-0.339488
-0.0328596
4.50153
1.46298
2.12949
4.26105
3.43425
-0.0418296
0.416681
0.608521
1.7346
0.223659
-0.299833
-0.0318673
3.42445
1.48611
2.33267
3.86505
3.93169
-0.802666
0.513413
1.06074
1.24487
0.154664
-0.232374
0.0469796
2.83873
1.20129
2.92429
2.76655
4.24837
-1.29717
-0.379853
1.56977
1.16243
0.00254013
0.0489975
0.054866
2.83083
0.566094
3.03414
2.63038
2.64396
-1.11492
0.411837
1.44513
1.33043
0.324807
0.00348212
0.0711275
2.70089
1.00941
2.00099
3.40616
2.51665
-0.0248197
0.599213
1.5812
1.06393
0.259201
-0.0796391
0.0376729
2.04428
0.985892
2.91308
2.79376
1.3564
0.228494
0.806173
1.1951
1.40453
0.253053
0.0259514
0.0430837
1.52719
1.05502
2.52171
2.78462
1.32459
-0.181365
1.14464
0.742846
2.06011
0.0828401
0.256822
-0.00697662
1.2801
1.52742
1.57841
3.20735
2.41242
-1.01922
1.33782
1.22007
2.04147
-0.0323056
0.336758
-0.00212102
1.16834
1.46831
1.68722
2.96169
2.30507
-1.47658
1.50815
0.999964
2.21049
0.316465
0.199048
0.0278856
1.21103
1.23914
1.63231
2.65735
1.95993
-0.802757
2.10904
0.372165
1.72639
0.309499
0.397596
-0.0139743
1.24028
1.17883
2.0567
1.99248
2.55855
-0.99727
2.30392
0.310947
1.24248
1.15104
0.357164
-0.0283828
1.27608
0.76855
2.42076
1.83484
3.35917
-0.967877
1.83835
1.07344
0.889623
0.803592
0.406078
-0.0215571
0.988676
0.961747
2.39941
2.62626
3.112
-1.44545
2.09176
1.53755
1.16615
0.168981
0.321539
0.0677563
0.982528
0.54603
1.87063
3.41498
3.33668
-0.969352
2.56698
1.14439
1.26633
-0.0803569
0.0898356
0.166569
0.74752
0.459243
1.64476
3.33057
3.59215
0.429886
1.93727
0.744365
1.21929
0.0918827
-0.0289064
0.165451
0.83645
0.349958
1.78163
3.38525
3.0005
-0.809534
2.03774
1.10672
1.66037
0.0615213
-0.0365022
0.104157
0.55526
0.368311
2.37471
3.22092
2.8504
-1.00112
2.11037
1.59804
1.32012
0.0954286
0.0663976
0.119005
0.345959
0.457641
3.00506
2.35364
3.29543
-1.53282
2.9215
1.46823
1.01505
0.230333
-0.0292005
0.21249
0.560408
-0.0499967
3.74946
1.75217
2.86666
-1.55405
3.09515
1.43506
1.15391
0.372951
-0.137338
0.238312
0.736151
-0.506948
3.60838
2.18326
3.11446
-1.06416
3.02097
1.21593
1.18857
0.460669
-0.317648
0.243695
0.786484
-0.736857
3.18453
3.11927
3.27854
-1.1207
3.01049
1.11496
1.0105
0.461071
-0.240293
0.192109
0.937448
-0.211638
3.22778
3.07097
2.41096
-0.685368
2.98302
1.48892
0.471037
0.269252
0.127443
0.13086
1.31969
0.139471
2.97394
2.62266
2.3548
-0.624494
2.31138
1.18957
0.598235
0.547452
0.117343
0.0343391
1.61206
-0.299317
2.89301
2.50255
2.402
-0.430264
2.43013
1.02608
0.360727
0.587072
0.0723423
0.0288051
1.6987
0.426046
2.42366
1.88239
3.65331
-0.279547
2.23158
1.40706
-0.036864
0.125506
0.197719
0.0970209
2.66006
0.688085
2.32778
0.64751
4.10108
0.279018
2.21007
1.01959
-0.390445
0.391572
0.181001
0.0991385
3.98503
0.289133
1.84634
0.152512
3.6441
1.15059
2.06581
0.153409
0.130428
0.306917
0.0106847
0.142298
4.93747
-0.153967
0.749118
0.585561
3.3411
0.867141
0.722955
-0.371669
1.53748
-0.097567
-0.0714668
0.220953
6.01294
-0.621362
0.0339725
0.733111
3.52564
0.392844
-0.0912936
0.482395
1.12152
0.210828
-0.121104
0.10361
6.51403
0.118981
-1.50834
1.12103
2.94312
0.617735
-0.0225807
1.08484
0.87058
-0.035709
-0.0845055
0.0942959
6.74985
0.177601
-1.78241
0.718574
2.6471
0.559918
0.320083
1.03467
0.737233
-0.0835643
-0.0437236
0.115566
6.88527
-0.233017
-1.35978
-0.0316189
2.78336
0.403577
0.435256
0.798289
0.761415
0.0961575
-0.0677255
0.0805442
7.095
-0.170403
-0.916251
-0.256853
2.38447
1.35547
-0.479165
1.13127
1.09169
0.147451
-0.0388672
-0.0196634
6.27603
0.531374
-0.541497
0.221257
1.82547
1.24488
-0.595704
1.40131
1.60492
0.070616
-0.240071
-0.0659486
6.59967
0.420644
0.305965
0.582184
1.89381
1.1072
-0.65026
1.73908
1.73496
-0.0284402
-0.335036
-0.0735443
6.63662
0.390528
1.04018
1.22967
2.99787
0.329618
-0.377314
1.94384
1.50633
0.0606558
-0.431238
-0.126925
6.3465
0.525446
0.374999
2.46914
4.16002
-0.171664
0.171386
1.85021
1.19254
0.0668332
-0.606692
-0.125613
5.87422
0.643761
-0.396832
3.15591
3.91163
0.0792752
0.336463
2.1729
1.04539
-0.12458
-0.700054
-0.110102
6.1353
-0.0771026
-0.533927
3.46493
4.83074
0.7184
0.7003
1.88777
0.714668
-0.445198
-0.650867
-0.0298109
6.27008
-0.068306
0.103191
2.7275
4.59614
0.758496
1.10898
1.73318
0.648144
-0.505112
-0.607405
0.00628654
6.04164
0.316605
0.492881
2.40258
4.11809
0.727618
1.07201
2.20298
0.741996
-0.512818
-0.62639
-0.0272985
5.7072
0.273758
1.01679
2.46496
2.86017
0.658426
0.852749
2.74512
1.00625
-0.59791
-0.585621
-0.0395032
5.64414
0.230529
1.5573
2.28367
2.03324
0.76336
1.00014
3.17242
1.16998
-0.72959
-0.517511
-0.0139892
5.68983
0.146498
1.13479
2.31475
2.50272
0.243451
1.31669
3.45751
1.11977
-0.533927
-0.498131
-0.0284893
5.45461
0.53733
0.080198
2.19954
2.59464
-0.0521469
1.87296
3.13504
1.37539
-0.424508
-0.471456
0.035685
4.84688
0.789364
-0.0283338
1.69216
2.0104
0.114663
2.42764
2.86383
1.73273
-0.681292
-0.278949
0.0956497
4.57799
0.689762
0.826217
1.98456
2.73743
0.471002
2.75521
2.54329
1.43529
-0.836302
-0.37446
0.138991
4.19861
1.19087
1.60533
2.41539
2.95866
0.815285
2.52132
2.3715
1.15229
-0.517341
-0.298412
0.0975082
4.02835
1.35758
1.31826
1.26928
1.76319
0.255923
2.77512
1.47005
0.81344
-0.101139
0.335622
0.122187
3.51769
1.21155
1.57995
1.21244
2.01055
0.589391
2.33206
1.17285
1.34979
-0.251435
0.225643
0.106011
3.58622
1.21791
1.62665
1.36522
2.51234
0.523454
1.44389
1.26772
1.59149
-0.141468
-0.0616955
0.0737341
4.11384
1.17259
1.62131
0.965793
3.52029
0.247467
1.06333
1.33717
0.925039
0.0364136
-0.0844472
0.0733442
3.77599
1.7997
1.59611
1.1874
3.02122
-0.237607
1.46143
1.39445
1.18405
-0.353906
-0.0539087
0.0818708
