96
2.86431
1.47975
2.24852
1.70909
2.37453
1.14909
2.3786
0.336871
1.12337
0.599323
0.353805
0.109955
3.13185
2.42873
2.05987
1.90853
2.97048
1.71254
2.13883
0.849027
1.51531
0.463668
0.181487
0.0998353
3.43904
2.43452
2.10198
1.91636
3.06902
2.02449
2.49918
0.511782
1.85408
0.517388
0.0785277
0.100857
3.70474
2.36235
2.58203
1.89345
2.50418
2.02373
2.94774
0.727532
1.45583
0.401905
0.160012
0.118639
3.84684
2.84493
3.03737
1.79292
2.78228
1.87361
2.48256
1.61861
1.12924
0.278647
0.230822
0.108182
3.75388
2.88505
2.73813
1.54691
3.08721
2.1931
2.53702
2.1447
1.6305
0.21831
0.015222
0.0767818
3.84277
2.75381
2.47052
1.50452
3.36763
1.94002
2.65998
1.76896
2.05338
0.192028
-0.083215
0.0761891
3.78477
2.66809
2.71587
2.31738
2.8285
2.13771
3.01597
1.18012
1.69409
0.503414
-0.0144206
0.0941734
3.66895
2.92935
3.42901
2.268
2.95509
2.0307
2.6391
1.46599
1.44283
0.457789
0.111753
0.115166
3.69745
2.80834
3.03582
2.80379
3.40553
1.60424
2.11571
1.35203
1.26331
0.35874
0.194595
0.110933
3.94921
2.16237
1.90797
2.67146
2.6799
1.50053
2.21036
0.895022
1.19668
0.687724
0.163602
0.0666297
4.76533
2.16564
0.62405
1.70352
2.62126
1.90706
2.30146
0.867765
1.76577
0.910179
0.0537298
-0.050659
5.42524
2.04024
-0.277571
1.67605
3.17367
1.27219
1.71747
1.57647
1.90636
0.967177
-0.0332363
-0.0945888
5.42953
1.49986
-0.960873
2.15314
3.52604
1.41469
1.48328
1.7485
1.76821
0.870489
-0.0972945
-0.0851213
5.08881
1.5059
-1.16547
2.51618
3.39861
1.80966
1.46351
1.79084
1.62348
0.660246
-0.190284
-0.0795111
5.29598
1.69405
-2.12141
3.36137
3.09595
1.82289
1.65254
1.70093
1.78939
0.492168
-0.16663
-0.114811
5.32839
2.04375
-2.53448
2.99283
3.47306
1.80082
1.78481
1.40837
1.94523
0.391668
-0.176228
-0.138657
5.20355
2.10565
-2.13518
2.89742
3.18382
1.80987
1.7136
1.4773
1.99658
0.368572
-0.221068
-0.15992
4.96426
1.97385
-1.24687
3.39714
2.66733
1.7778
1.46134
2.00728
1.83218
0.659954
-0.371871
-0.157447
4.978
2.29083
-1.52022
3.26612
2.93391
1.80549
1.29145
2.14879
1.72231
0.543158
-0.463683
-0.130307
4.66854
2.66535
-1.34638
2.86391
3.40908
2.27242
1.3326
1.80373
1.59059
0.358194
-0.421437
-0.121947
4.61716
2.99157
-1.05648
2.68528
3.08084
2.02219
1.45515
1.93926
1.7521
0.152422
-0.405368
-0.134527
4.69368
3.04211
-1.22656
2.43565
2.57657
2.21739
1.53248
1.83629
1.31918
-0.300411
-0.2223
-0.0584945
5.15202
2.80682
-1.51671
2.48187
2.75338
1.82331
1.44133
1.75047
1.37479
-0.282965
-0.266169
-0.0376906
4.7661
2.68944
-1.05539
2.96754
2.06921
2.03923
1.70019
1.78533
1.26356
0.199388
-0.240342
-0.0814125
4.35435
3.15194
-0.635049
3.51579
2.00928
1.84167
1.70557
1.40932
2.00931
0.517213
-0.245321
-0.186477
4.36239
3.62339
-0.146414
3.60889
2.22945
2.09446
1.23897
1.4703
2.65728
0.458265
-0.217061
-0.233294
4.61585
3.61756
0.0951663
3.46103
2.71274
1.79223
1.10262
1.31579
2.59507
0.386238
-0.146292
-0.206314
4.7059
3.99843
0.51112
3.35763
2.4253
1.24841
0.473197
1.63929
2.4202
0.980613
-0.166944
-0.146122
4.7633
3.78227
1.01536
3.0522
2.13086
1.3013
0.703645
1.53481
2.10635
0.993423
-0.124932
-0.106072
4.78833
3.83414
0.539788
2.90985
1.97139
1.99514
1.37752
1.03558
2.03842
0.0720985
0.0217264
-0.146826
5.11506
4.11886
0.573839
2.89465
1.94064
2.10198
1.2977
0.634347
1.59465
-0.0683317
0.135492
-0.112897
5.28632
4.4848
0.450912
2.96063
2.05114
1.19547
1.25445
0.760828
1.42898
0.125513
0.120207
-0.082016
5.2165
4.84614
1.28311
2.41597
1.11938
0.889831
2.18043
0.11747
1.31875
0.225833
0.285817
-0.0434307
5.28814
4.60072
1.52667
2.76544
1.79637
0.893165
0.683278
0.0130527
2.06391
0.506609
0.324359
-0.070256
5.55838
4.18501
0.792756
3.38741
1.92154
1.19226
0.860659
0.355064
1.68812
0.357123
0.218958
-0.0906974
5.57541
3.66293
0.588807
3.55455
2.90821
1.04358
0.756959
0.401228
1.45823
0.48088
0.113159
-0.0680893
5.28167
3.43535
1.62096
3.28598
3.25085
0.592098
0.303576
0.228603
1.72884
0.709848
0.0366336
-0.0643045
5.33165
3.21611
1.9703
2.65035
2.90802
0.816369
1.17673
-0.333067
1.63027
0.424623
0.114792
-0.0133099
5.56698
2.53448
1.56406
2.39967
3.16308
0.991956
0.899497
-0.318874
1.26985
0.636871
0.151772
-0.00492187
5.45275
2.25281
1.34348
2.49139
3.55634
0.96077
0.141408
0.299375
0.751999
0.759545
0.223299
0.013553
5.01569
2.31125
1.24288
2.38428
3.96009
1.1736
0.701006
0.0508752
0.85698
0.0589152
0.240961
0.0907047
4.84092
2.24153
1.29285
1.68015
3.98307
1.95839
1.1146
0.474064
0.926394
-0.180847
0.199331
0.0963036
4.75155
1.96605
1.11188
1.0584
4.21208
2.29064
1.06339
0.155478
1.40662
-0.105263
0.177248
0.0785334
4.38788
1.80183
0.73412
0.956611
4.0684
2.28411
1.3103
-0.162198
1.53819
0.169471
0.233916
0.0569385
4.23332
1.26487
0.511594
1.29357
4.45729
2.14457
1.90561
-0.418829
1.12934
0.432416
0.136153
0.0674851
3.87335
0.626298
1.00408
1.86866
4.73059
1.4502
1.87811
0.132583
0.19819
0.774389
0.180961
0.0831604
3.48698
0.75412
1.0154
2.30688
4.17634
0.466055
2.20444
0.0744634
0.443854
0.272867
0.336959
0.150936
3.04055
0.627731
1.4232
1.53096
4.73107
0.0720206
1.19185
0.683398
0.614789
0.52069
0.24057
0.0860208
2.73329
0.289043
2.51953
1.07546
4.74435
0.643192
0.85679
1.2123
0.349123
0.592359
0.119799
0.034696
2.29531
0.589093
2.28208
2.0836
4.27957
-0.42443
0.749857
0.609997
1.25682
0.44152
0.265342
0.0314714
2.09866
0.611006
1.73429
2.09114
4.66353
-1.25057
0.584466
0.915068
1.60688
0.585761
0.27713
0.010714
1.98184
0.231502
2.61827
1.15991
4.1773
-0.897083
0.833882
1.11075
1.31698
0.828095
0.275932
0.0165984
1.49703
-0.222602
2.41217
2.50731
4.57304
-0.23416
1.39082
0.934579
0.872642
0.547918
0.168324
0.0511626
1.45259
-0.124561
2.31542
2.85255
4.52823
-0.187173
1.46628
1.10283
0.985122
0.375258
0.177123
0.0790803
1.3359
-0.281135
2.51155
2.4076
4.82177
-0.720949
1.01315
1.35979
1.22201
0.676886
-0.0516705
0.0177018
1.09797
-0.441405
2.47781
1.98951
5.04873
-0.733471
1.38256
1.2566
0.987734
1.01352
-0.228319
0.0359809
0.971025
-0.483317
2.80717
1.97375
4.77682
-1.50292
1.96223
1.71768
0.849155
0.972564
-0.160824
0.0742739
0.652764
-0.302031
2.40612
2.66356
4.52118
-0.797622
1.62471
1.14815
1.23979
0.842008
-0.100782
0.0109163
0.591679
-0.317291
2.50156
2.72924
3.84799
0.15726
1.83391
0.777431
1.1606
0.511468
0.197614
0.000903126
0.803374
-0.645815
2.58882
2.06126
4.00957
0.72352
1.5109
1.31158
0.917716
0.00763885
0.377173
0.0363778
1.43191
-0.426338
2.90374
1.92651
3.71094
-0.30563
1.05037
1.5042
1.66817
-0.0647179
0.0145806
0.0864173
1.4269
-0.438995
2.37048
2.46019
3.95283
-0.380507
2.12597
1.0075
0.847654
0.324995
-0.0283458
0.112835
1.491
-0.427616
1.6726
2.70661
4.11535
0.76684
2.65593
0.559083
0.0568179
0.254781
0.167584
0.19137
1.88864
-0.758342
2.36639
1.98415
4.01737
0.575613
2.56285
0.528747
0.751954
-0.102242
0.158021
0.247976
2.328
-0.901123
2.42235
1.59007
4.10728
0.973176
2.27326
0.502003
1.02423
-0.168497
0.120941
0.28302
2.32808
-0.630185
1.93684
2.17572
4.6564
1.02496
1.74439
1.12589
0.651136
-0.144553
0.0963897
0.224664
2.47025
-0.279697
1.68737
2.01283
5.0854
0.669081
1.38587
1.79473
0.0571837
0.209418
-0.0514543
0.137383
3.39068
0.174197
1.13843
1.2929
4.47585
0.25664
1.5494
1.62258
0.0120967
0.2867
0.0319774
0.0899048
4.10419
0.543096
0.0985582
1.15736
4.93151
0.548529
1.4706
0.348382
0.845985
0.105336
-0.0817388
0.112015
4.87125
0.292698
-0.324295
1.17966
4.87863
0.540122
1.06311
0.0964156
1.25323
0.143507
-0.185823
0.0931931
5.91147
-0.304898
-0.0579897
0.337114
4.25775
1.2821
0.396042
0.480478
1.05383
0.0480056
-0.19544
0.130536
5.92445
0.167968
-0.622552
-0.130366
4.01417
1.56531
-0.215148
0.82304
0.940825
-0.158294
-0.0267129
0.108036
6.29662
0.229366
-1.63348
0.246827
4.08684
1.12743
0.246938
0.900784
0.728904
0.0697699
-0.0957745
0.0839206
6.44637
-0.249275
-1.54068
0.176494
3.81632
1.7335
-0.253097
1.09922
0.86215
0.12374
-0.0510818
0.0169717
6.67174
-0.547471
-1.2053
0.143149
4.13255
1.42636
-0.392597
1.32279
1.03031
0.296911
-0.121537
-0.0640648
7.25198
-0.750163
-1.14137
0.564063
4.37751
1.23849
-0.288519
1.62606
1.21036
0.33075
-0.233152
-0.098497
6.78318
0.215731
-1.74346
1.18885
3.7187
1.35145
-0.0779761
1.75786
1.30525
0.320143
-0.317083
-0.0828153
7.0314
0.511137
-1.72417
0.723348
3.85354
0.93534
0.493641
1.73587
1.23931
0.246502
-0.369304
-0.0599029
6.50308
0.9936
-1.04704
0.33246
3.14225
0.807776
0.867413
1.76315
1.1219
0.00775132
-0.352526
-0.0288052
6.4576
0.841872
0.143926
0.311928
2.72022
0.675242
0.516339
2.18141
1.29477
-0.1866
-0.433527
-0.0628777
5.66905
0.770836
0.696929
1.323
2.60083
0.783296
0.106304
2.39542
1.78722
-0.122299
-0.501442
-0.100547
5.6719
0.252567
1.04321
1.67527
2.87399
0.447611
0.00529403
2.66353
1.74515
-0.00361637
-0.437807
-0.0891158
6.01785
-0.209658
0.747191
2.74127
3.00666
0.179983
-0.245622
2.83003
1.68749
0.0241464
-0.419105
-0.0738543
5.89766
-0.0912464
0.484324
3.53487
3.65866
0.0200192
0.105308
2.57013
1.3832
-0.0556044
-0.471575
-0.0384928
5.53845
0.245814
0.301428
3.10436
4.08612
0.911683
0.480556
2.41177
0.909961
-0.254672
-0.464488
0.00347284
5.37336
0.472676
0.41393
2.73102
3.59804
1.2928
0.896259
2.79082
0.987529
-0.401629
-0.579753
-0.019263
5.65999
-0.161459
0.412485
2.99717
3.69713
0.900902
1.11471
3.56148
0.977902
-0.451154
-0.56665
-0.0208174
5.7015
-0.309529
0.246853
2.96728
3.4932
0.619402
1.58964
3.55811
1.03366
-0.533976
-0.516732
0.0328198
5.11221
0.548067
0.0339402
2.74025
3.09306
0.448474
2.26205
2.97488
1.18145
-0.620448
-0.489184
0.0887939
4.92089
0.887895
0.297955
2.98688
2.91806
0.0968227
2.37778
2.44617
1.56238
-0.618623
-0.439164
0.0814207
4.79411
1.17064
0.947937
3.3825
3.08165
0.107051
2.34676
2.46417
1.57528
-0.402978
-0.448676
0.0591401
4.45813
1.5882
1.11394
3.17135
2.88834
0.235286
1.74609
2.08599
1.59168
-0.248735
-0.254947
0.0617871
3.49516
1.38587
0.53416
2.83064
2.07324
0.0537167
1.60323
1.78167
1.95764
-0.163981
0.00717581
0.0337898
3.27224
1.21744
0.906122
2.43561
2.02247
0.414843
2.13234
1.53659
1.80807
0.108872
-0.061082
0.0296121
3.48414
0.962933
1.46541
2.4079
2.13589
0.193158
1.87316
1.47716
1.47764
0.109786
0.0375254
0.082772
