88
3.15022
2.54975
2.78587
1.72437
3.39256
1.8676
1.99106
0.6701
1.06036
0.36846
0.29957
0.117643
3.54581
2.66668
2.32194
1.44012
3.83525
1.97211
1.7597
0.891907
1.18429
0.317585
0.250615
0.101441
4.05563
2.75691
2.18934
1.39751
4.38648
2.23368
1.84347
1.3454
0.989559
0.57265
0.0963271
0.0672782
4.00743
2.6489
2.34267
2.05755
3.73589
2.71232
2.3139
1.37098
1.21623
0.724452
-0.0929005
0.0507249
3.75292
2.63603
2.51894
2.59552
3.34692
2.64503
2.58828
1.35343
1.57066
0.400736
-0.100466
0.0753241
3.85231
2.49185
2.59481
2.92884
4.29112
2.11997
2.08268
0.8442
1.49543
0.430876
0.0795369
0.0889902
4.26918
2.82843
2.92795
1.66659
4.17814
1.97685
2.67535
1.467
1.1929
0.588934
-0.0737024
0.0805443
4.19515
2.91007
2.92392
1.7826
3.63015
2.68788
2.65759
1.5556
1.2312
0.683203
-0.0956192
0.0540511
3.91715
2.93219
2.6897
1.93338
3.60578
2.97008
2.23369
1.78319
1.36435
0.563595
-0.111286
0.0508279
4.24408
2.4342
2.44558
1.67335
3.73092
2.93332
2.38499
1.4057
1.27554
0.668789
-0.154465
0.0277134
4.57043
2.03623
1.16196
2.15987
3.83142
2.7813
1.96965
0.894248
1.18071
0.608755
-0.115093
-0.0304539
5.82353
1.41824
0.0983681
2.50558
4.72083
1.64071
2.02619
1.3023
0.864257
0.729713
-0.11056
-0.0628077
5.70122
1.33043
-0.256676
2.51205
4.32079
1.46541
1.30337
1.96657
0.693732
0.826068
-0.163749
-0.0912711
5.84211
0.846623
-0.582986
2.04025
4.87913
1.41474
0.866648
2.22532
0.539392
0.767537
-0.218752
-0.111783
5.71197
0.810473
-0.706576
1.70403
4.69047
1.46176
0.963503
2.01697
0.615677
0.749041
-0.234305
-0.123342
6.16914
0.634018
-1.04488
1.81314
5.04281
1.24028
0.626218
2.31934
0.788752
0.696492
-0.326604
-0.137208
5.99415
0.271164
-1.1594
2.39654
4.54942
1.34454
0.528601
2.40457
0.890819
0.355833
-0.401438
-0.10082
6.17266
0.0204485
-1.29235
2.8831
4.64996
1.27767
0.490179
2.50622
1.03976
0.195631
-0.489638
-0.090211
6.36132
0.266565
-1.21376
2.32765
4.81336
1.15633
0.567177
2.42499
1.04863
0.265895
-0.510984
-0.121889
6.11621
0.45716
-1.11838
2.02645
4.68547
0.913595
0.303377
2.30273
1.12431
0.499785
-0.501866
-0.162711
6.0933
0.639733
-1.15773
2.46729
4.57511
1.22823
0.428397
1.90214
1.19223
0.442795
-0.505436
-0.157263
5.69065
1.2082
-1.36246
3.22077
4.80776
1.72689
1.18791
1.26214
1.08096
0.114751
-0.521272
-0.10194
5.84432
1.40512
-1.48648
3.4481
4.5868
1.24205
1.38439
1.0785
1.26753
-0.181547
-0.49992
-0.0763906
6.32349
1.47174
-1.18917
2.92402
4.19963
0.409638
1.38256
0.955146
1.41832
-0.282911
-0.482083
-0.0436345
6.32394
1.5296
-1.15006
3.25517
3.72679
-0.288545
1.14657
0.556736
1.79578
-0.14302
-0.329936
-0.0813626
6.36768
1.4771
-0.628019
3.21941
3.28211
0.539955
0.976142
0.747302
1.49067
-0.175147
-0.392065
-0.0956881
5.96376
1.17755
0.195119
3.03371
2.93852
1.44034
1.31842
0.33877
1.32847
-0.394012
-0.429875
-0.0570744
6.11449
1.03075
0.0119815
3.16488
2.10412
2.04755
1.39134
-0.253485
1.2013
-0.238287
-0.386313
-0.0921323
6.20543
1.38984
-0.139868
2.94538
2.81902
1.85618
1.26654
-0.481403
1.32152
-0.15182
-0.287515
-0.118106
6.2519
1.32827
0.186356
2.81375
3.40833
1.49444
1.09759
-0.530589
1.29813
0.0312025
-0.268222
-0.102023
6.53107
1.30461
0.161754
2.53591
3.53934
1.96119
0.946598
-0.542422
1.08905
0.0338283
-0.289143
-0.0935325
6.45625
1.61343
0.0283393
2.28296
3.54086
2.03759
0.643608
-0.545452
1.10014
-0.0544743
-0.247996
-0.0773484
6.46309
1.82433
0.269796
1.90342
3.49163
2.0524
0.663033
-0.707247
1.11061
-0.122479
-0.237987
-0.0586359
6.45173
1.87845
0.518635
1.67028
3.13291
1.8857
0.561124
-0.81429
1.10201
-0.077601
-0.177887
-0.0276428
6.58059
1.90621
0.0176664
1.83294
3.58606
1.28036
0.0477731
-0.114725
0.724204
0.0223981
-0.101202
0.000829412
6.42809
2.00687
-0.345673
2.01975
3.56482
1.36262
-0.231854
0.172387
0.611468
0.032761
-0.0700139
0.0193829
6.39752
2.06779
-0.288253
1.9051
3.84435
1.34589
0.473883
-0.32688
0.724605
-0.143641
-0.0501799
0.0426473
6.35531
1.90371
-0.346006
1.65561
3.82409
1.88314
0.731961
-0.563959
0.703935
-0.121457
0.0397933
0.060414
6.14261
1.62479
0.0736557
1.06523
3.74117
2.22916
0.451233
0.267589
0.366549
-0.0593352
0.110847
0.0878846
5.01995
1.53216
2.00153
0.0162735
2.79366
2.29842
1.80387
0.68211
-0.363028
-0.160297
0.278893
0.148518
3.96306
1.1349
2.41576
0.152031
2.3687
1.9334
2.75419
0.79018
-0.975879
0.197164
0.392656
0.0904712
3.13453
1.39812
1.86536
0.973324
2.48865
2.18545
2.42034
0.843067
-1.00465
0.305514
0.492968
0.0690674
2.69402
1.37617
1.72396
0.685305
3.88175
1.34893
1.89425
0.641235
-0.341217
0.149904
0.486242
0.0796891
2.50408
0.81249
1.73374
0.540764
4.6105
1.24813
1.72191
0.314655
0.110114
0.234518
0.26725
0.107012
2.2209
0.493509
1.52232
1.14339
4.3298
1.53325
1.4055
-0.00472225
0.422828
0.559991
0.359416
0.0548509
1.70137
0.257898
1.96085
1.05019
4.76944
0.868376
0.956023
0.568547
0.53044
0.837915
0.432672
-0.0128704
1.49328
0.00212313
2.23052
1.70812
4.93201
0.397408
0.558837
1.35648
0.528446
0.88176
0.227127
-0.0244607
1.17743
-0.398837
2.91827
2.61975
4.95831
0.959017
0.410439
1.26493
0.296905
1.24264
0.194268
-0.0639743
1.46532
-0.691826
3.29166
2.70966
5.11847
0.577038
0.551788
1.05845
0.52364
0.900391
0.195639
-0.0106369
1.2796
-0.754182
3.24274
3.36305
4.74352
0.181627
0.760078
0.934451
1.17489
0.36329
0.176873
0.0666057
0.970448
-0.686847
3.28064
3.57243
4.77385
0.378883
0.535266
0.735004
1.50104
0.522641
0.186914
0.00241805
1.38902
-0.70551
2.23767
3.2804
5.05838
0.393098
0.119627
1.1352
1.63484
0.476202
0.194588
-0.0304649
1.40523
-0.745497
1.55833
3.22421
4.82504
0.616591
0.77379
0.875099
1.58496
0.530775
0.215997
-0.0184589
1.12083
-0.974613
1.78079
3.13329
4.96114
0.839448
1.01023
0.935845
1.40345
0.452151
0.215696
0.0507708
1.35747
-1.44709
2.60582
2.22172
4.83823
0.236203
1.11885
1.8941
0.918109
0.439175
0.0367319
0.077256
1.24486
-1.29004
3.15639
1.32922
4.96365
0.0629416
1.60111
2.01518
0.434105
0.53265
0.0222934
0.130166
1.06241
-1.00873
2.68158
1.53752
5.4942
-0.195086
1.96106
1.7388
0.204603
0.65838
0.0347256
0.162352
1.15459
-0.800614
2.20806
2.20513
5.37629
-1.0055
1.47981
2.07048
0.660505
0.570851
0.0614612
0.0651097
1.54348
-0.743008
2.3493
2.47796
4.49944
-1.17599
1.20767
2.08379
0.817371
0.486283
0.132981
0.0251095
2.12961
-0.587998
1.98333
1.81488
5.06561
-1.16572
1.57752
1.62244
0.742335
0.481684
-0.044517
0.139265
2.39687
-0.330586
1.66191
1.61148
4.68582
-1.44852
2.07079
1.64829
0.53503
0.675689
-0.0525178
0.138741
2.63304
-0.123055
1.29622
1.76977
3.81539
-0.674896
2.32778
1.51439
0.0690469
0.478497
0.199894
0.097303
3.34911
0.0234915
1.30658
1.48237
3.73358
-0.571956
1.95755
1.3756
0.345052
0.312855
0.187952
0.126015
3.85846
0.0904135
1.27083
1.43225
3.67238
-0.557795
1.74279
1.53059
0.605801
0.132811
-0.0843937
0.116241
4.47898
-0.0896554
1.47002
1.41475
2.86253
0.3334
1.62545
0.911066
0.711158
0.0439793
-0.0768077
0.0836047
5.49518
-0.112635
1.22134
1.02946
3.36678
0.697338
0.685209
0.723003
0.767391
-0.00119056
-0.172108
0.0825287
6.09913
0.0878028
0.718164
0.740646
3.5471
0.316422
0.401831
1.12914
0.869691
0.0336618
-0.247697
0.0611698
6.45711
-0.1161
0.490036
0.421849
3.17412
0.260728
0.651633
1.16925
0.848437
0.0675707
-0.232443
0.085916
6.18538
0.484792
0.275287
0.70338
2.21267
1.01026
0.451959
1.1971
0.776615
-0.306237
-0.14815
0.0632008
6.14313
0.423509
0.182167
1.06865
1.93232
0.735696
0.143967
1.29661
1.32151
-0.135818
-0.291217
-0.00715472
6.49579
-0.0933979
0.503899
1.48909
2.33384
0.56901
-0.262418
1.4006
1.467
-0.0301531
-0.359776
-0.0339123
6.26582
0.0427513
-0.344879
2.56742
2.89846
0.125572
0.0383138
1.20394
1.39853
0.0565416
-0.301513
-0.00473784
5.96355
0.0599945
-0.652244
3.10893
3.76836
0.241329
0.0873103
1.26541
1.31155
0.0946332
-0.275448
0.00696808
6.07881
-0.152085
-0.991594
2.99419
4.99312
0.522729
-0.0715129
1.6839
1.08314
0.182674
-0.419895
-0.041152
6.71128
-0.381232
-1.50614
2.66362
5.51823
0.440685
0.236633
1.49561
1.15324
0.135151
-0.54587
-0.0608019
6.58426
-0.338524
-1.68829
2.47636
5.14795
0.805426
0.605357
1.11802
0.845328
-0.151429
-0.493916
0.0007032
6.14914
-0.208934
-1.30894
2.23509
4.64748
1.37307
0.297415
1.21263
0.604211
-0.289076
-0.415267
0.0262753
6.39389
-0.599997
-0.966066
2.08022
4.18289
1.2371
0.305171
1.2945
0.819914
-0.279545
-0.349592
0.0553376
6.54341
-0.680613
-0.668197
2.32752
4.04249
0.904661
0.214133
1.5824
0.963732
-0.265137
-0.366192
0.0461836
6.16303
-0.443563
-0.361843
2.72584
3.53746
1.13223
0.0799729
2.03199
0.973927
-0.421011
-0.432202
0.0340093
6.20836
-0.86539
-0.242177
2.56967
3.13444
1.37915
0.331946
2.41435
1.04073
-0.601444
-0.468516
0.0452257
6.06337
-0.946384
-0.553883
2.12629
2.94387
1.40912
0.996245
2.66606
1.12085
-0.637865
-0.456319
0.0725874
5.894
-0.820028
-0.807081
1.65123
2.63008
1.58312
1.42931
2.8794
1.27307
-0.63514
-0.436051
0.0859522
5.68007
-0.349233
-0.48746
1.05189
2.0943
1.77112
1.49509
2.90518
1.56962
-0.67386
-0.419044
0.0937946
5.43738
0.669199
-0.0419357
0.687314
1.76868
1.56319
1.50498
2.48635
1.9382
-0.637998
-0.342188
0.0757689
4.60561
1.22885
0.616722
2.23062
1.97834
0.926298
2.15616
2.11198
1.57121
-0.299932
-0.227823
0.016406
4.2406
0.936364
1.23174
2.8715
2.65341
0.213857
2.12369
2.05221
1.55131
-0.0234218
-0.390074
0.0113943
3.92803
0.249065
1.37328
2.40626
3.3675
0.34235
1.68332
1.79184
1.38886
0.0452988
-0.246506
0.0728199
