93
2.61611
1.56383
2.14596
1.39173
1.88398
0.956289
2.14915
0.0879947
1.49513
0.437396
0.312971
0.0954797
2.90347
1.7944
1.71355
1.58226
2.76007
1.50168
1.33918
1.08255
1.7053
0.373202
0.265835
0.0687028
3.54426
1.98874
2.13946
1.65586
3.18365
1.61724
1.59819
0.904233
1.5986
0.574356
0.174551
0.0895253
3.94333
2.47763
2.45023
1.09983
3.22075
2.29908
2.90801
1.02415
1.18176
0.66672
-0.0526569
0.0967093
3.68803
3.01758
2.59529
1.64587
2.99272
2.72944
3.33008
1.43311
1.60555
0.2605
-0.165607
0.0790009
3.68931
2.71382
2.23735
2.07359
3.40253
2.57451
2.477
1.43317
1.81452
0.0135648
-0.1125
0.0611196
3.70671
2.63809
2.58423
2.17909
3.57581
2.6385
2.32088
1.3155
1.4908
0.416277
-0.0911942
0.0760822
3.93086
2.57248
3.06324
2.21509
3.41539
2.51184
3.57269
1.10013
1.16886
0.809589
-0.151932
0.0940045
4.16589
2.18687
2.54589
2.35267
2.85505
2.12197
3.16204
0.588153
1.6719
0.495115
-0.116752
0.0587387
4.50267
1.28144
1.31309
1.60628
2.66838
1.94169
2.41228
0.355353
1.63057
0.714678
-0.0486313
-0.00245804
4.9506
0.891235
0.159262
1.57334
3.79794
1.50518
1.90112
1.50289
1.0749
0.756573
-0.0787599
-0.0431811
5.31291
0.464901
-0.871628
1.97648
4.65907
0.796891
1.69562
2.45256
0.756181
0.657478
-0.279664
-0.0272995
5.79783
0.146681
-1.51865
2.8234
5.80398
0.470203
1.67614
2.53838
0.926494
0.414311
-0.47435
0.0398219
5.69585
0.0245463
-1.73058
3.25197
5.39309
0.423752
1.8433
2.36018
1.11236
0.0937164
-0.425927
0.0861359
5.8006
-0.562811
-1.65559
3.49009
5.68799
0.848601
1.52558
2.14773
0.958096
-0.00219201
-0.349091
0.0956156
5.21247
-0.73986
-1.11222
3.55919
6.11316
1.5382
0.985474
2.0151
0.263247
0.0904342
-0.212273
0.125024
5.56461
-0.78935
-0.960418
3.05324
6.94698
1.64411
0.602706
2.25252
0.112583
0.21544
-0.231559
0.0834506
5.3419
-0.351596
-1.11598
2.68432
5.98074
1.67016
0.33474
2.4792
0.278053
0.271826
-0.289117
0.0349341
5.74137
-0.126222
-1.27487
2.69049
5.97415
1.76515
0.46255
2.44251
0.458976
0.252102
-0.388503
0.00324282
5.58542
0.257142
-1.27952
2.89729
5.24013
1.77036
0.958447
1.92201
0.736195
0.159036
-0.384126
0.0163657
5.87214
0.326822
-1.80254
3.09806
5.42302
1.52908
0.876032
1.9886
0.878486
0.1904
-0.474951
0.0055113
5.67661
0.184969
-1.21643
2.50291
5.50617
1.39695
0.470223
2.60424
0.549961
0.237894
-0.495442
-0.0234878
5.4501
0.63345
-1.66733
2.59785
5.09226
1.22234
0.638606
2.51777
0.59343
0.371227
-0.569336
-0.00450487
5.47838
0.744533
-1.67342
2.43886
4.67166
1.43444
0.498855
2.319
0.878293
0.497739
-0.570003
-0.0899515
5.2484
1.05936
-0.522808
2.42945
4.50663
1.3383
0.427763
2.37792
0.920009
0.586578
-0.549176
-0.140033
5.1475
1.79483
-1.11303
2.80682
4.25423
0.948537
0.843237
1.68674
1.30636
0.500596
-0.548605
-0.106808
5.77155
1.17685
-1.5393
2.91013
4.71147
0.85514
0.79697
2.03641
1.0393
0.351564
-0.623124
-0.0792073
5.82611
1.21922
-1.38337
3.40345
4.44861
1.4755
1.10757
1.7023
1.01236
-0.0179578
-0.55306
-0.0597749
5.73565
1.16351
-0.666906
3.38991
4.46923
2.05283
1.16058
1.59124
0.85529
-0.0462827
-0.495143
-0.0605118
5.82364
0.631164
0.179437
3.16414
3.80865
2.55748
1.10143
1.25117
0.864898
0.170346
-0.38811
-0.122389
5.84204
1.0096
0.0100446
3.40165
3.17066
2.77696
1.34382
0.462117
1.12393
0.246507
-0.346804
-0.15331
5.98537
1.50975
-0.649361
3.6632
3.41146
2.51195
1.23492
0.429734
1.14739
0.260207
-0.240929
-0.175902
5.86009
1.80223
-0.423705
3.58389
3.79155
1.85702
0.969596
0.298169
1.27416
0.38879
-0.169243
-0.170836
5.9957
1.90503
0.0466408
3.23023
3.57846
1.33636
0.199536
0.305315
1.23746
0.533829
-0.13888
-0.141218
5.73272
2.41388
0.269904
3.10932
3.60188
1.33312
0.309666
-0.0219636
1.32378
0.421586
-0.0898637
-0.138012
5.58829
3.08439
-0.10194
3.36255
3.94285
1.71834
0.655627
-0.571335
1.32172
0.275025
0.105422
-0.14975
5.38466
2.82041
0.599592
3.25782
3.36377
2.24756
0.29457
-0.670261
1.39851
0.39924
0.0917033
-0.14882
5.50855
2.74433
1.49644
3.19458
2.44375
1.64852
0.148251
-0.488926
1.49055
0.478744
-0.00675013
-0.107742
5.59781
2.93721
1.94744
2.69785
2.06705
1.36326
-0.192748
-0.101234
1.47152
0.461753
0.00455801
-0.0525164
5.50779
2.68623
1.16363
2.12528
2.4187
1.71777
0.207905
-0.0276459
0.887756
0.0531013
0.0958801
0.00274903
6.07359
2.68396
0.591556
1.69297
2.38169
2.03609
0.650573
-0.117234
0.534475
-0.0444204
0.132179
0.0462833
5.36899
2.40947
1.43199
1.61672
2.74649
1.96003
1.12697
0.496726
0.138944
0.11444
0.155937
0.0480918
5.08409
2.23284
1.70814
1.36087
2.43817
1.74401
1.7452
1.05644
-0.508164
-0.117843
0.19863
0.0882821
4.61577
2.6821
1.78216
1.20425
2.23602
1.9523
1.64507
1.37679
-0.856527
-0.274742
0.266057
0.104628
4.04996
2.56713
2.09017
1.84252
2.10899
1.88048
2.02739
1.31757
-0.664068
-0.382561
0.361694
0.0913781
3.38277
2.54545
2.05084
2.08005
2.91711
1.51461
1.66484
1.40742
-0.287258
-0.16605
0.363962
0.0655141
3.3766
2.18923
2.28327
1.93197
2.63596
0.313157
2.53553
0.892921
-0.345946
0.0370074
0.476892
0.105662
3.0647
1.4034
2.52588
2.25678
2.86787
-0.256607
2.62494
0.00163746
0.595231
-0.0438762
0.493058
0.140803
3.08963
0.997168
1.69115
2.49209
3.31655
0.70758
2.72513
-0.133778
0.636653
-0.0168215
0.453383
0.14086
2.96505
1.10573
0.768581
2.39919
2.19048
2.81403
2.57246
-0.0594425
0.291014
0.0515423
0.642901
0.11814
2.37411
1.47552
0.483963
1.88323
2.56916
2.17823
3.06492
-0.186706
0.143555
0.396848
0.792645
0.0983791
2.28489
1.06997
0.988792
1.87044
2.67716
1.62955
2.53764
-0.32807
0.597868
0.909826
0.78747
0.0261916
2.22065
0.491554
1.55477
2.20989
2.67929
2.02304
1.99887
-0.295875
0.548776
1.27988
0.531719
-0.0294211
1.65444
0.464885
1.33381
3.15908
3.52127
1.39043
2.53363
-0.391982
0.508652
1.24249
0.198426
0.0259468
1.54515
-0.0313158
1.35883
3.49301
4.21606
0.700061
2.58243
0.201572
0.843287
0.763996
0.213222
0.10847
1.33562
-0.00288818
1.51768
4.04893
3.88825
0.604399
2.21604
0.173293
1.411
0.721808
0.187466
0.0505035
1.00658
-0.0764145
1.9241
3.40796
3.629
1.34246
2.0584
-0.62432
1.92754
1.02372
0.173475
-0.0406103
0.996926
-0.692303
2.32571
2.94151
3.35261
1.4835
2.1857
-0.640192
2.1296
0.978468
0.0489764
-0.0224109
1.12175
-0.957237
2.57322
3.066
2.72298
1.55898
1.81015
-0.41631
2.17636
0.745704
-0.117123
0.0228851
0.751356
-1.01144
1.69198
2.95695
3.90079
1.10556
2.44356
-0.664892
1.74789
0.753719
-0.103004
0.0629032
0.683278
-1.43994
1.76234
3.28685
4.34401
0.991113
2.3767
-0.973003
1.51851
0.756123
0.0575558
0.102962
0.784648
-1.57424
2.07422
2.92266
3.94628
0.965369
2.58642
-0.562974
1.34587
0.622374
0.00689674
0.12596
0.954142
-1.47034
2.09203
2.83457
3.56153
0.471224
2.77088
0.393966
1.32707
0.412618
-0.0175625
0.0900394
1.2658
-1.1165
1.44884
3.40568
4.07523
0.516277
2.10429
0.605116
1.30992
-0.0393019
0.283473
0.132057
1.65703
-0.853897
1.31396
4.49257
3.87231
0.54695
2.30041
0.11043
1.02888
-0.182509
0.355257
0.176819
2.07346
-0.849043
1.36885
4.14577
3.96497
0.133291
3.02988
0.386983
0.305163
-0.0559612
0.156578
0.237487
2.51121
-0.967286
2.06171
2.86429
3.36376
0.25783
2.68462
0.452709
0.42044
0.337117
-0.0143914
0.119456
3.13374
-0.701343
2.34582
1.48377
2.83456
0.757082
2.37346
0.171353
0.889687
0.349495
-0.0730334
0.12537
3.58128
0.128784
1.42137
0.484091
2.616
0.495632
2.1404
0.612445
0.696537
0.398492
0.325813
0.093986
4.36151
-0.35335
1.21934
0.601276
2.90167
-0.640002
2.0949
0.797791
1.33786
0.591415
-0.0743979
0.142563
5.13184
-0.619848
0.47394
0.967855
3.54281
-0.338241
1.6007
0.712587
1.30928
0.379291
-0.311426
0.111812
5.63357
-0.340443
-0.569517
1.56114
3.63232
0.214055
0.928758
0.52515
1.34195
0.0338761
-0.198832
0.10112
5.94552
-0.13115
-1.69109
2.28188
3.70905
-0.19301
0.9667
0.718021
1.57679
0.0728331
-0.209457
0.0192436
6.51455
-0.390798
-1.74284
2.02114
3.90715
-0.601074
0.99168
1.02789
1.60203
0.175363
-0.362781
-0.00725529
6.54875
-0.0424535
-1.68347
1.13983
3.6604
0.0803405
0.632147
1.49284
1.32656
0.111058
-0.427478
-0.0460602
7.27272
-0.0330404
-1.98828
0.328386
3.82617
0.545661
0.502181
1.80891
1.10084
0.141973
-0.411895
-0.067257
6.79537
0.640733
-2.18456
0.709046
2.92625
0.799816
0.38663
2.21864
1.16145
0.0937376
-0.444645
-0.080461
6.90866
0.964304
-1.71132
0.923424
2.87377
0.47665
0.794234
2.48218
1.33229
0.132908
-0.474114
-0.0978257
6.65771
1.08543
-1.20848
0.927395
2.48948
0.361066
1.22373
2.83381
1.40231
0.0552583
-0.441621
-0.0714842
6.89186
0.513402
-0.725149
1.30254
2.41819
0.0072257
1.24248
3.00952
1.78835
-0.110675
-0.544792
-0.0599496
6.89162
0.611158
-1.21164
1.75141
2.9098
0.0711424
1.10014
3.18459
1.76122
-0.0823277
-0.587193
-0.0573961
6.0407
0.962761
-0.984596
1.86923
2.64178
-0.177211
1.17747
3.32469
1.82201
-0.0530438
-0.622751
-0.0578321
6.25568
0.244145
-0.424191
1.68836
2.85143
-0.00121994
0.898753
3.37791
1.81479
-0.0745565
-0.592799
-0.0821476
6.35193
-0.601269
0.0862417
0.998462
2.50472
0.776512
0.967978
3.1503
1.92354
-0.233833
-0.513378
-0.0424749
6.20059
-0.458815
-0.129852
1.14128
2.33106
1.02178
1.09868
3.06109
1.97422
-0.211763
-0.513388
-0.0393656
5.06546
0.583336
-0.499998
1.74652
2.39431
0.275931
1.61394
3.1596
1.88252
-0.138333
-0.483285
-0.0347395
5.20045
0.668201
-0.0584259
1.72029
2.66768
-0.270505
2.2854
2.85908
1.86972
-0.33402
-0.495748
0.038309
4.91677
0.969231
1.46337
2.1339
2.5858
-0.255101
2.50697
2.56273
1.88812
-0.334798
-0.589882
0.0295076
4.31962
1.29519
1.55255
2.22275
2.38193
-0.0622881
2.22099
2.90528
1.97576
0.100623
-0.525348
-0.020804
3.91668
1.82464
1.00878
1.79971
2.10941
0.633811
1.54527
2.67822
2.2398
-0.162346
-0.283994
-0.0206131
3.85347
1.82194
1.09011
1.78709
2.17687
0.906083
1.63991
1.87206
1.90766
-0.119939
-0.2685
-0.0272133
3.95899
1.60042
1.46106
1.30569
2.61102
0.906667
1.90834
1.49234
1.93078
0.294795
-0.331644
-0.0292365
3.5897
1.33744
1.07294
0.606138
2.72183
1.06065
2.01828
2.01548
1.86605
0.148698
-0.200843
-0.022235
