121
2.9947
1.66604
2.53292
0.717924
0.683877
-1.97833
-0.040405
-1.13037
0.232115
-0.902265
0.07995
0.107051
2.95385
0.996259
2.49722
0.973529
0.516373
-1.35634
0.213334
-1.13548
0.136956
-0.872648
-0.0209282
0.102434
3.04935
0.322543
2.07206
1.14119
0.649758
-1.97951
-0.247797
-1.18019
0.388603
-0.775926
-0.338087
0.0997234
3.11622
0.109569
2.42207
1.61734
0.649621
-2.1296
-0.116153
-0.956371
0.484628
-0.741413
-0.436624
0.106499
3.11237
0.447825
2.08743
1.09842
1.43074
-2.19074
-0.551571
-0.614773
-0.26426
-1.18944
-0.276488
0.0445942
3.39191
0.577343
2.28667
0.563534
0.926228
-2.85467
-1.29812
-1.2355
-0.183025
-1.1605
-0.180986
0.104935
3.55812
0.355566
2.86543
0.238584
-0.33422
-2.17667
-0.531215
-1.9025
-0.0880304
-0.721442
-0.179287
0.175927
3.54389
-0.0226402
2.45424
-0.630839
0.608476
-1.30351
-0.336662
-1.82529
0.383381
-0.481515
-0.517765
0.193182
3.5153
-0.0346429
2.45338
0.445703
1.48336
-1.16291
-0.403735
-1.84799
1.1643
-0.482633
-0.522727
0.214076
3.56247
-0.215106
2.74015
1.19939
1.36334
-1.60245
-0.43604
-1.4722
1.05907
-0.386737
-0.443767
0.164886
3.50363
-0.626092
3.11283
1.12688
0.604526
-2.41037
-1.1449
-1.17004
-0.0660137
-0.526903
-0.0683318
0.151164
3.49052
-0.281913
3.28547
1.52198
0.347844
-2.37868
-1.07246
-1.38293
-0.172633
-0.845539
-0.0723418
0.119797
3.35378
0.0721231
3.86755
0.64171
0.707251
-1.22972
-0.664095
-1.26325
-0.188513
-0.922124
-0.277673
0.113562
2.86817
0.454828
4.3309
-0.788413
1.12368
-0.769122
-1.09801
-1.01214
-0.211878
-0.561307
-0.282449
0.111017
2.6919
0.80872
4.29609
-1.02929
1.45703
0.192636
-0.684733
-0.33547
-0.111552
-0.443887
-0.262024
0.0860573
3.21837
1.82723
3.31438
1.23409
2.78003
1.46092
0.328444
0.533565
1.03209
0.0197387
-0.0877454
0.0403483
5.18317
2.44865
3.7927
1.5615
4.82703
0.410503
-0.566297
-0.395432
0.708654
-0.423804
-0.290763
0.0443265
5.80215
3.12062
2.30143
1.51017
4.73657
0.278998
-0.920831
-0.0235579
0.0451644
-0.701308
-0.330363
-0.0724614
5.51311
3.32446
2.54715
2.30123
3.84354
-0.0337443
-0.953305
0.0667084
-0.530424
-0.538961
-0.262881
-0.0775541
6.05708
2.99076
2.93714
1.689
4.32278
0.135002
-1.01514
0.0649283
-0.902108
-0.436896
-0.26698
-0.113954
6.08258
3.12114
2.07878
1.6455
4.99697
0.671975
-1.00676
-0.220648
-0.686621
-0.397811
-0.306046
-0.137276
6.35759
2.99624
1.81564
1.69391
5.30333
0.885231
-0.926863
-0.7428
-0.648809
-0.391622
-0.343561
-0.139242
5.93973
3.0386
1.54519
2.13423
4.65851
1.26247
-0.904428
-0.484313
-0.71863
-0.618726
-0.235149
-0.101886
7.12157
2.02423
1.98261
0.884878
6.27853
1.08063
-0.893668
-0.344712
-1.11216
-0.24926
-0.445779
-0.141277
6.19356
2.98479
0.95416
1.61512
5.33546
2.07247
-1.09547
-0.634411
-0.540877
-0.553412
-0.203877
-0.149244
6.10211
2.87579
0.861461
1.68585
4.92111
2.31561
-0.811833
-0.565127
-0.41643
-0.68133
-0.190758
-0.11273
6.84586
2.67955
0.967289
0.957828
5.82987
2.27729
-0.539134
-0.634909
-0.755925
-0.617074
-0.34844
-0.13237
6.35179
2.78024
0.813006
0.978081
6.06751
2.36183
-0.868313
-0.344624
-0.666518
-0.49484
-0.224683
-0.165027
5.96529
2.83948
0.790207
1.4223
5.7964
2.21318
-0.631174
-0.107558
-0.490152
-0.405868
-0.193575
-0.138521
5.35626
2.7385
1.07812
2.18201
5.02092
2.16099
-0.299905
-0.174208
-0.221806
-0.203202
-0.0585686
-0.0988415
6.42774
2.02275
1.81445
1.82369
6.90247
1.22855
-1.23815
0.0985396
-0.679999
0.400843
-0.167815
-0.212989
5.5936
2.16437
1.66679
2.19598
5.95378
1.48569
-0.739759
0.631687
-0.631429
0.176239
-0.0941107
-0.143618
5.07758
2.62196
1.76754
1.95322
5.83507
1.67207
-0.734416
0.453326
-0.777564
0.194877
-0.0129192
-0.151847
5.34038
2.77198
1.66335
1.78754
5.94556
1.5443
-0.609224
0.41445
-0.819639
0.102192
-0.084427
-0.142232
6.49519
1.82067
1.8456
0.999132
6.8118
1.57644
-0.388922
0.360782
-0.916807
0.116005
-0.218891
-0.129213
6.25559
1.88932
1.23048
1.51557
6.69764
1.56747
-0.700142
0.156901
-0.675371
0.283881
-0.160722
-0.154604
5.66087
2.43008
1.01856
2.31497
5.27091
1.66713
-0.575395
-0.189751
-0.406228
-0.174688
-0.149808
-0.100811
5.80476
2.88627
1.20653
2.00158
5.02248
1.61766
-0.446889
-0.261974
-0.789354
-0.61761
-0.201792
-0.0723531
6.77518
2.79874
1.04387
1.18039
6.72455
1.25626
-0.802842
-0.488791
-1.2718
-0.280173
-0.48461
-0.157188
6.14629
2.86405
0.763094
1.86276
5.98826
1.53293
-0.962431
-0.526595
-0.821208
-0.476507
-0.342194
-0.135898
5.86232
2.87382
1.07746
1.86257
5.8629
1.3918
-0.894748
-0.157129
-0.904132
-0.546503
-0.310123
-0.121473
5.53372
2.99461
1.72435
2.3256
5.50921
1.36859
-1.4423
-0.278086
-0.62657
-0.460124
-0.206771
-0.183819
5.80254
2.861
2.34239
1.54565
6.48097
1.14465
-1.87047
-0.120909
-0.630747
-0.218857
-0.236638
-0.281573
5.1591
2.84083
2.02126
2.45321
5.42492
1.25999
-1.66018
0.0900955
-0.1076
-0.228977
-0.185337
-0.218389
5.7059
2.70422
1.96465
2.40174
6.48276
0.860576
-1.512
0.215318
-0.291296
-0.0927647
-0.366992
-0.221742
6.06051
2.40227
2.46007
1.57223
7.5549
0.82277
-1.15371
0.240317
-0.643421
-0.144864
-0.490575
-0.18343
5.70742
2.65627
2.10226
2.26329
6.43497
1.31148
-1.2729
0.0864852
-0.219169
-0.580518
-0.292953
-0.15723
5.41642
2.88262
2.12014
3.42849
4.83446
1.38716
-1.39035
-0.419758
0.217766
-0.510305
-0.27357
-0.170668
5.94423
2.64628
3.12417
3.56983
5.40078
0.918592
-1.70994
-0.553493
0.555773
-0.208584
-0.510434
-0.248501
5.28594
2.93512
2.82188
4.37125
4.83681
0.328438
-1.63073
-0.511372
0.55708
-0.134456
-0.511269
-0.234369
5.37626
3.0295
3.23034
3.88366
5.06513
-0.857592
-1.48651
-0.23917
-0.232329
0.137251
-0.595438
-0.202972
5.27322
3.50138
3.66045
3.6564
4.62611
-1.03355
-1.66108
-0.194139
-0.591855
0.257735
-0.600532
-0.193285
5.25402
4.02493
3.66222
3.94695
4.32667
-1.24952
-1.56401
-0.516923
-0.362349
0.265293
-0.642056
-0.141154
4.8572
3.81913
3.74828
3.73655
3.93444
-1.07112
-1.3382
-0.428272
-0.369063
0.150904
-0.516865
-0.104229
4.78432
3.87041
3.593
3.75894
3.97429
-0.976296
-0.911703
-0.287475
-0.311559
-0.0636315
-0.457995
-0.0850551
4.84546
3.96133
3.46348
3.52046
3.38015
-0.184249
-0.320935
-0.242161
-0.497265
-0.207406
-0.224707
-0.0614526
5.01499
3.9566
3.27993
3.29527
3.29775
-0.0500649
0.253342
-0.350732
-0.522912
-0.166999
-0.137956
-0.0297359
5.0939
3.89959
3.59512
3.61001
3.76613
-0.954113
0.298979
0.522799
-0.467817
-0.16736
-0.280269
0.00131943
4.58942
3.84433
3.69214
4.26004
3.07406
-0.320801
0.617507
0.849115
0.0452693
-0.388299
-0.0862474
0.0135058
4.5058
3.36783
2.96224
4.31507
2.83292
-0.110729
0.664653
0.694307
0.323758
-0.780304
0.131013
0.0631341
4.72445
2.78897
2.79256
4.32522
2.66554
-0.173664
0.41175
0.660697
0.548371
-0.875375
0.160656
0.12768
5.15314
2.22097
2.40018
4.22338
3.20425
0.102403
0.191695
0.28042
0.314707
-0.65029
0.204314
0.168058
5.35943
2.36061
1.74713
4.20133
4.23945
1.03988
0.145029
-0.119583
0.0956774
-0.294419
0.266305
0.120746
5.92008
1.98611
1.1547
4.59922
4.74553
0.998263
0.348052
-0.661627
0.454928
-0.138932
0.249859
0.110302
5.54512
1.61811
0.951636
4.0748
4.67558
0.750802
-0.59623
-0.600052
0.69592
-0.0533489
0.304534
0.150399
5.27401
1.66862
0.856961
3.9614
5.01324
0.707002
-1.14849
-0.202524
0.69568
-0.0128475
0.309564
0.147017
5.08074
1.65513
0.663631
4.04832
4.93672
0.891339
-1.12935
-0.0758989
0.745934
0.0614151
0.393707
0.150726
5.57857
1.34711
0.59593
4.42152
5.03354
0.929941
-0.409584
-0.358
0.68107
0.168615
0.366293
0.151103
5.30498
1.46051
0.880296
4.04059
4.69609
1.34025
-0.29731
-0.583239
0.760756
0.189271
0.448536
0.129975
4.83598
1.45802
0.784732
3.97955
4.2536
1.04097
0.0450992
0.0207338
0.721315
0.152921
0.512458
0.156563
4.6467
1.09114
0.958284
4.27413
4.18646
0.425864
0.388293
0.487414
0.535497
-0.11454
0.564336
0.232251
4.91066
0.513504
1.40301
4.62562
3.64583
0.0359276
0.614268
-0.260707
0.737944
-0.179455
0.613198
0.254401
4.89038
1.16055
1.5342
4.16648
3.67497
0.328341
0.515824
0.0915841
0.483575
-0.204605
0.488969
0.209007
5.16542
1.56858
1.40863
3.56208
3.69394
-0.078903
0.635509
0.739559
0.445599
-0.183656
0.292165
0.215304
4.98147
1.39789
1.70499
3.69952
4.24304
-0.236298
0.021772
0.279852
0.2816
-0.0988851
0.42875
0.225757
4.59071
1.80801
1.8529
3.58925
4.19181
0.29058
0.0387488
-0.08914
0.481736
-0.100813
0.507875
0.166527
4.62865
2.23314
2.20891
3.53475
3.92296
0.42118
0.985031
0.25855
0.560964
-0.445836
0.370564
0.174729
4.33063
2.45812
2.68052
3.62317
4.08681
0.301939
1.55154
0.7922
0.649004
-0.619155
0.365549
0.183593
3.93574
2.62782
2.85528
3.21064
3.60598
0.834292
1.36345
0.950756
0.807423
-0.211246
0.35712
0.109899
4.08061
2.61306
2.47218
3.24732
3.73857
0.799651
1.04735
0.245071
0.781568
-0.058997
0.388417
0.0937738
4.18441
2.18749
2.33803
3.4092
3.87676
0.273191
0.827687
0.0405969
0.472164
-0.0725931
0.498799
0.136566
3.94547
2.36366
2.70864
2.82536
3.24052
0.116898
0.900189
-0.041396
0.724825
-0.0430315
0.535845
0.140874
3.84444
2.96252
2.8052
2.24767
2.80157
0.266436
0.918964
-0.278707
1.0798
0.105557
0.486451
0.122971
4.04453
2.85806
2.91046
1.98571
2.77847
0.0384411
0.939688
-0.40772
1.13263
0.013739
0.496233
0.165893
3.83975
2.98101
2.93336
2.25968
3.07059
0.198742
0.888636
-0.0125792
0.970976
-0.0845083
0.489972
0.123541
3.87044
2.99427
2.88813
2.31761
3.53175
0.794236
0.613802
-0.84809
0.597113
0.183281
0.520374
0.0953158
3.67128
2.90179
3.10465
2.25026
3.38782
0.811579
0.377742
-0.994261
0.396873
0.464202
0.568762
0.0901087
3.44129
2.90219
3.1945
2.39683
3.1705
1.48237
0.788189
-1.13965
0.800938
0.690495
0.427383
0.0746754
3.20342
2.73683
3.53956
2.79901
4.01423
1.72561
1.02289
-1.17873
1.01213
0.641505
0.378763
0.0388773
3.42308
2.83557
3.12563
2.56334
4.02533
0.96725
0.904405
-0.277734
0.767584
0.115351
0.504419
0.061728
3.37591
2.28313
2.63575
2.83663
4.36125
0.744254
1.13146
-0.0870966
0.896985
-0.0223672
0.578755
0.0881785
3.14725
1.74787
2.72319
3.29319
4.94249
0.604714
1.26513
-0.262155
0.796741
-0.14086
0.748654
0.0948689
3.0589
1.54202
2.81384
3.00332
4.88889
0.284059
0.743443
-0.341908
0.565677
-0.303665
0.70321
0.0574856
2.8855
1.82729
3.01273
1.64312
3.15596
0.10564
0.22031
-1.15027
0.255594
-0.00648937
0.542677
-0.0163926
2.8832
1.68156
3.1424
1.79576
2.327
-0.160097
0.503815
-1.55579
0.320705
0.0539235
0.264615
-0.0281913
2.78977
1.7058
3.16225
2.3198
3.41645
0.875065
0.912772
-1.40145
0.157213
0.0695657
0.22129
-0.0457645
2.73185
1.51595
3.31002
2.73136
3.81542
0.956526
0.903694
-0.455641
0.188897
0.200949
0.265844
-0.0262487
2.64545
1.5607
3.34749
2.94875
3.90179
0.121041
0.929765
-0.194228
0.745856
0.135952
0.424277
0.019366
2.51886
2.04496
3.51961
2.09708
4.08029
0.283242
1.00512
-0.232514
0.691554
0.280073
0.581584
0.0314781
2.3134
2.28811
3.91579
1.49585
3.2553
0.743644
1.08211
-0.475546
0.606245
0.597575
0.618089
0.024442
2.48226
2.01486
3.90686
1.45477
2.26365
1.22515
1.25002
-1.063
1.08854
0.939116
0.444305
0.0765983
2.79858
2.01777
4.14215
2.0699
2.7597
1.14379
1.28222
-0.176213
0.850108
0.614719
0.256624
0.0693144
2.50743
2.02455
4.30503
2.1335
2.92939
1.48581
1.75709
0.269303
0.647394
0.452623
0.251982
0.059331
2.61237
1.62284
3.86795
2.56013
2.88808
0.145568
1.398
0.320382
0.930403
0.255501
0.465498
0.0843211
2.75271
1.5797
3.59727
2.05095
2.78537
0.231049
1.62199
-0.155948
0.908713
0.1648
0.690512
0.110745
2.74288
1.49326
3.19733
1.74495
2.97793
-0.0130022
1.35854
0.838031
1.31184
-0.133942
0.433233
0.137085
2.44896
1.93603
3.14168
1.80368
3.61861
-0.92654
0.733443
1.51796
1.33205
-0.220966
0.407405
0.111003
2.50756
1.95656
3.1489
1.51936
2.86012
-1.15094
0.821143
1.28801
1.20596
-0.00726252
0.653561
0.113624
2.32181
1.34071
3.07859
1.39985
2.2329
-0.100674
1.54931
1.09315
1.24312
0.229237
0.381488
0.0808043
2.03342
1.01662
3.3393
1.26454
1.65496
-0.0495245
1.85886
0.922544
1.58229
0.296665
0.126524
0.0980689
2.30595
1.6321
4.01403
1.19802
1.06934
-0.306246
1.45056
0.591975
1.56
0.259833
0.314639
0.138482
2.67595
1.70044
3.86739
1.75216
1.25403
-0.431529
1.22602
0.270262
1.6954
0.349915
0.199266
0.159211
2.58311
1.64199
3.45421
2.48035
1.65856
-0.663895
1.68201
0.0312205
1.6909
0.138579
0.303409
0.132534
2.32258
1.47062
2.93129
2.17611
2.19217
-0.698204
1.41474
0.481056
1.70236
0.240241
0.491977
0.0922144
2.22203
1.46998
2.91021
1.63526
2.4655
-0.579362
1.31407
1.0796
1.82607
0.0920839
0.493591
0.0971456
2.15998
1.49821
4.00785
1.63469
1.59996
-0.768493
1.25602
0.483806
1.83278
0.403608
0.438955
0.158465
2.40891
1.30595
4.16358
2.03788
1.58148
-0.551838
1.04525
0.0228349
1.85919
0.508401
0.22661
0.166774
2.44523
1.68411
3.34345
1.6506
2.03545
-0.345403
0.867897
0.340202
1.62748
0.31557
0.455128
0.10667
2.51453
2.07888
2.72737
1.1728
2.38236
-0.105624
1.27523
0.461802
1.13372
-0.0473671
0.735469
0.0686904
2.71683
2.19003
2.82397
0.578349
2.1048
-0.67588
1.50165
0.734181
0.900479
-0.208153
0.686539
0.0900776
2.49163
1.68283
2.85793
0.712567
2.12025
-1.05054
1.40463
0.870827
0.836261
0.121508
0.757122
0.0921477
