104
2.94134
1.49815
2.89281
0.212843
1.762
-1.79914
-0.127041
-1.41384
-1.17017
-0.704281
0.499122
0.11479
3.33148
2.15936
3.26231
0.0242843
2.02021
-0.930914
-0.266856
-1.85951
-1.05417
-0.53003
0.359427
0.0734224
3.71941
2.03213
2.94029
0.492561
1.87043
-1.69331
-0.240901
-2.18011
-1.17967
-0.991999
0.279703
0.110369
3.96629
1.59502
2.73754
0.485943
1.85385
-1.67339
-0.255788
-2.1577
-1.43734
-1.23584
0.319284
0.164801
3.57163
1.24323
2.22818
0.255258
2.34487
-1.7678
-0.278021
-1.3733
-1.31953
-0.725467
0.144211
0.121175
2.93894
0.993073
2.31272
0.471729
2.99827
-1.63279
-0.512593
-0.944338
-0.765142
-0.165257
0.00176334
0.132297
3.11012
0.948491
2.94005
0.535167
2.71811
-1.08758
-0.338298
-0.591373
-0.973212
-0.385743
0.498228
0.15787
3.8071
1.96778
3.90581
1.62874
3.3367
0.167737
0.693878
0.0750532
-0.997878
-0.293243
0.569299
0.0845192
4.62561
2.45934
4.39542
2.58141
5.10079
0.246416
0.668332
0.744808
-0.553674
-0.357572
0.00523102
0.0280379
4.59609
2.59437
4.18396
3.36013
4.20717
-0.00421282
-0.00762136
0.632732
-0.515067
-0.040955
-0.0761549
-0.0590612
5.00923
1.93274
4.86093
2.84654
4.30444
-0.572987
-0.215854
0.193233
-0.859031
0.316099
-0.135982
-0.0810214
5.36512
1.66035
4.42386
1.86771
4.70929
0.0919125
0.0517009
0.23751
-1.17982
0.10978
-0.0161408
-0.0202067
5.20733
1.93294
4.56025
1.43413
4.65137
0.774682
0.145033
0.46716
-1.47966
-0.304229
0.127348
-0.0277648
4.78577
3.0748
3.62322
2.07031
3.7887
1.11899
0.293719
0.227141
-1.57835
-0.483697
0.115366
-0.0572534
5.65074
2.31844
4.16086
1.65505
4.24583
0.753703
0.535641
0.146076
-2.10009
-0.434931
0.0136296
-0.075834
5.92323
1.80012
3.41304
1.74839
5.42604
0.299182
-0.537615
0.147263
-1.3747
-0.292301
-0.211233
-0.095111
5.70629
2.08392
2.38814
2.3215
5.48357
0.529678
-0.933961
0.108674
-0.707186
-0.411311
-0.290717
-0.11462
5.4776
2.5263
2.16563
2.13511
5.41091
1.24379
-0.967424
-0.194613
-0.683246
-0.791792
-0.202481
-0.109252
6.07245
2.19938
2.1011
1.89091
5.23743
1.77677
-1.76251
-0.894298
-0.698573
-0.945389
-0.233065
-0.131404
6.27022
1.91567
1.98054
2.47951
4.87237
1.69725
-2.69416
-1.04177
-0.420194
-0.832066
-0.326996
-0.183455
6.23485
1.72099
2.13558
2.37216
5.28229
0.991252
-3.33632
-0.988573
-0.426058
-0.543979
-0.31784
-0.262103
6.04048
1.41819
2.57725
1.06371
6.26919
0.504809
-3.02414
-1.01759
-0.730213
-0.353856
-0.304086
-0.230872
5.97782
1.26665
2.54368
0.294672
6.48451
0.623191
-2.47908
-0.90731
-0.966696
-0.439895
-0.299893
-0.110147
6.10686
1.14728
2.65114
0.685975
5.91171
0.391246
-1.93045
-0.884856
-1.13325
-0.495159
-0.30646
-0.024335
6.20503
1.33586
2.52872
1.03179
5.74011
0.726957
-2.05928
-1.08881
-0.89425
-0.757564
-0.310082
-0.0259191
6.40287
1.78425
2.0129
1.63938
5.12735
1.59833
-2.52746
-1.16881
-0.66851
-0.960483
-0.203166
-0.0932708
6.20887
2.39713
1.96827
1.66036
5.02023
1.5844
-2.58712
-1.07369
-0.451126
-0.851261
-0.18766
-0.151305
6.10696
2.20184
2.04087
1.71408
5.2684
1.30195
-2.66432
-0.689915
-0.424851
-0.829147
-0.198792
-0.151764
5.89879
1.91881
2.09747
2.37198
4.9422
0.811923
-2.61497
-0.418026
-0.347338
-0.782392
-0.23755
-0.117713
6.23398
1.59281
2.0174
2.25794
5.09463
0.631586
-2.24752
-0.424579
-0.565201
-0.82464
-0.281319
-0.0645821
6.01075
1.81677
1.99461
2.18505
4.90342
0.617585
-1.70106
-0.629987
-0.749083
-1.01873
-0.277023
-0.0200753
5.54524
1.96303
2.59646
2.08965
4.31786
0.759295
-1.36414
-0.748963
-0.88902
-1.17428
-0.107202
0.00356316
5.70814
1.65611
2.85366
2.10126
4.83851
0.555445
-1.81952
-0.932159
-0.511736
-0.826628
-0.23084
-0.0517335
5.72359
1.6615
3.30236
1.40184
5.7671
0.0322069
-1.98944
-0.934754
-0.302562
-0.520537
-0.498794
-0.079707
5.5794
2.29851
3.19039
1.82056
5.31152
-0.543056
-1.94618
-0.860567
-0.0291834
-0.594897
-0.568291
-0.115217
5.44872
2.71078
1.94716
2.27054
4.80578
0.0539067
-1.52737
-0.838072
-0.347786
-0.851506
-0.311833
-0.0960282
6.25156
1.81838
2.65296
0.364466
5.96209
1.0402
-1.7121
-1.26064
-0.353045
-1.01039
-0.616908
-0.0202644
6.17446
2.26717
2.38857
0.228567
5.94563
0.993789
-1.1368
-1.42228
-0.519936
-1.05876
-0.5608
0.0049492
5.92981
2.7004
1.81681
1.58553
4.52251
1.48224
-0.864863
-1.13235
-0.707352
-1.36553
-0.230091
-0.00674138
5.6316
2.67904
2.0511
2.10203
3.69049
1.93657
-1.00254
-1.02577
-0.568828
-1.48669
-0.117176
0.00988518
5.53792
2.94704
2.8325
1.15797
3.82888
1.60502
0.0226587
-1.27991
-1.11266
-1.3084
-0.103339
0.0345289
5.97847
2.32518
3.43072
-0.270088
5.43553
1.6496
-0.480765
-1.38514
-0.951665
-1.2538
-0.459532
0.11048
5.69366
2.36918
2.11807
1.55946
4.60386
1.81041
-1.27
-1.25583
-0.089559
-1.692
-0.221203
0.0193303
5.84527
2.19443
1.93747
2.19718
4.63941
1.5797
-1.57449
-1.2265
0.230269
-1.38908
-0.374418
-0.0370866
5.61952
2.63588
2.19002
3.07526
3.82953
0.956395
-1.63894
-0.845896
0.325322
-1.01315
-0.369503
-0.102329
6.25008
2.70317
4.21976
1.94799
3.65587
0.0605419
-1.08693
-1.32797
0.898874
-0.568517
-0.80119
-0.0453038
5.36277
3.44112
4.01681
2.96351
3.15306
-0.0013365
-1.17751
-1.24166
0.939007
-0.621297
-0.48235
-0.0904387
5.25591
3.58895
4.21163
3.21726
3.11887
0.0356015
-1.37716
-1.30767
1.1972
-0.570988
-0.519215
-0.0961896
4.94808
3.86117
4.33233
3.37415
3.17208
-0.40031
-1.21611
-1.1955
0.987602
-0.351521
-0.534113
-0.0944881
5.60288
3.58926
4.64599
2.96379
3.99483
-0.927906
-0.672109
-1.46427
1.07151
-0.228761
-0.735401
-0.0420457
5.24119
3.95681
3.85828
3.55557
3.38103
-0.192259
-1.25645
-0.757208
0.457771
-0.164257
-0.433954
-0.131049
5.39587
3.90003
3.78379
3.0305
3.8436
-0.750936
-1.20993
-0.885373
0.5408
-0.276473
-0.464732
-0.10712
5.17628
3.57695
3.4152
3.51276
3.6065
-0.354219
-1.38493
-0.575307
0.452923
-0.303689
-0.41347
-0.125405
5.89963
3.32566
3.34563
3.05452
5.06727
-1.11344
-1.0894
-0.523719
0.567108
-0.140627
-0.673991
-0.111226
5.71413
3.49138
3.18471
3.10844
4.79362
-1.06181
-1.07878
-0.792603
0.917904
-0.2504
-0.597719
-0.0983163
5.49639
2.99734
2.89564
3.21799
4.21821
-0.145786
-1.25458
-1.33491
1.39782
-0.506382
-0.423173
-0.0893247
4.95521
2.8664
2.84552
3.69199
3.82828
0.123985
-1.52309
-1.0598
1.33836
-0.397089
-0.287602
-0.10367
5.14779
2.86058
2.80897
3.93555
3.86324
0.273256
-1.4291
-0.754682
1.16314
-0.369491
-0.304702
-0.10152
5.48076
3.04549
3.02526
4.21767
4.60004
-0.649965
-0.845895
-0.285044
0.724835
0.0507536
-0.436974
-0.0980866
5.03242
3.21498
3.34717
4.48875
4.32954
-0.414319
-0.425692
-0.265771
0.981313
-0.00655512
-0.417749
-0.0952801
4.80604
3.03978
3.13504
4.64366
3.97838
0.271898
-0.258407
0.174237
0.886668
-0.205555
-0.268866
-0.074826
4.73252
3.01891
2.80271
4.98106
4.61388
0.176743
0.500646
0.686604
0.706153
-0.502931
-0.161301
-0.00226817
5.23212
2.95839
2.32971
5.18124
5.86303
-0.340613
1.21836
0.55879
0.811523
-0.525323
-0.258729
0.0893303
4.87336
2.67549
2.45721
4.90274
5.16139
0.42402
0.869028
0.947993
0.879784
-0.681861
-0.0707832
0.0877213
4.75136
2.50996
2.14852
4.87739
5.13725
0.35568
0.79279
0.763469
1.08431
-0.675291
0.0048834
0.106736
4.82985
2.19383
1.51131
4.66139
4.89305
0.0775694
0.626633
0.569494
1.12372
-0.535004
0.108151
0.15912
4.85588
1.86018
1.18156
4.26069
4.18841
-0.44269
0.167003
0.325294
1.37963
-0.321032
0.242838
0.195844
4.88775
2.05562
1.80712
4.09787
4.54213
-0.104371
0.0897486
0.0877803
1.52863
-0.234357
0.0802568
0.118959
4.9176
2.60542
2.00277
4.02473
5.08298
-0.132662
0.321522
0.245498
1.25385
-0.211481
-0.0261475
0.0875893
5.01989
2.62437
2.60391
3.75643
5.20177
0.0756774
0.44102
0.705622
1.07554
-0.11148
-0.0737105
0.0916417
5.09365
2.45703
3.15996
3.30547
4.66689
-0.302951
-0.156386
0.656214
1.02781
0.00236614
-0.0709444
0.0984279
5.10468
2.52689
2.99912
3.2855
4.22799
-1.1624
-0.110296
0.64826
0.771678
-0.255545
-0.0087662
0.194922
4.67917
2.39965
2.73389
3.39971
4.13744
-1.12193
-0.117229
0.544941
0.843908
-0.443401
0.194047
0.226022
4.57084
2.17311
3.08276
3.82368
3.73903
-1.03546
-0.00594747
-0.205661
1.32538
-0.588125
0.170965
0.219818
4.63017
2.18776
3.16991
3.61982
3.92046
-0.617467
0.0954627
-0.537583
0.996812
-0.642928
0.238777
0.213685
4.58037
2.26096
2.69256
3.63934
3.97765
-0.016309
0.325376
-0.697886
1.07718
-0.52998
0.383761
0.180174
4.57497
2.28595
2.52515
3.31385
4.49916
-0.165066
-0.169082
-0.381629
0.943278
-0.41909
0.384851
0.180022
4.46262
2.30666
2.57341
3.55225
4.47793
-0.195726
-0.122145
-0.012454
1.03489
-0.487424
0.348907
0.167049
4.37234
2.46929
2.39105
3.58235
4.47898
-0.23302
0.270403
0.384931
1.05222
-0.664161
0.373539
0.185395
4.59398
2.01118
2.12715
3.51669
4.24245
-0.111067
0.230207
-0.0145664
0.982772
-0.447057
0.431472
0.220816
4.55874
1.61068
2.30701
3.57181
3.7106
-0.22071
0.202287
-0.0424836
0.95889
-0.289103
0.500512
0.240059
4.18226
2.15457
2.66324
3.44512
3.52878
-0.194475
0.307114
0.565494
0.815735
-0.328291
0.489715
0.18618
3.8998
3.23211
3.9192
2.89841
3.28862
0.112346
0.872532
0.582831
0.807716
-0.255589
0.341665
0.109394
3.40965
3.62699
4.35319
2.68212
3.89316
1.20727
1.31177
0.497522
0.574646
0.0379251
0.363452
0.0456813
3.256
3.56292
4.30719
2.68586
3.76365
1.3316
1.68781
0.408178
0.653381
0.05776
0.396847
0.0552445
3.45666
3.58207
4.40608
2.68387
3.27042
0.513475
1.18471
-0.261629
0.831955
-0.185923
0.331348
0.0783344
3.51697
3.3206
4.43112
2.28542
3.57554
0.558697
0.84605
-0.599704
0.792987
-0.141112
0.317745
0.0966729
3.32068
3.07537
4.25702
2.75998
3.28025
0.19494
1.15261
0.142853
1.12752
-0.227947
0.346077
0.111584
3.2869
2.98703
4.14589
2.58703
3.22009
-0.297931
1.47116
0.974303
1.18252
-0.428192
0.418155
0.150235
3.03296
2.89741
4.07017
2.30956
3.77405
0.615013
1.84188
0.707141
0.860426
-0.272988
0.546835
0.105154
2.78471
2.61497
4.09598
2.66615
4.20206
1.03585
1.9427
0.850834
0.890948
-0.178619
0.577251
0.0977774
2.89248
2.56974
4.18947
2.78638
3.80707
1.13085
1.73049
0.74312
1.01697
-0.0126252
0.452157
0.0999407
2.85406
2.78864
4.62414
2.96603
3.7027
1.40632
2.07051
0.0698851
1.1134
0.0893093
0.420942
0.0912285
2.78185
2.90527
4.58985
2.62176
4.02077
1.81655
1.9487
-0.022779
0.752789
0.183729
0.514669
0.0561013
2.7977
2.93314
4.55961
2.37396
3.98433
1.89548
1.97569
-0.0650448
0.758064
0.158181
0.476331
0.0668771
2.65975
3.00865
4.83948
2.76141
4.01446
1.51689
2.01406
-0.207026
0.861839
0.0364573
0.481017
0.0397547
2.53677
2.78077
4.74853
3.06368
3.91035
1.47079
2.03657
-0.212792
1.00682
-0.0230439
0.466252
0.0329663
2.45645
2.75078
4.64876
2.7773
4.13607
1.53199
2.0621
-0.219572
0.799571
-0.0728981
0.500625
0.0179952
2.55504
2.37597
4.0028
2.83786
4.84035
1.54223
1.57721
-0.336292
0.481954
0.0128697
0.693762
-0.0110734
2.50594
2.05183
3.65691
2.79956
4.70615
1.59461
1.51637
-0.453627
0.756902
0.166034
0.633789
0.0226458
2.5766
1.98758
3.40083
2.39462
4.19916
1.26138
1.54997
-0.307029
0.875305
0.0678743
0.521395
0.0683204
2.43769
1.8434
3.39273
1.75071
3.91502
1.45317
1.52743
-0.76961
0.502937
0.205659
0.61817
0.0631648
2.18125
1.65874
3.27051
1.57434
3.45616
1.36889
1.51114
-0.985037
0.437051
0.0541792
0.464921
0.0570503
2.10874
1.2822
2.79352
1.51126
3.44069
0.937597
1.29486
-0.436977
0.825376
0.100098
0.456977
0.06433
