148
2.94316
-0.115726
3.08014
0.482249
-1.2606
-1.84612
-0.31302
-0.228746
1.65299
-0.0942948
-0.203904
0.271257
3.11846
-0.156602
3.71032
0.916451
-1.42315
-1.17659
-0.680049
-0.735549
1.14836
-0.280801
-0.0849119
0.224622
3.49296
-0.214574
4.30123
0.999714
-1.42779
-0.729982
-0.660779
-0.337274
0.795221
-0.214721
-0.0565322
0.177553
3.34167
-0.517517
5.00306
0.868553
-1.33579
-1.50907
-0.579765
0.191201
0.925041
0.145139
-0.0358148
0.238564
2.95464
-1.2109
3.97149
0.457362
-1.91173
-1.51305
-0.789257
0.288542
0.654261
0.16188
0.0956395
0.239692
3.08224
-0.977632
4.14594
0.75971
-1.49509
-0.365799
-0.193013
0.0318554
0.22482
0.0634112
0.0173863
0.12854
3.05412
-0.421835
4.62414
1.40683
-0.0944268
0.026793
-0.446291
0.0266184
0.950401
-0.245884
-0.216991
0.203032
2.96376
-0.141261
4.31176
0.652794
-0.619385
-0.252168
-0.800038
0.11315
0.962829
-0.0768504
-0.265293
0.168564
2.82313
-0.655976
4.66401
1.16104
-1.20022
-0.410913
-1.10355
0.389003
0.206535
-0.196586
-0.12255
0.054762
2.49173
-0.717274
4.84782
1.23417
-0.954207
-0.282105
-0.911382
0.494176
0.0346795
-0.33779
-0.100475
0.0324149
2.52467
-0.65319
4.70386
1.09515
-1.41775
-0.605202
-0.0736502
-0.0642209
0.502805
-0.110343
0.0727278
0.129363
2.63198
-0.0416359
4.76212
1.86651
-1.4151
-0.133573
-0.33087
0.0839968
0.313537
-0.397043
0.236746
0.070449
2.91242
0.739487
4.4962
1.61061
-0.697004
-0.0331333
-0.0963279
-0.424282
0.191069
-0.570728
0.351177
0.0981559
3.01019
0.830415
4.63623
0.223795
-0.556356
0.314362
-0.241434
-1.06001
0.431803
-0.323615
0.0245769
0.127869
2.60937
0.23765
4.38192
0.219424
-1.20946
-0.131121
-0.737312
-0.123776
0.768472
-0.288239
-0.313447
0.0729598
2.85748
0.399147
4.30587
0.853139
-1.46188
-0.0643627
-0.3779
0.0620095
0.257738
-0.326238
-0.411859
-0.000327563
2.8954
-0.121992
4.89397
0.867731
-1.59587
0.927879
-0.658403
-1.47954
0.441859
-0.0572437
-0.3127
0.037791
2.55873
-0.227864
5.18137
1.65876
-1.13051
1.82514
-0.929373
-1.02953
0.826962
0.0396273
-0.133838
0.111723
2.51791
0.229031
4.76876
1.40866
0.0906088
1.24466
-1.37319
0.53909
0.737563
-0.208581
0.231773
0.0738173
3.05546
0.902471
4.0294
0.433416
-0.044451
0.320334
-1.24602
0.554447
0.323597
-0.552813
0.173903
0.0720959
3.22001
1.26172
3.64277
-0.120028
-0.478936
-0.643152
0.239341
0.028837
-0.356606
-0.685964
0.143194
0.0498697
3.5017
1.05582
3.23631
0.280922
0.322414
-0.680249
0.744092
0.118698
-0.938037
-0.607276
-0.00271572
0.00756974
3.22478
0.699214
3.49652
0.815447
0.113814
-0.438993
-0.404751
-0.240469
-0.263839
-0.774323
0.0621206
0.0850745
2.33146
0.204391
4.3316
1.61872
-1.25218
-0.271365
-0.423573
-0.674141
-0.387207
-0.927816
-0.0833527
0.10618
2.65475
-0.116173
4.20646
1.63514
-1.01547
0.764177
0.603201
-0.0616816
-0.409884
-1.0251
-0.238713
0.110252
2.80838
0.745301
4.36256
1.50238
0.2197
1.10788
0.515404
0.688549
-0.0693236
-1.21165
0.00970373
0.0712194
3.15373
1.46871
4.38214
1.36278
0.641049
1.00334
0.688345
0.430994
-0.119687
-1.45032
0.296282
0.0310839
3.78469
1.20108
3.62195
1.2879
0.123044
0.755937
0.463516
0.292327
-0.258054
-1.1715
0.17937
0.0605924
3.68143
1.21129
2.99923
0.574936
0.598118
0.412254
0.333423
0.562822
-0.485001
-0.979475
0.191287
0.0414178
3.18076
1.13657
3.52041
-0.134947
0.484113
-0.0419531
0.659189
0.0931988
-1.02092
-0.633163
0.096514
0.0312108
3.0169
0.894415
4.2183
0.352334
0.449102
-0.890181
0.0607433
-0.421414
-0.457838
-0.71197
0.0905131
0.136612
3.08165
0.487045
3.74845
0.081069
0.21508
-1.06808
-0.055062
-0.492162
-0.371988
-0.891316
0.0573958
0.131638
3.25443
0.393326
3.3049
-0.244796
0.579359
-0.583455
-0.0705738
-0.535121
-0.419332
-1.07479
-0.00712216
0.137104
3.56831
0.464667
2.89644
0.557812
1.61471
-0.113256
0.231457
-0.382236
-0.0387631
-1.01402
-0.0608685
0.161798
3.59266
0.793661
2.12314
0.811324
2.88124
0.772306
0.197089
-0.0843211
0.391122
-0.714989
-0.375973
0.028774
3.41825
1.05421
2.5715
0.514187
2.64392
1.13508
0.949139
0.516292
0.222023
-1.17348
-0.398585
0.0527483
3.193
1.77266
3.87406
0.823592
2.66681
1.01895
1.76521
1.37783
-0.029456
-0.92012
-0.0131226
0.0508837
3.58805
3.32291
5.03441
2.19167
3.05875
1.49987
0.127697
0.417825
0.0916546
-0.235411
0.192999
-0.0221938
4.43594
4.01688
5.08484
2.02491
4.08899
1.73231
-0.826021
-0.0289973
0.316554
-0.163538
-0.00116359
-0.0596761
4.82057
3.73205
4.4121
1.6632
4.45199
1.81508
0.0243478
0.187246
0.18036
-0.355892
0.0619111
-0.0420002
4.82273
3.40818
3.87613
1.73718
3.77969
2.26997
0.681852
0.870289
0.362951
-0.678068
0.111829
-0.0061367
4.75628
3.2308
2.97773
1.81513
4.06836
2.70672
0.27538
1.02105
0.492465
-0.434211
0.116859
-0.0401345
5.22877
3.63347
2.42864
1.31181
4.23558
3.23248
0.427079
0.843692
0.521166
-0.873284
0.123843
-0.0454085
4.97055
3.78911
2.72523
1.45132
3.44064
2.85241
0.828454
0.864247
-0.141145
-0.836241
0.0689905
-0.025345
5.27984
3.8314
3.15978
0.905618
4.04071
2.79357
0.443673
1.07316
-0.456366
-0.858936
0.0968839
-0.0632358
5.05746
3.78398
3.0465
1.25304
4.10749
2.53247
0.244814
0.918697
-0.302983
-0.619899
0.0991642
-0.0767535
5.75972
3.73757
2.32735
0.851813
5.98343
2.0168
0.0408636
0.9799
-0.257595
-0.387414
-0.0995777
-0.161178
4.93979
3.67592
3.09226
1.85957
4.54785
2.14966
0.120889
0.741578
-0.23225
-0.0730548
0.044318
-0.0975517
4.92619
3.31914
3.89291
1.98486
4.70101
2.71964
-0.440972
0.290426
0.47349
-0.204075
0.116484
-0.0920386
4.67778
3.20763
3.82428
2.30152
4.95563
3.13411
-0.603353
0.108619
0.936135
-0.377022
0.192948
-0.0774719
5.08304
3.09453
4.02677
2.15396
5.78662
3.00724
-0.727961
-0.0581975
1.05896
-0.508015
0.155507
-0.0784205
5.19907
2.89872
3.33232
2.27395
5.88333
2.66446
-0.54501
0.0985135
1.0812
-0.296342
0.0601941
-0.0975044
5.1697
2.95485
2.4194
2.27877
5.27211
3.30087
-0.406702
0.126327
1.25476
-0.334606
0.105839
-0.100731
4.64915
2.83195
2.81548
2.26451
4.7389
3.1213
-0.456737
0.454312
0.936524
-0.353997
0.120852
-0.0830496
4.97352
2.73777
3.74471
1.99402
6.0222
2.50165
-1.03239
0.268559
1.12907
-0.179884
0.0718566
-0.135221
4.91897
3.05772
3.23097
2.44615
5.73787
2.20659
-0.885034
0.438564
0.815359
0.260538
0.030364
-0.180822
5.29566
2.89053
3.00907
2.05565
6.03037
2.65936
-1.02865
0.511761
0.737948
0.0181561
0.114195
-0.181254
4.29844
2.93521
3.25163
2.79891
4.69493
2.89305
-0.800499
0.248604
0.895036
0.00526969
0.0763774
-0.121516
4.38697
2.91939
3.49605
3.00828
5.11023
2.93977
-1.0334
0.120652
1.14401
-0.150325
0.12221
-0.131761
4.91771
2.85402
3.3751
2.96811
5.67015
2.78646
-1.02194
0.126445
1.04536
-0.403485
0.103583
-0.12854
4.3582
2.785
3.69612
2.98716
5.0701
2.62216
-1.05081
0.471194
0.841586
-0.244076
0.106198
-0.133662
4.39558
2.47236
3.82349
3.70812
4.70024
2.6788
-1.04824
0.631792
0.632548
-0.205137
0.0740065
-0.116048
4.47271
2.6652
3.42325
3.80492
3.97544
2.96315
-0.522378
0.647792
0.437041
-0.438524
0.0889436
-0.0460398
4.88876
2.7532
3.34017
4.08028
3.78112
3.45328
-0.542801
0.857466
0.477568
-0.858038
0.0508081
0.0222565
4.61436
2.71392
3.35915
3.83796
3.66499
2.47491
0.32486
0.694615
0.388818
-0.689344
0.0571256
-0.00514218
4.97262
2.9522
3.44161
4.10922
4.49744
2.48483
0.240806
0.332479
0.429699
-0.655891
0.0424497
-0.0326083
4.85627
3.67992
3.05103
4.14376
4.11561
2.40417
0.536778
0.599465
-0.185454
-0.537105
0.0491679
-0.0505421
4.77548
3.38161
3.25654
3.7844
3.38403
2.71692
0.569275
0.374599
-0.346129
-0.710843
0.0809471
-0.0346475
5.81896
2.31489
3.26207
3.59755
3.81831
2.93715
-0.384992
0.383212
-0.268525
-0.810224
-0.0602792
-0.00674167
5.94753
2.53216
2.79856
3.98488
4.44557
1.92857
-1.00106
-0.13186
0.139487
-0.338038
-0.257559
-0.136534
5.28215
3.05798
2.72712
4.31171
3.78964
1.32319
-0.965277
-0.467148
0.214976
-0.254312
-0.296162
-0.167817
5.19262
3.06108
2.9257
4.2075
3.79838
1.47467
-1.03455
-0.612486
0.34251
-0.284975
-0.298777
-0.177146
5.74076
2.8302
3.37294
4.2238
4.20654
2.21431
-1.73608
-0.868624
1.1029
-0.360708
-0.493987
-0.213991
5.21771
3.635
3.66035
4.42387
4.23636
1.20046
-1.6089
-0.682059
0.913514
-0.0354162
-0.510475
-0.252414
4.57657
3.61864
3.53325
4.50822
4.0712
0.706479
-1.28793
-0.576538
0.776146
0.064996
-0.538068
-0.224879
5.1777
3.37985
3.97364
4.77607
4.5793
-0.0614975
-0.783153
-0.705525
0.77764
-0.118737
-0.6558
-0.213991
5.02739
3.32156
4.48786
4.75072
4.3843
-0.619949
-0.359516
-0.731126
0.446851
-0.0617073
-0.739515
-0.183199
4.87093
3.66082
4.28421
4.74956
4.66004
-1.15284
-0.238727
-0.848056
0.208873
0.170782
-0.842758
-0.177202
4.80075
3.53586
4.1048
4.84476
3.8004
-0.956427
-0.838982
-0.769949
0.134958
0.0439308
-0.774996
-0.190274
5.2283
2.92974
4.27842
5.26461
3.92523
-1.89888
-0.372518
-0.777097
-0.169685
0.110241
-0.737893
-0.176526
5.03458
2.3707
3.75998
4.77715
4.66745
-1.44324
-0.7065
-0.674484
-0.116837
0.0327998
-0.600733
-0.166832
5.13412
2.32146
3.38651
4.48244
4.7923
-1.21079
-0.703796
-0.640121
-0.085262
-0.0444895
-0.479252
-0.124818
5.23065
2.9994
3.81676
4.27972
3.49131
-1.69111
0.377937
-0.791575
-0.352951
-0.175414
-0.38666
-0.0421245
5.29889
3.67012
3.64643
3.5575
3.06952
-1.0944
0.744681
-1.10066
-0.905625
0.120405
-0.240721
-0.041242
5.16448
3.84319
3.60006
3.08816
3.45422
-0.776805
0.393424
-0.82947
-1.10117
0.269065
-0.251671
-0.0290482
5.01416
3.72575
3.72988
3.08949
3.6225
-0.848734
0.017296
-0.278131
-0.804813
0.0528515
-0.258171
-0.0289195
5.15723
3.39468
3.70028
3.55036
3.61441
-1.10872
0.287056
0.303469
-0.597569
-0.271723
-0.235127
0.00750913
5.18263
3.84599
3.43178
3.27802
3.82618
-1.12809
0.834345
0.400664
-0.482664
-0.143514
-0.266503
0.0362607
4.8097
3.99964
3.59745
3.05905
3.57699
-0.429766
0.810346
0.269092
-0.244665
0.129571
-0.143444
0.0183148
4.6538
3.42542
3.17142
3.52083
3.45188
0.145291
0.544935
0.553719
-0.0783661
-0.0833364
0.0884748
0.0474801
5.16529
3.20907
3.00736
3.72518
3.73481
0.544132
0.802302
0.279307
-0.0185229
-0.195481
0.0868474
0.0527615
5.51957
2.39527
2.31323
4.43369
4.08082
-0.254206
0.944988
0.70693
0.338231
-0.434287
0.0506622
0.156422
4.82197
2.12105
2.09775
4.71276
4.49619
0.680242
0.682619
1.09415
0.343691
-0.520254
0.256204
0.183431
4.66505
2.1373
2.21719
4.82842
4.59206
0.709715
0.195157
0.99222
0.343733
-0.529713
0.284951
0.15766
4.81858
2.01263
2.23692
5.22695
4.99676
0.614807
0.425288
0.879669
0.253287
-0.388995
0.293335
0.158189
5.45958
1.68314
1.48666
4.91724
4.76738
-0.182562
0.800518
0.640336
0.0538614
-0.243645
0.364875
0.25616
5.34263
1.77067
1.38287
4.00793
4.36524
-0.524962
0.896772
0.706165
-0.0262221
-0.223997
0.406035
0.311806
4.75784
2.34932
2.04069
3.84712
3.68276
0.0396014
0.112134
0.552198
0.0843873
-0.308543
0.437388
0.201872
4.70063
2.13574
1.86961
3.91939
3.8049
0.703016
0.167085
-0.0347696
-0.0152619
-0.0253549
0.598065
0.167992
4.54806
2.07118
1.8714
3.69209
4.02528
1.00835
0.285004
-0.181975
0.236582
0.206274
0.607835
0.131409
4.50801
1.79662
1.70186
3.75985
4.08449
0.230421
0.193188
0.274779
0.481065
0.0303386
0.566825
0.187182
4.34163
1.84104
2.40321
4.18644
4.6364
0.787926
0.850995
0.136107
0.659259
-0.0983849
0.501889
0.144549
4.05059
3.02162
3.50262
3.68671
3.96646
1.43044
1.77074
0.605552
1.00633
0.0751535
0.30134
0.0858281
3.81621
3.3752
3.82128
3.29838
3.02019
1.58809
1.76995
0.476466
1.03121
0.332293
0.218238
0.0705096
3.74154
3.14903
3.54597
3.39895
3.26349
1.57441
1.57225
0.438372
0.818151
0.269898
0.294782
0.0627723
3.97403
3.12769
3.93781
3.55927
4.15951
0.801417
1.33932
0.514567
0.584232
-0.225595
0.350021
0.0768667
3.85448
3.04536
4.33357
3.46964
4.19068
0.719546
1.59849
0.234086
0.965502
-0.222147
0.273929
0.0979659
3.58071
2.88029
3.86747
3.2167
3.78494
1.3756
1.59409
-0.413474
1.13024
0.252734
0.266933
0.0710746
3.33869
2.88322
3.7096
2.78093
3.28245
1.6363
1.54509
-0.560367
0.802653
0.404332
0.368545
0.0672058
3.62067
2.95997
3.48468
2.51576
3.45128
1.20492
1.75068
-0.591437
0.658557
0.172857
0.431483
0.100195
3.6665
2.59912
3.41614
2.55109
3.44163
0.232126
1.45668
-0.277719
0.790105
-0.286841
0.571579
0.152603
3.41059
2.39063
3.52887
2.6658
3.19639
0.804404
1.50483
-0.873554
0.748213
-0.0681878
0.672203
0.112428
3.35902
2.65957
3.55721
2.86697
3.77121
1.39789
1.09827
-0.708866
0.585277
0.180698
0.535875
0.0433558
3.40356
2.78229
3.44178
2.48429
4.30138
1.80665
0.800958
-0.732296
0.638084
0.308701
0.470111
0.0368103
3.55923
2.91079
3.18735
1.86064
3.92268
1.71799
1.47485
-0.524058
1.24407
0.0977488
0.26438
0.0969711
3.56606
2.81089
2.91476
1.92379
3.40811
1.73387
1.28965
-1.03579
1.29375
0.557679
0.191968
0.0824292
3.48721
2.68832
3.24111
2.14139
3.30743
1.31816
1.02748
-0.525309
1.13475
0.534089
0.256503
0.0838362
3.33934
2.31017
3.71304
2.98307
3.72274
1.15168
1.74652
-0.164691
1.07971
0.0171663
0.325695
0.0951045
2.99388
2.4783
4.00443
2.82583
3.90123
1.3753
1.84526
-0.207506
0.87216
-0.0756707
0.446747
0.0682635
2.85467
2.65431
4.24795
2.86985
4.08893
1.03074
1.51266
-0.363234
0.608367
-0.0848693
0.515845
0.0152142
2.96446
2.65178
3.84959
2.65739
4.0123
0.411098
1.18203
0.0118658
0.432954
-0.181557
0.597248
0.0359541
2.98704
2.72704
4.14295
2.73305
3.78781
0.775516
1.35654
-0.292381
0.706926
-0.241726
0.454611
0.0375074
2.70688
2.59701
4.62191
2.85898
3.94512
1.83442
1.82603
-0.826596
0.818773
0.0481895
0.309985
0.0106566
2.63523
1.95769
4.00728
2.79046
3.18245
1.4863
2.05054
-0.570633
1.05389
0.19792
0.166705
0.0666948
2.8655
1.85673
3.75363
3.15645
3.16574
0.162221
1.31251
-0.294096
1.03251
0.046886
0.251664
0.0627102
3.18233
2.27811
3.39126
2.84314
3.61426
-0.396597
1.39184
0.370276
1.03072
-0.576509
0.413555
0.131719
3.30617
2.25773
3.16118
2.30632
2.63469
-0.340227
1.47254
0.0852227
1.19456
-0.242905
0.392291
0.136542
3.10405
1.74694
3.18847
2.07221
2.2669
0.433307
1.3771
-0.833513
1.62074
0.301059
0.290484
0.117365
2.82247
1.55406
3.34715
2.41882
2.2755
0.271834
1.64172
-0.199961
1.92651
-0.024083
0.227917
0.141968
2.57907
1.86662
3.58366
2.04898
2.56692
0.0647142
1.37763
0.50755
1.38484
-0.0757187
0.495825
0.123149
2.70787
1.70267
3.21422
1.93133
2.64182
0.131789
1.31245
0.488233
1.02736
0.0896816
0.646362
0.0999302
2.45535
1.44648
3.39884
2.43896
3.40596
0.746051
1.40778
0.194432
1.0458
0.154032
0.500439
0.0738427
2.33673
1.67829
3.72948
2.20345
3.00907
0.839334
1.60078
0.20769
1.28881
0.209483
0.313897
0.0987312
2.46526
1.77622
3.14358
1.92518
3.21308
0.439038
1.67595
0.393588
1.30564
0.0359659
0.501794
0.104103
2.35243
1.78447
3.23321
1.90787
3.07576
0.423946
2.04191
0.894757
1.2119
-0.21316
0.500519
0.117192
2.37255
2.01119
3.72237
1.16004
2.13035
0.45876
2.00573
0.542999
1.13562
0.302802
0.552315
0.0943801
2.66155
1.97224
2.79364
1.21873
2.58823
0.393879
1.8001
0.323176
1.00317
0.275732
0.825395
0.093539
2.37701
1.77398
3.17924
1.62699
3.2137
0.187377
1.68113
1.09173
1.04371
0.0818407
0.568957
0.0960195
2.46503
1.85626
3.22988
1.63705
3.10584
0.391378
2.06053
1.04623
1.13177
-0.104045
0.387652
0.120723
2.34033
1.9174
3.21295
1.26297
2.69112
0.928115
2.26566
0.0567741
1.20774
0.16977
0.485797
0.0985906
2.35608
2.09836
3.42999
1.38433
2.70896
0.575074
1.99263
0.274219
1.26692
0.111359
0.558434
0.101577
2.44561
2.14454
3.66757
2.19166
2.74737
0.571729
1.75518
-0.0329857
1.5024
-0.0729151
0.530147
0.105026
2.2812
2.0299
3.24364
1.84426
2.34447
0.759782
1.92849
-0.350212
1.72354
0.239025
0.497417
0.0890917
2.17343
1.99669
3.26251
1.06684
2.31768
0.446016
2.09946
0.422516
1.36075
0.16878
0.663559
0.0753703
1.99673
1.87351
3.87576
1.86324
2.5595
0.182113
1.9536
0.480189
1.26709
0.0647641
0.530502
0.0951836
2.00074
1.59045
3.40918
1.9135
2.87595
0.443471
2.19494
0.417578
1.16227
0.0620591
0.512795
0.0871883
2.00277
1.30508
3.05766
1.46003
3.04843
0.753896
2.42291
0.69028
1.03078
0.147987
0.539885
0.0936473
2.07448
1.508
3.12634
0.763318
3.08727
1.38793
2.20892
-0.011395
0.886515
0.467906
0.639085
0.0729911
