125
3.57773
0.384557
2.14359
1.70493
0.0402417
-1.83797
-1.67696
-2.74774
1.84851
-0.0572779
-0.369941
0.0912962
3.86835
0.443592
2.42688
1.64035
-0.457599
-2.32177
-2.18041
-2.84903
1.57008
-0.12353
-0.514843
0.0985233
3.67706
-0.196087
2.20717
1.65493
-0.543826
-2.67258
-2.00516
-2.30202
0.993782
-0.00186256
-0.254851
0.100873
3.48793
-0.37602
3.01417
2.09002
-0.23988
-2.6439
-1.4639
-1.67782
0.661987
0.134612
-0.145321
0.114713
3.39352
-0.417756
3.14881
2.28931
-0.557248
-2.14767
-0.941702
-1.65146
0.777714
-0.0533117
-0.147303
0.139239
3.28843
-0.43293
3.05104
2.13427
0.149021
-2.01766
-1.6015
-1.14454
1.18691
-0.199601
-0.255096
0.130586
3.7041
0.0330312
3.19198
2.46333
0.398559
-2.23911
-1.72526
-1.69858
1.21231
-0.436402
-0.272573
0.15987
3.51054
-0.21968
3.54577
2.90169
0.0954945
-2.73066
-1.24006
-1.75933
0.348126
-0.451557
-0.169006
0.056683
3.34505
-0.384175
3.60954
2.35679
0.215744
-2.24944
-0.488272
-1.1205
-0.190969
-0.437948
-0.185732
0.00713514
3.06606
-0.257889
3.80816
1.78424
0.760392
-2.34165
-0.791289
-0.557604
-0.179971
-0.678267
-0.321013
0.0614291
3.18329
-0.0258983
3.89718
1.60023
0.985532
-2.79992
-0.625736
-0.361051
-0.709698
-0.652532
-0.199729
0.0507886
3.19046
-0.183086
3.61142
1.31081
0.835876
-1.94425
-0.216575
-0.424438
-0.270248
-0.614404
-0.307482
0.125665
3.24519
0.729375
4.09867
2.04056
1.39791
-1.25981
-0.47535
-0.207996
-0.506922
-0.479022
0.108195
0.0631348
4.11993
1.52634
4.55315
1.72555
2.26996
-0.293271
0.401512
-0.282582
-0.243425
-0.591683
0.36192
0.191806
4.77461
2.83357
4.24526
0.816279
3.10407
0.39637
0.946235
-0.182153
-0.560505
-0.753543
0.124752
0.1514
5.24475
3.06058
3.88019
0.401187
3.99016
-0.0350779
0.797002
-0.080366
-0.805568
-0.56129
-0.107191
0.15309
5.44495
2.40518
3.65533
2.22954
4.19662
-0.745398
0.695827
-0.188888
-0.509925
-0.112129
-0.17829
0.119952
5.71045
2.02898
3.35133
2.05082
4.91034
-0.123603
-0.0209722
-0.117357
-0.0347884
-0.288633
-0.31865
0.0900383
5.33894
2.58367
2.73821
2.05267
4.80663
0.69961
-0.465851
0.0442952
0.0741614
-0.695576
-0.14556
0.000466097
5.87339
2.18368
3.46395
0.61293
6.80191
1.44556
-0.79836
0.0913923
0.0453295
-0.702383
-0.462537
-0.020463
5.5403
2.22115
2.81664
1.20721
6.61372
1.57425
-0.794351
-0.0199817
0.208073
-0.852928
-0.289852
-0.0453043
5.86089
1.73636
3.46757
0.428263
7.07591
1.42692
-1.33921
-0.228692
-0.205287
-0.740036
-0.529963
-0.0297413
5.52501
2.05162
3.02346
1.10683
5.95346
1.31677
-1.6345
-0.458145
0.217578
-0.955704
-0.283421
-0.0771528
5.64418
2.16675
3.24084
0.348233
6.72453
0.966695
-1.08716
-0.21632
-0.470543
-0.977428
-0.433965
-0.0133439
5.3614
2.7807
3.22055
0.626626
5.36722
1.15017
-0.795644
-0.430856
-0.570561
-1.3684
-0.14224
-0.0167599
5.79361
2.24174
3.81099
0.165277
5.77991
0.912569
-1.64035
-0.790182
-0.39122
-0.832802
-0.389599
-0.0235628
5.4109
2.54032
2.81243
2.29611
4.72069
0.746658
-2.03459
-1.06292
-0.00425386
-0.723014
-0.202021
-0.12603
5.47383
2.14324
2.98011
1.67303
4.54368
1.23107
-1.76927
-1.25085
-0.0624817
-1.12138
-0.143915
-0.0149981
5.7061
1.76967
3.19518
0.953024
4.69702
1.47033
-1.60105
-1.41424
-0.27576
-1.32022
-0.215772
0.082194
6.08858
1.64825
3.22966
0.198339
5.5831
1.30725
-1.54551
-1.57851
-0.525997
-1.00754
-0.470245
0.092906
5.72056
2.41527
2.59268
1.38316
4.46167
1.30491
-1.55763
-1.70061
-0.095845
-1.25154
-0.183807
0.0141085
5.76181
2.64479
2.59412
1.98753
4.10873
1.11672
-2.11948
-1.28097
-0.0921058
-1.03951
-0.178921
-0.0651758
5.96856
2.24153
3.12339
2.32815
4.04602
0.523203
-2.27525
-1.05644
-0.132921
-0.779428
-0.306648
-0.0849674
5.99633
1.7727
3.3353
2.69972
3.77516
0.333251
-2.06202
-1.29251
-0.0735479
-0.742945
-0.389425
-0.0569082
5.66104
1.91731
3.42117
2.74546
3.67877
-0.00827897
-1.71995
-1.54645
-0.0101111
-0.743687
-0.400195
-0.0358325
5.42177
1.96186
3.81812
2.80842
3.83489
-0.411401
-2.21126
-1.28884
0.0661605
-0.532422
-0.427352
-0.0890384
5.37714
1.7397
4.2691
1.61366
4.7254
-0.294376
-2.87863
-0.817928
0.0540724
-0.64727
-0.366047
-0.0787959
5.4104
2.22867
3.62705
1.00462
5.40162
-0.463878
-2.71602
-0.892566
0.108148
-0.670694
-0.376813
-0.0719407
5.57334
2.52575
3.09566
1.28958
5.4169
-0.909387
-2.27152
-0.931041
-0.0841654
-0.421912
-0.462524
-0.0833626
5.59328
2.29611
3.05409
2.02623
4.77509
-0.813414
-2.2169
-1.04011
-0.0331997
-0.423589
-0.411044
-0.0753436
5.84108
1.88785
2.68815
2.53162
4.00062
-0.0279158
-2.22154
-1.4193
0.0941497
-0.534361
-0.306888
-0.0496291
6.0612
1.68045
2.91166
1.34612
4.80628
-0.163991
-1.7388
-1.50939
-0.294738
-0.345082
-0.402166
0.00736816
5.97613
1.48057
3.50875
0.82635
5.15828
-0.358526
-1.88235
-1.31872
-0.381868
-0.152264
-0.549764
0.00612035
5.83448
1.89989
2.49681
1.51424
4.56292
0.253054
-1.98207
-1.51365
-0.0605788
-0.708211
-0.287308
-0.00600175
5.79389
2.1946
1.82507
1.55856
3.97663
1.17346
-1.7469
-1.43949
-0.425276
-1.18073
-0.0562255
0.0528079
5.82893
2.09259
2.16531
1.37692
3.46195
1.50103
-1.30889
-1.47707
-0.713912
-1.298
0.00955154
0.120414
6.19865
1.55914
2.14517
2.0469
2.74904
1.74091
-0.905023
-2.1326
-0.384541
-1.15662
-0.223568
0.154447
6.05747
1.65398
1.08758
3.51035
2.38862
1.5982
-0.801618
-3.01275
0.580096
-1.09703
-0.354367
0.0250995
5.76922
2.04698
1.03308
3.92304
2.41606
1.14675
-1.40639
-2.78841
1.04127
-1.00611
-0.282514
-0.074965
5.49344
2.83459
1.22666
3.91781
3.35197
-0.146537
-2.22348
-1.80819
0.942522
-0.819904
-0.299188
-0.146258
5.42669
3.36493
0.83698
3.65597
4.3559
-0.98617
-2.09283
-1.55746
0.597831
-0.594258
-0.381074
-0.152536
5.18404
3.70954
0.683398
3.54349
4.71507
-1.27431
-1.84553
-1.68583
0.715326
-0.657756
-0.36328
-0.164183
5.11383
3.99783
0.970167
3.63941
4.45458
-1.53396
-1.64524
-1.75941
1.00303
-0.759119
-0.351436
-0.17845
5.41851
4.15181
1.05262
3.64358
4.45451
-1.69363
-1.47867
-1.76195
0.955979
-0.634541
-0.450074
-0.164973
5.45286
4.24156
1.35064
3.93635
4.37591
-1.8541
-1.42469
-1.75976
0.942965
-0.500593
-0.494967
-0.15879
5.07892
4.11026
1.76536
3.56155
4.69979
-1.5754
-1.51739
-1.63773
0.94504
-0.507594
-0.435926
-0.164889
5.13009
3.74328
2.25127
3.66022
4.5804
-1.32178
-1.71706
-1.22755
0.755919
-0.352194
-0.477526
-0.145031
5.30677
3.77777
2.51664
3.18839
4.65016
-1.12302
-1.9244
-0.702893
0.52401
-0.259615
-0.477112
-0.139412
5.55021
3.45134
2.14179
4.03905
4.33944
-1.21031
-1.84163
-0.706428
0.526072
-0.142942
-0.526399
-0.122829
5.63916
3.12785
1.8154
4.22433
4.68751
-1.38291
-1.82694
-0.64742
0.39544
-0.0279491
-0.538779
-0.103512
5.49707
2.81437
1.90805
4.11789
4.50217
-1.17996
-1.58785
-0.716806
0.37446
-0.153946
-0.406789
-0.0737258
5.61405
3.08855
1.62868
3.93304
3.75456
-0.758589
-0.819365
-0.903364
0.370605
-0.565951
-0.222488
-0.0185245
5.44386
3.40013
1.86209
3.96523
2.89805
-0.58193
-0.347547
-1.05058
0.569744
-0.809859
-0.0772488
-0.0172178
5.42232
3.32498
1.27913
4.24775
3.53034
-0.695313
-0.573271
-0.897807
0.156226
-0.589933
-0.0395677
0.0254218
5.17946
2.91206
1.21051
4.74202
3.91638
-0.921279
-0.846315
-0.890954
0.337491
-0.6266
0.00806556
0.0459877
5.1549
2.67749
1.71968
4.7369
3.45563
-0.702741
-0.586498
-0.965522
0.736939
-0.825937
0.04454
0.0452787
4.78277
3.05092
1.93224
4.7215
3.27191
0.0495734
-0.24642
-0.810827
0.718405
-0.784226
0.152762
-0.00848104
4.84531
3.11877
1.82137
5.0981
3.20113
0.0191899
-0.29859
-0.890217
0.662027
-0.710813
0.148365
-0.0303786
5.3825
2.18168
2.39705
4.8845
2.97161
-0.604102
-0.281382
-0.582713
0.457032
-0.440427
0.0425379
0.0687181
5.62894
2.02231
1.96726
4.45092
3.15965
-0.767044
-0.20371
-0.528052
0.506865
-0.20727
0.156955
0.125978
5.87909
2.08411
1.55389
4.31991
3.30447
-0.328664
-0.440999
-0.503949
0.407209
-0.0275489
0.230958
0.134059
5.42734
1.88588
1.57275
4.0509
3.53985
-0.00886458
-0.699016
-0.38835
0.345961
0.0339291
0.374127
0.169704
5.22458
1.30433
2.12312
4.50875
3.41357
0.182826
-0.802396
-0.809777
0.323996
-0.237874
0.399393
0.174033
5.05205
1.26863
1.98289
4.64141
3.63094
0.013466
-0.962932
-0.95555
0.508641
-0.419877
0.346783
0.154258
5.02959
1.68967
1.4774
4.64282
4.27426
-1.02566
-0.9685
-0.901619
0.623903
-0.356318
0.262974
0.142335
4.8385
1.74064
1.82862
4.79935
4.30826
-0.704741
-1.26389
-0.553857
0.662985
-0.384519
0.252742
0.124996
5.01604
1.33957
2.20394
4.65002
4.92523
-0.260788
-1.46886
-0.631372
0.758407
-0.313999
0.228608
0.132109
4.90739
1.41286
2.13659
4.80526
5.26253
-0.115377
-1.42367
-0.100161
0.708586
-0.134826
0.174544
0.0786523
5.26667
0.94398
1.88821
5.1585
5.56106
-0.19829
-0.825058
-0.205706
1.00352
-0.0176315
0.0550081
0.0944531
5.13001
1.24551
1.43703
5.22415
5.30893
0.0243185
-0.619443
-0.31008
1.12124
-0.140215
0.0980053
0.0842261
4.97914
1.52645
1.17799
5.07637
5.82584
0.00392969
-0.115041
-0.0319017
1.04269
0.0398753
0.131358
0.0984465
4.72626
1.44526
1.35474
5.11034
5.89974
0.35354
-0.385603
0.0908706
1.14052
0.0488505
0.198488
0.0835276
5.09332
1.17677
1.88458
5.26852
5.95479
-0.315411
-0.590266
0.0756507
1.04673
-0.0303764
0.015518
0.0938551
5.03963
1.03659
1.87176
4.96424
5.88951
-0.38793
-0.491072
-0.279048
0.926966
-0.0827784
0.0893111
0.118951
4.87143
1.1342
1.3416
5.08478
5.35513
-0.40561
-0.519257
-0.235967
1.0987
-0.103887
0.204976
0.12239
4.58749
0.912861
1.5491
5.12663
4.96684
-0.029398
-0.772152
-0.100716
1.43872
-0.20824
0.211895
0.106509
4.78314
0.497965
1.66248
4.85914
5.4775
-0.411592
-0.547191
-0.236236
1.41803
0.00124737
0.137683
0.137431
4.88788
0.0169091
1.97696
4.33577
5.03428
-0.0617175
-0.326356
0.451754
0.991624
0.129291
0.243297
0.177494
4.56267
-0.0640042
1.80599
4.12757
3.84665
0.168922
0.173367
0.255392
0.962094
0.134247
0.482235
0.201553
4.22281
0.452832
1.48519
4.17037
4.19363
0.15527
0.643605
-0.130106
0.892408
0.231295
0.560768
0.137642
4.31106
0.676245
1.62231
4.78853
4.69393
-0.00460613
0.88041
-0.251175
0.927425
0.19861
0.463688
0.109317
4.05978
1.60297
2.35034
4.44414
4.15638
0.261591
0.278446
-0.0211391
1.12785
-0.109258
0.371741
0.0807722
4.10791
1.93477
2.79117
3.56958
3.06249
0.235632
0.112678
-0.0826176
1.08381
-0.0922153
0.379225
0.108468
4.40363
1.50471
3.08887
3.36849
3.31021
0.436352
0.246188
-0.663991
0.94189
0.0263298
0.371139
0.139747
4.01421
1.87447
2.76924
3.06081
3.21466
0.727828
0.459668
-0.547362
0.749917
0.250661
0.464796
0.0801167
3.71641
1.96764
2.88665
3.39359
3.3713
0.752779
1.03528
-0.00594723
0.859416
-0.0533705
0.427685
0.0836857
3.89979
1.74189
2.9735
3.79725
4.66519
1.0102
1.15983
0.0868463
1.12769
-0.245316
0.461249
0.144418
4.24073
1.76332
1.73068
3.14726
4.70991
0.343558
-0.252659
-0.318683
1.05744
-0.142183
0.538852
0.13174
4.35555
1.44894
1.16528
3.3818
4.48566
-0.403579
-0.630699
-0.496301
1.09543
-0.0788319
0.600281
0.170807
4.54998
1.30012
1.58018
3.29049
4.35087
-0.833502
-0.35051
-0.518565
1.00072
-0.101256
0.503258
0.230533
4.34447
1.45366
1.78135
3.12506
3.87818
-0.669705
-0.266747
-0.32637
1.00211
-0.302178
0.565053
0.227096
4.31999
1.43776
1.86029
2.87045
3.97701
-0.621941
-0.205278
-0.363472
0.878254
-0.3558
0.598419
0.243285
4.28517
1.38275
2.13097
2.9625
4.44182
-0.680763
-0.330401
-0.299805
0.880619
-0.32076
0.53545
0.233422
3.98962
1.31202
2.21555
2.89454
4.40896
-0.488446
-0.441606
0.210562
0.852183
-0.136506
0.591618
0.175945
3.66648
1.62467
2.66559
2.85751
4.2874
0.000476298
-0.0580973
0.588307
0.860469
-0.0462384
0.46179
0.0991176
3.38161
2.16844
3.45884
2.93446
4.30647
-0.308693
0.361498
0.403996
0.941621
-0.237014
0.375582
0.0906822
3.14674
2.4206
4.11105
3.007
3.61754
-0.521844
0.304082
0.313449
0.923165
-0.279278
0.338163
0.0853768
2.95295
3.04009
4.35997
2.52101
3.57406
0.904706
1.23367
0.0899709
1.01996
0.0450456
0.359954
0.0784619
2.93511
3.13085
4.07844
2.65844
4.45909
1.75869
2.07075
-0.268696
1.04077
0.0896873
0.575102
0.0893538
2.79356
2.73985
3.69156
2.76037
4.05814
1.4464
2.13362
0.123264
1.26434
0.00727477
0.595131
0.110064
2.61926
2.87224
4.26098
2.93833
4.79382
1.48232
2.26173
0.564052
1.03084
-0.18119
0.671895
0.0786877
2.67776
2.89468
3.8264
2.43141
4.21169
1.35329
2.23867
0.633417
0.818249
-0.218842
0.560937
0.0760249
2.58471
2.68213
4.21449
2.53957
3.65551
1.20714
2.12083
0.175252
1.05126
-0.0940121
0.498548
0.0874747
2.66195
2.43575
4.41546
2.4607
3.39546
1.41001
2.0149
-0.439427
1.07387
0.278926
0.416621
0.0989178
2.50356
2.14787
4.12563
2.02843
2.85481
1.32303
2.43034
-0.246282
1.11412
0.31694
0.45045
0.126027
2.32874
2.22917
3.73185
1.85716
2.84726
1.06594
2.34101
0.0186132
1.13854
0.107948
0.601193
0.104108
2.06428
1.86475
3.05435
1.71684
3.76442
1.64271
1.84524
-0.411201
0.973332
0.227291
0.679021
0.0655286
2.43742
1.87876
2.60748
1.47782
3.63431
0.322944
0.907294
-0.0924719
1.04839
0.349835
0.846347
0.0425838
2.54389
2.00364
3.35449
1.65198
3.32795
0.286538
0.521028
-0.637736
0.935595
0.608009
0.808757
0.0465902
2.36005
2.0733
3.70958
1.51142
3.37637
0.854238
1.27407
-0.0841821
0.955807
0.4694
0.659445
0.0717649
2.32098
1.99863
3.61066
1.8971
3.41821
0.422642
1.44594
-0.0954549
1.15444
0.148656
0.656505
0.0856267
2.2703
2.14373
3.49467
1.3691
2.78703
0.741105
1.35629
-1.00868
0.845261
0.262009
0.61768
0.0290419
2.32131
2.10636
3.53425
1.5528
2.91489
0.602516
1.26598
-0.689637
0.821967
0.279956
0.64474
0.0233203
2.29605
2.18461
3.65478
1.27274
2.55799
0.313819
1.30164
-0.600866
0.852672
0.014438
0.621862
0.0280334
2.28051
2.1469
3.38941
1.10369
2.85573
0.435379
1.64951
-0.332865
0.831583
-0.0122126
0.636659
0.052604
