30
15
4
5
29
38
54
37
6
0
3
26
7
-44
-48
-22
-2
5
12
16
19
-1
-8
0
-23
-21
-10
33
25
20
22
10
27
20
37
30
28
23
2
3
18
52
32
42
17
-9
24
21
40
-7
-3
14
20
73
49
16
11
26
26
29
14
20
39
40
66
47
25
43
60
56
67
63
91
94
79
93
72
48
89
95
91
81
73
86
64
40
49
48
38
16
26
75
44
28
36
7
13
-4
-9
-4
12
0
3
24
36
21
9
60
29
-29
-1
-14
-36
-25
-30
-22
-24
-15
-16
-16
-30
-32
-30
4
25
-9
-9
-16
-23
-21
-14
-29
-27
-19
-24
-26
-19
-17
-23
-18
-35
-62
-56
-40
-42
-66
-55
-25
5
10
5
-6
-4
46
66
96
87
64
64
49
73
72
68
55
59
84
106
97
61
55
46
63
50
46
74
44
65
68
63
31
12
12
28
23
-3
5
-11
12
-4
-16
-11
-37
-40
-45
-48
-52
-57
-36
-45
-53
-57
-30
-28
5
25
28
63
38
40
40
48
31
26
48
34
0
-16
4
8
31
27
11
36
29
21
-6
-7
-17
-13
-9
-19
-34
-45
-13
-35
-3
15
-12
-6
-23
-21
-53
-41
-75
-92
-82
-76
-45
-56
-41
-40
-19
-49
-83
-49
-65
-34
-2
-4
6
-8
-31
-28
-9
-4
2
-14
3
-1
-6
3
-8
-7
5
23
-1
-21
-14
-10
-4
-11
-23
-26
21
18
-19
5
34
49
51
40
17
6
15
30
21
0
-5
-14
24
25
-11
1
-17
-12
-14
-34
-27
-21
-41
-50
-42
-34
-24
-55
-29
-34
-50
-34
-61
-50
-52
-44
-49
-41
-60
-91
-89
-77
-49
-64
-10
-11
-66
-67
-64
-54
-67
-45
-53
-50
-38
-23
-25
-28
-19
-16
23
25
8
27
4
27
34
30
26
20
16
-1
14
12
-4
-7
17
-14
-50
-23
-38
-41
-29
-10
10
15
12
17
0
-34
-45
-67
-35
-61
-90
-56
-64
-43
-46
-56
-66
-96
-96
-66
-78
-104
-62
-48
-3
-14
-56
-39
-31
3
-5
-16
-17
6
26
30
27
19
25
31
97
120
104
148
156
124
77
56
20
11
52
41
41
17
16
36
64
37
-18
-13
-15
3
-17
-52
-49
-34
-22
-15
-25
-32
-12
-2
56
94
69
67
83
168
268
288
258
225
149
76
37
-26
-36
-109
-146
-134
-84
-49
-111
-186
-295
-294
-264
-266
-264
-242
-22
107
58
-103
-120
-137
-155
-55
58
64
-75
-149
-17
167
97
-57
-236
-257
-252
-182
-128
-138
-191
-141
-109
-102
-155
-268
-254
-180
-68
-23
-26
-3
66
97
167
339
809
1313
1662
1737
1315
744
335
107
-42
-174
-351
-509
-420
-49
325
386
183
-189
-578
-775
-860
-876
-817
-602
-208
182
433
461
387
298
262
119
-86
-196
-181
42
350
459
414
233
-58
-157
-102
-92
-174
-297
-348
-297
-103
209
321
253
-16
-195
-260
-305
-200
-90
-48
-5
113
69
45
-44
-136
-152
-150
-117
-214
-204
-94
-25
-15
24
-80
-199
-192
-116
68
135
96
23
-51
-36
21
27
7
66
10
73
79
102
153
152
106
101
77
2
120
107
124
149
57
-47
-83
-162
-229
-176
-225
-218
-86
-148
-220
-200
-286
-219
-314
-390
-377
-290
-103
29
59
2
-54
-55
-53
-121
-112
-113
-124
-42
-81
-89
-87
-172
-267
-319
-388
-325
-240
-271
-153
-223
-302
-259
-369
-255
-280
-311
-226
-206
-132
-16
-33
-25
-64
-128
-168
-210
-225
-150
-72
-72
-70
7
-38
17
9
-181
-157
-276
-233
-133
-95
-45
-49
-31
19
65
-11
-65
-176
-185
-158
-146
-86
-29
17
28
160
123
62
-30
-90
-83
-112
-64
-130
-25
44
83
102
7
-127
-161
-169
-103
-94
-132
-66
-20
72
99
97
-68
-147
-236
-327
-281
-248
-193
-132
-44
-108
-146
-194
-295
-305
-270
-215
-218
-227
-212
-147
-75
-81
-172
-229
-306
-352
-364
-349
-230
-205
-267
-348
-372
-287
-151
-72
-21
-23
-90
-110
-228
-216
-25
15
10
-60
-93
38
188
252
240
198
168
158
186
236
240
251
348
370
315
282
295
295
278
248
200
188
135
199
304
421
506
424
354
301
259
283
266
238
246
287
328
304
309
339
289
274
170
122
172
189
248
295
278
180
76
-17
-55
-37
-90
-151
-202
-254
-288
-316
-381
-489
-573
-649
-696
-749
-745
-775
-812
-847
-875
-947
-1001
-1013
-1035
-1038
-1022
-1073
-1154
-1240
-1285
-1270
-1265
-1240
-1206
-1155
-1123
-1024
-906
-736
-549
-332
-40
184
277
266
341
549
873
1118
1193
1227
1339
1468
1546
1556
1481
1468
1504
1398
1251
1133
1130
1151
1091
945
753
581
529
523
521
582
544
476
419
390
457
601
729
837
894
903
871
859
932
1033
1147
1222
1170
1069
1073
1024
972
883
785
661
546
446
357
293
208
82
-143
-397
-682
-882
-937
-953
-1024
-1179
-1337
-1494
-1601
-1687
-1770
-1914
-2097
-2182
-2193
-2113
-2058
-2066
-2058
-2069
-2048
-2068
-2115
-2137
-2090
-1916
-1583
-1071
-475
15
195
70
-140
-79
376
914
1314
1494
1655
1906
2041
1984
1838
1816
1863
1813
1564
1391
1347
1381
1419
1222
850
378
-57
-353
-434
-390
-339
-328
-397
-454
-553
-621
-667
-617
-444
-300
-140
22
309
732
1154
1477
1569
1480
1330
1324
1577
2047
2472
2755
2795
2543
2135
1721
1481
1404
1426
1372
1193
970
741
550
340
68
-308
-700
-984
-1158
-1177
-1091
-1007
-1011
-1181
-1441
-1719
-1940
-2009
-1927
-1784
-1649
-1663
-1792
-1931
-2107
-2222
-2312
-2367
-2404
-2371
-2293
-2149
-1984
-1926
-1989
-2178
-2217
-2023
-1443
-549
162
312
-21
-157
268
959
1321
1289
1354
1801
2271
2292
2127
2127
2316
2319
1933
1447
1218
1249
1339
1375
1267
948
410
-142
-464
-531
-524
-603
-698
-699
-720
-747
-748
-645
-442
-293
-274
-305
-148
281
807
1204
1464
1517
1567
1793
2137
2471
2585
2482
2428
2638
2860
2824
2469
2048
1818
1677
1487
1162
886
786
682
437
12
-427
-739
-871
-969
-1141
-1309
-1452
-1542
-1577
-1607
-1691
-1827
-1929
-1993
-1999
-2016
-2055
-2103
-2125
-2151
-2205
-2310
-2458
-2538
-2546
-2463
-2454
-2510
-2510
-2485
-2416
-2390
-2343
-2139
-1591
-712
42
134
-339
-606
-81
972
1627
1590
1462
1775
2334
2484
2197
2011
2239
2445
2233
1800
1569
1588
1601
1539
1283
858
272
-307
-531
-429
-299
-450
-727
-887
-923
-983
-1088
-1095
-902
-528
-235
-45
108
224
486
828
1168
1373
1464
1593
1907
2422
2816
2884
2675
2554
2622
2728
2622
2258
1966
1862
1812
1567
1170
792
508
260
-65
-431
-744
-895
-970
-1058
-1199
-1436
-1680
-1868
-1904
-1868
-1899
-2005
-2079
-1988
-1869
-1869
-2034
-2165
-2217
-2251
-2347
-2554
-2607
-2524
-2426
-2476
-2694
-2880
-2892
-2803
-2799
-2851
-2848
-2568
-1930
-961
-82
89
-426
-883
-437
707
1633
1764
1608
1899
2523
2763
2422
2207
2442
2771
2708
2280
1981
1983
2030
1874
1560
1081
408
-245
-536
-388
-207
-315
-687
-955
-984
-1055
-1208
-1239
-1022
-706
-492
-415
-231
103
400
553
636
863
1134
1425
1758
2090
2429
2706
2927
2991
2851
2532
2217
2101
2216
2324
2124
1737
1292
953
689
310
-82
-369
-538
-692
-875
-1119
-1313
-1428
-1577
-1784
-2036
-2134
-2142
-2064
-1914
-1847
-1842
-1940
-2047
-2128
-2131
-2133
-2190
-2215
-2254
-2303
-2397
-2447
-2475
-2515
-2562
-2637
-2647
-2622
-2563
-2469
-2283
-1904
-1151
-223
253
-74
-746
-659
497
1852
2353
1957
1702
2107
2645
2673
2415
2467
2835
2963
2663
2324
2246
2300
2109
1712
1323
811
197
-198
-78
286
261
-310
-893
-1065
-994
-954
-1013
-899
-671
-535
-510
-474
-185
200
417
473
585
865
1224
1593
2023
2456
2703
2680
2421
2232
2315
2474
2561
2490
2344
2056
1631
1219
969
835
620
285
-116
-359
-523
-713
-932
-1204
-1429
-1664
-1896
-2035
-1971
-1816
-1734
-1779
-1891
-1957
-2002
-1981
-1965
-1935
-1848
-1901
-2045
-2142
-2128
-2110
-2206
-2390
-2519
-2539
-2498
-2415
-2363
-2318
-2405
-2482
-2240
-1588
-603
161
189
-365
-578
169
1427
2143
1995
1645
1792
2341
2581
2443
2471
2787
3026
2768
2311
2077
2101
2020
1687
1267
812
301
-112
-134
99
131
-278
-885
-1184
-1139
-1057
-1155
-1204
-1072
-936
-925
-966
-776
-350
95
290
382
552
783
1132
1584
2140
2519
2543
2309
2197
2415
2785
2983
2865
2616
2238
1861
1598
1396
1288
1080
701
258
-72
-270
-438
-663
-953
-1243
-1541
-1778
-1892
-1858
-1715
-1718
-1867
-2050
-2109
-2047
-1949
-1881
-1866
-1865
-1930
-2057
-2167
-2145
-2107
-2117
-2185
-2337
-2452
-2517
-2498
-2413
-2336
-2360
-2458
-2586
-2531
-2025
-1059
2
340
-214
-760
-353
958
2009
1979
1425
1374
1936
2343
2267
2252
2647
3040
2939
2429
2127
2178
2084
1758
1370
1040
582
49
-103
228
446
45
-713
-1164
-1045
-905
-1039
-1187
-1153
-1012
-1015
-1004
-785
-385
-88
82
261
509
767
938
1182
1613
2133
2438
2371
2253
2357
2689
2971
2974
2710
2330
1979
1691
1558
1475
1336
1003
582
296
80
-125
-464
-789
-1037
-1300
-1575
-1792
-1857
-1817
-1783
-1891
-2028
-2084
-1992
-1849
-1811
-1842
-1915
-2001
-2085
-2115
-2059
-1997
-2009
-2111
-2229
-2295
-2269
-2307
-2384
-2324
-2319
-2456
-2696
-2707
-2244
-1266
-197
253
-166
-802
-634
462
1676
1934
1454
1156
1454
1983
2189
2245
2535
2945
2955
2572
2201
2145
2136
1839
1405
948
515
157
35
294
500
190
-542
-1105
-1160
-966
-954
-1144
-1226
-1195
-1086
-967
-724
-361
-60
182
362
644
917
1134
1471
1955
2309
2297
2122
2227
2729
3207
3245
2848
2392
2160
2038
1900
1699
1482
1230
917
578
334
145
-141
-450
-838
-1163
-1404
-1619
-1734
-1773
-1787
-1911
-2090
-2186
-2087
-1906
-1860
-1980
-2188
-2268
-2251
-2181
-2089
-2077
-2119
-2240
-2368
-2413
-2359
-2322
-2397
-2510
-2549
-2521
-2535
-2494
-2326
-1831
-924
-107
121
-303
-609
-54
1112
1840
1640
1126
1115
1708
2201
2375
2475
2762
3004
2834
2464
2242
2208
2009
1574
1117
816
560
315
318
496
485
-28
-716
-969
-841
-679
-828
-1074
-1148
-1001
-797
-613
-341
9
355
601
858
1077
1255
1415
1541
1710
1891
2083
2283
2569
2843
2918
2739
2447
2268
2133
1991
1710
1383
1139
901
673
417
192
-31
-312
-635
-945
-1161
-1387
-1630
-1851
-1971
-2022
-2058
-2031
-1996
-1920
-1905
-2007
-2190
-2317
-2323
-2278
-2295
-2389
-2447
-2449
-2359
-2295
-2287
-2331
-2421
-2423
-2353
-2307
-2323
-2403
-2430
-2130
-1317
-270
345
152
-295
-156
786
1727
1771
1220
934
1362
1995
2319
2442
2726
3051
3022
2673
2365
2326
2199
1808
1375
1072
871
649
561
704
787
462
-182
-602
-578
-417
-558
-874
-1114
-1105
-838
-565
-240
73
310
438
556
732
925
1135
1456
1810
2024
2087
2163
2450
3057
3756
3937
3624
3100
2540
1862
1152
632
409
600
872
985
816
238
-588
-1329
-1769
-1882
-1882
-1977
-2069
-2046
-1957
-1854
-1776
-1681
-1602
-1689
-2009
-2522
-2878
-2890
-2614
-2222
-1965
-1947
-2106
-2231
-2325
-2424
-2648
-2920
-3042
-2900
-2566
-2325
-2208
-1891
-1100
95
1182
1351
722
464
1173
2146
2281
1525
984
1447
2424
2962
3032
3157
3267
2976
2174
1394
987
664
180
-278
-466
-508
-607
-650
-339
-27
-289
-1069
-1721
-1667
-1218
-930
-803
-482
128
781
1405
2019
2525
2687
2550
2372
2370
2503
2541
2584
2722
2943
3145
3278
3367
3301
2826
2018
1241
698
381
23
-358
-607
-585
-429
-365
-403
-542
-779
-1110
-1469
-1670
-1589
-1321
-1060
-818
-622
-445
-305
-347
-531
-856
-1293
-1764
-2149
-2361
-2469
-2544
-2634
-2788
-3035
-3309
-3677
-4036
-4292
-4517
-4642
-4673
-4545
-4252
-3817
-3270
-2425
-931
915
2178
2294
1984
2373
3554
4358
4001
3285
3241
3801
4163
4091
3956
3839
3331
2156
838
-103
-666
-1259
-1992
-2591
-3003
-3128
-2960
-2465
-2012
-2065
-2464
-2634
-2195
-1437
-796
-329
364
1319
2212
2942
3531
4099
4453
4418
4084
3717
3570
3567
3519
3298
2879
2389
2049
1776
1432
890
67
-691
-1154
-1280
-1250
-1234
-1209
-1120
-937
-716
-482
-296
-109
-82
-116
-88
2
205
430
597
582
443
244
23
-260
-657
-1119
-1624
-2112
-2562
-2852
-2935
-3051
-3288
-3627
-3967
-4258
-4497
-4683
-4780
-4836
-4794
-4581
-4210
-3704
-3174
-2600
-1914
-875
724
2222
2814
2723
3051
4060
4818
4595
3859
3615
3872
3926
3376
2859
2818
2681
1855
432
-699
-1104
-1375
-2153
-3123
-3640
-3566
-3199
-2895
-2606
-2354
-2078
-1696
-1229
-601
39
648
1257
1907
2538
3204
3849
4498
4719
4419
4276
4187
3834
3279
2712
2292
1880
1341
843
405
146
-70
-282
-535
-788
-879
-783
-778
-835
-665
-340
-44
126
390
615
794
938
926
783
655
644
551
408
163
-98
-315
-627
-1072
-1472
-1796
-2228
-2714
-3156
-3446
-3603
-3729
-3931
-4178
-4329
-4473
-4610
-4642
-4538
-4389
-4220
-3925
-3541
-3161
-2738
-2120
-1018
686
2366
3107
2976
3113
4151
5212
5061
4010
3287
3436
3647
3270
2733
2591
2547
1940
665
-530
-1011
-1235
-1991
-3199
-4044
-4023
-3450
-2848
-2468
-2231
-1964
-1542
-897
-245
279
716
1278
1855
2382
2963
3688
4431
4690
4410
4072
4068
4064
3573
2709
1957
1519
1226
917
507
313
394
298
-104
-473
-517
-418
-474
-769
-926
-658
-141
288
549
784
958
1120
1155
889
593
460
297
-35
-306
-438
-468
-574
-921
-1442
-1897
-2209
-2631
-3193
-3725
-4128
-4311
-4391
-4470
-4564
-4631
-4647
-4627
-4570
-4506
-4353
-4096
-3791
-3481
-2937
-1831
-94
1811
2958
3104
3141
4012
5194
5351
4302
3288
3209
3504
3406
2941
2731
2808
2386
1214
-91
-766
-1052
-1785
-3122
-4266
-4447
-3825
-3094
-2692
-2447
-2145
-1669
-982
-336
129
490
952
1496
2060
2627
3394
4279
4774
4663
4332
4252
4219
3861
3138
2267
1628
1279
1058
789
550
349
89
-263
-609
-721
-722
-832
-1125
-1280
-980
-433
112
488
680
829
1040
1154
1034
791
560
339
86
-145
-339
-454
-591
-928
-1401
-1923
-2346
-2747
-3270
-3867
-4309
-4518
-4588
-4698
-4778
-4686
-4607
-4608
-4655
-4674
-4495
-4193
-3838
-3386
-2581
-1122
874
2529
3155
3268
3865
4991
5508
4841
3781
3318
3520
3500
3003
2608
2666
2633
1826
497
-516
-981
-1543
-2611
-3886
-4557
-4367
-3820
-3277
-2900
-2507
-1904
-1177
-495
-13
341
754
1311
1850
2379
2958
3757
4541
4814
4701
4610
4627
4291
3508
2561
1762
1191
737
291
-76
-167
-61
7
-107
-316
-372
-404
-580
-785
-755
-459
-28
357
681
1038
1416
1746
1727
1362
998
745
435
-49
-501
-762
-920
-1125
-1456
-1869
-2220
-2508
-2975
-3632
-4281
-4682
-4827
-5007
-5233
-5356
-5229
-4992
-4897
-4843
-4678
-4372
-3982
-3517
-2886
-1680
195
1992
2864
3043
3692
5030
5950
5520
4322
3664
3835
3843
3177
2474
2305
2405
1909
732
-317
-791
-1176
-2274
-3733
-4644
-4685
-4251
-3814
-3521
-3177
-2528
-1619
-671
26
471
878
1349
1866
2330
2872
3612
4382
4760
4758
4755
4937
4980
4372
3338
2364
1687
1121
468
56
-7
59
-30
-246
-372
-296
-202
-450
-939
-1189
-907
-427
-20
304
634
1143
1605
1792
1699
1486
1169
756
235
-366
-777
-980
-1171
-1597
-2056
-2356
-2605
-2891
-3387
-4026
-4582
-4986
-5378
-5747
-5875
-5746
-5553
-5426
-5177
-4759
-4231
-3623
-2883
-1628
116
1667
2341
2578
3434
4919
5857
5503
4618
4341
4717
4599
3754
3026
2818
2674
1878
616
-363
-733
-1153
-2245
-3607
-4383
-4380
-4116
-3909
-3825
-3562
-2911
-2062
-1187
-497
98
796
1530
2140
2625
3188
3957
4631
4916
4977
5128
5363
5385
4910
4163
3435
2835
2144
1402
839
475
126
-321
-676
-828
-739
-756
-1034
-1286
-1266
-958
-583
-262
-28
282
716
1084
1268
1305
1308
1241
1041
585
65
-258
-539
-976
-1637
-2235
-2619
-2922
-3387
-3994
-4461
-4792
-5135
-5559
-5903
-6130
-6237
-6238
-6129
-5800
-5253
-4319
-2674
-505
1301
2132
2494
3510
5124
5978
5454
4462
4309
4823
4835
4207
3786
3996
4043
3113
1624
613
186
-604
-2246
-4025
-4894
-4960
-4803
-4711
-4555
-4035
-3233
-2365
-1627
-963
-319
316
888
1314
1802
2556
3655
4669
5270
5709
6214
6684
6632
5987
5131
4345
3555
2571
1611
988
712
446
20
-448
-648
-608
-746
-1214
-1710
-1784
-1559
-1286
-1024
-683
-144
530
1072
1338
1489
1580
1542
1221
620
32
-382
-656
-1102
-1714
-2174
-2411
-2692
-3231
-3892
-4507
-5008
-5590
-6287
-6798
-7011
-6915
-6760
-6546
-6006
-4809
-2760
-471
1026
1539
2154
3632
5297
5783
5009
4368
4684
5263
5027
4330
4196
4588
4486
3359
1986
1293
898
-271
-2207
-3915
-4682
-4846
-5057
-5231
-5067
-4444
-3596
-2813
-2091
-1333
-532
186
764
1163
1677
2480
3524
4472
5073
5718
6494
7043
6994
6507
5947
5290
4370
3161
2080
1394
974
444
-193
-574
-637
-550
-749
-1268
-1645
-1678
-1617
-1638
-1596
-1341
-798
-104
486
807
1162
1631
1817
1524
915
316
-154
-656
-1343
-2017
-2522
-2854
-3243
-3810
-4387
-4919
-5446
-6145
-7018
-7677
-7863
-7704
-7472
-6860
-5237
-2733
-430
784
1498
2934
4963
6040
5475
4587
4635
5290
5309
4622
4253
4717
5177
4634
3432
2560
2087
1087
-823
-2947
-4322
-4919
-5416
-5889
-6029
-5569
-4663
-3685
-2883
-2185
-1395
-565
100
459
822
1478
2516
3517
4212
4896
5884
6936
7439
7236
6784
6400
5741
4562
3217
2201
1572
941
169
-407
-583
-521
-617
-973
-1347
-1468
-1466
-1590
-1800
-1773
-1349
-771
-231
145
595
1218
1642
1648
1249
814
443
-38
-778
-1543
-2110
-2498
-2944
-3636
-4298
-4828
-5329
-6015
-6899
-7549
-7866
-7879
-7625
-6699
-4790
-2685
-1289
-461
986
3181
4871
5030
4399
4434
5121
5417
4939
4536
4862
5304
4999
4108
3430
3106
2374
807
-994
-2402
-3407
-4344
-5249
-5784
-5858
-5520
-4915
-4175
-3410
-2616
-1703
-769
-45
430
954
1766
2700
3458
4079
5051
6219
6983
7135
7128
7190
6944
6125
4930
3822
2900
2045
1047
143
-376
-636
-875
-1248
-1565
-1591
-1523
-1649
-1866
-1916
-1758
-1445
-1054
-705
-376
91
637
947
980
831
619
260
-346
-1147
-1865
-2436
-3033
-3754
-4536
-5114
-5575
-6043
-6565
-7012
-7074
-6858
-6205
-4758
-2953
-1727
-1134
-100
1785
3463
3877
3483
3513
4256
4736
4398
4038
4355
4902
4726
3862
3224
3113
2664
1250
-464
-1613
-2266
-3146
-4146
-4775
-4932
-4722
-4348
-3870
-3357
-2756
-2057
-1323
-721
-314
197
995
1927
2644
3292
4370
5649
6479
6635
6690
6901
6853
6196
5111
4142
3461
2800
1866
979
387
91
-135
-631
-1129
-1300
-1299
-1531
-1886
-2011
-1908
-1688
-1434
-1238
-980
-454
43
238
212
43
-137
-387
-930
-1695
-2333
-2793
-3307
-4032
-4836
-5442
-5850
-6173
-6586
-6755
-6354
-5384
-3818
-2318
-1380
-744
478
2283
3435
3385
2932
3237
3955
4096
3633
3420
3916
4307
3891
3018
2553
2485
1807
272
-1279
-2170
-2749
-3596
-4419
-4663
-4446
-4100
-3693
-3177
-2530
-1890
-1259
-726
-300
71
541
1153
1814
2451
3228
4324
5311
5850
6079
6269
6470
6276
5569
4639
3936
3334
2529
1672
951
597
340
-52
-558
-877
-851
-950
-1266
-1573
-1623
-1506
-1414
-1326
-1162
-907
-608
-417
-406
-457
-676
-994
-1415
-2011
-2613
-3161
-3717
-4439
-5116
-5699
-6292
-6715
-6772
-6441
-5855
-4697
-3041
-1576
-669
47
1406
3004
3673
3253
2860
3309
3953
3950
3582
3646
4199
4489
3960
3139
2768
2368
1168
-629
-2052
-2839
-3576
-4525
-5193
-5210
-4808
-4317
-3856
-3258
-2601
-1944
-1314
-827
-449
-6
625
1377
2176
3052
4203
5386
6188
6544
6738
6963
6764
6074
5126
4180
3500
2748
1900
1110
629
348
-52
-510
-913
-1051
-1177
-1464
-1780
-1899
-1792
-1699
-1471
-1229
-990
-646
-343
-201
-231
-460
-832
-1271
-1873
-2640
-3500
-4306
-5041
-5797
-6518
-7027
-7096
-6815
-6231
-5032
-3222
-1753
-1147
-584
852
2560
3081
2475
2239
3032
3860
3799
3539
4001
4880
5081
4422
3750
3511
3007
1479
-381
-1713
-2594
-3562
-4633
-5143
-5077
-4780
-4393
-3883
-3287
-2752
-2212
-1685
-1235
-951
-604
-23
735
1538
2441
3752
5065
5948
6412
6813
7133
7062
6468
5421
4433
3662
2848
1863
1058
706
473
150
-295
-596
-653
-895
-1411
-1879
-2104
-2182
-2205
-2130
-1965
-1686
-1250
-920
-810
-690
-704
-941
-1378
-2012
-2788
-3549
-4265
-5111
-5993
-6556
-6515
-5909
-4954
-3683
-2183
-927
-275
394
1582
2530
2360
1549
1275
1728
2124
1992
2047
2746
3595
3839
3512
3303
3183
2522
1031
-559
-1618
-2468
-3480
-4352
-4575
-4278
-3823
-3386
-2800
-2110
-1595
-1200
-876
-661
-611
-469
-59
600
1520
2631
3765
4742
5612
6286
6631
6662
6319
5579
4654
3760
2968
2178
1465
987
671
458
265
59
-47
-306
-726
-1132
-1507
-1875
-2225
-2359
-2375
-2220
-1940
-1808
-1758
-1636
-1635
-1961
-2400
-2948
-3680
-4494
-5270
-5927
-6362
-6252
-5636
-4397
-2472
-592
673
1386
2351
3737
4548
3946
2643
2229
2573
2476
1906
1797
2468
3126
3082
2600
2272
2064
1183
-571
-2222
-3225
-3995
-4903
-5562
-5462
-4795
-4077
-3468
-2721
-1825
-1005
-494
-222
-22
134
535
1079
1655
2582
3730
4797
5538
6097
6560
6750
6530
5729
4617
3691
2971
2123
1246
642
483
552
401
108
-41
-15
-302
-838
-1276
-1577
-1785
-1964
-2088
-2098
-1844
-1657
-1710
-1805
-1910
-2273
-2918
-3547
-4337
-5169
-5999
-6723
-6966
-6504
-5307
-3633
-1607
96
1231
2418
3895
5040
5110
4292
3529
3514
3586
3115
2709
3094
3846
3941
3533
3223
2917
2172
565
-1328
-2818
-4008
-5256
-6339
-6636
-6194
-5539
-4846
-3926
-2866
-1855
-1162
-761
-461
-347
-204
258
1172
2262
3217
4214
5405
6550
7272
7423
7017
6287
5285
4014
2733
1556
587
-115
-405
-358
-282
-212
-94
-29
-188
-644
-1249
-1755
-2158
-2549
-2828
-2841
-2581
-2309
-2075
-1869
-1815
-2112
-2780
-3596
-4423
-5346
-6467
-7019
-6381
-4877
-3032
-1377
216
1777
3372
4895
5447
5075
4325
3729
3450
3026
2632
2696
3237
3806
4002
3907
3756
3392
2447
812
-1026
-2588
-3922
-5222
-6129
-6202
-5723
-5048
-4292
-3265
-2090
-1082
-407
-164
-67
33
438
1161
1786
2370
3195
4474
5656
6296
6501
6249
5686
4747
3547
2238
1008
9
-719
-1074
-1115
-987
-787
-538
-387
-404
-720
-1279
-1818
-2268
-2688
-3063
-3235
-3195
-3096
-2949
-2763
-2851
-3166
-3746
-4557
-5453
-6420
-6751
-6177
-4842
-3033
-1384
276
2029
4029
5835
6471
6206
5627
5340
4980
4194
3515
3368
3762
3977
3792
3615
3545
3143
2020
438
-1160
-2650
-4179
-5520
-6298
-6382
-6019
-5491
-4609
-3392
-2104
-917
-17
503
852
1473
2361
2940
3251
3862
4914
5958
6497
6654
6549
6200
5423
4175
2845
1561
365
-801
-1632
-2058
-2231
-2274
-2358
-2301
-2173
-2267
-2659
-3087
-3296
-3576
-3829
-3910
-3905
-3838
-3756
-3628
-3662
-3839
-4263
-4905
-5622
-6085
-5700
-4600
-2936
-1373
-132
1289
3053
4987
5921
5696
5231
5126
5124
4437
3628
3554
4036
4271
3972
3771
3763
3400
2354
944
-348
-1653
-3165
-4515
-5109
-4989
-4724
-4442
-3808
-2685
-1514
-656
6
519
1033
1764
2485
3081
3632
4504
5525
6222
6652
6670
6476
5983
5039
3820
2523
1429
380
-554
-1194
-1500
-1553
-1617
-1807
-1930
-1960
-2273
-2932
-3577
-4016
-4360
-4766
-5050
-5193
-5338
-5297
-5465
-5769
-6264
-6820
-7332
-7598
-6850
-5433
-3456
-1489
311
1938
3479
5310
6383
6485
5831
5308
5353
5033
4413
4014
4341
4858
4629
4034
3510
2973
1848
228
-1436
-2869
-4124
-5362
-5994
-5778
-4997
-4272
-3641
-2541
-1228
-143
566
1289
2268
3155
3781
4362
5345
6382
7120
7495
7626
7538
7017
6206
4987
3730
2585
1465
477
-385
-973
-1342
-1605
-1866
-2272
-2642
-2970
-3450
-4050
-4601
-4916
-5063
-5260
-5360
-4940
-4652
-4945
-5471
-5870
-6041
-6788
-7608
-7421
-5803
-3213
-1567
-770
652
3232
5589
5731
4722
4419
4910
4728
3399
2592
3218
4237
4186
3679
3798
4003
3205
1433
28
-969
-2389
-4248
-5655
-5731
-5071
-4561
-4122
-3199
-1763
-529
326
1331
2462
3251
3592
4192
5111
5818
6293
6686
7027
7049
6853
6384
5530
4396
3271
2359
1523
692
-183
-587
-463
-450
-866
-1441
-1693
-1975
-2769
-3719
-4442
-4833
-5269
-5992
-6560
-6716
-6767
-7184
-7677
-7852
-8026
-7916
-6730
-4232
-1828
-888
-42
1971
4613
5777
4991
4588
5279
5893
5111
3979
4274
5130
5104
4297
3979
3944
2891
935
-629
-1371
-2506
-4474
-6118
-6377
-5669
-5311
-5100
-4450
-3297
-2107
-964
713
2199
2965
3552
4555
5688
6183
6297
6467
6791
6844
6445
5764
5062
4383
3372
2528
1893
1132
184
-575
-610
-560
-899
-1515
-1900
-2033
-2441
-3146
-3898
-4304
-4729
-5492
-6271
-6719
-6957
-7478
-8069
-8342
-8223
-7236
-4796
-2124
-807
-321
1193
4026
5649
4893
3631
4021
5378
5179
3717
3393
4667
5479
4788
3958
3884
3335
1330
-835
-1826
-2438
-4032
-6003
-6586
-5727
-4795
-4525
-4212
-3174
-1477
311
1575
2254
2877
3876
4873
5335
5374
5451
5741
6101
6126
5686
5134
4553
3763
2678
1742
1069
204
-843
-1565
-1591
-1451
-1749
-2390
-2769
-2728
-2928
-3738
-4718
-5167
-5512
-6234
-6993
-7434
-7551
-7890
-8425
-8117
-6151
-2910
-706
-367
383
2943
5635
5799
4151
3638
4791
5577
4708
3841
4507
5712
5857
5175
4902
4482
2729
94
-1745
-2538
-3813
-5848
-7314
-7133
-6015
-5177
-4760
-3967
-2091
60
1405
1799
2205
3043
3923
4579
4759
4948
5409
6181
6682
6531
6219
5697
4805
3455
2059
1024
110
-965
-1950
-2151
-1762
-1786
-2639
-3463
-3558
-3647
-4599
-6081
-6870
-6809
-6958
-7582
-8109
-7784
-7365
-7718
-7396
-4793
-1050
537
53
1086
4550
6970
5831
3903
4414
6255
6268
4443
3860
5012
5683
4786
3921
3959
3134
706
-1616
-2443
-2905
-4409
-6218
-6810
-6023
-5119
-4455
-3228
-1374
348
1271
2092
3028
3523
3592
3744
4257
4584
4661
4943
5499
5762
5489
5145
4722
3811
2188
658
6
-450
-1341
-2388
-2555
-2185
-2502
-3459
-4218
-4456
-5086
-6392
-7563
-7784
-7707
-8247
-8809
-8665
-8054
-7531
-5830
-2460
176
616
876
3455
6388
6278
4164
3772
5737
6740
5400
4356
5463
6743
6139
4922
4637
4137
1709
-1340
-2803
-3256
-4460
-6356
-7115
-6309
-4967
-3578
-2258
-925
289
1350
2125
2518
2530
2369
2706
3549
4378
4714
5090
5813
6204
6027
5498
4818
3522
1641
62
-660
-1039
-1824
-2652
-2720
-2334
-2591
-3738
-4795
-5305
-5961
-7219
-8437
-8840
-8885
-9234
-9595
-9434
-7923
-4686
-1389
106
349
1887
5261
7116
5836
4006
4413
6241
6465
5153
4924
6255
7056
6442
5837
5616
4224
1145
-1419
-2333
-3096
-4852
-6710
-6892
-5430
-3564
-2373
-1887
-1205
-21
1004
1262
921
456
636
1693
2941
3677
4118
4946
5850
6115
5829
5244
4268
2685
1130
324
102
-477
-1599
-2172
-1959
-1958
-3424
-5425
-6535
-7123
-8154
-9690
-10340
-10214
-10094
-10365
-10244
-7472
-3002
-170
-177
138
3684
7342
7159
4640
4277
6625
7950
6757
5750
6893
8139
7633
6547
6264
5688
2984
-385
-1940
-2269
-3459
-5549
-6375
-5050
-2981
-1909
-1827
-1533
-600
290
406
85
-274
-305
601
2127
3254
3680
4306
5399
5988
5472
4489
3633
2433
805
-493
-793
-780
-1564
-2651
-2859
-2475
-3068
-5123
-6888
-7504
-8088
-9514
-10902
-11059
-10837
-10979
-10161
-6425
-2058
-598
-1080
449
4899
6930
4773
2681
4144
7008
7090
5911
6432
8337
8857
7983
7619
7304
5431
1841
-473
-1059
-1832
-3529
-4632
-3385
-1315
-145
-173
-184
220
503
325
-290
-625
-766
-87
1379
2759
3532
3957
4819
5505
5155
3886
2731
1866
762
-427
-985
-767
-1016
-1897
-2550
-2593
-3012
-4722
-6657
-7775
-8409
-9526
-11024
-11701
-11519
-10839
-8390
-4826
-2435
-2052
-1523
1557
4167
3525
1339
1420
4006
5550
5433
5649
7554
8947
8857
8463
8175
7058
3969
1290
106
-562
-1958
-3121
-2499
-1195
-158
-71
-160
-484
-901
-1085
-1448
-1590
-1674
-896
608
2276
3512
4240
5122
5665
5573
4597
3661
2887
1859
891
385
647
422
-486
-1542
-2223
-2965
-4654
-6721
-8335
-9088
-9863
-10973
-11544
-11301
-9692
-6438
-3274
-1785
-1593
-75
3111
4291
2645
927
2005
4291
4946
4662
5372
7172
7876
7438
6807
6346
4845
2029
125
-715
-1258
-2009
-1982
-1193
-462
185
351
34
-971
-1579
-1756
-1869
-1890
-1683
-468
991
2283
3033
3695
4436
4621
4114
3274
2970
2617
1761
944
911
1108
426
-786
-1917
-2781
-4045
-5680
-7159
-8244
-9178
-10393
-11050
-10921
-8777
-5675
-3783
-3099
-2446
551
3230
3105
1418
1072
3371
5164
5685
5726
6931
8357
8605
8306
7317
6257
3994
1855
625
-292
-821
-1270
-874
-577
-99
210
48
-795
-2183
-2566
-2655
-2440
-2521
-1974
-254
1399
2596
2922
3571
4120
4036
3226
2583
2682
2245
1498
921
1226
1226
228
-945
-1752
-2462
-4096
-5978
-7539
-8450
-9690
-10913
-11329
-9617
-6257
-4395
-3953
-3695
-842
2272
2213
380
-433
1852
3842
4622
4888
6113
8008
8723
9055
8272
7436
5641
3821
2784
1822
1486
729
606
395
634
800
269
-783
-2539
-3007
-3095
-2858
-3248
-3317
-1846
-298
842
791
1310
2117
2543
2309
1956
2435
2374
2042
1533
1560
1390
323
-854
-1763
-2396
-3622
-4992
-6172
-6954
-7888
-8947
-9129
-7173
-4318
-3191
-3569
-3265
-108
2241
1323
-877
-995
1634
3361
3990
4236
5565
6945
7613
7766
6812
5765
3964
3041
2545
2366
2387
1900
1965
1810
2098
1585
581
-842
-2315
-2602
-2505
-1894
-2246
-1986
-685
856
1510
761
761
1013
1359
835
499
827
835
798
283
303
-147
-1007
-2056
-2957
-3418
-4354
-5182
-6168
-6841
-7475
-8122
-7598
-5467
-3186
-2714
-3128
-1974
1150
2457
795
-984
-123
2374
3497
3701
4124
5436
6513
7097
6990
5878
4479
3173
2969
2986
3042
2652
2228
2284
2373
2316
1221
118
-1088
-1751
-1676
-1312
-1061
-1593
-1254
-97
1033
691
-222
-246
212
777
650
833
1106
1421
1606
1353
900
-204
-1266
-2231
-2834
-3535
-4433
-5258
-5959
-6287
-6934
-7557
-6671
-4465
-3320
-3950
-4459
-2314
399
130
-1735
-2127
315
2425
3025
3382
4426
5799
6413
6778
6023
4962
3873
3406
3726
3838
4026
3628
3594
3528
3257
2294
645
-646
-1837
-2088
-2065
-1778
-1864
-1937
-961
-77
186
-728
-1144
-954
-575
-287
-288
216
622
1193
1370
1209
571
-379
-1036
-1782
-2489
-3516
-4192
-4649
-5008
-5282
-6047
-6000
-4294
-2298
-2027
-3139
-2818
-182
1374
-8
-1802
-1188
1211
2727
3120
3506
4342
5174
5913
5859
4510
3036
2275
2620
3114
3245
3241
3277
3526
3659
3255
1986
576
-654
-1260
-1238
-1029
-921
-1300
-1116
-261
338
-166
-1197
-1501
-1209
-793
-742
-772
-687
-327
161
201
-326
-1039
-1441
-1661
-2035
-2648
-3187
-3653
-3957
-4350
-4885
-5604
-5378
-3358
-1950
-2160
-3209
-2286
227
619
-945
-2441
-1402
533
1892
2542
2774
3598
4532
5915
5562
3942
2663
2526
3651
3928
3879
3576
3944
4517
4452
3607
1997
1077
202
18
17
66
21
-476
11
492
498
-495
-1328
-1257
-1020
-616
-765
-808
-851
-565
-214
-546
-1271
-2060
-2109
-2099
-2227
-2836
-3408
-3399
-3331
-3458
-4255
-5090
-4960
-3262
-1864
-1923
-2715
-2365
-330
490
-440
-1838
-1738
-334
832
1559
1667
2041
2689
4005
4451
3334
2197
1851
2944
3541
3388
3006
3125
3816
3927
3346
2027
1154
557
444
473
195
74
-199
171
483
306
-278
-823
-842
-819
-602
-489
-410
-535
-713
-430
-510
-995
-1735
-1932
-1527
-1590
-1929
-2397
-2365
-2301
-2370
-2902
-3529
-3955
-3433
-1754
-938
-1175
-1936
-1011
746
919
-391
-1758
-1192
-78
868
1113
1031
1451
2233
3526
3343
2272
1316
1673
2915
3077
2758
2236
2763
3229
3173
2399
1048
436
107
455
227
-170
-468
-447
240
170
-355
-1187
-1398
-1302
-1136
-871
-1144
-944
-657
-428
-377
-466
-806
-1494
-1503
-1319
-1218
-1525
-1821
-1844
-1703
-1699
-2366
-2866
-3456
-3426
-2403
-1371
-1122
-1768
-1724
-422
444
-217
-1470
-1680
-701
500
1162
1422
1676
2161
3240
4001
3511
2364
1966
2871
3623
3377
2872
3030
3761
4130
3710
2626
1773
1333
1243
923
67
-525
-715
-400
-387
-776
-1367
-1765
-1642
-1154
-1141
-1504
-1493
-1097
-462
-655
-928
-1353
-1646
-1416
-1372
-1538
-1836
-2092
-2020
-1863
-1955
-2506
-2857
-2818
-2888
-3168
-2845
-1673
-1031
-1241
-1591
-846
402
516
-357
-933
-306
575
1316
1557
1416
1418
2025
3134
3171
2138
1475
2246
3487
3569
2984
2751
3245
3757
3666
2837
1707
1244
1418
1574
1039
308
63
248
431
24
-935
-1049
-903
-687
-594
-1156
-1010
-1142
-707
-692
-1198
-1495
-1625
-1360
-1401
-1525
-1745
-1629
-1496
-1279
-1354
-1584
-1646
-1857
-1931
-1999
-2519
-2751
-2383
-1508
-1283
-1615
-1720
-1167
-419
-557
-949
-1305
-1030
-388
269
668
603
953
1939
2928
3011
2684
2768
3244
3618
3523
3378
3347
3499
3584
3357
2770
2072
1610
1178
728
189
-258
-739
-1029
-1018
-825
-556
-910
-1137
-875
-560
-456
-689
-962
-1350
-1419
-983
-920
-1161
-1065
-730
-360
-592
-467
-505
-816
-936
-1070
-1207
-1521
-1857
-2086
-2180
-2467
-2671
-2218
-1697
-1478
-1718
-1881
-1436
-954
-961
-1525
-1707
-1181
-319
473
919
1342
1763
2587
3420
3738
3541
3298
3688
4130
4318
4122
3889
3756
3544
3281
2573
1558
631
200
69
-620
-1486
-2035
-1643
-1193
-1025
-1517
-2076
-1927
-1700
-1547
-1645
-1705
-1520
-842
-895
-972
-778
-499
-132
-70
-465
-541
-592
-522
-736
-942
-1087
-1702
-1539
-1294
-1660
-2336
-2814
-2716
-2494
-2449
-2505
-2333
-2071
-1899
-1366
-625
-269
-336
-210
223
570
884
1200
1464
1586
2176
3082
3561
3519
3407
3730
3930
3688
3299
2882
2562
2256
2164
1877
1308
784
455
64
-107
-256
-419
-563
-872
-1081
-667
-588
-1100
-1400
-746
-438
-978
-929
-1339
-432
-82
-319
-628
-1241
-461
-422
-975
-1566
-1466
-1228
-1398
-1390
-1717
-2022
-2100
-2128
-2336
-2828
-3164
-3190
-2918
-2625
-2259
-1664
-1323
-890
-676
-267
-196
-244
-41
-10
329
627
1210
1587
1735
2171
2500
2667
2409
2164
2077
2040
2091
1884
1682
1422
1445
1616
1422
998
679
575
764
852
631
432
476
507
1136
526
522
498
519
986
334
235
148
-256
-376
-638
-722
-931
-1029
-713
-1036
-1166
-1207
-1036
-1275
-1409
-1686
-1835
-1729
-1793
-1607
-1758
-1802
-1590
-1224
-1236
-1626
-1630
-1482
-929
-681
-727
-737
-813
-400
-141
-180
-419
-578
-265
-82
237
397
595
759
885
1308
1331
1183
977
1028
1292
1295
1275
1168
1145
1181
1163
1247
960
999
1220
1064
1109
1355
1270
1250
993
738
674
259
174
351
311
216
-230
-81
-133
-192
-272
-252
-544
-818
-891
-458
-581
-927
-875
-795
-749
-1025
-1153
-993
-956
-1093
-1010
-1169
-1127
-947
-1005
-1361
-1586
-1262
-1078
-1092
-934
-882
-1006
-1079
-817
-620
-874
-1096
-865
-448
-149
212
595
831
927
1223
1466
1365
1261
1468
1654
1722
1790
1977
1746
1542
1707
1734
1185
989
1139
881
735
944
543
57
443
78
361
-694
-644
-170
-12
-286
-644
-47
127
-216
-737
-346
-477
-253
-111
-292
-412
-338
123
155
-325
-596
-802
-269
-704
-1199
-1325
-1144
-697
-1269
-1666
-1893
-1760
-1528
-1850
-2101
-2043
-1408
-1100
-1094
-1094
-912
-376
-158
179
62
293
966
1486
1801
1647
1755
2040
2272
2331
2102
1925
1804
1941
2144
1920
1472
1287
1327
1248
991
561
454
539
513
313
261
500
247
299
112
-139
-11
-6
-196
-325
13
149
-94
-325
-123
-323
-495
-489
-877
-798
-884
-977
-1298
-1389
-1318
-1406
-1414
-1434
-1808
-1919
-1752
-1508
-1695
-1837
-1817
-1737
-1496
-1509
-1663
-1557
-1111
-732
-690
-590
-257
121
277
415
724
908
1173
1463
1632
1677
1666
1769
1821
1724
1564
1509
1570
1659
1778
1414
1607
1646
1596
1420
1076
1142
1168
1177
929
1098
918
845
995
460
560
590
261
-194
-323
95
-376
-943
-657
-325
-364
-890
-1349
-1611
-1174
-793
-1735
-1429
-1504
-1104
-1322
-1646
-1228
-1496
-1248
-1185
-1299
-1352
-1590
-987
-910
-993
-1263
-1407
-327
-362
-171
-557
-351
212
319
358
-218
104
280
499
417
243
742
762
1230
1029
868
932
846
1104
918
1059
884
979
1476
1729
1586
1132
1241
1284
1365
1333
509
603
634
1011
522
677
238
-231
462
-73
-214
-632
-796
-643
-620
-893
-1227
-1132
-945
-1169
-701
-1200
-1077
-1507
-359
-267
-735
-802
-1094
-207
-664
-139
-753
-531
175
-282
-144
-566
-61
-105
-542
-89
-552
40
-166
-305
15
-180
243
-516
-142
-291
-180
-70
-147
259
-146
204
275
374
441
-26
428
279
366
418
284
599
288
1163
781
366
358
86
633
-114
253
33
101
74
-448
141
39
246
-121
-524
-334
-196
-113
-369
-548
-567
-343
-188
-381
-4
-284
44
390
334
-92
-702
399
147
126
-226
91
826
179
442
409
168
648
282
152
-160
296
262
-111
125
-325
103
-310
-87
-202
-390
-358
-633
-251
-377
-339
-368
-448
-97
-468
22
-234
-377
-169
-309
-22
-517
-156
-198
-443
-244
-430
30
-407
-109
134
81
196
-205
-43
243
427
210
-158
-60
583
691
30
-1
322
387
670
307
309
13
-1
561
256
221
430
644
335
338
238
504
559
202
-28
80
85
65
451
181
-101
-188
40
255
-216
-490
-671
-392
-229
-369
-646
-516
-373
-630
-832
-652
-744
-465
-580
-984
-725
-902
-424
-649
-361
-695
-554
-281
1
173
-388
-203
385
354
61
-102
-11
252
210
569
746
274
257
543
752
973
347
406
741
210
785
494
288
365
729
1381
305
372
644
661
841
27
-12
-665
258
552
-154
-248
-338
390
212
-381
-498
-115
-228
-519
-484
-947
-1093
-754
-630
-614
-952
-652
-663
-581
-748
-775
-502
-1246
-853
-500
-571
-640
-735
-17
-127
-431
-20
-139
288
-121
52
290
180
396
69
405
317
636
582
287
360
478
533
277
259
442
543
844
447
916
623
625
928
582
938
68
155
684
421
416
117
76
131
-286
486
-52
-156
-243
-155
-430
-811
-546
-588
-643
-764
-654
-586
-980
-612
-836
-961
-573
-664
-393
-897
-478
-266
-261
-376
-753
97
-185
-158
-274
-244
114
-324
252
401
-88
-11
11
481
-105
274
223
-13
566
259
139
-215
499
682
431
179
-107
703
472
538
399
511
433
104
531
407
234
205
-26
672
-136
-78
10
-223
-7
-514
27
-124
-579
-668
-464
-42
-523
-485
-350
-265
-432
-412
-23
-700
-423
-135
-240
-451
-450
-163
-388
-23
-206
-4
192
-339
54
-277
-24
-52
185
-96
-72
209
200
550
-2
69
361
480
568
-130
-111
-10
455
625
-279
-403
-184
586
282
-81
106
26
566
-276
-162
60
-385
-44
-369
-249
-420
-598
105
-114
-354
-795
-298
66
-161
-373
-531
-247
24
140
-38
-217
-151
223
-60
-287
-19
102
213
22
-323
3
199
364
225
-135
134
334
248
-70
-334
330
335
12
55
142
207
376
471
379
195
120
298
321
77
-11
398
173
274
159
168
518
224
-118
-126
-463
-231
-372
-441
-675
-581
-536
-660
-974
-405
-549
-842
-704
-615
-254
-936
-168
-608
55
-249
-261
224
-441
-145
-115
224
-276
-250
313
219
96
196
156
527
-55
454
371
-3
257
156
474
-51
476
161
807
379
209
721
-109
448
193
612
485
71
639
118
640
482
340
195
-430
744
216
28
-174
-81
384
-463
-7
-617
-626
-524
-715
-381
-995
-396
-549
-439
-313
-780
-71
-477
-472
-515
-560
107
-577
272
-18
-218
-294
-263
152
-256
78
-524
-244
-35
-281
76
-339
20
244
-292
219
101
131
76
20
155
401
355
-77
543
589
446
594
794
818
26
557
766
560
482
108
997
323
36
154
143
91
-62
65
-225
-190
-62
7
-198
-580
-360
-440
-42
-303
-403
-83
-232
42
114
-93
8
-141
187
-75
-221
-222
-102
71
-226
76
134
-84
328
-196
-151
-543
-363
-522
-66
-167
-474
20
-6
175
14
-161
80
-22
377
64
-269
29
129
187
268
173
128
446
336
485
78
131
224
379
291
220
-169
-187
136
618
-42
-427
-18
230
407
-201
-329
-434
-257
363
-72
-555
-219
48
568
-172
-221
434
300
-71
257
417
716
303
103
349
326
397
42
-49
141
195
214
269
-224
-193
274
299
85
-211
-409
-37
112
160
-141
41
470
70
13
-168
41
740
-80
-135
-279
-3
648
-353
-416
-291
-190
196
55
-276
-800
-203
545
-85
-375
-327
-415
108
25
-223
63
134
433
222
-255
243
348
600
178
-42
513
259
615
474
188
140
38
601
3
-180
-269
540
396
-104
-93
-89
355
158
168
205
-157
204
555
397
-160
-395
190
333
251
-470
-247
109
-334
69
-198
-658
-369
29
-23
-486
-244
-126
-129
-90
-461
-266
-272
-251
-25
-425
-222
22
50
113
-25
87
158
234
172
-111
118
231
629
423
95
239
547
563
274
274
203
508
501
-91
-17
177
342
585
-12
127
421
564
270
-193
243
241
286
-150
-118
46
192
253
-15
180
-70
-166
133
-164
49
-341
-522
-336
-560
-135
-768
-420
-708
-661
-154
-629
-514
-781
-328
9
-462
-123
-463
-233
106
142
178
-301
94
403
581
175
-172
678
436
597
-152
-260
449
534
592
-221
134
576
483
861
42
405
355
395
580
171
763
357
516
996
417
710
570
685
507
16
326
350
169
92
123
250
-110
-48
-93
-209
-169
-243
-304
-906
-525
-205
-433
-703
-974
-701
-152
-360
-1142
-861
-699
-421
-337
-429
-235
-613
-201
59
-35
-159
-413
319
272
132
317
-101
373
461
394
468
-75
255
272
346
230
183
317
249
305
322
183
481
529
634
395
378
540
446
669
456
584
380
316
808
724
560
281
494
727
393
317
43
214
233
135
-361
-489
-113
164
-352
-579
-762
-258
-406
-355
-603
-934
-373
-75
-197
-702
-570
-360
-11
-162
-474
-198
-7
-146
-273
-250
187
-243
-36
51
-485
78
123
220
-6
172
146
120
189
-54
168
146
428
823
203
-35
59
724
1005
26
15
296
611
326
155
253
152
513
548
46
276
313
367
308
-197
168
-4
12
-71
-7
233
189
-229
-210
97
-88
46
-332
-312
-452
-336
-94
-489
-633
-447
-157
59
-233
-530
-450
129
-103
-413
-543
-346
33
305
121
-244
-279
200
293
169
-185
-402
31
326
456
35
0
235
714
517
153
45
472
821
501
-138
-94
224
647
317
-50
-63
194
376
-304
-214
23
-102
-235
-3
-63
-60
-50
156
-68
5
383
528
124
-177
-19
19
389
177
-395
-69
-91
190
-80
-340
-244
-231
123
-311
-859
-456
-20
109
-216
-427
-412
11
174
-269
-412
-219
81
94
-4
-300
-308
-236
289
103
90
201
210
100
171
176
218
272
214
133
262
293
449
246
4
-139
-81
603
430
-357
-115
510
801
512
-191
-407
177
589
402
-436
-282
542
622
301
-120
40
370
567
362
-196
-370
90
326
266
-381
-357
-5
198
-32
-378
-442
-312
19
82
-276
-311
-184
96
30
-142
-170
-190
103
41
-44
91
64
30
48
163
39
71
44
-142
-80
88
168
-179
-268
-304
-87
25
-438
-339
-101
-246
-289
-441
-206
-401
-432
-160
-277
-176
-338
83
115
-61
58
177
251
223
246
173
61
347
269
69
102
183
289
90
-131
-48
16
-69
-145
-345
-224
-205
-262
-157
-162
-221
-225
47
42
-140
-112
-56
139
44
31
-34
-28
55
278
-17
-230
-39
16
-81
-176
-221
-236
-393
-181
-34
-517
-558
-325
-120
-379
-731
-556
-423
-247
-120
-369
-400
-234
128
226
-214
-180
146
450
319
-2
139
237
316
305
32
138
75
117
152
-46
37
164
192
20
-202
11
257
57
-158
-111
-130
-125
44
77
-71
-113
200
307
-52
-112
68
316
47
-444
-227
-5
69
141
21
-319
-328
14
184
-403
-659
-373
-187
-352
-408
-374
-512
-522
-347
-156
-408
-697
-375
-67
-208
-449
-192
-19
-335
-436
6
128
-226
-181
21
-57
-384
-291
-98
-418
-332
111
78
-208
-255
308
142
-288
-158
313
265
-232
-46
187
148
110
295
206
-231
18
611
301
-209
-129
335
378
-90
-208
-96
-224
-243
-114
-100
-401
-305
47
-206
-576
-464
-98
-239
-655
-562
-187
-310
-408
-290
-306
-397
-207
265
-66
-498
-322
192
188
-237
-328
-134
-106
-123
-44
-123
-423
-205
79
-156
-333
-281
4
-61
-290
-239
-112
-71
-106
3
146
10
101
301
253
94
240
485
529
309
254
408
315
288
241
115
5
26
170
97
-110
-191
-48
-52
-285
-387
-318
-200
30
-38
-200
-284
-85
113
134
86
-59
18
153
79
75
87
93
28
-55
-54
-85
-44
-120
-80
-176
-162
-95
-132
-306
-312
-111
-14
-90
-248
-226
-116
105
122
-50
-114
-86
-16
150
65
-43
-20
60
101
-8
10
116
131
151
108
-70
-69
-36
91
175
44
-46
44
146
75
-48
-86
64
87
87
-15
8
29
109
166
121
-21
45
188
203
183
95
122
129
177
207
113
-24
5
148
185
40
-117
-32
90
57
-74
-105
-45
86
65
-42
-94
-20
211
195
82
-36
72
273
145
52
11
131
202
138
67
-20
16
218
175
-39
-202
-106
36
-32
-134
-196
-126
-60
-140
-277
-346
-208
-44
-82
-267
-256
-8
139
31
-42
35
233
249
44
-59
46
204
319
145
-18
-29
137
291
95
-127
-45
127
103
-92
-187
-102
63
82
-84
-248
-175
66
162
111
-67
-116
44
139
30
-84
-66
-3
67
22
-95
-40
69
39
-177
-241
-190
-126
-83
-237
-285
-235
-104
-57
-146
-194
-259
-219
-169
-187
-224
-173
-89
-39
39
90
63
-6
-66
-108
-60
2
30
-77
-120
-95
-5
99
