-49
-39
-48
-53
-68
-58
-60
-49
-67
-58
-40
-35
-13
-46
-29
-36
-58
-37
-51
-51
-40
-43
-51
-61
-51
-49
-68
-109
-109
-108
-72
-54
-81
-51
-38
-22
-14
-13
-1
-7
-15
-12
20
5
-16
-36
-46
-61
-70
-47
-51
-15
-22
-34
-34
-40
-43
-37
-42
-72
-63
-55
-9
-3
-28
-30
-40
-41
-46
-40
-47
-25
-1
3
3
14
9
-8
36
44
29
44
37
32
1
-9
-10
-34
-51
-64
-69
-65
-43
-51
-31
-48
-73
-40
-45
-29
-54
-34
-2
3
5
9
-1
-26
-26
-58
-28
-34
-58
-16
-26
-40
-53
-45
-38
-21
-12
-2
13
-2
1
-12
20
13
-10
10
10
31
28
29
30
29
20
-7
-21
-33
-26
-14
22
13
-4
25
-3
0
8
5
13
21
26
30
53
43
55
43
52
34
3
26
24
52
34
38
45
42
49
12
-2
-10
4
-9
18
-2
-26
14
15
11
-13
7
-7
-10
-9
-18
-12
-28
-25
-36
-13
-24
-70
-58
-57
-41
-34
-34
-36
-31
-19
-19
-13
-28
-18
-20
18
18
-7
6
-28
-27
-42
-60
-58
-39
-42
-45
-46
-61
-45
-14
21
7
16
36
42
50
38
51
58
71
56
37
46
39
51
21
49
39
17
50
36
63
29
13
19
27
35
41
36
15
29
-8
35
23
-19
-7
-31
-25
-30
-4
-20
-26
-15
-39
-28
-28
-28
-30
-20
-42
-69
-45
-59
-58
-63
-41
-37
-34
-37
-55
-30
-21
-18
-18
-7
-27
-57
-44
-51
-46
-21
-17
-24
-21
-8
-10
-37
-69
-80
-95
-48
-55
-78
-45
-80
-90
-109
-112
-137
-138
-125
-126
-109
-106
-85
-116
-66
-62
-95
-86
-106
-86
-64
-47
-46
-35
-44
-28
-20
-6
-2
-11
20
-9
-13
10
-22
-3
-13
-9
-15
-32
1
11
16
20
3
-17
24
20
-18
-8
-33
-22
-19
-19
-24
-14
-30
-36
-57
-64
-63
-94
-51
-34
-34
-15
-53
-58
-54
-62
-70
-71
-70
-72
-54
-46
-47
-80
-48
-53
-103
-53
-66
-70
-47
-48
-55
-66
-76
-78
-82
-112
-126
-135
-95
-96
-116
-81
-83
-62
-68
-67
-82
-101
-83
-81
-61
-38
-35
-38
-34
-55
-90
-73
-78
-68
-86
-80
-87
-105
-109
-109
-102
-97
-94
-95
-49
-58
-76
-62
-75
-57
-65
-60
-41
-39
-36
-50
-62
-72
-64
-62
-33
-30
-72
-53
-42
-41
-67
-54
-43
-36
-45
-48
-50
-68
-67
-60
-4
-7
-32
-16
-37
-42
-44
-34
-31
-35
-36
-31
-40
-36
-12
-4
5
-6
-37
-21
-32
-55
-61
-48
-49
-47
-47
-43
-37
-35
-32
-58
-40
-37
-54
-40
-70
-61
-37
-26
-38
-41
-31
-38
-28
-34
-39
-49
-29
-57
-63
-32
-46
-13
-2
-7
-26
-37
-45
-49
-13
-2
-12
-21
11
15
-1
15
4
12
4
-11
-17
3
20
25
4
-13
-27
-35
-2
-25
-30
13
-10
1
2
16
17
13
17
2
10
5
-4
-27
-4
-9
-20
9
-13
-15
-21
-11
-17
-22
-34
-37
-34
-46
-21
-17
10
-1
-38
-32
-39
-28
-52
-52
-43
-26
-11
-21
-5
6
8
-21
10
10
-26
-2
-7
-11
-3
-2
-6
8
8
1
1
-3
-7
15
43
35
15
36
40
67
79
83
84
87
90
98
117
140
162
145
178
188
181
208
235
257
284
299
366
439
582
848
1053
1316
1431
1447
1433
1324
979
628
174
-226
-516
-760
-816
-723
-561
-386
-285
-199
-182
-236
-428
-557
-839
-853
-962
-878
-819
-678
-205
-279
93
-45
236
85
22
-170
-198
-281
-478
-204
-393
27
-219
34
20
274
132
163
489
381
297
71
-129
-342
-488
-852
-622
-598
-477
-472
-154
15
104
127
-28
-48
-128
-434
-585
-607
-750
-698
-572
-191
-100
182
325
481
500
311
215
81
-79
-257
-292
-237
-113
-103
113
346
408
393
430
473
322
282
222
85
56
-49
57
13
-145
-211
-228
-104
-232
-363
-325
-260
-167
-83
41
235
320
271
273
210
56
-24
-53
-90
-135
-116
-11
106
211
319
430
413
384
321
236
45
-86
-103
-60
3
-31
170
175
246
311
331
219
125
47
0
84
-41
7
59
179
94
125
195
126
135
-69
-28
-124
-187
-127
-71
117
-12
98
115
74
33
-116
-171
-286
-296
-428
-295
-282
-333
-150
-126
-175
-95
-210
-377
-317
-516
-592
-479
-515
-493
-266
-255
-345
-202
76
-141
-16
-388
-349
-215
-502
-154
-476
-336
-339
-379
-186
-247
-5
-78
-55
41
-26
93
39
-9
256
181
108
173
223
417
473
647
713
612
586
370
337
89
-258
-330
-578
-631
-510
-311
-44
35
188
190
230
203
222
191
63
-121
-272
-160
23
198
251
343
426
478
433
462
335
278
183
141
62
25
30
156
227
361
404
433
431
286
351
104
-24
-156
-14
-116
-12
-125
-254
263
399
396
440
437
397
325
239
87
-36
-46
-138
-325
-427
-175
-156
-268
-351
-485
-262
155
167
-141
-413
-639
-457
44
-70
-292
-195
-32
312
381
187
10
48
54
40
130
172
-89
-101
-207
31
-68
-134
-193
-345
-547
-133
1109
901
569
-81
-616
-171
233
152
-5
-488
-579
32
296
275
-167
-437
-262
-213
209
279
-53
140
266
-3
-302
-445
-487
-39
78
-216
-283
-288
124
356
282
56
-131
-117
35
34
-49
-183
-186
-325
-282
-340
-270
-237
70
39
-124
97
54
233
110
-58
-83
-215
97
204
190
184
91
225
98
52
-95
-371
-299
-109
178
437
434
593
699
737
691
361
-45
-421
-319
-244
-333
-167
197
743
809
607
281
-320
-413
-321
-315
164
109
384
268
398
454
-104
-243
-730
-705
-538
-215
-99
220
329
381
418
-46
-226
-480
-170
58
302
396
288
394
499
560
562
166
-148
-10
-19
126
290
172
242
114
-202
-121
-413
-429
-207
-143
-132
-133
-237
-162
-70
-49
15
91
-141
-287
-255
-355
-90
-4
-25
-37
-277
-363
-227
-211
-77
-71
-247
-174
-131
85
159
296
377
453
273
158
46
48
339
431
333
288
-5
70
241
418
514
282
244
70
-57
107
211
354
382
258
158
125
308
322
325
342
325
143
70
284
437
601
516
378
354
395
342
250
54
67
195
1
76
5
-174
302
249
165
164
-266
-531
-553
-568
-433
-225
-483
-473
-472
-540
-255
-503
-727
-940
-947
-935
-697
-710
-595
-430
-688
-866
-1091
-1261
-1104
-882
-814
-383
-23
36
-149
-433
-579
-84
108
18
-91
-153
325
963
1245
1197
941
673
728
876
1083
1429
1770
2014
2014
1753
1506
1451
1434
1476
1510
1435
1387
1298
1208
1419
1383
1257
981
555
429
361
552
710
952
967
539
-39
-417
-649
-386
-292
-536
-718
-849
-562
-279
-366
-684
-1020
-1390
-1522
-1581
-1451
-1589
-1291
-1128
-1255
-1378
-1830
-2277
-2347
-2332
-2224
-2039
-2122
-2022
-1856
-1579
-1136
-719
-582
-712
-998
-1070
-681
-21
656
1015
1184
1252
1275
1228
1073
1182
1476
1740
1740
1529
1365
1483
1740
1816
1583
1098
581
423
676
1069
1313
1310
1039
873
860
664
674
638
776
970
1045
964
844
940
1177
1328
1134
762
293
285
646
947
1067
672
522
463
535
440
-66
-590
-914
-817
-512
-453
-650
-996
-1515
-1760
-1845
-1831
-1973
-2388
-2652
-2783
-2911
-2905
-3061
-3022
-2970
-2745
-2665
-2621
-2459
-2122
-1470
-1061
-1163
-1434
-1304
-628
361
881
992
1042
1293
1719
1932
1923
1962
2105
2259
2293
2216
2166
2163
2104
1922
1592
1207
910
766
823
934
1046
975
785
591
482
474
451
473
421
539
673
775
810
890
1028
1142
1113
785
697
766
975
1256
1150
879
593
386
384
291
187
-30
-409
-450
-665
-936
-1273
-1669
-1895
-2181
-2380
-2669
-2877
-2835
-2994
-3325
-3851
-4381
-4458
-4013
-3305
-2664
-2509
-2532
-2315
-1849
-1435
-1390
-1357
-850
58
877
1413
1731
2079
2444
2667
2716
2740
2751
2799
2962
3111
3204
3064
2749
2399
1997
1591
1244
957
814
760
796
852
805
635
407
157
20
-30
-100
44
289
611
825
860
904
885
947
967
1058
1173
1304
1393
1338
1206
1070
884
649
306
-58
-303
-432
-550
-836
-1007
-1472
-1788
-2008
-2407
-2739
-3259
-3755
-4027
-4246
-4394
-4461
-4493
-4263
-3675
-3003
-2537
-2380
-2493
-2494
-2242
-1640
-757
178
868
1315
1703
2086
2553
2863
3043
3160
3312
3503
3596
3664
3697
3694
3502
3117
2593
2013
1587
1339
1342
1355
1187
862
462
176
0
-45
-62
-156
-316
-359
-94
289
670
763
647
525
493
580
809
1087
1358
1528
1483
1268
881
529
394
265
162
-109
-394
-674
-998
-1233
-1726
-2206
-2678
-3207
-3736
-4157
-4651
-4936
-4993
-4873
-4321
-3873
-3872
-4150
-4259
-3662
-2659
-2085
-2054
-1935
-1108
211
1220
1613
1754
2069
2587
3045
3243
3311
3557
4038
4523
4700
4381
3833
3449
3287
3041
2602
2188
1887
1670
1535
1400
1233
958
489
46
-174
-229
-258
-358
-319
-50
290
459
314
111
107
355
647
834
891
940
1076
1167
1100
824
484
184
-54
-192
-397
-670
-985
-1408
-1916
-2433
-3039
-3549
-4019
-4540
-5021
-5529
-5876
-6059
-5851
-5064
-4190
-3691
-3715
-3985
-3873
-3084
-2016
-1234
-966
-789
72
1562
2900
3248
2850
2725
3240
3995
4275
4162
4101
4413
4770
4737
4219
3462
2900
2657
2556
2224
1764
1382
1195
1120
954
638
208
-161
-384
-472
-459
-321
-59
206
471
545
439
374
452
762
1117
1291
1262
1205
1245
1290
1138
760
288
-73
-184
-288
-596
-1110
-1719
-2229
-2664
-3223
-3930
-4708
-5352
-5688
-5938
-6248
-6395
-6047
-5158
-4292
-4019
-4218
-4355
-3829
-2828
-2021
-1568
-1053
10
1456
2440
2539
2264
2397
3152
3918
4186
4182
4283
4633
4965
4957
4523
3864
3239
2797
2578
2387
2159
1841
1526
1225
901
595
255
-29
-200
-227
-190
-113
25
213
401
428
299
168
321
685
1058
1311
1353
1396
1433
1349
1090
760
465
244
70
-154
-484
-976
-1517
-2191
-2884
-3526
-4110
-4617
-5113
-5561
-6027
-6366
-6214
-5480
-4542
-4113
-4340
-4689
-4437
-3637
-2670
-1730
-905
-40
652
1092
1377
1747
2291
2864
3382
3789
4129
4398
4748
4986
4896
4482
3811
3195
2737
2493
2409
2334
2068
1543
994
617
390
196
138
190
347
429
201
-25
25
277
410
262
38
154
683
1315
1723
1803
1786
1648
1448
1239
1041
885
717
483
161
-181
-587
-1074
-1734
-2544
-3327
-3944
-4269
-4516
-4904
-5450
-6160
-6537
-6248
-5434
-4573
-4117
-4164
-4430
-4405
-3643
-2111
-453
505
425
-8
111
1057
2278
3042
3310
3357
3559
4036
4640
5095
5108
4632
3964
3353
2855
2544
2465
2395
2034
1246
348
-197
-227
45
429
733
693
232
-415
-606
-202
398
556
54
-368
-167
741
1660
2047
1904
1565
1435
1551
1754
1741
1500
1050
566
201
-138
-479
-936
-1470
-2075
-2691
-3286
-3822
-4306
-4797
-5296
-5910
-6496
-6776
-6315
-5220
-4201
-3860
-4173
-4402
-3716
-2090
-368
464
169
-419
-279
784
2145
3009
3278
3331
3584
4149
4837
5324
5299
4782
4023
3407
2994
2759
2579
2299
1901
1226
478
12
-37
187
300
246
133
41
-138
-376
-456
-326
-104
-25
-80
-3
403
1106
1610
1786
1691
1564
1656
1855
1937
1723
1262
705
296
23
-139
-412
-934
-1605
-2312
-2811
-3189
-3668
-4383
-5244
-6025
-6620
-6758
-6288
-5342
-4428
-4054
-4302
-4554
-4033
-2602
-883
178
128
-553
-718
157
1653
2825
3232
3219
3370
4042
4937
5657
5820
5241
4244
3420
3154
3184
3081
2607
1896
1181
672
485
539
642
520
103
-201
-189
10
-14
-364
-730
-751
-365
123
421
583
824
1154
1471
1596
1617
1730
1852
1901
1723
1324
930
684
486
194
-204
-689
-1151
-1610
-2069
-2651
-3402
-4201
-4988
-5619
-6169
-6611
-6648
-6067
-5100
-4237
-3998
-4257
-4265
-3386
-1777
-416
-64
-637
-1149
-623
778
2162
2838
2961
3120
3734
4652
5479
5806
5416
4599
3797
3387
3291
3096
2652
2061
1533
1146
886
750
766
808
703
350
-93
-318
-333
-299
-388
-586
-655
-411
98
594
932
1075
1103
1158
1353
1584
1787
1851
1553
1109
778
606
517
287
-120
-582
-1027
-1505
-2040
-2608
-3248
-3949
-4782
-5541
-6286
-6741
-7133
-7211
-6162
-4594
-3389
-2793
-2190
-1238
-246
-239
-1422
-2785
-2769
-971
1611
3707
4550
4295
3844
3990
4809
5598
5560
4551
3225
2296
2058
2125
1998
1744
1562
1501
1555
1469
1180
662
-6
-605
-894
-717
-174
253
227
-164
-448
-125
703
1606
2062
1853
1334
1053
1134
1432
1684
1668
1463
1262
1197
1202
1007
450
-427
-1275
-1752
-1989
-2252
-2836
-3730
-4719
-5535
-6196
-6544
-6978
-7625
-7266
-5633
-3407
-1707
-1257
-1776
-2108
-1242
245
1027
659
-13
248
1764
3588
4626
4776
4599
4740
5080
5269
4991
4040
2727
1544
856
498
299
102
-121
-443
-856
-1215
-1423
-1393
-1333
-1531
-1920
-2008
-1302
48
1500
2441
2763
2870
3241
3689
3731
3239
2419
1872
1783
2073
2415
2546
2561
2399
2120
1696
1087
184
-903
-2022
-2943
-3587
-3832
-3768
-4045
-4538
-5185
-5896
-6473
-6988
-7534
-8239
-8903
-8829
-7350
-4562
-1655
206
794
1088
2097
3741
4923
4623
3404
2613
3105
4426
5660
6258
6241
5912
5486
5068
4402
3242
1430
-562
-2112
-3053
-3438
-3441
-3251
-3183
-3390
-3654
-3494
-2805
-2022
-1678
-1884
-1959
-1219
532
2738
4411
5204
5434
5764
6318
6723
6393
5428
4322
3283
2727
2633
2719
2411
1959
1461
911
293
-437
-1340
-2603
-3836
-4859
-5423
-5582
-5566
-5669
-6019
-6285
-6514
-6666
-6943
-7488
-8248
-8931
-8813
-7468
-4781
-1635
850
2102
2814
4209
6175
7621
7314
5850
4699
4607
5299
6047
6638
6749
6236
5314
4539
3769
2389
250
-2172
-4189
-5726
-6569
-6564
-6010
-5530
-5495
-5414
-4705
-3455
-2357
-1687
-1150
-326
880
2403
4216
5924
7249
8191
8714
8780
8472
7793
6631
5115
3591
2379
1586
1245
1113
851
311
-359
-888
-1266
-1817
-2800
-4010
-5032
-5594
-5769
-5682
-5487
-5386
-5373
-5378
-5431
-5563
-5895
-6520
-7226
-7586
-7149
-5583
-3074
-495
1254
2100
3081
4763
6497
6976
6089
4997
4447
4516
4791
5188
5549
5493
4839
4084
3615
2884
1358
-808
-2855
-4543
-5799
-6239
-5971
-5552
-5480
-5347
-4601
-3400
-2440
-1891
-1233
-421
412
1379
2844
4566
6008
7061
8019
8934
9243
8785
7747
6395
4881
3466
2311
1272
628
393
274
100
-85
-216
-592
-1356
-2406
-3470
-4281
-4865
-5211
-5433
-5529
-5433
-5261
-5121
-5130
-5359
-5890
-6605
-7323
-7772
-7517
-6330
-4214
-1713
388
1654
2688
4488
6474
7083
6032
4743
4499
4877
4904
4713
4937
5273
5044
4395
3769
3135
1784
-365
-2614
-4472
-5688
-6162
-5976
-5754
-5929
-5876
-4814
-3085
-1873
-1484
-1143
-249
1045
2294
3422
4593
5902
7101
7898
8339
8499
8269
7393
5823
4204
3060
2374
1712
940
399
242
205
88
-215
-892
-1759
-2650
-3483
-4218
-4782
-5116
-5345
-5491
-5550
-5498
-5407
-5402
-5736
-6547
-7473
-8110
-8201
-7610
-6092
-3787
-1473
289
1485
2899
4819
6431
6601
5512
4581
4554
5048
5189
5123
5096
5112
4884
4280
3583
2523
931
-1131
-3118
-4699
-5602
-5779
-5685
-5759
-5942
-5444
-4158
-2697
-1719
-1108
-252
835
1953
3119
4484
5903
7017
7516
7601
7741
7935
7726
6605
4910
3490
2729
2364
1855
1099
476
181
5
-234
-681
-1316
-2114
-3086
-4071
-4736
-4966
-5065
-5448
-6089
-6536
-6493
-6188
-6295
-7008
-7877
-8457
-8522
-7689
-5738
-3287
-1268
102
1374
2992
4847
6276
6558
5843
5011
4768
5166
5686
5853
5585
5111
4640
4107
3345
2259
685
-1329
-3394
-5021
-5762
-5793
-5707
-5941
-6183
-5689
-4421
-3018
-1945
-1127
-145
1093
2315
3431
4664
6096
7302
7910
8194
8464
8566
8148
7095
5574
4097
3067
2350
1716
995
405
54
-153
-358
-798
-1396
-2101
-3020
-4009
-4743
-5167
-5448
-5771
-6271
-6695
-6787
-6581
-6664
-7208
-7698
-8044
-8226
-7450
-5365
-3015
-1363
-105
1479
3246
4789
5891
6307
6100
5432
4942
5081
5644
5883
5526
4991
4474
3923
3151
2143
626
-1359
-3397
-5055
-5798
-5891
-5923
-6196
-6192
-5485
-4370
-3167
-2067
-1068
-326
544
1730
3648
5963
7519
8144
8460
8986
9284
9243
8345
6656
4973
3671
2842
2160
1914
1452
730
225
-195
-442
-785
-1366
-2598
-3933
-4808
-5268
-5397
-5734
-6350
-7018
-7098
-6808
-6815
-7222
-7855
-8403
-8722
-8323
-6689
-4491
-2484
-915
470
2181
4057
5658
6329
6093
5534
5022
5056
5418
5740
5621
5316
4982
4401
3699
2707
1400
-523
-2726
-4574
-5754
-6084
-6176
-6392
-6605
-6309
-5432
-4239
-2952
-1968
-1199
-316
1099
2923
4718
6386
7502
8218
9001
9599
9566
8979
7939
6412
4894
3793
2941
2113
1508
944
309
-51
-314
-720
-1314
-2119
-3202
-4260
-4882
-5321
-5854
-6359
-6788
-7174
-7345
-7241
-7338
-7640
-7915
-8200
-8212
-7208
-5085
-2891
-1301
9
1527
3354
5166
6198
6181
5887
5748
5625
5478
5527
5651
5410
4874
4134
3386
2674
1646
6
-1991
-3851
-5260
-6061
-6424
-6679
-6992
-6837
-5995
-4919
-3809
-2626
-1253
186
1497
2670
4048
5785
7400
8236
8484
8671
8856
8818
8169
7015
5711
4624
3738
2829
2028
1332
768
101
-607
-1185
-1611
-2017
-2810
-3846
-4724
-5202
-5521
-5991
-6599
-7155
-7479
-7662
-7820
-8051
-8359
-8561
-8386
-7284
-5155
-2858
-1161
-123
1146
2993
4850
5874
5818
5488
5445
5573
5605
5601
5685
5595
5080
4244
3447
2618
1557
65
-1843
-3692
-5128
-5932
-6259
-6538
-6849
-6842
-6241
-5243
-4292
-3323
-1961
-299
1196
2288
3385
4988
6828
8130
8740
8904
8975
8907
8465
7536
6228
4972
3853
2831
2030
1423
878
277
-330
-1010
-1495
-1933
-2603
-3550
-4566
-5241
-5775
-6181
-6602
-7132
-7458
-7526
-7648
-8095
-8469
-8486
-8238
-7386
-5616
-3254
-1081
522
1733
3149
4952
6263
6428
5903
5591
5627
5629
5558
5510
5384
5058
4464
3698
2839
1713
193
-1582
-3392
-5110
-6364
-6887
-6946
-7017
-7010
-6413
-5385
-4232
-3213
-2007
-422
1070
2252
3399
4938
6700
8066
8715
8859
8934
9009
8694
7648
6278
4975
3820
2814
1936
1269
775
317
-299
-1002
-1506
-1920
-2574
-3541
-4557
-5380
-5889
-6272
-6711
-7090
-7384
-7598
-7760
-7990
-8243
-8460
-8248
-7364
-5641
-3321
-1130
377
1498
3063
5058
6551
6685
6037
5716
5833
5846
5477
5215
5232
5073
4406
3531
2761
1882
548
-1213
-3107
-4843
-6132
-6809
-7081
-7191
-7130
-6629
-5573
-4320
-3117
-1659
66
1471
2342
3320
4956
6613
7772
8302
8455
8709
8962
8743
7721
6476
5280
4042
2788
1764
1080
530
2
-742
-1423
-1681
-1853
-2428
-3460
-4456
-5279
-5852
-6341
-6973
-7622
-7932
-8003
-8174
-8324
-8474
-8532
-8007
-6658
-4703
-2539
-577
849
2076
3840
5802
6702
6450
6023
6009
6106
5826
5407
5288
5310
4924
4066
3317
2689
1619
40
-1722
-3439
-5041
-6255
-6914
-7141
-7163
-6941
-6244
-5085
-3847
-2663
-1108
602
1830
2534
3588
5237
6782
7864
8441
8749
9049
9254
8839
7741
6555
5283
3748
2328
1324
692
232
-300
-983
-1399
-1477
-1749
-2578
-3532
-4422
-5316
-6085
-6882
-7605
-8079
-8225
-8343
-8457
-8287
-8161
-8011
-7313
-5838
-3785
-1550
238
1157
2143
4225
6358
6982
6348
5832
6185
6495
5968
5150
4899
5071
4530
3348
2488
1898
920
-581
-2329
-3980
-5273
-6123
-6555
-6825
-6898
-6656
-5887
-4568
-3342
-2087
-395
1247
2320
3111
4568
6384
7700
8296
8356
8528
8985
9082
8185
6918
5830
4686
3298
1988
1144
601
147
-625
-1508
-1785
-1700
-2093
-3025
-3918
-4664
-5307
-5933
-6774
-7592
-8012
-8184
-8427
-8611
-8630
-8506
-7863
-6474
-4811
-2777
-475
1194
2217
3533
5598
6988
6909
6257
6004
6330
6240
5492
4892
4946
4813
3871
2858
2209
1408
6
-1641
-3238
-4684
-5801
-6553
-6854
-6878
-6799
-6381
-5354
-3939
-2654
-1186
583
1967
2822
3821
5404
6950
7947
8284
8250
8507
8852
8480
7399
6220
5097
3798
2442
1327
547
52
-581
-1444
-1902
-1844
-1931
-2545
-3282
-3969
-4691
-5364
-6126
-6995
-7722
-8091
-8493
-8833
-8842
-8629
-8092
-6933
-5254
-3226
-782
1231
2195
3008
4779
6654
7014
6243
5673
6014
6420
5855
5041
4922
5109
4399
3103
2222
1551
454
-1192
-2882
-4318
-5416
-6215
-6653
-6672
-6581
-6419
-5706
-4393
-3026
-1654
-49
1436
2461
3421
4846
6409
7596
8096
7990
8009
8281
8122
7150
5931
4854
3749
2498
1382
591
144
-326
-1151
-1824
-2029
-2061
-2476
-3256
-4078
-4792
-5409
-6102
-6910
-7556
-7868
-8254
-8714
-8962
-8756
-8085
-6907
-5429
-3580
-1027
1251
2499
3295
4897
6812
7315
6613
5912
6149
6559
5955
5099
4888
5036
4416
3076
2173
1441
313
-1247
-2906
-4282
-5424
-6322
-6775
-6723
-6566
-6423
-5860
-4521
-3001
-1567
142
1636
2758
3832
5181
6639
7592
7943
7735
7540
7755
7527
6515
5361
4396
3442
2301
1234
441
-57
-511
-1374
-2192
-2356
-2362
-2812
-3521
-4122
-4629
-5111
-5700
-6490
-7119
-7459
-7874
-8548
-8898
-8700
-8206
-7131
-5590
-3507
-885
1353
2659
3440
5121
7057
7516
6823
6023
6137
6457
5865
5084
4831
5012
4529
3207
2327
1622
471
-1119
-2986
-4492
-5653
-6509
-6896
-6963
-6757
-6373
-5646
-4202
-2576
-1026
689
2032
3171
4370
5628
6952
7728
8019
7841
7673
7832
7337
6219
5044
4049
3091
1878
696
-139
-583
-1007
-1907
-2677
-2740
-2730
-3110
-3759
-4372
-4738
-5135
-5796
-6706
-7334
-7538
-8030
-8716
-8931
-8505
-7545
-6184
-4621
-2378
280
2327
3291
4181
6069
7433
7310
6470
5945
6261
6174
5504
5030
5034
4984
4024
2903
2234
1202
-323
-2149
-3916
-5267
-6520
-7276
-7421
-7242
-6854
-6376
-5216
-3546
-1965
-323
1256
2618
3812
4868
6031
7236
8191
8527
8244
8192
8236
7626
6487
5140
3945
2745
1425
160
-797
-1222
-1760
-2545
-2977
-2964
-2971
-3344
-3865
-4369
-4740
-5135
-5871
-6718
-7161
-7514
-8039
-8400
-8457
-7994
-7045
-5546
-3785
-1528
1146
2912
3705
4698
6448
7612
7281
6233
5711
6049
6017
5268
4785
5001
5022
3976
2771
2010
1062
-502
-2589
-4466
-5815
-6926
-7697
-7822
-7368
-6813
-6161
-4816
-2940
-1109
549
1889
3009
4169
5388
6377
7265
8057
8310
8183
8202
8195
7526
6382
5074
3702
2376
1025
-267
-1114
-1503
-2181
-2940
-3175
-3094
-3165
-3556
-4012
-4546
-4959
-5408
-6236
-6901
-7211
-7557
-8131
-8424
-8151
-7459
-6247
-4687
-2825
-242
2169
3414
4105
5469
7197
7660
6904
6019
5883
6228
5671
4865
4796
5089
4656
3391
2586
1905
624
-1206
-3299
-4955
-6302
-7487
-8262
-8300
-7788
-7217
-6285
-4615
-2582
-616
1120
2366
3474
4894
6231
7090
7675
8072
8161
8088
8151
7817
6867
5759
4446
3123
1830
495
-706
-1484
-2011
-2803
-3367
-3360
-3345
-3579
-4069
-4541
-4826
-5100
-5661
-6551
-7119
-7407
-7828
-8198
-8286
-7818
-6801
-5384
-3701
-1415
1376
3379
4301
5194
6791
7987
7776
6748
6024
6112
5976
5163
4630
4829
4860
3960
2937
2350
1471
-88
-2120
-4005
-5500
-6926
-8060
-8519
-8246
-7733
-7094
-5758
-3778
-1512
477
1987
3349
4741
6065
6868
7492
7985
8017
7862
7627
7424
6907
6038
4920
3595
2378
1105
-239
-1321
-2130
-2907
-3604
-4017
-4038
-3936
-4022
-4335
-4699
-4961
-5302
-5916
-6599
-7157
-7588
-7898
-8154
-7901
-6996
-5665
-4009
-2009
703
3048
4265
5068
6162
7675
7949
6981
6073
5851
6052
5346
4654
4710
4820
4372
3090
2258
1633
369
-1564
-3694
-5122
-6331
-7575
-8362
-8363
-7777
-7191
-6302
-4773
-2667
-496
1115
2441
3885
5397
6530
7277
7962
8328
8350
8186
7880
7396
6630
5475
4007
2579
1310
-28
-1293
-2200
-2933
-3610
-4003
-4152
-4141
-4123
-4283
-4605
-4960
-5206
-5614
-6249
-6776
-7306
-7739
-7991
-7900
-7297
-6271
-4750
-2816
-203
2466
4091
4942
6014
7495
8162
7461
6385
5885
5889
5497
4677
4527
4822
4608
3622
2649
2111
1110
-627
-2750
-4505
-5783
-7041
-8040
-8342
-7925
-7389
-6634
-5264
-3280
-1030
699
1994
3342
4893
6209
6947
7572
7939
8064
8029
7716
7282
6618
5686
4358
2943
1681
406
-834
-1936
-2873
-3663
-4173
-4491
-4687
-4766
-4871
-5052
-5216
-5391
-5741
-6060
-6459
-6954
-7382
-7722
-7540
-6997
-6050
-4712
-2984
-386
2187
4072
5170
6114
7507
8240
7869
6860
6114
5935
5366
4563
4146
4271
4213
3401
2601
1880
1080
-375
-2380
-4065
-5568
-6789
-7900
-8373
-8002
-7484
-6662
-5508
-3624
-1317
524
1851
2970
4543
5946
6760
7390
7835
8177
8224
8146
7705
7045
6301
4967
3419
1886
451
-896
-2096
-3082
-4036
-4521
-4653
-4834
-4957
-4980
-5070
-5321
-5566
-5954
-6371
-6619
-6998
-7305
-7499
-7297
-6676
-5691
-4084
-2390
-55
2435
4343
5726
6623
7797
8426
8291
7507
6497
6095
5518
4925
4421
4162
4028
3343
2624
1715
783
-481
-2386
-4130
-5735
-6861
-7785
-8385
-8157
-7603
-6625
-5481
-3923
-1695
354
1930
3062
4328
5668
6540
7218
7606
7867
7975
7870
7617
7065
6443
5312
3787
2307
804
-597
-1909
-3042
-4049
-4762
-5076
-5338
-5391
-5412
-5479
-5581
-5755
-6001
-6383
-6619
-6926
-7303
-7507
-7468
-6873
-5784
-4367
-2723
-572
2034
4105
5702
6920
7903
8605
8543
8010
7132
6476
5780
4917
4545
4178
3912
3405
2679
2018
926
-245
-1891
-3601
-5118
-6620
-7596
-8255
-8215
-7766
-6966
-5711
-4223
-2071
-19
1654
3011
4224
5573
6399
7027
7377
7467
7628
7473
7208
6697
6114
5303
3955
2642
1218
-113
-1388
-2736
-3859
-4727
-5170
-5552
-5799
-5852
-5958
-5878
-6048
-6262
-6606
-6899
-7028
-7429
-7631
-7745
-7265
-6088
-4641
-2849
-684
1966
4027
5611
7184
8441
9112
8754
8315
7832
7208
6278
5108
4836
4640
4083
3333
2663
2257
1114
-400
-2005
-3541
-4970
-6665
-7855
-8347
-8319
-8028
-7391
-6035
-4447
-2527
-515
1254
2714
3838
5184
6069
6735
7293
7456
7667
7567
7473
6960
6323
5658
4345
2977
1490
147
-1162
-2444
-3574
-4652
-5135
-5441
-5706
-5878
-5996
-5940
-6121
-6314
-6695
-7048
-7270
-7657
-7912
-8010
-7517
-6694
-5515
-3757
-1553
1149
3296
4942
6585
8137
9230
9055
8581
8258
7790
6975
5692
5170
5113
4717
3913
3050
2659
1866
369
-1401
-3017
-4410
-6073
-7526
-8405
-8542
-8229
-7696
-6626
-5192
-3324
-1319
617
2298
3546
4763
5771
6616
7235
7489
7539
7532
7515
7091
6489
5783
4861
3616
2124
757
-607
-1840
-3062
-4200
-4879
-5265
-5580
-5798
-5883
-5859
-5885
-6048
-6323
-6655
-6965
-7328
-7628
-7782
-7687
-7109
-6092
-4601
-2770
-349
2260
4190
5719
7194
8757
9423
8963
8364
7997
7643
6594
5446
5087
5124
4620
3541
2795
2372
1418
-293
-2090
-3449
-4828
-6432
-7794
-8339
-8139
-7802
-7242
-6093
-4357
-2244
-277
1385
2853
4208
5435
6250
6886
7393
7506
7405
7251
6978
6488
5787
4862
3769
2491
1182
-133
-1348
-2434
-3645
-4579
-5066
-5423
-5672
-5916
-6006
-6022
-6124
-6360
-6714
-6930
-7238
-7662
-8013
-8026
-7439
-6473
-5172
-3599
-1289
1530
3722
5286
6663
8380
9448
9132
8436
8057
8019
7248
5916
5324
5431
5247
4167
3178
2781
2070
512
-1559
-3057
-4292
-5816
-7358
-8253
-8100
-7769
-7338
-6413
-4908
-2918
-1030
596
2051
3435
4894
5873
6476
7104
7553
7737
7558
7385
6947
6265
5452
4251
2928
1572
265
-1059
-2295
-3354
-4371
-4970
-5291
-5578
-5820
-5982
-5890
-5966
-6140
-6504
-6950
-7142
-7613
-7949
-8224
-7980
-7031
-5977
-4404
-2478
365
2934
4528
5999
7361
9010
9460
8713
7962
7688
7690
6643
5599
5355
5397
5067
3881
3079
2550
1611
-250
-2413
-3729
-5043
-6475
-7727
-8190
-7784
-7373
-6632
-5528
-3689
-1438
212
1679
3030
4529
5744
6356
6923
7188
7404
7239
6943
6655
6055
5375
4332
3266
2043
705
-538
-1868
-2914
-3995
-4822
-5377
-5808
-5958
-6217
-6258
-6313
-6426
-6551
-6881
-7115
-7534
-7944
-8233
-8100
-7228
-6296
-5053
-3283
-578
2187
3921
5410
6958
8753
9512
8969
8337
8029
7853
6891
5871
5564
5479
5081
4097
3411
2864
1861
221
-1741
-3224
-4664
-6081
-7318
-7952
-7810
-7429
-6661
-5639
-4071
-2005
-99
1421
2668
4118
5428
6266
6779
7132
7474
7533
7367
6980
6473
5838
4851
3661
2369
1145
-151
-1525
-2773
-3808
-4590
-5218
-5683
-5954
-6077
-6109
-6285
-6493
-6624
-6913
-7244
-7639
-8032
-8283
-8278
-7666
-6725
-5470
-3864
-1588
1254
3373
4863
6313
8053
9258
9085
8437
8046
7970
7274
6085
5593
5640
5363
4299
3422
3048
2299
736
-1291
-2812
-4034
-5564
-7060
-7870
-7777
-7409
-6995
-6139
-4639
-2662
-802
746
2071
3387
4888
5920
6530
7030
7451
7699
7532
7377
6916
6212
5335
4099
2784
1404
160
-1253
-2557
-3671
-4571
-5090
-5577
-5954
-6224
-6249
-6273
-6571
-6818
-7141
-7454
-7775
-8194
-8532
-8640
-8034
-7035
-5843
-4354
-2243
684
3099
4605
5781
7390
8949
9043
8345
7804
7841
7613
6428
5629
5636
5711
4977
3803
3157
2558
1299
-678
-2525
-3839
-5083
-6468
-7589
-7702
-7342
-6836
-6100
-4954
-3166
-1271
436
1687
2984
4528
5643
6328
6875
7448
7725
7695
7497
7048
6512
5652
4487
3141
1814
497
-923
-2191
-3364
-4301
-4980
-5512
-5929
-6210
-6322
-6393
-6552
-6810
-7140
-7429
-7687
-8076
-8466
-8700
-8326
-7445
-6286
-4906
-3061
-277
2130
3833
5213
6779
8454
8858
8420
7926
7976
7844
6720
5868
5812
5974
5308
4176
3495
2948
1875
-148
-2038
-3411
-4710
-6120
-7411
-7663
-7364
-6909
-6269
-5259
-3567
-1723
-37
1246
2437
3855
5033
5848
6486
7090
7499
7631
7552
7269
6889
6160
5084
3791
2394
1109
-362
-1729
-2947
-4008
-4683
-5284
-5710
-6005
-6189
-6275
-6492
-6743
-7024
-7348
-7638
-7989
-8403
-8624
-8425
-7664
-6614
-5359
-3718
-1277
1436
3338
4628
5999
7744
8708
8382
7812
7681
7800
7118
6010
5729
5932
5656
4601
3675
3226
2373
693
-1331
-2866
-4147
-5544
-6882
-7559
-7353
-6904
-6307
-5457
-4120
-2294
-548
926
2081
3128
4420
5520
6215
6783
7254
7691
7750
7608
7255
6520
5648
4489
2980
1480
156
-1204
-2478
-3544
-4341
-4885
-5342
-5669
-5922
-6022
-6077
-6488
-6901
-7253
-7594
-7937
-8385
-8693
-8754
-8059
-7072
-5935
-4515
-2511
316
2477
3967
5107
6702
8290
8289
7732
7449
7763
7558
6374
5719
5945
6153
5248
4023
3509
3062
1704
-471
-2181
-3412
-4670
-6174
-7357
-7314
-6896
-6447
-5831
-4703
-2952
-1230
267
1400
2496
3784
5069
5836
6359
7006
7497
7773
7658
7425
6938
6115
5108
3680
2229
901
-495
-1826
-2988
-3861
-4457
-4948
-5342
-5689
-5860
-5950
-6196
-6638
-7047
-7376
-7715
-8136
-8637
-8752
-8336
-7463
-6540
-5363
-3532
-951
1605
3097
4243
5740
7453
8118
7651
7366
7456
7506
6780
5922
5935
6198
5736
4598
3826
3369
2304
449
-1480
-2818
-4031
-5451
-6782
-7262
-6881
-6408
-5960
-5138
-3724
-1941
-228
1033
2060
3122
4391
5633
6344
6854
7306
7659
7836
7655
7240
6506
5553
4434
2979
1520
256
-1049
-2300
-3322
-4038
-4535
-5002
-5422
-5649
-5753
-5891
-6312
-6806
-7116
-7390
-7850
-8314
-8644
-8597
-7886
-7028
-5892
-4471
-2370
379
2414
3728
4874
6397
7713
7771
7268
7045
7232
7006
6132
5638
5924
6025
5150
4096
3484
2884
1493
-594
-2234
-3417
-4707
-6165
-7204
-7120
-6615
-6232
-5637
-4530
-2880
-1135
256
1400
2499
3675
4906
5780
6434
7077
7535
7772
7702
7479
6977
6077
4994
3677
2236
888
-431
-1732
-2854
-3668
-4232
-4695
-5102
-5392
-5513
-5649
-5925
-6455
-6842
-7117
-7592
-8025
-8464
-8634
-8289
-7442
-6479
-5333
-3668
-1186
1393
2953
4048
5273
6921
7728
7234
6777
6869
7110
6499
5628
5582
6004
5675
4529
3682
3271
2404
519
-1480
-2764
-3890
-5292
-6687
-7134
-6648
-6198
-5862
-5165
-3781
-2106
-695
525
1774
3015
4165
5058
5873
6691
7297
7609
7627
7579
7273
6610
5566
4399
3142
1755
443
-868
-2015
-2906
-3589
-4157
-4612
-4924
-5176
-5394
-5603
-5943
-6378
-6795
-7144
-7492
-7893
-8240
-8422
-7974
-7122
-6214
-5003
-3344
-837
1456
2884
4047
5356
6956
7441
6974
6671
6808
6931
6190
5444
5488
5793
5386
4279
3554
3079
2034
120
-1748
-2929
-4116
-5443
-6659
-6949
-6443
-6056
-5637
-4839
-3373
-1721
-298
960
2122
3211
4358
5322
6087
6829
7327
7626
7650
7600
7254
6402
5401
4249
2942
1551
217
-1089
-2119
-2911
-3598
-4113
-4503
-4770
-5014
-5203
-5444
-5888
-6351
-6732
-7158
-7595
-8016
-8419
-8392
-7693
-6825
-5732
-4412
-2398
201
2075
3356
4368
5914
7154
7034
6583
6471
6800
6561
5771
5418
5765
5896
5042
4098
3558
2986
1504
-515
-2032
-3191
-4386
-5787
-6716
-6608
-6180
-5816
-5252
-4180
-2720
-1208
122
1219
2290
3353
4523
5398
6118
6822
7263
7624
7669
7580
7127
6260
5236
4044
2735
1371
23
-1251
-2207
-2946
-3538
-4005
-4412
-4619
-4858
-5114
-5426
-5977
-6450
-6953
-7429
-7868
-8341
-8534
-8307
-7427
-6419
-5306
-3757
-1426
1213
2785
3763
4889
6453
7311
6752
6262
6378
6683
6212
5360
5364
5857
5672
4580
3702
3316
2451
622
-1384
-2653
-3725
-5126
-6447
-6872
-6409
-5979
-5655
-4894
-3556
-1964
-600
459
1594
2753
3841
4732
5475
6320
6986
7347
7507
7568
7402
6807
5810
4690
3545
2235
873
-434
-1520
-2336
-3032
-3576
-4025
-4386
-4607
-4883
-5192
-5600
-6128
-6616
-7079
-7524
-7999
-8388
-8425
-7814
-6895
-5887
-4683
-2858
-219
1877
3078
3950
5343
6829
6959
6333
6039
6385
6426
5650
5076
5374
5780
5151
4063
3460
3000
1768
-306
-2002
-3049
-4175
-5536
-6599
-6562
-5981
-5595
-5154
-4281
-2854
-1429
-268
665
1628
2840
3926
4737
5534
6424
7073
7348
7527
7577
7217
6454
5367
4177
2996
1705
343
-889
-1768
-2470
-3035
-3456
-3875
-4249
-4503
-4820
-5300
-5822
-6351
-6860
-7310
-7702
-8155
-8393
-8112
-7361
-6409
-5303
-3953
-2012
373
2147
3246
4248
5579
6601
6548
6143
6013
6256
6145
5460
5130
5420
5449
4637
3708
3093
2382
915
-975
-2438
-3438
-4512
-5758
-6458
-6248
-5706
-5297
-4721
-3757
-2379
-982
48
927
1945
3076
4006
4769
5658
6507
7053
7338
7485
7414
7018
6127
4934
3788
2619
1349
4
-1072
-1834
-2414
-2937
-3416
-3774
-4045
-4303
-4769
-5270
-5835
-6410
-6906
-7383
-7781
-8150
-8280
-7900
-7016
-5978
-4893
-3500
-1343
937
2352
3230
4265
5754
6578
6239
5787
5928
6348
6014
5271
5119
5453
5224
4194
3315
2783
1940
204
-1652
-2798
-3657
-4772
-5949
-6290
-5837
-5353
-5067
-4522
-3426
-2066
-852
33
903
2018
3141
4033
4815
5653
6434
6880
7107
7208
7014
6533
5581
4475
3403
2250
1058
-155
-1118
-1817
-2340
-2828
-3311
-3684
-3964
-4292
-4762
-5276
-5917
-6458
-6849
-7273
-7743
-8129
-8150
-7640
-6766
-5821
-4733
-3263
-1034
1108
2375
3278
4322
5771
6402
6000
5661
5856
6203
5750
5072
5042
5344
4994
3932
3122
2601
1670
-107
-1834
-2827
-3713
-4836
-5929
-6188
-5648
-5201
-4908
-4380
-3249
-1888
-750
136
1025
2131
3239
4091
4884
5717
6415
6801
7010
7104
6871
6292
5340
4299
3265
2166
982
-153
-946
-1564
-2069
-2529
-2992
-3436
-3732
-4063
-4570
-5126
-5770
-6307
-6723
-7141
-7563
-7959
-7956
-7270
-6434
-5498
-4473
-3056
-704
1268
2400
3139
4278
5783
6212
5771
5468
5817
6121
5601
4946
4997
5299
4742
3677
2949
2431
1345
-510
-2082
-3002
-3848
-4999
-6020
-6085
-5532
-5099
-4760
-4146
-3037
-1794
-818
76
1040
2103
3032
3818
4709
5646
6299
6630
6889
7032
6847
6139
5137
4149
3165
2089
883
-182
-959
-1514
-2002
-2433
-2849
-3263
-3604
-4041
-4416
-4960
-5640
-6242
-6707
-7047
-7541
-7847
-7805
-7232
-6323
-5439
-4393
-2981
-809
1208
2320
3027
4007
5485
6101
5723
5363
5614
6098
5660
4994
4946
5247
4810
3686
2863
2316
1345
-494
-2130
-3018
-3753
-4807
-5833
-5933
-5359
-4918
-4661
-4104
-3030
-1795
-794
96
973
1959
2973
3797
4694
5544
6185
6542
6782
6903
6594
5945
5012
4109
3144
2113
1014
-1
-670
-1254
-1758
-2210
-2590
-3027
-3500
-3925
-4312
-4849
-5639
-6292
-6727
-6984
-7364
-7788
-7775
-7158
-6218
-5387
-4530
-3161
-954
1009
2077
2743
3813
5324
5892
5513
5185
5548
6015
5577
4920
4895
5176
4694
3596
2757
2196
1149
-649
-2191
-3098
-3818
-4872
-5819
-5882
-5341
-4889
-4640
-4106
-3154
-2063
-1112
-238
688
1532
2470
3588
4572
5351
5910
6428
6897
6975
6633
5832
4987
4248
3249
2083
1016
205
-446
-1007
-1463
-1822
-2269
-2824
-3437
-3930
-4263
-4960
-5819
-6489
-6798
-6922
-7374
-7750
-7683
-6889
-5918
-5241
-4315
-2948
-836
1034
2040
2751
3733
5241
5764
5416
5255
5638
6112
5700
5150
5041
5239
4779
3607
2776
2160
1156
-646
-2160
-2933
-3648
-4594
-5544
-5665
-5197
-4813
-4577
-4111
-3197
-2217
-1286
-455
386
1410
2474
3352
4214
5118
5832
6341
6654
6765
6424
5777
5070
4192
3208
2184
1229
456
-129
-734
-1249
-1660
-2099
-2679
-3298
-3739
-4229
-4897
-5637
-6237
-6596
-6888
-7326
-7563
-7413
-6855
-6032
-5252
-4278
-3004
-1017
891
1874
2522
3446
4877
5575
5323
5024
5319
5940
5692
5100
4933
5149
4753
3662
2854
2188
1187
-503
-2028
-2809
-3480
-4397
-5319
-5426
-4963
-4613
-4411
-4035
-3247
-2343
-1497
-757
7
1053
2119
3015
3930
4894
5699
6135
6399
6508
6197
5587
4816
4021
3165
2303
1422
749
189
-394
-869
-1315
-1739
-2397
-3109
-3693
-4246
-4893
-5655
-6245
-6544
-6725
-7106
-7392
-7327
-6676
-5827
-5210
-4441
-3291
-1245
633
1555
2155
3186
4754
5432
5192
4927
5320
5861
5547
5000
4893
5153
4686
3636
2946
2388
1394
-335
-1749
-2468
-3117
-4080
-5003
-5101
-4794
-4573
-4427
-4026
-3221
-2382
-1641
-908
-27
892
1707
2533
3497
4394
5014
5491
5889
6117
5966
5479
4829
4118
3357
2448
1616
992
411
-197
-723
-1117
-1523
-2195
-2946
-3520
-3995
-4631
-5439
-6085
-6412
-6674
-7030
-7316
-7207
-6573
-5808
-5113
-4323
-3118
-1260
454
1470
2102
3010
4414
5196
5022
4746
5098
5732
5631
5116
4946
5111
4730
3778
2969
2358
1406
-196
-1567
-2364
-2944
-3781
-4619
-4728
-4427
-4235
-4179
-3852
-3152
-2401
-1814
-1194
-320
641
1462
2239
3258
4215
4862
5325
5655
5812
5643
5211
4570
3952
3281
2487
1794
1257
773
199
-313
-746
-1207
-1911
-2693
-3331
-3906
-4563
-5369
-5938
-6193
-6457
-6864
-7141
-7029
-6378
-5691
-5168
-4373
-3119
-1169
359
1206
1903
2929
4402
4984
4821
4672
5175
5740
5569
5276
5199
5377
4828
3989
3328
2641
1634
-51
-1242
-1995
-2627
-3464
-4193
-4235
-4171
-4041
-3959
-3577
-3029
-2527
-1993
-1355
-424
384
1120
1966
3017
3966
4581
5028
5322
5523
5355
4941
4430
3908
3316
2621
2116
1685
1188
612
52
-424
-936
-1720
-2587
-3264
-3780
-4475
-5261
-5699
-5922
-6160
-6606
-6916
-6821
-6342
-5739
-5280
-4632
-3528
-1636
71
974
1471
2372
4128
4945
4665
4293
4809
5708
5578
5136
5069
5475
5138
4171
3492
3046
2194
439
-861
-1544
-2094
-2916
-3799
-3980
-3928
-3774
-3718
-3429
-2921
-2611
-2157
-1582
-687
12
608
1484
2429
3414
3995
4483
4854
5037
4985
4597
4233
3732
3178
2559
2121
1838
1406
860
234
-114
-642
-1494
-2376
-3081
-3579
-4330
-5081
-5569
-5789
-6008
-6500
-6847
-6664
-6050
-5599
-5308
-4746
-3468
-1565
-111
542
1060
2262
3861
4453
4182
4126
4813
5575
5464
5186
5329
5535
5061
4258
3792
3240
2167
589
-519
-1115
-1700
-2527
-3307
-3425
-3442
-3490
-3462
-3113
-2733
-2601
-2245
-1654
-848
-322
286
1137
1996
2820
3373
3963
4298
4433
4318
4091
3899
3461
2983
2402
2111
1848
1404
822
236
-81
-716
-1495
-2305
-2927
-3487
-4302
-4966
-5374
-5560
-5962
-6452
-6675
-6439
-5912
-5491
-5026
-4388
-3054
-1272
40
632
1068
2333
3748
4170
3844
3904
4814
5495
5387
5206
5467
5623
5058
4266
3705
3139
1972
541
-313
-837
-1413
-2199
-2717
-2892
-3105
-3207
-3010
-2683
-2678
-2671
-2186
-1365
-808
-490
119
1019
1846
2448
2942
3371
3698
3772
3714
3590
3429
3127
2645
2308
2108
1909
1438
828
288
-185
-792
-1603
-2375
-3100
-3665
-4257
-4698
-5044
-5396
-5683
-6096
-6177
-5997
-5599
-5187
-4874
-4010
-2486
-846
-39
327
1187
2661
3625
3453
3296
3821
4738
5014
4877
5056
5311
5204
4641
4175
3692
2804
1560
592
19
-595
-1265
-1821
-2107
-2406
-2565
-2308
-2028
-2215
-2572
-2245
-1495
-1030
-966
-707
121
974
1634
2009
2398
2850
3108
3174
2998
2815
2626
2352
2037
1840
1753
1466
945
371
-12
-480
-1162
-1966
-2742
-3304
-3836
-4337
-4780
-5201
-5561
-5820
-5877
-5690
-5404
-5031
-4579
-3704
-2325
-1126
-442
-34
941
2220
2860
2885
3015
3884
4573
4673
4681
5027
5307
4820
4300
3977
3596
2711
1593
1036
593
24
-704
-1060
-1338
-1803
-1945
-1850
-1730
-2125
-2290
-1898
-1350
-1055
-1087
-655
20
740
1195
1419
1702
2006
2358
2335
2221
2130
2122
2017
1658
1555
1399
1076
480
-51
-327
-836
-1510
-2224
-2705
-3204
-3744
-4124
-4470
-4884
-5383
-5520
-5321
-5024
-4750
-4467
-3716
-2494
-1364
-685
-367
310
1437
2159
2323
2510
3199
3911
4165
4413
4890
5052
4565
4103
4079
3865
2885
1741
1377
1229
732
112
-275
-497
-930
-1076
-946
-1101
-1594
-1846
-1449
-1000
-865
-876
-588
-134
370
900
1181
1206
1229
1610
1957
1859
1624
1549
1552
1435
1268
1079
714
150
-289
-443
-825
-1564
-2231
-2551
-2769
-3217
-3621
-3991
-4416
-4805
-4897
-4665
-4468
-4274
-3979
-3165
-2040
-1130
-497
-222
294
955
1469
1857
2021
2503
3048
3649
4275
4616
4639
4278
4109
3881
3413
2525
1680
1355
1082
914
669
523
162
-266
-226
-213
-537
-1203
-1456
-1205
-837
-633
-620
-387
-71
438
888
1064
920
767
1015
1232
1268
1129
1043
1017
938
907
726
291
-270
-700
-980
-1338
-1878
-2379
-2700
-3006
-3253
-3317
-3466
-3921
-4357
-4429
-4234
-4009
-3803
-3404
-2496
-1493
-957
-776
-350
495
1072
1006
842
1379
2485
3119
3242
3493
4098
4366
4086
3719
3294
2735
2027
1744
1730
1401
870
754
1128
947
331
-80
16
-81
-591
-789
-685
-421
-317
-130
171
303
456
669
842
715
629
807
965
888
734
897
971
780
446
163
-122
-549
-984
-1466
-1814
-2152
-2322
-2487
-2809
-3124
-3321
-3098
-3377
-3971
-4254
-4228
-3705
-3151
-2610
-2375
-2066
-1327
-487
-67
-296
-393
8
814
1337
1633
2114
2603
3237
3750
4001
3695
3078
2744
2668
2494
1932
1485
1408
1584
1607
1405
1095
601
277
185
151
-108
-420
-365
-10
349
491
507
437
442
569
734
761
520
445
663
1020
1107
932
710
569
501
327
-61
-663
-1128
-1312
-1429
-1691
-2071
-2229
-2239
-2434
-2599
-2925
-3064
-3216
-3550
-3650
-3444
-3162
-2945
-2866
-2501
-1696
-991
-714
-897
-770
-254
335
568
575
935
1631
2385
2852
3093
3065
2900
2944
2917
2642
2030
1577
1600
1755
1685
1320
1111
1054
862
583
310
102
-100
-139
-2
158
272
292
377
452
467
472
468
473
415
432
587
693
696
614
524
407
303
75
-255
-487
-752
-781
-956
-1249
-1474
-1522
-1432
-1701
-1925
-2285
-2359
-2286
-2337
-2483
-2860
-2916
-2838
-2514
-2284
-2259
-2055
-1553
-950
-667
-718
-570
-228
138
285
439
825
1344
1772
2047
2359
2556
2475
2305
2179
2040
1741
1497
1396
1426
1477
1355
1333
1287
1127
890
698
684
647
581
540
551
675
776
760
611
496
514
541
473
298
258
278
361
346
191
-88
-268
-295
-287
-483
-826
-918
-822
-878
-1083
-1233
-1557
-1577
-1366
-1502
-1866
-1905
-1767
-1782
-1744
-1943
-2134
-2295
-2363
-2084
-1762
-1476
-1352
-1158
-637
-113
100
60
-65
32
262
514
731
923
1147
1452
1849
1996
1903
1558
1297
1262
1162
1013
819
831
1005
1244
1418
1321
1167
1044
1057
1079
988
858
756
840
1010
1161
1039
785
659
632
583
334
61
-33
35
95
-118
-323
-373
-296
-401
-441
-449
-586
-728
-947
-782
-837
-1107
-1186
-1235
-1236
-1203
-1266
-1176
-1239
-1341
-1330
-1326
-1386
-1751
-1774
-1759
-1637
-1317
-1005
-689
-611
-432
-203
8
-18
-203
-244
-227
28
360
549
604
637
915
1118
1112
826
572
587
732
924
939
1045
1188
1401
1681
1649
1474
1293
1338
1407
1355
1194
1088
1171
1192
1191
985
696
413
173
187
-16
-174
-342
-276
25
78
-28
-202
-239
-272
-322
-398
-613
-770
-636
-338
-462
-818
-801
-598
-631
-759
-1091
-1030
-826
-848
-983
-1108
-967
-907
-1003
-1202
-1162
-1031
-747
-605
-576
-540
-470
-341
-264
-353
-553
-726
-641
-396
-251
-220
-225
18
319
495
487
407
450
624
850
1003
1125
1240
1470
1671
1728
1726
1601
1603
1578
1490
1349
1200
1113
993
827
686
500
231
-20
-192
-286
-302
-82
70
-73
-162
-31
-11
50
-32
-158
-397
-287
-28
16
-331
-426
-314
-224
-248
-495
-445
-618
-222
-139
-200
-399
-408
-182
-306
-375
-683
-851
-869
-879
-747
-813
-875
-909
-929
-926
-1152
-1302
-1421
-1427
-1418
-1351
-1084
-876
-551
-357
-173
94
281
537
594
742
899
1101
1343
1425
1529
1606
1727
1759
1726
1681
1524
1413
1245
1143
1019
754
479
167
45
-78
-285
-365
-307
-30
-34
20
-51
-57
250
-63
-145
53
-22
30
-8
81
150
82
155
77
138
-42
-47
-52
54
1
128
162
300
276
-30
-151
-382
-444
-550
-785
-1062
-1315
-1350
-1420
-1623
-1718
-1744
-1773
-1784
-1837
-1790
-1665
-1467
-1229
-1138
-1024
-811
-507
-229
-10
184
410
674
884
1052
1066
1123
1233
1321
1431
1322
1302
1403
1398
1258
1019
897
849
751
542
226
75
15
32
206
223
79
100
508
432
251
261
213
376
527
438
330
533
654
643
829
651
250
299
630
704
360
287
236
523
565
559
125
-126
-138
-145
-353
-829
-1168
-1355
-1308
-1373
-1613
-1890
-1952
-1963
-1781
-1686
-1761
-1796
-1603
-1316
-1223
-1216
-1124
-960
-742
-566
-259
51
264
377
499
702
871
921
792
640
655
836
980
897
765
782
1027
1139
934
666
473
453
396
303
206
211
379
621
659
478
365
570
572
730
449
472
858
806
897
878
678
861
912
1025
863
667
664
856
958
489
358
226
140
44
-262
-357
-590
-754
-746
-1056
-1123
-1276
-1171
-1329
-1466
-1408
-1390
-1398
-1603
-1657
-1539
-1515
-1500
-1563
-1346
-1172
-1087
-1008
-906
-723
-643
-451
-411
-475
-425
-260
5
44
45
148
307
547
547
513
512
667
900
950
889
810
952
1067
984
737
696
796
770
927
846
937
938
1047
930
843
1062
1100
1031
966
1212
1198
1351
1243
1048
832
868
931
662
322
243
-21
-17
72
-307
-440
-663
-502
-702
-884
-1058
-1173
-930
-914
-1139
-1301
-1235
-1233
-1107
-1126
-1327
-1502
-1517
-1212
-1146
-1441
-1462
-1328
-1115
-1140
-1200
-1184
-1064
-849
-877
-908
-838
-704
-506
-425
-366
-278
-107
164
211
187
228
408
660
800
899
930
1058
1087
1194
1183
1131
1186
1151
1161
1252
1326
1405
1247
1380
1406
1719
1744
1420
1312
1279
1442
1416
994
888
700
848
727
291
59
-111
56
-60
-168
-560
-743
-648
-529
-478
-771
-1028
-780
-886
-586
-871
-1177
-1168
-1110
-820
-1086
-1276
-1359
-1078
-971
-1270
-1360
-1433
-1244
-1068
-1188
-1279
-1481
-1151
-972
-982
-1133
-1101
-818
-626
-511
-713
-649
-384
-130
24
-228
-141
101
413
500
482
670
772
1087
1075
1175
1231
1295
1431
1554
1614
1516
1617
1624
1571
1522
1400
1329
1212
1307
1262
1118
821
628
642
714
372
284
-70
-126
-8
-186
-9
-469
-480
-457
-631
-356
-637
-474
-748
-808
-839
-878
-743
-883
-1057
-1140
-1070
-948
-981
-1170
-1260
-1138
-988
-1128
-1128
-1277
-1085
-1084
-1078
-1086
-1257
-915
-818
-820
-776
-845
-759
-674
-555
-569
-616
-561
-409
-140
-41
4
135
291
511
479
594
706
928
1138
1154
1370
1318
1490
1458
1434
1397
1343
1313
1156
1093
1005
887
919
976
782
572
510
658
584
391
192
287
398
35
-157
-391
-78
-16
-169
-345
-779
-281
-57
-476
-784
-852
-756
-490
-631
-731
-824
-717
-961
-892
-884
-867
-729
-1039
-795
-983
-792
-658
-706
-627
-1013
-956
-641
-437
-497
-881
-928
-624
-278
-195
-392
-524
-405
71
162
100
-38
179
559
710
706
522
703
891
931
997
723
779
779
835
674
645
621
587
817
688
593
554
451
484
558
473
313
359
616
413
176
139
341
260
192
35
75
196
-98
-116
-182
-322
-53
-341
-338
-502
-275
-303
-423
-280
-708
-835
-524
-293
-291
-939
-715
-474
-555
-747
-776
-580
-825
-731
-482
-734
-861
-854
-374
-209
-615
-909
-400
-38
46
176
-70
-27
94
568
599
207
50
664
968
588
261
401
545
713
631
449
113
101
673
556
252
-38
210
530
484
125
-92
34
405
401
133
-16
204
188
335
150
-154
15
342
383
-296
-206
-155
103
246
-143
-280
-295
92
136
10
-285
-175
142
-41
-366
-834
-614
-232
-354
-676
-962
-606
-332
-416
-695
-1007
-649
-56
25
-680
-1120
-556
96
345
-244
-508
29
424
554
236
-12
-59
319
665
501
0
-287
513
702
456
18
157
627
551
375
-201
-259
88
523
438
-195
-318
208
630
383
-276
-43
336
421
209
-103
-115
142
402
149
-60
-35
152
399
-7
-73
-91
431
289
-11
-204
-263
95
61
-117
-233
-635
-147
-195
-435
-736
-879
-435
-332
-489
-574
-533
-601
-373
-474
-477
-181
-419
-150
-92
178
249
175
133
74
210
131
52
125
154
263
246
51
-67
-106
524
321
114
29
301
362
356
358
-35
326
573
871
92
-106
311
307
455
226
-137
433
536
815
68
-145
332
312
571
134
-147
25
382
504
263
-328
155
471
408
-117
-44
-68
35
-185
-46
-297
-300
-212
-194
-161
-809
-371
-132
-200
-431
-671
-363
-260
-244
-224
-51
-87
-210
255
8
-122
-213
-160
55
-277
-31
-196
-127
40
-115
46
-106
202
-120
65
174
33
20
14
312
231
76
45
-54
288
376
294
108
107
641
164
324
232
128
672
249
392
180
446
513
236
238
77
396
436
244
86
186
588
167
-117
-158
20
425
15
-149
-414
-181
13
79
-314
-633
-442
6
-81
-287
-563
-339
-35
113
-86
-281
-245
-141
-135
-58
-362
-209
86
-66
-347
-646
-272
153
201
-347
-289
-273
-48
-84
91
-221
-221
78
52
129
-44
-288
26
251
298
85
79
224
114
163
168
402
74
89
-139
-99
452
278
-29
7
108
727
325
-10
73
154
601
144
188
25
76
439
337
117
-65
-163
481
297
-265
-505
-251
373
-71
-327
-158
-277
47
237
101
-362
-274
305
247
23
-545
5
358
-50
-179
-487
-180
-98
48
-293
-559
-272
258
262
-250
-688
-183
-51
141
-195
-299
34
389
82
-215
-272
-142
377
391
207
-196
-303
212
511
149
-188
-469
151
286
358
-290
-158
336
464
167
-358
5
279
652
109
13
229
420
455
251
-79
-78
-54
379
274
-12
-363
-383
304
114
113
-97
-225
424
599
241
-298
-100
448
438
318
4
-138
-53
137
271
-32
-284
-383
-23
-28
-261
-140
113
-184
-42
159
-266
-183
-366
393
419
-265
-135
-201
616
147
-158
236
-23
345
-82
412
73
-224
276
-26
566
-111
-107
430
164
566
-22
-356
-105
55
697
-43
-365
-112
609
465
-190
-43
301
495
-188
-135
105
-153
241
-127
-2
-2
20
360
36
261
-17
411
402
-275
143
278
348
175
-128
-72
197
363
97
-80
-109
22
120
-116
-24
-264
48
-36
-6
287
-432
-111
-150
151
83
-217
-109
-26
154
20
-74
-17
-107
75
81
252
274
-268
-101
-78
440
215
-181
-50
329
600
57
-98
-340
354
491
156
-59
-236
216
439
56
-38
-48
284
90
-145
-230
-220
433
-133
208
60
296
80
-25
540
288
101
-208
233
667
-151
-145
338
374
272
-238
-56
-115
231
3
-38
-89
2
203
-41
10
-22
168
126
-255
-141
-286
182
-121
-140
86
-251
70
-35
19
213
-167
-175
53
-22
-10
-141
41
-125
-169
-165
172
89
-8
204
108
-151
305
84
49
-135
111
179
-78
-461
-315
-83
-8
-29
-316
-250
-130
-210
-241
-173
-14
153
209
255
48
-1
341
372
69
-34
63
325
398
7
-85
127
88
198
-153
-31
149
50
108
-98
-129
4
94
224
-227
-96
-174
-264
-59
-309
63
-632
-249
-20
-134
-368
-423
-22
203
-347
-428
-207
-46
-78
-527
-221
63
-90
10
94
9
63
-51
-52
85
-35
24
97
-230
-43
90
28
-286
-353
-112
-236
-181
-156
-161
-193
-291
25
393
55
-33
-38
284
116
-176
205
168
167
106
63
253
125
-71
-345
81
-215
12
143
-144
-96
-74
464
122
-130
85
-68
327
81
-248
-151
-173
98
-123
-356
-152
-139
-77
-194
48
85
-444
-344
-160
-65
-254
-271
-326
-286
36
-114
-276
-390
-342
30
-142
-131
-356
-497
318
-59
-159
-282
-28
-91
-163
3
-251
-228
-285
165
220
-106
-567
-411
374
224
17
-304
-272
406
105
-96
-184
-175
160
224
218
-2
-142
207
355
299
-105
41
121
131
286
67
446
258
121
175
179
234
264
-23
-281
-48
331
39
-290
-86
237
104
-183
-153
-335
103
-56
-3
204
-234
-236
-567
-21
126
-222
50
-283
-69
-219
-76
43
-475
-82
-205
-52
-147
-426
-19
-14
-212
-411
-473
-39
-421
-38
14
-282
-272
-301
152
-138
-280
-488
20
344
-324
-436
-181
205
204
-220
-63
-281
283
-101
-4
80
-22
541
419
273
31
122
257
204
366
190
83
292
327
112
73
101
20
16
-26
-144
18
-265
-420
-32
-56
103
-431
-238
-279
158
137
-318
-403
-282
246
138
-178
-369
-244
228
-61
-544
-472
-208
223
-412
-513
-281
-157
-189
-664
-172
-300
-68
-46
-436
-350
-68
105
-84
-355
-278
119
145
-74
-342
-286
139
243
-174
-100
-73
57
369
-27
-4
-233
-40
508
488
6
-306
309
534
620
247
-364
-131
585
604
288
10
285
195
113
197
-313
139
-203
30
189
17
-28
-372
-120
-131
84
-93
-332
-28
-222
-148
-368
-254
239
-90
-171
-510
-211
321
-249
-306
-444
-139
-56
-364
-318
-650
-358
17
-97
-306
-618
30
167
-162
-258
-536
-156
-242
17
-74
-514
-301
39
276
-220
-143
-230
-177
479
79
-258
-196
273
395
-31
-37
90
210
344
185
369
321
194
512
146
-64
125
326
480
146
10
-44
-218
6
-34
-217
-155
-184
290
-77
-247
-4
150
154
-156
-349
-69
-33
45
-65
-107
-328
-258
-138
-177
-241
-419
-94
-151
-399
-130
-148
45
-189
-140
-71
-263
-32
-47
-28
-362
-507
150
415
-178
-445
-176
312
100
48
-388
-131
117
74
204
-45
-133
255
302
273
-132
8
323
185
416
48
-76
209
178
256
300
-42
-121
-31
336
-80
-246
-66
443
102
-296
414
544
-86
-238
-13
272
249
-135
-176
159
6
-83
130
-88
-289
-244
172
-91
-380
-95
-69
-111
-81
-142
25
-214
-64
144
154
-93
-391
-82
-16
-294
-245
-268
-236
36
-221
-337
-221
-333
-163
123
27
-121
-423
-172
197
105
-289
-76
159
-95
221
386
-214
-114
179
399
51
-211
-288
267
530
-218
-475
127
381
-149
-103
86
-217
-189
-125
317
193
-260
63
76
486
-14
-46
232
-42
-61
-114
-6
-17
-371
-55
-8
-5
-253
-349
-69
68
-43
-150
-104
-180
-70
164
-20
-246
-181
110
152
-159
-197
-450
-41
-106
-397
-372
40
-192
-206
-139
-21
-12
-76
-281
76
-194
-72
56
49
206
-372
-101
522
654
-37
-284
78
171
162
90
-186
208
6
211
167
-231
-376
28
301
80
-55
16
213
179
61
240
270
-51
30
129
376
61
-243
-9
155
72
-36
-4
-83
-137
24
230
143
-216
-83
-93
31
16
-142
148
156
69
103
81
-137
-279
-190
-197
153
-11
-286
-161
58
229
197
-194
-268
151
506
83
-497
-325
347
494
319
-216
-603
-14
474
431
-192
-427
149
545
333
-144
-476
107
468
224
-234
-379
203
451
266
-73
-59
269
327
411
187
-140
275
597
404
47
34
460
352
75
-48
206
343
320
122
-333
-165
222
614
76
-227
154
174
238
-76
-72
28
17
368
117
-306
-341
43
295
-57
-204
-235
-3
332
56
-167
67
199
225
218
208
6
153
164
66
237
284
347
273
189
245
252
274
197
285
207
-45
-19
158
322
19
-257
-151
179
196
-99
-370
93
226
45
-380
-206
317
146
41
119
52
117
310
413
293
-42
39
275
364
-63
-207
6
144
67
-12
-111
-192
-141
6
-177
-415
-327
-120
35
-391
-343
77
13
-221
-320
-145
262
30
-151
-15
269
240
125
399
180
60
27
390
288
-94
102
97
224
148
2
-109
-140
124
280
-97
-242
-125
188
168
-113
-232
-65
317
285
-166
-266
23
437
342
-133
-98
233
417
255
10
-126
-20
184
369
141
-173
-180
267
90
-216
-85
80
-68
-173
-111
-90
-74
3
-93
-345
-206
-33
73
-152
-416
-209
128
104
-107
-93
43
260
231
157
-100
-73
271
494
238
-51
-33
135
467
230
160
147
352
325
-104
142
51
189
115
88
50
-130
17
182
2
-208
-37
366
91
-389
20
206
174
-26
-93
239
110
157
66
-60
131
208
231
104
-81
-18
269
84
-58
-164
-39
125
38
-69
-122
-79
66
-3
-191
-133
25
-4
-254
-317
-180
-312
-113
40
-63
-106
-175
-63
-14
-120
-47
62
114
39
-131
94
82
140
195
3
72
105
145
88
-58
-118
171
270
21
-47
19
144
44
24
8
17
43
139
71
-39
-82
293
285
-55
24
212
145
-10
30
138
168
-29
-59
198
-4
-234
88
167
-9
-252
-11
57
-286
-237
-21
154
-59
-248
-33
127
-168
-270
44
160
43
-243
-185
33
165
99
-51
-136
34
110
144
-102
-113
44
88
66
-3
-142
-123
119
124
88
36
-25
85
156
41
-201
-92
224
211
-45
-20
66
217
266
26
39
221
176
98
-35
63
181
106
123
55
31
125
38
-53
-180
-80
9
-9
-54
-141
-60
-88
-59
-63
-83
-100
-93
104
4
39
-79
-99
206
-29
-199
-248
-47
209
101
95
-122
-176
-29
-115
-10
34
-84
-23
-152
-63
-34
76
43
-245
-157
61
121
-69
-248
-87
84
268
47
-217
-204
-22
117
142
25
-177
7
288
197
-110
-244
-36
299
224
-74
-247
-91
160
101
-35
-281
-143
160
135
56
-205
-112
140
179
19
-282
-133
133
91
-75
-207
-155
67
89
33
-130
-189
-56
5
77
19
-53
23
76
-4
-57
-34
34
129
18
-62
54
272
183
39
136
282
285
121
-104
-38
172
238
140
-13
5
4
92
145
15
-126
-197
4
145
17
31
-50
25
168
156
14
-139
-123
134
247
128
87
76
150
160
9
36
18
62
49
-52
-204
-145
71
89
-136
-334
-365
-161
-31
-99
-274
-308
-54
89
-11
-196
-361
-160
114
129
-107
-269
-114
72
46
-45
-165
-98
0
102
98
62
-15
43
199
201
165
69
127
152
223
155
153
254
205
190
115
43
-39
-89
6
104
151
85
58
72
136
163
34
-105
-120
1
72
63
27
10
18
32
7
-31
-70
-135
-95
-56
-25
37
19
24
-15
-41
-2
25
-16
16
-3
-93
-115
-88
51
35
-34
-99
-210
-255
-196
-155
-184
-262
-305
-206
-131
-171
-225
-230
-92
-48
-137
-127
-27
12
31
-16
-53
53
144
211
99
-23
69
163
193
90
74
209
152
89
61
66
75
54
60
102
66
-6
9
-62
-43
-26
-73
-11
-4
17
20
9
6
80
91
21
15
115
174
76
-2
14
-28
-33
25
7
-92
-181
-90
31
-37
-114
-135
-180
-236
-300
-229
-209
-233
-171
-213
-299
-394
-389
-287
-266
-275
-198
-124
-97
-128
-121
-75
-52
-69
-66
-71
-64
-45
10
72
36
86
76
28
21
-45
-42
-28
15
63
31
-24
-1
-3
12
35
16
-3
-8
11
12
30
53
100
74
91
91
67
119
85
84
87
61
53
64
58
0
60
63
42
55
-19
45
59
9
-39
-123
-149
-186
-172
-157
-150
-99
-151
-227
-223
-204
-182
-200
-226
-201
-258
-230
-179
-89
-77
-144
-179
-157
-67
-88
-122
-156
-67
74
72
-23
-129
-128
-8
28
-72
-104
-109
-34
42
-4
7
-23
-44
-15
-15
-27
-80
-89
-47
24
65
-17
14
69
97
77
38
46
13
48
81
42
72
116
124
127
118
72
90
119
127
105
76
56
16
48
18
-17
-13
-23
-67
-121
-169
-193
-198
-175
-125
-160
-153
-139
-138
-115
-108
-108
-109
-95
-99
-103
-101
-100
-79
-68
-78
-109
-13
40
19
33
-46
-35
-23
8
79
86
33
52
155
178
205
183
202
171
138
147
106
91
65
96
118
96
99
91
85
62
99
126
131
82
92
125
124
117
79
75
73
67
83
82
75
85
62
73
86
37
1
-27
-66
-46
-24
-46
-89
-116
-105
-86
-28
24
46
9
-12
5
-12
-12
-34
-39
-23
-15
-43
-45
-41
-18
-4
31
55
-4
12
5
16
100
80
40
7
50
131
167
134
134
130
108
130
126
153
81
73
168
165
163
93
103
88
67
62
49
78
83
99
106
136
130
118
91
21
0
-16
5
43
47
39
36
-20
-29
-56
-81
-36
-60
-57
-10
-71
-86
-94
-85
-39
-68
-119
-118
-96
-80
-17
-72
-93
-70
-29
-13
-87
-142
-112
-61
-76
-97
-80
-61
-42
-20
3
-9
19
52
94
133
107
110
140
155
139
164
135
68
62
116
141
107
135
136
142
167
109
116
67
39
77
76
60
43
96
130
126
96
129
126
34
62
82
85
41
7
32
39
14
-40
-16
-31
-79
-126
-114
-126
-143
-109
-109
-111
-117
-121
-141
-185
-247
-261
-229
-189
-192
-166
-76
-85
-108
-75
-141
-168
-159
-134
-85
-29
-29
-31
-31
-30
-1
-3
12
-5
-4
24
-5
1
32
44
23
24
14
2
1
-12
2
-23
-7
22
-14
-28
8
81
129
116
112
112
112
109
121
99
85
87
116
72
2
43
79
77
48
-19
-32
23
-8
-33
-67
-118
-90
-98
-80
-135
-150
-68
-112
-135
-175
-153
-112
-144
-215
-198
-113
-72
-75
-125
-117
-126
-142
-100
-107
-90
-112
-118
-131
-129
-83
-60
-10
-26
-1
25
33
21
-49
-63
-54
-56
-20
7
18
19
28
88
147
113
119
150
187
160
142
207
195
166
145
175
155
110
93
74
107
92
67
59
110
103
68
103
140
139
61
10
-18
19
55
55
62
42
26
51
94
34
-20
-22
-33
-47
-81
-145
-182
-128
-92
-116
-203
-263
-178
-135
-95
-107
-184
-147
-148
-137
-130
-142
-138
-65
11
2
-21
-29
-26
-17
53
58
48
36
42
68
48
17
15
39
103
125
128
132
114
160
207
179
127
134
129
128
141
159
128
132
170
180
135
60
-16
-21
75
71
49
52
22
11
28
50
-7
-47
-13
52
26
-5
-18
-82
-57
-77
-85
