-59
-64
-74
-73
-73
-59
-69
-83
-68
-38
-17
-21
-12
-25
-63
-36
-41
-35
-49
-48
-20
-34
-37
-50
-56
-60
-37
-55
-22
-19
-49
-24
-27
-10
-36
-44
-56
-64
-76
-67
-62
-69
-69
-58
-31
-55
-69
-70
-64
-37
-36
-33
-33
-10
-3
-6
-6
-46
-30
-21
24
-16
-41
-11
-31
-22
-38
-17
-28
-31
-63
-50
-31
-48
-29
-83
-57
-48
-98
-76
-101
-92
-98
-96
-74
-91
-83
-73
-84
-79
-63
-59
-29
-36
-65
-51
-51
-73
-66
-61
-77
-56
-61
-67
-83
-97
-95
-94
-65
-56
-71
-74
-75
-55
-69
-64
-67
-72
-78
-98
-82
-97
-87
-93
-74
-67
-84
-94
-112
-86
-101
-98
-94
-85
-111
-109
-127
-127
-118
-137
-100
-114
-116
-97
-89
-87
-106
-125
-141
-133
-135
-119
-82
-76
-56
-48
-11
-15
-62
-32
-39
-54
-70
-83
-66
-65
-69
-82
-76
-67
-63
-78
-71
-68
-96
-87
-119
-93
-78
-69
-83
-101
-104
-99
-81
-84
-58
-62
-62
-73
-101
-100
-107
-105
-108
-78
-87
-80
-57
-80
-89
-99
-114
-136
-98
-102
-142
-105
-108
-118
-119
-130
-131
-127
-140
-145
-134
-154
-152
-174
-151
-155
-176
-126
-141
-115
-127
-99
-98
-97
-97
-120
-108
-111
-117
-136
-85
-106
-132
-128
-158
-123
-114
-116
-131
-137
-139
-131
-120
-126
-137
-141
-116
-137
-154
-115
-146
-162
-154
-168
-166
-142
-139
-128
-117
-126
-109
-102
-116
-129
-133
-132
-137
-133
-147
-144
-130
-143
-132
-110
-119
-127
-129
-135
-103
-119
-136
-115
-110
-110
-127
-126
-113
-119
-115
-117
-157
-167
-151
-176
-123
-118
-166
-166
-174
-140
-165
-167
-160
-154
-138
-133
-134
-135
-120
-128
-103
-106
-125
-76
-100
-97
-105
-94
-102
-126
-122
-114
-112
-114
-95
-100
-60
-85
-102
-85
-93
-81
-72
-62
-59
-57
-74
-91
-116
-111
-98
-94
-69
-92
-132
-93
-84
-58
-78
-109
-88
-78
-71
-48
-47
-57
-43
-56
-35
-18
-41
-55
-87
-76
-66
-54
-47
-58
-83
-90
-86
-119
-109
-117
-88
-91
-115
-91
-127
-106
-112
-131
-126
-121
-128
-141
-136
-131
-122
-134
-89
-98
-125
-81
-115
-132
-121
-133
-132
-137
-122
-128
-126
-109
-110
-97
-69
-70
-78
-49
-51
-60
-75
-99
-34
8
11
-16
-62
-53
-52
-46
12
-9
-45
-10
-5
26
6
15
23
36
40
70
77
79
73
78
133
114
104
117
117
145
114
111
120
143
145
150
128
273
616
773
607
219
-66
-148
-233
-278
-167
35
131
65
16
-47
-314
-556
-495
-284
-199
-259
-173
-16
-104
-366
-566
-568
-419
-309
-271
-274
-268
-315
-348
-348
-311
-330
-328
-280
-332
-412
-434
-487
-611
-690
-522
-198
189
302
224
118
198
308
119
-65
-54
53
-12
-181
-480
-544
-120
925
2428
2948
1719
-19
-788
-985
-1093
-952
-597
17
813
1136
768
173
-543
-1115
-1292
-1212
-747
-43
515
685
457
-1
-443
-653
-616
-431
-75
462
689
981
1290
967
251
-460
-859
-882
-733
-400
148
666
766
288
-257
-553
-717
-750
-649
-424
-56
64
86
54
-76
-237
-291
-350
-472
-311
133
393
281
164
77
-1
-438
-875
-757
-271
-154
-157
-11
278
207
-286
-686
-797
-714
-416
-162
-70
33
67
68
-214
-373
-521
-632
-454
-124
150
359
300
105
-118
-337
-366
-263
-95
-17
-64
-191
-145
-4
69
-172
-533
-666
-462
-204
-108
-97
-251
-272
-221
-166
-204
-306
-327
-399
-422
-367
-185
-50
-37
-74
-82
-116
-249
-381
-391
-312
-337
-285
-10
-2
-24
-53
-268
-501
-421
-420
-425
-87
100
2
-21
-48
-295
-290
-247
-335
-127
100
3
-139
-173
-275
-319
-240
-400
-411
-236
-39
86
-3
-140
-71
-54
-208
-394
-404
-268
-73
-27
-73
23
55
-72
-92
-286
-499
-370
-276
-203
-51
56
88
151
224
150
90
-124
-284
-91
64
0
43
222
225
289
351
135
-139
-109
-100
-186
-75
39
-15
-62
69
178
138
25
3
-4
-206
-260
80
296
209
203
107
-126
20
159
105
-47
-109
65
188
288
180
-119
-331
-281
-254
-160
39
179
256
266
84
-153
-297
-297
-145
88
178
54
1
115
280
224
7
-227
-267
-93
143
198
66
34
-72
-101
-129
-72
9
125
125
118
139
123
132
160
116
8
-12
-44
49
161
67
17
49
-81
-53
63
38
-114
-58
129
121
93
-14
-70
-2
170
238
167
-14
-63
104
184
147
83
64
179
320
274
154
49
37
159
221
141
141
197
227
134
1
-61
47
183
289
196
197
192
-75
-154
-43
67
56
42
74
173
261
240
85
-60
-145
-165
-78
81
163
232
106
-85
-105
-68
41
50
-16
98
168
37
-89
-93
-28
17
-33
-164
-133
38
158
92
-54
-65
-2
55
53
111
297
260
88
6
-27
93
223
254
254
180
40
30
64
150
246
228
158
150
289
388
380
322
148
77
148
252
316
395
412
329
169
115
167
158
157
139
59
51
138
217
264
163
23
33
124
225
364
308
241
190
154
170
153
123
139
128
124
206
175
115
77
-54
-28
50
92
69
16
-26
-79
-69
-107
-229
-274
-271
-246
-211
-211
-338
-304
-222
-172
-228
-391
-493
-528
-421
-381
-319
-291
-348
-457
-563
-604
-479
-366
-348
-295
-243
-258
-301
-378
-312
-219
-246
-241
-145
-29
167
320
218
101
52
118
268
350
421
477
517
577
603
551
506
524
634
700
717
734
760
830
806
728
675
663
738
834
851
764
654
516
446
538
611
615
545
484
460
416
380
267
206
205
255
191
116
76
108
95
-57
-265
-389
-369
-372
-277
-256
-474
-682
-807
-854
-845
-972
-1135
-1125
-1051
-1154
-1386
-1535
-1569
-1543
-1473
-1510
-1572
-1625
-1599
-1511
-1572
-1761
-1959
-1970
-1810
-1609
-1342
-971
-498
-248
-412
-846
-1051
-610
116
620
731
703
791
1027
1156
1187
1279
1468
1711
1760
1710
1702
1736
1770
1703
1577
1391
1293
1322
1393
1426
1285
1031
806
731
755
814
796
689
637
543
523
519
461
477
548
562
509
489
507
654
747
717
672
584
571
493
437
426
356
300
192
133
97
-89
-241
-266
-418
-641
-822
-954
-978
-998
-1179
-1500
-1812
-2097
-2186
-2142
-2179
-2263
-2379
-2447
-2459
-2540
-2618
-2639
-2642
-2611
-2477
-2298
-2020
-1650
-1303
-1096
-1078
-1073
-930
-520
21
488
813
929
1044
1142
1303
1505
1684
1872
2015
2032
2002
1986
1966
1966
1885
1687
1465
1272
1213
1171
1049
868
708
592
533
435
292
104
-2
119
227
246
223
207
223
246
270
314
413
607
770
859
894
920
933
983
961
868
875
903
885
811
754
614
470
339
225
79
-134
-348
-580
-746
-965
-1169
-1337
-1514
-1692
-1947
-2173
-2350
-2507
-2706
-2795
-2822
-2937
-2996
-3035
-3084
-3109
-3067
-2957
-2873
-2755
-2675
-2551
-2175
-1528
-1008
-868
-1028
-1094
-711
46
788
1063
1047
1124
1363
1701
1906
1995
2127
2299
2449
2497
2405
2333
2239
2099
1945
1673
1412
1289
1227
1152
969
737
551
377
247
102
-25
-22
35
83
148
173
193
245
263
315
366
528
775
1019
1192
1231
1229
1206
1214
1269
1345
1354
1312
1281
1196
1085
927
794
649
457
245
-19
-279
-500
-702
-951
-1194
-1507
-1717
-1854
-2033
-2207
-2422
-2657
-2870
-3049
-3176
-3234
-3323
-3394
-3456
-3496
-3389
-3308
-3215
-3109
-2956
-2614
-2171
-1566
-1193
-1215
-1343
-1106
-370
454
882
895
902
1136
1575
1972
2164
2291
2427
2572
2651
2619
2535
2398
2256
2117
1894
1606
1425
1269
1128
1015
801
588
380
219
62
-95
-198
-214
-197
-182
-142
-106
42
185
309
438
539
689
878
1129
1323
1391
1388
1362
1425
1524
1594
1625
1588
1487
1363
1301
1175
1036
859
621
336
22
-241
-491
-693
-929
-1256
-1551
-1758
-1980
-2166
-2337
-2578
-2882
-3207
-3402
-3478
-3535
-3606
-3702
-3818
-3863
-3719
-3529
-3363
-3274
-3206
-2899
-2367
-1738
-1363
-1440
-1595
-1250
-388
483
904
830
762
1041
1639
2106
2310
2394
2437
2527
2577
2572
2572
2498
2339
2143
1900
1657
1439
1258
1171
1041
790
494
212
95
39
-22
-155
-319
-339
-277
-166
-99
0
93
280
483
619
752
868
1053
1296
1551
1658
1701
1721
1744
1852
1970
1991
1916
1787
1601
1431
1346
1149
896
606
308
27
-235
-503
-793
-1069
-1420
-1695
-1969
-2196
-2416
-2676
-2928
-3182
-3379
-3534
-3621
-3697
-3772
-3897
-3989
-4015
-3934
-3773
-3673
-3563
-3430
-3198
-2702
-2135
-1702
-1626
-1690
-1414
-646
251
692
657
579
844
1364
1967
2314
2437
2542
2594
2660
2686
2672
2611
2464
2243
1995
1759
1567
1409
1279
1183
959
678
440
247
124
21
-67
-140
-170
-172
-121
-71
59
291
553
763
801
834
979
1196
1501
1710
1754
1757
1787
1886
2048
2136
2144
2075
1899
1786
1630
1447
1272
990
672
336
71
-140
-364
-628
-973
-1350
-1741
-2002
-2235
-2436
-2687
-3042
-3337
-3560
-3682
-3798
-3883
-4004
-4160
-4289
-4335
-4285
-4152
-3966
-3826
-3713
-3501
-3028
-2325
-1784
-1658
-1686
-1420
-687
187
640
577
540
895
1583
2159
2465
2616
2716
2813
2826
2865
2919
2861
2692
2444
2215
2040
1861
1662
1473
1300
1146
944
728
540
333
189
60
-5
-33
-32
9
89
206
412
625
765
874
923
1075
1365
1567
1680
1723
1755
1869
2015
2155
2193
2158
2036
1920
1833
1725
1520
1257
991
637
335
73
-181
-475
-789
-1137
-1474
-1747
-2037
-2309
-2623
-2880
-3102
-3318
-3483
-3721
-3882
-4026
-4136
-4207
-4225
-4387
-4693
-5177
-6078
-6235
-5146
-3048
-1041
175
455
4
-492
-647
-195
394
869
1342
2264
3378
4152
4259
3991
3839
3507
2879
1981
1262
1101
1238
1408
1347
1126
923
710
417
-85
-758
-1376
-1616
-1505
-1042
-498
-24
433
871
1456
1790
1834
1737
1703
1911
2260
2599
2835
3149
3479
3706
3707
3396
3008
2612
2225
1773
1330
984
812
903
981
978
683
331
-10
-281
-604
-1034
-1304
-1571
-1696
-1797
-1754
-1694
-1704
-1778
-1998
-2282
-2644
-2975
-3293
-3560
-3743
-4038
-4322
-4600
-4710
-4658
-4555
-4430
-4290
-4057
-3813
-3375
-2646
-1502
-316
281
290
213
874
2031
2722
2541
2043
2144
2804
3319
3248
2961
2806
2689
2270
1549
1007
586
188
-328
-843
-1141
-1325
-1398
-1331
-1201
-1250
-1509
-1744
-1579
-1032
-495
-20
465
1204
2068
2744
3177
3552
3985
4303
4347
4238
4244
4406
4672
4786
4635
4345
3899
3341
2733
2092
1437
808
282
-63
-221
-304
-403
-542
-622
-803
-1074
-1370
-1560
-1594
-1560
-1538
-1527
-1392
-1208
-1076
-1128
-1281
-1472
-1751
-2068
-2469
-2837
-3151
-3576
-4062
-4580
-4991
-5234
-5392
-5536
-5563
-5423
-5245
-4945
-4302
-2913
-1088
200
397
81
560
1995
3254
3263
2610
2720
3705
4469
4451
4154
4220
4229
3372
1984
1000
554
149
-558
-1304
-1811
-2126
-2307
-2242
-2042
-2138
-2609
-2987
-2704
-1976
-1402
-967
-287
814
1992
2865
3490
4159
4926
5419
5435
5243
5200
5255
5342
5267
4908
4545
4156
3777
3321
2633
1728
778
-23
-577
-913
-1142
-1248
-1232
-1033
-900
-946
-959
-910
-812
-872
-1057
-1185
-1055
-760
-458
-329
-449
-670
-925
-1203
-1655
-2226
-2747
-3336
-3983
-4539
-5078
-5729
-6287
-6587
-6750
-6828
-6824
-6580
-6068
-5263
-3962
-2057
-231
540
680
1260
2599
3776
4007
3804
4115
4838
5102
4929
4967
5357
5190
4030
2605
1574
891
-58
-1159
-2034
-2597
-3073
-3381
-3282
-3054
-3032
-3166
-3045
-2716
-2350
-1956
-1265
-137
1015
1923
2800
3974
5154
5939
6287
6412
6516
6502
6279
5808
5289
4913
4513
4067
3524
2926
2254
1470
575
-311
-1005
-1518
-1818
-1924
-1889
-1766
-1506
-1133
-821
-593
-485
-447
-452
-513
-591
-520
-428
-419
-477
-604
-677
-925
-1426
-2033
-2685
-3278
-4017
-4883
-5800
-6544
-7021
-7379
-7505
-7320
-7000
-6676
-6117
-5322
-3955
-1969
-225
509
669
1359
2878
4288
4641
4483
4802
5496
5788
5558
5442
5526
5207
4120
2663
1593
936
200
-891
-2067
-2953
-3438
-3618
-3486
-3293
-3444
-3575
-3341
-2744
-2162
-1750
-1094
-33
1106
1996
2820
3925
5130
5906
6164
6164
6289
6639
6819
6458
5712
5027
4507
3947
3340
2659
1830
981
191
-550
-1089
-1379
-1574
-1727
-1899
-1941
-1629
-1184
-790
-592
-494
-360
-198
2
85
66
38
-34
-241
-519
-818
-1103
-1424
-1947
-2589
-3271
-3930
-4629
-5347
-6173
-7094
-7812
-8177
-8208
-7995
-7510
-6856
-6047
-4759
-2766
-509
944
1299
1644
2903
4410
5023
4801
4809
5536
6193
6209
5984
6001
6007
5164
3575
2101
1137
298
-862
-2098
-3051
-3671
-4026
-3992
-3739
-3576
-3746
-3772
-3282
-2657
-2172
-1672
-734
525
1719
2687
3749
5018
6082
6649
6734
6643
6480
6209
6012
5867
5454
4754
4096
3646
3169
2568
1751
668
-344
-1127
-1682
-1943
-2027
-2071
-1926
-1682
-1399
-959
-456
-235
-239
-250
-297
-312
-162
-17
-84
-240
-444
-635
-845
-1138
-1611
-2280
-3027
-3776
-4561
-5343
-6009
-6701
-7320
-7878
-8198
-8067
-7685
-7130
-6291
-5412
-4158
-2107
144
1359
1594
2271
3888
5319
5547
5142
5343
6198
6514
6111
5749
5817
5717
4646
3045
1770
951
-54
-1459
-2756
-3623
-4221
-4550
-4443
-4118
-3982
-3985
-3632
-2829
-2164
-1798
-1336
-334
934
1986
2868
3924
5176
6192
6801
6959
6858
6655
6232
5776
5388
4860
4163
3508
3005
2516
1965
1185
260
-628
-1313
-1854
-2224
-2338
-2348
-2209
-1896
-1468
-968
-533
-236
-81
-15
-63
-125
-137
-157
-316
-540
-743
-928
-1087
-1383
-1816
-2348
-2924
-3552
-4374
-5286
-6086
-6934
-7705
-8135
-8261
-8167
-7750
-7013
-6106
-4843
-2923
-634
978
1498
1877
3096
4704
5371
5001
4870
5494
6220
6310
6034
6066
6163
5493
4042
2605
1622
669
-834
-2419
-3522
-4201
-4591
-4680
-4388
-4100
-4052
-3920
-3401
-2694
-2219
-1897
-1287
-209
940
1993
3084
4343
5694
6719
7353
7612
7499
7155
6563
5842
5031
4155
3302
2589
2045
1554
1066
487
-128
-839
-1518
-2043
-2433
-2621
-2693
-2613
-2317
-1790
-1180
-603
-145
138
286
253
194
5
-265
-618
-1056
-1355
-1447
-1478
-1746
-2129
-2601
-3109
-3807
-4708
-5733
-6834
-7735
-8396
-8693
-8530
-8094
-7299
-6183
-4679
-2558
-274
1166
1604
2097
3300
4532
4765
4406
4434
5155
5859
5903
5840
6145
6344
5641
4224
2898
1901
712
-1005
-2624
-3685
-4238
-4640
-4749
-4466
-4158
-3893
-3528
-2949
-2461
-2212
-1948
-1340
-455
481
1466
2626
3955
5178
6123
6831
7262
7383
7127
6655
6166
5523
4709
3884
3203
2654
2070
1406
720
42
-616
-1219
-1773
-2180
-2452
-2580
-2448
-2191
-1822
-1341
-898
-469
-82
86
85
-91
-230
-413
-778
-1169
-1502
-1709
-1863
-2062
-2335
-2678
-3215
-3931
-4874
-5923
-6876
-7705
-8315
-8558
-8457
-7949
-7072
-5767
-3688
-1189
612
1250
1770
3104
4527
4807
4192
3905
4532
5274
5313
5234
5692
6232
5966
4854
3734
2975
1924
189
-1712
-3076
-3910
-4557
-4930
-4855
-4633
-4365
-3867
-3065
-2370
-2075
-1890
-1491
-846
-145
580
1528
2770
4026
5137
6222
7180
7809
7893
7476
6922
6275
5455
4386
3314
2486
1867
1265
729
317
-98
-490
-977
-1405
-1728
-1980
-2215
-2397
-2379
-2144
-1729
-1267
-826
-470
-106
85
105
-12
-394
-927
-1482
-1847
-2202
-2550
-2863
-3109
-3492
-4111
-4752
-5559
-6434
-7363
-8010
-8182
-8041
-7588
-6822
-5142
-2639
-361
782
1438
2778
4425
5147
4520
4009
4334
4814
4779
4487
4860
5516
5620
4983
4238
3705
2934
1451
-451
-1986
-3111
-4051
-4862
-5178
-5058
-4840
-4371
-3568
-2656
-2085
-1768
-1316
-697
-181
198
842
1813
2915
3982
5105
6309
7163
7619
7648
7445
7047
6325
5329
4142
3158
2342
1601
834
312
5
-282
-569
-952
-1245
-1525
-1727
-1902
-2060
-2100
-1996
-1679
-1341
-1036
-756
-430
-205
-199
-411
-820
-1262
-1704
-2132
-2637
-3246
-3693
-4096
-4658
-5330
-5998
-6655
-7373
-7736
-7655
-7299
-6888
-6020
-4075
-1639
-20
573
1514
3327
4826
4889
4119
4043
4786
5082
4589
4365
4896
5358
4893
4014
3557
3281
2284
526
-1089
-2169
-3156
-4148
-4777
-4913
-4822
-4628
-4033
-3045
-2208
-1744
-1381
-777
-134
278
683
1405
2364
3301
4240
5253
6334
7074
7315
7265
7058
6657
5940
4937
3834
2914
2131
1338
615
70
-252
-544
-839
-1037
-1198
-1334
-1536
-1682
-1766
-1696
-1542
-1349
-1122
-955
-742
-578
-492
-594
-939
-1316
-1682
-2112
-2737
-3341
-3876
-4429
-5142
-6043
-6989
-7692
-7953
-7835
-7528
-7138
-6250
-4389
-2057
-412
327
1175
2786
4202
4467
3933
3834
4534
4942
4610
4354
4816
5331
5053
4155
3490
3111
2215
587
-1110
-2299
-3218
-4164
-4884
-5043
-4880
-4652
-4229
-3409
-2473
-1878
-1467
-947
-263
297
740
1366
2267
3223
4205
5173
6065
6777
7146
7244
7105
6695
6015
5088
4079
3162
2293
1395
634
97
-249
-564
-852
-992
-1143
-1304
-1444
-1516
-1516
-1570
-1484
-1275
-1016
-753
-542
-365
-306
-344
-619
-993
-1428
-1885
-2497
-3306
-3943
-4594
-5463
-6610
-7543
-8105
-8295
-8046
-7620
-6869
-5560
-3492
-1529
-339
527
1829
3515
4283
3982
3699
4238
4895
4876
4622
4806
5399
5510
4893
4085
3533
2835
1323
-548
-1942
-2843
-3863
-4861
-5290
-5140
-4816
-4473
-3832
-2986
-2268
-1812
-1356
-692
-86
458
1121
1985
2969
4064
5246
6300
7058
7484
7722
7711
7387
6672
5702
4705
3699
2757
1826
1004
318
-222
-663
-1033
-1243
-1445
-1627
-1792
-1815
-1811
-1819
-1701
-1449
-1180
-981
-732
-446
-267
-262
-402
-669
-1058
-1522
-2179
-2917
-3689
-4584
-5606
-6779
-7656
-8075
-7894
-7440
-6850
-5701
-3908
-2108
-1010
-140
1095
2537
3186
2920
2793
3339
4052
4194
4158
4564
5188
5404
5048
4578
4094
3232
1737
70
-1306
-2444
-3594
-4601
-5044
-4984
-4738
-4340
-3673
-2952
-2372
-1897
-1387
-844
-479
-49
530
1340
2411
3535
4754
5888
6842
7580
8040
8080
7714
7038
6037
4938
3869
2872
1864
989
434
7
-353
-679
-941
-1228
-1578
-1924
-2175
-2405
-2566
-2594
-2459
-2148
-1848
-1491
-1078
-741
-543
-621
-841
-1114
-1626
-2346
-3129
-4008
-5116
-6260
-7036
-7179
-6766
-6148
-5284
-3925
-2146
-715
35
731
1737
2466
2230
1531
1403
2004
2451
2455
2720
3565
4393
4519
4275
4061
3596
2474
862
-644
-1807
-2935
-4082
-4750
-4702
-4287
-3915
-3327
-2472
-1805
-1394
-1070
-671
-395
-311
-129
491
1528
2634
3687
4724
5829
6771
7456
7778
7598
7072
6212
5205
4243
3322
2354
1463
905
587
372
126
-85
-342
-718
-1125
-1597
-1997
-2397
-2719
-2898
-2913
-2738
-2497
-2278
-2034
-1855
-1876
-1973
-2197
-2612
-3208
-3984
-4872
-5819
-6725
-7084
-6528
-5334
-3986
-2558
-875
727
1919
2905
3712
3984
3463
2575
2105
2083
2041
1821
1809
2243
2838
3110
2991
2712
2163
1091
-413
-1794
-2815
-3817
-4889
-5586
-5517
-4912
-4162
-3384
-2465
-1498
-693
-86
287
635
885
1038
1338
2042
3022
3910
4681
5470
6304
6881
7136
6959
6394
5591
4690
3810
2717
1696
916
374
51
-202
-236
-230
-274
-370
-500
-745
-1108
-1460
-1856
-2236
-2427
-2471
-2487
-2515
-2462
-2378
-2470
-2761
-3170
-3733
-4489
-5492
-6695
-7698
-7903
-7099
-5831
-4495
-2846
-796
1254
2831
3983
4955
5366
4872
4009
3479
3360
3155
2804
2679
2945
3410
3568
3264
2758
2000
690
-1051
-2676
-3992
-5190
-6298
-6901
-6734
-6106
-5293
-4400
-3269
-2100
-1287
-674
-140
404
779
1086
1736
2751
3807
4626
5510
6524
7370
7757
7644
7148
6342
5384
4277
3072
1933
924
217
-158
-357
-415
-409
-423
-511
-697
-972
-1335
-1752
-2150
-2509
-2617
-2476
-2356
-2252
-2130
-2011
-2000
-2215
-2689
-3360
-4286
-5446
-6682
-7519
-7429
-6473
-5114
-3753
-2065
-73
1771
3267
4397
5153
5144
4547
3935
3586
3366
3035
2817
2942
3364
3690
3732
3497
2971
1984
507
-1042
-2487
-3801
-5195
-6385
-6852
-6650
-5977
-5092
-4121
-3049
-1990
-1096
-397
-22
283
554
1030
1794
2518
3194
4065
5234
6329
6969
7112
6947
6466
5657
4515
3269
2091
955
92
-362
-500
-474
-371
-304
-235
-180
-320
-766
-1306
-1827
-2358
-2840
-3082
-3124
-3102
-3016
-2854
-2787
-2916
-3297
-3986
-4848
-6061
-7052
-7120
-6219
-4849
-3536
-1875
173
2223
4076
5395
6129
6135
5573
4856
4306
3874
3250
2731
2634
2963
3210
3154
2932
2455
1672
353
-1148
-2523
-3865
-5196
-6284
-6745
-6615
-5952
-4936
-3812
-2611
-1411
-254
665
1281
1660
1967
2509
3009
3337
3736
4532
5521
6116
6245
6077
5762
5188
4239
3008
1736
503
-594
-1325
-1722
-1839
-1684
-1478
-1229
-891
-602
-573
-886
-1256
-1615
-2053
-2375
-2586
-2808
-2959
-2981
-2954
-3131
-3524
-4042
-4943
-6154
-6894
-6503
-5278
-4133
-3128
-1534
674
2772
4404
5578
6351
6444
5959
5429
5113
4793
4164
3508
3355
3680
3807
3438
2837
2246
1374
-42
-1540
-2857
-4101
-5392
-6479
-6880
-6595
-5947
-5158
-4179
-2962
-1645
-482
445
1278
2078
2923
3600
3978
4326
5079
5995
6473
6544
6472
6292
5827
5058
3970
2686
1520
291
-812
-1627
-2191
-2559
-2796
-2919
-2870
-2647
-2622
-2840
-3018
-3095
-3338
-3647
-3739
-3828
-3895
-3973
-4145
-4282
-4449
-4766
-5585
-6245
-5767
-4312
-2654
-1584
-508
1095
3125
4896
5808
6231
6212
5965
5683
5313
4943
4507
4177
3895
3810
3878
3670
3029
2063
1034
-159
-1448
-2726
-3997
-4943
-5558
-5772
-5623
-5004
-3974
-3081
-2182
-1253
-272
654
1287
2166
3084
3663
3917
4592
5737
6293
6329
6190
6047
5569
4853
3885
2608
1507
461
-399
-1154
-1670
-1948
-2162
-2256
-2365
-2352
-2449
-2750
-3067
-3390
-3804
-4243
-4472
-4802
-5215
-5496
-5775
-6058
-6444
-6941
-7712
-7931
-6633
-4527
-2691
-1534
-107
2022
4336
5899
6307
6370
6416
6323
5903
5438
5285
5113
4795
4508
4562
4715
4091
2772
1434
314
-983
-2629
-4097
-5200
-5775
-5779
-5427
-4957
-4199
-2962
-1675
-751
-91
667
1716
2827
3576
4062
4693
5900
6987
7407
7554
7543
7391
6646
5606
4415
3066
1689
287
-723
-1515
-2220
-2791
-3016
-3143
-3365
-3544
-3863
-4218
-4551
-4833
-5193
-5556
-5668
-5825
-6022
-6160
-6242
-6398
-6827
-7286
-7286
-6149
-4283
-2666
-1426
-7
1980
3956
5319
5913
5962
5922
5823
5622
5299
4979
4703
4410
4184
3972
3734
3156
2104
793
-449
-1580
-2866
-4169
-5200
-5729
-5644
-5049
-4400
-3752
-2763
-1419
-161
601
1373
2630
3963
4623
4794
5689
6999
7639
7758
7807
7830
7445
6620
5583
4414
3303
2153
1034
202
-373
-885
-1376
-1763
-2104
-2472
-3043
-3733
-4396
-5026
-5751
-6443
-6829
-7178
-7607
-8052
-8214
-8452
-9061
-9402
-8808
-7027
-4964
-3365
-1860
84
2499
4480
5564
6098
6242
6146
5962
5701
5375
5082
4908
4760
4667
4586
4232
3375
2066
556
-995
-2487
-4121
-5630
-6556
-6853
-6587
-6121
-5351
-4201
-2769
-1450
-563
410
1925
3390
3969
4399
5581
6975
7704
7926
8232
8405
8202
7524
6412
5310
4196
2909
1689
844
272
-286
-738
-1093
-1232
-1394
-1917
-2666
-3303
-3858
-4668
-5499
-6146
-6724
-7351
-7927
-8381
-8902
-9500
-9250
-7780
-5646
-3675
-2189
-461
1539
3628
4968
5342
5398
5183
5105
4906
4749
4571
4420
4544
4470
4378
4010
3189
1873
300
-1249
-2837
-4301
-5719
-6717
-7072
-6737
-5996
-5288
-4279
-3062
-1730
-660
322
1777
3004
3777
4613
5871
6990
7545
7961
8245
8230
7868
7048
5922
4735
3509
2283
1202
307
-432
-920
-1302
-1627
-1818
-1995
-2419
-3026
-3530
-3979
-4586
-5250
-5910
-6491
-6977
-7466
-7952
-8550
-8508
-7299
-5236
-3200
-1666
60
1972
3862
5087
5486
5641
5673
5507
4999
4823
5087
5201
5039
4887
4994
4716
3656
2011
330
-1221
-3100
-5013
-6495
-7354
-7729
-7772
-6955
-5739
-4706
-3796
-2674
-920
631
1591
2246
3151
4468
5570
6352
7020
7686
7956
7992
7714
7076
6045
4496
3169
1954
874
-206
-1089
-1532
-1895
-2134
-2437
-2733
-3158
-3772
-4383
-4901
-5347
-6047
-6681
-7246
-7723
-8117
-8753
-8619
-7307
-4880
-2672
-1422
198
2411
4847
5980
5903
5822
5924
6024
5325
4817
4862
5083
5082
4869
5089
5013
4198
2613
982
-395
-2162
-4123
-5890
-6801
-7107
-7037
-6551
-5673
-4408
-3339
-1856
17
1504
2218
2765
3884
4799
5351
5745
6236
6702
6941
6955
6742
6401
5334
3877
2681
1657
460
-959
-1973
-2490
-2770
-3147
-3677
-4022
-4402
-5092
-5906
-6534
-7124
-7999
-8953
-9552
-9733
-9720
-9055
-7631
-5205
-2569
-558
1400
3274
5222
6356
6479
6289
6061
6204
5910
5633
5775
6058
6232
5970
5757
5076
3821
1937
-212
-2148
-4116
-5830
-7301
-7891
-7763
-7169
-6133
-5260
-4092
-2376
-341
1133
1823
2622
3664
4829
5677
6327
6790
7310
7921
8142
8050
7374
6437
5192
3752
2350
940
-291
-1453
-2240
-2605
-2858
-3247
-3892
-4518
-5160
-5983
-7034
-8240
-9186
-9996
-10706
-11141
-10749
-9187
-7129
-4848
-2528
175
2778
4418
5528
6264
6841
6406
5571
5346
5438
5627
5412
5533
6037
6309
5719
4366
3088
1318
-996
-3614
-5726
-7172
-8424
-9018
-8958
-7842
-6423
-5126
-3355
-1287
583
1457
2148
3159
4099
4757
5183
5936
6728
7520
8022
8356
8381
7568
6433
5009
3558
1731
-190
-1707
-2814
-3530
-4324
-4831
-5172
-5512
-6124
-6979
-7632
-8490
-9483
-10494
-11222
-11435
-10939
-8753
-5399
-2321
-133
2116
5445
8341
9177
8408
7850
7892
7312
6102
5325
5545
5850
5746
5845
6212
5984
4277
1964
-3
-2102
-4767
-7510
-9136
-9580
-9229
-8482
-7384
-5325
-2810
-685
446
1351
2307
2811
3134
3277
3703
4250
5050
6008
6794
7329
7259
6861
5838
4352
2536
666
-978
-2438
-3396
-4024
-4240
-4452
-4746
-5024
-5488
-6394
-7807
-9110
-10292
-11335
-12411
-12514
-10686
-7482
-4180
-2051
327
3680
6875
8248
7843
7773
7907
7559
6453
5970
6604
7010
6962
6899
7551
7445
5773
3484
1438
-331
-2934
-5601
-7304
-7753
-7515
-7139
-5929
-3851
-1615
-276
609
1669
2391
2566
2428
2747
3308
3856
4713
5765
6821
7134
7031
6723
5885
4302
2158
445
-1004
-2325
-3574
-4317
-4504
-4967
-5603
-6289
-6953
-8102
-9923
-11446
-12550
-13375
-13630
-12473
-9719
-6459
-3727
-1132
2058
5057
6699
6906
6976
7232
6898
6270
6181
6842
7509
7808
8121
8580
8330
6744
4461
2140
-283
-3100
-5804
-7448
-8171
-7899
-6630
-4970
-2906
-1179
289
1504
2108
2388
2184
2259
2630
3269
4270
5424
6624
7629
8286
8313
7818
6405
4350
2306
302
-1488
-3141
-4140
-4797
-5167
-5330
-5819
-6513
-7561
-8783
-10273
-11605
-12724
-12924
-11543
-9104
-6158
-3559
-633
2482
5183
6787
6821
6435
5910
5437
4793
4402
4600
5145
5964
6490
6973
6850
5762
3862
1513
-794
-3403
-5783
-7445
-8182
-7687
-6220
-4502
-2941
-1465
-42
1027
1362
1245
1124
1300
1779
2602
3801
5260
6615
7638
8322
8349
7668
6153
4221
2408
624
-1009
-2431
-3299
-3867
-4302
-4885
-5702
-6876
-8423
-9928
-11747
-13066
-13277
-12142
-9741
-7237
-4502
-1504
1866
4992
6640
7092
7030
7084
6774
6207
5861
5959
6483
6830
7289
7531
7069
5644
3450
1288
-1062
-3704
-6179
-7746
-8098
-7283
-5937
-4579
-3084
-1682
-281
494
692
690
584
873
1465
2522
3808
5123
6384
7449
8138
8062
7186
5581
3805
2059
352
-1274
-2777
-3790
-4384
-4890
-5780
-7043
-8368
-9788
-11432
-13016
-13400
-12287
-10429
-8456
-6185
-2979
586
3335
4905
5752
6451
6769
6582
6412
6638
7107
7545
8149
8910
9307
8668
7119
5205
2949
302
-2734
-5387
-7197
-7853
-7061
-6064
-5230
-4190
-2759
-1390
-1020
-1132
-1268
-1063
-652
8
1157
2671
4329
5699
7094
7883
7830
6972
5496
4146
2687
1063
-598
-1763
-2506
-3179
-3848
-4812
-5968
-7512
-9110
-10794
-11859
-11556
-10469
-8810
-7076
-4843
-2000
808
2806
3543
3976
4414
4817
4856
4845
5432
6198
7061
7704
8362
8495
7523
5878
3980
2126
-241
-2750
-4650
-5530
-5267
-4701
-4047
-3363
-2461
-1601
-1317
-1339
-1542
-1530
-1362
-854
181
1390
2730
3784
4827
5556
5584
5019
3977
2956
1875
849
-47
-833
-1440
-2046
-2595
-3578
-4975
-6669
-8410
-9892
-11088
-10861
-9549
-7761
-5979
-4163
-1425
1127
2776
3139
3290
3742
3960
4120
4302
5356
6434
7270
7972
8520
8644
7364
5529
3560
1743
-318
-2436
-3773
-4258
-3623
-2711
-1953
-1527
-1094
-612
-715
-1239
-1893
-2050
-1856
-1050
218
1645
3135
4349
5425
5951
5864
5031
3791
2556
1454
609
-283
-1007
-1553
-1950
-2743
-4197
-5807
-7676
-9693
-11464
-12172
-11298
-9700
-8126
-6431
-3950
-897
1288
2028
2172
2589
3112
3349
3537
4305
5738
7087
8164
9146
9647
9085
7382
5329
3383
1294
-968
-2848
-3608
-3316
-2454
-1594
-1304
-1096
-786
-760
-1412
-2535
-3149
-3110
-2403
-1268
179
1831
3365
4613
5382
5556
4827
3672
2381
1329
639
-13
-528
-772
-636
-911
-1904
-3418
-5149
-7010
-9095
-10155
-9895
-8422
-6780
-5416
-3168
-325
2128
2947
2809
2725
2770
2806
2574
2988
3929
5171
6336
7325
8081
7717
6488
4613
2763
824
-1302
-3053
-4044
-3439
-2208
-1064
-548
-389
292
467
-203
-1537
-2545
-2669
-2242
-1301
-183
1228
2562
3766
4550
4647
4110
2845
1603
583
-111
-729
-1362
-1678
-1672
-1602
-2259
-3481
-5106
-6628
-7908
-8969
-8859
-7664
-5860
-4407
-3026
-769
1571
2678
2120
1707
2139
2711
2777
2818
3942
5413
6637
7302
7780
7808
6592
4806
3011
1632
27
-1514
-2252
-1835
-726
-161
59
-31
155
168
-461
-1287
-2027
-1814
-1023
68
1071
2021
3108
3804
4151
3743
3024
2174
1186
426
-121
-348
-795
-1360
-1706
-2084
-3078
-4752
-6507
-8268
-9576
-9974
-8987
-7308
-5911
-4368
-2142
512
1945
1914
1548
1510
1769
1852
2217
3034
4216
5420
6499
7436
7488
6542
4915
3340
1917
286
-1241
-2252
-2214
-1292
46
821
447
51
155
66
-907
-2235
-2638
-1960
-749
503
1765
2875
3804
4454
4506
4052
3104
2003
1078
613
569
211
-464
-753
-896
-1605
-3030
-4741
-6451
-8203
-9425
-9144
-7627
-6042
-4739
-3126
-718
1554
2354
2001
1563
1638
2027
2399
3078
4177
5459
6640
7658
8069
7394
5817
3951
2335
707
-828
-1914
-2372
-1852
-865
40
246
-335
-810
-1142
-1773
-2962
-3993
-4015
-2962
-1549
-342
822
1951
2894
3347
3236
2712
1911
1116
758
740
675
349
-78
-197
-541
-1543
-3050
-4795
-6445
-8090
-8972
-8183
-6506
-5262
-4468
-2901
-363
1406
1372
595
550
1149
1692
2261
3263
4705
6039
7282
8291
8426
7443
5867
4477
3326
2128
860
137
129
729
1657
1980
1288
56
-594
-872
-1792
-3222
-4083
-3519
-2157
-792
146
841
1628
2352
2710
2328
1627
993
568
521
626
537
-34
-448
-559
-900
-2099
-3891
-5417
-6928
-8136
-8610
-7823
-6532
-5859
-5004
-3403
-1309
-479
-943
-1239
-889
-47
450
1333
2675
4207
5692
6873
7854
7696
6780
5622
4799
4037
2858
1962
1536
1873
2292
2624
2403
1347
475
-115
-497
-1535
-2750
-3136
-2598
-1477
-808
-395
-53
551
1229
1526
1481
1206
1269
1476
1839
1990
1591
1006
595
348
-625
-2106
-3581
-4827
-5841
-7027
-7219
-6472
-5439
-4685
-4296
-3219
-2029
-1470
-1780
-2108
-1713
-968
142
1153
2573
4050
5218
6309
6744
6612
5678
4720
4000
3400
2788
2192
2142
2285
2803
2995
2543
1522
403
-24
-502
-1288
-2241
-2553
-1979
-1203
-651
-669
-541
-204
303
530
343
336
370
671
980
1006
659
107
-117
-361
-1079
-2303
-3376
-4171
-4947
-5772
-6051
-5256
-4273
-3716
-3545
-2906
-1781
-1198
-1454
-1892
-1620
-867
10
907
1974
3156
4125
5054
5556
5399
4698
3923
3573
3384
3015
2606
2694
3160
3589
3545
3025
2235
1381
846
307
-456
-1279
-1635
-1207
-626
-434
-567
-454
-75
291
390
400
472
672
1026
1312
1305
959
559
324
75
-588
-1532
-2472
-3187
-3869
-4838
-5486
-5234
-4469
-3908
-3913
-3768
-2967
-2395
-2439
-2734
-2702
-2248
-1538
-535
568
1543
2247
3094
3879
4025
3564
2883
2628
2634
2612
2534
2600
2975
3587
4052
3852
3031
2010
1390
1065
524
-368
-1069
-892
-211
253
136
-108
-43
173
263
71
-188
-302
-195
139
437
359
106
57
117
-88
-644
-1388
-1918
-2381
-2943
-3478
-3909
-3313
-2334
-1681
-1566
-1497
-846
-459
-668
-1354
-1863
-1772
-1301
-569
31
693
1334
2117
2781
2735
2308
1624
1437
1483
1508
1502
1615
2364
3159
3610
3247
2553
2017
1606
1247
404
-416
-894
-617
-20
-4
-346
-619
-355
-134
-219
-430
-644
-656
-467
-66
80
-190
-264
-252
0
-296
-968
-1326
-1843
-2233
-2840
-3396
-3879
-3633
-2895
-2200
-1824
-1889
-1579
-1033
-658
-855
-1316
-1414
-985
-96
709
1292
1770
2361
3100
3359
3107
2508
2028
1953
2101
2215
2165
2332
2934
3633
3578
2751
1919
1522
1407
848
35
-474
-480
24
386
189
-240
-333
-119
49
-219
-639
-752
-524
-30
240
106
-67
-263
119
126
-862
-1514
-1882
-1852
-2171
-2785
-3282
-3695
-3494
-2846
-2297
-2336
-2695
-2572
-1934
-1627
-1983
-2499
-2439
-1926
-1270
-754
-505
-143
395
1297
1855
1860
1672
1630
2120
2616
2803
2670
2762
3322
3837
3800
3132
2577
2290
2322
2226
1634
1049
711
946
1072
561
-209
-648
-403
-286
-485
-708
-783
-2
430
923
720
224
69
-241
-346
-890
-1295
-1474
-1464
-1320
-1102
-1414
-1976
-2195
-2074
-1937
-2173
-2546
-2603
-2411
-1973
-1955
-2263
-2286
-2086
-1865
-1911
-1728
-1277
-851
-478
85
852
1188
1286
1500
1916
2189
2115
2114
2341
2828
3094
2999
2677
2440
2496
2360
1965
1462
1084
834
634
306
-238
-775
-847
-652
-627
-943
-968
-521
111
722
797
382
-61
-15
242
-123
-468
-714
-524
-576
-683
-584
-955
-1396
-1825
-1931
-2287
-2447
-2497
-2495
-2318
-2192
-1954
-2220
-2472
-2361
-2070
-2074
-2217
-1743
-919
-196
261
727
1178
1314
1494
1609
1691
1574
1535
1935
2536
3066
3173
3159
3099
3077
2897
2424
1848
1362
1078
916
669
332
-130
-182
-1
-7
-443
-1089
-727
-155
520
-282
-62
-40
239
305
-3
-104
-694
-221
-536
-427
-694
-1129
-1143
-1408
-1458
-1810
-2635
-2954
-3106
-2889
-3019
-3141
-2970
-2721
-2423
-2644
-2240
-1915
-1752
-1571
-1309
-663
-456
-96
274
651
943
1003
1375
1557
1860
2014
2280
2825
2963
3157
2966
2956
2813
2544
2506
2236
2004
1617
1490
1383
955
658
335
377
-206
-642
-374
6
736
664
319
675
1019
242
-228
264
-243
-470
-571
-704
-350
-685
-808
-1317
-1593
-2034
-2561
-2923
-3387
-3514
-3342
-3113
-2751
-2704
-2169
-1958
-2023
-2110
-2195
-1798
-1903
-1764
-1391
-823
-174
98
558
781
1015
1000
1030
1186
1094
1447
1857
2358
2605
2590
2870
2831
2795
2458
2093
1633
1210
1047
702
471
290
440
667
356
190
630
677
937
747
393
546
920
402
-16
96
195
108
-134
-498
-754
-587
-899
-1210
-1445
-1883
-1879
-2039
-2216
-2570
-2362
-2304
-2329
-2502
-2865
-2272
-1973
-2052
-2453
-2356
-1561
-1141
-1007
-1110
-627
81
276
314
384
778
949
1069
1387
1573
1885
2177
2723
2912
2728
2689
2638
2595
2120
1801
1484
1229
1153
1132
1134
839
537
315
-113
148
445
87
-154
-619
364
14
-434
-530
-739
-729
-1121
-649
-852
-894
-851
-1123
-927
-871
-1109
-1188
-1451
-1503
-1742
-1741
-2204
-2239
-1880
-2151
-2515
-2697
-2341
-2053
-2009
-2106
-2282
-1828
-1175
-940
-1156
-1125
-317
184
371
499
856
1283
1458
1922
2220
2310
2314
2729
3214
3061
2897
2905
3100
2935
2542
2308
1765
1603
1442
1363
870
98
-469
-184
64
-43
-491
-1040
-471
0
-457
-838
-1033
-494
-674
-752
-903
-821
-296
-589
-463
-927
-889
-1059
-1725
-957
-1431
-1674
-2400
-2551
-2023
-2208
-2183
-2726
-2510
-2328
-2266
-2101
-2043
-1639
-1660
-1542
-1191
-876
-747
-781
-402
46
375
617
861
1320
1411
1743
2149
2311
2413
2401
2867
2908
2764
2698
2583
2494
2086
1898
1595
1285
1040
595
362
80
127
440
315
551
-36
270
475
70
164
-74
-307
-235
-511
-341
-538
-1494
-807
-950
-1059
-1312
-1588
-1086
-1703
-1760
-1697
-1739
-1696
-2204
-1946
-2081
-1933
-1798
-2216
-2052
-2000
-1634
-1806
-1527
-1002
-900
-688
-667
-44
50
1
109
287
662
628
973
1024
1146
1580
1910
2118
1795
1967
2204
2195
2007
1675
1685
1359
1320
1238
993
954
580
741
528
638
708
698
482
565
427
-193
355
-316
266
-7
-218
-596
-509
-103
-616
-1208
-831
-929
-856
-1184
-1352
-897
-1062
-928
-1717
-1426
-1272
-1290
-1613
-1512
-1214
-1333
-1351
-1183
-861
-766
-891
-1074
-597
-265
-274
-664
-593
-323
31
-56
-253
-73
271
710
830
1080
1383
1535
1753
1979
2054
1786
1642
1830
1812
1742
1550
1524
1332
1162
1027
786
232
321
455
261
446
-135
-151
-53
233
-377
-808
-523
-288
-420
-419
-498
-412
-341
-210
-651
-950
-1241
-1130
-807
-875
-970
-1190
-811
-289
-257
-1088
-998
-565
-757
-952
-1453
-982
-932
-811
-883
-883
-815
-1019
-662
-423
-333
-370
-383
-134
160
234
210
320
836
1285
1407
1445
1591
1743
1744
1681
1613
1356
1177
1290
1446
1189
954
718
841
1037
700
458
324
413
641
621
345
115
291
329
235
11
-7
-491
-572
-144
-199
-216
-1225
-324
154
-581
-674
-1024
-641
-831
-800
-842
-1483
-1168
-1035
-841
-938
-1461
-1128
-1027
-960
-1201
-1192
-1126
-1186
-890
-800
-828
-840
-576
-267
-354
-133
-74
10
89
215
410
340
583
747
896
1055
1043
1311
1179
1079
1393
1507
1536
1332
1471
1481
1193
1346
1354
1295
1158
816
1202
986
770
934
1119
833
479
540
191
305
-169
-652
138
-331
-560
-621
-682
-176
-826
-1035
-1054
-931
-776
-1269
-1269
-833
-1047
-1105
-1236
-642
-984
-1247
-1095
-1009
-523
-1154
-924
-1183
-731
-510
-961
-863
-829
-625
-737
-861
-702
-741
-553
-534
-216
127
74
482
567
935
984
1212
1247
1192
1232
1031
1381
1440
1639
1780
1615
1580
2057
1431
1573
1092
1310
812
292
646
706
586
792
574
935
271
99
101
-109
239
-675
-208
-785
-399
101
-263
-792
-742
-87
-699
-951
-952
-948
-674
-1263
-1024
-1194
-1277
-1094
-1177
-989
-1767
-1261
-1051
-1166
-1434
-1638
-803
-1007
-648
-731
-523
-377
-174
305
-57
-73
503
727
765
644
1122
1393
1255
1396
1368
1460
1094
1395
1366
830
1198
949
1231
1522
970
910
678
627
967
400
466
111
522
572
318
286
467
536
295
-137
-53
-332
175
-366
-733
-545
-780
-462
-761
-880
-982
-1107
-975
-1112
-1531
-1484
-1378
-1518
-1138
-1216
-1007
-854
-1013
-741
-911
-702
-781
-930
-468
-148
70
-69
8
508
500
549
355
399
1084
643
716
801
844
884
820
1307
693
776
495
730
875
280
412
242
768
646
134
636
496
956
799
192
863
439
367
136
162
328
-67
-42
-282
-8
-262
-449
-263
-922
-468
-467
-1207
-1273
-862
-546
-874
-1041
-718
-897
-713
-1201
-1010
-587
-1040
-363
-712
-238
-418
-348
126
-142
513
1
-4
491
278
756
103
167
803
650
562
565
701
551
894
663
214
608
244
225
494
114
201
184
577
286
428
438
42
779
406
330
84
-89
681
161
551
-451
-234
552
-527
-292
-775
20
-371
-924
-423
-277
-487
-1228
-522
-840
-557
24
-762
-722
-349
288
-371
-1108
65
115
140
-334
162
721
687
183
281
593
830
189
347
447
271
-126
94
755
237
484
-35
87
493
118
105
68
558
450
249
262
3
468
391
180
31
-243
87
366
191
-398
-137
222
-197
-38
-245
-249
-547
-395
-187
-100
-235
-728
-539
284
-292
-488
-619
-186
288
117
-522
173
155
86
378
232
121
356
858
762
83
363
658
25
850
241
616
297
-52
747
440
461
149
-23
34
578
366
-187
-486
455
693
186
-129
-155
437
173
-223
66
-297
244
-155
-311
113
-294
37
-671
-89
-1
-778
-449
-819
-502
-83
-850
-642
-464
-348
-606
-256
-833
-877
-81
-314
-53
-377
-72
241
27
944
273
-42
728
550
857
66
237
487
328
606
253
1075
623
238
373
711
853
-153
316
224
326
587
259
492
683
982
435
346
594
246
654
-236
-153
418
6
135
-561
-149
-189
-12
-405
-1104
-284
-817
-554
-529
-989
-395
-557
-563
-842
-1171
-314
-1097
-705
-857
-845
-320
-1060
-149
-1005
681
-82
-629
314
0
708
93
110
255
224
766
366
1003
593
375
656
779
238
266
82
385
110
299
360
47
625
39
680
265
0
396
-45
229
284
295
541
348
513
511
422
232
-133
218
211
-85
-85
-357
-416
11
-162
-564
-752
-419
-640
-614
-1099
-679
-644
-563
-879
-914
-337
-688
-605
-398
-139
-57
0
-475
-1
121
353
-353
-431
515
581
203
-429
283
424
450
339
-17
-56
276
739
-94
391
731
279
435
207
218
246
542
75
229
697
413
23
-263
417
516
152
-204
-275
293
392
-256
317
-51
-123
-19
-247
-188
-651
-90
-77
2
-39
-124
-70
-280
-490
-170
-45
-536
-128
-250
-215
-201
-483
264
-296
-47
226
-324
185
-632
250
-142
35
-4
-138
368
11
44
247
268
183
-144
95
82
81
232
301
406
333
376
363
179
589
195
6
11
530
882
-337
99
305
215
226
-155
-5
-268
-204
-381
-191
-469
-420
-556
-186
-101
-410
-216
89
77
-37
-227
148
-44
100
10
258
432
546
590
5
-63
58
499
67
15
-64
480
195
208
-51
80
251
-78
-307
-372
182
109
-155
-66
30
206
780
174
58
-6
274
431
-47
24
-314
261
240
35
-171
158
85
10
-80
-110
-139
-217
69
-334
-82
-297
-231
-84
-5
-438
-452
-94
1
-377
-330
-278
52
36
-300
-377
-224
-91
26
-216
-748
-327
-134
26
42
-249
-125
240
15
-217
-126
-90
-106
-324
-129
-334
-231
-165
-258
-7
-222
9
74
-183
-5
-80
-155
-140
67
230
-22
256
230
-13
137
122
103
224
42
122
-41
153
259
32
-40
279
403
-302
-25
-496
290
-173
-38
-513
-312
24
-85
-360
-91
-196
-522
-99
-160
55
-162
-248
-167
-215
142
326
82
-125
-160
473
286
-363
-373
34
507
-96
-590
173
118
243
-440
-754
19
-64
-158
-766
-548
-30
53
-80
-572
-152
282
-9
-338
-255
98
250
-150
-98
322
530
364
141
445
92
446
0
215
204
50
161
-8
95
35
78
23
-56
-218
-132
-319
50
-117
-128
-435
-569
106
61
-150
-474
-42
695
244
-326
149
600
465
-221
-540
412
714
380
-551
-449
481
439
-274
-807
-664
-13
32
-188
-768
-576
-22
-377
-288
-439
-292
-230
-549
140
193
-5
193
-5
692
325
206
269
-97
345
90
388
298
97
289
193
501
137
-21
-111
-300
-115
193
-277
-207
-416
50
268
-117
-184
-456
179
9
-149
64
-210
-9
39
-200
39
-109
354
113
-170
79
-193
171
-295
-543
-204
-78
-217
-467
-292
-84
-347
-70
-301
-301
-99
-264
220
-168
-198
135
188
287
-117
19
558
81
156
93
-9
116
264
279
18
-141
183
107
376
-58
-83
20
-36
281
220
-6
0
-233
251
179
196
373
94
-32
112
420
269
257
10
250
215
48
-16
-161
-149
-75
-521
-385
-371
-201
-473
-564
-481
-528
-516
-519
-680
-738
-472
-215
-241
-696
-345
3
42
-74
-142
-63
13
-173
-15
-49
-194
25
-82
45
-168
-81
-42
-123
-320
-227
141
-119
-539
-374
178
247
-95
-261
156
285
486
209
233
293
241
557
595
590
418
419
397
506
302
452
257
155
-204
-120
99
-187
-116
-278
-506
-357
-273
-314
-249
-545
-411
-230
-276
-262
-25
-230
-384
-311
140
28
-503
-359
-183
-72
-410
-405
-318
-314
-181
-356
-181
-319
-447
-222
-247
-374
-343
-424
-89
-117
-145
-62
-151
41
129
197
342
-13
30
192
378
281
185
353
375
274
354
292
267
311
193
275
134
178
66
-113
29
-101
-87
60
-107
-213
-61
-35
67
-71
20
235
34
-241
-146
120
217
123
-109
-189
-73
120
85
-132
-350
-255
-156
-87
-423
-445
-286
-306
-441
-311
-167
-414
-367
-264
-55
-53
-117
13
-37
-160
91
369
344
227
92
177
315
349
266
211
1
132
334
359
64
-31
87
148
181
1
-112
-84
88
77
112
206
-42
43
231
109
97
-30
-83
3
58
101
68
-15
187
71
-72
29
84
100
-382
-320
-282
-152
-158
-191
-163
-303
-382
-146
81
10
-83
-212
-141
7
19
230
155
146
205
389
398
356
232
161
207
166
105
-46
-2
101
229
530
294
17
63
49
143
158
255
318
186
151
256
386
578
310
335
386
123
94
-58
169
181
65
124
204
9
0
2
-20
-230
-373
-331
-184
-275
-501
-204
24
25
-171
-148
65
-77
-273
-369
-77
-98
-145
-54
28
69
78
186
159
34
-94
1
87
240
13
36
105
-41
230
238
38
-14
13
253
184
-81
45
377
412
128
146
261
254
274
324
278
207
169
404
416
273
146
313
433
102
6
164
116
-64
-195
-123
23
-55
-46
-23
34
-98
-101
62
-86
-152
-90
-12
-14
-72
-24
164
29
34
90
155
175
-89
-41
-8
-40
50
10
51
-6
8
77
-115
-46
-85
-119
-65
-99
-28
-11
-5
89
201
305
173
157
295
200
-3
-60
87
101
-42
10
93
87
127
158
46
-101
-224
-202
-203
-271
-312
-214
20
19
-119
-180
-144
-26
-137
-72
-90
-111
-196
102
353
232
35
-40
99
121
189
65
65
-71
-47
36
99
163
65
-7
112
52
51
123
56
-21
-38
73
161
203
349
324
258
377
414
276
205
136
152
168
185
175
211
232
51
-70
-28
-42
-95
-225
-306
-376
-316
-144
-83
-254
-331
-127
-92
-202
-395
-283
-120
-59
-146
-255
-273
-128
25
83
78
-41
-9
-40
-91
-164
-261
-174
-48
-83
-68
-41
121
25
-92
-70
-44
96
