57
51
58
86
85
110
91
62
77
64
81
65
66
70
77
87
81
61
55
50
48
103
90
59
58
74
72
45
35
35
48
43
15
17
8
10
6
16
4
0
30
23
19
3
0
10
15
27
26
13
30
21
0
29
9
1
22
19
23
12
19
15
7
2
7
14
38
46
29
62
28
-6
48
45
56
55
72
74
59
37
30
41
51
53
37
85
64
53
81
36
23
22
40
48
66
85
65
70
64
62
52
91
75
54
75
52
57
61
48
46
40
55
66
64
80
91
91
99
86
50
59
73
73
52
50
68
70
64
61
70
65
59
41
81
85
47
50
44
53
72
91
86
92
93
91
88
72
100
103
140
108
61
77
62
62
61
75
88
91
68
53
64
59
69
63
112
110
90
103
75
98
85
80
93
113
107
117
135
119
119
103
141
134
95
109
99
118
115
101
89
82
89
92
89
78
80
84
124
88
49
85
101
118
94
82
75
88
88
81
68
63
54
57
94
80
39
54
33
36
38
45
42
39
45
49
48
51
54
40
71
48
24
33
15
33
25
30
17
21
28
24
23
21
16
0
22
39
28
35
32
42
19
7
3
7
31
19
26
33
33
41
58
54
26
44
22
9
2
6
18
27
40
51
61
63
78
54
67
48
39
53
29
29
37
37
33
16
8
20
4
20
28
22
36
15
-9
7
3
-7
-17
7
8
-1
-9
-17
-27
-34
-19
-35
0
-14
-32
-16
-43
-48
-67
-61
-62
-64
-60
-51
-62
-81
-88
-91
-62
-84
-108
-69
-64
-58
-69
-57
-71
-82
-45
-38
-27
-36
-32
-42
-7
-26
-23
-10
-53
-10
-4
-6
10
15
-15
-30
-35
-22
2
-5
33
18
7
38
6
18
6
24
18
26
37
37
36
23
22
26
71
58
39
64
44
50
48
58
63
59
63
70
66
59
52
50
74
64
53
71
79
62
32
31
33
46
37
34
65
75
111
101
116
132
102
119
121
145
143
170
162
153
140
244
371
249
106
-99
-281
-454
-467
-440
-164
63
146
353
424
348
295
193
46
-85
-204
-87
20
220
386
636
602
435
269
115
-68
-150
-223
-312
-306
-187
-44
34
136
28
-214
-400
-565
-474
-352
-322
-228
-175
-184
-159
-96
-84
-97
-133
-258
-456
-388
-135
16
116
75
-118
-164
-29
48
0
-127
-265
-309
-259
-244
-202
128
1084
1845
1926
1372
502
-155
-219
-164
-277
-579
-792
-592
-7
701
941
677
100
-379
-569
-624
-685
-763
-635
-255
159
528
691
613
357
-6
-349
-543
-489
-227
108
359
503
427
241
90
-7
-146
-264
-409
-526
-373
-130
119
319
349
165
-25
-257
-409
-373
-248
-193
-133
-42
36
46
109
49
-208
-307
-353
-364
-305
-149
-65
-42
-35
-44
-125
-237
-244
-212
-88
57
18
-75
-67
23
127
261
221
29
-125
-138
-8
160
283
197
64
50
105
147
54
-37
-87
-35
-2
-10
5
62
77
64
48
1
-120
-153
-95
-64
-62
1
-14
-11
116
158
63
-62
-182
-295
-228
-100
0
23
35
31
14
46
14
-36
-68
-129
-109
-65
-30
29
66
56
101
45
-124
-186
-224
-120
-24
7
19
-84
-144
-44
-8
8
-133
-332
-282
-197
-102
5
-11
-39
-94
-120
-68
-149
-226
-203
-147
-109
-47
-35
-36
-82
-104
-89
-106
-179
-267
-218
-183
-53
16
-18
-20
-106
-163
-105
-19
62
73
74
9
-58
-16
136
111
-59
-81
-97
-112
39
99
22
57
-28
-106
-72
-27
-3
-105
-153
-172
-123
-6
81
62
33
-16
-117
-92
-66
-99
-26
33
-14
-13
-4
-67
-65
-74
-111
-97
-166
-172
-119
61
186
96
-27
-82
-114
-139
-104
-180
-206
-156
-89
18
92
87
13
-47
-115
-205
-255
-221
-104
-29
65
68
-31
-31
-7
-13
-36
-84
-187
-238
-173
-84
78
173
103
11
-19
-131
-162
-71
-87
-139
-113
-118
-113
18
47
-55
-144
-205
-165
-106
-94
-126
-196
-205
-104
29
33
-111
-136
-48
-2
71
91
-40
18
86
136
150
78
-22
-87
39
160
138
31
1
-46
-14
97
118
-2
-77
-104
-143
-92
36
65
57
85
78
87
138
128
133
173
97
26
78
207
212
181
154
83
22
20
36
9
72
147
121
108
172
169
145
113
9
-107
-110
-29
16
85
81
-21
-82
-153
-140
-134
-251
-273
-249
-191
-119
-49
-107
-172
-189
-198
-164
-188
-157
-181
-146
-62
-64
-74
-104
-111
-127
-131
-112
-143
-73
-9
25
33
12
-41
-80
-63
-44
38
52
14
27
64
56
62
57
-2
-53
-48
-19
13
65
126
108
120
83
50
4
34
100
161
194
192
198
223
299
304
231
143
117
116
157
257
283
277
281
259
192
191
191
182
234
167
124
167
188
230
195
127
37
0
51
53
53
76
92
87
62
-23
-54
-70
-59
-35
-65
-92
-131
-151
-156
-150
-155
-215
-270
-378
-429
-427
-410
-393
-499
-607
-622
-607
-581
-520
-483
-557
-599
-645
-736
-742
-686
-702
-737
-700
-681
-631
-580
-611
-667
-707
-724
-690
-655
-651
-620
-536
-456
-444
-428
-346
-271
-164
-74
22
181
344
471
561
708
847
1000
1146
1268
1336
1394
1470
1528
1586
1589
1620
1626
1579
1520
1485
1457
1405
1369
1265
1169
1022
844
741
626
537
426
346
277
202
100
32
-29
-92
-158
-268
-240
-155
-188
-228
-275
-304
-315
-344
-402
-511
-608
-617
-628
-736
-830
-914
-972
-1040
-1171
-1327
-1477
-1570
-1621
-1588
-1546
-1601
-1663
-1666
-1640
-1616
-1703
-1861
-2016
-2067
-2026
-1823
-1433
-854
-249
17
-174
-590
-769
-428
150
613
939
1163
1418
1521
1430
1337
1355
1481
1552
1553
1586
1629
1667
1687
1674
1573
1340
993
715
607
695
946
1112
1126
930
626
362
235
239
359
511
644
719
702
731
756
714
711
690
691
719
810
931
1065
1170
1171
1038
803
585
434
483
557
615
601
475
317
259
158
-43
-294
-610
-818
-976
-1085
-1190
-1314
-1461
-1653
-1826
-1933
-2115
-2296
-2460
-2583
-2686
-2708
-2677
-2640
-2629
-2593
-2529
-2518
-2474
-2429
-2337
-2125
-1942
-1752
-1602
-1277
-699
-81
304
316
105
47
403
962
1466
1747
1880
1954
2002
2021
1987
1955
1916
1894
1840
1746
1608
1441
1305
1161
1020
796
476
231
104
227
490
598
430
110
-127
-144
40
256
483
640
798
860
858
929
1032
1147
1250
1371
1468
1538
1598
1637
1664
1669
1591
1370
1169
983
862
879
840
683
360
52
-221
-449
-626
-804
-934
-1099
-1314
-1567
-1767
-1963
-2141
-2238
-2391
-2518
-2661
-2816
-2918
-2973
-2987
-2986
-2966
-2976
-3041
-3094
-3004
-2837
-2635
-2465
-2434
-2339
-2190
-1956
-1539
-884
-61
495
441
1
-204
245
1159
1859
2143
2193
2169
2188
2178
2192
2244
2330
2358
2259
2053
1772
1495
1322
1311
1216
945
557
120
-114
-33
274
559
513
147
-258
-442
-324
52
462
819
978
990
974
966
1117
1312
1568
1757
1841
1875
1876
1916
1972
2023
1992
1869
1571
1209
1024
1007
1049
1015
792
374
-92
-513
-788
-942
-1022
-1101
-1292
-1556
-1914
-2226
-2386
-2481
-2547
-2653
-2831
-3015
-3165
-3237
-3230
-3232
-3221
-3212
-3224
-3251
-3295
-3212
-2930
-2656
-2475
-2393
-2318
-2191
-1932
-1396
-531
319
601
257
-176
20
798
1602
2065
2202
2298
2363
2358
2295
2295
2394
2446
2424
2293
2081
1795
1588
1477
1384
1218
862
428
57
-48
142
431
527
358
40
-284
-358
-185
210
659
959
1126
1097
1026
1101
1328
1614
1867
2060
2146
2152
2139
2170
2202
2260
2176
1941
1711
1469
1366
1303
1223
1037
741
326
-85
-432
-703
-843
-977
-1137
-1468
-1829
-2126
-2343
-2459
-2583
-2742
-2976
-3182
-3295
-3325
-3307
-3289
-3331
-3459
-3585
-3647
-3553
-3319
-3101
-2972
-2981
-2977
-2882
-2653
-2287
-1823
-1109
-312
174
1
-423
-407
426
1551
2157
2227
2101
2120
2226
2345
2498
2731
2844
2730
2569
2414
2299
2140
1897
1728
1510
1149
622
284
206
401
685
709
440
14
-208
-195
72
401
668
851
855
815
792
986
1342
1674
1893
2016
2094
2148
2211
2269
2358
2311
2137
1956
1763
1664
1630
1619
1460
1151
786
345
-34
-255
-389
-566
-798
-1193
-1632
-1970
-2222
-2332
-2462
-2607
-2796
-3003
-3225
-3434
-3559
-3636
-3674
-3745
-3818
-3879
-3810
-3656
-3546
-3446
-3350
-3240
-3083
-2883
-2741
-2547
-2162
-1440
-631
-147
-115
-372
-275
522
1514
2121
2219
2117
2125
2284
2474
2733
2946
3046
2993
2869
2825
2672
2434
2158
1891
1716
1418
960
583
470
550
754
793
560
185
-117
-89
127
397
618
659
618
609
723
961
1254
1528
1692
1837
1983
2092
2134
2184
2206
2146
2096
1930
1828
1789
1791
1732
1573
1302
882
483
132
-123
-333
-521
-849
-1225
-1581
-1893
-2034
-2195
-2345
-2496
-2713
-3005
-3254
-3440
-3603
-3744
-3864
-3917
-4000
-4028
-4000
-3975
-3927
-3849
-3752
-3589
-3400
-3283
-3221
-3122
-2731
-1963
-1061
-361
-222
-403
-320
279
1248
2008
2260
2207
2178
2371
2717
3075
3359
3538
3510
3403
3245
3106
2933
2665
2401
2113
1775
1340
938
714
694
729
615
339
2
-151
-159
-67
86
128
138
110
169
339
614
971
1270
1494
1669
1864
2063
2255
2350
2351
2341
2287
2259
2255
2289
2316
2234
2049
1771
1424
1115
819
495
192
-169
-564
-935
-1282
-1574
-1846
-2129
-2419
-2704
-2952
-3155
-3331
-3484
-3649
-3844
-3993
-4129
-4199
-4182
-4155
-4057
-3932
-3852
-3859
-3839
-3628
-3291
-3014
-2914
-2783
-2401
-1647
-816
-251
6
11
180
746
1518
2113
2318
2259
2294
2542
2891
3214
3443
3580
3545
3401
3270
3083
2866
2566
2253
1979
1709
1358
998
761
665
618
454
234
-33
-170
-115
-9
72
57
16
46
245
554
927
1239
1437
1569
1697
1916
2122
2260
2310
2292
2296
2334
2386
2386
2367
2293
2156
1941
1657
1352
1031
731
336
-66
-440
-806
-1080
-1318
-1548
-1843
-2148
-2499
-2818
-3063
-3226
-3349
-3515
-3635
-3774
-3881
-3986
-4089
-4213
-4261
-4698
-5224
-5509
-5398
-4498
-3305
-2310
-1953
-2219
-2494
-2177
-1151
127
1006
1053
821
1132
2021
3071
3699
3842
3728
3570
3255
2991
2970
3076
3256
3237
3099
2769
2240
1615
1041
715
364
-140
-821
-1372
-1468
-1267
-963
-839
-728
-438
-50
302
484
665
786
1043
1468
2015
2612
3128
3586
3888
4235
4445
4449
4247
3841
3434
2954
2530
2183
1965
1805
1583
1222
705
227
-218
-570
-994
-1467
-1852
-2175
-2305
-2313
-2174
-2034
-2033
-2143
-2370
-2553
-2626
-2732
-2889
-2964
-2977
-3016
-3027
-3138
-3293
-3453
-3629
-3807
-4009
-4130
-4198
-4259
-4231
-3995
-3446
-2717
-2149
-1698
-1042
-81
842
1276
1311
1375
1838
2488
2964
3169
3334
3583
3832
4002
3978
3764
3347
2724
2120
1664
1221
690
186
-117
-263
-475
-804
-1103
-1251
-1223
-1344
-1551
-1596
-1458
-1060
-507
195
966
1690
2281
2814
3298
3657
3880
3968
4100
4196
4259
4320
4368
4490
4484
4234
3686
3020
2375
1747
1117
440
-158
-622
-842
-944
-1042
-1115
-1292
-1509
-1730
-1920
-2146
-2340
-2465
-2444
-2299
-2127
-1987
-1884
-1741
-1693
-1830
-2097
-2435
-2700
-2889
-3145
-3567
-4075
-4569
-4849
-4839
-4702
-4631
-4723
-4661
-4319
-3790
-3182
-2640
-1877
-769
331
1034
1378
1750
2530
3437
4027
4179
4062
4126
4360
4583
4624
4309
3788
3162
2517
1877
1217
483
-223
-791
-1289
-1790
-2246
-2432
-2378
-2288
-2295
-2486
-2512
-2207
-1627
-988
-443
164
959
1846
2704
3490
4156
4744
5102
5177
5107
4940
4834
4747
4603
4257
3781
3320
2992
2700
2225
1460
514
-259
-827
-1203
-1466
-1699
-1830
-1848
-1739
-1608
-1511
-1468
-1446
-1460
-1586
-1682
-1721
-1571
-1385
-1285
-1285
-1463
-1661
-1813
-1908
-2082
-2448
-3041
-3733
-4433
-4994
-5352
-5604
-5766
-5868
-5760
-5460
-5004
-4354
-3558
-2614
-1460
-285
514
937
1458
2370
3381
3997
4323
4649
5019
5289
5347
5391
5325
4951
4157
3169
2300
1523
793
57
-661
-1376
-2012
-2465
-2610
-2647
-2865
-3095
-3189
-3025
-2754
-2439
-1937
-1162
-326
436
1310
2289
3297
4120
4742
5220
5469
5635
5724
5655
5399
5042
4677
4294
3828
3324
2812
2238
1525
692
-93
-746
-1300
-1686
-2027
-2331
-2418
-2257
-2029
-1876
-1721
-1606
-1497
-1453
-1405
-1383
-1379
-1308
-1271
-1305
-1438
-1547
-1564
-1567
-1733
-2123
-2713
-3457
-4209
-4978
-5577
-6011
-6285
-6373
-6415
-6171
-5585
-4754
-3781
-2664
-1279
4
709
986
1529
2564
3655
4213
4375
4685
5193
5646
5897
6015
5901
5374
4439
3419
2487
1560
634
-225
-1023
-1906
-2673
-3005
-2936
-2844
-3133
-3587
-3737
-3443
-3033
-2722
-2313
-1651
-770
120
1045
2084
3213
4255
5008
5440
5660
5894
6146
6230
5927
5346
4804
4455
4197
3815
3281
2510
1621
789
23
-631
-1198
-1657
-2083
-2415
-2541
-2360
-2009
-1695
-1505
-1466
-1418
-1354
-1234
-1073
-1087
-1129
-1192
-1227
-1284
-1374
-1405
-1467
-1669
-2068
-2629
-3292
-3901
-4583
-5360
-6021
-6458
-6645
-6728
-6560
-6003
-5120
-4134
-2982
-1480
69
1008
1297
1712
2684
3749
4258
4355
4607
5123
5580
5799
5938
5935
5538
4702
3629
2571
1537
495
-511
-1449
-2349
-3152
-3583
-3531
-3322
-3440
-3783
-3850
-3491
-3040
-2771
-2424
-1814
-967
-79
851
1958
3139
4244
5037
5508
5673
5749
5915
6233
6366
5821
4974
4510
4471
4267
3680
2753
1615
617
-140
-718
-1258
-1781
-2217
-2459
-2578
-2525
-2149
-1672
-1372
-1383
-1486
-1482
-1359
-1060
-842
-970
-1258
-1322
-1132
-971
-1007
-1208
-1540
-2062
-2646
-3348
-4181
-5049
-5829
-6444
-6891
-7164
-7149
-6698
-6023
-5285
-4357
-2979
-1191
270
955
1230
1877
3119
4126
4395
4409
4729
5311
5711
5890
6048
5979
5440
4570
3532
2413
1153
-24
-971
-1999
-3094
-3968
-4194
-3923
-3714
-3890
-4174
-4021
-3514
-3037
-2769
-2413
-1783
-967
-49
956
2116
3346
4491
5361
5862
6016
6141
6315
6325
6129
5647
5081
4590
4289
4012
3403
2545
1639
708
-194
-961
-1614
-2123
-2558
-2914
-2958
-2732
-2304
-1849
-1485
-1319
-1333
-1237
-1115
-1051
-1068
-1214
-1440
-1554
-1467
-1404
-1433
-1534
-1700
-2152
-2901
-3709
-4558
-5417
-6293
-7071
-7618
-7791
-7635
-7120
-6239
-5031
-3408
-1483
231
980
1200
1910
3168
4124
4175
3881
4080
4795
5440
5831
6094
6188
5917
5210
4283
3118
1814
536
-732
-2044
-3364
-4349
-4620
-4243
-3895
-4007
-4234
-3960
-3226
-2671
-2456
-2337
-1949
-1260
-516
430
1580
2853
4076
5161
5963
6365
6617
6877
7045
6865
6163
5159
4466
4239
3893
3233
2382
1512
737
151
-426
-1083
-1694
-2289
-2761
-2986
-2893
-2642
-2265
-1859
-1711
-1602
-1362
-1067
-833
-724
-971
-1428
-1693
-1690
-1682
-1837
-1960
-2207
-2605
-3061
-3784
-4649
-5441
-6242
-7059
-7673
-7841
-7622
-7082
-6120
-4545
-2412
-452
554
1064
2041
3419
4385
4407
3997
3912
4266
4780
5189
5474
5668
5649
5309
4803
4005
2900
1678
349
-1115
-2773
-4178
-4793
-4717
-4552
-4694
-4816
-4322
-3328
-2541
-2097
-1835
-1494
-998
-565
20
864
1913
3136
4343
5390
6250
7083
7853
8145
7698
6843
5934
5183
4482
3525
2489
1536
898
567
256
-190
-659
-1042
-1428
-1919
-2409
-2590
-2620
-2618
-2518
-2411
-2153
-1651
-1064
-677
-613
-710
-847
-991
-1334
-1809
-2261
-2558
-2816
-3241
-3773
-4488
-5225
-5853
-6371
-6883
-7305
-7389
-7076
-6358
-5124
-3279
-1312
71
765
1582
3017
4307
4662
4335
4203
4447
4736
4859
5021
5273
5305
4987
4418
3851
3132
2169
998
-349
-1828
-3242
-4200
-4507
-4525
-4729
-4933
-4644
-3796
-2899
-2382
-1951
-1332
-680
-169
272
940
1811
2718
3620
4449
5160
5857
6554
7302
7789
7493
6773
6158
5661
4967
3929
2735
1503
582
-7
-481
-856
-1135
-1392
-1546
-1657
-1805
-1778
-1698
-1796
-1968
-2040
-1988
-1883
-1602
-1305
-1310
-1525
-1654
-1724
-1868
-2106
-2447
-2901
-3542
-4355
-5237
-5950
-6422
-6967
-7534
-7753
-7398
-6522
-5124
-3216
-1195
273
929
1649
3060
4526
4871
4192
3779
4033
4359
4407
4550
4895
5088
4818
4331
3871
3325
2463
1136
-380
-1914
-3435
-4453
-4801
-4819
-4950
-5166
-4860
-3773
-2563
-1885
-1485
-927
-259
116
325
865
1712
2608
3475
4393
5292
6218
7086
7683
7743
7313
6746
6136
5384
4299
3113
2040
1124
405
-115
-451
-683
-768
-811
-1004
-1246
-1279
-1168
-1262
-1461
-1627
-1671
-1529
-1313
-1118
-1054
-1100
-1230
-1386
-1605
-1919
-2362
-2896
-3516
-4356
-5259
-6085
-6792
-7449
-8063
-8302
-7990
-7188
-6036
-4284
-2079
-226
784
1571
2932
4499
5197
4758
4178
4234
4560
4604
4571
4823
5062
4949
4499
4053
3585
2793
1602
151
-1391
-2999
-4318
-5020
-5174
-5292
-5591
-5409
-4422
-3070
-2077
-1442
-743
65
649
920
1320
1959
2658
3270
3846
4535
5436
6380
7239
7885
7947
7532
7032
6455
5565
4247
2822
1400
160
-669
-1237
-1473
-1489
-1436
-1328
-1162
-975
-774
-638
-770
-1112
-1357
-1397
-1482
-1480
-1327
-1373
-1524
-1579
-1523
-1653
-1978
-2521
-3298
-4298
-5524
-6841
-7918
-8556
-8872
-8846
-8245
-7042
-5089
-2572
-515
635
1750
3329
4767
5230
4731
4208
4203
4453
4375
4127
4287
4649
4827
4681
4341
3860
3158
2085
575
-1208
-2949
-4343
-5245
-5706
-6095
-6377
-5970
-4780
-3411
-2381
-1551
-647
348
1050
1358
1667
2221
2912
3553
4267
5018
5777
6643
7329
7668
7591
7308
6897
6126
4992
3679
2359
1172
141
-762
-1420
-1737
-1751
-1588
-1514
-1409
-1140
-826
-771
-957
-1088
-1112
-1128
-1151
-1124
-1095
-1016
-933
-889
-937
-1243
-1683
-2211
-2957
-4025
-5371
-6753
-7887
-8635
-9024
-8905
-8217
-6751
-4627
-2486
-899
269
1821
3604
4699
4637
4079
3888
4112
4198
4013
3988
4241
4603
4710
4612
4442
4039
3290
2010
338
-1445
-3037
-4310
-5283
-6063
-6663
-6719
-5951
-4639
-3438
-2423
-1388
-302
665
1228
1584
2058
2604
3123
3610
4235
5073
6005
6887
7552
7897
7972
7779
7152
6151
4849
3381
1904
521
-716
-1601
-2001
-2087
-2040
-1897
-1600
-1258
-936
-776
-935
-1163
-1363
-1579
-1756
-1813
-1782
-1624
-1405
-1231
-1085
-948
-921
-1302
-2103
-3283
-4681
-5986
-7109
-7988
-8368
-8089
-7218
-5648
-3547
-1632
-257
1041
2682
4120
4520
3932
3273
3253
3337
3001
2663
2801
3245
3590
3770
3894
3982
3731
2969
1721
215
-1344
-2861
-4083
-5079
-5939
-6458
-6223
-5268
-4020
-2855
-1844
-725
478
1410
1906
2287
2739
3087
3369
3785
4345
4973
5675
6415
7082
7520
7583
7307
6702
5777
4509
3039
1574
173
-939
-1669
-2092
-2182
-1983
-1683
-1336
-945
-630
-535
-758
-1119
-1492
-1867
-2179
-2405
-2482
-2480
-2401
-2190
-1844
-1691
-1908
-2531
-3427
-4352
-5399
-6336
-6925
-6963
-6466
-5577
-4049
-2085
-282
1035
2374
3982
5123
5111
4336
3837
3745
3404
2551
1904
1873
2051
2095
2088
2275
2390
2077
1349
329
-863
-2160
-3443
-4561
-5415
-6060
-6357
-5927
-4836
-3524
-2385
-1231
181
1562
2497
3038
3491
3863
4087
4200
4446
4743
5056
5574
6245
6781
6935
6838
6501
5818
4766
3459
1969
503
-744
-1690
-2239
-2507
-2468
-2065
-1570
-1078
-626
-313
-301
-518
-861
-1314
-1859
-2354
-2670
-2892
-3017
-3098
-3012
-2924
-3150
-3660
-4288
-5031
-5929
-6596
-6703
-6269
-5438
-4158
-2552
-971
577
2196
3988
5495
5935
5550
5159
5046
4728
4021
3201
2584
2227
1913
1602
1436
1473
1193
444
-468
-1442
-2412
-3514
-4599
-5571
-6422
-6944
-6826
-6008
-4859
-3699
-2465
-890
736
2130
3313
4244
4943
5286
5395
5471
5584
5740
5927
6050
6024
5922
5844
5793
5381
4484
3346
2116
902
-235
-1234
-2090
-2749
-3066
-2996
-2668
-2210
-1638
-1175
-966
-898
-916
-1007
-1252
-1657
-2120
-2524
-2864
-3110
-3297
-3674
-4305
-5064
-5722
-6339
-6741
-6631
-6005
-5043
-3843
-2363
-730
796
2252
3768
5081
5670
5415
5069
5113
5103
4675
4006
3453
3142
2896
2557
2215
1896
1283
318
-771
-1813
-2837
-3890
-4897
-5798
-6428
-6738
-6610
-5914
-4927
-3970
-3066
-1902
-461
909
2048
2993
3802
4444
4934
5324
5706
6090
6384
6509
6370
6109
5850
5532
4968
4023
2841
1707
666
-235
-991
-1707
-2203
-2440
-2482
-2354
-2109
-1811
-1668
-1674
-1807
-1969
-2045
-2157
-2461
-2782
-2985
-3178
-3382
-3762
-4345
-5103
-5830
-6503
-7050
-6987
-6179
-4835
-3329
-1806
-286
1242
3018
4784
6027
6249
5680
5346
5415
5212
4467
3754
3366
3021
2649
2362
2255
2039
1437
433
-685
-1768
-2827
-3856
-4905
-5851
-6537
-6725
-6324
-5396
-4349
-3384
-2362
-1122
286
1476
2375
3047
3494
3751
4002
4365
4756
5214
5577
5752
5834
5891
5892
5639
4926
3746
2519
1328
148
-812
-1550
-2183
-2570
-2523
-2253
-1841
-1347
-967
-804
-868
-1083
-1369
-1687
-2243
-2862
-3384
-3855
-4171
-4539
-5032
-5671
-6205
-6747
-7369
-7457
-6591
-4985
-3358
-2004
-737
899
2989
4905
6150
6481
6206
5999
6076
5943
5419
4833
4328
3794
3280
3003
2794
2448
1693
481
-847
-2093
-3132
-4137
-5141
-6214
-7023
-7157
-6631
-5600
-4451
-3343
-2225
-893
644
2087
3256
4141
4782
5142
5392
5686
6048
6286
6169
5727
5242
4925
4553
3999
3126
1929
775
-244
-1091
-1780
-2351
-2779
-2997
-2953
-2669
-2186
-1709
-1331
-1211
-1251
-1318
-1354
-1478
-1813
-2285
-2798
-3256
-3791
-4425
-5303
-6299
-7255
-8023
-8026
-7106
-5481
-3726
-2258
-660
1301
3487
5440
6569
6796
6394
5993
5832
5581
5044
4424
3895
3500
3276
3266
3341
3167
2502
1366
118
-1121
-2361
-3741
-5177
-6497
-7487
-7717
-7185
-6142
-4849
-3597
-2215
-603
1114
2607
3761
4573
5005
5139
5254
5605
6008
6258
6151
5890
5742
5570
5276
4746
3726
2323
908
-369
-1486
-2527
-3389
-4054
-4441
-4358
-3937
-3313
-2690
-2275
-2068
-2009
-1926
-1841
-1993
-2461
-3001
-3464
-4022
-4683
-5448
-6321
-7245
-7855
-7610
-6530
-4906
-3049
-1279
307
1881
3744
5722
6938
6942
6221
5737
5780
5578
4983
4436
4061
3827
3544
3366
3298
3103
2367
1061
-305
-1487
-2572
-3780
-4979
-6052
-6888
-7119
-6571
-5351
-4039
-2966
-1808
-299
1351
2777
3944
4735
5038
5132
5408
5867
6148
6110
5824
5522
5295
5068
4718
4077
2991
1712
530
-553
-1504
-2310
-2984
-3638
-3988
-3897
-3603
-3226
-2891
-2763
-2877
-2976
-3005
-3083
-3374
-3856
-4295
-4642
-5092
-5855
-6799
-7644
-8330
-8340
-7361
-5570
-3509
-1671
-14
1847
4215
6569
7756
7686
7174
6825
6600
6000
5176
4577
4176
3699
3236
3203
3374
3196
2409
1114
-192
-1306
-2390
-3797
-5335
-6529
-7196
-7190
-6679
-5663
-4247
-2784
-1406
154
1892
3612
5082
5861
6068
6174
6622
7128
7070
6509
5875
5475
5085
4519
3835
3033
1957
725
-397
-1449
-2314
-3028
-3699
-4337
-4695
-4486
-4055
-3629
-3337
-3172
-3072
-2948
-2887
-3026
-3437
-4016
-4633
-5431
-6464
-7610
-8589
-9357
-9516
-8394
-6113
-3481
-1517
87
2192
4975
7497
8299
7756
6946
6583
6286
5295
4325
3956
3867
3555
3189
3428
3976
3941
2959
1459
95
-1221
-2761
-4396
-5883
-7063
-7792
-7820
-6957
-5411
-3729
-2220
-685
1058
2792
4273
5370
6076
6227
6192
6719
7484
7796
7540
7245
7093
6787
6193
5311
4194
2629
805
-829
-2150
-3368
-4341
-5029
-5600
-5817
-5430
-4781
-4243
-3768
-3547
-3569
-3608
-3586
-3805
-4303
-5002
-5783
-6473
-7267
-8292
-9228
-9444
-8473
-6497
-4086
-2062
-372
1651
4148
6627
8074
8118
7284
6642
6424
5730
4678
3982
3734
3453
3024
2969
3406
3625
2973
1625
190
-1134
-2592
-4055
-5451
-6799
-7737
-7947
-7266
-5838
-4127
-2496
-894
895
2728
4505
5868
6569
6665
6655
7145
7753
8144
8085
7813
7710
7502
7113
6384
5353
4029
2295
533
-1114
-2487
-3481
-4402
-5222
-5702
-5609
-5123
-4699
-4354
-4221
-4316
-4454
-4613
-4942
-5532
-6225
-7118
-8115
-9075
-9996
-10535
-10190
-8640
-6018
-3140
-981
702
2908
5937
8440
9008
8085
7138
7028
6835
5709
4530
4148
4124
3642
3070
3204
3634
3410
2064
249
-1331
-2706
-4172
-5691
-7067
-8157
-8634
-8245
-6995
-5259
-3378
-1583
173
1947
3840
5647
6765
7096
7084
7512
8102
8337
8140
7786
7613
7339
6871
6105
5242
4346
3068
1592
62
-1125
-1973
-2917
-3837
-4562
-4789
-4756
-4674
-4514
-4408
-4521
-4622
-4672
-4833
-5176
-5769
-6513
-7464
-8603
-9814
-10807
-10704
-9214
-6821
-4206
-2122
-168
2386
5483
8066
8872
8227
7384
7023
6603
5469
4272
3799
3684
3284
2838
3053
3628
3521
2347
710
-767
-2248
-3940
-5635
-7060
-8198
-8948
-8801
-7500
-5483
-3531
-1744
150
2353
4706
6396
7244
7492
7923
8384
8300
8015
7604
7402
7151
6702
6113
5436
4864
4112
3036
1634
246
-733
-1638
-2755
-3764
-4310
-4596
-4857
-4927
-4782
-4624
-4652
-4925
-5235
-5541
-5989
-6626
-7524
-8625
-9783
-10707
-10766
-9377
-6685
-3748
-1657
22
2530
5933
8787
9526
8733
7892
7463
6868
5492
4231
3769
3515
2944
2380
2642
3368
3348
2138
355
-1273
-2733
-4349
-6060
-7653
-8953
-9585
-9255
-8065
-6200
-3973
-1651
386
2375
4624
6586
7711
8050
8351
8528
8443
8116
7678
7358
6984
6490
5744
4920
4231
3598
2652
1191
-263
-1152
-1881
-2780
-3487
-3909
-4233
-4393
-4328
-4224
-4144
-4161
-4471
-4944
-5451
-6194
-7087
-8203
-9530
-10855
-11660
-11257
-9436
-6281
-3381
-1528
517
3626
7249
9428
9461
8609
8087
7873
6793
5129
4317
4234
3976
3173
2770
3403
4015
3505
1914
253
-1249
-3009
-4958
-6705
-8182
-9297
-9676
-9175
-7703
-5613
-3362
-1151
1121
3451
5393
6836
7918
8601
8617
8286
7988
7666
7215
6648
6177
5649
4804
3962
3437
2880
1633
180
-787
-1627
-2590
-3401
-3906
-4334
-4598
-4813
-4939
-4844
-4733
-4999
-5585
-6106
-6744
-7628
-8966
-10311
-11309
-11787
-11101
-8888
-5329
-2467
-794
1475
5131
8879
10261
9596
8882
8851
8472
6626
4734
4258
4306
3642
2484
2288
3040
3220
2027
292
-1054
-2491
-4425
-6338
-7749
-8759
-9449
-9419
-8430
-6638
-4257
-1714
807
3262
5335
7038
8415
9580
10045
9732
9236
8801
8346
7553
6829
6262
5466
4234
3074
2431
1536
55
-1341
-2257
-3079
-3924
-4460
-4641
-4651
-4617
-4695
-4679
-4361
-4339
-4870
-5541
-6264
-7197
-8517
-10019
-11156
-11582
-11019
-9195
-6017
-2946
-1262
440
3816
7649
9135
8211
7270
7619
7839
6301
4432
4204
4969
4827
3770
3591
4522
4793
3395
1230
-372
-1817
-4081
-6565
-8240
-9183
-9865
-9928
-9000
-7289
-5058
-2593
77
2679
4697
6251
7775
9229
9802
9506
9201
9087
8828
8164
7384
6842
6208
5070
3839
2961
2015
510
-987
-2058
-2980
-3762
-4392
-4739
-4746
-4647
-4720
-4720
-4482
-4599
-5269
-6028
-6828
-8018
-9457
-10671
-11452
-11385
-10194
-7537
-3979
-1166
537
2559
6104
9031
9238
7664
6544
6733
6263
4149
2452
2805
3836
3473
2549
2946
3998
3898
2085
66
-1243
-2913
-5378
-7602
-8629
-8997
-9196
-8870
-7566
-5441
-3090
-551
1972
3923
5240
6570
8388
9468
9230
8857
8843
8969
8438
7623
7136
6686
5805
4365
3208
2390
1289
-136
-1527
-2646
-3390
-4031
-4731
-4899
-4705
-4768
-5062
-5062
-4888
-5329
-6145
-7113
-8130
-9385
-10817
-11767
-11508
-9808
-7083
-3746
-1089
973
3671
7305
10101
10305
8984
8041
7779
6872
4797
3113
3047
3397
2858
2092
2360
3103
2658
735
-1272
-2623
-4351
-6896
-9092
-9863
-9857
-9899
-9408
-7704
-4990
-2396
44
2667
4774
6273
7540
8912
9445
9022
8761
8593
8245
7556
6962
6566
5877
4873
3689
2810
1820
457
-916
-2103
-3127
-3849
-4408
-4969
-4965
-4618
-4578
-4638
-4323
-4108
-4683
-5579
-6433
-7561
-8829
-10174
-11103
-10542
-8597
-5469
-2443
-336
1740
4679
8316
9860
9001
7820
7380
7185
5590
3506
2686
3269
3637
2798
2391
3138
3660
2522
323
-1272
-2649
-4807
-7566
-9343
-9658
-9768
-9768
-8978
-6726
-3912
-1170
1701
3912
5603
7151
8807
9515
8968
8558
8519
8260
7365
6359
5935
5759
5021
3681
2594
1890
878
-534
-1960
-3027
-3613
-4197
-5148
-5558
-5068
-4893
-5248
-5345
-4949
-4980
-5633
-6551
-7735
-8791
-9706
-10379
-10072
-8153
-4955
-1883
354
2352
5335
8922
10563
9861
8653
8328
7959
6265
4272
3256
3542
3760
2968
2431
2937
3351
2320
242
-1603
-3138
-5170
-7547
-9393
-10224
-10255
-9926
-9063
-7325
-4993
-2113
974
3067
4631
6541
8514
9251
8718
8654
8899
8773
8002
6891
6566
6505
5687
4238
3038
2279
1222
-265
-1797
-2927
-3495
-4205
-5326
-5770
-5440
-5537
-5972
-6109
-6096
-6473
-7180
-7983
-9148
-10158
-10757
-10843
-9460
-6735
-3294
-399
1728
3999
7075
10141
10822
9557
8434
8188
7647
5965
4324
3891
4452
4542
3527
2939
3140
2651
700
-1792
-3688
-5503
-7582
-9598
-10645
-10536
-9803
-8664
-7073
-4762
-2159
795
3226
4461
5793
7757
9167
8831
8108
8297
8768
8562
7464
6426
6093
5704
4281
2383
1091
137
-1133
-2723
-3986
-4321
-4266
-4772
-5461
-5147
-4501
-4651
-5190
-5463
-5680
-6378
-7430
-8750
-9752
-10253
-10363
-9480
-6917
-3105
-18
1927
4082
7233
10191
10770
9413
8374
8258
7706
5916
4487
4501
5041
5099
4585
4381
4387
3539
1503
-895
-2940
-5160
-7820
-10070
-11020
-11009
-10572
-9567
-7933
-5585
-2883
250
2719
4056
5294
6796
8176
8062
7525
7617
8127
8385
7698
7155
6976
6633
5386
3577
2016
615
-960
-2973
-4543
-5121
-5292
-5875
-6475
-6163
-5614
-5616
-6094
-6504
-6788
-7520
-8612
-9706
-10451
-10537
-9908
-8247
-5220
-1627
1266
3323
5560
8431
10386
10201
8890
8092
7952
7139
5610
4937
5501
6063
5923
5583
5591
5259
3721
1336
-1075
-3174
-5536
-8090
-9812
-10277
-9920
-9094
-7705
-5739
-3458
-597
2254
3925
4915
5975
7340
7870
7468
7054
7069
7608
7494
6799
6304
6108
5472
3956
2142
588
-732
-2465
-4464
-5655
-5794
-5960
-6710
-6965
-6441
-6153
-6585
-7415
-8052
-8707
-9652
-10812
-11543
-11206
-9948
-7975
-5001
-1050
2381
4637
6539
8877
10729
10326
8587
7411
7318
6936
5529
4838
5656
6714
6673
6046
5751
5156
3314
439
-2179
-4356
-6705
-9114
-10636
-10522
-9645
-8569
-7087
-4959
-2288
547
2698
4041
5161
6474
7746
8124
8288
8413
8898
9674
9874
9490
8741
8050
6887
4934
2488
294
-1493
-3350
-5279
-6582
-6793
-6960
-7521
-7857
-7702
-7598
-8220
-9286
-10222
-11040
-11778
-12529
-13078
-12283
-9776
-6302
-2502
864
3616
6096
8667
10879
10868
8997
7330
6977
7096
5906
4494
4860
6596
7548
6936
6300
6104
4791
1739
-1523
-4027
-6229
-8858
-11132
-11546
-10407
-8896
-7634
-5942
-3123
185
2355
3296
4040
5368
6634
6746
6708
6999
7939
9003
9576
9830
9797
9641
8826
7243
5190
3154
1148
-960
-3085
-4571
-5107
-5759
-6775
-7562
-7722
-7842
-8860
-10447
-11824
-12801
-13470
-14268
-14719
-13536
-10578
-6915
-3069
670
4187
7040
9119
10895
11351
10362
8605
7221
6845
6511
5878
5621
6413
7522
7896
7131
5875
4126
1411
-1712
-4844
-7553
-9975
-11863
-12376
-11489
-9894
-8295
-6536
-3651
-607
1131
2004
2911
4289
5040
5372
5868
6587
7650
8567
9315
9616
9635
9027
7999
6638
4819
2887
933
-508
-1830
-2788
-3516
-4261
-4815
-5512
-6390
-7644
-9076
-10699
-12475
-14073
-15201
-15680
-15509
-13754
-10442
-6473
-2360
1061
4280
7102
9222
10445
10005
9104
8273
7837
7686
7504
7689
8107
8937
9451
9212
7869
5829
3402
419
-2515
-5499
-7919
-9599
-10430
-10177
-9178
-7649
-5993
-3883
-1806
-451
276
1038
2082
2618
3232
3997
4997
6315
7544
8731
9170
9103
8531
7443
5900
3856
1835
22
-1335
-2359
-2862
-3100
-3342
-3669
-4204
-4860
-6059
-7699
-9669
-11517
-13083
-14338
-15133
-15338
-13884
-10811
-7065
-3533
-557
2475
5121
7045
7923
7462
6859
6619
6853
7059
7146
7931
9100
10152
10486
10296
9383
7424
4634
1539
-1082
-3618
-5856
-7675
-8428
-7918
-6962
-5972
-5066
-3393
-1756
-917
-838
-525
551
1236
2034
2980
4408
6088
7478
8718
9227
9274
8746
7734
6189
4354
2703
1229
85
-987
-1513
-1848
-2364
-3187
-4374
-5456
-6952
-8742
-10723
-12660
-14104
-15145
-15766
-15585
-13692
-10575
-7302
-4306
-1257
1812
3859
5207
6221
6594
6353
6065
6822
7971
8571
8942
9750
10779
10842
9639
7780
5757
3105
-21
-2840
-4880
-6253
-7312
-7520
-6860
-5833
-4815
-3423
-2038
-1314
-1074
-622
481
1202
1794
2747
4235
6032
7378
8456
9173
9415
8895
7861
6616
5210
3510
1818
858
240
-162
-864
-1654
-2329
-3272
-4580
-6376
-8163
-9857
-11389
-12833
-13930
-14371
-14075
-12663
-10229
-7432
-4773
-2319
89
1977
3139
4091
4551
4803
5127
5837
7019
8138
9378
10200
10605
10676
10132
8719
6238
3386
713
-1520
-3607
-5254
-5993
-6139
-5903
-5748
-4792
-3367
-2782
-2971
-3216
-2328
-1428
-918
-287
921
2901
4822
6611
7719
8504
8676
8355
7654
6387
5145
3416
2096
1275
810
385
-501
-1254
-2065
-3053
-4490
-6270
-8242
-10031
-11538
-12678
-13373
-13633
-12646
-10548
-8152
-6059
-3948
-1545
292
1434
2197
2843
3217
3633
4843
6572
8088
9007
10125
11273
11449
10459
8745
6916
4593
1992
-236
-1757
-2709
-3458
-3645
-3444
-2944
-2359
-2154
-2537
-3404
-3717
-3509
-3232
-2859
-2088
-435
1600
3825
5600
6720
7403
7563
7203
6093
4980
3822
2650
1653
1189
1314
1141
489
-442
-1256
-2384
-4334
-6881
-9223
-11056
-12512
-13701
-14374
-13683
-11541
-8719
-6324
-4162
-1934
-13
968
1109
1159
1219
1528
2146
3637
5588
7238
8706
9883
10912
10896
9738
7889
5746
3708
1580
-115
-1249
-1876
-2248
-2305
-1662
-1026
-1031
-1879
-2820
-3187
-3350
-3607
-3628
-2909
-1545
294
2332
4223
5435
6032
6562
6778
6473
5598
4591
3988
3571
3213
2880
2472
1818
648
-828
-2345
-4196
-6483
-8978
-11001
-12207
-13032
-13571
-13065
-11073
-8515
-6289
-4835
-3250
-1688
-692
-161
-223
363
1157
2233
3733
5597
7852
9166
9815
9872
9896
9087
7071
4798
2828
1738
356
-637
-1374
-1773
-1797
-1686
-1196
-1760
-2798
-3729
-3822
-3651
-3872
-3616
-2820
-1174
369
1909
3272
4030
4512
4552
4765
4792
4628
4373
4242
4526
4787
4723
3995
2928
1648
85
-1788
-4012
-6209
-8231
-9787
-10855
-11504
-11466
-10381
-8483
-6736
-5445
-4364
-3367
-2656
-2064
-1482
-960
-469
623
2830
5301
7182
8072
8855
9416
9191
8028
6256
4666
3171
2221
1696
1525
1321
998
721
407
123
-877
-2386
-4100
-4968
-5015
-4808
-4311
-3698
-2337
-587
1258
2433
2725
2637
2561
2732
2414
2009
1819
2266
2959
3432
3880
3804
3256
1981
585
-756
-2469
-4473
-6404
-7513
-8257
-8930
-9143
-8230
-6501
-5006
-4444
-4229
-3398
-2321
-1783
-2258
-2237
-1274
170
1703
3301
5554
7012
7672
7852
8218
8139
6476
4674
3582
3537
3144
2610
2445
2385
2318
1703
1568
862
-722
-2384
-3079
-2865
-3282
-3568
-3331
-2305
-1227
-391
400
690
900
944
1371
1670
1631
1678
1937
2736
3226
3421
3012
2278
1524
415
-942
-2689
-4244
-5650
-6753
-7506
-8056
-8537
-8757
-7811
-5932
-4464
-4642
-5129
-4115
-1796
-663
-1895
-2750
-1240
2057
3961
4083
4740
6576
8429
8339
7395
6542
5622
4280
3225
3309
3234
2641
1942
2411
2988
2524
1589
385
-590
-1713
-2031
-1865
-2186
-2697
-2361
-533
846
962
474
776
1616
1761
1356
739
840
1247
1679
2010
1967
1923
1602
1202
510
-454
-1818
-3265
-4407
-5282
-5990
-6931
-7437
-7553
-6971
-5732
-4262
-3477
-3999
-4231
-3235
-1757
-2080
-3483
-3525
-1396
1257
2338
3182
4555
6254
7061
6915
6548
5569
4452
3645
3881
4203
3955
3589
3556
3900
3764
3317
2075
372
-782
-877
-510
-982
-1647
-1592
-617
210
256
-216
-735
-666
-206
328
249
1
530
1636
2474
2385
1867
1467
1063
362
-660
-1870
-3024
-3859
-4325
-4698
-5164
-5603
-5754
-5551
-5108
-4293
-3750
-3862
-4139
-3726
-2531
-1869
-2138
-2462
-1429
518
1863
2291
2632
3491
4250
4540
4242
3722
3196
2890
3228
3747
4078
3984
3970
4169
4078
3663
2971
2082
1007
483
776
1117
974
582
852
1568
1858
1322
394
-205
-383
-185
-243
-640
-846
-335
642
1068
798
277
123
11
-569
-1539
-2556
-3237
-3651
-3838
-4222
-4770
-5072
-5199
-5336
-5148
-4225
-3030
-3019
-4050
-4077
-2369
-892
-1708
-3169
-2607
-105
1703
1684
1632
2487
3724
4251
4149
3665
2654
2022
2286
3247
3408
2609
2381
3110
3887
3626
2781
1892
1331
1266
1558
1818
1350
914
1341
2480
3063
2316
1315
1018
1494
1742
1188
278
-119
329
890
927
356
-287
-598
-658
-676
-1470
-2559
-3127
-3013
-2633
-3230
-4357
-4883
-4443
-4683
-5640
-5547
-4456
-3546
-4113
-4593
-3650
-1959
-1462
-2391
-2761
-1670
-167
383
388
671
1401
2244
2942
3255
2797
2166
2197
3033
3539
2894
2094
2341
3269
3410
2746
2051
1841
1825
1791
1896
1759
1477
1290
1718
2317
2158
1475
1090
1468
1847
1727
1237
949
1162
1666
1723
1317
818
224
-137
-138
-690
-1678
-2349
-2465
-1906
-2089
-2842
-3376
-3379
-3135
-3880
-5025
-5249
-4687
-3698
-3478
-3881
-3842
-2841
-1661
-1362
-1979
-2332
-1641
-501
110
85
189
883
1868
2496
2526
2074
1688
1881
2383
2484
2020
1689
1968
2539
2858
2786
2486
2145
2045
2293
2509
2102
1298
1036
1453
1807
1481
871
731
983
1328
1287
946
935
1216
2194
2101
1418
557
67
685
198
-783
-1668
-1834
-1908
-1719
-1926
-3023
-3049
-2915
-3080
-3536
-4388
-4827
-4538
-3657
-2930
-2675
-3080
-3187
-1823
-432
-748
-2282
-2555
-1101
35
14
-426
132
1136
1853
2356
2274
1656
986
1247
2075
2180
1360
980
1947
3149
3617
3242
2605
2375
2723
3058
2608
1396
618
994
1858
2068
1528
887
763
1221
1530
1029
197
423
854
1183
1483
846
461
474
197
121
-200
-1313
-1953
-1908
-1393
-1688
-2917
-3348
-2809
-2613
-3112
-3910
-4528
-4461
-3846
-2752
-2294
-2850
-3187
-2395
-1009
-746
-1938
-2897
-2196
-652
216
46
-209
359
1636
2524
2333
1440
778
1194
2062
2396
1949
1528
2103
3471
4426
4081
3066
2519
3017
3378
2698
1477
650
849
1445
1590
937
44
-400
280
1327
1026
311
-278
533
1535
1310
407
-443
-163
219
404
-137
-1070
-1413
-306
225
-963
-1798
-2139
-1576
-1779
-2280
-2999
-3609
-3494
-3096
-3265
-3504
-3381
-2720
-2427
-2587
-2662
-2497
-2058
-2224
-2332
-2079
-1474
-945
-655
-161
213
722
1146
1387
1353
1314
1699
2069
2338
2386
2873
3702
4161
4060
3579
3555
3561
3157
2390
1536
1275
1343
1444
1149
313
-53
-85
1055
941
201
-406
374
805
739
16
-436
-82
137
597
-199
-584
-557
-306
47
-186
-723
-1050
-1222
-694
-1163
-2177
-2488
-2625
-2443
-2604
-3264
-3711
-3461
-2968
-2817
-2887
-3166
-3156
-2708
-2190
-2132
-2378
-2139
-1473
-697
-245
79
400
782
1270
1691
2006
1852
1761
2197
2871
3570
3715
3702
3703
3756
3828
3283
2463
1664
1408
1435
1182
816
-16
-100
355
763
589
-327
-644
-425
330
-64
-390
-537
-219
430
78
158
103
-218
43
171
-32
-443
-669
-697
-717
-1081
-1520
-1539
-2009
-1946
-1975
-2192
-2652
-2824
-2779
-3003
-3152
-3120
-2873
-2546
-2530
-2342
-2022
-1636
-1339
-1241
-954
-741
-197
319
569
869
1223
1691
2019
2173
2204
2398
2877
3224
3348
3112
3042
3148
2952
2503
1750
1363
1197
1218
1145
688
27
271
959
620
380
469
-207
-23
335
62
8
-733
-265
290
31
-414
-621
-579
-245
-104
-425
-921
-1348
-1328
-1077
-1248
-1885
-2252
-1994
-1746
-1755
-2337
-2845
-2852
-2413
-2433
-2807
-2989
-2463
-1698
-1369
-1455
-1410
-957
-403
-41
-292
-667
-355
638
1118
963
815
1355
2147
2209
1949
2048
2477
2749
2874
2731
2473
2377
2309
2200
1640
990
833
860
1082
983
609
644
937
781
615
304
369
122
-113
158
91
272
6
-449
-557
-369
-210
-920
-1335
-1184
-901
-1476
-1740
-1509
-1917
-1000
-1456
-2147
-2200
-1968
-1231
-1987
-2107
-2040
-1768
-1516
-1842
-1766
-1635
-1183
-842
-994
-703
-434
20
-58
-342
-172
-134
159
-36
132
520
838
1248
1445
1868
1983
2318
2470
2278
2252
2053
2217
1938
1660
1467
1429
1482
1141
1145
975
1119
1149
546
812
493
607
242
-334
736
320
180
-228
97
422
-30
-166
-1176
-768
-907
-1092
-1081
-1412
-1202
-1262
-956
-1225
-1736
-1682
-1558
-1348
-1531
-1688
-1513
-1332
-867
-1077
-1120
-1074
-776
-568
-855
-758
-826
-525
-377
-396
-126
-20
127
-90
133
416
482
747
699
910
1161
1599
1933
1684
1747
1899
2155
1925
1448
1314
1435
1703
1277
928
990
939
1304
1150
961
618
827
684
608
674
236
-281
-179
594
45
-793
-972
109
112
-129
-531
-1525
-669
-479
-1578
-1469
-1816
-1089
-995
-1103
-1049
-1094
-578
-583
-365
-389
-971
-576
-382
-145
-423
-829
-361
-278
-116
-569
-677
-353
-199
17
-69
-140
-54
54
159
327
669
692
826
930
1140
1550
1428
1270
1135
1278
1239
1106
898
854
997
995
1114
1305
890
849
817
1240
1226
401
579
139
213
431
415
-321
-184
-462
16
-433
-68
-472
-686
-440
-832
-960
-522
-1297
-1475
-602
-706
-980
-883
-671
-249
-216
-674
-612
-344
-326
-444
-443
-472
-71
-438
-85
-65
-121
-197
-332
132
-38
-44
-258
-113
335
440
143
-9
85
408
494
332
316
583
727
735
631
841
669
589
656
718
698
941
1078
859
673
904
1349
780
733
1015
737
734
756
274
493
-333
75
-9
-235
-252
-667
-480
132
-598
-719
-659
-214
-201
-409
-1361
-543
-150
-310
-604
-187
358
-374
-394
-11
184
-40
-132
-352
-203
-301
52
-453
-41
-302
-240
-82
-770
-417
-625
-464
-447
-604
-427
-293
-294
-166
-73
-21
-245
-38
28
272
115
127
563
439
728
849
840
1119
1049
1554
863
865
878
1234
1080
-80
1039
676
804
541
171
208
289
430
-143
-304
-1
-378
-146
-713
-901
-58
-119
-649
-621
-543
58
503
-333
-372
-42
-161
-107
-342
-81
-66
-61
115
-563
-508
-394
-254
-404
-1016
-747
-883
-582
-736
-823
-594
-985
-539
-1008
-982
-539
-641
-616
-925
-613
-219
-14
-11
224
540
797
760
577
855
1051
954
1071
469
1174
952
918
924
704
1350
858
931
1008
352
291
319
726
281
-304
30
-120
306
-751
-531
265
-114
-518
-149
-269
-107
-544
-479
18
-30
242
-265
-209
283
-240
87
-299
-471
-442
-144
-605
-1045
-576
-751
-806
-1207
-1118
-1031
-741
-771
-949
-1060
-1172
-780
-505
-650
-791
-190
-215
-88
145
108
304
497
628
43
174
622
885
925
606
607
1018
988
1055
841
705
1024
799
622
231
669
829
177
471
752
801
79
557
724
359
325
-123
344
23
-171
157
337
167
-82
12
-354
-286
28
-633
-623
-615
-150
-899
-790
-1065
-668
66
-747
-1423
-1392
-452
-467
-1253
-735
-1138
-755
-575
-1125
-205
-1272
-771
-169
-207
-325
-833
5
587
94
-219
132
695
216
561
633
137
610
382
647
908
325
855
493
405
953
380
619
472
467
1112
-96
1027
482
461
465
-222
1007
343
333
601
615
65
-360
457
311
195
-27
238
442
-784
-22
-440
-192
-780
-996
-18
-1669
-227
-295
-1434
-687
-1266
333
-799
-1340
-686
-827
373
-1083
-1109
-531
-646
205
-729
91
-769
-574
238
-463
-173
-877
356
-193
-183
350
74
1044
482
417
640
888
1206
-333
562
471
172
811
-464
897
473
233
903
-188
1200
-166
571
1006
-294
744
-206
408
191
-320
457
-58
652
215
27
153
-313
180
122
-85
-551
-65
-315
-421
-329
-792
-64
-1101
-797
-893
-991
-557
-831
-289
-797
-608
-578
-756
662
-348
-386
-311
-170
635
-1045
-359
-289
-208
393
-787
361
-246
1
560
-671
1226
-412
-167
738
-292
996
43
1137
162
497
1071
255
1681
396
236
171
196
1600
-439
88
-195
295
689
-955
631
-594
539
-52
-282
571
-395
-98
-567
29
50
-1035
736
-42
188
-267
-552
327
-772
-22
-580
-427
-315
-1003
-71
-440
-69
-1227
-683
-518
-967
177
-1209
-313
-284
-645
297
-614
547
-713
-200
603
-536
45
-1045
-51
515
-164
-120
-857
645
256
319
575
83
354
308
988
565
-114
148
691
1388
365
466
546
993
853
-18
653
-230
877
300
-331
179
-324
269
-1016
-145
547
-910
-181
-929
283
134
-1295
-50
-159
400
-615
-330
553
-419
33
-517
-192
297
-1113
-305
-732
-314
-90
-941
-659
-798
302
-460
-516
211
-272
39
-1039
-327
463
-563
-658
-269
689
-398
-578
537
274
262
-379
-6
90
254
618
-310
540
476
894
405
405
328
761
894
33
388
929
299
408
-67
656
328
-537
644
148
219
-928
-214
262
-477
-296
-645
135
359
-310
-165
-145
408
193
-980
-285
-221
292
-248
-933
-470
-134
367
-988
-612
65
-317
-420
-934
187
110
-733
-57
-384
-180
-277
-26
427
-735
-166
-162
141
162
-590
-362
-18
1045
-440
-567
-228
-151
1383
17
-449
-549
687
1315
-357
7
54
1080
562
75
242
287
1121
76
405
275
83
777
-7
-59
-43
25
169
-127
215
-526
-496
-30
223
-40
-1233
-199
-70
-21
-396
-1163
259
-304
298
-240
-798
290
129
-113
-953
-240
850
-597
-485
-523
342
257
-469
111
102
371
-377
154
276
42
-42
-104
-70
-503
446
260
-339
-38
-532
574
250
-555
207
22
550
-248
354
529
-312
375
808
295
38
-306
479
568
230
149
325
492
-125
553
664
-15
-427
485
5
-421
-125
-500
-466
-457
-492
-317
-763
-105
-9
-336
-300
-584
405
-14
-243
-752
227
533
-362
415
199
99
-170
-125
957
-113
27
49
-241
318
-16
-250
36
260
613
-310
137
245
66
-76
-241
305
120
-158
-353
-41
664
-28
-18
340
506
659
419
360
400
452
144
64
991
-124
-17
544
406
32
-494
69
258
-451
110
-210
-25
45
-604
151
-403
-232
-64
241
-182
-44
-60
77
138
72
-269
-216
336
230
-418
3
698
-68
93
-219
264
495
362
-303
-388
791
592
-700
-759
497
460
-336
-897
166
812
224
-383
-511
-111
683
886
-761
-649
30
872
500
-369
-17
453
1153
418
-303
478
566
863
280
48
327
64
115
-103
-164
488
-139
-459
-195
33
4
-789
-596
-5
35
-264
-350
43
11
-68
178
82
-52
-63
558
442
400
45
248
494
403
221
534
-105
67
663
679
309
-690
228
617
307
-203
-409
175
131
-309
-624
54
-432
-681
-298
-332
-384
-402
-136
-464
-313
921
309
-516
-56
563
804
147
64
46
629
297
-153
149
-131
469
360
135
-431
-646
350
255
-576
-427
-306
36
-79
-318
-158
-95
-120
-110
49
-186
141
373
159
-331
-283
642
363
-39
-30
164
767
97
-125
674
839
369
141
279
505
652
194
-72
267
78
85
150
-288
-650
-146
-485
-278
-285
-658
-533
-225
-103
-249
-499
-224
489
132
-29
-305
288
857
209
-206
144
64
-37
474
220
-15
-150
64
465
121
-417
-643
-62
319
85
-182
-526
92
390
27
-144
-561
60
94
-151
145
-243
-32
-523
408
694
-188
-651
266
801
461
-108
-402
-25
547
528
343
-197
388
835
460
68
317
120
-110
-672
-118
280
70
-958
-1009
13
-342
-489
-795
-376
-139
-416
-415
-517
-33
-201
-319
346
115
-619
-21
399
558
235
-311
172
281
879
132
-687
-157
772
701
-107
-483
290
374
3
13
-97
-270
-40
-200
-302
188
-81
-31
-128
123
585
385
-15
-339
885
587
195
128
209
380
-341
160
786
172
46
-467
176
561
-453
-379
-392
152
-323
-811
-291
-463
-382
-614
-446
-492
-771
-362
-580
156
-101
-391
-100
-612
-25
179
97
-220
183
493
68
-248
212
395
270
325
5
-96
152
164
10
-71
-102
672
-58
202
478
645
322
0
459
346
-282
310
-246
68
527
93
326
-238
517
266
-60
-48
52
621
-81
-478
137
-70
477
-1
50
-98
-696
268
-8
-702
-594
-222
-97
-392
-528
-681
-640
-228
-709
-659
-672
-288
-290
-608
-347
-436
-194
-378
-338
361
110
-291
-404
217
454
230
-87
-132
351
2
38
-179
-10
356
47
-30
138
479
364
244
426
382
141
-24
352
636
236
-163
75
577
677
-95
-409
158
802
-45
-201
165
118
48
-166
78
347
-171
-58
-290
-109
-215
123
-236
-718
-103
-258
-273
-489
-868
-341
-222
-623
-636
-804
-173
-142
-97
-393
-246
421
41
-484
-169
-239
-245
165
-99
-67
-7
-222
202
547
193
-50
249
580
200
241
423
637
653
-266
-176
407
346
525
497
132
-210
-107
213
192
129
-182
-309
92
181
-118
-266
23
125
304
-47
-418
153
161
-111
-273
41
527
-149
-147
4
50
14
-365
-156
-305
-100
-344
-808
-572
-67
-96
-466
-832
-266
282
61
-691
-704
-180
183
-55
-362
-403
175
499
-26
67
264
688
607
329
485
444
219
53
299
689
200
-31
266
230
430
17
-177
-33
89
22
-478
-538
67
161
-61
-80
58
139
-66
-142
-194
348
245
-537
-261
-18
173
-312
-633
132
505
157
-698
-1108
-74
-162
-347
-522
-896
-465
-266
-480
-925
-565
-303
-407
-635
-419
-137
-316
-353
-416
-106
54
-9
-201
8
311
121
46
376
239
307
283
391
409
68
251
600
300
-115
-11
416
337
-62
238
231
-43
-445
251
250
-430
-239
-14
101
-190
-148
-20
-43
-22
45
-126
116
-210
-276
-62
33
-116
-387
71
-58
-23
-333
-252
-179
-474
-545
-269
-540
-517
-500
-370
-450
-517
-430
-185
-241
-505
-118
-179
-232
-217
-142
52
171
10
290
39
39
127
191
411
241
308
93
318
345
151
184
63
88
131
240
38
-130
79
5
-75
-370
11
129
-145
-35
-288
-349
-250
-160
-24
-335
145
268
-181
-12
67
-186
-212
-31
-41
-292
-412
-181
-123
-401
-130
-72
-290
-209
-282
-375
-439
-318
-1
-469
-586
-198
2
-224
-352
-134
-106
-31
100
278
33
-190
-20
77
128
11
104
259
217
311
436
589
105
-25
608
665
103
101
382
520
-37
-157
36
-81
15
19
-14
-24
-164
-325
-241
-121
-198
-241
-137
-148
-10
2
-156
-456
-384
81
-1
-200
-308
30
67
-190
-397
-460
-319
-134
-292
-447
-525
-276
-138
-183
-302
-224
-112
-177
-13
25
-30
-110
44
216
156
24
37
144
336
377
253
150
317
584
340
194
125
244
367
427
338
456
464
232
267
351
254
107
88
356
394
110
-179
-142
243
337
94
-305
-97
-78
-280
-366
-258
-50
-349
-408
-274
-316
-347
-513
-222
-19
-265
-479
-523
-389
-328
-298
-261
-374
-201
-86
-155
-203
-351
-213
-72
-92
-113
-153
-71
-34
-3
-29
-10
78
182
53
-29
94
200
242
83
73
115
231
369
288
259
207
341
397
272
351
371
539
429
146
263
267
343
228
238
360
273
341
276
99
114
62
6
107
-154
-199
-118
-152
-137
-345
-431
-271
-183
-195
-443
-410
-194
-73
-163
-365
-253
3
104
-32
-104
33
133
222
105
-11
116
224
251
162
136
166
98
-19
-32
62
157
110
131
104
92
127
173
80
24
-38
84
250
109
36
155
243
238
174
242
267
225
260
173
196
222
229
232
95
62
105
215
128
26
-114
-133
-30
-51
-130
-266
-351
-303
-188
-219
-331
-401
-452
-297
-135
-213
-250
-254
-168
-99
-133
-83
1
163
194
61
-11
-40
64
118
6
69
155
230
213
164
117
125
244
243
123
78
263
336
145
31
7
64
171
131
146
177
261
286
95
29
-2
33
158
128
74
70
77
68
35
88
65
85
64
45
30
-71
-41
-32
16
37
42
-12
-85
-74
-135
-133
-155
-230
-245
-230
-135
-151
-183
-171
-108
-11
-93
-119
-12
100
182
149
34
-19
48
113
145
209
204
199
228
244
292
221
58
39
110
225
164
84
98
198
213
64
77
98
83
45
-1
-14
-75
-12
37
0
-58
-86
-18
-26
-75
-113
-115
-111
-48
-69
-165
-87
-56
17
40
37
64
32
-50
-102
-111
-158
-234
-148
-23
-23
-88
-60
37
25
-35
7
-34
-53
-32
89
80
51
150
160
196
248
251
220
173
219
295
220
120
162
218
276
244
159
149
126
255
245
94
74
81
142
89
20
36
75
117
125
118
116
9
-56
44
-32
-151
-128
-58
-72
-170
-115
-58
-47
-89
-74
-48
-43
-54
-88
-63
-73
-14
72
58
9
51
63
54
53
22
-15
-5
51
102
24
2
34
103
144
66
53
124
223
256
217
226
