2
-35
-49
-46
-56
-27
-63
-103
-100
-108
-134
-126
-112
-94
-87
-80
-88
-91
-97
-110
-102
-83
-93
-117
-63
-59
-66
-54
-55
-71
-57
-63
-53
-34
-46
-38
-72
-26
-38
-66
-37
-51
-25
-29
-26
-19
-14
-35
-40
-36
-37
-23
-24
8
-14
-44
-31
-22
-25
-21
-23
-29
-23
-11
4
-15
-29
-6
-1
38
30
-8
-3
-32
-22
-31
-33
-36
-34
-24
-11
1
-13
1
-18
16
26
-2
13
-1
20
23
24
10
-5
-14
-16
-22
-6
6
-22
-1
4
-13
-12
-11
-10
0
21
37
53
58
38
33
31
37
45
68
76
47
75
65
53
32
20
12
19
48
39
35
22
17
13
36
11
-13
14
-3
17
45
52
54
66
60
28
41
54
45
15
55
67
59
80
67
46
40
41
16
9
-11
0
5
-5
12
-9
20
1
-51
-37
-45
-13
-21
-16
-12
-9
-7
-12
-7
-18
3
12
41
48
41
46
39
36
43
46
26
44
57
51
59
63
48
23
55
28
14
45
37
49
23
28
37
22
10
16
28
27
35
11
42
30
14
27
32
50
38
48
7
12
21
-7
14
22
60
59
79
64
34
47
32
51
48
67
63
63
60
41
80
69
40
26
56
38
6
43
33
24
-15
-17
-11
3
-5
7
34
34
31
3
35
17
-8
27
53
52
47
52
32
32
17
14
15
11
30
45
59
47
12
11
-23
-15
-14
-1
1
-18
1
-2
-18
-32
-43
-55
-6
-20
-33
-21
-48
-46
-45
-19
-48
-48
-45
-48
-34
-30
-52
-50
-21
-27
-38
0
-25
-44
-39
-53
-41
-21
1
-17
3
12
-1
-13
10
4
-10
20
10
21
38
26
5
-1
-36
-44
-44
-37
-35
-44
15
-21
-35
-23
-55
-29
-29
-25
-6
27
38
37
41
29
26
16
56
53
22
48
38
43
29
-1
-5
-18
-17
-22
-13
-22
-31
-31
-14
-24
-55
-55
-52
-22
-29
-6
-23
-7
-7
-22
-40
-52
-29
-36
-8
-38
-64
-45
-48
-42
-54
-41
-38
-34
-31
-25
-14
2
8
-9
22
21
5
20
5
-1
-15
-7
-24
-28
-35
-31
-32
-71
-45
-65
-34
-24
-45
-20
-22
-8
-2
10
-10
9
15
10
16
29
24
4
30
18
6
27
7
-9
-15
-25
-35
-46
-65
-41
-24
-20
7
14
30
22
13
17
10
21
15
35
42
57
59
41
62
48
48
55
95
101
88
116
83
57
32
40
61
103
129
173
209
206
198
194
235
203
229
239
507
743
934
997
940
745
515
252
42
-43
-142
-120
-169
-115
-167
-84
-18
23
28
-101
-234
-364
-332
0
217
251
172
-7
105
209
256
124
-204
-373
-465
-136
76
111
24
-116
-131
-42
-1
-94
-246
-401
-424
-353
-140
-202
-182
-143
-193
-152
-193
-250
-325
-448
-375
-499
-26
700
1304
1449
691
-46
-600
-398
-76
14
-266
-648
-495
78
702
739
287
-226
-568
-510
-544
-645
-768
-697
-308
161
455
452
283
252
154
-68
-214
-269
52
397
645
448
177
8
-57
143
142
-68
-276
-454
-342
-132
14
28
-64
-86
-141
-281
-331
-396
-344
-226
-193
-103
-145
-184
-193
-158
-34
38
-130
-155
-285
-145
-35
-20
89
55
32
0
-56
-99
-49
-121
-89
-202
-171
-136
-113
-131
-84
-79
-124
-72
-136
-171
-166
-107
-133
-99
-139
-144
-207
-47
52
52
17
-135
-239
-243
-103
-59
66
33
-7
-98
-87
-49
-79
-74
-129
-227
-212
-167
-140
79
41
35
-5
-203
-173
-205
-75
-34
-165
-106
-163
-38
34
78
118
4
-155
-223
-243
-149
-17
-72
-11
-106
-79
-7
53
114
31
-59
-231
-244
-129
-52
4
24
-38
-63
18
36
80
28
-70
-236
-216
-204
-134
88
26
-22
-135
-184
-184
-178
-168
-238
-254
-161
-12
131
91
67
-106
-125
-113
-95
-142
-215
-30
28
182
227
-20
-30
-113
-62
-34
-134
-92
-160
18
153
220
270
-12
-72
-123
-95
-24
-57
16
43
276
257
205
107
-121
-104
-43
-8
-9
-45
-18
84
231
251
241
109
-61
-75
16
23
54
37
10
148
171
224
115
64
-43
-44
33
34
119
61
120
185
235
245
75
-12
-56
63
242
172
118
45
44
144
209
157
66
48
37
100
183
151
106
50
59
116
88
121
112
100
70
22
27
0
46
66
14
19
-11
1
164
296
358
254
42
-103
-215
-146
-92
16
158
118
121
82
77
93
150
132
63
64
78
116
191
219
129
132
31
-26
12
-20
33
24
53
51
29
10
-42
-50
-62
-144
-130
-127
-31
107
241
265
156
140
103
126
-16
-37
-60
8
94
165
251
185
121
9
-4
-55
-74
-106
-37
63
139
138
87
84
90
67
91
60
46
43
49
105
133
155
205
224
172
172
33
-12
17
98
111
85
22
-1
58
83
96
80
108
101
101
49
11
-43
11
44
75
102
97
155
140
175
132
43
18
59
28
76
95
108
97
138
90
132
138
73
-25
-104
-95
-95
-7
-59
-83
-101
-169
-308
-371
-468
-556
-496
-478
-376
-384
-389
-412
-499
-470
-524
-573
-508
-430
-306
-211
-172
-164
-219
-275
-333
-337
-252
-145
-64
5
-51
-109
-95
-131
-118
-181
-188
-122
4
131
160
121
108
165
201
280
270
291
455
585
694
650
586
525
552
659
747
766
752
789
796
849
811
719
617
516
522
585
640
628
554
406
365
283
303
188
46
2
-114
-113
-240
-416
-538
-670
-659
-667
-788
-936
-1159
-1281
-1306
-1344
-1452
-1590
-1803
-1901
-1978
-2011
-2068
-2161
-2194
-2232
-2224
-2233
-2211
-2119
-1912
-1604
-1095
-684
-615
-833
-925
-572
96
636
848
914
1113
1395
1575
1707
1871
2066
2159
2244
2301
2385
2469
2402
2345
2306
2244
2064
1887
1868
1962
1914
1661
1359
1130
1042
902
738
691
630
549
426
324
351
369
345
253
211
285
334
268
224
234
149
6
-247
-460
-467
-449
-489
-591
-871
-1152
-1428
-1684
-1826
-1905
-1971
-2205
-2584
-2849
-3141
-3376
-3434
-3174
-2687
-2409
-2529
-2696
-2474
-1982
-1614
-1538
-1316
-758
-95
278
380
673
1150
1518
1644
1794
2141
2554
2758
2822
2942
2980
2828
2517
2344
2426
2432
2228
1946
1861
1881
1711
1327
925
719
657
681
728
748
593
262
9
-9
213
395
411
395
485
621
700
683
691
771
811
753
601
555
598
499
241
-25
-141
-258
-547
-953
-1320
-1561
-1777
-2079
-2404
-2696
-2969
-3402
-3882
-4339
-4490
-4107
-3426
-2847
-2727
-3035
-3290
-3176
-2733
-2177
-1545
-727
-161
21
137
429
1040
1590
1959
2287
2669
3008
3145
3259
3456
3511
3216
2801
2615
2714
2836
2686
2443
2163
1813
1433
1065
853
662
442
252
198
261
180
-117
-404
-454
-358
-193
-100
43
200
326
351
341
403
484
564
577
600
606
536
390
160
-44
-180
-419
-780
-1157
-1446
-1684
-1986
-2437
-2882
-3332
-3750
-4126
-4329
-4179
-3884
-3663
-3680
-3624
-3364
-3042
-2821
-2661
-2245
-1547
-912
-541
-212
246
810
1347
1758
2260
2758
3063
3196
3311
3507
3544
3357
3126
3104
3158
3077
2802
2551
2387
2078
1605
1168
978
918
709
280
-127
-241
-177
-96
-95
-191
-389
-535
-417
-143
95
103
-6
-18
193
470
609
625
631
654
551
351
96
-42
-108
-287
-610
-999
-1368
-1690
-2018
-2415
-2907
-3414
-3862
-4217
-4495
-4545
-4374
-4063
-3744
-3607
-3477
-3330
-3173
-2937
-2473
-1749
-1091
-726
-525
-13
799
1580
2059
2459
2991
3360
3440
3429
3570
3705
3673
3499
3468
3581
3558
3322
3049
2857
2444
1804
1271
1011
958
840
571
290
62
-81
-95
34
154
32
-322
-530
-393
-18
263
302
337
462
677
860
964
965
822
597
327
133
56
10
-118
-371
-724
-1177
-1674
-2161
-2669
-3231
-3756
-4213
-4550
-4807
-4871
-4595
-4109
-3656
-3478
-3493
-3515
-3484
-3208
-2557
-1701
-1114
-906
-638
127
1155
2008
2549
2898
3235
3366
3354
3454
3660
3824
3771
3724
3835
3919
3799
3549
3257
2863
2243
1538
1127
1010
889
650
444
400
325
166
63
139
164
-34
-369
-495
-212
149
399
511
663
890
1041
1146
1190
1104
817
445
248
229
215
63
-180
-430
-760
-1337
-2007
-2566
-3074
-3579
-4179
-4771
-5179
-5268
-5029
-4554
-4081
-3817
-3879
-4092
-4096
-3768
-3138
-2459
-2073
-1826
-1354
-477
581
1495
2164
2638
2944
3050
3118
3310
3613
3720
3640
3661
3839
4062
4115
3988
3701
3205
2453
1729
1323
1196
1081
792
567
519
497
389
291
297
225
-84
-498
-608
-278
125
377
463
614
844
1058
1206
1243
1145
814
444
242
330
416
324
7
-266
-565
-1053
-1670
-2375
-2999
-3640
-4259
-4773
-5175
-5315
-5143
-4628
-4030
-3711
-3845
-4167
-4256
-3909
-3260
-2766
-2486
-2285
-1735
-671
528
1527
2123
2510
2704
2785
2870
2994
3222
3365
3416
3460
3712
3986
4077
3976
3589
2964
2161
1545
1219
1139
980
604
378
418
556
523
442
359
170
-182
-567
-598
-220
214
394
514
722
984
1222
1341
1331
1095
723
369
308
517
565
340
-11
-257
-549
-1045
-1714
-2379
-3060
-3838
-4611
-5166
-5236
-4988
-4612
-4228
-3959
-3795
-3810
-3883
-3842
-3545
-3104
-2793
-2610
-2137
-1147
122
1205
1831
2226
2591
2793
2881
2963
3109
3232
3183
3228
3567
4050
4228
4019
3644
3232
2660
2002
1540
1316
1169
849
512
456
682
902
867
612
194
-197
-449
-370
-104
75
144
183
519
1062
1481
1519
1287
953
661
449
382
444
459
370
72
-176
-308
-613
-1200
-2023
-2892
-3658
-4230
-4719
-5083
-5121
-4690
-3918
-3340
-3248
-3582
-3771
-3463
-3017
-2773
-2815
-2754
-2221
-1162
115
1255
2028
2426
2661
2872
3118
3167
3033
2970
3040
3219
3482
3819
4140
4277
4007
3313
2541
1978
1645
1312
936
559
325
408
688
964
930
549
15
-387
-457
-388
-349
-323
-183
167
653
1118
1415
1488
1281
932
573
355
280
262
220
130
30
-109
-279
-619
-1131
-1927
-2880
-3714
-4407
-4910
-5246
-5303
-4947
-4220
-3485
-3174
-3331
-3586
-3510
-3107
-2769
-2800
-2894
-2502
-1456
-53
1173
1991
2464
2743
2952
3116
3180
3090
2891
2766
2925
3289
3715
4047
4137
3960
3427
2643
1960
1535
1186
736
263
28
159
456
800
910
692
191
-382
-632
-533
-376
-394
-393
-166
352
977
1420
1575
1392
1018
565
248
204
166
22
-186
-331
-388
-485
-761
-1272
-2032
-2967
-3914
-4669
-5164
-5565
-5619
-5075
-4184
-3440
-3285
-3443
-3712
-3700
-3443
-3285
-3164
-2702
-1570
-84
1359
2312
2871
3313
3664
4124
4551
4610
4000
3075
2425
2296
2524
2866
3281
3618
3590
2871
1757
829
175
-378
-908
-1071
-706
-54
518
855
975
846
535
213
155
156
29
-69
196
949
1818
2480
2750
2655
2092
1183
324
-92
-152
4
237
153
-85
-446
-1062
-1858
-2800
-3866
-4981
-6045
-6951
-7664
-7937
-7376
-5684
-3242
-1222
-572
-1043
-1610
-1658
-1374
-1058
-650
80
1079
2160
3265
4253
5046
5490
5495
5035
4123
2974
2008
1523
1625
1910
2121
2128
1918
1367
381
-894
-2091
-2821
-3102
-3100
-3015
-2553
-1504
-180
1045
1882
2217
2148
1919
1782
1885
2199
2675
3181
3794
4342
4544
4402
4075
3480
2604
1585
632
-13
-288
-375
-501
-777
-1222
-1948
-2796
-3462
-4308
-5440
-6470
-7112
-7655
-8170
-8422
-8190
-7317
-5855
-4106
-2428
-813
443
912
820
1014
2207
3630
4233
4154
4735
6327
7621
7750
7352
7106
6119
4137
2350
1639
1219
13
-1180
-1377
-1244
-1946
-3055
-3379
-3409
-4517
-6303
-6732
-5509
-4051
-3023
-1578
632
2407
3179
3787
4840
5542
5198
4792
5161
5901
6049
6013
6224
6269
5580
4359
3394
2450
1208
-221
-1275
-1849
-2267
-2703
-3074
-3323
-3804
-4490
-5321
-6053
-6756
-7583
-8236
-8509
-8283
-7829
-7530
-7229
-6370
-4766
-2971
-1302
786
2970
3870
3391
3507
5336
7129
6963
5893
6255
7558
7691
6804
6539
6623
4970
2068
249
-140
-1016
-3068
-4491
-4646
-4863
-5836
-6271
-5455
-4984
-5866
-6947
-6249
-4318
-2942
-2108
-208
2792
5155
6316
7316
8622
9368
8774
7500
6804
6631
6053
5080
4494
4313
3732
2650
1570
711
-298
-1685
-3095
-3927
-4059
-4211
-4562
-4680
-4540
-4651
-5141
-5594
-5947
-6396
-7040
-7561
-7627
-7209
-6756
-6327
-5362
-3634
-1628
309
2375
4033
4359
3826
4062
5299
6024
5508
4960
5606
6523
6436
5846
5805
5574
3646
872
-860
-1565
-2659
-4352
-5435
-5461
-5199
-5323
-5379
-4961
-4490
-4562
-4955
-4610
-3381
-1810
-38
2296
4787
6548
7444
8136
8845
8817
7898
6590
5571
4941
4385
3942
3550
3162
2499
1602
707
-175
-1108
-2214
-3245
-3938
-4130
-4129
-4229
-4225
-4178
-4301
-4729
-5248
-5623
-6136
-6693
-7143
-7232
-7162
-6987
-6472
-5122
-2995
-809
1141
2565
3728
4474
4736
4776
4964
5253
5135
4916
5140
5856
6395
6204
5391
4224
2870
1041
-882
-2472
-3764
-4905
-5742
-5944
-5548
-5032
-4606
-4358
-4190
-4079
-3900
-3261
-2006
-199
1846
3713
5346
6823
8217
9085
9014
8229
7188
6150
5128
4344
3689
3111
2510
1924
1530
1113
535
-432
-1585
-2598
-3425
-3983
-4319
-4413
-4483
-4541
-4617
-4699
-4833
-5217
-5771
-6335
-6815
-7254
-7587
-7562
-6915
-5685
-3997
-1813
752
2782
3692
4340
5288
5761
5264
4604
4703
5217
5261
5006
5469
6330
6101
4502
2840
1667
32
-2233
-4228
-5334
-5868
-6350
-6434
-5773
-4673
-4034
-3978
-3837
-3352
-2748
-2105
-734
1295
3215
4762
6343
8079
9256
9636
9378
8496
7196
5770
4480
3371
2673
2082
1354
913
814
600
-119
-1077
-2073
-3037
-3890
-4610
-4884
-4669
-4580
-4818
-4938
-4771
-4733
-5218
-5990
-6730
-7358
-7856
-8140
-7741
-6320
-4294
-2170
210
2498
3894
4723
5498
5918
5310
4390
4320
4759
4932
4802
5261
6097
6136
4890
3255
2003
445
-1955
-4369
-5628
-6020
-6442
-6708
-6185
-4991
-4029
-3691
-3465
-2997
-2354
-1893
-1077
821
3101
4854
6340
7968
9383
10225
10108
8841
7240
5873
4431
2933
1980
1456
879
600
639
562
145
-623
-1797
-2977
-3892
-4661
-5123
-5063
-4852
-4849
-4765
-4511
-4435
-4842
-5651
-6503
-7222
-7816
-8322
-8262
-6948
-4646
-1963
575
2639
4066
5170
6188
6364
5406
4312
4101
4406
4298
4266
4979
5962
6010
4783
3308
2124
582
-2023
-4664
-6131
-6714
-7180
-7255
-6422
-5078
-3952
-3275
-2853
-2276
-1698
-1086
-10
1680
3267
4630
6270
7987
9307
9842
9512
8477
7150
5663
4020
2698
1783
981
423
376
640
703
340
-474
-1444
-2437
-3418
-4378
-4992
-5110
-5133
-5090
-4935
-4560
-4419
-4701
-5332
-6169
-6905
-7643
-8226
-8155
-6749
-4595
-2135
480
2680
4207
5453
6647
6803
5680
4431
4108
4288
4118
3846
4292
5363
5620
4454
3067
2122
726
-1901
-4601
-6131
-6774
-7321
-7605
-6876
-5304
-3855
-3077
-2498
-1646
-843
-418
95
1529
3261
4660
6065
7747
9311
10119
10003
8985
7649
6127
4285
2511
1145
247
-360
-363
39
289
259
-148
-846
-1764
-2935
-4144
-5006
-5425
-5677
-5947
-5853
-5351
-4932
-4947
-5403
-5967
-6684
-7552
-8109
-7710
-6211
-4098
-1460
1030
3063
4694
6421
7734
7489
6066
4788
4604
4526
3778
3321
4019
4985
4636
3442
2619
2068
408
-2609
-5159
-6401
-7053
-7855
-8136
-7097
-5436
-4082
-3198
-2210
-884
121
815
1928
3229
4154
5010
6381
7963
9018
9284
8784
8088
7203
5669
3811
2301
1164
52
-765
-890
-546
-252
-440
-844
-1187
-1632
-2623
-3885
-4604
-4918
-5364
-5908
-5950
-5545
-5266
-5496
-5959
-6332
-6683
-7015
-7145
-6487
-4877
-2441
-72
1633
3121
4865
6826
7744
6993
5597
5039
5255
4708
3635
3373
4017
4238
3227
2044
1496
902
-995
-3724
-5589
-6341
-6963
-7726
-7667
-6575
-5197
-4156
-3210
-1830
-274
1029
2246
3329
4187
5014
6241
7415
7959
8126
7928
7521
6883
5834
4311
2899
1938
798
-327
-840
-760
-630
-853
-1206
-1482
-1529
-1958
-3067
-3985
-4378
-4683
-5416
-6006
-6062
-5751
-5743
-6285
-6726
-6931
-6801
-6814
-6397
-4964
-2634
-196
1270
2475
4221
6272
7498
7100
6092
5565
5750
5349
4189
3729
4070
4232
3268
2071
1441
862
-609
-3059
-5051
-6033
-6711
-7421
-7665
-6882
-5667
-4629
-3727
-2448
-771
953
2500
3489
4154
5045
6187
7297
7904
7996
7662
7262
6877
5898
4605
3376
2259
1034
-87
-686
-878
-805
-1016
-1520
-1767
-1673
-1876
-2674
-3458
-3940
-4510
-5267
-5903
-6130
-5988
-5983
-6515
-7230
-7284
-6686
-6171
-5675
-4521
-2207
306
1795
2718
4240
6323
7517
7041
6007
5784
6172
5710
4501
3907
4090
4024
3008
1816
1067
370
-1153
-3402
-5176
-6117
-6743
-7411
-7618
-7050
-5882
-4633
-3612
-2427
-954
635
2164
3464
4369
5167
6387
7681
8325
8372
8167
7784
7209
6081
4538
3084
1980
906
-348
-1120
-1209
-1108
-1246
-1600
-1764
-1725
-1932
-2672
-3462
-3941
-4454
-5174
-5875
-6078
-5915
-5976
-6363
-6816
-6755
-6409
-6009
-5359
-4109
-1897
389
1761
2711
4298
6330
7522
7269
6447
6150
6292
5865
4799
4165
4107
3701
2597
1492
824
135
-1252
-3229
-4919
-5937
-6612
-7134
-7315
-6930
-6137
-4901
-3507
-2122
-762
857
2895
4415
5154
5779
6915
8103
8484
8275
7769
7374
6959
5737
4123
2913
2012
807
-516
-1220
-1366
-1322
-1437
-1879
-2062
-1852
-1963
-2632
-3230
-3545
-3967
-4694
-5333
-5730
-5880
-6035
-6538
-7073
-7172
-6785
-6162
-5252
-3869
-1779
418
1941
2993
4396
6121
7201
6951
6068
5757
6057
5856
4885
4279
4279
3999
2988
1771
978
184
-1286
-3436
-5169
-6052
-6721
-7297
-7491
-6963
-6035
-4849
-3501
-2150
-672
972
2994
4709
5508
6047
7022
8209
8543
8168
7589
7099
6629
5421
3856
2556
1767
715
-703
-1451
-1542
-1448
-1720
-2260
-2495
-2364
-2422
-2948
-3492
-3728
-3971
-4656
-5317
-5661
-5807
-6179
-6745
-7081
-7108
-6728
-6029
-4956
-3274
-931
1105
2371
3529
5116
6566
7126
6722
5985
5686
5738
5422
4757
4439
4323
3759
2781
1724
775
-339
-1998
-3991
-5642
-6565
-7127
-7446
-7402
-6830
-5775
-4432
-3074
-1761
-158
1778
3636
4772
5399
6395
7708
8450
8398
8040
7573
7051
6245
4855
3326
2161
1107
-302
-1412
-1756
-1842
-1905
-2160
-2523
-2575
-2361
-2580
-3195
-3655
-4000
-4458
-4994
-5384
-5688
-5849
-6201
-6805
-7182
-6918
-6222
-5496
-4533
-2712
-22
2055
3045
4082
5833
7358
7396
6572
5996
5992
5794
4852
4293
4423
4346
3338
2159
1518
623
-945
-2974
-4710
-5971
-7106
-7837
-7945
-7319
-6575
-5733
-4305
-2562
-921
697
2656
4325
5239
5902
6986
8084
8524
8364
7775
7264
6873
5918
4355
2879
1794
418
-1108
-2042
-2353
-2367
-2492
-2905
-3121
-2772
-2504
-2947
-3518
-3801
-4188
-4762
-5281
-5598
-5785
-5982
-6490
-6982
-6801
-6242
-5589
-4796
-3400
-1069
1226
2706
3663
5162
6850
7463
7065
6480
6363
6201
5337
4502
4380
4452
3657
2447
1785
1240
68
-1808
-3637
-4959
-6109
-7321
-8054
-7835
-7053
-6286
-5300
-3695
-1876
-37
1867
3599
5011
5994
6857
7721
8328
8540
8227
7707
7202
6390
5121
3590
2285
1037
-437
-1704
-2522
-2771
-2894
-3161
-3467
-3404
-3031
-3107
-3555
-3833
-4077
-4500
-5074
-5624
-5871
-5967
-6231
-6701
-6849
-6374
-5687
-4814
-3388
-1179
1200
2639
3616
5090
6846
7756
7332
6742
6587
6420
5543
4574
4501
4673
3976
2586
1821
1555
635
-1162
-3130
-4525
-5626
-6889
-7844
-7921
-7408
-6876
-6072
-4468
-2450
-772
685
2575
4660
5924
6546
7302
8305
9013
8850
8171
7495
7094
6185
4461
2857
1533
225
-1270
-2442
-3047
-3304
-3385
-3657
-3731
-3418
-3232
-3439
-3683
-3855
-4273
-4849
-5414
-5806
-6062
-6304
-6655
-6926
-6531
-5805
-4875
-3594
-1701
662
2364
3404
4523
6192
7476
7318
6647
6338
6481
6142
4977
4419
4534
4391
3224
1901
1468
889
-498
-2562
-4291
-5180
-6153
-7191
-7779
-7466
-6755
-6112
-4954
-3351
-1594
-61
1531
3562
5238
6235
6979
7988
8952
9106
8664
7973
7379
6609
5110
3360
1887
601
-850
-2212
-2976
-3238
-3387
-3629
-3884
-3740
-3400
-3525
-3887
-4064
-4221
-4727
-5436
-5793
-5894
-6082
-6487
-6977
-6773
-5968
-5169
-4177
-2509
-52
1941
3022
4095
5712
7399
7637
6862
6382
6462
6436
5337
4486
4450
4472
3664
2212
1543
1135
42
-1932
-3871
-4932
-5828
-6855
-7615
-7556
-6884
-6232
-5327
-3932
-2180
-556
921
2883
4790
5952
6567
7291
8343
8754
8425
7714
7046
6502
5356
3745
2255
1087
-223
-1764
-2781
-3206
-3386
-3682
-3987
-4036
-3788
-3699
-4011
-4141
-4173
-4477
-5050
-5461
-5539
-5577
-5808
-6287
-6590
-6223
-5545
-4761
-3538
-1458
824
2380
3445
4855
6729
7808
7509
6750
6510
6476
5763
4667
4200
4223
3807
2678
1746
1481
887
-690
-2651
-4126
-5116
-6127
-7093
-7536
-7226
-6629
-5946
-4727
-2938
-1096
523
2358
4265
5561
6424
7237
8024
8403
8220
7642
6950
6434
5646
4232
2767
1612
378
-993
-2144
-2898
-3349
-3717
-4106
-4354
-4127
-3929
-4138
-4351
-4343
-4511
-4977
-5358
-5573
-5554
-5797
-6289
-6581
-6254
-5485
-4832
-3751
-1761
726
2496
3426
4768
6699
8139
7973
7117
6805
6796
6152
4793
4087
4174
3926
2799
1771
1590
1252
-150
-2151
-3736
-4746
-5858
-7042
-7639
-7352
-6750
-6115
-4911
-3094
-1187
450
2263
4242
5586
6335
6979
7784
8331
8174
7584
6944
6529
5841
4617
3259
2066
929
-593
-1921
-2747
-3259
-3741
-4331
-4562
-4370
-4100
-4190
-4373
-4306
-4362
-4716
-5253
-5509
-5555
-5745
-6245
-6726
-6481
-5745
-4914
-4029
-2433
124
2189
3326
4332
6052
7814
8106
7367
6785
6848
6607
5335
4248
4116
4172
3294
2041
1453
1225
347
-1499
-3274
-4407
-5415
-6570
-7525
-7532
-7001
-6461
-5436
-3815
-1796
-129
1444
3454
5260
6350
6861
7537
8063
8126
7761
7009
6370
5750
4724
3252
2038
1149
-200
-1590
-2598
-3194
-3642
-4144
-4594
-4780
-4555
-4573
-4873
-4890
-4707
-4918
-5471
-5805
-5945
-6029
-6417
-6948
-6988
-6313
-5365
-4400
-2738
-168
2105
3410
4472
6144
7928
8437
7683
6962
6975
6730
5552
4441
4199
4226
3381
2089
1445
1271
444
-1442
-3234
-4343
-5386
-6643
-7562
-7570
-7120
-6633
-5860
-4283
-2143
-247
1499
3382
5128
6192
6840
7592
8200
8231
7685
6980
6390
5898
4927
3559
2293
1250
51
-1298
-2298
-2983
-3565
-4179
-4727
-4896
-4707
-4670
-4905
-5104
-5053
-5099
-5425
-5792
-5999
-6199
-6484
-6906
-7067
-6443
-5518
-4536
-3104
-662
1919
3508
4610
6188
8069
8855
8137
7275
7215
7144
5978
4626
4258
4398
3777
2430
1602
1401
672
-1099
-2998
-4128
-5068
-6351
-7378
-7535
-7004
-6516
-5867
-4400
-2311
-430
1193
3053
4905
6316
7141
7813
8386
8528
8218
7361
6677
6064
5029
3655
2256
1256
104
-1192
-2304
-3012
-3479
-4106
-4633
-4840
-4638
-4656
-5021
-5187
-5180
-5193
-5640
-6131
-6377
-6551
-6858
-7276
-7184
-6519
-5589
-4586
-2930
-239
2292
3809
4820
6417
8295
9019
8401
7547
7384
7288
6270
5057
4664
4734
4096
2800
1894
1504
720
-1039
-2973
-4283
-5290
-6471
-7523
-7678
-7195
-6596
-5690
-4299
-2316
-449
1324
3274
5022
6231
6868
7636
8354
8447
8076
7394
6796
6170
5216
3894
2616
1601
275
-1158
-2296
-3030
-3666
-4376
-4899
-5130
-4989
-4869
-5064
-5175
-5080
-5077
-5412
-5839
-6141
-6351
-6660
-7151
-7395
-6917
-5968
-4906
-3458
-1025
1601
3360
4579
6091
8013
8921
8414
7659
7477
7458
6445
5223
4851
4907
4304
3014
2205
1931
1202
-579
-2466
-3671
-4719
-6047
-7217
-7436
-7037
-6693
-6125
-4781
-2716
-769
809
2658
4584
5896
6658
7366
8077
8304
7988
7285
6615
6199
5398
4074
2695
1661
503
-939
-2089
-2944
-3595
-4336
-5010
-5276
-5131
-5020
-5272
-5379
-5253
-5262
-5605
-5962
-6147
-6501
-6991
-7491
-7589
-7004
-6234
-5341
-3952
-1392
1302
2984
4292
5887
7840
8742
8267
7570
7446
7466
6511
5285
4891
4980
4471
3274
2438
2099
1390
-260
-2211
-3455
-4501
-5850
-7107
-7569
-7213
-6851
-6268
-5084
-3201
-1215
406
2277
4234
5714
6475
7195
7998
8258
8056
7405
6744
6205
5395
4188
2802
1819
616
-804
-2002
-2888
-3562
-4347
-5017
-5439
-5404
-5305
-5529
-5639
-5494
-5372
-5658
-6034
-6256
-6510
-6883
-7456
-7794
-7302
-6424
-5501
-4142
-1750
984
2814
4082
5644
7597
8712
8379
7684
7465
7441
6544
5412
4991
4927
4460
3347
2645
2285
1563
43
-1806
-3096
-4267
-5634
-6831
-7284
-7084
-6753
-6117
-4990
-3236
-1377
291
2085
3911
5384
6160
6996
7881
8305
8168
7639
7119
6600
5884
4649
3275
2186
1022
-425
-1727
-2598
-3312
-4073
-4754
-5163
-5171
-5113
-5341
-5512
-5405
-5317
-5636
-6011
-6085
-6299
-6720
-7273
-7637
-7246
-6464
-5611
-4533
-2400
332
2260
3581
5108
7130
8485
8409
7716
7501
7679
6924
5595
5048
5149
4811
3680
2772
2493
2007
566
-1387
-2747
-3725
-5106
-6592
-7244
-7000
-6707
-6330
-5387
-3646
-1599
97
1833
3606
5115
6107
6885
7775
8173
8131
7692
7104
6686
6014
4930
3602
2544
1365
-38
-1267
-2247
-2992
-3856
-4611
-5155
-5245
-5180
-5483
-5658
-5554
-5482
-5736
-6049
-6204
-6389
-6647
-7230
-7634
-7288
-6509
-5721
-4764
-2673
14
2001
3375
4789
6889
8402
8370
7746
7615
7882
7156
5804
5160
5217
4934
3783
2810
2496
2078
681
-1231
-2502
-3532
-4869
-6353
-7081
-6891
-6618
-6247
-5503
-3830
-1775
44
1859
3455
4974
6114
7055
7826
8166
8230
7747
7289
6788
6113
5129
3887
2837
1551
239
-1041
-2058
-2867
-3813
-4603
-5148
-5265
-5360
-5597
-5745
-5762
-5692
-5900
-6192
-6440
-6624
-6876
-7397
-7649
-7299
-6623
-5784
-4794
-2835
-230
1819
3167
4531
6555
8048
8086
7466
7337
7597
7012
5763
5021
5131
4962
3859
2826
2429
2028
647
-1183
-2480
-3490
-4777
-6322
-7073
-6895
-6568
-6238
-5536
-3972
-2074
-449
1113
3065
4974
6077
6808
7595
8271
8498
8164
7585
6926
6296
5275
3877
2717
1654
347
-1002
-2010
-2825
-3612
-4302
-4834
-5131
-5284
-5551
-5800
-5774
-5672
-5933
-6327
-6499
-6702
-6870
-7297
-7633
-7369
-6679
-5742
-4748
-2786
-253
1687
3003
4307
6272
7716
7817
7232
7105
7412
6884
5718
5102
5247
5050
3969
3004
2587
2165
850
-1034
-2354
-3335
-4626
-6131
-6917
-6808
-6508
-6201
-5552
-4035
-2108
-342
1342
3041
4632
5724
6628
7449
7991
8204
7940
7469
7023
6476
5520
4312
3199
1999
678
-642
-1691
-2581
-3438
-4223
-4889
-5081
-5220
-5556
-5757
-5733
-5633
-5894
-6263
-6524
-6675
-6936
-7475
-7832
-7485
-6639
-5876
-4909
-2937
-298
1762
2890
4091
6026
7629
7635
6881
6793
7255
6808
5565
4937
5186
5187
4135
3012
2692
2353
1019
-893
-2218
-3075
-4344
-5900
-6741
-6583
-6232
-6043
-5479
-3988
-2097
-361
1350
2951
4415
5544
6468
7278
7751
7919
7657
7306
7001
6395
5487
4462
3482
2318
1028
-237
-1250
-2096
-3056
-3971
-4564
-4765
-5053
-5477
-5616
-5535
-5513
-5790
-6188
-6369
-6440
-6818
-7471
-7846
-7519
-6818
-6150
-5213
-3357
-739
1337
2545
3860
5881
7464
7503
6843
6646
7030
6671
5474
4773
5005
5082
4176
3149
2790
2454
1190
-622
-2075
-3046
-4241
-5747
-6681
-6651
-6288
-6043
-5497
-4195
-2405
-799
702
2465
4242
5446
6184
7020
7797
8109
7942
7535
7159
6710
5879
4678
3643
2636
1348
-14
-1087
-1950
-2910
-3805
-4435
-4764
-4958
-5341
-5642
-5610
-5470
-5671
-6165
-6478
-6613
-6880
-7426
-7809
-7614
-6893
-6078
-5218
-3506
-976
1169
2449
3610
5407
7072
7342
6681
6340
6672
6526
5379
4594
4821
5015
4285
3246
2776
2457
1335
-535
-2066
-3046
-4212
-5736
-6761
-6718
-6324
-6012
-5452
-4313
-2666
-1152
392
2128
3628
4707
5495
6484
7386
7765
7754
7546
7421
7104
6301
5210
4198
3170
1835
380
-846
-1795
-2770
-3721
-4383
-4657
-4800
-5151
-5412
-5336
-5168
-5366
-5924
-6291
-6455
-6756
-7293
-7843
-7796
-7127
-6260
-5423
-4121
-1739
713
2313
3323
4673
6445
7215
6747
6076
6185
6428
5658
4630
4485
4948
4717
3746
2962
2604
1874
124
-1726
-2922
-3874
-5247
-6560
-6858
-6404
-5928
-5478
-4547
-2948
-1290
85
1395
2944
4324
5145
5831
6621
7353
7621
7535
7397
7154
6682
5716
4554
3514
2322
869
-456
-1480
-2391
-3254
-3950
-4274
-4372
-4617
-5042
-5168
-5014
-5159
-5693
-6253
-6527
-6742
-7194
-7737
-7807
-7114
-6244
-5486
-4318
-2090
435
2038
3006
4287
6093
7110
6677
6018
6160
6485
5890
4840
4636
5059
4935
3975
3158
2806
2073
457
-1446
-2651
-3639
-4983
-6250
-6676
-6307
-5862
-5420
-4527
-3112
-1666
-435
974
2511
3716
4536
5321
6305
7087
7518
7550
7526
7550
7077
6127
5023
3961
2730
1316
-31
-1111
-2019
-2900
-3628
-3971
-4021
-4295
-4793
-4997
-4930
-5064
-5556
-6138
-6426
-6639
-7035
-7601
-7848
-7234
-6378
-5591
-4611
-2826
-256
1668
2759
3729
5363
6879
6867
6112
5852
6347
6264
5262
4616
4868
5191
4426
3350
2800
2316
1037
-943
-2479
-3375
-4406
-5773
-6603
-6355
-5727
-5290
-4707
-3476
-1948
-654
608
1975
3188
4092
4817
5734
6614
7157
7355
7393
7526
7331
6544
5479
4390
3243
1843
436
-697
-1588
-2435
-3218
-3635
-3629
-3774
-4268
-4586
-4585
-4628
-5058
-5758
-6277
-6506
-6829
-7437
-7811
-7512
-6734
-5956
-5084
-3757
-1613
680
2063
2879
4088
5679
6397
6006
5494
5709
6155
5725
4891
4708
5144
4986
3976
3059
2499
1618
-72
-1900
-3089
-3922
-5045
-6169
-6417
-5929
-5365
-4885
-4068
-2812
-1545
-299
971
2175
3160
3962
4874
5873
6695
7109
7226
7379
7433
6948
5986
4892
3788
2580
1156
-141
-1081
-1879
-2653
-3247
-3413
-3434
-3807
-4337
-4527
-4528
-4841
-5519
-6252
-6611
-6798
-7292
-7860
-7965
-7279
-6386
-5542
-4530
-2824
-400
1462
2499
3303
4745
6100
6194
5608
5401
5979
6118
5379
4824
5069
5338
4590
3447
2706
2031
678
-1266
-2779
-3670
-4578
-5748
-6411
-6104
-5496
-5071
-4524
-3502
-2251
-1061
153
1373
2467
3303
4136
5242
6221
6799
7024
7213
7403
7192
6389
5267
4161
3108
1863
500
-523
-1266
-2016
-2637
-2940
-3008
-3280
-3833
-4247
-4345
-4558
-5189
-5967
-6464
-6672
-7078
-7579
-7810
-7381
-6473
-5629
-4695
-3299
-1058
1039
2196
2988
4212
5776
6301
5794
5475
5977
6465
5913
5209
5224
5565
5128
3933
3000
2351
1233
-684
-2366
-3329
-4117
-5208
-6107
-6074
-5499
-4979
-4577
-3812
-2700
-1593
-450
714
1852
2760
3596
4660
5793
6630
6993
7210
7430
7443
6833
5739
4616
3502
2329
1056
-2
-774
-1493
-2195
-2565
-2602
-2819
-3381
-3977
-4157
-4273
-4815
-5565
-6159
-6397
-6700
-7278
-7646
-7445
-6786
-5997
-5228
-4153
-2345
-140
1521
2314
3130
4687
5955
6001
5462
5476
6204
6388
5617
5070
5350
5482
4549
3327
2612
1910
375
-1589
-2939
-3586
-4392
-5561
-6121
-5750
-5133
-4747
-4314
-3464
-2397
-1304
-202
1065
2188
2993
3901
5107
6271
6845
7017
7157
7214
6964
6106
4906
3818
2821
1694
616
-163
-827
-1519
-2087
-2256
-2368
-2825
-3582
-4144
-4270
-4566
-5241
-6063
-6461
-6633
-6945
-7379
-7643
-7124
-6243
-5469
-4739
-3449
-1133
878
1868
2411
3648
5515
6184
5607
5198
5912
6644
6123
5264
5222
5665
5106
3785
2812
2254
1175
-880
-2569
-3350
-3915
-4992
-5960
-5929
-5334
-4840
-4583
-3974
-3121
-2101
-944
265
1429
2208
3139
4425
5749
6540
6738
6938
7173
7142
6442
5350
4304
3306
2234
1130
360
-269
-1038
-1802
-2068
-2069
-2423
-3285
-4115
-4238
-4281
-4868
-5775
-6343
-6417
-6596
-7086
-7461
-7291
-6547
-5781
-5118
-4190
-2505
-324
1267
1993
2714
4248
5743
5860
5220
5207
6090
6516
5763
5119
5315
5536
4635
3281
2461
1815
398
-1657
-3004
-3581
-4203
-5318
-5943
-5564
-4931
-4557
-4351
-3725
-2810
-1761
-664
419
1462
2355
3509
4809
5949
6528
6752
6980
7032
6746
5852
4810
3822
2847
1851
982
396
-249
-1006
-1638
-1799
-1991
-2675
-3601
-4182
-4206
-4489
-5216
-5924
-6195
-6261
-6695
-7174
-7364
-6919
-6269
-5681
-4960
-3794
-1722
295
1506
2116
3142
4943
5946
5619
5022
5479
6361
6228
5406
5117
5578
5354
4164
3048
2460
1566
-364
-2228
-3228
-3691
-4592
-5695
-5930
-5405
-4811
-4602
-4234
-3534
-2679
-1596
-452
628
1439
2420
3734
5035
5931
6326
6607
6827
6835
6305
5409
4457
3494
2538
1623
988
413
-298
-1055
-1462
-1568
-2007
-2900
-3784
-4198
-4322
-4763
-5515
-6034
-6142
-6292
-6729
-7152
-7053
-6453
-5915
-5388
-4580
-3038
-845
803
1644
2331
3748
5394
5844
5301
5039
5806
6396
5933
5300
5361
5635
4957
3745
2859
2242
940
-1114
-2632
-3289
-3792
-4880
-5761
-5660
-5128
-4737
-4583
-4133
-3499
-2591
-1503
-369
642
1442
2583
3921
5160
5827
6142
6449
6595
6500
5851
4991
4063
3161
2295
1557
1073
444
-359
-1071
-1293
-1495
-2235
-3201
-3886
-4071
-4350
-4977
-5614
-5899
-6042
-6308
-6731
-7021
-6841
-6336
-5710
-5145
-4376
-2786
-612
1045
1709
2248
3737
5450
5684
4944
4830
5838
6427
5741
5170
5477
5774
4848
3520
2781
2236
767
-1403
-2726
-3135
-3666
-4870
-5647
-5325
-4742
-4539
-4558
-4159
-3407
-2541
-1545
-536
355
1244
2499
3837
4906
5498
5857
6216
6334
6144
5517
4718
3944
3149
2378
1816
1404
754
-72
-714
-937
-1338
-2220
-3218
-3778
-3947
-4365
-5040
-5615
-5796
-5923
-6272
-6741
-7011
-6676
-6170
-5700
-5151
-4196
-2345
-223
1201
1729
2407
4109
5560
5487
4702
4887
6001
6392
5744
5330
5806
5917
4857
3635
3003
2325
591
-1479
-2613
-2934
-3598
-4752
-5353
-5032
-4472
-4369
-4385
-4079
-3518
-2687
-1784
-758
109
1043
2347
3687
4787
5319
5671
5908
6017
5842
5291
4671
3905
3204
2564
2192
1827
1099
230
-423
-691
-1269
-2220
-3238
-3796
-3952
-4353
-4862
-5346
-5548
-5792
-6226
-6632
-6882
-6656
-6360
-5866
-5176
-4163
-2342
-347
1141
1730
2420
3974
5311
5378
4521
4575
5664
6253
5798
5340
5771
5907
5080
3900
3083
2291
632
-1252
-2406
-2774
-3409
-4471
-4981
-4734
-4207
-4171
-4240
-4122
-3646
-2843
-1935
-919
-276
598
1974
3446
4414
4702
5053
5310
5548
5412
4893
4335
3720
3264
2761
2467
2051
1364
543
-87
-412
-1105
-2042
-3076
-3601
-3807
-4207
-4632
-5131
-5485
-5793
-6125
-6589
-6955
-6825
-6411
-5795
-5188
-4140
-2302
-225
1113
1533
2208
3766
5050
4813
3966
4235
5571
6220
5721
5435
5956
6102
5119
3916
3085
2174
494
-1253
-2124
-2460
-3100
-4089
-4431
-4142
-3834
-3972
-4212
-4081
-3734
-3045
-2155
-1297
-612
313
1783
3155
3957
4267
4585
4949
5186
5021
4537
4172
3790
3523
3153
2817
2470
1785
982
284
-158
-865
-1922
-2899
-3338
-3499
-3895
-4408
-4934
-5271
-5551
-5980
-6538
-6948
-6793
-6298
-5703
-5105
-4058
-2053
5
1086
1283
2032
3793
4846
4377
3586
4196
5662
6162
5664
5500
6169
6219
5230
4072
3200
2198
526
-963
-1709
-2065
-2703
-3498
-3675
-3542
-3460
-3722
-3917
-3870
-3601
-2869
-2171
-1530
-906
175
1610
2685
3227
3446
3930
4406
4616
4372
3933
3822
3786
3702
3263
2872
2563
1942
1163
364
-202
-974
-1885
-2665
-3135
-3322
-3732
-4238
-4813
-5234
-5624
-6181
-6691
-6893
-6568
-6076
-5543
-4787
-3261
-1231
189
721
1076
2292
3742
4092
3492
3388
4551
5714
5898
5673
5896
6226
5847
4944
3909
2888
1569
201
-679
-1236
-1818
-2517
-2828
-2914
-3065
-3354
-3673
-3783
-3804
-3438
-2838
-2262
-1676
-899
293
1446
2143
2411
2714
3209
3631
3748
3442
3296
3444
3619
3514
3058
2699
2288
1708
910
155
-561
-1337
-2046
-2639
-2931
-3265
-3700
-4264
-4818
-5220
-5734
-6264
-6604
-6484
-6056
-5528
-4901
-3728
-1864
-401
233
524
1443
2841
3376
3061
2887
3810
5052
5536
5563
5693
6033
5861
5224
4349
3377
2234
966
256
-225
-797
-1492
-1846
-1925
-2247
-2706
-3196
-3300
-3313
-3219
-2902
-2425
-1757
-1090
-274
543
1239
1662
1901
2252
2657
3050
3013
2907
3069
3300
3431
3093
2660
2238
1783
1201
461
-308
-1027
-1512
-2025
-2461
-2927
-3398
-3789
-4329
-4910
-5546
-5954
-6059
-5974
-5784
-5500
-4802
-3496
-1944
-950
-564
-130
928
2160
2512
2246
2420
3488
4625
5052
5081
5319
5664
5572
5070
4325
3508
2511
1572
1097
703
124
-536
-872
-1052
-1469
-2077
-2549
-2698
-2737
-2689
-2503
-2093
-1587
-1035
-445
88
534
882
1184
1469
1831
2172
2347
2427
2559
2809
2894
2763
2387
1924
1526
1019
443
-288
-954
-1429
-1776
-2252
-2801
-3242
-3673
-4123
-4715
-5148
-5294
-5246
-5090
-5045
-4624
-3465
-2025
-1229
-1152
-788
447
1700
1881
1501
1813
3025
4123
4421
4473
4769
5177
5296
5014
4432
3621
2811
2245
1912
1469
829
293
43
-191
-715
-1376
-1835
-2061
-2193
-2250
-2149
-1828
-1439
-1053
-645
-252
89
335
610
839
1131
1432
1673
1899
2057
2172
2206
2147
1950
1631
1122
623
119
-455
-977
-1536
-1986
-2330
-2768
-3232
-3714
-4082
-4379
-4618
-4730
-4744
-4645
-4359
-3625
-2608
-1782
-1498
-1291
-470
632
1154
1023
1172
2066
3152
3734
3875
4073
4382
4589
4573
4305
3722
3016
2583
2438
2242
1646
983
682
547
109
-692
-1354
-1552
-1561
-1709
-1845
-1753
-1356
-914
-655
-496
-339
-92
168
411
649
893
1117
1351
1549
1683
1752
1595
1360
1164
869
486
-32
-617
-1130
-1556
-1976
-2492
-3010
-3418
-3673
-4002
-4307
-4507
-4517
-4344
-4241
-3962
-3254
-2346
-1821
-1735
-1401
-452
470
670
555
1044
2147
3047
3297
3395
3693
4053
4193
4058
3697
3193
2789
2701
2685
2370
1792
1332
1192
918
289
-501
-1086
-1304
-1320
-1295
-1368
-1396
-1230
-883
-548
-413
-458
-450
-178
228
589
796
943
1210
1512
1680
1568
1361
1135
897
616
302
-80
-609
-1054
-1411
-1720
-2157
-2754
-3325
-3697
-3881
-4036
-4222
-4363
-4313
-4099
-3654
-2984
-2366
-2024
-1874
-1461
-692
-124
32
72
636
1592
2438
2881
3100
3416
3728
3971
3898
3571
3087
2734
2769
2822
2676
2230
1845
1726
1566
1058
210
-505
-793
-785
-820
-1008
-1143
-1024
-650
-382
-397
-582
-629
-367
-11
283
483
696
1007
1309
1478
1454
1223
938
728
574
357
-22
-499
-836
-953
-1253
-1785
-2375
-2784
-3112
-3557
-3792
-3830
-3898
-3829
-3700
-3455
-3001
-2466
-2150
-2076
-1903
-1317
-687
-427
-425
-85
813
1717
2274
2496
2766
3171
3527
3685
3439
3045
2791
2878
3079
2981
2613
2235
2160
2068
1650
919
132
-275
-327
-342
-519
-804
-916
-735
-484
-472
-722
-963
-823
-428
-15
260
351
638
1029
1370
1455
1200
934
766
643
492
258
-62
-412
-633
-841
-1026
-1548
-2195
-2543
-2694
-2990
-3387
-3691
-3833
-3722
-3466
-3129
-2844
-2611
-2474
-2283
-1908
-1413
-1072
-969
-753
-195
591
1243
1630
1968
2420
2844
3149
3249
3040
2790
2748
2942
3072
2875
2564
2417
2422
2251
1742
1048
493
301
231
115
-222
-521
-541
-446
-368
-572
-888
-1038
-802
-391
-155
-71
32
377
779
1012
946
706
582
568
678
583
245
30
-191
-372
-614
-887
-1458
-1951
-2168
-2228
-2501
-2934
-3196
-3283
-3160
-3076
-3044
-2866
-2583
-2404
-2235
-1998
-1652
-1315
-1127
-909
-449
197
793
1170
1496
1942
2383
2693
2808
2796
2753
2757
2894
3010
2911
2661
2515
2506
2371
1966
1381
877
654
590
481
154
-193
-337
-286
-305
-519
-777
-935
-820
-456
-220
-165
-126
142
600
878
767
514
515
690
833
629
362
112
48
-62
-458
-818
-1113
-1274
-1531
-1702
-1935
-2411
-2611
-2743
-2804
-2917
-3061
-2988
-2686
-2298
-2117
-2046
-1903
-1552
-1186
-1068
-982
-710
-110
541
1063
1413
1741
2136
2470
2698
2650
2482
2460
2629
2793
2709
2526
2403
2387
2323
2018
1527
1102
876
782
645
297
-47
-179
-174
-169
-349
-647
-780
-682
-472
-331
-353
-260
37
469
732
633
625
680
725
679
502
241
28
-22
-61
-423
-769
-727
-981
-1232
-1258
-1553
-2121
-2396
-2293
-2442
-2744
-2903
-2773
-2381
-2061
-1993
-2015
-1917
-1638
-1365
-1177
-1138
-989
-451
255
800
1089
1359
1697
2095
2399
2393
2163
2104
2355
2610
2618
2390
2243
2329
2389
2194
1703
1179
977
975
927
596
138
-3
75
118
-71
-453
-766
-760
-458
-265
-342
-393
-166
322
691
641
501
299
434
732
613
140
-223
-183
250
151
-413
-875
-1019
-876
-889
-1392
-2003
-2117
-2032
-2028
-2347
-2699
-2707
-2439
-1976
-1884
-1939
-2042
-1870
-1378
-1088
-1106
-1260
-891
-211
387
783
875
1151
1552
1935
2067
1890
1798
1930
2242
2345
2332
2210
2168
2203
2127
1919
1420
1092
1019
1016
852
480
242
124
151
62
-218
-591
-751
-597
-406
-346
-287
-119
176
453
565
497
278
415
566
523
394
179
19
-33
154
-116
-611
-879
-915
-669
-942
-1488
-1900
-1837
-1758
-1896
-2235
-2541
-2488
-2186
-1906
-1819
-1934
-1941
-1753
-1423
-1145
-1146
-1212
-974
-329
253
514
618
861
1287
1603
1758
1647
1596
1722
1932
2136
2127
2008
1919
1985
2003
1781
1425
1161
1089
1090
943
586
299
231
220
105
-226
-539
-622
-507
-319
-133
-19
23
250
436
477
388
279
408
558
433
218
141
299
204
-44
-349
-459
-513
-745
-798
-1070
-1112
-1423
-1587
-1744
-1987
-2094
-2231
-2194
-2147
-1952
-1724
-1635
-1465
-1492
-1389
-1233
-1040
-872
-802
-532
-149
443
834
1013
1146
1297
1590
1669
1744
1619
1626
1865
2004
2092
1909
1863
1849
1792
1604
1269
1073
906
879
720
514
283
146
152
-18
-240
-383
-380
-163
28
144
96
258
450
485
519
456
425
378
403
462
222
147
122
-90
-99
-460
-551
-564
-744
-985
-1147
-1160
-1444
-1768
-1899
-1803
-1796
-1837
-1846
-1779
-1629
-1395
-1292
-1314
-1328
-1264
-1094
-814
-644
-559
-311
74
547
780
851
934
1192
1459
1501
1433
1374
1556
1759
1916
1890
1755
1717
1697
1647
1416
1134
945
868
800
632
452
302
236
102
-44
-230
-319
-112
48
142
131
285
440
455
458
452
517
326
204
339
319
13
-130
-78
-235
-435
-467
-721
-839
-634
-933
-1301
-1391
-1437
-1553
-1647
-1684
-1693
-1664
-1610
-1523
-1493
-1416
-1355
-1291
-1271
-1241
-1079
-811
-560
-383
-289
-28
332
606
762
771
851
1052
1268
1350
1359
1396
1515
1697
1793
1700
1509
1404
1335
1286
1148
896
730
630
605
502
269
75
-57
-79
-175
-231
-113
131
70
291
430
352
287
151
400
467
264
142
61
197
214
111
-117
-437
-457
-412
-480
-841
-1155
-1107
-1031
-1165
-1243
-1376
-1441
-1437
-1382
-1434
-1465
-1528
-1495
-1360
-1279
-1182
-1165
-1052
-910
-681
-443
-333
-255
-123
177
447
601
712
763
926
1181
1366
1389
1383
1500
1638
1723
1574
1427
1284
1204
1235
1108
976
769
644
624
512
312
74
-51
-61
-59
102
127
163
167
185
454
396
174
38
265
442
398
52
-43
141
282
-78
-275
-202
-523
-623
-483
-439
-836
-1017
-1050
-909
-885
-1057
-1327
-1302
-1182
-1149
-1289
-1488
-1507
-1309
-1110
-1106
-1076
-979
-815
-701
-514
-336
-311
-245
-57
228
412
485
607
801
1045
1288
1360
1339
1394
1478
1493
1443
1329
1196
1036
952
1002
936
750
478
417
509
361
188
51
-19
-20
236
269
-23
146
150
354
322
292
239
165
363
473
178
141
133
61
42
-2
-273
-428
-313
-434
-392
-664
-728
-633
-715
-830
-1036
-1064
-1100
-1100
-1271
-1354
-1214
-1225
-1172
-1209
-1179
-1005
-848
-722
-812
-799
-671
-374
-172
-224
-155
16
405
660
731
762
858
1175
1294
1231
1117
1026
1117
1135
1054
864
781
841
849
816
667
571
510
495
400
223
170
39
31
46
148
157
51
258
374
304
133
422
462
227
321
-55
-67
280
217
-4
-383
-234
-268
-127
-134
-399
-588
-814
-396
-485
-851
-1045
-1090
-868
-1007
-1133
-1283
-1193
-1092
-1150
-1128
-1347
-1303
-1134
-944
-852
-924
-756
-637
-354
-175
-116
-52
63
483
622
633
649
750
945
931
963
807
751
790
780
787
644
660
705
755
686
560
564
360
388
327
222
73
-1
195
270
324
226
143
264
316
404
245
78
196
141
376
276
115
99
86
298
146
-6
-367
-405
-107
-298
-511
-671
-553
-564
-730
-943
-1009
-929
-909
-913
-1163
-1180
-1207
-1070
-1127
-1304
-1302
-1029
-785
-694
-773
-759
-476
-127
28
-101
-124
140
449
551
466
465
627
838
916
821
643
641
758
853
909
777
703
829
934
926
650
467
391
444
484
236
162
252
555
598
747
336
123
286
727
464
188
209
431
759
355
256
448
347
120
-19
59
-129
-284
-137
-256
-289
-654
-507
-550
-586
-628
-949
-1022
-950
-837
-1012
-1105
-1168
-1148
-964
-1122
-1139
-1165
-970
-694
-653
-552
-614
-335
-40
-42
-112
-214
41
228
405
380
297
454
622
854
696
580
612
731
960
915
869
822
905
1023
948
783
474
523
589
587
458
381
538
507
588
479
129
381
448
295
403
408
335
540
607
264
188
81
306
29
9
-160
-303
-231
54
-256
-397
-409
-448
-581
-611
-769
-1048
-1042
-1092
-856
-980
-1082
-1192
-1106
-1101
-1139
-1246
-1265
-1150
-864
-637
-633
-728
-599
-339
-282
-403
-531
-390
-80
167
216
119
199
479
669
613
469
449
680
921
962
881
840
940
1155
1096
790
622
567
745
619
554
505
559
533
559
607
424
203
342
509
246
264
83
388
525
40
22
-52
79
-127
-68
-151
-271
-211
-277
-114
-666
-505
-488
-602
-758
-1053
-753
-702
-812
-925
-1163
-974
-1055
-910
-1165
-1328
-1066
-1163
-998
-1191
-986
-928
-977
-911
-958
-634
-656
-546
-564
-499
-178
-30
220
51
237
516
615
789
617
852
947
1107
1215
1073
1082
1010
1199
1138
898
638
605
699
624
661
659
360
524
382
550
137
338
164
415
353
270
268
175
271
246
36
111
-121
292
127
-60
-258
-131
28
-423
-437
-650
-503
-600
-594
-799
-970
-860
-767
-732
-1035
-1232
-1082
-1155
-1074
-1332
-1396
-1448
-1450
-1169
-1252
-1115
-1141
-1022
-868
-847
-584
-690
-584
-439
-85
183
219
408
472
802
887
928
1017
997
1187
1274
1396
1335
1205
1207
1095
1145
911
803
597
675
638
726
606
417
482
624
454
496
261
474
319
498
469
503
194
253
576
470
307
-130
-123
10
216
-130
-140
-328
-155
-190
-169
-651
-692
-535
-462
-699
-786
-795
-945
-901
-890
-935
-1336
-1427
-1355
-1245
-1310
-1574
-1519
-1255
-1050
-937
-979
-1024
-859
-427
-183
-320
-386
-110
338
524
543
575
690
964
1239
1360
1162
1131
1352
1574
1551
1236
1101
1112
1251
1130
992
663
605
794
869
735
357
470
555
612
447
303
214
664
628
465
449
169
470
264
359
-1
-109
-46
104
-36
-91
-297
-183
-100
-311
-424
-663
-665
-600
-617
-708
-1044
-1183
-992
-1011
-1107
-1454
-1434
-1344
-1420
-1359
-1608
-1479
-1426
-1296
-1034
-884
-696
-756
-723
-560
-171
-58
-191
-174
90
580
694
673
661
766
1144
1286
1272
1076
1132
1422
1517
1404
1105
1047
1147
1238
1149
861
646
592
839
873
598
426
519
607
710
477
335
332
452
470
227
100
-42
264
221
145
134
-73
13
25
131
-212
-401
-402
-232
-220
-719
-745
-820
-823
-875
-974
-978
-1246
-1206
-1227
-1232
-1312
-1432
-1297
-1464
-1156
-1128
-1230
-1263
-1346
-894
-718
-614
-624
-657
-360
-62
284
83
-121
67
535
903
712
626
772
1234
1563
1497
1336
1167
1478
1727
1617
1286
1002
1247
1361
1265
1015
679
747
827
1031
711
466
414
450
635
518
326
-60
92
779
518
216
-128
107
702
217
-90
-324
-5
-36
-72
-393
-534
-754
-531
-491
-656
-907
-1123
-866
-931
-982
-1098
-1322
-1028
-1009
-1007
-1156
-1370
-1110
-1180
-1197
-1272
-1222
-1070
-1138
-980
-865
-569
-448
-455
-464
-369
57
155
108
-45
242
700
836
842
739
1050
1347
1568
1540
1337
1350
1486
1672
1566
1158
1120
1159
1379
1243
823
604
478
804
720
643
272
247
566
500
467
155
170
104
486
456
-176
-134
-1
296
2
-344
-442
-453
-264
-443
-821
-963
-974
-529
-785
-1031
-911
-990
-780
-747
-1000
-1069
-956
-1115
-1094
-1086
-1127
-1060
-1128
-1037
-1054
-1114
-1119
-1176
-1102
-977
-731
-526
-494
-469
-375
-61
119
-21
-148
48
500
895
938
885
1067
1390
1657
1642
1462
1362
1470
1548
1518
1210
1031
990
1128
1093
888
605
599
486
726
598
172
341
372
691
71
19
211
180
152
-151
121
-115
-146
-363
-259
-191
-392
-494
-434
-394
-569
-587
-547
-769
-681
-762
-626
-765
-1062
-666
-968
-638
-956
-1039
-930
-931
-868
-1235
-1275
-1015
-935
-902
-1247
-1212
-1137
-968
-819
-758
-596
-577
-285
-139
33
148
167
455
495
860
1027
1137
1336
1404
1656
1581
1556
1459
1380
1425
1342
1405
1203
1152
1041
1122
956
681
533
588
692
451
351
252
253
184
211
32
98
-138
-23
101
-144
-101
-93
-3
-162
-411
-124
-304
-329
-303
-187
-274
-557
-522
-434
-383
-592
-771
-640
-758
-571
-752
-879
-956
-1132
-888
-954
-900
-1180
-1094
-995
-1008
-831
-1032
-985
-894
-611
-425
-531
-332
-126
159
247
319
530
546
768
937
1102
1116
1186
1443
1442
1491
1462
1473
1502
1354
1393
1186
1096
990
1142
1103
784
578
493
743
467
406
93
194
202
254
-30
61
142
-75
-46
65
179
-62
-16
182
27
-160
-309
290
15
-379
-523
-416
-52
-351
-493
-686
-691
-454
-821
-610
-1065
-985
-862
-1072
-745
-1037
-939
-1111
-1008
-756
-1060
-957
-1100
-696
-595
-743
-531
-586
-206
-199
41
56
22
403
340
700
614
847
1027
992
1398
1324
1481
1356
1400
1560
1283
1333
1113
1229
1253
1004
1042
664
777
561
556
498
283
504
262
181
126
235
492
87
-228
131
384
198
-117
-156
-15
-9
-56
-165
-150
-227
-349
-212
-349
-356
-666
-662
-454
-450
-602
-906
-789
-709
-728
-795
-1055
-849
-932
-953
-902
-875
-780
-1005
-858
-779
-778
-794
-863
-747
-696
-540
-528
-497
-322
-140
145
116
256
491
643
883
841
1028
1113
1277
1422
1351
1429
1341
1431
1373
1188
1117
994
997
834
783
712
578
546
430
465
351
525
438
182
133
231
385
118
100
335
248
267
-76
19
-105
-163
-111
-143
-162
-480
-439
-319
-398
-423
-623
-668
-635
-575
-572
-745
-681
-676
-695
-884
-800
-588
-633
-617
-769
-661
-570
-654
-730
-926
-834
-729
-673
-771
-800
-631
-402
-157
-160
-120
16
102
381
513
665
686
825
1144
1180
1208
1151
1211
1312
1332
1350
1267
1240
1192
1215
1191
997
922
814
783
674
526
658
473
439
229
250
416
202
236
-22
256
213
-64
-194
-186
124
-52
-34
-288
-589
-227
-330
-184
-473
-561
-369
-638
-346
-511
-553
-450
-557
-267
-593
-575
-764
-618
-490
-803
-641
-930
-830
-788
-786
-652
-909
-705
-783
-624
-604
-676
-483
-632
-292
-149
-59
6
-29
395
377
531
520
618
882
886
1171
1065
1127
1213
1213
1376
1159
1287
1182
1119
1125
1000
935
734
746
636
560
547
365
364
414
226
52
161
140
-71
96
-140
9
-26
-140
-60
-164
-36
-195
-294
-288
-258
-65
-368
-189
-124
-163
-287
-382
-29
-296
-513
-529
-392
-555
-674
-481
-582
-744
-786
-610
-592
-804
-777
-724
-795
-836
-825
-688
-775
-629
-498
-485
-550
-466
-137
-144
-58
154
404
454
425
662
782
856
1000
1120
1156
1070
1228
1293
1185
1107
1145
1257
1027
925
965
882
706
603
615
354
322
326
498
306
-41
149
181
136
8
3
40
17
97
-20
-58
14
85
119
-7
-34
194
88
-160
11
26
-129
-331
-252
-40
-300
-414
-442
-409
-228
-416
-496
-669
-662
-470
-534
-721
-831
-622
-598
-742
-729
-693
-545
-589
-567
-431
-488
-401
-158
75
13
-51
202
456
562
490
594
743
869
1113
1072
1058
1053
1224
1334
1143
1061
1022
1071
1012
935
888
696
720
734
691
491
255
380
407
241
254
431
308
208
178
390
352
97
333
447
221
177
204
329
175
-156
-93
136
10
-119
-32
-172
-148
-215
-356
-578
-538
-287
-424
-530
-720
-645
-447
-575
-722
-824
-716
-664
-738
-679
-691
-624
-578
-554
-509
-525
-388
-346
-242
-95
-72
-35
5
201
266
357
422
508
670
660
751
800
794
829
858
1024
974
907
890
908
941
844
845
731
687
677
595
561
516
516
514
572
584
502
392
503
461
276
353
291
315
233
234
393
251
167
90
25
188
-1
-185
-169
-208
7
2
-135
-393
-423
-316
-346
-489
-581
-573
-315
-327
-453
-453
-502
-511
-473
-324
-457
-574
-483
-268
-190
-270
-346
-374
-240
-194
-110
-146
-186
-19
156
271
214
183
191
286
455
481
472
427
585
744
733
711
622
720
805
835
780
719
784
834
868
690
600
714
640
548
376
288
423
417
456
267
148
236
330
204
108
51
112
214
59
-35
-29
-33
56
-75
-196
-179
-252
-109
-221
-199
-197
-360
-220
-290
-353
-492
-499
-375
-457
-476
-565
-542
-370
-415
-529
-519
-531
-538
-483
-401
-413
-316
-392
-375
-328
-264
-144
-237
-204
-47
115
166
102
194
293
405
551
564
524
480
607
759
809
709
591
714
756
761
603
525
611
615
675
455
342
514
464
443
274
314
312
247
370
374
174
97
210
310
132
-1
179
215
239
-31
-9
48
57
105
-104
-118
-129
-120
-133
-233
-258
-273
-407
-414
-403
-445
-637
-588
-434
-488
-379
-386
-493
-602
-647
-383
-352
-532
-554
-410
-223
-234
-264
-279
-317
-190
31
146
-17
-31
264
371
404
330
297
275
333
600
574
347
223
489
743
612
374
289
474
538
505
471
273
335
514
518
357
225
321
451
414
244
331
304
197
367
396
227
131
246
320
258
166
18
110
304
52
-24
-94
-24
13
-169
-182
-383
-253
-169
-369
-560
-569
-302
-330
-410
-479
-502
-456
-441
-436
-559
-581
-443
-391
-259
-327
-241
-138
-86
-35
-48
25
-10
123
199
100
116
232
313
289
303
355
309
346
355
347
342
295
432
433
455
433
405
497
399
435
535
610
496
342
523
495
604
612
546
493
439
560
557
565
337
263
465
413
274
226
154
175
125
108
-71
-113
-60
-65
-210
-284
-87
-93
-249
-524
-451
-159
-294
-349
-471
-406
-319
-348
-168
-289
-497
-372
-230
-107
-184
-202
-72
-129
-66
-93
-47
-62
-41
4
-38
34
113
168
31
112
225
155
204
237
305
323
306
322
394
442
335
409
414
393
383
396
490
503
479
475
451
576
519
488
395
357
462
411
352
292
308
354
217
184
122
151
179
13
-43
-115
-24
-78
-233
-229
-302
-164
-126
-329
-408
-390
-267
-223
-310
-530
-555
-376
-32
-185
-520
-427
-167
66
-208
-385
-372
-126
103
-45
-273
-257
-136
84
49
-94
-200
-5
165
263
183
23
48
244
313
168
168
267
303
316
423
417
374
487
507
471
364
506
731
531
314
295
486
423
432
516
317
161
334
527
317
46
149
185
62
-146
-192
-171
-74
90
-80
-260
-356
-200
1
-47
-243
-336
-461
-257
-102
-217
-379
-367
-319
-337
-383
-568
-580
-422
-332
-299
-329
-466
-274
-223
-207
-299
-336
-291
-131
-43
-119
-99
-161
-78
68
57
-34
54
136
264
251
291
240
151
231
214
234
223
318
436
424
420
371
402
337
382
507
389
338
329
340
431
368
313
293
334
333
250
240
161
172
141
74
89
143
83
-55
-140
-39
49
-23
-125
-253
-235
-153
-170
-325
-266
-451
-412
-272
-219
-235
-468
-312
-330
-219
-114
-271
-440
-372
-2
9
-266
-325
-315
-103
-48
-207
-263
-86
6
-72
-121
-86
51
109
114
43
72
223
206
275
261
293
338
300
343
397
332
283
347
325
350
377
397
317
230
278
310
252
157
227
327
225
163
145
233
200
128
79
38
122
121
100
-2
-30
-39
-16
20
-88
-238
-193
-47
-94
-232
-268
-190
-213
-184
-356
-403
-300
-211
-171
-332
-373
-316
-254
-160
-218
-291
-274
-156
-66
-183
-212
-195
-45
-88
-32
29
-82
-24
14
125
142
130
218
257
209
218
303
348
271
254
389
361
264
231
314
316
296
336
338
200
197
268
291
233
222
163
159
139
319
307
17
37
186
303
174
-17
5
125
180
110
-25
-94
-60
136
124
-135
-291
-159
-12
-45
-216
-387
-311
-164
-108
-251
-424
-407
-175
-11
-163
-373
-290
-149
-99
-41
-163
-210
-64
32
-41
-201
-116
42
108
0
-38
64
193
156
180
245
230
247
300
320
208
204
319
343
302
173
163
219
231
255
179
213
202
250
282
189
185
216
255
289
198
144
179
291
301
247
180
157
237
249
229
52
39
45
45
3
-124
-187
-159
-119
-116
-235
-232
-151
-119
-145
-211
-140
-140
-132
-119
-145
-105
-35
36
-19
-99
-41
30
49
-3
-82
-107
-34
56
29
-57
48
124
144
53
49
184
295
300
233
218
293
371
328
265
303
374
384
360
292
286
314
298
219
127
203
238
207
187
185
226
199
148
104
106
141
195
273
233
194
160
211
253
142
127
-10
-83
-54
34
33
-72
-100
-54
-9
-99
-203
-183
-48
-41
-100
-171
-159
-49
-18
-76
-150
-120
-82
15
1
-50
-37
-23
73
136
87
48
48
111
115
17
50
83
151
174
116
139
205
289
259
234
216
278
355
324
299
289
327
361
334
291
264
240
256
166
120
95
125
158
73
51
63
134
154
116
97
30
74
82
36
-5
8
26
25
38
1
-31
-11
-7
-52
-103
-81
-47
-46
-143
-217
-230
-171
-154
-231
-279
-304
-224
-173
-209
-277
-249
-148
-55
-66
-121
-116
-55
39
53
-16
-13
10
49
91
104
87
58
69
118
158
157
148
123
170
193
173
158
96
88
165
204
161
128
82
64
150
192
123
-10
6
89
154
151
13
6
48
94
112
61
2
28
121
166
86
12
30
65
80
47
-32
-81
-37
28
19
-81
-154
-127
-83
-87
-143
-178
-125
-79
-138
-194
-232
-175
-144
-112
-135
-161
-148
-138
-78
-59
-42
-51
-36
-32
-45
-43
-70
-40
4
35
6
-60
-44
13
74
62
16
-5
66
126
122
124
84
110
140
174
153
98
97
92
128
133
100
23
3
3
26
90
49
-8
-18
6
26
44
56
49
22
52
104
108
138
82
76
105
58
47
32
80
86
79
47
-4
-1
-11
-31
-68
-82
-84
-69
-72
-139
-129
-128
-131
-101
-105
-95
-83
-40
-57
-46
