3
3
8
-4
19
-1
-1
45
66
58
52
69
66
76
83
68
75
77
85
96
129
118
98
128
128
127
116
128
141
149
134
124
125
122
109
107
150
144
120
117
88
84
44
20
3
-24
-39
-55
-50
-29
-13
-39
-22
-35
-53
-56
-71
-63
-76
-68
-75
-75
-61
-55
-56
-56
-53
-71
-27
-36
-64
-42
-55
-54
-45
-36
-32
-33
-39
-15
-10
-4
-7
-63
-40
-42
-46
-45
-63
-38
-13
-1
-12
-8
-20
-33
-35
-29
-30
-35
1
-10
-21
5
11
41
30
10
22
28
18
28
27
30
33
25
54
25
14
58
60
68
67
66
57
42
39
44
46
40
43
28
58
58
50
63
59
97
125
145
158
203
262
326
373
414
438
419
395
275
143
37
-93
-157
-245
-279
-330
-350
-338
-269
-239
-186
-202
-320
-336
-365
-319
-335
-362
-422
-378
-301
-215
-142
-121
-77
16
130
177
81
-43
-201
-220
-161
-83
-29
-13
147
186
310
490
630
520
203
-102
-221
-242
-216
-279
-379
-468
-419
-217
-54
-195
-467
-704
-668
-480
-436
-508
-719
-597
-419
-174
-174
-283
-406
-451
-312
-231
-157
-218
-152
-19
170
252
210
195
155
131
83
19
27
75
177
214
190
196
203
233
228
164
72
35
42
137
214
174
71
-10
20
67
101
11
-65
-114
-73
-2
-25
-37
-134
-176
-119
-104
-115
-149
-84
26
94
93
32
23
26
76
83
57
-1
-25
72
115
96
-29
-86
-122
-45
-38
-152
-275
-375
-355
-297
-263
-296
-340
-292
-188
-100
-80
-141
-208
-214
-99
5
8
-22
-72
46
186
263
260
215
218
317
412
535
688
1135
1336
1137
682
132
68
69
226
69
-287
-394
-354
-13
106
-64
-531
-934
-1035
-953
-944
-973
-846
-521
-152
90
122
19
-24
-38
-31
-12
57
252
566
780
798
650
489
620
1188
1478
1380
952
490
362
327
407
266
-6
-142
-176
-93
-20
-144
-234
-281
-358
-519
-788
-971
-930
-625
-345
-189
-241
-241
-218
-266
-410
-605
-609
-401
-235
-78
-14
23
102
136
105
-29
-104
-180
-90
79
162
210
82
192
191
242
167
-133
-215
-249
73
185
325
209
83
1
-55
-2
-154
-143
-198
-114
-70
19
16
-29
23
-3
-107
-225
-168
-33
160
183
109
-2
-20
46
-1
86
-44
1
13
170
281
258
283
120
129
82
-19
-42
-164
-10
33
130
100
-55
-21
-70
-116
-304
-385
-430
-234
-51
94
58
-34
-139
-286
-210
-276
-211
-175
-214
-146
-168
0
-76
-129
-170
-240
-169
-156
-139
-112
-32
-113
-87
-68
-27
13
129
181
255
147
171
207
282
303
113
38
-186
-18
266
435
543
586
511
425
333
127
-11
-153
-60
25
96
227
336
396
242
48
-138
-212
-146
-131
3
83
144
94
41
-19
-72
31
-22
5
-37
22
57
141
136
31
-49
-213
-68
1
146
160
4
76
-12
2
-107
-119
-120
-163
-123
-259
-79
-88
-237
-244
-433
-346
-367
-418
-363
-415
-257
-163
-100
-181
-198
-513
-349
-436
-368
-349
-428
-248
-350
-259
-416
-422
-325
-347
-375
-402
-424
-342
-331
-261
-266
-319
-291
-273
-139
-19
-79
-69
-115
36
161
267
287
233
314
305
320
313
381
376
516
604
588
639
572
676
707
672
628
450
484
441
531
586
590
607
540
502
467
370
478
343
293
170
95
374
287
276
110
75
154
98
-12
22
-288
-172
-235
-264
-305
-527
-590
-638
-518
-490
-750
-813
-903
-893
-819
-909
-1038
-1209
-1380
-1380
-1292
-1247
-1236
-1351
-1319
-1365
-1350
-1511
-1564
-1396
-1083
-581
-277
-270
-456
-582
-381
25
303
444
639
941
1200
1261
1306
1423
1553
1619
1497
1447
1567
1710
1883
2066
2117
1924
1524
1224
1250
1370
1475
1319
1208
1229
1043
848
665
742
795
681
497
360
483
558
618
523
466
325
146
141
230
387
312
159
-32
-55
-126
-216
-395
-446
-370
-460
-567
-832
-1034
-1036
-1152
-1230
-1522
-1722
-2027
-2129
-2197
-2340
-2341
-2379
-2183
-2225
-2210
-2341
-2492
-2290
-1912
-1465
-1128
-984
-944
-833
-378
176
575
738
838
1080
1387
1617
1780
2072
2335
2418
2228
2030
1985
2003
2034
2014
1940
1759
1411
1092
996
1031
1026
928
746
555
382
258
248
361
475
516
439
480
651
774
838
787
791
913
983
1047
1126
1234
1292
1248
1144
1057
937
852
727
618
563
285
16
-161
-203
-307
-517
-822
-1236
-1444
-1600
-1747
-1911
-2136
-2311
-2594
-2844
-3154
-3350
-3459
-3469
-3285
-3146
-3014
-2933
-2768
-2503
-2141
-1850
-1675
-1469
-1153
-540
177
732
1033
1032
1253
1717
2133
2405
2534
2672
2798
2783
2626
2571
2643
2638
2400
2033
1674
1333
1106
947
811
637
473
346
283
172
-65
-283
-321
-122
93
273
385
455
519
568
637
762
977
1213
1401
1541
1608
1631
1597
1542
1441
1309
1232
1114
994
889
795
630
377
34
-302
-597
-910
-1206
-1475
-1682
-1872
-2172
-2549
-2936
-3337
-3614
-3896
-4131
-4090
-3885
-3516
-3263
-3130
-3049
-2872
-2482
-2128
-1876
-1632
-1163
-378
496
1113
1329
1438
1703
2096
2435
2697
2944
3191
3410
3443
3314
3123
2877
2579
2276
2048
1780
1474
1187
970
742
362
-76
-331
-323
-288
-311
-407
-557
-595
-520
-276
33
281
366
334
407
642
995
1260
1515
1684
1757
1793
1677
1610
1563
1571
1563
1406
1143
870
651
451
201
-152
-512
-933
-1319
-1590
-1850
-2076
-2376
-2788
-3354
-3859
-4347
-4724
-4861
-4725
-4310
-3888
-3597
-3545
-3536
-3269
-2864
-2495
-2258
-1879
-1121
-91
803
1289
1438
1643
2042
2427
2790
3062
3381
3724
3902
3941
3792
3524
3151
2738
2466
2264
2009
1636
1267
944
619
184
-313
-583
-589
-404
-317
-420
-695
-901
-838
-536
-142
67
86
92
304
661
1001
1280
1413
1498
1561
1600
1573
1539
1539
1506
1420
1164
845
533
367
219
-43
-458
-988
-1413
-1779
-2101
-2498
-2915
-3396
-3898
-4330
-4724
-4990
-5137
-5007
-4644
-4135
-3687
-3571
-3515
-3288
-2874
-2490
-2028
-1249
-134
848
1304
1449
1716
2293
2822
3171
3517
3874
4161
4218
4212
4248
4189
3812
3243
2799
2525
2287
1902
1510
1100
621
88
-443
-746
-787
-678
-664
-725
-863
-1037
-1139
-1079
-775
-437
-163
-39
89
377
708
983
1151
1285
1390
1411
1419
1492
1560
1566
1411
1112
747
384
134
-26
-264
-607
-1098
-1606
-2103
-2570
-2984
-3355
-3748
-4240
-4774
-5277
-5529
-5480
-5061
-4343
-3803
-3623
-3684
-3678
-3408
-2938
-2280
-1325
-153
798
1289
1435
1738
2293
2892
3391
3765
4186
4490
4591
4651
4776
4773
4423
3840
3318
2964
2714
2506
2209
1762
1099
284
-387
-732
-745
-559
-365
-434
-831
-1373
-1605
-1356
-874
-488
-435
-489
-353
-26
445
867
1062
1096
1077
1103
1229
1354
1405
1334
1172
917
525
156
-48
-245
-507
-918
-1414
-1953
-2474
-2993
-3482
-3927
-4437
-4991
-5523
-5766
-5754
-5452
-4875
-4355
-4052
-4009
-3941
-3628
-3059
-2303
-1389
-348
568
1091
1292
1642
2268
2998
3668
4177
4673
5023
5164
5129
5113
5075
4788
4246
3679
3346
3092
2834
2503
2051
1419
584
-130
-474
-510
-542
-634
-629
-509
-574
-982
-1424
-1487
-1035
-425
58
327
432
606
789
1033
1215
1287
1299
1312
1473
1605
1552
1265
882
459
137
-158
-528
-856
-1189
-1580
-2098
-2719
-3433
-4142
-4825
-5462
-5918
-6191
-6227
-6028
-5559
-4966
-4617
-4552
-4570
-4258
-3596
-2828
-2149
-1377
-364
632
1203
1373
1736
2539
3544
4338
4798
5197
5540
5687
5541
5316
5090
4710
4191
3798
3665
3536
3183
2606
2037
1489
779
27
-404
-484
-426
-487
-675
-885
-1085
-1197
-1088
-753
-293
-14
71
288
611
955
1136
1205
1305
1508
1781
2019
2134
2106
1873
1486
1069
624
282
15
-314
-754
-1357
-1953
-2535
-3160
-3822
-4516
-5160
-5811
-6400
-6859
-6934
-6646
-6121
-5543
-5245
-5096
-4885
-4399
-3606
-2607
-1689
-1115
-866
-513
376
1615
2719
3335
3818
4526
5203
5617
5714
5745
5686
5338
4809
4413
4287
4174
3921
3627
3367
2829
1949
1131
754
745
542
-5
-593
-923
-1046
-1090
-996
-757
-510
-422
-390
-213
116
407
504
631
869
1164
1414
1668
2001
2224
2075
1621
1207
931
835
613
224
-199
-778
-1417
-2033
-2557
-3086
-3736
-4522
-5327
-6049
-6559
-6848
-6828
-6377
-5816
-5380
-5141
-5025
-4708
-4078
-3226
-2442
-1919
-1583
-1160
-404
639
1780
2751
3542
4136
4586
4976
5223
5326
5237
4979
4669
4395
4217
4138
4072
3932
3619
3052
2352
1661
1120
731
363
63
-186
-434
-674
-737
-481
-145
-29
-211
-370
-237
148
461
564
676
819
1075
1524
2051
2403
2428
2101
1649
1289
1031
777
453
146
-264
-772
-1278
-1765
-2258
-2902
-3754
-4748
-5665
-6371
-6835
-6980
-6705
-6054
-5425
-5123
-5160
-5144
-4630
-3668
-2699
-2183
-2083
-2022
-1506
-450
853
2060
2947
3614
4170
4721
5150
5350
5281
4897
4477
4159
4052
4096
4212
4271
4105
3572
2787
2061
1520
1130
596
-25
-497
-752
-778
-739
-574
-339
-123
-68
-174
-231
-157
1
138
337
580
879
1320
1863
2432
2738
2614
2176
1742
1480
1313
1025
639
281
-92
-423
-834
-1306
-1864
-2644
-3500
-4495
-5427
-6236
-6788
-7036
-6836
-6355
-5806
-5448
-5824
-5949
-5347
-3940
-2414
-1414
-949
-950
-863
-500
374
1616
3201
4919
6428
7353
7326
6562
5263
3883
2680
1878
1951
2663
3739
4550
4578
3772
2405
1083
-10
-843
-1509
-1662
-1294
-736
-333
-243
107
728
1362
1478
1064
568
263
319
568
1009
1654
2393
3136
3664
3743
2991
1683
481
-111
-39
157
243
205
25
-459
-1182
-1967
-2554
-3106
-3980
-5127
-6460
-7725
-8560
-8774
-8071
-6607
-4694
-3352
-3253
-3400
-3267
-2616
-1899
-1144
-498
78
602
1368
2654
4095
5491
6450
6973
6666
5597
4433
3673
3466
3199
2690
2073
1739
1603
1255
643
-252
-1112
-1870
-2521
-3052
-3450
-3258
-2356
-877
521
1256
1563
1961
2600
2974
2884
2601
2736
3435
4186
4689
4836
4859
4846
4738
4389
3433
2030
698
-93
-423
-670
-1036
-1373
-1544
-1912
-2589
-3607
-4443
-5078
-5835
-6424
-7174
-7656
-7933
-8097
-8272
-8632
-8439
-7485
-5678
-3755
-2001
-645
229
936
1557
2532
3461
4096
4223
4483
5455
6499
7075
6892
6632
6138
5069
3423
1845
977
123
-974
-2157
-2663
-2711
-3051
-3542
-4002
-4295
-4774
-5068
-4705
-3744
-2748
-1999
-801
1421
4153
6034
6605
6742
6970
7201
7085
6565
5977
5528
5254
5115
5024
4885
4267
3241
2173
890
-486
-1629
-2212
-2565
-3039
-3471
-3682
-3452
-3237
-3494
-4216
-4954
-5411
-5877
-6237
-6616
-6916
-7111
-7265
-7415
-7505
-7046
-5947
-4479
-2764
-782
947
1866
2136
2558
3667
4637
4432
3595
3563
4740
5828
5941
5575
5228
4596
3318
1741
471
-584
-1811
-3112
-3939
-4096
-4023
-3954
-3643
-3352
-3542
-3959
-3732
-2758
-1773
-1205
-577
749
2897
5405
7319
8211
8392
8236
7786
7246
6632
5617
4459
3661
3308
3186
3233
3167
2556
1731
600
-695
-1593
-2054
-2588
-3418
-3789
-3684
-3372
-2928
-2636
-2876
-3579
-4402
-5276
-6016
-6563
-7196
-8061
-8722
-8876
-8418
-7251
-5554
-3724
-1704
308
1381
1313
1567
2740
3763
3627
3055
3443
4772
5916
6201
6267
6457
5883
4070
2029
796
-108
-1462
-3097
-4018
-3965
-3592
-3524
-3719
-3664
-3582
-3842
-4054
-3570
-2637
-1774
-724
848
2862
4829
6495
7587
8134
8269
7963
7434
6746
5899
4912
4216
3936
3784
3504
3097
2645
2048
1238
133
-925
-1692
-2410
-3155
-3623
-3488
-3137
-3039
-3183
-3405
-3671
-4170
-5131
-6152
-6781
-7272
-8032
-8834
-9200
-8793
-7656
-5961
-3964
-1629
385
1371
1532
2106
3366
4255
4123
3401
3322
4349
5603
6214
6255
6044
5369
4027
2337
872
-404
-1833
-3426
-4803
-5192
-4710
-4009
-3672
-3808
-3964
-3952
-3523
-2855
-2255
-1748
-937
506
2438
4501
6447
8073
8944
8998
8528
8004
7470
6541
5149
3860
3275
3241
3212
2937
2556
2079
1348
305
-797
-1600
-2233
-3051
-3853
-4098
-3705
-3213
-2993
-3180
-3570
-4145
-4838
-5674
-6464
-7184
-8082
-9009
-9528
-9096
-7642
-5790
-3934
-1779
437
1694
1869
2266
3462
4399
3877
2945
3222
4702
5915
6056
6097
6367
5943
4286
2265
895
-245
-1992
-4073
-5236
-5070
-4476
-4244
-4138
-3754
-3541
-3631
-3547
-2963
-2238
-1768
-1028
295
2147
4458
6725
8243
8824
9020
9017
8575
7810
6638
5005
3711
3188
3109
2975
2894
2731
2237
1490
430
-606
-1427
-2407
-3687
-4568
-4408
-3866
-3553
-3364
-3475
-3843
-4299
-5118
-6297
-7251
-7863
-8818
-9996
-10156
-8819
-6696
-4511
-2293
8
1842
2838
3248
3728
4112
3883
3290
3270
4171
5081
5723
6389
6859
6532
5111
3364
1729
29
-2073
-4213
-5456
-5723
-5575
-5321
-4709
-3868
-3404
-3400
-3442
-3108
-2541
-2145
-1639
-242
2078
4465
6303
7709
8956
9896
9979
8996
7573
6361
5122
3849
2928
2540
2603
2763
2694
2327
1839
1147
-34
-1388
-2563
-3559
-4231
-4460
-4334
-4007
-3563
-3195
-3231
-3630
-4422
-5490
-6581
-7547
-8580
-9555
-9994
-9461
-7831
-5557
-3004
-467
1599
2676
3008
3601
4442
4638
3843
3037
3471
4742
5754
6096
6324
6682
6137
4442
2256
403
-1202
-3256
-5316
-6440
-6277
-5559
-5044
-4577
-3923
-3303
-2929
-2749
-2532
-2196
-1657
-670
1050
3368
5686
7455
8782
9985
10448
9892
8705
7216
5581
4010
2945
2250
1918
1975
1987
2056
2029
1562
519
-756
-1888
-3126
-4131
-4737
-5011
-4737
-4253
-3885
-3675
-3578
-3890
-4905
-5961
-6917
-8005
-9145
-9976
-9791
-8331
-5975
-3224
-418
2032
3388
3946
4691
5556
5560
4275
3252
3405
4139
4630
5019
6035
6729
6056
4245
2504
1276
-658
-3477
-5919
-6905
-6911
-6843
-6517
-5487
-4022
-3060
-2691
-2277
-1528
-983
-777
-9
1657
3528
5161
6657
8399
9895
10431
9944
8792
7530
6032
4368
2815
1610
958
670
793
1159
1376
1192
505
-376
-1424
-2686
-3833
-4803
-5310
-5521
-5352
-4787
-4201
-3815
-4062
-4635
-5398
-6275
-7513
-8978
-9816
-9383
-7865
-5835
-3048
81
2513
3874
4894
6172
6841
6051
4392
3401
3657
4022
3947
4236
5238
5897
5374
4126
2865
1349
-1057
-3964
-6191
-7262
-7782
-8085
-7594
-6148
-4521
-3292
-2273
-1201
-377
-73
71
763
2120
3674
5077
6529
8345
10015
10771
10473
9427
8000
6275
4354
2545
958
-61
-461
-310
237
696
809
452
-225
-1144
-2303
-3541
-4724
-5574
-5970
-5900
-5455
-4857
-4443
-4421
-4600
-4968
-5770
-7226
-8590
-9059
-8331
-6947
-4935
-2175
542
2686
4310
5994
7342
7379
6170
4835
4377
4294
3774
3326
3744
4657
4841
4167
3396
2609
1061
-1511
-4127
-5958
-7046
-7987
-8539
-7992
-6490
-4847
-3453
-2118
-801
246
945
1511
2268
3373
4553
5635
6811
8283
9498
9951
9689
8807
7587
5997
4214
2308
528
-528
-1030
-970
-630
-359
-180
-280
-575
-1298
-2335
-3354
-4360
-5260
-5861
-6004
-5832
-5499
-5374
-5428
-5434
-5518
-6113
-7139
-7747
-7481
-6534
-4925
-2803
-663
1132
2872
4894
6701
7464
6915
6024
5627
5418
4705
3850
3761
4180
4095
3489
2925
2497
1547
-433
-2589
-4230
-5411
-6699
-7935
-8072
-7171
-5905
-4704
-3397
-1910
-572
552
1830
3301
4377
4973
5427
6418
7650
8410
8543
8184
7822
7234
6275
4959
3432
2008
692
-207
-665
-851
-961
-1170
-1191
-1224
-1453
-1959
-2730
-3420
-4088
-4748
-5183
-5485
-5693
-5954
-6135
-5999
-6034
-6481
-7307
-7792
-7318
-6194
-4660
-2767
-880
927
2649
4354
5718
6401
6552
6218
5751
5315
4871
4622
4515
4411
4114
3694
3332
2480
1117
-557
-2174
-3523
-4990
-6275
-7173
-7365
-6833
-6127
-5079
-3778
-2361
-1088
-28
1145
2344
3646
4874
5733
6365
7378
8448
8852
8589
7940
7154
6126
4925
3441
1854
784
30
-657
-1032
-1086
-1029
-1118
-1295
-1607
-2070
-2536
-3302
-4176
-4777
-5150
-5540
-5985
-6275
-6393
-6364
-6369
-6801
-7414
-7563
-6994
-5924
-4443
-2509
-682
759
2243
4149
5827
6650
6507
6129
6197
6253
5761
4847
4432
4536
4228
3416
2584
1940
1027
-484
-2196
-3623
-4702
-5821
-7009
-7538
-7045
-6136
-5290
-4277
-2948
-1449
51
1565
3143
4539
5481
6075
6799
7718
8221
8045
7620
7222
6662
5859
4749
3482
2362
1422
548
-147
-681
-1153
-1652
-1869
-1856
-1991
-2360
-2909
-3317
-3646
-4029
-4579
-5070
-5443
-5918
-6340
-6655
-6811
-7196
-7705
-7796
-7127
-5686
-3809
-1840
-186
1116
2594
4424
5938
6297
5836
5534
5793
5982
5425
4813
4777
5007
4523
3471
2728
2032
835
-1049
-2787
-3914
-4839
-6084
-7252
-7409
-6680
-5824
-5220
-4377
-3004
-1531
-213
1132
2756
4237
5195
5941
6821
7774
8358
8267
7716
7193
6679
5868
4677
3325
2101
1135
499
-56
-649
-1102
-1372
-1500
-1607
-1883
-2364
-2915
-3270
-3676
-4173
-4535
-4900
-5375
-5876
-6147
-6310
-6594
-7186
-7749
-7675
-6869
-5519
-3664
-1607
86
1255
2670
4626
6156
6354
5674
5472
5922
5996
5240
4624
4801
5040
4426
3296
2621
2079
760
-1272
-2976
-3908
-4879
-6282
-7372
-7341
-6468
-5695
-5211
-4412
-2976
-1495
-244
1128
2746
4170
5191
6082
7013
7889
8301
8070
7426
6922
6336
5364
4216
3000
1962
1128
536
-24
-645
-1056
-1407
-1640
-1849
-2248
-2792
-3277
-3509
-3849
-4297
-4681
-4970
-5403
-5945
-6252
-6465
-6734
-7336
-7768
-7340
-6057
-4304
-2356
-586
952
2435
4076
5649
6385
6181
5695
5656
5823
5515
4918
4696
4953
4881
4146
3206
2435
1474
-242
-2194
-3652
-4708
-5844
-7073
-7526
-7055
-6154
-5405
-4791
-3771
-2359
-842
638
2082
3365
4502
5546
6586
7434
7824
7815
7509
7107
6505
5664
4596
3434
2322
1364
717
109
-494
-1122
-1534
-1675
-1926
-2328
-2848
-3282
-3539
-3785
-4116
-4472
-4794
-5144
-5636
-6107
-6343
-6654
-7265
-7698
-7442
-6434
-5039
-3240
-1236
543
1981
3296
4818
6081
6318
5735
5401
5698
5777
5214
4649
4784
5122
4765
3779
2896
2212
1018
-964
-2819
-4042
-5084
-6298
-7289
-7261
-6492
-5709
-5062
-4241
-2935
-1521
-69
1448
2816
4008
4962
5937
6924
7714
7965
7727
7445
7001
6270
5224
4033
2860
1839
1044
335
-285
-846
-1336
-1649
-1801
-2045
-2556
-3071
-3423
-3633
-3905
-4364
-4793
-5046
-5383
-5868
-6290
-6555
-6877
-7377
-7534
-7123
-6046
-4358
-2368
-472
942
2245
3841
5427
6175
5872
5436
5578
5898
5510
4825
4710
5147
5187
4336
3444
2944
2144
441
-1526
-2961
-4002
-5280
-6618
-7128
-6654
-5894
-5463
-4954
-3829
-2372
-903
645
2167
3495
4479
5360
6395
7296
7752
7683
7398
7077
6470
5612
4574
3505
2527
1640
901
205
-426
-1002
-1400
-1593
-1881
-2431
-3047
-3434
-3630
-3833
-4232
-4706
-4935
-5165
-5622
-6165
-6488
-6784
-7376
-7810
-7699
-6768
-5187
-3125
-1116
488
1937
3407
5032
6113
5999
5333
5125
5415
5263
4596
4380
4900
5355
4881
3946
3378
2856
1511
-556
-2304
-3455
-4637
-6075
-7065
-6856
-6093
-5530
-5055
-4181
-2794
-1381
89
1574
2794
3881
4817
5847
6869
7510
7651
7451
7272
6741
5917
5026
4034
3012
1991
1174
449
-159
-795
-1318
-1510
-1717
-2210
-2910
-3405
-3636
-3952
-4425
-4972
-5300
-5517
-5952
-6501
-6871
-7045
-7439
-7883
-7794
-6875
-5180
-3124
-1161
445
1848
3459
5041
6078
6101
5481
5163
5176
4947
4304
4066
4474
4891
4578
3763
3253
2764
1602
-266
-2023
-3278
-4559
-5940
-6850
-6747
-5987
-5344
-4878
-4039
-2710
-1398
-142
1259
2448
3402
4290
5250
6343
7209
7625
7564
7435
7201
6429
5500
4434
3306
2242
1302
604
-91
-616
-1050
-1372
-1544
-1952
-2576
-3143
-3455
-3822
-4332
-4898
-5338
-5659
-6042
-6391
-6773
-7049
-7373
-7771
-7598
-6775
-5266
-3282
-1318
305
1646
3235
4972
6099
6146
5599
5321
5344
4921
4075
3745
4120
4435
4018
3293
2946
2676
1661
-113
-1743
-2973
-4279
-5790
-6732
-6612
-5964
-5382
-4899
-3988
-2565
-1133
83
1269
2521
3554
4262
4993
5978
6779
7082
7103
6973
6686
6156
5379
4390
3369
2434
1450
608
13
-521
-1021
-1210
-1403
-1906
-2498
-2983
-3305
-3639
-4209
-4878
-5399
-5688
-6062
-6522
-6782
-6999
-7291
-7575
-7395
-6446
-4940
-3088
-1257
354
1845
3357
4973
6057
6230
5790
5439
5372
4991
4344
3899
4030
4221
3771
3054
2571
2220
1278
-248
-1762
-3022
-4236
-5517
-6344
-6343
-5794
-5350
-4938
-3959
-2475
-943
467
1756
2742
3662
4543
5295
5946
6465
6772
6705
6668
6497
5887
5203
4381
3378
2344
1458
677
-69
-610
-1045
-1350
-1507
-1825
-2407
-2777
-2965
-3405
-4027
-4744
-5264
-5748
-6204
-6710
-7190
-7426
-7727
-7803
-7403
-6276
-4575
-2602
-716
655
2033
3662
5206
6027
5862
5448
5372
5476
5018
4263
4094
4369
4319
3677
2955
2516
2028
864
-813
-2166
-3198
-4458
-5755
-6324
-6026
-5552
-5192
-4655
-3669
-2244
-900
493
1978
3050
3890
4658
5575
6423
6883
6908
6641
6550
6280
5632
4850
4047
3104
2116
1337
589
-68
-629
-1143
-1460
-1677
-2076
-2650
-2944
-3003
-3304
-3871
-4518
-5126
-5672
-6204
-6731
-7147
-7422
-7832
-7986
-7274
-5934
-4156
-2180
-361
1123
2499
4102
5469
6070
5815
5247
5162
5247
4795
4129
4039
4336
4193
3500
2785
2396
1825
513
-1207
-2560
-3503
-4725
-5906
-6253
-5824
-5241
-4900
-4389
-3289
-1877
-688
344
1493
2788
3994
4889
5644
6428
7168
7429
7199
6870
6336
5550
4678
3616
2487
1555
860
271
-276
-672
-990
-1222
-1430
-1869
-2414
-2840
-3154
-3678
-4257
-4768
-5257
-5744
-6388
-6898
-7170
-7368
-7674
-7764
-7008
-5546
-3758
-1958
-353
1144
2686
4245
5425
5912
5723
5348
5246
5092
4608
4128
4059
4126
3813
3169
2553
2038
1294
-51
-1592
-2802
-3869
-5026
-5999
-6212
-5855
-5340
-4861
-4168
-3042
-1771
-522
734
2040
3186
4080
4877
5776
6659
7116
7101
6915
6726
6280
5531
4605
3554
2578
1645
825
151
-365
-792
-1184
-1369
-1588
-2005
-2438
-2842
-3211
-3670
-4275
-4862
-5331
-5753
-6255
-6736
-6986
-7317
-7575
-7375
-6609
-5335
-3675
-1787
-165
1202
2647
4251
5614
5999
5588
5202
5272
5172
4424
3824
3792
3884
3490
2642
2109
1856
1150
-329
-1849
-2864
-3825
-5055
-6098
-6286
-5862
-5384
-5050
-4379
-3075
-1684
-378
1007
2280
3283
4143
4916
5701
6327
6678
6664
6474
6375
5947
5263
4551
3703
2778
1868
1044
247
-414
-962
-1382
-1639
-1862
-2260
-2702
-2847
-3072
-3559
-4178
-4770
-5216
-5751
-6366
-6882
-7257
-7567
-7710
-7358
-6342
-4931
-3169
-1202
387
1683
3085
4604
5715
5842
5375
5125
5327
5115
4332
3876
4072
4206
3568
2694
2172
1808
897
-737
-2202
-3133
-4089
-5336
-6187
-6154
-5689
-5388
-5000
-4141
-2903
-1719
-780
302
1700
2992
3998
4806
5619
6580
7154
7221
7047
6763
6279
5452
4547
3517
2424
1534
781
113
-461
-911
-1224
-1436
-1687
-2155
-2677
-3041
-3441
-4079
-4797
-5318
-5788
-6386
-6934
-7271
-7388
-7534
-7489
-6924
-5641
-3922
-2081
-408
997
2335
3721
5032
5709
5677
5416
5384
5527
5175
4579
4333
4444
4268
3449
2552
1904
1196
-31
-1533
-2753
-3665
-4613
-5626
-6001
-5683
-5222
-4878
-4459
-3597
-2486
-1457
-274
1203
2498
3323
3949
5023
6126
6605
6695
6558
6486
6270
5642
4780
3971
3268
2449
1571
900
328
-314
-813
-1119
-1441
-1894
-2535
-3032
-3264
-3539
-4101
-4750
-5247
-5686
-6142
-6643
-7004
-7377
-7677
-7508
-6661
-5266
-3722
-1972
-158
1475
2835
4220
5455
5990
5844
5408
5346
5334
4874
4270
4016
4203
4048
3259
2456
1913
1188
-67
-1590
-2842
-3767
-4753
-5602
-5894
-5556
-5054
-4686
-4104
-3092
-1971
-969
46
1352
2733
3555
4105
4947
5962
6566
6517
6328
6138
5873
5371
4531
3655
2951
2247
1446
800
219
-387
-803
-1086
-1365
-1847
-2412
-2835
-3227
-3624
-4254
-4933
-5434
-5966
-6494
-6971
-7366
-7673
-7781
-7309
-6148
-4707
-2968
-1118
518
1970
3300
4733
5740
5864
5517
5301
5438
5268
4674
4289
4363
4448
3896
3026
2322
1721
627
-999
-2410
-3389
-4329
-5366
-6013
-5830
-5214
-4730
-4267
-3510
-2378
-1345
-505
713
2028
2958
3579
4255
5312
6127
6481
6429
6193
6162
5765
4956
4091
3258
2510
1734
1042
467
-154
-596
-878
-1076
-1364
-1923
-2512
-2855
-3100
-3678
-4434
-5075
-5652
-6170
-6751
-7116
-7453
-7667
-7432
-6741
-5402
-3811
-1947
-135
1294
2565
3874
5198
5749
5499
5125
5192
5385
4986
4348
4223
4513
4373
3457
2533
1928
1133
-271
-1942
-3131
-3974
-4948
-5903
-6167
-5559
-4879
-4393
-3780
-2788
-1641
-638
337
1484
2656
3365
3874
4660
5634
6232
6294
6200
5970
5707
5211
4285
3348
2541
1863
1168
558
32
-536
-764
-829
-1080
-1581
-2147
-2608
-2979
-3379
-4082
-4785
-5334
-5815
-6458
-7007
-7249
-7530
-7453
-6958
-5976
-4446
-2585
-731
731
2020
3397
4762
5612
5559
5155
5162
5416
5188
4572
4325
4508
4561
3965
2999
2293
1570
324
-1392
-2787
-3716
-4769
-5776
-6303
-5994
-5246
-4585
-3962
-3136
-1920
-822
347
1496
2301
3051
3669
4532
5280
5769
6143
6131
6153
5896
5313
4616
3760
2825
1912
1185
555
-68
-688
-1020
-1047
-1100
-1446
-2067
-2413
-2556
-2949
-3567
-4354
-4957
-5442
-6112
-6766
-7225
-7485
-7494
-7082
-6141
-4930
-3363
-1444
339
1707
2693
3885
5025
5489
5146
4708
4959
5208
4841
4237
4238
4628
4419
3476
2501
1861
918
-690
-2435
-3596
-4428
-5475
-6347
-6399
-5657
-4840
-4216
-3472
-2347
-1136
-137
890
1985
2969
3574
4207
5141
5860
6247
6297
6229
6057
5551
4781
3796
2858
2031
1174
443
-115
-647
-1092
-1239
-1211
-1327
-1770
-2264
-2600
-2922
-3395
-4170
-4954
-5505
-6047
-6661
-7135
-7473
-7403
-6902
-6068
-4912
-3360
-1342
351
1531
2548
3751
4899
5239
4871
4575
4920
5218
4851
4423
4526
4896
4648
3738
2809
2035
1037
-640
-2376
-3523
-4430
-5465
-6299
-6384
-5768
-4967
-4276
-3620
-2600
-1388
-351
714
1839
3031
3774
4354
5272
6058
6614
6654
6547
6288
5717
4991
3972
2982
2053
1200
498
-71
-657
-1196
-1371
-1335
-1406
-1910
-2432
-2748
-3024
-3427
-4169
-4817
-5314
-5945
-6547
-6976
-7194
-7213
-6931
-6058
-4878
-3289
-1391
194
1536
2687
3842
4874
5251
4993
4636
4842
5081
4766
4389
4411
4724
4628
3918
2996
2192
1235
-411
-2114
-3383
-4403
-5435
-6292
-6369
-5845
-5099
-4375
-3559
-2479
-1430
-568
481
1741
2884
3705
4306
5228
6206
6794
6986
6891
6707
6150
5297
4303
3148
2090
1179
446
-118
-645
-1162
-1433
-1339
-1326
-1693
-2268
-2624
-2922
-3347
-3974
-4663
-5212
-5801
-6377
-6850
-7008
-7072
-6941
-6169
-4985
-3419
-1646
-71
1277
2375
3586
4633
4970
4824
4480
4601
4912
4701
4329
4336
4646
4582
3962
3111
2281
1292
-216
-1862
-3189
-4169
-5212
-6177
-6304
-5819
-5082
-4428
-3854
-2916
-1769
-633
411
1489
2543
3383
4131
5089
6001
6513
6787
6773
6593
6168
5344
4352
3264
2274
1397
654
65
-531
-1015
-1210
-1173
-1306
-1701
-2197
-2483
-2694
-3155
-3781
-4430
-4925
-5407
-6030
-6497
-6804
-7032
-6855
-6209
-5128
-3816
-2174
-332
1118
2151
3109
4209
4957
4816
4286
4246
4733
4734
4160
3973
4397
4748
4128
3032
2273
1547
233
-1691
-3146
-4011
-4906
-5947
-6470
-6013
-5205
-4492
-3968
-3130
-1995
-1086
-262
627
1870
3069
3992
4925
5897
6822
7331
7386
7116
6552
5742
4664
3421
2186
1211
533
38
-421
-869
-1028
-965
-1016
-1330
-1866
-2257
-2637
-3193
-3846
-4465
-4893
-5333
-5935
-6443
-6693
-6707
-6486
-5916
-4959
-3676
-2046
-389
977
1944
2989
4163
4801
4748
4311
4288
4704
4711
4240
4050
4381
4589
4011
3065
2306
1519
240
-1540
-3034
-3998
-4875
-5852
-6356
-6016
-5265
-4518
-3967
-3284
-2266
-1169
20
1106
2016
2728
3514
4750
5814
6353
6630
6828
6846
6454
5636
4617
3526
2453
1494
701
187
-371
-1012
-1213
-1060
-1024
-1453
-2101
-2452
-2568
-2865
-3521
-4217
-4610
-4970
-5490
-6005
-6356
-6461
-6362
-5915
-5036
-3842
-2243
-563
880
1924
2776
3929
4787
4801
4288
4135
4590
4752
4298
3869
4115
4547
4218
3221
2341
1702
569
-1160
-2655
-3611
-4423
-5483
-6233
-6043
-5248
-4531
-4141
-3576
-2523
-1367
-343
725
1764
2648
3459
4496
5584
6206
6513
6640
6622
6323
5627
4637
3513
2481
1617
879
342
-232
-904
-1193
-1075
-968
-1398
-2071
-2425
-2559
-2778
-3396
-4122
-4562
-4865
-5380
-5901
-6239
-6426
-6345
-5916
-4864
-3560
-2006
-422
835
1987
3025
4134
4736
4602
4189
4195
4632
4607
4176
3941
4241
4532
4085
3231
2364
1558
323
-1342
-2656
-3634
-4645
-5701
-6203
-5848
-5189
-4627
-4230
-3648
-2716
-1705
-755
319
1405
2212
3024
4233
5486
6195
6471
6670
6737
6491
5803
4694
3561
2549
1677
963
388
-169
-811
-1091
-1010
-970
-1390
-2069
-2485
-2668
-2851
-3428
-4033
-4373
-4709
-5133
-5652
-5853
-6047
-6238
-5935
-5004
-3657
-2265
-834
616
1919
2973
3933
4675
4767
4366
4067
4334
4580
4250
3860
3915
4304
4227
3407
2464
1680
574
-985
-2420
-3448
-4343
-5357
-6006
-5790
-5065
-4534
-4298
-3794
-2686
-1626
-941
-159
828
1875
2812
3862
5031
5843
6362
6664
6750
6482
5797
4778
3613
2646
1760
970
317
-221
-665
-996
-982
-1046
-1427
-1988
-2425
-2688
-2988
-3515
-4101
-4489
-4785
-5156
-5576
-5850
-6167
-6252
-5780
-4806
-3626
-2251
-563
997
2139
2954
3974
4868
4893
4341
4031
4456
4713
4237
3793
3981
4476
4238
3224
2271
1561
463
-1287
-2786
-3675
-4472
-5497
-6208
-5911
-5104
-4504
-4283
-3886
-2828
-1699
-955
-375
457
1530
2635
3774
4799
5566
6196
6716
6830
6473
5703
4708
3647
2629
1649
818
238
-254
-733
-1010
-945
-1025
-1487
-2137
-2584
-2742
-3095
-3733
-4267
-4456
-4568
-4974
-5546
-5718
-5806
-5775
-5434
-4674
-3453
-2052
-415
1039
2161
3084
4040
4919
5006
4546
4266
4552
4803
4327
3879
3933
4276
4078
3070
2196
1487
491
-1175
-2717
-3567
-4279
-5198
-5979
-5809
-5107
-4454
-4178
-3825
-2864
-1807
-894
-269
406
1324
2479
3744
4623
5244
5816
6367
6552
6215
5513
4535
3618
2630
1639
895
355
-134
-731
-1042
-991
-1092
-1586
-2293
-2653
-2705
-3011
-3667
-4206
-4335
-4399
-4731
-5233
-5523
-5725
-5788
-5442
-4688
-3602
-2305
-668
1007
2147
2939
3971
4955
5073
4503
4166
4512
4825
4320
3745
3871
4381
4197
3100
2223
1608
576
-1141
-2689
-3483
-4172
-5128
-5895
-5694
-4909
-4437
-4340
-3966
-2950
-1983
-1338
-726
109
1073
2030
3248
4436
5240
5670
6069
6336
6108
5391
4348
3359
2481
1703
949
405
23
-481
-850
-913
-995
-1539
-2342
-2880
-3024
-3247
-3800
-4337
-4468
-4418
-4644
-5091
-5284
-5469
-5622
-5462
-4787
-3568
-2262
-761
776
2057
3106
4110
5047
5238
4735
4378
4662
4944
4511
3931
3911
4328
4308
3383
2379
1582
609
-969
-2507
-3367
-4149
-5092
-5801
-5603
-4828
-4255
-4127
-3919
-3075
-2075
-1408
-1040
-479
720
2126
3276
4086
4797
5601
6131
6207
5822
5140
4301
3350
2359
1534
985
511
71
-435
-697
-772
-1059
-1683
-2473
-2900
-3069
-3419
-4009
-4446
-4452
-4379
-4627
-5028
-5200
-5337
-5544
-5505
-4838
-3683
-2385
-872
623
1998
3119
4149
5090
5319
4957
4589
4774
5037
4642
4038
4041
4506
4425
3588
2617
1855
809
-781
-2305
-3293
-4041
-5006
-5746
-5522
-4711
-4258
-4218
-3826
-2857
-1932
-1532
-1171
-361
862
2074
3057
3901
4688
5449
5890
5954
5570
4930
4123
3222
2366
1548
895
481
199
-204
-548
-787
-1077
-1669
-2449
-2972
-3234
-3547
-4039
-4395
-4431
-4357
-4524
-4917
-5092
-5270
-5526
-5403
-4727
-3633
-2434
-926
766
2158
3181
4126
5080
5433
5082
4630
4767
5129
4855
4289
4230
4733
4774
3911
2816
1993
1033
-607
-2264
-3312
-3946
-4757
-5488
-5389
-4688
-4118
-3930
-3664
-2947
-2044
-1478
-1140
-485
618
1912
3056
3914
4689
5375
5880
5924
5416
4689
3854
3056
2257
1436
816
530
319
-31
-408
-665
-1003
-1635
-2509
-3145
-3400
-3684
-4143
-4552
-4427
-4316
-4481
-4821
-5066
-5200
-5528
-5504
-4933
-3839
-2495
-967
655
2052
3195
4259
5195
5391
4929
4557
4738
5070
4746
4211
4302
4860
4952
4143
3161
2390
1297
-407
-2056
-3103
-3821
-4693
-5366
-5168
-4406
-3945
-3899
-3590
-2776
-1983
-1591
-1289
-616
447
1716
2849
3705
4535
5223
5742
5777
5292
4572
3726
2941
2143
1379
806
549
344
27
-353
-646
-951
-1676
-2573
-3274
-3563
-3807
-4302
-4635
-4564
-4337
-4408
-4776
-4991
-5139
-5446
-5539
-5038
-3877
-2493
-998
520
1856
3137
4333
5155
5147
4697
4562
4858
5063
4626
4249
4452
4938
4945
4195
3349
2508
1344
-340
-1856
-2836
-3672
-4582
-5155
-4821
-4176
-3865
-3816
-3547
-2884
-2241
-1862
-1583
-932
125
1465
2693
3586
4392
5117
5743
5751
5144
4429
3625
2893
2114
1389
937
711
468
109
-220
-502
-957
-1839
-2756
-3400
-3721
-3998
-4491
-4730
-4531
-4345
-4470
-4777
-4981
-5172
-5523
-5648
-5192
-4124
-2811
-1269
344
1748
2863
3946
4967
5112
4515
4138
4466
4921
4657
4213
4417
5059
5182
4404
3499
2772
1682
-53
-1694
-2622
-3322
-4182
-4851
-4519
-3793
-3548
-3681
-3548
-2890
-2414
-2257
-1924
-1208
-7
1266
2220
3132
4126
4986
5361
5193
4752
4197
3534
2856
2151
1512
1169
1007
892
536
44
-389
-916
-1742
-2709
-3410
-3799
-4091
-4422
-4511
-4328
-4215
-4351
-4754
-4996
-5280
-5738
-5855
-5348
-4373
-3211
-1627
192
1671
2683
3602
4605
4958
4426
3788
3965
4639
4670
4281
4414
5138
5443
4741
3796
3086
2100
423
-1336
-2363
-2958
-3685
-4364
-4171
-3488
-3206
-3305
-3321
-2913
-2601
-2519
-2232
-1490
-494
656
1901
3045
3971
4634
5155
5198
4759
4133
3417
2839
2317
1797
1444
1365
1395
1117
520
-22
-531
-1401
-2549
-3455
-3849
-4011
-4400
-4620
-4415
-4177
-4276
-4651
-4894
-5236
-5754
-6023
-5685
-4679
-3503
-2037
-309
1298
2390
3307
4331
4723
4211
3544
3749
4446
4595
4318
4439
5284
5747
5211
4228
3435
2548
967
-726
-1824
-2437
-3119
-3760
-3662
-3042
-2758
-3000
-3224
-3032
-2792
-2723
-2543
-2031
-996
229
1346
2345
3279
4098
4519
4549
4276
3814
3322
2864
2434
2062
1886
1849
1853
1531
914
326
-282
-1061
-2241
-3262
-3721
-3913
-4119
-4434
-4410
-4261
-4384
-4843
-5331
-5666
-6144
-6350
-5957
-4953
-3658
-2170
-446
996
2121
3061
3944
4247
3719
3263
3599
4403
4617
4418
4737
5661
6083
5417
4391
3573
2694
1252
-349
-1356
-1888
-2510
-3000
-2915
-2557
-2528
-2839
-3055
-3031
-3007
-2975
-2789
-2280
-1232
-26
1106
2101
2893
3670
4061
4080
3817
3418
3133
2885
2711
2495
2392
2412
2389
2026
1324
658
-52
-956
-2113
-3040
-3444
-3620
-3824
-4159
-4219
-4232
-4483
-4962
-5435
-5885
-6443
-6487
-5844
-4724
-3480
-2028
-300
1131
2153
2831
3520
3797
3346
2997
3318
4213
4666
4754
5116
5854
6268
5663
4596
3544
2570
1271
-88
-927
-1467
-1894
-2203
-1998
-1777
-2002
-2512
-2850
-2706
-2797
-2953
-2813
-2056
-1049
-281
710
1692
2509
2905
3098
3278
3213
2993
2678
2663
2670
2680
2724
2705
2591
2095
1532
854
58
-879
-1894
-2616
-3046
-3253
-3583
-3883
-4085
-4319
-4709
-5300
-5843
-6359
-6563
-6236
-5311
-4101
-2818
-1399
5
1200
1948
2543
2925
2863
2648
2872
3655
4383
4729
5032
5624
6094
5927
5127
4105
3090
2021
1002
184
-447
-874
-1047
-1054
-1176
-1489
-1906
-2300
-2568
-2822
-2933
-2772
-2280
-1566
-889
-71
778
1477
1886
2034
2157
2296
2362
2253
2220
2360
2561
2741
2761
2612
2249
1776
1175
481
-274
-1218
-1942
-2322
-2558
-2899
-3344
-3663
-3988
-4388
-4982
-5662
-6276
-6445
-6066
-5313
-4311
-3088
-1563
-224
495
938
1660
2278
2129
1611
1860
3096
4194
4581
4793
5379
5970
5758
4970
4041
3068
2081
1295
930
608
175
-106
43
61
-488
-1255
-1822
-2008
-2369
-2737
-2612
-2085
-1452
-967
-286
424
882
1009
1031
1168
1239
1362
1432
1654
1859
2101
2466
2569
2407
1934
1494
1083
510
-236
-1046
-1536
-1776
-1918
-2296
-2727
-3072
-3454
-3877
-4607
-5314
-5805
-5884
-5546
-4953
-4149
-3175
-1923
-780
-23
379
937
1606
1687
1331
1356
2367
3658
4125
4079
4454
5288
5546
4837
3788
3033
2484
1899
1457
1111
783
568
645
718
232
-571
-1022
-1196
-1524
-1938
-1918
-1522
-1230
-958
-453
120
318
262
323
488
609
657
803
963
1118
1445
1823
1884
1529
1185
969
753
285
-465
-1119
-1536
-1668
-1905
-2343
-2839
-3146
-3269
-3632
-4302
-4974
-5112
-4809
-4453
-4032
-3319
-2318
-1337
-657
-186
270
656
888
1132
1571
2075
2537
3168
3958
4489
4466
4172
4088
4013
3406
2485
1968
1940
1829
1519
1360
1293
976
506
134
-111
-538
-1045
-1181
-922
-655
-579
-436
-223
0
115
167
168
79
169
409
694
835
893
1052
1209
1296
1103
777
387
98
-127
-553
-1039
-1484
-1675
-1863
-2198
-2574
-2911
-3161
-3537
-3999
-4393
-4436
-4097
-3738
-3396
-2925
-2131
-1270
-769
-492
-222
177
454
703
1191
1890
2527
2966
3406
3832
4061
3880
3437
2995
2653
2394
2142
1960
1765
1666
1684
1584
1194
639
142
-158
-320
-488
-601
-524
-200
110
261
292
224
163
112
107
135
166
265
570
947
1102
1042
935
922
775
380
3
-250
-455
-751
-1090
-1356
-1512
-1691
-1980
-2374
-2728
-3016
-3294
-3571
-3906
-4173
-3946
-3275
-2687
-2376
-2108
-1565
-912
-510
-404
-353
-147
250
818
1517
2055
2490
2909
3305
3529
3473
3173
2692
2330
2133
2143
2100
1968
1922
1897
1851
1464
977
506
15
-246
-279
-92
-39
48
303
586
657
448
277
140
108
83
135
307
409
621
866
1025
886
626
435
241
-9
-342
-559
-747
-869
-1135
-1486
-1686
-1840
-2068
-2473
-2675
-2951
-3138
-3247
-3598
-3673
-3386
-2996
-2622
-2281
-1912
-1528
-1079
-745
-528
-389
-311
56
719
1338
1637
1897
2438
3035
3228
2943
2540
2364
2339
2183
1968
1797
1716
1759
1832
1728
1327
796
485
366
269
90
-64
-59
162
511
725
641
351
210
337
449
385
211
217
462
721
868
693
496
416
410
356
17
-282
-578
-622
-746
-1047
-1389
-1739
-1877
-1924
-1994
-2285
-2678
-2901
-2816
-2820
-3171
-3413
-3231
-2731
-2365
-2184
-1916
-1473
-959
-655
-473
-407
-315
84
614
1151
1393
1565
1988
2600
2895
2582
2139
2024
2184
2092
1828
1566
1481
1627
1671
1636
1259
771
498
474
474
224
-5
-4
243
530
660
524
325
322
437
507
367
148
89
254
465
530
411
309
355
442
426
178
-259
-488
-460
-778
-1207
-1496
-1484
-1534
-1631
-1702
-2060
-2093
-2095
-2339
-2597
-2842
-2957
-2917
-2650
-2237
-2058
-1851
-1428
-897
-606
-593
-661
-463
-114
36
282
627
1111
1504
1756
2031
2091
1989
1795
1662
1519
1352
1291
1345
1490
1489
1472
1459
1358
1146
807
586
435
438
484
479
546
707
970
1020
899
680
536
461
275
155
46
35
188
364
530
439
210
120
94
-81
-529
-913
-893
-689
-947
-1162
-1154
-1282
-1269
-1420
-1570
-1732
-1956
-2161
-2077
-2094
-2199
-2272
-2181
-2074
-1903
-1710
-1490
-1258
-1052
-873
-687
-470
-348
-267
-247
-71
280
621
880
973
1120
1293
1372
1365
1248
1096
998
1095
1264
1359
1341
1332
1469
1490
1427
1191
970
897
882
986
986
1001
1012
1113
1214
1066
725
345
171
56
-13
-78
-111
128
234
351
303
-8
-229
-375
-450
-701
-952
-802
-770
-706
-625
-879
-1159
-1300
-1193
-1454
-1615
-1709
-1648
-1615
-1408
-1402
-1512
-1518
-1651
-1606
-1546
-1452
-1236
-1109
-941
-843
-639
-344
-301
-305
-469
-404
-141
161
332
233
452
726
1049
1119
940
836
826
1127
1300
1369
1286
1279
1541
1686
1709
1375
1179
1206
1307
1470
1247
1070
1000
1111
1102
763
358
6
-52
21
181
115
-62
-220
-75
80
-122
-299
-506
-499
-431
-383
-430
-481
-645
-619
-464
-834
-983
-932
-1174
-1186
-1169
-899
-753
-825
-787
-833
-815
-1020
-1355
-1621
-1716
-1544
-1303
-1068
-1111
-959
-771
-612
-546
-812
-1023
-1205
-1046
-719
-426
-173
1
405
835
1062
1042
877
855
899
1130
1317
1416
1568
1742
2046
2126
2019
1679
1341
1278
1222
1132
832
680
720
836
899
576
191
-174
-206
-88
-263
-287
-488
-446
-331
-203
35
-269
-416
-430
-78
-159
-449
-625
-525
-238
-314
-523
-370
-263
-278
-195
-100
-20
-227
-313
-335
-409
-665
-1033
-1147
-1243
-1367
-1523
-1501
-1265
-1115
-1146
-1303
-1458
-1388
-1248
-1288
-1419
-1374
-1058
-536
-185
-63
42
272
708
996
1066
984
1012
1346
1753
1990
1872
1730
1834
1993
1934
1618
1278
1130
1234
1247
1053
834
690
661
556
269
-204
-469
-400
-295
-323
-445
-536
-437
-100
-87
-337
-426
-384
-271
-20
-11
46
96
97
332
484
167
-73
162
328
160
91
81
-82
171
-113
-376
-578
-986
-1049
-1228
-1407
-1775
-2019
-1800
-1576
-1517
-1642
-1716
-1609
-1410
-1255
-1275
-1305
-1189
-872
-519
-273
13
333
675
933
1094
1256
1399
1472
1493
1575
1630
1665
1732
1650
1502
1329
1281
1231
1061
884
629
529
490
334
96
-186
-202
-107
-216
-401
-477
-496
-413
-179
-174
-224
-148
-122
127
290
611
409
162
478
723
809
521
272
487
578
424
305
109
-104
-52
127
-135
-663
-803
-916
-847
-1013
-1580
-1904
-1753
-1792
-1885
-2019
-2131
-1953
-1719
-1563
-1552
-1567
-1419
-1126
-859
-731
-730
-565
-210
207
419
530
700
1006
1308
1388
1333
1220
1242
1354
1430
1354
1217
1177
1202
1272
1132
845
569
364
339
260
52
-114
-141
-97
0
-206
-257
-296
-201
181
138
100
266
458
613
748
538
558
873
777
715
571
359
618
531
549
199
33
12
-142
-202
-408
-463
-746
-846
-837
-1041
-1355
-1467
-1282
-1441
-1535
-1690
-1634
-1565
-1748
-1790
-1783
-1572
-1335
-1229
-1066
-987
-707
-457
-310
-249
-303
-168
60
341
529
630
722
852
1097
1198
1097
896
833
917
916
912
832
852
926
869
817
723
684
536
371
380
300
439
308
338
430
607
686
608
798
596
888
1129
703
740
798
933
911
598
455
296
509
373
88
-116
-422
-214
-215
-599
-797
-850
-741
-835
-991
-1136
-1112
-1356
-1127
-1121
-1232
-1274
-1209
-1100
-1193
-1393
-1325
-1205
-1170
-1412
-1412
-1059
-682
-364
-543
-612
-475
-67
144
-207
-359
-203
227
481
460
352
321
653
916
878
468
139
419
876
1060
740
473
698
1092
1379
1057
638
612
939
1159
978
684
998
1334
1252
1134
876
904
944
1005
642
686
711
541
705
416
428
327
17
-151
-114
-20
-504
-703
-601
-592
-439
-654
-654
-742
-809
-496
-654
-867
-940
-849
-608
-687
-691
-930
-878
-898
-759
-546
-772
-826
-807
-703
-733
-893
-1058
-1043
-931
-766
-532
-573
-610
-572
-371
-245
-377
-439
-332
-199
33
111
241
302
489
932
1068
1034
901
985
1158
1277
1378
1395
1478
1388
1585
1701
1464
1244
1227
1315
1304
1088
838
725
637
774
827
341
94
95
140
61
-150
-164
-163
-319
-161
-135
-317
-702
-826
-454
-334
-575
-783
-799
-482
-279
-380
-548
-697
-455
-376
-345
-735
-754
-434
-281
-420
-614
-558
-403
-528
-735
-800
-858
-928
-908
-821
-843
-1034
-995
-846
-764
-738
-874
-600
-272
-197
-169
-131
191
386
486
416
551
810
1035
1045
976
1127
1384
1553
1446
1179
1187
1229
1253
1134
896
876
818
912
827
543
371
304
423
384
39
-115
251
183
-88
-110
-315
-235
-55
-146
-489
-386
-209
-226
-163
-109
-261
-148
-48
4
-210
-223
-329
-254
-88
-173
-363
-392
-451
-666
-402
-452
-657
-1048
-869
-581
-736
-1035
-1135
-638
-569
-593
-837
-846
-463
-273
-433
-513
-349
-34
-24
43
43
180
407
415
522
580
454
639
786
815
698
638
613
692
686
749
483
358
559
515
340
148
-63
180
483
128
-11
24
-38
251
262
-34
-97
54
290
307
85
235
133
436
243
510
412
-26
70
162
455
144
-112
-46
101
198
-142
-501
-411
-355
-444
-584
-835
-872
-952
-726
-448
-825
-934
-785
-591
-314
-415
-489
-499
-344
-113
-43
-11
-112
24
297
292
321
220
222
590
424
415
297
399
398
515
383
158
218
175
281
180
-11
141
161
113
53
23
16
-85
8
-83
5
-113
-20
38
225
178
107
297
440
430
326
304
447
507
535
320
193
375
537
386
-43
-104
39
208
118
-435
-250
-464
-163
-290
-585
-628
-771
-419
-215
-595
-628
-510
-213
-275
-342
7
-207
-139
-120
42
85
-53
99
310
413
388
247
285
275
494
283
331
352
322
336
213
344
83
127
155
65
285
18
125
-36
-13
184
-130
-158
-214
116
89
109
52
54
411
355
331
250
208
378
461
567
527
312
461
526
575
373
408
132
156
216
-173
-40
-140
-164
29
-207
-339
-248
-449
-556
-477
-232
-381
-548
-467
-242
-114
-171
165
10
-216
-416
-52
264
-9
19
351
313
198
251
260
371
245
150
54
127
124
161
-99
-55
241
80
160
106
-18
106
174
226
-71
-41
-108
262
182
132
112
203
485
475
417
196
139
477
692
688
373
176
361
616
779
217
322
258
495
444
140
-89
-70
182
148
-375
-486
-483
-304
-400
-645
-474
-590
-322
-267
-365
-461
-527
-264
-261
-346
-309
-306
-109
-181
-6
-1
-159
131
153
94
41
113
111
71
169
61
123
-65
56
20
159
61
104
113
103
87
-58
2
197
-54
196
-76
18
194
91
536
331
62
107
280
478
485
443
451
336
522
544
679
375
187
575
580
633
160
174
267
396
281
141
16
19
-362
81
23
-233
-646
-350
152
-156
-268
-433
-35
-190
-435
-380
-332
-350
-211
-365
-108
126
104
-133
-457
-240
77
-33
-113
-94
-231
-68
-303
-305
-306
-107
-100
-208
-273
-349
-207
6
-214
-170
-188
-32
-30
-282
-210
-74
-32
96
70
110
82
198
332
75
66
370
115
470
423
158
373
368
616
399
241
618
168
399
488
117
162
3
254
9
-57
121
51
353
-136
-195
31
167
155
-357
-249
-102
-50
63
-139
-162
-271
182
219
-76
-195
-306
16
-20
-369
-81
-140
-187
-165
-141
-82
-284
-14
-260
-192
-27
-435
-259
-504
-394
-392
-306
-97
-342
-400
-110
-107
-152
-215
-179
67
-78
-42
-12
193
134
222
-157
89
167
247
180
334
159
335
237
210
314
272
344
286
196
56
99
177
299
112
37
-260
163
226
152
-194
15
156
90
119
-3
55
19
-153
54
-146
-359
-327
-42
-38
-90
-28
-277
-222
202
36
-341
-771
-430
233
22
-424
-712
-244
187
-76
-334
-210
-230
-197
22
-199
-161
-201
-308
35
62
-251
-213
-141
88
282
160
-93
-349
246
264
-48
-17
101
286
277
168
156
137
317
227
-10
11
95
336
133
-195
26
245
248
167
-301
-219
47
21
421
-105
-290
33
125
270
64
31
-206
-38
111
-60
-121
-210
-224
28
239
-138
-427
-109
104
58
-116
-355
-175
-147
-45
-288
-319
-115
-42
-383
-466
-197
-224
-204
-321
-622
-474
-209
123
-206
-508
-196
84
109
-247
-437
40
267
50
-153
-206
49
152
330
114
-95
86
203
253
-92
-295
108
109
-35
-210
-181
-156
-45
-35
62
-268
-103
173
79
275
-226
89
208
486
479
-13
-29
173
306
268
-178
-17
134
42
244
-133
-181
-81
-109
15
-116
-391
-292
96
157
-252
-268
-98
-66
42
-365
-349
-108
18
-263
-319
-299
-229
-16
-182
-182
-364
-322
179
-185
-147
-154
13
618
354
21
8
234
382
120
266
2
-99
159
96
192
-166
-143
130
18
-169
-236
-130
-7
-285
-10
-191
-102
-89
306
89
-149
14
155
161
21
118
325
125
238
239
147
198
-21
138
177
-212
-201
-125
27
-222
-149
-331
-150
72
-167
-251
-410
-412
-60
-55
-186
-421
-375
-256
-4
33
-463
-460
-486
-191
-84
-223
-56
-325
-359
-36
97
103
-159
-98
223
119
36
-128
82
228
196
238
-36
24
-230
128
253
-124
-210
-233
-71
-19
-19
-110
-198
-42
172
47
39
-91
-70
-43
147
154
176
237
58
304
471
318
51
-79
198
79
241
4
124
183
254
431
49
-14
-45
-17
282
-187
-228
-91
-205
60
-174
-20
-203
-147
-161
-329
-56
-179
-193
-378
-340
206
-112
-2
-299
-110
22
97
-9
-522
-82
175
142
-284
-423
118
38
247
-145
-203
-60
-139
104
-142
-168
-386
-222
133
116
-19
-262
88
257
41
9
-193
74
216
437
190
-145
-95
205
454
110
24
-41
84
402
233
-2
-187
364
391
40
83
-16
425
139
42
-5
-103
201
-100
-72
-341
-251
8
-312
-20
-292
-145
-187
-393
-57
-368
-331
-427
-182
-60
-347
-152
-380
-144
-221
-299
39
-278
-18
-121
108
-49
-10
144
-57
151
-6
102
-78
-411
-116
25
113
-159
-252
145
41
273
-170
-204
-167
-58
179
-138
-77
-92
158
223
45
178
21
236
327
114
-25
-124
329
464
356
277
85
438
339
387
239
124
193
207
279
-32
-1
151
2
89
-29
-172
96
-263
-293
-198
-208
-211
-319
-409
-148
-265
-287
-44
-198
-307
-213
-59
-189
-69
-72
-354
-91
-72
-3
-77
-252
-158
-255
-126
-95
-392
-205
-178
-179
73
-44
-39
87
-8
10
-27
35
102
66
-24
199
88
70
129
-53
-7
61
116
169
-50
-104
76
193
94
111
234
259
312
221
67
263
322
172
21
160
204
257
289
-9
-64
179
256
11
-198
-178
129
44
-81
-241
-295
-59
53
-11
-273
-284
-51
63
19
-218
-199
82
37
44
-70
-123
-71
-46
15
-144
-223
-213
-91
150
-91
-145
38
53
100
30
-90
-70
-124
-12
32
-28
-78
120
192
95
-34
32
63
58
50
7
108
111
124
363
152
210
158
161
254
184
239
104
129
303
311
159
129
194
129
74
43
-7
200
55
-61
-27
-180
-88
-68
-73
-160
-113
-64
-112
-110
-80
-46
96
-7
-23
-71
-63
71
-27
28
-99
-62
-83
-96
-120
-112
-32
-26
-135
-112
-48
-116
-51
-138
-57
-85
-19
92
-116
-147
-41
144
303
12
-44
92
135
154
-27
7
-31
125
180
73
48
-54
106
192
151
33
-37
141
167
62
156
81
36
91
297
173
-73
22
130
202
-18
-5
180
164
83
11
-36
47
6
13
-71
-97
-63
123
127
-191
-35
210
77
-111
-91
1
56
-174
-168
-25
-11
-66
-171
19
-60
-89
0
-22
34
-25
-14
-60
-64
84
26
-179
-106
45
128
-31
-58
32
140
88
4
31
-4
84
143
200
138
-35
26
159
139
133
87
62
181
193
142
43
52
83
84
15
-159
-72
43
68
-79
-104
-50
-21
-88
-62
-64
-48
6
-8
9
10
-57
23
74
70
-5
-4
9
80
141
-22
-207
-200
77
124
-77
-182
-143
37
70
-40
-218
-197
15
96
10
-218
-274
64
306
123
-126
-126
119
207
215
-31
-198
43
271
288
-63
-238
-34
301
279
-59
-131
31
299
189
-120
-190
-6
344
281
-77
-312
-198
120
97
-87
-236
-156
121
112
11
-128
-108
28
123
-9
-148
-36
128
132
71
50
147
160
138
80
13
102
113
121
22
-71
-113
-44
0
-152
-228
-217
-146
-4
-11
-96
-193
-207
-97
-12
-58
-208
-212
-166
-91
-18
-24
-43
-47
46
70
102
58
10
79
70
106
38
2
89
61
140
75
7
78
110
115
31
-39
-97
-67
35
73
-26
-125
-35
40
4
-43
-123
-83
