-45
-93
-94
-78
-129
-159
-142
-129
-116
-102
-92
-101
-120
-127
-107
-96
-105
-120
-155
-106
-80
-85
-31
-13
-3
-17
4
-11
-16
15
56
86
65
43
46
97
69
39
81
79
67
46
50
64
64
59
29
15
13
27
-8
5
-10
-64
-50
-75
-78
-103
-114
-87
-87
-80
-92
-72
-49
-62
-95
-79
-52
-50
-37
11
52
70
50
-19
-47
-39
-2
23
28
-10
-6
71
84
67
60
29
13
20
9
-30
-21
0
7
-9
-4
41
52
57
40
51
65
54
49
33
33
-12
4
-6
-17
-12
-24
-14
1
64
35
-4
38
32
3
-22
-41
-21
-38
-64
-58
-55
-65
-27
-24
-20
26
4
40
28
-17
-56
-90
-83
-100
-94
-67
-40
-42
-24
21
47
-3
-10
27
12
66
50
45
75
105
101
117
107
80
95
78
141
135
108
116
69
33
21
60
86
46
-6
19
40
8
36
25
9
-26
-66
-56
-111
-85
-46
-37
-26
-23
-67
-98
-116
-92
-63
-90
-59
-73
-95
-81
-76
-55
-47
-30
-31
-22
-24
-38
-51
-7
50
22
27
23
52
70
35
3
9
59
46
2
9
33
48
46
63
53
90
109
90
71
28
64
82
91
63
60
77
33
33
44
51
41
65
71
27
40
25
13
-40
-61
-67
-69
-54
-55
-29
-52
-62
-78
-1
46
-2
-9
-49
-55
-53
8
7
2
15
9
-4
-35
-26
-51
-8
-11
-6
15
2
33
-7
13
17
27
51
69
110
98
84
74
98
114
74
55
21
49
64
54
51
44
54
48
45
58
42
38
26
-7
-15
-1
-44
-42
-48
-52
-49
-47
-31
-32
-37
-54
-64
-97
-60
-51
-88
-93
-87
-71
-51
-76
-112
-60
-40
-32
-44
-45
-10
17
12
-11
-57
-15
16
-21
-23
-5
-3
6
11
-1
13
15
44
64
89
83
33
54
49
61
84
94
73
38
13
40
56
54
39
2
33
30
-8
-17
-31
-58
-102
-119
-134
-146
-108
-101
-95
-85
-86
-98
-77
-61
-86
-53
-19
-14
-7
14
33
66
78
131
159
203
260
318
430
523
547
596
592
524
406
139
105
4
17
74
-54
-15
-57
43
100
77
87
-94
-170
-179
-25
91
-6
-126
-198
-110
-142
-198
-258
-296
-269
-351
-431
-337
-258
-263
-264
-427
-653
-538
-588
-561
-429
-642
-684
-605
-555
-277
-190
195
507
429
640
948
1093
1066
629
-70
-407
-487
-605
-760
-955
-924
-669
-457
-193
-214
-409
-440
-550
-656
-746
-834
-808
-651
-473
-326
-64
207
322
154
33
40
-26
-5
-133
-281
-52
-68
18
274
124
476
714
666
592
254
133
133
46
-58
-183
-149
126
189
109
86
-149
-20
103
-182
-122
-244
-302
-110
-182
-213
-190
-158
-58
41
-4
-62
-82
-86
1
2
-127
-70
-11
141
175
131
84
79
163
46
-81
-109
157
294
239
121
-26
-36
77
39
3
-75
-123
172
236
11
-77
-345
-144
87
80
60
-289
-158
-147
-90
-223
-253
-201
-252
36
-88
-177
-138
-219
-97
39
-111
-197
-152
-107
-82
194
103
-55
-99
-333
-270
-124
-35
-110
-163
-153
-25
-48
-174
-126
-219
-115
-102
-255
-14
-84
28
26
-109
-79
-248
-181
-97
-79
-12
-57
-92
-69
-18
-29
-167
-202
-122
33
61
-117
-207
57
116
30
56
-287
-205
-136
-165
110
-12
-13
69
-223
-98
-60
14
157
36
44
-135
9
12
84
250
16
25
-174
-261
-168
-256
-69
-50
-94
-76
-78
12
79
-187
-383
-394
-450
-81
-140
-24
238
111
104
-93
-330
-304
-250
-15
195
295
292
214
150
99
82
-14
-60
30
37
242
301
299
248
125
-25
-56
-39
-28
47
137
295
109
219
11
40
115
63
179
333
327
323
133
-10
-77
-124
-260
-355
-184
97
234
233
185
42
22
90
20
-45
-113
-49
103
287
117
18
33
56
278
353
519
424
369
210
173
333
981
855
509
167
18
443
593
599
439
133
117
292
435
279
109
53
68
122
-103
-260
-197
-28
65
-214
-469
-440
-322
-63
15
-14
41
-43
-142
-153
-161
-69
135
214
291
92
-214
-181
-141
140
235
54
38
31
145
68
-71
-364
-304
2
1
136
5
-209
-13
-154
-305
-358
-415
-126
97
185
258
264
120
-107
-166
-102
-18
274
284
228
259
-37
101
53
17
211
250
443
592
442
359
143
79
185
157
205
-56
364
343
285
343
-205
-109
-203
-224
-150
-171
21
277
222
36
-109
-565
-671
-335
-184
66
-103
-354
-357
-322
-304
-256
-403
-351
-168
-119
-4
-229
-140
43
59
-159
-214
-361
-204
56
34
102
-157
-173
-72
-140
97
231
-1
-26
-293
-190
-29
130
182
76
10
-150
-50
75
136
239
175
205
230
143
33
140
327
463
499
415
383
211
143
138
167
362
359
308
329
338
351
296
347
350
111
224
99
360
684
571
595
306
277
7
64
183
125
312
156
83
-31
-75
22
-224
-379
-489
-654
-572
-348
-420
-463
-617
-961
-823
-862
-949
-855
-951
-1039
-1310
-1250
-1185
-1183
-1207
-1628
-1793
-1911
-1839
-1733
-1726
-1707
-1490
-1204
-701
-275
-351
-713
-1012
-794
-168
441
725
983
1367
1386
1126
925
1106
1661
2103
2232
2240
2249
2210
2187
2166
2174
2009
1819
1721
1785
1852
1706
1491
1275
1060
812
450
263
452
670
711
442
85
-141
-127
50
401
375
221
48
-129
-37
25
269
409
174
-154
-594
-521
-439
-578
-332
-532
-675
-1019
-1513
-1427
-1414
-1512
-1726
-2054
-2305
-2481
-2655
-2754
-2816
-2827
-2755
-2598
-2320
-1957
-1629
-1491
-1634
-1723
-1483
-807
-111
264
636
931
1061
1011
908
1275
1914
2335
2480
2451
2499
2441
2190
2092
2098
2162
2080
1827
1741
1756
1633
1465
1353
1325
1080
717
499
633
884
935
840
643
527
425
339
414
669
830
912
957
871
888
787
671
700
507
318
215
284
322
185
27
-222
-366
-659
-747
-942
-1150
-1206
-1397
-1503
-1850
-2103
-2417
-2669
-2833
-3042
-3189
-3380
-3351
-3218
-3044
-2718
-2416
-2143
-1955
-2000
-2135
-2071
-1550
-480
381
655
750
843
1068
1306
1509
1975
2638
2997
2971
2812
2753
2733
2667
2674
2607
2411
2120
1854
1744
1733
1618
1265
937
680
474
436
610
724
565
191
-116
-145
68
257
407
492
407
288
275
380
554
837
1041
1153
1074
890
690
619
654
513
289
6
-213
-382
-543
-622
-649
-916
-1360
-1873
-2108
-1903
-1884
-1933
-2087
-2402
-2719
-3144
-3368
-3435
-3206
-2950
-2650
-2293
-2071
-1990
-2049
-2162
-2179
-1731
-891
17
518
617
697
870
1074
1260
1589
2150
2635
2774
2670
2598
2582
2452
2277
2194
2112
1969
1802
1622
1586
1461
1132
741
467
380
351
509
565
430
103
-235
-289
-155
160
386
498
541
457
362
420
643
891
1101
1225
1196
1079
912
790
752
659
487
291
186
40
-203
-385
-535
-652
-929
-1339
-1688
-1837
-1844
-2001
-2281
-2665
-3192
-3670
-4108
-4262
-4112
-3689
-3063
-2463
-2183
-2404
-2870
-3085
-2841
-1995
-740
341
841
817
655
646
843
1237
1961
2773
3308
3294
3017
2886
2838
2857
2798
2724
2542
2275
2025
1860
1711
1482
1085
660
356
111
115
377
596
446
-77
-521
-629
-396
-12
341
633
730
579
339
343
566
889
1229
1366
1319
1143
920
767
720
610
441
204
12
-148
-431
-648
-941
-1206
-1492
-1914
-2315
-2524
-2623
-2727
-2974
-3396
-4014
-4644
-5005
-4846
-4184
-3248
-2556
-2406
-2692
-3289
-3635
-3299
-2042
-388
750
1107
970
800
835
1113
1794
2823
3656
3924
3760
3513
3447
3521
3536
3479
3316
2986
2648
2459
2393
2285
1878
1322
792
412
257
318
562
675
431
-154
-700
-880
-641
-185
186
363
275
41
-158
-97
263
642
975
1130
1028
775
513
384
424
447
295
0
-407
-680
-862
-1056
-1161
-1475
-1932
-2422
-2795
-2957
-3028
-3182
-3514
-4031
-4613
-5061
-5241
-4720
-3584
-2507
-2121
-2689
-3627
-3932
-3199
-1733
-184
819
1190
1056
834
797
1181
2192
3336
4121
4253
3870
3500
3423
3675
3952
3991
3734
3213
2685
2377
2319
2282
2014
1422
671
171
-11
207
633
844
528
-292
-1080
-1340
-920
-242
301
486
352
-19
-360
-266
189
751
1175
1196
920
625
365
294
361
405
307
-70
-475
-777
-915
-1040
-1376
-1783
-2237
-2597
-2955
-3174
-3208
-3334
-3803
-4515
-5178
-5546
-5364
-4685
-3529
-2423
-2304
-3207
-4220
-4190
-2806
-946
356
838
832
679
486
578
1417
2838
4064
4511
4225
3781
3598
3770
4083
4279
4168
3697
3191
2847
2752
2645
2359
1861
1235
633
137
104
526
1026
1017
243
-755
-1389
-1274
-512
300
712
647
248
-183
-300
-61
505
1142
1506
1420
943
546
392
414
514
461
272
-42
-400
-718
-938
-1215
-1653
-2153
-2558
-2852
-3176
-3407
-3643
-3898
-4342
-5067
-5786
-6009
-5303
-4019
-2877
-2730
-3602
-4471
-4404
-3183
-1531
-273
386
479
304
122
356
1339
2719
3911
4461
4287
3891
3713
3877
4258
4502
4352
3889
3386
3103
3081
3008
2736
2135
1468
937
570
534
841
1144
997
309
-534
-1019
-931
-289
403
768
648
182
-184
-164
204
742
1167
1377
1339
1081
860
720
797
859
748
463
87
-263
-518
-671
-954
-1433
-2063
-2527
-2818
-3064
-3331
-3692
-4138
-4759
-5535
-6238
-6222
-5335
-4044
-3239
-3634
-4669
-5153
-4361
-2732
-1259
-496
-286
-352
-454
-245
537
1816
3096
3819
3990
3874
3749
3885
4198
4488
4456
4077
3519
3220
3225
3323
3233
2852
2260
1540
902
664
944
1373
1402
818
-76
-738
-835
-408
341
833
808
388
-101
-244
70
591
1035
1237
1202
1039
897
920
1056
1152
1062
815
512
276
61
-203
-538
-1109
-1698
-2145
-2364
-2510
-2805
-3319
-3930
-4569
-5242
-5889
-6330
-6051
-4956
-3700
-3294
-4198
-5350
-5260
-3688
-1873
-959
-904
-1054
-996
-727
-69
1169
2620
3512
3673
3555
3556
3771
3966
4298
4507
4326
3722
3221
3294
3653
3702
3218
2612
1980
1462
1133
1047
1245
1381
1061
451
-104
-293
-31
359
765
819
514
180
-3
170
495
721
825
852
934
992
1075
1172
1150
963
620
308
62
-50
-151
-346
-697
-1319
-1950
-2372
-2530
-2671
-3084
-3722
-4448
-5153
-5849
-6390
-6416
-5509
-4088
-3213
-3636
-4945
-5495
-4355
-2274
-881
-839
-1353
-1529
-1139
-358
854
2299
3398
3688
3434
3362
3615
3974
4284
4512
4475
4005
3406
3283
3636
3830
3443
2713
2199
2060
2153
2212
2021
1605
969
325
-60
-95
170
532
815
769
342
-126
-251
-38
309
583
623
615
635
704
836
936
925
775
596
487
367
110
-234
-563
-799
-1059
-1450
-1781
-1994
-2254
-2864
-3717
-4423
-4903
-5284
-5778
-5966
-5384
-4183
-3252
-3448
-4367
-4854
-3988
-2279
-1080
-1021
-1571
-1739
-1249
-248
992
2212
3079
3300
3168
3202
3604
3923
4026
3996
3885
3534
3057
2955
3326
3687
3540
3105
2775
2716
2597
2158
1652
1282
1055
767
553
577
740
821
836
815
657
318
-24
-3
255
508
593
583
667
815
900
911
885
795
585
378
229
55
-156
-399
-654
-972
-1322
-1682
-1855
-2012
-2500
-3373
-4405
-5171
-5636
-5898
-5843
-5272
-4362
-3638
-3645
-4186
-4427
-3902
-2684
-1692
-1422
-1755
-2021
-1642
-606
691
1846
2583
2871
3005
3139
3501
3895
4009
3834
3454
3026
2820
3002
3555
4026
4047
3639
3152
2913
2783
2350
1780
1412
1187
1139
1123
1118
1014
893
818
777
743
549
291
188
341
441
463
595
830
1142
1285
1281
1100
876
586
279
26
-168
-364
-597
-737
-911
-1267
-1678
-2119
-2537
-3113
-3852
-4583
-5160
-5925
-7645
-8669
-7261
-3980
-2412
-2638
-2841
-2712
-2735
-3375
-3510
-2670
-1324
-616
76
1443
2984
3984
4393
4918
5387
5341
4464
3560
3287
3011
2433
1991
2428
3249
3390
2669
1712
1076
406
-412
-1065
-1188
-971
-764
-144
936
2212
2754
2404
1983
1713
1507
1117
882
1116
1724
2311
2701
3158
3527
3588
3035
2234
1383
518
-277
-678
-470
-237
-554
-783
-687
-1122
-1966
-3170
-4058
-4796
-5665
-6476
-7171
-7280
-7173
-7391
-7875
-7915
-6960
-5221
-3531
-2346
-1531
-910
-452
-130
378
1375
2403
2956
3261
4045
5269
6116
6187
5855
5390
4574
3337
2203
1718
1450
830
87
-273
-294
-554
-1168
-1846
-2466
-3185
-3743
-3645
-2870
-1742
-782
222
1459
2655
3608
4160
4467
4510
4368
4263
4457
4824
4993
4984
4900
4805
4575
3978
3250
2482
1541
422
-449
-833
-1004
-1244
-1619
-2033
-2526
-3112
-3921
-4689
-5296
-5857
-6361
-6755
-6792
-6672
-6601
-6480
-6448
-6895
-7849
-8451
-7581
-5364
-2878
-686
1197
2480
2690
2431
3060
4356
4749
3694
2944
3727
5054
5699
5949
6357
6084
4359
1965
513
-182
-1256
-2709
-3526
-3434
-3260
-3145
-2747
-2275
-2516
-3353
-3810
-3382
-2594
-1875
-663
1413
3950
5928
6977
7672
8180
7789
6578
5562
4871
4314
3852
3588
3569
3707
3725
3282
2624
1679
177
-1325
-2200
-2725
-3112
-3066
-2854
-2708
-2658
-2852
-3311
-3830
-4423
-5399
-6386
-6734
-6823
-6911
-6785
-6564
-6364
-6413
-6836
-7045
-5923
-3548
-1337
212
1293
2130
2525
3011
3924
4655
4799
4319
4104
4382
4955
5296
5341
5104
4052
2397
778
-157
-1114
-2167
-3078
-3634
-3827
-3773
-3475
-3237
-2942
-2884
-2907
-2667
-1985
-987
310
1984
3556
4879
5967
7087
7909
7906
7204
6350
5611
4873
4345
3985
3685
3371
3143
2880
2484
1929
1029
-19
-1046
-1895
-2426
-2531
-2564
-2690
-2787
-2933
-3058
-3321
-3809
-4592
-5458
-6154
-6780
-7167
-7147
-7139
-7384
-7625
-7661
-7217
-6065
-4205
-2088
-235
1142
1933
2347
2826
3595
4252
4419
4236
4159
4568
5172
5618
5643
5254
4240
2690
1105
-151
-1130
-2100
-2966
-3645
-3891
-3766
-3462
-3216
-3247
-3272
-3208
-2857
-2255
-1418
-256
1455
3334
4941
6274
7408
8377
8539
7934
6950
6217
5516
4738
4103
3678
3533
3306
3054
2571
2010
1237
228
-785
-1703
-2259
-2597
-2715
-2879
-3012
-3137
-3237
-3389
-3827
-4468
-5278
-5909
-6484
-6997
-7376
-7498
-7624
-7780
-7722
-7241
-6172
-4488
-2137
-200
1126
1914
2527
3085
3546
4171
4510
4707
4518
4691
5200
5788
5788
5127
4266
2764
1203
-261
-1201
-2155
-3021
-3686
-4060
-3849
-3599
-3300
-3288
-3218
-3291
-3141
-2496
-1470
16
1618
3340
4900
6433
7594
8307
8427
7970
7122
6115
5351
4623
4168
3781
3446
3182
2945
2530
1894
1117
51
-967
-1835
-2357
-2710
-2819
-2864
-3060
-3215
-3280
-3503
-4075
-4728
-5469
-6103
-6641
-6972
-7182
-7391
-7638
-7895
-7820
-7243
-6063
-4151
-1722
83
1250
2211
3172
3781
4097
4553
4790
4698
4357
4611
5266
5883
5749
5049
4194
2820
1197
-397
-1458
-2477
-3462
-4276
-4536
-4195
-3820
-3457
-3314
-3035
-2919
-2733
-2146
-942
637
2165
3595
4885
6258
7384
8303
8452
8007
7118
6075
5216
4565
4135
3503
2996
2620
2435
2113
1719
1143
225
-870
-1986
-2663
-3012
-3114
-3351
-3574
-3624
-3537
-3596
-4021
-4517
-5216
-5921
-6626
-7172
-7451
-7606
-7892
-8056
-7692
-6790
-5478
-3553
-1072
932
2101
2615
3072
3677
4334
4554
4405
4415
4546
4846
5224
5727
5713
5073
3778
2150
633
-649
-1883
-3173
-4027
-4612
-4725
-4404
-3796
-3246
-3016
-2937
-2897
-2593
-1932
-746
625
2121
3867
5707
7178
8041
8686
8686
8016
6938
5790
4713
3782
3240
2785
2587
2503
2378
2105
1742
1153
83
-1006
-2083
-2858
-3249
-3395
-3551
-3632
-3515
-3528
-3712
-3993
-4496
-5469
-6343
-6971
-7602
-8009
-8302
-8489
-8276
-7344
-5947
-4052
-1501
713
1933
2555
3332
3848
4093
4363
4348
4269
4193
4474
5004
5629
5740
5068
4129
2831
1191
-571
-1888
-3118
-4168
-4853
-5080
-4723
-4114
-3492
-3138
-2646
-2255
-2061
-1709
-795
472
1781
3312
4920
6486
7635
8442
8725
8407
7580
6439
5223
4042
3281
2631
2214
1979
1893
1860
1691
1448
751
-179
-1293
-2295
-3039
-3468
-3756
-3998
-3889
-3653
-3553
-3721
-3996
-4582
-5393
-6258
-7010
-7773
-8277
-8361
-8449
-8016
-6844
-4508
-1769
438
1965
2786
3560
3857
4006
4100
4198
3945
3508
3787
4446
5195
5323
5108
4409
3223
1699
-24
-1350
-2721
-4083
-5155
-5331
-4980
-4489
-3793
-3081
-2340
-1987
-1723
-1296
-725
-75
554
2021
4443
6527
7579
8291
9086
9270
8698
7589
5968
4315
2984
1837
1003
1040
1361
1369
1413
1554
1343
673
-257
-1509
-2599
-3280
-3917
-4451
-4341
-3914
-3709
-3517
-3510
-3932
-4566
-5275
-6459
-7671
-8359
-8923
-9128
-8470
-6901
-4823
-2054
576
2245
3558
4695
5044
4596
4370
4279
3924
3483
3514
4135
4942
5380
5105
4699
4049
2621
583
-1263
-2782
-4312
-5495
-6006
-5779
-5147
-4404
-3584
-2554
-1580
-1113
-775
-222
559
1369
2495
3806
4934
6220
7682
8597
8602
8313
7532
6238
4927
3618
2108
881
506
350
348
693
1129
1105
798
217
-762
-1572
-2357
-3445
-4384
-4625
-4522
-4399
-4189
-4053
-4168
-4441
-4893
-5765
-6590
-7383
-8239
-8826
-8426
-7294
-5441
-2745
-320
1687
3379
4983
5498
5359
5366
5033
4447
3667
3548
3782
4296
4471
4206
4156
3861
2871
1205
-266
-1859
-3616
-5071
-5926
-6050
-5812
-5340
-4736
-3612
-2243
-1160
-316
625
1793
2719
3412
4033
4788
5871
6832
7309
7504
7535
7237
6491
5561
4449
3019
1767
810
266
14
-35
-9
-9
-2
-195
-677
-1183
-1835
-2790
-3741
-4333
-4552
-4746
-4876
-5019
-5000
-4958
-5120
-5622
-6349
-7091
-7739
-7802
-7390
-6576
-5076
-2742
-454
1485
3250
4718
5644
5950
5922
5555
4991
4368
3985
3922
4107
4029
3715
3518
3072
2176
869
-485
-1995
-3565
-4859
-5747
-6087
-6034
-5730
-5097
-3954
-2610
-1432
-289
963
2198
3361
4310
4986
5669
6661
7368
7436
7441
7368
7007
6189
5339
4205
2959
1941
988
347
-6
-15
-228
-319
-249
-501
-880
-1361
-2053
-2993
-3665
-4177
-4655
-4852
-5005
-5272
-5465
-5344
-5565
-6074
-6490
-7081
-7406
-7254
-6632
-5657
-3625
-1281
414
2103
3905
5245
5573
5782
5784
5361
4755
4063
3874
4045
4177
3639
3222
3040
2352
1063
-302
-1503
-2983
-4332
-5501
-6136
-6125
-5897
-5513
-4641
-3222
-1944
-829
511
1897
3262
4529
5510
6132
6846
7520
7476
7320
7155
6754
5898
5077
4308
3261
2462
1647
890
380
171
-203
-586
-639
-857
-1272
-1718
-2167
-2881
-3451
-3851
-4286
-4529
-4714
-5070
-5525
-5577
-5796
-6262
-6773
-7379
-7498
-7106
-6289
-5338
-3421
-1086
691
2219
3719
4931
5354
5717
5789
5413
4812
4123
3786
3752
3843
3477
3199
3068
2299
979
-369
-1583
-3023
-4473
-5601
-6240
-6346
-6172
-5725
-4819
-3438
-2148
-1015
299
1656
3090
4352
5198
5819
6651
7473
7676
7640
7435
6970
6194
5312
4307
3130
2236
1365
602
196
-12
-352
-649
-702
-888
-1125
-1413
-1931
-2642
-3201
-3705
-4251
-4573
-4807
-5182
-5546
-5656
-5823
-6042
-6279
-6853
-7350
-6920
-5788
-4652
-3336
-1716
34
1970
3726
4548
4916
5588
5967
5481
4726
4293
4050
3810
3452
3007
2908
2811
1981
702
-281
-1290
-2747
-4252
-5346
-5988
-6311
-6274
-6013
-5225
-3944
-2653
-1316
157
1573
2763
4025
5503
6495
7097
7561
7850
7863
7529
6999
5987
5086
4074
2877
1882
1228
788
70
-215
-266
-416
-612
-830
-1149
-1531
-1896
-2656
-3422
-3853
-4295
-4854
-5132
-5112
-5285
-5509
-5626
-5940
-6375
-6934
-7188
-6719
-5476
-3827
-2515
-1228
592
2976
4782
5347
5452
5941
6355
5729
4605
4103
4337
4148
3214
2593
2709
2544
1453
182
-659
-1557
-3128
-4927
-5949
-6293
-6502
-6650
-6187
-4955
-3715
-2514
-973
1033
2984
4254
4989
5744
6582
7214
7357
7169
7080
6808
6234
5568
4972
4133
2991
1929
1155
588
27
-510
-854
-924
-991
-1311
-1616
-1787
-2099
-2608
-3108
-3529
-3959
-4463
-4918
-5359
-5447
-5437
-5693
-6186
-6567
-6763
-6737
-5935
-4703
-3100
-1640
-338
1328
3238
4733
5108
5383
5872
5958
5333
4494
4313
4261
3870
3104
2694
2642
2070
951
-210
-970
-2076
-3710
-5188
-6041
-6390
-6589
-6466
-5870
-4787
-3573
-2325
-650
1331
3086
4177
4959
5785
6652
7331
7344
7086
6849
6619
6032
5289
4680
3798
2758
1807
1036
301
-196
-632
-1048
-1129
-1211
-1503
-1832
-2012
-2332
-2795
-3195
-3670
-4254
-4674
-5009
-5360
-5522
-5591
-5821
-6173
-6440
-6647
-6278
-5156
-3555
-2019
-958
181
2038
4224
5222
5020
5090
5834
5910
4910
4011
4005
4317
3704
2671
2382
2495
1738
154
-985
-1516
-2572
-4300
-5635
-6055
-6161
-6523
-6647
-5916
-4582
-3354
-2146
-314
1824
3404
4334
5266
6270
7218
7572
7224
6919
6697
6210
5355
4806
4208
3210
2141
1301
745
153
-374
-1048
-1388
-1363
-1598
-2008
-2253
-2373
-2820
-3301
-3709
-4100
-4458
-4890
-5369
-5589
-5547
-5809
-6207
-6391
-6363
-6099
-5416
-4262
-2744
-1161
243
1616
3302
4784
5283
5336
5644
5820
5394
4568
4057
3948
3669
2998
2403
2220
1822
770
-469
-1380
-2353
-3696
-5016
-5858
-6232
-6456
-6531
-6229
-5287
-4033
-2714
-998
965
2750
3983
5084
6140
7015
7649
7595
7218
6794
6404
5741
4959
4319
3505
2676
1860
1212
569
24
-530
-1168
-1514
-1792
-2086
-2470
-2747
-3037
-3414
-3769
-4301
-4786
-5163
-5544
-5866
-6012
-6101
-6324
-6575
-6728
-6390
-5462
-4336
-2982
-1448
92
1566
3200
4673
5406
5630
5846
5985
5666
4939
4180
3920
3779
3200
2493
2134
1860
1051
-73
-1055
-1975
-3188
-4570
-5641
-6172
-6297
-6351
-6134
-5361
-4188
-2919
-1287
650
2469
3848
4877
5938
6849
7616
7700
7308
6970
6594
6017
5183
4553
3785
2906
2050
1334
719
130
-423
-1097
-1395
-1703
-2089
-2458
-2750
-2974
-3428
-3795
-4169
-4565
-4995
-5503
-6003
-6332
-6426
-6576
-6815
-6996
-6794
-5896
-4597
-3044
-1391
108
1684
3279
4611
5333
5573
5900
6035
5766
5083
4495
4277
4079
3546
2854
2488
1960
969
-171
-1082
-1953
-3198
-4506
-5502
-5948
-6113
-6251
-6046
-5286
-4195
-3035
-1508
433
2266
3692
4770
5819
6792
7536
7610
7264
7005
6637
5992
5313
4669
3828
2977
2184
1449
806
247
-357
-1019
-1359
-1706
-2146
-2446
-2697
-3044
-3433
-3824
-4272
-4624
-4995
-5468
-5898
-6189
-6389
-6829
-7122
-7164
-6863
-5907
-4671
-2934
-1140
452
2003
3683
5206
5887
6163
6320
6417
6121
5407
4885
4641
4387
3686
2992
2673
2168
1192
-44
-1110
-2207
-3499
-4900
-5866
-6278
-6602
-6622
-6325
-5518
-4405
-3178
-1496
363
2292
3659
4655
5774
6882
7607
7567
7344
6946
6505
5900
5209
4515
3671
2868
1896
1208
678
172
-460
-1073
-1374
-1771
-2175
-2576
-2885
-3174
-3527
-3883
-4378
-4656
-4974
-5374
-5722
-5982
-6187
-6547
-6878
-6992
-6597
-5716
-4502
-2822
-988
678
2250
4052
5553
6218
6488
6606
6614
6247
5511
4955
4752
4516
3857
3223
2885
2317
1186
-74
-1167
-2373
-3836
-5285
-6241
-6676
-6897
-6943
-6520
-5497
-4286
-3012
-1258
705
2471
3759
4790
5872
6909
7569
7464
7156
6885
6562
5946
5255
4593
3718
2862
1936
1164
535
-49
-773
-1485
-1811
-2121
-2482
-2824
-2967
-3208
-3543
-3883
-4270
-4518
-4880
-5321
-5820
-6031
-6171
-6564
-6916
-6858
-6266
-5416
-4233
-2623
-811
759
2201
3884
5322
5938
6025
6173
6456
6271
5474
4888
4881
4814
4151
3382
2995
2488
1336
14
-1095
-2207
-3589
-5190
-6175
-6499
-6677
-6815
-6477
-5454
-4278
-2900
-1134
843
2671
4025
5091
6060
7164
7669
7451
7134
6881
6555
5838
5168
4471
3799
3088
2224
1486
904
278
-679
-1432
-1866
-2281
-2788
-3196
-3411
-3641
-3883
-4177
-4540
-4911
-5298
-5806
-6300
-6594
-6782
-7177
-7513
-7231
-6318
-5197
-3811
-2019
-332
1237
2731
4173
5272
5845
6096
6088
6130
5927
5416
5185
5143
4878
4282
3815
3403
2628
1457
88
-1195
-2546
-3993
-5391
-6233
-6581
-6812
-6689
-6135
-5148
-3875
-2182
-338
1380
2914
4227
5386
6433
7366
7595
7429
7238
6949
6477
5881
5338
4471
3651
2879
2120
1385
743
59
-848
-1409
-1948
-2499
-2931
-3245
-3565
-3925
-4154
-4460
-4829
-5158
-5531
-6061
-6478
-6706
-7114
-7373
-7360
-6902
-5965
-4736
-2956
-1257
326
1874
3305
4591
5259
5619
5741
5777
5623
5143
4909
4892
4817
4412
4035
3815
3256
2296
1085
-109
-1394
-2908
-4442
-5547
-6105
-6474
-6635
-6369
-5628
-4593
-3091
-1226
552
2094
3407
4583
5707
6695
7093
7037
6935
6801
6399
5834
5349
4646
3948
3169
2381
1699
1078
414
-402
-965
-1520
-2114
-2665
-3068
-3473
-3887
-4151
-4543
-4836
-5107
-5465
-5888
-6323
-6590
-6901
-7214
-7388
-7108
-6289
-5040
-3427
-1594
142
1765
3266
4543
5330
5598
5688
5548
5341
4840
4456
4452
4479
4341
4046
3928
3658
2872
1747
481
-802
-2269
-3872
-5229
-5986
-6456
-6674
-6434
-5770
-4833
-3520
-1778
-29
1431
2622
3876
5079
6155
6598
6606
6630
6520
6290
5793
5337
4808
4184
3532
2842
2198
1510
810
-1
-688
-1302
-1961
-2512
-2971
-3272
-3613
-3956
-4214
-4492
-4804
-5200
-5596
-5954
-6255
-6626
-7025
-7338
-7214
-6335
-5146
-3458
-1743
-327
1242
2990
4555
5172
5316
5453
5464
5203
4526
4123
4219
4336
3988
3706
3897
3797
3092
2021
1040
-57
-1653
-3371
-4713
-5415
-6017
-6470
-6346
-5592
-4619
-3560
-1933
-208
1346
2464
3410
4590
5643
6161
6090
6121
6241
6096
5673
5242
4869
4298
3578
2798
2247
1721
937
103
-593
-1043
-1567
-2223
-2755
-3052
-3331
-3744
-4115
-4424
-4716
-5164
-5662
-6004
-6231
-6466
-6962
-7350
-7041
-6261
-5300
-4019
-2210
-386
1158
2520
3861
4976
5517
5557
5207
5030
4670
4059
3724
3713
3773
3511
3287
3155
2798
2137
1103
-80
-1276
-2691
-4162
-5209
-5777
-6034
-5938
-5484
-4641
-3627
-2361
-891
978
2910
3850
4516
5447
6374
6614
6519
6371
5775
5459
5048
4411
3833
3419
2786
1936
1591
1133
420
-188
-677
-1305
-1835
-2231
-2910
-3424
-3696
-4092
-4612
-4992
-5269
-5745
-6066
-6243
-6532
-6784
-7123
-7069
-6324
-5144
-3651
-2094
-449
1201
2741
4053
4858
5404
5634
5351
4926
4477
4076
3861
3671
3313
3105
3062
2786
2197
1460
596
-566
-1795
-3058
-4264
-5088
-5647
-5911
-5809
-5285
-4566
-3477
-1818
-174
1285
2426
3477
4511
5478
6063
6080
6132
6104
5875
5468
5169
4667
4006
3425
2751
2160
1575
901
151
-405
-872
-1455
-1978
-2317
-2638
-3072
-3428
-3827
-4224
-4600
-5112
-5600
-5978
-6331
-6713
-7189
-7507
-7306
-6535
-5412
-4113
-2313
-450
1212
2690
3941
4869
5269
5444
5207
4850
4377
3766
3564
3527
3503
3213
3020
2906
2371
1649
623
-526
-1837
-3194
-4429
-5270
-5703
-5973
-5722
-5127
-4250
-3162
-1692
-5
1440
2648
3617
4581
5403
5976
6022
5946
5954
5804
5514
5043
4614
4004
3379
2728
1960
1289
575
-116
-751
-1170
-1611
-2107
-2520
-2838
-3061
-3326
-3652
-4084
-4560
-5023
-5528
-5918
-6247
-6567
-6884
-7208
-7067
-6325
-5223
-3906
-2186
-389
1189
2640
3942
4927
5346
5465
5227
4867
4518
3982
3661
3558
3464
3238
3042
2857
2344
1559
524
-629
-1929
-3318
-4619
-5558
-6010
-6246
-6036
-5417
-4555
-3440
-1910
-191
1328
2502
3475
4538
5462
6077
6207
6173
6233
6137
5892
5458
4954
4297
3582
2873
2212
1542
752
11
-605
-1030
-1487
-1946
-2417
-2761
-2998
-3277
-3610
-4015
-4431
-4922
-5360
-5775
-6186
-6579
-6961
-7230
-7110
-6288
-5221
-3878
-2131
-274
1462
2703
3889
4874
5545
5739
5201
4830
4549
4210
3790
3485
3513
3394
3135
2727
2300
1652
637
-653
-1965
-3106
-4385
-5478
-6118
-6255
-5933
-5479
-4707
-3524
-1867
-205
1108
2347
3552
4651
5435
5790
5978
6164
6127
5932
5715
5413
4917
4289
3632
2975
2278
1518
652
-60
-491
-1028
-1556
-1925
-2304
-2712
-3037
-3292
-3537
-3891
-4388
-4937
-5417
-5767
-6145
-6504
-6731
-6959
-6979
-6313
-5215
-3751
-2022
-316
1382
2772
3973
4861
5427
5740
5367
4889
4533
4273
3980
3575
3394
3276
3108
2686
2043
1324
337
-910
-2276
-3453
-4563
-5522
-6055
-6199
-5913
-5436
-4748
-3549
-1984
-390
945
2123
3440
4579
5341
5718
5917
6177
6161
5965
5681
5345
4881
4298
3721
3089
2411
1609
747
54
-492
-1065
-1662
-2074
-2418
-2787
-3155
-3454
-3711
-4084
-4467
-4975
-5353
-5610
-6001
-6337
-6610
-6748
-6722
-6065
-5002
-3676
-2000
-266
1471
2720
3890
4919
5595
5882
5317
4883
4619
4398
3975
3472
3540
3425
3162
2653
2132
1565
467
-893
-2235
-3188
-4345
-5502
-6211
-6318
-5829
-5456
-4766
-3569
-1904
-371
642
1786
3088
4274
4934
5236
5477
5774
5845
5643
5505
5268
4897
4296
3692
3187
2487
1751
909
257
-246
-828
-1442
-1937
-2301
-2733
-3115
-3477
-3769
-4174
-4637
-5135
-5549
-5819
-6181
-6519
-6783
-6914
-6855
-6185
-5121
-3767
-1964
-275
1296
2560
3808
4871
5251
5486
5248
4974
4698
4317
4091
3859
3783
3464
3260
2966
2388
1570
484
-580
-1827
-2983
-4134
-5065
-5520
-5773
-5545
-5090
-4365
-3202
-1916
-523
669
1818
2945
3893
4668
5030
5223
5451
5595
5557
5398
5123
4683
4275
3772
3084
2358
1670
950
264
-246
-776
-1304
-1724
-2171
-2638
-3117
-3466
-3891
-4384
-4804
-5283
-5654
-6026
-6304
-6546
-6891
-7104
-6891
-5969
-4846
-3579
-1925
-167
1604
2755
3788
4765
5468
5697
5147
4905
4760
4567
4130
3753
3782
3639
3294
2640
2096
1418
324
-933
-2143
-3046
-4076
-4985
-5520
-5505
-5164
-4902
-4271
-3050
-1489
-306
485
1502
2870
3879
4367
4615
4911
5317
5366
5328
5204
5052
4743
4167
3658
3146
2506
1628
908
398
-55
-664
-1274
-1694
-2108
-2470
-2995
-3454
-3844
-4312
-4911
-5434
-5772
-6092
-6429
-6787
-6910
-7024
-6783
-5944
-4810
-3398
-1818
-12
1595
2742
3771
4770
5560
5697
5139
4794
4820
4732
4182
3784
3889
3894
3444
2676
2184
1532
400
-1111
-2321
-3079
-4062
-5063
-5591
-5406
-4899
-4582
-4033
-2905
-1491
-435
259
1210
2372
3389
3869
4123
4510
4995
5182
5088
5074
4985
4619
4061
3569
3068
2398
1632
946
466
45
-470
-964
-1389
-1722
-2196
-2755
-3156
-3579
-4138
-4764
-5313
-5653
-6014
-6372
-6640
-6793
-6849
-6766
-6033
-4927
-3576
-2059
-469
1360
2560
3368
4138
5030
5640
5030
4540
4504
4761
4553
3867
3850
3985
3817
2865
2058
1602
638
-809
-2302
-2925
-3579
-4460
-5181
-5233
-4478
-4141
-3611
-2678
-1320
-170
287
1182
2299
3313
3698
3795
4267
4786
5068
4887
4753
4708
4513
3962
3374
2944
2374
1697
976
575
243
-212
-745
-1177
-1461
-1952
-2565
-3147
-3575
-4132
-4808
-5399
-5852
-6216
-6571
-6843
-7016
-7099
-6774
-5921
-4762
-3135
-1555
-141
1301
2676
3965
4534
4855
5061
5044
4909
4564
4586
4574
4468
4155
3910
3783
3162
2179
957
-41
-1146
-2397
-3456
-4210
-4473
-4705
-4630
-4318
-3772
-2907
-2033
-1129
-389
442
1203
1992
2885
3458
3875
4246
4732
5070
5176
5004
4641
4276
3881
3403
2691
2049
1532
1004
544
140
-233
-627
-1023
-1503
-2063
-2628
-3209
-3820
-4457
-4932
-5346
-5776
-6158
-6446
-6553
-6773
-6937
-6622
-5698
-4597
-3390
-1807
-13
1504
2336
3281
4389
5248
5105
4562
4732
5029
4903
4233
4052
4311
4197
3451
2627
2198
1393
-42
-1542
-2375
-2946
-3918
-4678
-4699
-4208
-3853
-3648
-2805
-1552
-668
-187
347
1484
2509
2976
3252
3686
4461
4903
4955
4948
5024
4958
4495
3968
3524
3018
2262
1584
1159
862
423
-206
-669
-972
-1391
-2058
-2729
-3226
-3747
-4375
-4944
-5412
-5711
-6032
-6365
-6534
-6688
-6812
-6642
-5850
-4676
-3382
-1778
49
1319
2027
2983
4330
5156
4692
4126
4558
5260
5011
4223
4237
4705
4496
3467
2707
2381
1466
-319
-1831
-2292
-2732
-3876
-4907
-4708
-3976
-3769
-3699
-2830
-1565
-883
-538
140
1383
2270
2610
2894
3572
4483
4802
4803
4838
5005
4919
4403
3853
3444
2965
2202
1624
1326
1065
530
-92
-418
-757
-1256
-2034
-2762
-3222
-3816
-4536
-5184
-5607
-5968
-6334
-6571
-6691
-6785
-6977
-6648
-5666
-4356
-3160
-2030
-375
1183
2225
2920
3791
4579
4583
4266
4312
4890
5065
4628
4383
4635
4706
3849
2827
2067
1272
-79
-1644
-2564
-3130
-3791
-4446
-4467
-3933
-3552
-3209
-2438
-1531
-947
-543
75
1045
1949
2534
2878
3399
4194
4834
4989
4910
4930
4825
4524
3961
3406
2837
2226
1711
1359
1106
658
146
-383
-850
-1409
-2136
-2859
-3598
-4265
-4878
-5372
-5830
-6322
-6602
-6715
-6861
-7136
-7115
-6540
-5619
-4591
-3303
-1516
220
1312
1978
3050
4374
4819
4341
4120
4810
5356
5038
4540
4771
5126
4619
3606
2893
2413
1139
-688
-1914
-2375
-2985
-4021
-4657
-4329
-3723
-3599
-3246
-2292
-1399
-1029
-754
184
1252
1838
2103
2579
3569
4447
4754
4789
4965
5174
5028
4532
4007
3541
2943
2348
1899
1674
1327
726
256
-71
-509
-1319
-2235
-2925
-3523
-4285
-5022
-5552
-5951
-6360
-6597
-6715
-6834
-7042
-7068
-6418
-5471
-4383
-3019
-1251
310
955
1662
3189
4618
4532
3598
3869
5217
5647
4842
4486
5198
5489
4526
3523
3257
2623
842
-996
-1652
-1777
-2821
-4215
-4466
-3731
-3314
-3370
-2959
-2012
-1267
-1116
-634
299
1100
1477
1703
2634
3662
4287
4380
4471
4872
5071
4823
4224
3810
3444
2994
2509
2221
2006
1486
974
609
271
-450
-1449
-2256
-2900
-3569
-4459
-5115
-5522
-5950
-6413
-6683
-6740
-6950
-7160
-7047
-6207
-5139
-4142
-2699
-948
460
968
1782
3280
4287
3996
3348
4069
5139
5375
4810
4819
5503
5379
4474
3605
3205
2152
400
-1005
-1583
-2003
-3118
-3914
-3867
-3374
-3086
-2872
-2374
-1969
-1601
-1089
-380
72
408
856
1689
2600
3306
3868
4164
4482
4733
4811
4571
4111
3702
3359
3012
2738
2502
2060
1571
1158
848
240
-760
-1621
-2343
-3012
-3804
-4531
-5048
-5580
-6022
-6322
-6457
-6794
-7280
-7360
-6768
-5776
-4915
-3743
-2121
-455
635
1276
2414
3541
3896
3385
3382
4436
5135
5022
4788
5379
5825
5339
4374
3648
3016
1505
-119
-1150
-1621
-2397
-3365
-3583
-3355
-2971
-2766
-2456
-2185
-1984
-1499
-995
-601
-436
-37
820
1628
2342
2920
3443
3842
4163
4436
4308
3972
3594
3416
3194
2952
2766
2505
2157
1720
1417
888
-11
-1068
-1818
-2463
-3338
-4128
-4710
-5152
-5678
-5994
-6174
-6591
-7075
-7281
-6770
-6028
-5246
-3797
-2428
-1583
-1008
374
2357
2773
2089
1998
3518
4859
4578
4223
4836
5874
5577
4866
4668
4353
3077
1241
642
343
-555
-2074
-2840
-2397
-2285
-2434
-2618
-2282
-2101
-2173
-1744
-1235
-870
-945
-544
422
1356
1855
2022
2512
3092
3615
3628
3411
3275
3305
3363
3154
3090
2989
2788
2345
2060
1867
1165
156
-787
-1217
-1836
-2750
-3635
-4084
-4378
-4981
-5494
-6032
-6383
-6825
-7036
-6559
-5760
-4792
-3624
-2263
-1358
-822
79
1387
1971
1528
1384
2484
3946
4289
4096
4641
5590
5715
5049
4491
3996
2868
1339
498
198
-474
-1553
-2061
-1722
-1467
-1593
-1796
-1847
-1921
-1830
-1542
-1335
-1301
-1279
-630
317
1004
1347
1554
1996
2510
2853
2771
2452
2366
2570
2771
2777
2804
2810
2671
2338
2065
1764
1048
71
-737
-1160
-1680
-2459
-3148
-3549
-3884
-4397
-5002
-5632
-6155
-6511
-6362
-5900
-5329
-4317
-3013
-1778
-1116
-546
406
1197
1347
1048
1452
2487
3295
3673
4073
4858
5302
5330
4964
4453
3615
2365
1380
668
104
-688
-1244
-1343
-1187
-1027
-1113
-1252
-1516
-1499
-1442
-1460
-1491
-1564
-1074
-425
297
791
1064
1373
1674
2110
2095
1892
1620
1776
2050
2082
2195
2223
2410
2206
1970
1703
1113
413
-379
-852
-1396
-1977
-2530
-2854
-3071
-3552
-4034
-4730
-5197
-5389
-5306
-4940
-4354
-3467
-2920
-2561
-1839
-411
482
68
-449
233
1910
2493
2200
2559
3809
4634
4472
4409
4443
4003
2953
2391
2350
1802
584
-271
-56
-18
-434
-838
-956
-1049
-1387
-1320
-1165
-1293
-1506
-1304
-587
-76
145
198
428
732
1098
1280
1009
797
924
1423
1590
1418
1365
1468
1554
1397
1224
800
234
-258
-486
-693
-1292
-1721
-1987
-2107
-2487
-3028
-3455
-4133
-4606
-4692
-4318
-3929
-3412
-2501
-1725
-1308
-1112
-333
364
46
-533
-234
1102
1895
2018
2455
3423
4190
4175
4073
3852
3338
2513
2050
2069
1678
1026
594
764
772
342
-90
-537
-897
-1234
-1235
-1237
-1333
-1356
-1043
-375
41
266
237
315
526
718
808
484
295
478
888
1018
891
857
852
835
645
487
81
-483
-831
-923
-947
-1379
-1826
-1997
-1883
-2045
-2712
-3224
-3562
-3735
-3720
-3375
-2956
-2460
-1741
-1020
-511
-361
-83
206
158
-28
188
975
1537
1898
2356
3066
3464
3436
3318
3034
2641
2000
1756
1750
1495
1149
996
1204
1132
709
146
-295
-575
-863
-967
-1088
-1096
-1002
-722
-272
-63
9
-53
62
259
396
404
228
224
445
751
660
463
353
313
186
-129
-332
-536
-828
-977
-955
-1042
-1326
-1534
-1504
-1583
-1683
-1979
-2379
-2669
-2858
-2620
-1870
-1482
-1628
-1848
-1098
47
251
-374
-991
-428
427
881
926
998
1524
2016
2670
2906
2672
2079
1789
2178
2424
2196
1493
1401
1785
2042
1828
1221
956
627
357
92
-141
-310
-614
-575
-420
-136
-92
-299
-392
-356
-99
-66
-96
-229
-203
85
292
404
265
84
-74
-54
-31
-286
-543
-847
-771
-643
-692
-964
-1347
-1281
-1084
-1334
-1734
-1931
-2169
-2333
-2631
-2610
-2339
-1984
-1543
-1249
-1045
-917
-587
-82
-27
-331
-517
-69
737
1152
1252
1463
2058
2666
2833
2557
2230
2046
1952
2033
1973
1802
1612
1723
2036
1913
1410
944
782
631
218
-182
-267
-258
-324
-389
-352
-334
-439
-553
-540
-439
-446
-410
-342
-207
-100
-23
53
-95
-155
-187
-250
-377
-390
-270
-432
-734
-785
-652
-784
-910
-1173
-1146
-1037
-1222
-1274
-1693
-1978
-1846
-1752
-1818
-2050
-2006
-1541
-1036
-833
-970
-980
-529
-90
-124
-319
-234
203
673
958
1086
1285
1523
1760
1881
1897
1796
1595
1650
1802
1823
1653
1472
1532
1504
1419
1234
1090
959
699
651
616
528
177
-95
-108
-186
-281
-439
-459
-518
-571
-493
-433
-457
-627
-607
-432
-325
-354
-486
-426
-354
-207
-341
-547
-846
-839
-557
-675
-920
-900
-958
-1051
-1023
-987
-1290
-1560
-1781
-1823
-1500
-1380
-1434
-1510
-1280
-914
-674
-664
-765
-780
-543
-268
-57
151
359
620
993
1400
1598
1555
1365
1434
1601
1590
1565
1448
1546
1660
1738
1766
1581
1360
1198
1221
1147
888
663
595
604
537
400
93
-238
-441
-470
-436
-735
-971
-846
-487
-305
-368
-421
-248
-148
-205
-231
-242
-345
-369
-191
-276
-348
-236
-38
-250
-448
-413
-262
-390
-697
-683
-608
-839
-885
-1006
-1203
-1297
-1519
-1396
-1164
-1124
-1275
-1380
-1183
-919
-744
-779
-871
-820
-488
-13
156
264
406
684
1047
1311
1394
1267
1266
1449
1724
1862
1681
1615
1784
1972
1820
1551
1482
1440
1332
1225
1112
951
608
288
121
-57
-328
-603
-692
-883
-958
-809
-666
-677
-559
-388
-334
-258
-386
-609
-550
-239
-150
-328
-417
67
402
124
-181
127
99
243
-22
-162
159
132
180
-238
-315
-516
-770
-1036
-1412
-1422
-1424
-1298
-1314
-1453
-1321
-1151
-954
-1045
-1301
-1431
-1348
-899
-598
-460
-327
150
844
1178
1198
1018
1124
1375
1516
1588
1511
1599
1865
2069
2088
1823
1673
1592
1481
1262
962
791
576
393
176
17
-161
-424
-731
-889
-959
-908
-842
-509
-219
-427
-411
-147
-161
-136
-48
-203
27
-51
274
290
385
345
558
610
437
466
551
685
542
343
470
409
91
-282
-643
-911
-1242
-1502
-1889
-1996
-1967
-1665
-1607
-1813
-1925
-1905
-1649
-1650
-1860
-2014
-1795
-1179
-631
-297
-190
146
596
931
1059
898
829
968
1297
1616
1733
1749
1753
1891
1846
1710
1467
1178
934
741
746
703
487
182
-14
18
-104
-434
-918
-1152
-875
-416
-83
-75
-28
232
408
414
429
307
186
484
836
924
931
975
1202
1330
1418
1374
868
593
974
960
583
104
-9
-9
-173
-685
-1143
-1317
-1504
-1878
-2339
-2545
-2408
-2269
-2188
-2194
-2236
-2124
-1860
-1657
-1724
-1877
-1710
-1265
-715
-473
-377
-143
296
740
862
803
681
725
962
1150
1132
1024
1122
1279
1404
1404
1283
1143
906
849
893
813
583
263
181
130
132
-99
-380
-210
103
208
357
414
590
380
1027
1388
923
705
964
1604
1599
1691
1456
1336
1584
1723
1332
737
527
672
728
710
32
-549
-392
-273
-521
-1154
-1674
-1939
-1820
-1835
-2230
-2486
-2615
-2453
-2337
-2346
-2244
-2236
-2177
-2099
-1804
-1552
-1510
-1497
-1394
-1034
-657
-384
-236
-124
88
443
808
925
730
639
885
1224
1346
1164
1051
1224
1585
1780
1582
1142
907
1068
1183
923
412
84
177
277
411
351
573
357
840
1183
1184
1176
1121
1417
1772
1762
1473
1592
1651
1694
1483
1480
1293
961
508
581
632
345
-139
-245
-319
-359
-442
-1088
-1210
-1198
-1136
-1262
-1728
-1761
-1789
-1809
-1873
-2031
-2267
-2539
-2501
-2228
-2022
-1941
-2044
-1920
-1703
-1405
-1334
-1371
-1450
-1349
-975
-597
-426
-396
-119
206
480
715
766
732
748
889
1269
1345
1195
1151
1465
1765
1704
1385
1021
1059
1120
1115
823
452
647
962
1717
1582
1299
1249
1436
1989
1788
1545
1324
1588
2100
1987
1464
1191
737
1024
1180
463
53
337
490
100
2
177
-324
-705
-605
-596
-789
-981
-1163
-1055
-883
-1095
-1208
-1389
-1487
-1591
-1569
-1830
-1954
-2099
-2017
-2182
-2179
-2221
-2083
-2059
-1913
-1743
-1757
-1639
-1498
-1087
-1000
-986
-827
-553
-237
-107
101
276
503
635
789
966
1020
1019
1099
1281
1447
1568
1664
1645
1606
1716
1849
1700
1660
1541
1882
2094
1973
2130
2031
2062
1927
1791
1590
1511
1480
1231
1278
1298
683
753
862
803
306
15
-293
-207
-205
-374
-402
-555
-369
-734
-891
-724
-895
-1012
-1171
-1059
-1072
-1052
-1184
-1674
-1657
-1418
-1355
-1921
-2417
-2031
-1900
-1754
-2231
-2438
-2378
-2131
-1808
-2023
-1953
-1701
-1356
-1193
-1164
-942
-881
-646
-519
-416
-194
-77
350
530
729
791
1103
1594
1609
1663
1602
2085
2531
2582
2430
2317
2651
2679
2480
2100
1858
2141
2109
1954
1884
1626
1686
1568
1664
1314
725
586
487
487
834
365
-30
-7
362
166
-327
-12
-540
-566
-350
-359
-686
-901
-924
-597
-661
-961
-1643
-1431
-1166
-1211
-1511
-1719
-1395
-1325
-1470
-1863
-1803
-1735
-2054
-1866
-1792
-1552
-1550
-1900
-1643
-1436
-1266
-1312
-1651
-1502
-1218
-729
-671
-812
-669
-330
231
93
0
154
540
1065
1208
1373
1435
1692
1952
2061
2234
2037
2128
2175
2288
2286
2104
2072
1681
1810
1690
1476
1260
1022
922
923
1021
481
827
433
344
403
353
484
82
-220
242
190
-186
-458
-790
-506
-406
-690
-1302
-1161
-611
-576
-1013
-1585
-1014
-1036
-1167
-1679
-1586
-1417
-1397
-1210
-1765
-1438
-1202
-1047
-1321
-1624
-1443
-924
-1132
-1362
-1331
-1081
-851
-924
-921
-936
-766
-806
-571
-584
-369
-58
119
485
616
625
692
884
1119
1015
837
1008
1262
1361
1279
1292
1388
1430
1319
1294
1200
1076
1202
1172
1172
988
962
925
1081
820
788
396
313
433
599
316
-241
308
173
-5
-47
-161
25
-229
-586
-467
-748
-151
-867
-1021
-452
-716
-1064
-1031
-695
-740
-828
-922
-1002
-1001
-1092
-750
-1100
-817
-775
-1042
-620
-657
-630
-668
-964
-599
-566
-448
-675
-624
44
86
-52
-311
133
344
262
46
-29
183
222
256
68
-86
190
103
181
120
195
293
199
304
212
354
428
372
456
497
716
797
816
763
709
764
688
572
521
478
430
546
704
519
345
465
160
468
-155
88
-211
-195
40
-537
-403
-381
198
-361
-849
-468
-628
-610
-406
-787
-694
-873
-394
-528
-789
-819
-967
-122
-644
-811
-852
-397
162
-331
-495
-300
549
392
-21
237
418
470
257
43
187
344
702
95
-79
244
271
430
-193
-7
-47
-60
-118
-131
42
-266
-163
-70
111
108
-280
71
303
276
5
-42
259
37
298
190
389
207
286
296
152
295
43
304
33
91
189
-60
-3
11
102
-33
-342
-142
-361
-130
-359
-182
-6
-52
-464
-317
55
-262
-860
-431
93
-325
-876
-430
148
262
91
-401
6
581
346
423
-48
158
282
171
330
142
540
-3
337
201
-69
-74
230
349
-115
-6
-154
201
341
74
51
-194
86
151
149
-246
-439
-127
48
-98
-264
-233
156
-84
-160
-177
-405
-127
-233
-282
-307
-379
-107
-77
-58
-368
-295
-382
-262
99
-299
-191
-184
59
44
-176
-95
47
-26
-80
-200
-203
353
58
-227
-32
-188
14
207
346
148
53
605
394
152
421
-10
97
372
420
-60
243
699
257
-186
-155
-10
438
93
86
99
-161
251
-183
20
-48
-72
-45
-371
-80
157
40
-62
-8
-53
175
-114
-138
-192
-214
-95
-280
-295
-239
-226
-562
-319
-175
-464
-759
-610
-470
-184
-462
-641
-635
-410
-332
-338
-456
-496
-341
-329
-12
-404
-246
-195
29
-117
-204
-119
-430
145
139
264
74
61
598
880
230
182
528
550
338
193
189
522
508
525
384
-45
369
452
125
-157
-160
618
-162
-248
-166
-207
619
146
238
14
38
503
454
185
-388
-148
201
84
-304
-693
203
293
-4
-224
-237
-211
-265
-82
-411
-372
-350
-230
-118
-170
-263
-246
-246
-186
-284
-47
25
-281
-104
-38
-113
-60
-60
-219
-410
-153
136
-78
-269
-40
373
481
-55
-14
-100
254
167
117
280
-111
300
222
553
182
268
597
222
218
267
234
146
-181
435
383
-130
-267
20
471
-87
-128
246
190
116
-193
513
291
-142
-552
-56
334
-303
-488
-388
59
-67
-144
-230
-694
-228
-300
-222
-589
-796
34
28
68
-709
-356
177
275
-70
119
669
81
36
351
577
251
36
74
318
51
393
218
-40
25
244
167
189
217
-365
369
455
340
210
-7
-77
61
231
-18
253
-11
184
537
212
137
-300
24
349
81
2
-315
18
79
289
401
30
-9
218
304
364
-183
-192
17
236
-161
-301
-120
152
-91
-611
-158
-214
-406
-367
-265
-158
-273
-640
-333
-319
-120
-407
-603
-469
-86
-230
-291
143
266
251
159
177
560
129
-28
290
135
178
193
190
437
299
137
474
718
447
225
263
611
692
436
123
57
818
514
137
-29
227
493
-43
112
10
-98
306
-104
-280
-29
291
-126
-113
47
229
542
-26
-353
321
217
200
188
116
153
-144
-86
-260
201
-549
-380
-61
-195
-338
-915
-92
-181
-656
-767
-653
-183
-254
-426
-157
-97
88
-501
-16
35
-116
114
-371
433
-31
-43
-10
315
675
85
-16
457
556
251
-353
182
552
693
337
-17
380
837
432
-36
497
576
389
538
-41
98
555
343
187
28
404
280
471
482
289
523
116
262
508
345
-54
-16
156
407
120
306
-150
159
584
-61
-302
-141
25
268
-209
-517
-325
-213
-624
-646
-595
-610
-600
-495
45
-245
-471
-422
-120
-295
-322
-455
-116
-471
-77
71
-88
-276
-241
569
315
-272
-290
140
463
117
221
463
13
311
119
440
616
67
-124
33
771
611
-2
147
316
763
744
34
-20
360
434
222
6
128
133
319
94
-12
178
426
622
317
197
433
248
173
183
91
-28
141
-154
69
159
-172
-365
-500
-379
-90
-318
-544
-794
-655
-385
-310
-552
-835
-423
-281
-27
-384
-640
-99
236
-116
-457
-403
-45
-62
42
47
-281
-380
95
720
231
-324
89
491
342
170
268
279
796
425
6
142
625
648
90
573
359
368
621
473
152
34
163
512
110
-162
160
652
498
-173
266
431
502
-156
182
113
-87
150
180
-132
91
-95
-289
-214
-47
-39
-508
-99
-219
-402
-640
-592
-144
-319
-718
-597
-507
-342
-539
-404
-326
-511
-248
-121
78
74
63
-19
-25
147
-181
-80
-187
-493
-286
-474
-137
-111
53
113
-127
326
-14
505
261
-162
286
474
479
296
411
822
667
374
165
454
336
251
313
72
182
523
200
36
-212
327
410
-260
-121
326
125
-279
98
386
-77
-435
-117
113
10
-668
-525
-179
-648
-420
-527
-767
-658
-515
-132
-457
-842
-524
-389
-556
-663
-153
-72
-469
-537
-345
-357
-588
-113
-39
-306
-214
-162
460
-227
-135
538
204
28
-124
55
222
358
288
143
-85
347
577
395
112
465
813
457
494
601
1166
298
306
548
873
727
-205
-113
507
876
508
126
-308
482
526
292
-204
-249
-115
307
6
-757
-122
-208
-351
93
-544
-505
-790
-699
-493
-524
-686
-993
-273
-460
-286
-609
-499
-139
-78
-255
-632
-572
-177
-86
-414
-437
-677
-16
-523
-260
-287
-73
-13
-523
42
-73
53
-259
-147
133
185
-100
153
-47
470
469
409
98
607
848
-1
594
729
705
723
215
497
611
558
820
195
414
409
792
592
8
150
626
741
314
292
165
13
101
-28
-152
-140
-323
-103
-437
-305
-347
-401
-306
-456
-609
-450
-389
-496
-394
-73
-810
-750
-499
5
-252
-599
-300
-264
-23
-417
-654
-465
-7
-393
-507
-266
-232
-164
90
-186
-892
-508
62
-44
-242
-612
-5
151
257
139
-235
116
300
500
159
166
623
527
761
556
626
215
469
842
601
263
357
542
1005
519
697
473
445
906
708
540
388
273
261
328
493
30
-267
-32
198
268
-210
-732
-395
75
8
-595
-884
-286
-154
-380
-484
-637
-764
-497
-439
-395
-537
-567
-297
-630
-360
-324
-349
-251
-851
-100
37
-367
-582
-433
-15
-50
15
-100
-316
-234
123
172
-154
-211
3
-112
135
125
51
45
-330
81
316
-2
175
372
374
679
792
235
488
651
862
420
587
832
732
612
276
343
371
224
171
42
-44
172
-277
-32
-151
-26
-121
-57
-322
-282
-247
-411
-283
-184
-201
-263
-229
-288
-109
-161
-221
-557
-112
-136
-356
-548
-496
-231
-267
-371
-523
-565
-204
-326
-456
-513
-175
141
-262
-405
-403
-109
-242
43
-1
-94
-105
-265
-74
111
-281
-40
299
178
39
-144
81
480
511
61
79
114
376
409
127
161
352
666
545
427
389
383
567
253
83
248
235
11
-225
55
-201
-461
-102
-367
-381
-501
-286
-184
-644
-551
-390
-28
-399
-557
-169
-352
-202
-303
-182
-60
-448
-221
-149
-176
-415
-359
-50
-209
-235
-317
-43
-67
-340
-154
-291
-203
-171
28
86
-388
-167
-131
-21
-161
-325
119
-34
110
41
76
154
-173
195
108
-217
-2
229
304
-162
98
451
502
233
-291
242
384
536
380
-36
293
217
139
101
-118
-94
-177
87
4
-334
-316
45
230
-374
-233
-55
-298
27
-297
-215
-247
-190
208
-359
-232
-213
-123
73
-289
-212
90
131
-130
-223
311
161
-19
-133
66
90
3
117
-225
-137
342
336
-55
-425
71
219
-115
48
95
288
96
-142
-30
-11
229
-8
-95
15
-70
246
108
62
33
294
436
22
82
140
334
133
69
226
170
230
203
134
24
-138
227
188
-150
-254
-126
75
-201
-366
-193
-135
-136
-318
-285
-99
-265
-188
-165
-24
-40
-130
-261
-166
126
-36
-39
-28
-64
187
-63
-3
-12
-41
-24
39
147
21
47
48
268
328
-83
-45
253
274
35
-130
265
45
111
210
97
12
-123
-3
232
19
-284
-27
386
237
-115
174
277
254
-36
92
436
299
249
217
289
280
363
428
211
199
363
350
86
-81
88
218
-38
-110
-239
-76
-174
-53
56
-186
-131
-157
32
-64
-206
-68
-134
-137
-39
-127
-244
-247
77
48
-90
-231
-231
-21
58
28
40
13
30
-106
64
265
-52
-91
71
231
138
-24
79
317
244
3
94
194
93
95
234
169
27
106
387
363
95
68
222
349
221
151
34
109
255
71
185
138
172
159
10
52
108
121
-39
-121
122
146
-29
-250
-146
185
-49
-199
-136
-47
6
-260
-350
-321
-238
-82
-278
-312
-180
-170
-304
-277
-90
-155
-236
-345
-154
7
-91
-214
-267
-70
2
-59
-174
-270
-156
-60
87
4
-173
-146
22
196
114
-98
-138
55
249
306
164
183
229
362
395
221
269
263
463
510
395
349
359
485
492
294
286
193
250
373
253
144
61
174
215
-15
-76
68
84
56
-39
-85
-33
26
-60
-231
-272
-240
-188
-243
-304
-266
-270
-257
-252
-299
-298
-230
-183
-237
-328
-278
-159
-106
-84
-183
-131
-6
9
164
56
-80
-44
137
249
220
154
199
278
156
41
21
151
213
168
80
169
191
185
161
88
90
223
273
210
269
394
452
396
236
214
386
373
292
182
219
317
253
168
26
2
91
51
-123
-191
-147
-135
-171
-278
-336
-283
-268
-206
-264
-372
-368
-289
-299
-335
-269
-132
-103
-55
-90
-176
-133
-138
-42
19
35
-14
-203
-176
-60
37
-27
-106
-97
29
87
-31
-121
-5
100
94
23
-41
71
172
191
119
124
259
289
270
277
309
346
289
342
330
259
194
284
297
302
272
182
162
144
90
50
85
111
34
-56
-51
-13
-24
-131
-182
-167
-118
-196
-262
-351
-326
-251
-307
-338
-295
-264
-203
-234
-302
-297
-159
-89
