149
0.340886
-0.984951
1.01672
2.71347
2.6662
-0.26409
-0.0245566
0.480961
1.62752
0.0497842
0.347359
-0.0113854
0.125498
-1.70559
1.20713
2.5704
2.46102
-0.547922
-0.326577
0.138054
2.22874
-0.112043
0.218109
0.0832082
-0.233097
-1.6897
1.38184
2.29458
2.21109
-0.709323
-0.912797
0.579513
2.19086
0.0089104
0.113325
0.110974
-0.703565
-2.04145
1.6116
2.50268
1.78691
-0.100189
-0.185083
-0.284033
2.59603
-0.0239096
-0.0540758
0.132534
-0.837311
-1.84888
1.5044
1.92666
1.22037
0.552592
-0.193661
-0.626657
2.40113
-0.118324
-0.145356
0.059507
-0.36946
-1.80797
0.406027
1.59564
2.12455
1.12659
-0.275035
-0.360978
2.35275
-0.171016
0.0133826
0.0740217
-0.250734
-2.22257
0.305333
1.52052
2.28979
0.672843
0.573025
-0.0659873
1.67602
0.201644
0.0571037
0.0464344
-0.597612
-2.2402
0.746985
1.20392
1.47928
0.275174
1.47493
0.00164906
1.21581
-0.0831658
0.13427
-0.0309819
-0.724074
-2.41018
0.726018
0.698656
1.8094
-0.186562
1.02886
-0.048296
1.24462
-0.256407
-0.000610388
-0.0150745
-0.440947
-2.1464
0.296955
1.07143
1.86857
-0.0150531
0.90386
0.317029
1.70037
0.107975
-0.0783557
-0.0215439
-0.280307
-1.62222
0.47165
1.64663
1.26765
-0.349739
0.697244
0.271792
1.94251
-0.233609
-0.0323845
0.0520778
-0.307176
-1.68933
0.370937
1.94487
1.25312
-0.947085
-0.386361
0.136029
1.72704
-0.319007
-0.0898137
0.140979
-0.418385
-1.7295
-0.865377
1.77162
0.508332
-1.5886
-1.26552
-0.173606
1.73392
-0.72184
0.0754278
0.0720445
-0.43581
-2.27598
-0.406164
1.35436
0.550265
-1.64622
-1.01626
0.157821
0.992599
-0.994323
-0.078038
0.0488721
-0.871501
-2.67562
0.503205
1.02738
0.683248
-1.04366
-0.539895
0.398494
0.630798
-0.315884
-0.253816
0.067203
-1.06798
-2.63806
1.0302
1.21741
0.940981
-0.612233
-0.178936
0.562724
1.2796
-0.226012
-0.222043
0.091677
-0.681873
-2.73333
1.21405
0.928425
1.25534
-0.527871
-0.0206213
0.338198
1.38463
-0.421779
-0.288011
0.213486
-0.630071
-2.589
1.04664
1.13256
1.31423
-1.01079
0.100235
0.262167
1.44137
-0.448364
-0.145675
0.200667
-0.643701
-2.16017
1.01071
0.50064
1.04537
-0.936949
0.0556625
0.82567
1.15328
-0.492222
0.0753708
0.135212
0.0548998
-1.46279
1.18269
0.553008
0.848608
-0.75877
0.285861
0.247947
0.183477
-1.21128
0.205729
0.0511551
0.462564
-1.11096
1.58968
1.01441
0.687421
-0.317543
0.502106
-0.141312
0.0745991
-1.3458
0.0346479
0.109114
0.52954
-1.41263
2.05428
1.29755
1.46086
0.0101304
0.37623
-0.00155433
0.0411772
-0.945077
-0.0584828
0.13742
0.838676
-2.33239
1.85188
0.157427
0.366385
-0.848779
0.357277
0.644723
0.132245
-0.499148
0.0976887
0.21316
1.20707
-3.00582
0.742551
-0.167865
0.00626306
-0.771998
0.929088
0.507534
0.818723
-0.27729
0.374867
0.187294
2.3706
-2.85692
0.0605182
-0.145069
0.833731
0.169916
1.74905
0.224024
0.961399
0.023577
0.538956
0.193713
4.2072
-0.972604
0.768487
1.01001
2.08864
0.455389
2.52512
0.225274
0.905537
0.354231
0.485746
0.188996
6.23829
-0.102492
0.0803472
0.649637
1.79538
0.749172
0.911672
0.858699
1.04569
0.16458
-0.0126877
0.0704445
6.87178
-0.191977
-0.427989
1.14579
2.04029
0.983069
-0.345671
1.29034
1.12516
0.0539358
-0.160208
-0.0123395
6.70116
0.190288
-0.824853
1.44636
2.65681
0.831761
-0.520952
0.940418
0.776633
-0.0554717
-0.248805
-0.0282368
7.22852
-0.247258
-0.746312
2.3524
2.79264
1.70951
-0.706364
0.47453
0.406739
-0.325591
-0.382619
-0.0151738
6.96915
-0.331607
-0.299622
2.741
2.93148
1.77959
-0.402753
0.197506
0.402701
-0.430809
-0.524854
-0.0480011
6.85419
-0.237684
-0.598809
2.58345
3.42172
1.85899
-0.371702
0.0986975
0.260577
-0.466026
-0.482707
-0.0392943
6.72362
-0.254232
-1.10747
2.39407
3.16659
1.94426
-0.311783
0.0952617
0.283884
-0.318895
-0.407188
-0.0398365
7.2842
-0.60984
-1.38275
1.95013
2.6042
2.33449
-0.542962
0.183907
0.604802
0.0513717
-0.36678
-0.0909965
7.50616
-0.553753
-1.2842
1.35587
2.74681
2.76139
-0.532558
-0.016252
0.520117
0.0182013
-0.295122
-0.0800215
7.27854
0.227224
-2.14598
1.40384
3.99654
1.99188
0.0317921
0.204475
0.141857
-0.106126
-0.271482
-0.0617662
6.66546
0.241083
-2.0306
1.88279
4.73746
1.35046
0.430964
0.311151
0.208478
-0.0716398
-0.316973
-0.0538169
5.91551
0.239986
-1.20908
1.61884
4.01389
1.50166
0.836191
0.0507161
0.285923
0.0277493
-0.159054
-0.0432091
5.44533
0.505857
-0.817848
0.763588
3.524
2.42322
0.669812
-0.0361982
0.360117
-0.0729468
0.0986666
0.0578096
4.4366
0.814364
-0.484096
0.699779
2.98077
3.07618
0.351663
0.13615
0.703284
-0.405773
0.417608
0.135221
4.63055
0.952073
-0.0359012
1.57754
3.56152
3.30354
0.102476
-0.292297
0.620704
-0.218019
0.458114
0.165388
5.41297
1.8285
0.487979
2.09621
5.00089
3.06742
1.17195
-0.172897
0.179902
0.0257307
0.180975
0.0730316
5.48742
2.16604
1.13479
1.72263
4.95487
2.8498
1.44748
-0.255037
0.506212
-0.148595
-0.0346278
0.0253791
5.03044
2.30412
0.925542
2.18846
4.73728
2.95417
1.14394
-0.357847
0.536604
-0.0324233
-0.0560667
-0.0531608
5.35816
2.59278
1.12145
1.60969
4.70482
2.63513
1.39839
-0.413558
0.950479
-0.200397
-0.162686
-0.0649542
5.19133
2.82734
1.19811
1.60092
3.94832
2.52455
1.98673
0.11875
0.866896
-0.307921
-0.17705
-0.038966
5.46818
2.78003
1.05736
1.76015
4.39519
2.06311
2.11009
-0.0607615
1.09456
-0.239838
-0.182685
-0.0235549
4.74043
2.31394
1.36735
1.82349
4.54636
2.39478
1.64919
0.0935139
0.852259
-0.265165
0.00418444
0.0508455
4.32481
1.76303
1.30771
1.41295
4.23881
2.41139
1.54448
0.286135
1.1298
-0.153481
0.0544538
0.0813677
4.23931
1.68831
0.84197
0.401196
3.18656
1.88879
1.87502
-0.00909003
1.36065
-0.00843949
0.064086
0.0553373
4.18943
1.40148
-0.0509304
-0.4902
2.8839
1.46327
1.82949
0.122993
1.19711
-0.216886
0.22853
0.0608398
4.00055
1.23229
-0.179485
-0.104107
3.6582
1.19794
1.1218
0.277833
1.22858
-0.0702493
0.225206
0.0131216
3.81688
1.28376
0.310312
0.0928235
3.64855
1.53373
1.1902
-0.0359461
1.16156
0.00338194
0.217302
0.0130864
3.72326
1.52413
0.287166
0.416876
3.91777
1.55994
0.954492
-0.31032
1.2103
0.0028275
0.251345
-0.00801967
3.53411
1.41858
-0.0502271
0.488317
4.4042
1.80771
1.3002
-0.285696
0.990174
-0.304592
0.26487
0.0338225
3.03991
-0.754236
-0.426621
3.05266
3.28482
0.658721
1.59815
0.192352
1.20008
-0.0254425
0.0584431
-0.0353058
2.46649
-2.10171
-0.265778
2.44054
3.52921
0.864497
1.45067
0.0755479
1.1504
-0.352501
-0.0130044
0.0367164
2.23317
-1.45074
0.408146
1.52407
4.05239
1.52316
1.56706
0.38029
1.01143
-0.584699
0.131146
0.119118
3.54206
-0.804372
0.592553
0.446716
2.69203
1.63531
2.29458
1.0552
1.45769
-0.660503
-0.0419123
0.154017
5.17262
-1.1843
-0.322324
0.413538
2.48077
1.27216
2.32897
1.66625
1.27505
-0.470608
-0.317612
0.130993
6.28033
-0.638097
-2.62451
0.969184
3.50794
0.983801
2.16739
1.92628
0.813236
-0.564981
-0.368125
0.095743
6.27427
-0.897359
-2.97678
1.81577
3.1098
1.18639
2.15376
1.55525
0.812068
-0.749878
-0.325002
0.0883618
6.65072
-1.34505
-3.12017
2.36857
3.32389
1.31554
1.77713
1.55965
0.671232
-0.700197
-0.31015
0.0928902
6.58345
-1.01671
-3.34993
2.56749
3.86275
1.52112
1.49034
1.51244
0.614382
-0.684664
-0.351878
0.087289
6.72446
-1.39307
-3.42247
2.73018
3.91785
1.77847
1.3548
1.5333
0.538721
-0.680306
-0.358142
0.0949642
6.48918
-1.27522
-3.30745
2.21293
3.82274
1.95669
1.45148
1.76534
0.583557
-0.6761
-0.415803
0.0873076
7.00623
-1.86998
-2.86093
2.40888
3.31526
2.48777
1.19354
1.97992
0.54583
-0.667368
-0.431549
0.0990937
6.62547
-1.48848
-2.78846
2.16003
3.52686
2.23152
1.29172
2.22683
0.658812
-0.657945
-0.458755
0.0787393
6.99088
-1.02098
-3.26157
2.62338
3.6516
2.11173
1.54022
2.23866
0.535658
-0.731969
-0.433453
0.111809
6.90619
-0.488159
-3.44352
2.82189
3.62361
1.96381
1.7322
2.27511
0.621048
-0.772356
-0.459473
0.111075
7.05396
-0.844212
-2.81912
2.88667
3.33211
1.98838
1.59839
2.47825
0.678161
-0.770574
-0.518919
0.100827
7.44108
-0.776357
-2.47908
2.67106
3.57359
2.46356
1.64227
2.27983
0.358516
-0.823176
-0.409394
0.150233
7.25123
-0.291905
-2.5272
2.16858
4.18275
2.26954
2.18927
2.41557
0.132762
-0.924621
-0.344949
0.194778
7.04554
-0.00429747
-2.27472
2.42166
4.29374
2.2152
2.33153
2.49689
0.0351869
-0.912487
-0.28946
0.228337
6.8138
0.211621
-1.96931
2.46734
4.22836
2.17233
2.49513
2.58112
-0.00259512
-0.827217
-0.220388
0.24261
6.31073
0.394615
-1.60025
2.62528
3.83674
1.80258
2.39688
2.99147
0.194139
-0.679005
-0.247058
0.221037
6.00259
1.29391
-0.590719
2.93068
3.15789
1.56988
2.44727
3.14658
0.392736
-0.641269
-0.372878
0.141026
5.95307
1.59124
0.229355
2.54559
3.17197
1.45133
2.59131
2.75484
0.375485
-0.604479
-0.352995
0.08297
6.07316
1.87085
0.839572
2.03546
3.03307
0.809149
2.59056
2.73613
0.469109
-0.497775
-0.277865
0.0915766
5.76089
2.36442
1.17053
1.74714
3.56107
1.39995
1.78319
2.21799
0.753075
-0.605627
-0.224391
0.107408
5.72718
2.60556
1.36904
1.66635
4.14646
1.64025
1.67515
1.69484
1.03036
-0.595649
-0.234124
0.0797771
5.31295
3.02462
1.21207
1.25466
4.33009
1.24509
2.25789
1.95051
1.14511
-0.447681
-0.233956
0.063016
5.15178
2.92885
1.27264
1.12323
3.88262
1.09401
2.08065
2.02531
1.13354
-0.4969
-0.104528
0.0902813
5.12378
2.14485
1.66069
0.968888
3.80413
1.50915
2.11552
2.32848
0.563768
-0.383844
0.00838067
0.140216
5.20414
2.10809
1.88385
0.956414
4.54407
2.15126
2.04267
1.87018
-0.125568
-0.223564
0.112892
0.143005
4.75921
2.62988
1.70056
2.10572
4.37703
2.20278
1.77598
1.29198
0.12899
-0.586382
0.188454
0.145581
4.80129
2.74466
1.54632
1.9896
4.01897
1.26758
1.36271
0.783567
0.52381
-0.552534
0.28209
0.167194
5.03419
2.64813
1.57531
1.97682
4.45699
1.46096
1.43005
0.770385
0.684637
-0.402108
0.15934
0.147619
5.11098
2.12951
1.6515
1.48868
3.35283
1.32716
2.11103
0.538594
0.965368
-0.283227
0.180863
0.204436
4.72424
2.70092
1.70025
1.26728
2.86942
0.719614
1.32209
0.85238
0.642036
-0.165393
0.471134
0.20698
4.69032
2.94322
1.68015
1.04287
3.93993
0.365223
1.22142
1.16036
0.478501
-0.349112
0.35892
0.19889
4.76354
2.7736
1.84149
1.11231
4.35252
0.361258
1.51894
1.75884
0.587124
-0.84723
0.157967
0.203536
4.79999
2.95141
2.00824
1.41099
4.31302
0.0600553
0.919371
1.72236
0.342668
-0.794422
0.267887
0.210207
4.82317
2.58472
2.40347
2.22118
4.02448
0.237211
0.292152
1.48373
0.47133
-0.237501
0.295495
0.170719
4.62678
2.34151
2.21271
2.48572
4.11424
0.287979
0.89809
1.10472
1.20201
-0.555007
0.238467
0.207624
4.64464
2.37616
1.86645
2.06428
4.63583
0.624964
1.40956
1.48355
1.10676
-0.954095
0.180718
0.236795
4.74869
2.64329
2.10212
2.17458
4.35655
0.40245
1.12893
1.86636
0.64258
-0.805346
0.173307
0.202548
4.65712
2.78101
2.07026
2.59837
4.35759
0.548533
1.17212
1.83769
0.311032
-0.760523
0.141466
0.16963
4.76159
2.58381
2.30338
2.70695
4.55107
1.12915
1.58893
1.33134
0.7785
-1.04992
0.164007
0.200202
4.8217
2.54887
2.13173
2.27471
4.87018
1.52909
2.10944
1.41349
1.09015
-1.13928
0.0196463
0.198515
4.61352
2.48721
2.18264
2.1619
3.99493
1.63663
2.9592
1.4583
1.18978
-0.986256
0.0246749
0.185886
4.23627
2.95999
2.52463
2.16393
3.55514
1.48206
2.86904
1.7767
0.93466
-0.939121
0.133283
0.112195
4.07196
3.03501
2.6296
2.12464
4.04504
1.61312
2.73359
1.992
1.09939
-0.836967
0.0765728
0.089828
3.99166
2.90185
2.88964
2.38651
4.03938
2.09987
2.75994
1.47018
1.21062
-0.541313
0.292762
0.145284
4.0485
2.13219
2.567
2.94399
4.65117
1.9753
2.81155
0.959323
1.52869
-0.626093
0.192927
0.218432
3.76337
2.38637
2.45418
2.77771
4.55056
1.96441
2.45512
1.44302
1.35717
-0.50019
0.126367
0.148743
3.57997
2.40614
3.11429
2.34376
4.36652
1.83116
2.2001
1.51067
1.42979
-0.300159
-0.0418039
0.116625
3.14404
2.48767
3.01879
2.14816
3.37635
1.80607
2.01218
1.63306
1.18359
-0.133238
-0.247454
0.0723307
3.05332
2.44774
3.02355
2.68239
4.59689
1.43818
1.99706
1.6844
1.22605
-0.291791
0.0803335
0.126371
3.08114
2.35519
3.14495
2.93066
4.69305
1.75022
2.30142
1.41503
1.11824
-0.276619
0.292088
0.154884
3.20776
2.47786
3.24093
2.12113
3.71696
1.8253
2.65111
1.74142
1.19972
-0.270618
0.0926553
0.133128
3.00876
2.51673
3.06483
1.81121
3.52665
1.54021
2.62195
1.31447
1.04934
-0.472175
0.0300385
0.10258
3.08518
2.2423
2.98522
1.93785
3.3083
1.04723
2.51493
1.50869
1.27513
-0.477209
0.0397066
0.123155
3.91238
1.91204
2.84822
2.17823
2.32473
-0.666999
1.69322
1.66074
1.41145
-0.453698
0.102596
0.168659
3.6217
1.16842
3.19154
2.7239
2.18023
-0.817609
1.55357
1.08508
1.35592
-0.16654
0.159562
0.198325
2.17866
-0.871708
3.66078
3.26034
1.8628
0.737599
1.82265
1.46488
1.32826
0.155188
0.274734
0.145047
1.71442
-1.58359
3.4953
2.61007
1.42729
0.716763
1.66591
1.54958
1.75594
-0.300851
0.0788009
0.186114
1.61474
-1.83264
2.73693
2.54357
1.52737
-0.0523761
1.32002
1.20837
2.35023
-0.54154
0.0211727
0.168449
1.20511
-2.04241
2.17672
2.48259
2.28502
-0.417656
1.2466
1.19654
1.86581
-0.69589
0.0897935
0.188729
0.772799
-2.05212
2.33449
2.37403
3.1061
-0.0871883
1.74921
1.18104
1.23234
-0.347617
0.0147614
0.187337
0.797069
-2.13094
2.9678
2.10489
2.02262
-0.223754
1.19045
1.42701
1.99061
-0.208573
-0.175667
0.0909914
0.376832
-2.18896
2.97498
1.7805
1.0387
-0.66975
0.440353
0.758041
2.40124
-0.192565
-0.166415
0.115093
-0.205547
-2.03599
2.68326
2.91232
1.71747
-1.01097
0.43704
0.614156
1.64673
-0.289035
-0.00660527
0.13975
-0.174038
-1.65817
2.94023
3.70568
2.13269
-0.578498
0.635527
1.15786
1.24312
-0.263139
0.00513747
0.0931016
0.274257
-1.73088
2.50672
3.54783
2.21748
-0.400369
1.33106
1.43123
1.38773
-0.263948
0.114978
0.0564902
0.440086
-1.8768
2.16052
2.7824
1.66614
-0.153062
1.79617
0.929907
1.12705
-0.0931478
0.141936
-0.00287443
0.608896
-1.88341
1.9187
2.20294
1.1764
-1.02423
1.51221
0.29036
1.07682
-0.154863
-0.0380027
-0.00778117
0.70409
-2.07928
2.05848
2.33418
1.32615
-0.840406
1.20973
0.384586
1.26706
-0.119799
0.0261864
0.0749115
0.803675
-2.29539
1.89575
3.33946
1.60221
-0.244782
1.6823
0.417699
1.25619
-0.310797
0.0631638
0.136487
0.77873
-2.24403
1.77411
2.82092
2.05107
-0.245813
1.37309
0.520201
1.45013
-0.229285
-0.182743
0.164667
0.504338
-2.61576
1.28251
2.52455
2.22499
-0.386414
0.892092
0.12281
1.63402
-0.129871
-0.205653
0.144671
0.481611
-2.64545
0.832246
2.32828
1.84178
0.0220851
0.776527
-0.295145
1.9707
-0.31604
-0.145943
0.118372
0.680639
-2.14489
0.636489
1.51837
1.33572
-0.342499
0.172796
0.629962
1.83476
-0.00360785
-0.118847
0.00394505
0.858308
-1.6066
1.18284
1.29083
1.99192
-0.138368
0.257376
0.625465
1.0858
0.254968
-0.136239
-0.0200247
0.538201
-1.89313
0.910619
1.71981
2.42354
0.0196215
0.321887
0.293562
0.796952
0.0624204
-0.0967837
0.0282486
0.506823
-2.93783
0.769681
1.68962
1.07221
-0.252979
0.137259
-0.0957801
1.1431
-0.022353
-0.0691779
0.0767508
0.808851
-2.99386
1.69433
1.82091
1.68894
-0.594962
-0.390984
0.483278
1.6157
-0.102089
-0.149678
0.137288
1.04117
-2.70948
1.49077
1.88676
1.27297
-0.627162
-0.0309931
0.815619
2.09295
-0.10247
-0.228057
0.0986744
1.04641
-2.43649
1.01896
1.66165
1.37747
0.382787
-0.12127
0.378133
1.95737
0.0142111
-0.232034
0.122933
0.822562
-2.19028
0.782111
1.72224
1.64431
0.607388
-0.015384
-0.166578
1.79509
-0.283568
-0.083099
0.131585
0.600721
-2.64077
0.575045
2.08328
1.70655
-0.0143043
-0.0618211
-0.587708
1.72267
-0.384231
-0.266362
0.0181669
0.491302
-2.65936
0.589517
1.82265
2.74177
-0.39352
-0.0106813
-0.176148
1.1944
0.0834054
-0.150663
0.0313073
0.405099
-2.8268
0.406285
1.42685
2.54971
-0.399696
0.0720328
0.0101984
1.61717
0.22801
0.0914641
0.0388996
0.782905
-2.60904
0.58655
1.00026
1.4642
-0.821819
0.0434414
0.0101236
1.63549
0.425343
0.0942828
-0.00192162
1.45911
-2.3558
0.607489
1.49836
2.01544
-0.084009
0.262081
0.0598464
1.29143
0.234191
0.0975033
0.0676056
1.54726
-2.18667
0.607768
1.07437
2.08406
-0.0727415
0.239474
-0.359627
1.51133
0.138481
0.103686
0.154919
1.3339
-1.76315
0.904669
0.490488
1.5077
-0.218573
0.925725
-0.101415
1.35589
0.213816
0.0471015
0.0977045
1.49312
-1.29399
1.14975
0.979359
1.87511
-0.199835
0.85388
0.862352
1.00156
0.202259
-0.0448331
0.0663737
1.65841
-1.30913
0.771873
1.38329
2.69175
-0.5058
0.165968
0.387124
1.62299
0.32656
-0.0541238
-0.00644571
