150
0.185725
-2.44391
2.20147
1.68803
0.961931
-1.43477
0.289572
0.681715
1.13598
-0.259703
0.453692
0.151135
-0.326922
-2.0514
1.89108
0.979954
0.349512
-1.79662
0.440217
1.07058
0.72555
-0.654621
0.164896
0.0295154
-0.47344
-1.60952
2.4416
0.747019
-0.290223
-2.34451
0.496779
0.775663
0.240652
-0.537107
0.23313
-0.0341364
-0.734567
-1.69146
2.62647
1.11014
-1.77974
-2.98917
0.64997
0.738894
-0.293154
-0.398226
0.326422
-0.0248982
-0.692238
-2.34507
2.302
1.20365
-1.98669
-2.5923
0.40871
0.858242
0.316236
0.0616558
0.22909
0.083838
-0.626906
-2.29999
2.0591
0.876971
-0.730058
-1.3159
0.120133
0.999725
0.708333
-0.043189
0.145203
0.0739925
-0.646099
-2.18774
1.23076
1.71604
-0.17324
-0.517622
-0.343028
0.505087
0.432886
-0.676634
0.104191
0.103962
-0.706278
-2.43478
1.53569
1.13092
-0.744131
-1.06921
-0.0689743
-0.107715
0.0105384
-0.818834
0.151596
0.1238
-0.783928
-2.19657
1.9367
1.6494
-0.138898
-1.20442
0.352081
-0.0590177
0.0693596
-0.503276
0.195969
0.0918683
-0.884533
-1.93193
1.85876
1.79253
0.379383
-0.955485
-0.63723
0.254924
-0.208558
-0.349794
-0.0381056
0.0711143
-1.05119
-1.80885
1.76347
1.69605
0.118768
-1.90033
-1.27465
0.15572
0.0806874
-0.50993
0.0846253
0.100259
-0.799473
-2.0678
0.756626
0.828024
-0.240954
-2.30697
-1.22769
0.353408
0.105252
-0.74041
0.207904
-0.0224516
-0.753538
-2.53324
1.09716
1.15641
0.119062
-2.22213
0.0309009
1.10947
0.119693
-0.455758
0.14316
-0.0589537
-0.833398
-2.93647
2.23609
1.06408
0.00141983
-1.04043
0.402884
1.09677
0.499504
-0.222554
0.312366
0.0815016
-0.767568
-3.34465
2.2616
-0.303889
0.533722
-0.47515
0.965385
0.416641
0.375004
-0.170198
0.322108
0.137563
-0.923825
-3.14905
1.65532
-0.480656
0.29764
-0.653265
1.04314
0.00434006
0.157677
-0.117805
0.29756
0.0939898
-0.789926
-3.04839
1.08799
-0.433738
-0.136654
-1.56341
-0.280376
-0.0624461
0.0495456
-0.0155246
0.386867
0.0773764
-0.332744
-2.42648
1.00905
0.331209
-0.135755
-1.35443
-0.717877
0.425202
-0.0653445
-0.474813
0.451666
0.0842205
0.273585
-2.29155
1.83054
1.00269
-0.567688
-1.3394
0.096089
0.460049
-0.183138
-0.933976
0.200638
0.0439387
0.606931
-2.54095
1.14446
0.191896
0.28786
-0.894827
0.00763343
0.46155
-0.0793474
-0.262749
0.47229
0.0968864
1.08766
-1.91164
0.971455
0.269809
1.11879
-0.0448362
0.24494
0.696447
-0.023381
-0.160692
0.679397
0.0258448
3.03984
0.0018285
2.81568
1.65282
1.86062
0.42704
1.08041
0.57015
0.0967208
-0.135508
0.52924
0.0538005
5.46785
0.120379
0.270536
1.9249
3.61806
0.216394
0.250015
0.563407
0.636995
-0.0523261
-0.0667194
0.0875557
6.48433
-0.348146
-0.784193
1.9764
4.56129
0.0553075
-0.146166
0.55419
0.251626
-0.0823507
-0.181721
0.0728519
6.88413
-1.0743
-0.507672
2.34453
4.77734
0.557537
-0.779475
0.640347
0.177301
-0.324729
-0.33157
-0.0309399
7.46688
-1.65634
-0.170234
1.54384
4.66404
-0.218492
-1.44481
0.980155
0.500823
-0.046894
-0.390371
-0.136374
6.86488
-0.7461
-0.718415
1.39187
3.95777
-0.433067
-1.70151
1.13616
0.862301
0.111411
-0.374579
-0.163215
7.00506
-0.355684
-1.37401
1.07237
4.05527
-0.51447
-1.33877
1.01168
0.809663
0.240332
-0.391673
-0.145435
7.5094
-0.64514
-1.59935
1.7954
3.87229
-0.76088
-1.04247
0.698282
1.11629
0.196688
-0.47002
-0.137
7.61049
-0.724139
-1.3627
2.48356
3.64819
-0.810522
-0.961776
0.724448
1.15428
0.0140758
-0.558041
-0.145979
7.12825
0.0462954
-1.23943
2.98714
3.62931
-0.266506
-0.556726
0.818034
0.983102
-0.218682
-0.651303
-0.161668
6.74698
0.213517
-0.816959
3.21468
4.16752
0.635034
-0.259513
0.834439
0.58441
-0.252464
-0.576965
-0.142842
7.02158
0.0550744
-0.515941
3.24953
4.83143
0.687545
-0.352628
1.14465
0.786755
-0.123362
-0.582625
-0.152424
7.2668
0.20361
-0.0982669
2.49373
4.80455
-0.0215418
-0.941264
1.89421
1.33981
0.313097
-0.567392
-0.233148
6.42746
0.119678
-0.787846
2.16956
3.46887
-0.247533
-0.602317
1.48335
1.42341
0.591186
-0.315845
-0.171147
5.58721
-0.182665
-0.20559
1.5446
3.2579
-0.232827
0.502623
1.2569
1.39095
0.674971
-0.270986
-0.144847
5.09544
-0.081885
0.57432
0.970539
3.38624
1.35495
0.98351
0.524512
1.06469
0.114191
-0.346114
-0.036665
5.39735
0.566377
0.555645
0.209097
3.11745
2.00739
0.946354
0.439112
0.987094
-0.0527024
-0.232784
-0.004545
5.44201
1.67687
0.845761
1.40529
4.1557
1.50777
1.11902
0.770986
1.1876
0.0109907
-0.294504
-0.0306523
5.02953
1.89889
1.76092
2.39244
4.74752
1.2413
1.17497
0.781112
1.73744
0.0115006
-0.254592
0.0327354
4.77681
2.37355
1.62756
2.07139
4.06739
0.843159
1.00448
1.01122
1.96458
0.186356
-0.11041
0.0150945
4.65258
2.36418
1.50907
2.03413
4.20624
1.02694
0.450618
1.1781
1.36925
0.405453
-0.0291852
-0.0084509
4.63662
2.00927
1.42433
1.64645
4.38648
0.473097
0.462048
0.996614
1.63916
0.258853
-0.0459243
0.0356717
4.5735
1.99853
1.50686
1.56337
4.50835
1.19855
0.515803
0.439847
1.35877
-0.0627298
-0.149622
-0.0173275
4.19966
1.96237
1.33411
1.99682
4.56812
1.53987
0.314664
0.0618551
0.99347
-0.25837
-0.183765
-0.0637904
4.04481
1.87373
1.26157
1.82228
4.53804
1.16876
0.279698
-0.360027
1.10001
-0.295907
-0.28113
-0.0880315
4.05324
1.81494
1.27362
1.6296
4.30179
1.33818
0.662258
-0.495207
1.15394
-0.379308
-0.285535
-0.0593151
4.3448
1.717
1.39871
1.83479
3.66111
1.3328
1.24191
-0.758533
1.28527
-0.149048
-0.215007
-0.0254805
4.03936
1.73624
1.47688
1.90815
3.58149
0.770801
1.04707
-0.167432
1.15562
0.000114811
-0.108799
-0.00668206
3.91808
1.97754
1.50693
1.18085
4.00645
0.759222
0.670991
0.246536
1.01106
-0.00666933
-0.00174883
0.0034652
4.08962
2.15071
1.48553
1.15587
3.44183
0.781203
0.658181
-0.115309
1.34476
0.234493
-0.178845
-0.0582175
4.03481
1.97952
1.5065
1.96499
3.43228
0.733945
1.10768
-0.68203
1.24692
-0.278391
-0.143571
-0.0234672
3.34501
-0.232295
1.88868
3.23298
3.08796
0.10681
0.435294
0.779841
0.299116
-0.186257
-0.129451
0.00489016
3.16436
-2.50481
1.0001
1.69554
2.34943
-0.422587
0.867487
2.14561
0.5879
-0.145979
-0.198542
-0.0956198
3.15143
-2.08048
1.18112
1.61724
2.01246
0.120811
1.74289
2.52129
1.16446
0.0287564
-0.181484
-0.105934
4.89302
-0.766628
0.719172
0.658608
1.94988
1.11199
2.63471
1.99492
0.712155
-0.184812
-0.244168
-0.00589568
6.68627
-0.872208
-1.16428
1.46721
3.57331
1.22605
1.0782
2.444
0.528045
-0.591847
-0.341628
0.0372412
6.34386
-0.823332
-2.07619
2.46819
3.76458
1.0299
1.23279
2.19244
0.454661
-0.72869
-0.472069
0.05465
6.35175
-1.15932
-2.37823
2.47436
3.72145
1.18377
1.38432
2.0142
0.465295
-0.800374
-0.469474
0.0656531
7.43756
-2.20744
-1.68768
1.89171
3.67299
2.0372
1.02473
1.97304
0.516649
-0.863086
-0.440329
0.0611394
7.37193
-2.12577
-1.94192
1.98562
3.78177
1.93636
1.02192
2.1357
0.612647
-0.806622
-0.461611
0.0370808
6.51179
-1.63976
-2.51454
2.07634
3.99083
2.08122
0.89186
2.14198
0.416554
-0.735101
-0.440758
0.0620637
6.3251
-1.49917
-2.74848
2.17144
4.25065
1.8872
1.05846
2.01547
0.481701
-0.653156
-0.447569
0.0644193
7.30977
-2.34364
-2.44026
2.11675
4.53103
1.74448
1.27838
1.86995
0.63271
-0.657333
-0.460406
0.0647445
7.34601
-2.61485
-2.10991
2.77506
4.63608
1.27816
1.31605
1.92126
0.651459
-0.674964
-0.45381
0.0866669
7.41386
-2.60228
-2.56817
3.30446
4.25649
1.0726
1.63912
2.09864
0.728159
-0.7575
-0.426996
0.0995496
6.91225
-1.86231
-2.71863
3.39189
4.57588
1.24676
1.63258
2.09116
0.800108
-0.748662
-0.445268
0.100322
7.26187
-1.9148
-2.59258
3.16285
4.88453
1.17898
1.78265
2.12339
0.846943
-0.725661
-0.456621
0.123831
6.68366
-2.27116
-1.7321
2.53216
3.62384
1.90799
2.05894
2.47214
0.615324
-0.859832
-0.366462
0.166617
6.48913
-2.39789
-0.931563
2.38378
2.59083
2.20072
2.19933
2.40241
0.561324
-0.968879
-0.40046
0.17402
6.55836
-1.26456
-1.44615
2.59018
2.8889
1.90997
1.9823
2.56541
0.389826
-1.01232
-0.417681
0.154852
6.29616
-0.480782
-1.74475
2.531
3.81764
1.54439
2.33019
2.45938
0.216658
-0.927172
-0.350083
0.17384
6.17541
-0.361041
-1.51038
3.08493
3.90094
1.47438
2.61226
2.52166
0.169908
-0.895906
-0.234223
0.207774
6.38618
0.450655
-1.29038
3.12213
4.62766
1.54393
2.81023
2.61865
0.0851101
-0.76315
-0.263429
0.21548
5.74668
1.10562
-0.639662
2.7309
4.21005
1.55113
2.41838
2.60413
0.431354
-0.512376
-0.357324
0.159635
5.46251
1.33122
-0.0892743
2.25666
4.0107
1.65497
2.17975
2.57301
0.747151
-0.524909
-0.301236
0.162684
5.29487
1.92561
0.927741
2.16398
4.12682
1.67106
2.38034
2.18548
0.889842
-0.801297
-0.289263
0.150902
5.60658
2.31802
1.31769
1.88197
4.41361
1.07684
2.58429
1.68855
0.881722
-0.733738
-0.409616
0.12351
4.94692
2.58051
1.19411
2.19898
4.20511
0.87687
2.1606
1.90241
0.848306
-0.909359
-0.180531
0.148719
4.96115
2.50924
1.20901
1.98332
4.0752
1.13613
2.19852
1.58711
1.01845
-0.922015
-0.0348342
0.179724
5.32935
2.42733
0.88785
1.69339
4.55976
1.66795
2.23611
0.977635
1.01639
-0.578221
-0.0872348
0.152141
4.95416
2.03818
1.01754
2.31711
4.69338
1.82103
2.31292
1.77745
1.01077
-0.615828
-0.143817
0.165294
4.81433
1.87876
1.54175
2.58136
4.52285
2.02923
2.19168
1.692
1.34376
-0.700935
-0.0564079
0.189314
4.45692
1.72874
1.18382
2.41185
4.0975
2.35474
2.42741
1.67291
1.63308
-0.259232
-0.172466
0.0984641
4.62845
1.92504
0.810847
2.16124
4.37507
1.9477
2.61825
2.01043
1.63341
-0.329202
-0.246744
0.0982422
4.52811
2.0146
1.27029
2.34906
4.33361
2.2288
2.66786
1.97394
0.879299
-0.469042
0.0263607
0.18554
4.9273
1.76151
1.52277
2.18054
4.17359
1.73711
3.2114
1.9326
1.40686
-0.618881
-0.217515
0.191708
4.60876
1.96716
1.09251
1.87509
4.00799
1.93764
2.74672
2.10841
1.61784
-0.505648
-0.238903
0.10511
4.66172
1.91788
1.2862
1.94035
3.97766
1.68936
2.86688
1.96529
1.67364
-0.678011
-0.261025
0.131809
4.32319
2.04589
1.52904
2.00777
4.41297
1.97977
2.59054
2.22288
1.44992
-0.623761
-0.22094
0.122616
4.23778
2.01962
1.40227
1.68096
4.57485
1.76281
2.56652
2.30232
1.77339
-0.564728
-0.186487
0.13318
3.88566
1.97223
1.55789
1.86077
3.77314
1.69445
2.96658
2.41606
1.87464
-0.640126
-0.138132
0.143284
3.96405
2.02618
1.83315
2.083
4.16604
1.82663
2.7461
2.22216
1.37786
-0.636731
-0.0393177
0.168534
4.01024
2.42635
2.38579
2.12962
4.36917
2.21317
2.71542
2.01998
1.10237
-0.527087
-0.0816748
0.112962
4.05141
2.69592
2.30288
2.22081
4.26311
2.25052
2.87337
1.93079
1.51368
-0.577829
-0.0970388
0.0937617
4.02528
2.9053
2.64684
2.22122
4.04093
2.11341
3.22361
1.7422
1.60851
-0.760856
0.0157395
0.112153
3.86921
2.9264
2.53551
2.05994
4.07951
2.20704
3.33948
1.68703
1.65093
-0.633283
-0.046548
0.103456
3.66452
2.68636
2.35474
2.13455
4.02251
2.48372
3.47601
1.61004
1.50586
-0.467824
0.00387418
0.141403
3.38135
2.37268
1.98132
2.23732
4.20635
2.43206
3.14571
1.53259
1.33182
-0.458131
-0.000589875
0.156641
3.40689
2.19209
2.15752
1.92297
4.01327
2.4257
3.14152
1.7809
1.27892
-0.550234
-0.136305
0.153083
3.38414
2.16225
2.75757
1.73842
3.91217
2.53612
3.37376
2.1701
1.41269
-0.430521
-0.264981
0.16209
3.57637
2.15967
2.84016
1.90291
3.57443
2.18382
3.39472
1.65417
1.2605
-0.356286
-0.224712
0.136212
4.17601
2.65656
2.45772
2.06795
2.13413
0.151222
0.912331
-0.166549
0.851301
-0.232377
0.376102
0.131225
4.0908
2.4807
2.29598
2.37231
1.91825
-0.439757
0.216267
-0.443213
0.885739
-0.24895
0.325938
0.116464
3.25703
1.24416
2.43297
2.71575
2.72544
1.24243
1.46893
0.169067
1.68592
-0.085272
-0.123642
0.0723414
2.45531
0.173104
2.76059
3.57919
3.57127
1.1061
1.79336
-0.214839
1.26739
0.570285
-0.341599
0.0564687
2.25064
-0.480779
2.91674
2.93151
3.19409
0.752659
1.91985
0.442297
1.17975
0.97097
-0.371122
0.0366723
1.67169
-0.634512
2.8187
1.76515
3.13888
0.880278
1.16796
0.875517
1.87335
0.484978
0.00172954
0.0149795
1.45918
-1.2307
1.73252
1.95745
3.94092
0.643954
1.29116
0.895226
1.71702
0.181733
-0.189324
0.041814
1.57361
-1.32197
0.942052
2.35133
2.64746
0.199041
1.1568
0.312258
1.99402
0.448957
-0.321717
-0.0587573
1.31329
-1.4347
1.35305
2.11505
1.76588
-0.209071
0.37928
0.688623
1.83641
0.502311
-0.209018
-0.0896412
1.12575
-1.41853
1.81981
2.12296
2.53476
-0.276385
1.32101
1.86203
1.31849
0.336516
-0.198979
-0.0562234
1.09713
-1.29019
1.77535
1.51273
3.04493
-0.383591
1.50992
1.60526
1.67631
0.198154
-0.113517
-0.049849
1.27464
-1.64946
0.621797
0.859425
1.73697
-0.164017
0.949059
1.00631
1.38324
-0.0132095
-0.0889889
0.0153971
1.02229
-1.85389
0.6813
0.557226
1.39032
-0.0514893
0.204038
0.466192
1.6594
0.534681
-0.306744
0.0174305
0.801564
-1.7772
1.4713
1.93065
2.9726
-0.00512645
-0.122841
0.2633
1.29963
0.557338
-0.234483
-0.0182851
0.214739
-1.56389
1.08913
2.99548
4.3859
-0.978376
0.117268
0.820608
1.04273
0.317516
0.0435611
-0.0400379
-0.0131922
-1.54131
0.135611
2.54284
3.62101
-0.919867
0.58248
0.720429
1.02915
-0.328286
0.334794
-0.0275675
0.0431976
-1.65285
0.471832
1.99804
1.51406
-0.864385
0.907197
0.0573724
1.27359
-0.707799
0.243933
0.0620581
0.0833334
-1.74208
0.304937
1.88964
1.24651
-0.996986
1.04858
0.363395
1.40802
-0.274121
-0.105474
0.0883364
0.249723
-1.66912
0.590655
1.48218
2.04368
-0.479269
0.963109
0.40754
1.72462
-0.456536
-0.140475
0.0299629
0.135727
-1.85079
0.191761
1.39558
1.30991
-0.421188
0.720106
0.406127
1.54616
-0.274865
-0.0625391
0.0773712
-0.0730612
-1.73864
0.480779
0.731377
2.07201
-0.199061
0.933132
0.222343
1.42577
-0.309266
0.0861415
0.117447
0.163432
-1.01816
0.792805
0.848958
1.5135
-0.0927424
1.19736
0.000626134
1.22131
-0.012809
0.152895
0.110193
0.313664
-1.33512
-0.285549
1.21814
1.38985
-0.121511
0.975308
0.0111189
1.11231
0.215352
0.0475361
0.106118
0.45148
-1.88968
-0.332264
1.37403
2.56166
0.0522478
0.873347
-0.0988624
1.46281
0.150061
-0.0795519
0.0257513
0.213249
-1.70029
0.106789
1.10019
1.92588
0.187007
0.827218
-0.232084
1.21655
0.0787337
-0.0834742
-0.0461653
0.194599
-1.84756
0.59667
1.26893
1.14234
-0.399928
0.822978
-0.404717
0.659243
0.100556
0.0127763
0.00463737
0.411858
-2.16368
0.740026
1.13824
1.45362
0.0522983
0.684709
-0.370182
0.640735
0.393484
0.0762052
0.0018121
0.523991
-1.67455
0.180005
0.555358
1.72999
-0.488469
0.404406
0.298327
0.875348
0.628403
0.195085
-0.0031004
0.46546
-1.33703
0.397707
0.971862
1.36915
-0.832986
-0.25505
-0.000316379
1.5334
0.260352
0.120207
0.00927442
0.844459
-1.66044
0.753025
1.71052
1.63044
-1.05483
0.216487
-0.608816
1.14741
-0.366337
-0.169038
0.03849
0.728796
-2.11466
0.908261
1.29731
2.0596
-0.585878
0.463376
-0.265541
0.386945
-0.19257
-0.0621797
0.012037
0.625742
-2.19351
-0.105488
0.655276
1.53237
0.0318266
-0.0305093
-0.785258
0.375212
0.31666
0.0651396
0.0401266
1.10897
-1.91846
-0.478855
0.356448
2.02772
0.0338899
0.404142
-0.861503
0.491718
0.668156
0.144634
0.0141065
0.876651
-1.85618
0.0414853
0.96917
1.30633
0.497324
0.445143
-0.741912
0.693734
0.253072
0.178053
-0.00820864
0.797643
-1.9061
-0.111268
0.559055
0.933961
0.646269
0.195123
-0.707729
0.88313
0.419242
0.11498
0.105076
0.952325
-1.88774
-0.301342
0.454843
1.86837
-0.247424
0.219639
-0.976536
0.584658
0.56217
-0.00154401
0.120866
0.950447
-1.96784
-0.306223
0.949134
2.37486
-0.251884
0.398861
-0.344659
0.645487
0.192277
-0.0747917
0.0294596
1.18281
-1.98423
-0.734761
0.269468
2.9527
-0.307969
-0.204978
0.261093
0.540911
0.0851671
-0.156297
-0.0151524
1.09796
-1.80801
-0.557734
-0.131469
2.71351
-0.173071
-0.110289
-0.677749
0.347341
0.128076
-0.163216
0.0329123
1.1501
-1.78658
-0.352698
0.0604172
2.16248
0.538992
0.324477
-0.784027
0.21916
-0.082398
0.294306
0.0730725
1.35454
-1.86291
-0.674157
0.711206
2.51146
1.46519
-0.0508218
-0.758537
0.463757
-0.178277
0.298653
-0.00132543
1.20118
-1.35357
-0.416885
0.705803
2.86914
2.12956
0.182949
-0.541283
0.263865
0.545585
0.0782714
-0.0244493
1.08789
-1.30548
0.261722
-0.0434381
2.28914
1.44432
0.358131
0.0503614
0.406653
0.64722
-0.150981
0.0127848
1.32466
-1.47228
0.72622
-0.624183
2.14161
0.708714
0.677781
-0.0137653
0.111618
0.621433
0.0959894
-0.0507163
1.72051
-1.20598
0.752429
0.461863
2.49286
-0.0866248
0.830228
-0.0634465
0.265325
0.366987
0.0402935
-0.0207094
2.18771
-0.737024
0.801582
0.662597
1.89223
-0.462377
0.427227
-0.885598
1.17979
0.156189
-0.0462977
-0.0554935
2.37333
-0.446945
1.27217
0.224891
1.09157
-1.32613
-0.235441
-0.65957
0.994336
0.276148
0.455705
-0.00769381
2.51521
-0.0834421
1.07087
0.333911
1.46673
-1.78948
0.0729058
-0.173962
0.766933
0.445543
0.695633
0.0291279
