122
0.996004
-1.48437
2.12115
1.63632
2.34948
1.0583
0.0889977
0.349546
1.06064
0.60163
0.350873
-0.0199357
0.22226
-1.99257
1.88325
2.44926
3.99565
0.0842753
-0.0115456
0.551895
0.990484
0.186916
0.403156
0.0995516
-0.193369
-1.49415
1.53215
2.16519
3.89517
-0.838652
-0.355519
0.586815
1.37346
-0.101926
0.404745
0.0936621
-0.184969
-1.92099
1.69596
1.63709
3.12812
-0.399186
0.0500906
0.306884
1.53489
0.0737136
0.176186
0.150291
-0.412373
-2.19416
1.60145
1.8095
2.31355
-0.426562
-0.663425
0.605938
1.54466
0.174598
0.172945
0.118108
-0.300761
-1.95722
1.45524
1.83819
1.53559
-0.69573
-1.02141
0.395647
1.60675
0.153397
0.191459
0.0904033
-0.0512596
-1.57805
2.15634
1.3343
2.13928
-0.227983
-0.996007
0.440853
1.38026
-0.029888
0.0490921
0.0575915
0.178892
-1.41746
1.97933
1.40448
3.13328
-0.160468
-0.451213
0.639436
1.40919
-0.284355
0.0884629
0.016336
-0.110712
-2.07833
1.9947
1.7566
3.52759
-0.697345
0.205409
0.388337
1.03374
-0.0299508
0.123037
0.048489
0.00142282
-2.27756
1.5469
1.71924
2.17858
-1.32429
-0.0384314
0.487196
1.10618
-0.258179
0.0363757
0.0400114
-0.0205801
-2.30443
1.65032
1.78937
1.03889
-0.669946
0.176171
0.715345
1.10182
-0.323842
0.262561
0.00294792
-0.220067
-2.71009
1.31068
1.49564
0.24114
-0.437074
-0.526685
0.686011
0.644654
-0.177201
0.0741714
0.0271897
-0.1084
-2.31254
1.25519
1.48529
0.772868
-0.707643
-0.993448
0.804945
1.13634
-0.144349
0.135864
0.0614911
-0.504653
-2.51054
1.53091
1.18753
1.64565
-0.88591
-0.0730034
0.702557
1.54468
-0.463348
0.105373
0.0869631
-0.743796
-2.54216
1.72153
0.648261
0.669225
-1.34543
0.0653834
0.977096
0.892788
-0.667441
0.0795908
0.0223815
-0.822987
-2.57501
1.15567
0.0804339
-0.363166
-0.95514
-0.813503
0.354079
0.114976
-1.05957
0.0362176
0.0591898
-0.12012
-2.78884
0.840689
0.773571
0.00441667
-0.699963
-0.385824
0.148637
0.540224
-0.985907
0.0549045
0.122817
0.492722
-1.98249
1.2461
1.00839
0.52603
-0.750509
-0.252675
0.547767
0.783247
-0.877853
0.0670071
0.0475585
0.902597
-1.27957
1.38106
-0.0812155
0.462725
-1.63542
-0.866633
0.538748
0.489613
-0.831144
-0.089431
-0.0603297
1.22013
-1.00498
1.84153
0.109156
0.631927
-2.02144
-0.332786
0.852871
0.504974
-0.452099
0.117286
-0.12066
2.22306
-0.264252
2.54859
1.69538
2.35274
0.0710235
1.38162
1.10906
1.05867
0.305813
0.468758
0.00574631
5.15119
0.471935
1.1536
2.27708
2.88408
0.387871
0.574954
0.713036
0.62248
-0.189221
-0.00674754
0.0960015
6.48279
-0.300114
-0.512197
2.15979
3.08894
0.706752
-0.531294
0.211683
0.546502
0.0139603
-0.143766
-0.0162771
6.72044
-0.210338
-1.75566
1.89994
3.20575
0.626942
-0.925979
-0.251005
0.558442
0.105533
-0.177807
-0.0599107
7.01856
-0.588809
-1.94207
1.7099
2.96541
0.359547
-0.904191
-0.275388
0.675997
0.146367
-0.224147
-0.087716
7.22441
-0.69916
-1.70284
1.2479
3.21893
0.552076
-1.29169
0.0975056
0.769083
0.189259
-0.2897
-0.1415
7.14098
-0.0109629
-2.1375
1.25732
3.59274
0.660165
-1.27401
0.16643
0.672336
0.25487
-0.332542
-0.172215
6.81211
0.31885
-2.23308
1.75959
3.80315
0.936254
-0.836387
-0.0467596
0.530187
0.136219
-0.387666
-0.175724
6.94852
0.14919
-2.28137
2.76136
4.27355
1.17354
-0.191183
-0.411968
0.469883
-0.0340541
-0.379933
-0.182902
6.57865
0.134895
-1.51461
1.90418
4.24492
1.02772
0.337871
-0.553205
0.333846
0.112436
-0.286927
-0.160158
4.66906
0.537463
-0.629221
0.860057
2.99742
1.46639
0.499955
-0.257002
0.434231
-0.00666707
-0.0341294
-0.0761057
4.10158
0.519379
-0.396495
0.336638
2.23452
1.37987
0.987757
0.263425
0.56118
-0.155389
0.207277
-0.0107643
4.96968
1.03806
-0.500588
-0.466444
1.98542
2.13875
1.42138
0.349922
0.446047
0.110751
0.258976
0.0472633
5.77429
0.783131
-0.695472
-0.470437
2.97055
2.64219
1.16782
0.98439
0.491994
0.302249
0.410214
0.127799
4.99724
1.20493
-0.0679073
1.79932
5.17738
3.00392
1.16955
-0.204517
0.813724
0.229051
0.19044
0.0699351
4.86952
1.34938
0.464413
1.89308
4.59319
2.54304
0.787991
-0.0141039
1.35958
0.409989
0.163678
0.0220147
4.5947
1.19664
-0.123117
0.599755
3.41582
1.4129
0.677338
0.647166
2.56726
0.511767
0.446105
0.0624749
4.56577
1.50897
0.250907
0.832747
3.41498
1.00282
0.531368
0.57537
2.39571
0.53863
0.3169
0.0323346
4.66079
2.16384
1.43316
1.98016
3.72838
1.15955
0.788458
0.0991319
1.75409
0.131631
-0.271254
-0.0852798
4.60866
2.07722
1.57797
2.11197
3.8733
1.2531
1.32791
-0.351792
1.47904
0.00656538
-0.433034
-0.104718
4.39313
1.92755
1.50508
2.16197
4.01547
1.25163
1.36249
-0.494189
0.789253
-0.147979
-0.265511
-0.0455479
4.24086
1.85799
1.8194
1.75207
4.10434
2.04772
1.5013
-0.716387
0.749867
-0.413446
-0.0786268
0.0416202
4.05659
1.67559
2.30158
2.02536
4.42598
2.26118
1.71739
-0.738733
1.01989
-0.480586
-0.099725
0.0910887
4.06816
1.98692
2.22106
1.65345
3.97176
2.05461
1.36079
-0.897185
0.751976
-0.0494573
-0.180016
-0.00232424
4.21977
0.0346543
1.75729
2.63857
2.75577
-0.595141
0.345336
0.410604
0.420004
-0.0571352
-0.206261
-0.0352381
3.30742
-2.4491
1.80494
1.56374
2.86512
-0.145534
-0.251264
0.506958
0.143168
-0.339173
-0.198253
-0.0258991
2.96324
-2.48899
1.92637
1.34874
3.06948
0.78883
0.654089
0.59444
0.0226238
-0.238265
-0.0883515
0.0558813
4.3866
-1.48768
1.26805
0.143941
2.38327
1.86777
2.27247
1.11833
0.52538
-0.205942
-0.134224
0.106682
6.31796
-0.821061
-0.212982
0.624685
1.91844
2.30883
1.98865
1.12541
0.286957
-0.144355
-0.106944
-0.0151527
7.0173
-0.551792
-0.0306884
1.23068
2.21947
2.60198
1.7602
2.37484
-0.127918
-0.584795
0.0306982
-0.0220972
6.69016
0.644527
-0.610428
1.39621
2.43146
2.1816
2.38365
2.58996
-0.471439
-0.367633
-0.0754124
-0.0311288
6.2438
1.1279
-0.61983
1.17384
2.39971
2.16062
2.32833
2.18052
-0.271418
-0.301005
-0.267811
-0.0614556
7.00559
0.0571329
-1.11954
1.35671
2.97283
1.9604
1.88966
2.56127
0.0136162
-0.678212
-0.314063
-0.00489177
7.46936
-0.365564
-1.16654
1.10564
3.3998
2.16358
1.97445
2.65958
-0.0736353
-0.91072
-0.291062
0.0403169
7.02924
0.0862411
-2.01609
1.37767
3.29751
1.83138
2.70128
2.42403
-0.343472
-0.920906
-0.274944
0.104364
6.69396
0.520348
-2.20468
1.30023
3.15947
1.746
3.01845
2.56157
-0.557423
-0.968623
-0.296655
0.14088
6.90583
0.430271
-1.97091
1.49179
3.29366
1.49197
3.319
2.45603
-0.384728
-1.04324
-0.267662
0.157884
6.78498
0.148426
-1.11817
1.57054
3.38481
1.03126
3.27978
2.66416
-0.249206
-0.949819
-0.278529
0.143132
6.8288
0.0114266
-0.507362
1.45996
3.25038
0.676339
3.4628
2.75302
-0.0557497
-0.809046
-0.266716
0.147878
6.53399
-0.0187298
-0.545778
1.31438
3.01009
0.927832
3.84309
2.82315
-0.152759
-0.713773
-0.12491
0.16427
5.57804
0.000914424
-0.52007
1.7567
3.18196
1.12864
3.42158
2.96517
0.00927477
-0.623008
-0.0808948
0.189351
5.25015
0.408645
-0.226681
1.92103
3.1441
1.01642
3.01183
2.83328
0.470924
-0.423124
-0.138747
0.152742
5.50142
0.498547
0.231738
2.63964
3.43646
0.410725
3.22478
2.64943
0.907733
-0.44185
-0.249811
0.155855
5.36839
0.989173
0.571565
2.65633
3.35858
0.499074
2.94078
2.53059
1.09816
-0.58321
-0.242721
0.185412
5.20827
1.78992
1.11662
2.35809
2.91517
0.744342
2.46382
2.60602
1.47919
-0.749968
-0.222951
0.156025
5.00308
2.40056
1.62903
2.05139
3.35544
0.942131
1.88841
2.45557
1.21616
-0.811447
-0.0437947
0.157683
4.89189
2.6661
1.80033
1.81186
2.96122
0.969705
1.73924
2.20636
1.42417
-0.587286
0.0533118
0.112696
4.7378
2.81755
2.01382
2.21562
2.89917
0.687723
1.29902
1.61444
1.18414
-0.498821
0.249559
0.144515
4.78053
3.07221
2.19731
2.20527
3.28791
0.507099
1.36003
0.704906
0.631486
-0.872555
0.393008
0.19878
4.69151
3.45474
2.68852
1.8355
2.72194
1.16621
1.77144
0.456336
0.414953
-0.670939
0.410098
0.148115
4.55756
3.5129
2.60698
1.69672
2.53209
1.7289
2.11574
1.13292
0.324184
-0.4031
0.32777
0.103173
4.42118
3.22561
2.37374
1.55756
2.79172
2.5001
2.41011
1.50046
0.626616
-0.113703
0.191469
0.0814664
4.29354
3.1161
2.76811
1.67825
3.05184
2.70756
3.02126
1.85745
0.903151
-0.128016
0.121222
0.0844838
3.83692
2.67878
3.19021
2.05292
3.83678
2.6127
3.58204
2.04915
0.989733
-0.29876
0.189285
0.163223
3.53629
2.56279
2.75506
2.39577
3.14903
2.9107
3.60714
1.53814
0.873774
-0.0781083
0.140267
0.139262
3.47753
2.579
2.5638
1.9408
2.58691
3.00675
3.57364
1.52023
0.807771
0.0509642
0.0166786
0.10488
3.38036
2.36306
2.39259
1.59828
2.4164
2.918
3.32762
1.61996
1.13885
0.0412263
-0.112293
0.0904197
3.36082
2.0746
2.68852
1.17852
1.77309
2.41078
3.4961
1.63222
1.55661
-0.0589834
-0.144317
0.073064
3.3764
1.62973
2.31021
1.39782
2.21212
1.69673
3.63226
1.59361
1.73549
-0.119227
-0.215419
0.0972861
4.18762
1.64178
1.52517
1.71052
2.12204
0.786618
2.73144
1.13595
1.48754
-0.127101
0.243942
0.135589
4.65407
2.28263
0.989697
2.32889
1.10637
-0.0808824
0.88059
0.263618
1.16992
-0.00523102
0.552454
0.151579
4.48065
2.44741
1.21549
2.2412
1.15334
-0.334812
0.614948
0.325097
0.817834
0.175417
0.590406
0.163652
3.98237
1.71788
1.61934
1.73231
2.62088
0.978068
1.50268
0.80519
1.15063
-0.0447845
0.251277
0.100666
3.07084
0.889636
1.46838
2.06059
2.33018
1.12563
0.376106
0.552028
2.11144
0.548983
0.0446575
-0.0261515
2.4931
0.3628
1.65114
2.08733
1.03603
0.91592
0.207036
0.707313
2.23123
0.535563
0.369765
-0.0505515
2.2391
0.116819
1.54164
1.7875
1.60661
0.854753
0.376492
0.617462
2.04559
0.2893
0.506725
-0.0911982
2.08471
-0.328873
1.4573
2.15042
2.37765
1.03027
1.24074
0.545688
1.04521
0.547603
0.17701
-0.094664
1.89604
-0.492269
1.56349
1.91866
1.99686
1.06288
1.56618
0.467766
1.07311
0.555395
0.0247379
-0.0905161
1.83875
-0.935245
1.5237
1.78524
2.08061
0.982434
1.6323
-0.150911
1.63282
0.115974
-0.0573679
-0.0303556
1.96411
-0.955418
1.27636
2.09508
0.944756
0.174217
1.33157
0.574551
1.95105
-0.0680726
0.109501
-0.0395082
2.08511
-0.802635
0.945204
2.17178
0.35051
0.131678
0.61328
0.780597
2.12575
0.333254
0.137167
-0.0784263
1.98264
-0.85614
0.769255
1.80117
0.762153
0.418907
0.305889
0.493394
1.81565
0.532992
0.220978
-0.100133
1.5631
-0.900066
0.604879
1.60989
1.65797
0.241171
0.91879
0.279504
1.6149
0.0993891
0.237721
-0.0917826
1.44366
-1.0504
0.533479
1.25191
2.03772
0.149309
0.725255
0.260391
1.60154
-0.142146
0.184994
-0.0490691
1.38237
-1.64659
0.0307309
-0.00334872
1.4107
-0.0989463
0.167407
0.372277
1.69675
0.286632
0.334186
0.0475443
1.35
-1.69633
-0.514981
-0.314025
1.19574
0.517768
0.176029
0.140003
1.17958
0.341806
0.627981
0.0811802
1.24522
-1.64907
-0.908309
0.400949
0.755576
0.468767
0.577669
-0.2977
1.39648
-0.209558
0.653012
0.0444718
1.09186
-1.83504
-0.786356
0.408188
0.336025
0.291798
0.418401
-0.249762
1.95539
-0.14993
0.684692
-0.0137248
1.15884
-1.87813
-0.756615
0.355768
1.06887
-0.694827
0.495427
0.323234
1.21441
0.28012
0.626514
0.055721
1.19166
-1.75366
-0.777137
0.226386
1.66292
-0.185311
1.09173
-0.312502
0.193035
0.614191
0.511063
0.127911
1.33143
-1.59102
-0.345848
-0.0844052
2.4226
0.893639
0.966534
-0.392249
0.303085
0.279261
0.649069
0.146502
1.24187
-0.945336
-0.0339676
-0.317812
2.76115
1.40292
0.35716
-0.622672
0.439988
-0.16534
0.695609
0.165831
1.33564
-0.503282
-0.707967
-0.262358
1.82545
1.12503
0.60584
-0.46916
0.5061
-0.0431865
0.717356
0.023313
1.45374
-0.633963
-1.29324
0.381549
1.48038
0.961016
0.959641
0.13448
0.470425
-0.277681
0.688582
0.00637573
1.65619
-0.664386
-0.346305
0.954804
1.83952
1.65261
0.99111
-0.769286
0.683292
-0.481325
0.540803
0.0311676
1.78777
-0.864268
-0.308032
0.584201
2.28886
1.21481
0.90092
-1.3971
0.836425
-0.203759
0.362955
0.129
2.09723
-0.331507
-1.03382
-0.542174
1.93052
1.02653
1.10708
-1.01268
0.573605
0.119729
0.587422
0.102635
2.01211
-0.361729
-0.434658
-0.544346
2.63459
1.71386
1.42214
-0.614035
0.806437
-0.191112
0.477243
0.0570975
2.20693
-0.414605
0.0802827
-0.119509
2.24637
1.66898
1.6684
-0.189907
0.963803
-0.151324
0.400733
0.0293192
2.63271
-0.259041
0.275866
0.406245
1.6185
-0.0278084
1.52861
0.17318
1.55469
-0.0463479
0.401879
0.0160443
2.71933
-0.184228
0.923082
-0.0453697
1.9152
0.138093
1.62099
0.14382
1.27733
-0.128976
0.511651
0.0871001
2.73222
-0.0907266
0.993687
-0.312934
1.74576
0.596591
1.48203
0.591981
1.04145
0.0635956
0.690516
0.00110879
2.92762
0.105462
1.0134
0.353956
1.0136
0.904778
1.67181
0.642204
1.38199
0.090743
0.674037
0.00106735
2.93664
0.12989
1.32723
0.554095
0.882501
1.40865
2.20303
0.194594
1.41218
0.426704
0.707192
0.0192252
3.09145
0.344128
1.46025
0.473748
1.08139
1.36491
2.02125
-0.108003
1.3228
0.507927
0.793503
0.0539785
3.22223
0.441687
1.37816
0.791211
1.69056
1.48749
1.6504
-0.44487
1.29682
0.603178
0.584581
0.0529082
3.00031
0.414246
1.3238
1.22179
1.89386
1.32986
1.70905
-0.14442
1.69049
0.699328
0.420795
0.00452332
2.90677
1.04754
1.54383
0.394574
2.30826
1.10893
1.52031
0.126258
1.04251
0.639927
0.741956
0.0544323
2.9191
1.52717
1.55356
0.579251
2.67944
0.808446
1.12923
-0.329049
1.48342
0.570197
0.722073
0.0628121
2.48861
1.2894
1.81871
0.563237
2.86433
0.971993
1.38658
-0.0679003
1.69689
0.605946
0.621123
0.0313228
2.46043
1.0843
2.06952
0.908192
2.88937
0.544985
1.27091
0.504286
1.24837
0.50455
0.746951
0.0329422
2.44747
1.13256
1.75028
0.870478
2.72344
0.709733
1.59201
0.224717
1.20235
0.555826
0.972242
0.0337376
