78
135
91
91
87
80
84
70
67
73
63
89
119
94
88
75
81
137
90
102
93
79
85
61
80
68
77
68
75
64
45
27
23
-13
-87
-122
-223
-204
-178
-159
-147
-98
-51
-91
-69
-79
-83
-96
-125
-101
-147
-179
-133
-172
-165
-177
-185
-187
-205
-225
-242
-242
-267
-281
-244
-225
-275
-259
-211
-158
-146
-232
-347
-342
-295
-278
-275
-286
-282
-286
-277
-239
-284
-288
-287
-297
-287
-294
-263
-265
-266
-263
-256
-260
-257
-263
-261
-221
-260
-241
-246
-267
-254
-250
-243
-259
-241
-238
-205
-65
-63
-59
-71
-48
-62
-81
-74
-78
-61
-54
-63
-75
-34
-52
-59
-48
-31
-45
-39
7
-45
-43
-32
-23
-23
-5
-1
4
6
-3
-6
-5
9
29
45
62
27
37
61
61
75
89
98
72
85
54
50
41
34
34
35
70
20
28
26
16
9
8
8
3
24
-17
-41
-30
-13
-28
-49
-21
-66
-73
-71
-72
-74
-88
-93
-88
-93
-107
-110
-128
-111
-108
-91
-56
-104
-121
-118
-123
-153
-175
-178
-177
-174
-191
-173
-152
-146
-154
-146
-124
-159
-140
-157
-147
-133
-137
-116
-131
-121
-125
-104
-96
-77
-91
-89
-20
-57
-45
-30
-43
-11
8
44
65
60
75
105
115
151
158
186
234
198
218
247
263
313
344
388
389
426
443
459
452
552
712
693
727
677
677
697
695
674
669
644
618
577
521
501
487
478
466
442
294
347
372
383
366
338
325
294
195
43
40
119
142
58
-22
-54
-41
-94
-122
-141
-185
-189
-237
-295
-337
-374
-406
-427
-467
-469
-451
-439
-410
-476
-540
-522
-528
-547
-589
-607
-626
-620
-598
-604
-558
-520
-515
-440
-316
-288
-225
-168
-96
-24
37
129
222
327
423
541
599
654
729
808
902
926
975
1022
1048
1084
1102
1137
1160
1187
1189
1186
1179
1174
1140
1119
1074
945
882
760
714
692
674
642
581
607
532
453
397
317
243
162
106
-9
-89
-111
-200
-273
-352
-447
-512
-610
-688
-773
-863
-949
-1056
-1104
-1144
-1279
-1321
-1338
-1350
-1378
-1528
-1700
-1761
-1756
-1778
-1831
-1868
-1883
-1907
-1896
-1824
-1841
-1840
-1834
-1817
-1734
-1619
-1449
-1278
-1153
-1059
-973
-873
-692
-531
-360
-150
-40
111
207
288
429
569
725
783
804
830
870
1050
1140
1162
1143
1134
1058
992
971
946
940
910
868
746
689
627
603
581
560
483
396
412
344
363
370
369
366
362
336
317
326
315
340
331
329
340
346
394
383
384
398
340
328
321
297
289
281
227
167
90
27
-24
-72
-98
-220
-313
-416
-536
-634
-721
-811
-917
-1031
-1147
-1294
-1360
-1425
-1509
-1571
-1632
-1719
-1782
-1817
-1831
-1826
-1822
-1801
-1800
-1769
-1707
-1606
-1448
-1264
-1114
-964
-810
-713
-552
-374
-187
6
156
340
455
556
669
828
1003
1100
1142
1155
1207
1216
1271
1286
1294
1274
1205
1181
1084
1067
1028
1008
969
898
800
731
731
660
629
600
554
499
492
497
506
522
511
520
501
490
486
504
557
534
544
564
560
594
620
653
647
634
600
563
530
559
710
694
651
546
467
407
331
257
155
56
-70
-204
-375
-479
-592
-669
-785
-870
-1123
-1237
-1232
-1334
-1363
-1449
-1498
-1535
-1664
-1833
-1837
-1728
-1665
-1660
-1660
-1626
-1467
-1306
-1124
-929
-795
-658
-514
-321
-158
5
193
400
588
750
880
1038
1227
1356
1414
1424
1488
1463
1486
1502
1491
1501
1476
1441
1407
1346
1294
1247
1247
1140
1067
984
897
865
822
795
764
693
642
631
636
623
610
609
635
600
589
600
564
610
622
620
620
614
610
621
628
609
559
527
502
378
323
179
112
89
25
-41
-109
-138
-240
-330
-425
-554
-694
-838
-943
-1088
-1223
-1310
-1478
-1606
-1731
-1878
-1966
-2061
-2135
-2239
-2304
-2370
-2466
-2430
-2392
-2434
-2398
-2340
-2232
-2116
-2029
-1948
-1801
-1566
-1387
-1242
-1022
-835
-647
-427
-154
54
236
370
507
676
862
1035
1135
1186
1199
1238
1263
1307
1334
1326
1325
1244
1205
1131
1067
1056
1004
932
823
741
664
593
681
735
685
632
582
557
531
524
513
513
513
520
479
506
518
532
568
574
565
511
537
496
490
494
457
423
392
373
330
290
221
146
39
-43
-143
-233
-299
-410
-485
-605
-745
-860
-968
-1082
-1218
-1336
-1466
-1597
-1739
-1850
-1950
-2032
-2057
-2142
-2159
-2201
-2238
-2253
-2256
-2225
-2218
-2154
-2075
-1965
-1772
-1531
-1333
-1163
-980
-815
-586
-371
-185
33
270
502
629
782
964
1161
1315
1437
1520
1542
1587
1568
1597
1624
1602
1553
1487
1452
1392
1326
1266
1229
1195
1114
1022
912
863
795
806
794
750
737
691
718
689
687
672
685
671
687
684
690
749
727
752
745
729
691
710
695
734
1067
915
563
458
456
434
421
435
317
200
49
-154
-370
-547
-631
-748
-913
-1063
-1179
-1274
-1422
-1455
-1607
-1800
-1984
-2097
-2166
-2222
-2287
-2307
-2269
-2312
-2403
-2531
-2416
-2219
-2026
-1898
-1552
-1210
-1010
-780
-853
-679
-177
478
960
1040
924
1001
1291
1522
1660
1845
2158
2397
2370
2219
2056
2017
2138
2292
2317
2094
1805
1679
1668
1570
1371
1221
1218
1261
1114
927
789
755
651
610
621
591
585
604
674
680
616
660
873
1037
992
896
877
974
1025
1054
1116
1177
1113
1002
975
966
896
817
785
754
546
315
227
168
47
-168
-352
-452
-628
-873
-1041
-1167
-1299
-1551
-1812
-1917
-2112
-2219
-2429
-2691
-2798
-2911
-2930
-2916
-2886
-2876
-2843
-2787
-2891
-3042
-2921
-2579
-2324
-2231
-2082
-1581
-1158
-1109
-1396
-1352
-447
573
995
708
326
508
980
1408
1631
1893
2207
2134
1797
1584
1566
1816
2008
1956
1718
1303
1016
946
950
864
593
532
574
402
13
-281
-202
-87
-58
-40
100
161
-71
-246
-162
165
449
612
737
641
421
388
649
1024
1139
1095
1103
1154
1070
912
1009
1258
1236
965
750
640
515
285
140
101
57
-119
-384
-636
-945
-1212
-1318
-1262
-1432
-1762
-2016
-2123
-2304
-2560
-2736
-2702
-2570
-2730
-2976
-3166
-3214
-3118
-3002
-2854
-2813
-2898
-2844
-2733
-2518
-2243
-1859
-1267
-899
-1118
-1457
-1166
12
1083
1103
575
404
1066
1664
1715
1731
2127
2516
2270
1802
1789
2218
2421
2098
1749
1743
1822
1614
1241
948
849
873
948
903
535
152
37
209
317
272
378
561
467
80
6
513
1007
990
735
760
971
1006
937
1087
1358
1437
1355
1288
1331
1185
1098
1172
1253
1173
881
732
608
406
150
113
145
-30
-426
-743
-783
-991
-1294
-1472
-1545
-1642
-1924
-2224
-2373
-2460
-2543
-2561
-2673
-2879
-3122
-3175
-3066
-3049
-3088
-3018
-2842
-2829
-3034
-3037
-2639
-1994
-1489
-1168
-1049
-1280
-1336
-743
671
1744
1512
751
792
1724
2307
2157
2240
2904
3142
2602
2035
2402
2934
2823
2229
2111
2609
2516
1894
1364
1322
1490
1568
1476
1201
737
344
384
703
837
840
889
871
547
299
701
1411
1549
1106
984
1364
1584
1322
1204
1618
2006
1917
1548
1533
1627
1528
1268
1324
1516
1337
862
505
389
362
326
225
-12
-390
-790
-975
-1056
-1235
-1442
-1582
-1715
-2014
-2379
-2583
-2614
-2625
-2729
-2845
-2992
-3189
-3399
-3410
-3307
-3190
-3044
-3053
-3118
-3233
-3160
-2703
-1928
-1192
-1129
-1768
-2112
-1203
403
1268
589
-190
405
1535
1865
1500
1840
2743
2813
2020
1766
2573
3105
2393
1457
1682
2461
2334
1309
670
798
1045
987
792
563
134
-265
-283
23
242
111
4
-146
-365
-204
404
736
378
-22
305
939
1014
616
555
1056
1353
1082
938
1132
1196
876
647
898
1174
923
356
92
135
178
29
-241
-441
-784
-1030
-1152
-1281
-1415
-1782
-2170
-2344
-2343
-2282
-2583
-3068
-3318
-3325
-2986
-2918
-3379
-3853
-4008
-3756
-3421
-3268
-3277
-3446
-3547
-3370
-2592
-1490
-1018
-1660
-2459
-1724
191
1420
1005
74
398
1547
2033
1867
2159
2907
2956
2070
1780
2678
3386
2827
1663
1638
2421
2509
1722
954
886
1083
1097
1015
809
392
-72
-192
49
374
464
361
26
-363
-214
551
1118
841
391
583
1235
1344
992
992
1465
1796
1469
1260
1498
1637
1317
968
1155
1551
1390
781
358
330
489
318
7
-207
-489
-727
-1005
-1197
-1284
-1550
-1918
-2234
-2375
-2325
-2527
-3018
-3374
-3517
-3289
-3170
-3497
-3772
-3974
-3956
-3735
-3698
-3500
-3398
-3359
-3122
-2496
-1583
-1292
-1936
-2239
-1039
876
1644
791
104
868
2072
2328
2141
2674
3401
3132
2080
2055
3146
3646
2859
1809
2005
2639
2315
1405
882
1071
1336
1089
884
662
240
-152
-118
355
796
823
573
101
-169
304
1050
1448
1106
819
1173
1664
1550
1282
1487
2112
2216
1728
1766
2029
2049
1628
1430
1841
2187
1672
788
489
773
979
650
160
-29
-228
-542
-935
-1101
-991
-1084
-1577
-2045
-2294
-2292
-2497
-2899
-3134
-3127
-3094
-3282
-3667
-3804
-3678
-3553
-3587
-3680
-3595
-3522
-3389
-2957
-2014
-1276
-1362
-2061
-1961
-430
1220
1576
920
694
1471
2288
2359
2461
3053
3539
3129
2378
2518
3309
3413
2632
1944
2192
2623
2124
1202
739
873
1047
899
648
364
-50
-411
-403
-58
382
352
10
-440
-635
-49
675
960
701
646
1051
1300
1178
1120
1523
1981
1912
1508
1476
1711
1636
1195
1079
1435
1553
1020
253
4
164
166
-273
-658
-789
-1047
-1469
-1886
-1955
-1881
-2111
-2664
-3107
-3217
-3347
-3678
-3857
-3907
-4002
-4247
-4533
-4515
-4427
-4412
-4430
-4293
-4110
-4076
-4123
-3493
-2323
-1495
-1725
-2505
-2194
-543
1086
1322
822
865
1623
2085
2122
2523
3373
3694
3028
2323
2676
3502
3388
2627
2144
2319
2452
1931
1150
701
625
680
627
450
138
-398
-780
-810
-457
-11
235
-42
-549
-731
-211
601
960
854
761
1075
1266
1179
1158
1631
2160
2110
1752
1642
1921
1941
1528
1338
1668
1855
1414
702
404
483
371
-37
-366
-429
-528
-1096
-1761
-2001
-1948
-1990
-2370
-2748
-3031
-3306
-3700
-4012
-4058
-3957
-4030
-4397
-4542
-4623
-4518
-4483
-4345
-4048
-3829
-3748
-3361
-2298
-1333
-1307
-2123
-1904
-62
1847
2111
1252
1166
2229
2911
2817
3043
3986
4456
3550
2526
2834
3860
3933
2993
2244
2409
2516
1971
1202
767
805
778
547
258
-16
-371
-684
-845
-620
-105
265
145
-433
-779
-309
580
1142
1152
1030
1156
1303
1248
1375
1923
2478
2404
1821
1637
1952
2223
1880
1425
1572
1925
1655
902
398
531
635
112
-378
-322
-76
-593
-1587
-1955
-1588
-1473
-2008
-2808
-3048
-2961
-3404
-3949
-4057
-3770
-3700
-4395
-4895
-4714
-4302
-4016
-4277
-4178
-3589
-3068
-2412
-1596
-1178
-1499
-1729
-635
1412
2564
2246
1732
2204
3170
3426
3560
4331
5113
4710
3513
3179
3894
4333
3692
2826
2737
2875
2438
1588
1045
1017
875
570
503
381
-73
-734
-971
-563
-105
191
282
31
-254
-333
288
1187
1477
1292
1107
1313
1663
1700
1769
2068
2288
2211
1857
1834
2043
1968
1541
1197
1331
1559
1220
524
54
60
-14
-545
-709
-744
-967
-1744
-2437
-2601
-2388
-2576
-3232
-3835
-3937
-4034
-4570
-4795
-4891
-4569
-4794
-5099
-5348
-5099
-4762
-4619
-4846
-4387
-3006
-1633
-1269
-2393
-2931
-1562
840
2187
1931
1541
2141
2616
2430
2443
3665
5190
4921
3320
2457
3117
3760
3196
2147
2036
2460
2149
976
61
71
189
-23
-398
-315
-212
-638
-1385
-1734
-1136
-114
509
245
-429
-592
4
674
1001
1233
1590
1763
1394
1070
1368
2060
2311
1880
1517
1737
2077
1789
1099
799
1077
1230
870
296
42
32
-497
-1215
-1353
-897
-766
-1518
-2470
-2756
-2749
-2922
-3234
-3392
-3331
-3719
-4619
-5234
-5192
-4763
-4517
-4877
-5241
-5172
-4869
-4422
-4270
-3936
-2924
-1833
-1282
-1579
-1673
-479
1247
1994
1952
1977
3035
3906
3471
3007
3622
4709
4887
3942
3357
3672
3763
3023
1976
1805
2359
2204
1137
152
-107
-17
-230
-489
-467
-351
-560
-954
-1092
-771
-82
352
463
333
498
1051
1398
1389
1421
1854
2410
2549
2219
2117
2190
2239
2010
1766
1950
2122
1818
1106
471
518
786
621
27
-380
-405
-613
-1264
-1747
-1636
-1378
-1541
-2172
-2617
-2652
-2886
-3262
-3746
-3717
-3709
-4034
-4440
-4871
-4698
-4756
-4951
-5391
-5026
-4444
-3837
-3919
-3439
-2219
-1313
-1389
-2136
-1438
582
2265
2467
2103
2417
3354
3468
3173
3600
4762
5392
4654
3584
3371
3742
3705
2912
2177
2151
2129
1640
763
91
-143
-176
-257
-372
-390
-264
-342
-509
-569
-258
589
1286
1403
1281
1463
1947
2067
2014
2228
2887
3386
3118
2639
2461
2674
2688
2279
1976
2165
2265
1797
870
277
301
253
-40
-373
-481
-532
-1115
-1849
-2151
-1936
-1678
-1884
-2432
-2862
-3136
-3318
-3542
-3795
-3815
-3990
-4381
-4822
-5124
-4833
-4732
-4731
-4718
-4403
-4186
-3633
-2314
-898
-692
-1673
-2018
-442
1950
2940
2766
2842
3625
3696
2904
2960
4388
5594
5120
3588
2886
3301
3404
2589
1596
1372
1404
895
138
-390
-704
-951
-1457
-1644
-1342
-867
-520
-604
-882
-920
-484
353
1005
1254
1433
1872
2259
2278
2161
2415
2977
3205
2933
2574
2642
2749
2290
1454
1044
1309
1445
964
231
-152
-389
-984
-1733
-2029
-1622
-1515
-2105
-2993
-3147
-2861
-2743
-3146
-3544
-3668
-3612
-3886
-4248
-4257
-3928
-4014
-4725
-5473
-5677
-5178
-4715
-4369
-4336
-4098
-4121
-3900
-2867
-1245
-319
-783
-1194
-325
1416
2526
2909
3173
3798
3943
3321
3125
3978
4966
4747
3550
2703
2657
2685
2259
1473
940
586
69
-478
-761
-917
-1122
-1426
-1660
-1656
-1462
-1038
-589
-286
-153
40
615
1344
1831
2148
2487
2820
3060
3076
3172
3543
3865
3621
3017
2711
2805
2736
2200
1523
1186
1104
717
-42
-500
-612
-874
-1580
-2167
-2176
-2032
-2265
-2899
-3316
-3305
-3229
-3506
-3729
-3558
-3471
-3560
-3948
-4162
-4439
-4729
-5082
-5158
-4916
-4420
-4046
-4066
-4199
-4211
-3803
-2589
-1038
-38
-213
-602
36
1460
2618
2973
3198
3890
4470
4119
3691
4065
4864
4861
3711
2723
2741
3031
2744
1673
690
229
-233
-830
-1218
-1251
-1109
-1286
-1755
-2028
-1939
-1412
-785
-352
-68
263
964
1707
2033
2249
2656
3091
3414
3603
3800
4207
4389
4034
3365
2992
3023
2968
2632
2051
1548
1264
903
152
-497
-685
-704
-1160
-1753
-1982
-1947
-2075
-2499
-3119
-3303
-3059
-2945
-3197
-3429
-3468
-3364
-3506
-3815
-4338
-4529
-4469
-4672
-4849
-4439
-3983
-3744
-3785
-3774
-3667
-2744
-1122
167
443
26
192
1303
2819
3566
3753
4303
5068
5082
4445
4260
4826
5300
4706
3451
2853
3159
3260
2339
1095
296
-43
-569
-1149
-1438
-1330
-1251
-1602
-2061
-2119
-1633
-1029
-516
-123
125
736
1690
2405
2732
3011
3293
3531
3771
3991
4328
4770
4860
4291
3503
3198
3104
2917
2390
1725
1268
1048
563
-233
-808
-1083
-1435
-2015
-2496
-2590
-2504
-2629
-3194
-3722
-3717
-3672
-3861
-4135
-4167
-3950
-3878
-4190
-4565
-4958
-5170
-5462
-5670
-5405
-4949
-4597
-4603
-4413
-3975
-2827
-1468
-525
-647
-862
-253
1250
2564
3174
3419
4031
4636
4509
4024
4090
4805
5013
4135
2895
2498
2817
2763
1690
300
-495
-864
-1291
-1843
-2083
-1959
-1861
-2079
-2588
-2839
-2332
-1258
-524
-387
-209
535
1511
2097
2240
2483
3003
3491
3542
3609
4030
4530
4504
3879
3111
2739
2757
2716
2128
1415
1135
872
269
-564
-1177
-1454
-1713
-2207
-2722
-2908
-2760
-2795
-3189
-3631
-3794
-3831
-3736
-3873
-4029
-3989
-4041
-4286
-4790
-4935
-5143
-5259
-5456
-5262
-4906
-4491
-4150
-3929
-3415
-2378
-1008
-207
-313
-385
402
2032
3201
3533
3703
4482
5151
4998
4480
4463
4930
4900
4122
3148
2845
3052
2815
1758
513
-264
-659
-1052
-1615
-1966
-1900
-1750
-1807
-2122
-2180
-1711
-857
-268
-125
106
1025
2099
2677
2725
2864
3366
3883
3957
3901
4117
4570
4607
4050
3321
2919
2846
2544
1749
1003
803
723
205
-647
-1283
-1492
-1728
-2202
-2701
-2965
-2934
-2937
-3212
-3409
-3521
-3450
-3352
-3428
-3785
-4043
-4188
-4247
-4593
-4845
-5024
-5077
-4969
-4931
-4820
-4504
-3846
-3222
-2331
-1284
-417
-387
-500
91
1443
2814
3344
3518
4162
5081
5351
4960
4734
4925
4915
4267
3501
3299
3706
3686
2794
1608
661
62
-466
-992
-1410
-1605
-1494
-1302
-1312
-1442
-1268
-713
-292
-84
-40
646
1897
2780
3131
3167
3544
4115
4312
4050
3924
4149
4517
4532
3986
3506
3376
3173
2414
1398
843
758
586
-26
-789
-1222
-1312
-1587
-2102
-2634
-2849
-2924
-2987
-3097
-3071
-2806
-2395
-2348
-3016
-3828
-4291
-4163
-4150
-4360
-4742
-4703
-4419
-4084
-4208
-4285
-3915
-3408
-2801
-2128
-1183
-342
242
610
1161
2068
2838
3306
3660
4244
4642
4815
4925
5067
5071
4702
4088
3506
3182
2890
2409
1791
1183
550
-121
-684
-1260
-1648
-1921
-2135
-2156
-2107
-1891
-1402
-739
-189
108
394
900
1492
2034
2424
2804
3345
3745
3945
3973
3934
3962
3865
3501
2954
2584
2365
2092
1554
861
314
-181
-713
-1345
-1804
-2018
-2167
-2489
-2950
-3279
-3387
-3401
-3461
-3691
-3707
-3511
-3242
-3237
-3612
-3937
-4293
-4215
-4393
-4492
-4818
-4948
-4860
-4611
-4325
-4142
-3692
-2974
-1840
-1153
-848
-888
-531
379
1442
2138
2447
2975
3793
4435
4505
4421
4550
4612
4410
3715
3294
3277
3323
2932
2102
1238
578
97
-398
-952
-1583
-1885
-1825
-1606
-1555
-1645
-1382
-848
-389
-292
-204
303
1219
1997
2326
2589
3099
3715
4046
3993
3816
3807
4060
4011
3563
3081
2932
2763
2236
1360
636
271
-105
-764
-1448
-1833
-1887
-2031
-2423
-2972
-3292
-3298
-3277
-3282
-3350
-3198
-3049
-3012
-3518
-3756
-3809
-3713
-3740
-4101
-4520
-4677
-4466
-4381
-4272
-4101
-3569
-2878
-1924
-1317
-976
-683
-272
354
1189
1910
2350
2772
3410
4123
4574
4666
4594
4578
4499
4077
3538
3309
3306
3095
2462
1641
1059
754
236
-449
-969
-1293
-1437
-1582
-1603
-1492
-1171
-906
-684
-416
-100
311
832
1397
1803
2267
2742
3344
3873
4092
4062
4004
4013
3855
3648
3434
3213
2867
2404
1784
1170
773
275
-396
-1017
-1457
-1822
-2068
-2314
-2654
-2889
-2798
-2729
-3038
-3165
-3123
-2928
-3046
-3473
-3677
-3625
-3534
-3565
-3761
-4071
-4274
-4382
-4539
-4282
-3754
-3078
-2437
-1593
-952
-341
24
293
690
1267
1939
2470
3022
3750
4540
5067
5131
5005
4873
4747
4382
4010
3765
3553
3270
2828
2358
1793
1244
597
-6
-479
-885
-1232
-1316
-1201
-982
-818
-825
-734
-510
-193
133
531
985
1519
2101
2687
3146
3545
3816
3951
3933
3812
3699
3650
3556
3322
2942
2544
2154
1624
992
290
-352
-821
-1256
-1596
-1838
-2118
-2371
-2642
-2862
-3100
-3337
-3465
-3635
-3628
-3614
-3701
-3908
-3889
-4079
-4360
-4461
-4612
-4741
-4741
-4783
-4456
-3860
-3209
-2642
-1896
-1189
-641
-457
-356
-86
761
1781
2316
2631
3055
3732
4285
4436
4221
3937
3820
3564
3292
3072
2946
2676
2220
1695
1146
578
-41
-523
-890
-1300
-1780
-1991
-1796
-1450
-1317
-1471
-1464
-1247
-899
-553
-160
335
868
1369
1805
2251
2697
3014
3156
3213
3231
3187
3215
3231
3084
2780
2352
1948
1566
1125
542
-47
-668
-1069
-1217
-1413
-1593
-2073
-2388
-2563
-2695
-2968
-3301
-3570
-3856
-3972
-3917
-3767
-3726
-3719
-3904
-4104
-4389
-4556
-4609
-4528
-4469
-4188
-3634
-2944
-2168
-1346
-735
-439
-424
-294
234
1240
2083
2487
2768
3331
4010
4486
4641
4446
4106
3831
3599
3447
3359
3248
2895
2420
1920
1308
794
387
-42
-554
-1078
-1364
-1257
-884
-683
-789
-1103
-1217
-1048
-700
-341
-124
211
693
1256
1865
2361
2655
2778
2782
2796
2895
3116
3266
3215
3030
2800
2467
2149
1761
1269
747
184
-284
-725
-914
-1230
-1636
-2035
-2379
-2619
-2755
-2925
-3219
-3470
-3722
-3912
-3965
-4024
-4195
-4339
-4593
-4613
-4605
-4688
-4644
-4280
-3741
-3205
-2790
-2194
-1423
-744
-395
-319
-34
720
1651
2350
2706
3064
3586
4103
4456
4589
4447
4178
3929
3783
3746
3634
3390
2965
2521
2069
1623
1134
706
188
-232
-440
-593
-483
-500
-640
-823
-949
-960
-848
-613
-318
-45
275
679
1196
1740
2178
2299
2231
2491
2758
3041
3270
3305
3252
3100
2827
2500
2274
2033
1680
1109
625
353
-105
-494
-645
-987
-1455
-1860
-2119
-2443
-2919
-3139
-3420
-3726
-3859
-3856
-3895
-3956
-4277
-4464
-4544
-4487
-4334
-4170
-3777
-3344
-2816
-2147
-1427
-805
-509
-477
-318
363
1441
2142
2481
2793
3233
3686
4119
4446
4393
4138
3861
3740
3769
3868
3712
3218
2732
2312
1921
1506
1165
670
31
-459
-657
-534
-426
-516
-839
-1134
-1312
-1384
-1298
-1042
-944
-874
-546
-58
517
938
1174
1296
1367
1549
1826
2206
2491
2400
2276
2241
2227
2147
1728
1213
759
339
55
-74
-338
-578
-1248
-1593
-1877
-2337
-2428
-2808
-3309
-3554
-3694
-3814
-3985
-4308
-4432
-4693
-4780
-4856
-4756
-4692
-4534
-4337
-3806
-3274
-2663
-2057
-1592
-1297
-1182
-843
-221
594
1212
1642
2027
2522
3097
3518
3767
3756
3552
3376
3382
3553
3667
3571
3254
2892
2498
2299
2234
1878
1325
645
280
272
365
283
-64
-524
-873
-1042
-1085
-1009
-1052
-1090
-1053
-827
-342
-21
170
204
192
361
585
915
1149
1331
1434
1413
1529
1601
1586
1363
1184
928
686
404
243
188
-83
-499
-613
-1192
-1499
-1559
-1927
-2463
-2729
-2875
-3160
-3577
-3673
-3626
-3988
-4197
-4282
-4171
-4034
-3886
-3581
-3107
-2771
-2334
-1879
-1380
-1109
-865
-463
-12
519
1140
1729
2121
2509
2841
3128
3394
3514
3481
3355
3425
3561
3572
3542
3402
3110
2802
2553
2341
2125
1826
1426
1088
957
933
760
401
8
-341
-526
-596
-663
-819
-863
-849
-816
-635
-521
-492
-524
-339
-352
31
327
661
771
790
877
857
1200
1051
1155
784
727
562
359
340
258
-103
-228
-684
-880
-696
-1365
-1728
-1946
-2068
-2305
-2782
-2873
-2810
-3105
-3277
-3473
-3421
-3267
-3323
-3112
-2985
-2641
-2099
-1586
-1366
-1203
-1032
-731
-286
250
780
1124
1500
1994
2438
2639
2998
3195
3234
3209
3285
3486
3578
3529
3358
3260
3181
3073
2950
2732
2350
2047
1854
1802
1883
1811
1483
990
556
275
141
-22
-306
-515
-620
-411
-279
-296
-323
-226
-313
-141
142
246
52
256
522
539
715
784
724
697
686
612
666
456
651
169
5
342
216
26
-585
-814
-915
-1255
-1335
-1412
-1619
-2030
-2318
-2224
-2457
-2750
-2887
-2785
-3044
-3305
-3147
-2929
-2826
-2536
-2053
-1828
-1785
-1621
-1383
-1274
-1132
-613
-158
187
568
1044
1519
1710
1874
1999
1996
2036
2122
2364
2433
2453
2529
2480
2400
2297
2145
1885
1674
1511
1445
1377
1322
1246
958
667
395
137
-105
-388
-532
-669
-730
-717
-641
-547
-395
-629
-543
-461
-430
-311
-521
-124
-169
268
-45
169
510
-22
163
424
623
247
167
141
45
151
-229
-236
-487
-684
-1408
-1460
-897
-1394
-1508
-1931
-1825
-1830
-2287
-2168
-2312
-2683
-2836
-2430
-2456
-2964
-2843
-2368
-2012
-1987
-1756
-1631
-1537
-1212
-894
-601
-629
-315
95
521
873
1066
1261
1284
1511
1707
1791
1731
1763
1937
1977
2131
2108
2065
1868
1773
1750
1712
1676
1464
1387
1393
1461
1307
1024
693
381
247
70
108
-86
-323
72
515
521
7
-232
23
404
500
297
364
255
481
516
465
812
652
457
283
509
752
514
470
370
371
234
170
149
-175
-305
-701
-777
-740
-496
-1060
-1220
-1283
-1508
-1637
-1706
-1890
-2089
-2147
-2039
-1934
-1954
-1912
-2050
-2049
-1970
-1734
-1602
-1438
-1283
-1120
-948
-800
-564
-499
-436
-287
-70
197
431
592
685
800
919
1050
1066
1030
1112
1202
1348
1411
1457
1454
1382
1375
1387
1377
1300
1195
1096
1106
1234
1246
1025
730
570
516
606
1173
1314
980
868
855
1188
1673
1465
1114
866
673
789
1626
1911
1071
782
878
1297
1094
1031
755
556
692
1070
945
632
252
-62
63
152
143
-407
-456
-644
-257
-481
-513
-806
-1064
-974
-883
-899
-1093
-1242
-1333
-1192
-1045
-1092
-1141
-1201
-1326
-1165
-1149
-1071
-1098
-1057
-861
-792
-762
-801
-731
-855
-885
-769
-578
-495
-388
-132
-34
33
121
325
392
319
353
436
707
994
1097
1066
1057
1049
1103
1186
1214
1082
855
841
1074
1368
1420
1265
1065
1016
1100
1344
1197
1175
637
1085
1374
1241
1523
784
1060
1099
1352
1046
986
1043
896
1087
1038
1128
669
39
111
223
241
87
20
-83
-488
-303
-552
-330
-856
-922
-1242
-1142
-1126
-900
-764
-1375
-1438
-1165
-805
-1099
-1578
-1439
-1512
-1215
-747
-1115
-1651
-1513
-1026
-1290
-1613
-1710
-1792
-1743
-1623
-1439
-1694
-1640
-1547
-1609
-1717
-1878
-1723
-1657
-1437
-1294
-1173
-1016
-876
-597
-542
-403
-438
-361
-151
155
563
659
792
833
921
875
786
931
912
921
928
1282
1290
1721
1646
1253
1063
1163
1486
1756
1423
1224
1622
1861
2340
1727
844
1194
1498
1649
1534
895
823
933
1084
1178
536
307
85
324
356
194
-276
-185
249
-367
-684
-336
-73
-393
-390
-249
-759
-660
-146
-145
-419
-565
-349
-519
-214
-448
-813
-553
-234
-661
-917
-912
-921
-897
-1076
-1436
-1832
-1787
-1361
-1421
-2032
-2075
-1716
-1611
-1646
-1705
-1931
-2001
-1515
-1335
-1495
-1344
-954
-724
-659
-410
-302
-230
36
162
181
284
633
816
1017
932
812
875
1207
1413
1261
1202
1116
1571
1996
2134
1888
1620
1874
1997
1744
1850
1526
1497
1837
1865
1813
1780
1402
1205
771
1337
1049
891
709
985
55
321
693
501
-424
-383
334
212
221
-206
-131
158
118
636
-168
47
580
538
213
-322
455
202
639
132
-753
92
-256
-404
-427
-439
-684
-1111
-688
-861
-1250
-1447
-1469
-1303
-1543
-1439
-1829
-2230
-1999
-1438
-1491
-2038
-1761
-1496
-1350
-1492
-1569
-1439
-1109
-509
-638
-653
-415
-184
98
208
342
164
576
988
1106
1092
1154
1580
1555
1650
1422
1522
2006
1917
1685
1657
1902
1784
2151
2230
1750
1308
1464
1878
1791
1508
1352
1161
1455
1634
1288
528
831
1082
1243
436
445
1018
381
398
126
847
786
33
-21
187
558
360
0
149
253
51
34
217
-146
-255
-765
-513
-419
-478
-331
-539
-864
-1262
-936
-709
-1570
-1529
-1781
-1078
-1674
-2302
-1826
-1985
-2282
-2551
-2345
-2462
-2428
-2509
-2694
-2512
-2190
-2122
-2515
-2204
-1887
-2064
-1863
-1630
-1508
-1764
-1376
-810
-801
-652
-653
-88
142
171
89
320
840
799
684
884
1368
1136
902
1176
1223
1320
1285
1204
1274
1241
1564
1231
1370
1047
931
1075
950
1089
523
495
1289
1461
748
597
1056
1426
425
532
699
1164
850
625
498
326
1273
373
37
-1
821
806
52
-216
-74
359
333
-308
-827
-377
-283
-323
-441
-1106
-1216
-621
-652
-1626
-1310
-1515
-1510
-1622
-1601
-1550
-2198
-1286
-1790
-2160
-2172
-1870
-1929
-1990
-1701
-2257
-2023
-1854
-1624
-1625
-1685
-1704
-1429
-901
-1064
-1203
-993
-766
-211
-16
-184
-238
438
757
564
510
585
876
1092
1003
832
1214
1623
1440
877
1056
1614
1493
1411
1111
1031
1708
2018
1245
1194
1317
1564
1258
1051
887
1110
1646
1080
848
1255
1321
1260
957
704
1273
1216
939
1132
385
607
844
936
197
260
395
-381
443
-85
-125
-355
-127
-66
-687
-673
-821
-610
-827
-638
-762
-1756
-936
-974
-1355
-1703
-1495
-706
-2218
-1489
-1491
-1772
-1530
-1129
-1744
-2581
-1584
-1158
-1359
-1911
-1783
-926
-595
-804
-1628
-1271
-264
129
-342
-1244
-674
34
708
99
-288
508
1103
1094
459
746
1056
1395
1181
1021
1481
1754
1577
1153
1239
1744
1933
1575
1111
1419
2016
2210
1892
1916
1826
1621
2074
1527
1253
1884
2053
1656
1827
1484
1934
1947
853
1039
1780
1126
439
1542
1200
382
1052
600
-839
1161
562
-1671
-670
1187
-130
-1366
-959
-340
-666
-649
-1434
-1334
-134
-371
-1241
-1208
-990
-1596
-726
-1387
-1599
-1248
-1076
-1045
-1272
-1295
-1821
-1090
-1371
-1639
-1717
-1948
-1597
-1464
-1186
-2010
-1508
-901
-1085
-1166
-1704
-1482
-903
-471
-937
-640
419
-41
-491
347
824
336
213
597
763
1102
1020
958
1319
1179
966
816
1586
1404
892
927
903
1944
2313
1316
578
933
2126
1218
657
1483
1016
1676
832
163
1518
1006
949
-17
-539
1231
1702
166
-1127
-3
946
77
35
-759
-1020
-427
255
-1035
-1547
-247
-273
-1331
-1276
-537
-1678
-684
-1189
-1777
-616
-458
-857
-3077
-337
-614
-858
-2087
-1823
-18
-1793
-1190
-2276
-764
-790
-2064
-1851
-2157
-1242
-1328
-1370
-2093
-2002
-122
-631
-890
-1943
-1741
-429
-387
-328
-718
295
10
172
774
284
758
572
1137
751
1201
1664
1447
1759
858
1236
2413
2306
1091
613
2119
2507
2165
1604
1716
1556
978
2418
1784
418
574
1726
1821
1321
1823
214
385
1200
1040
1289
23
275
-12
438
1977
-724
-1785
198
825
-627
-922
-543
-1841
1351
52
-2612
-2541
290
636
-1991
-2188
-1387
977
-683
-2473
-1343
-831
-662
-1205
-671
-1051
-2461
-171
-1177
-1102
-1825
-2165
-712
-1881
-1421
-2359
-814
-1225
-2078
-582
-1113
-885
-1655
-984
-294
-27
139
-880
426
680
652
829
666
880
652
1670
1364
1493
1919
1281
1535
1910
1880
1740
1987
1487
1210
2644
3085
1783
1913
1812
1628
2190
1594
1737
2377
1392
1447
2173
2851
1021
-312
1115
1926
1081
1318
1062
-648
1382
782
335
402
-137
-984
-518
576
-478
-33
9
-1339
-912
591
-1651
-2309
334
756
-1105
-2940
247
155
-2560
-1151
-999
-674
-1250
-1340
-1750
-1861
35
-1897
-2245
-1749
-823
-1030
-1990
-1436
-1127
-401
-608
-1302
-1540
-207
745
-417
-849
-263
1357
1220
545
689
1357
2012
1033
936
1958
2521
1871
1494
1961
1845
2218
1830
1432
1600
1724
2386
2274
1950
1432
1257
1574
2398
1015
1042
1681
1554
1455
824
2378
2121
432
-538
609
2463
17
134
-200
1322
903
-1389
273
-466
-978
-683
-546
-538
-1432
-1747
-638
-584
-1610
-1266
-1265
-2510
-2837
-1362
-767
-2664
-2833
-2209
-1696
-1787
-3875
-3541
-1959
-1073
-3037
-2895
-2032
-2170
-2243
-2354
-1712
-1302
-732
-1865
-1533
-691
-550
-4
119
99
151
1325
1172
394
869
1585
2236
1335
1261
2072
2573
1940
885
1513
2101
2034
1330
1083
1653
2119
1763
1052
1625
1347
533
1654
2333
1094
416
356
1595
1857
1279
822
523
1500
497
960
1929
1367
-1030
768
2169
1467
-753
-1308
639
517
444
-1235
-517
-690
-1266
-815
-1560
-3108
-2307
-548
-1860
-2775
-2567
-1343
-2788
-3581
-2477
-2268
-3363
-5099
-3198
-1976
-2372
-3545
-3618
-1830
-1628
-2267
-2817
-1550
-748
-1473
-370
656
487
-316
837
2253
2028
1761
1906
2712
2842
2661
2850
3325
3184
2303
2427
3079
2910
2358
1893
1667
1624
2202
2120
1342
673
1007
1665
783
592
590
1379
648
540
862
1078
1046
-69
724
945
1588
884
-165
1214
998
265
341
1200
53
-923
284
859
-233
-1491
-1738
-342
-220
-1746
-2228
-446
-1192
-2985
-3454
-1064
-1015
-4625
-4328
-3073
-1963
-4096
-4858
-3651
-3699
-3611
-3725
-1928
-1867
-3264
-2750
-2127
-1012
-1230
-427
486
-100
592
2024
3178
1839
1342
2835
3872
3812
3007
3953
4375
3676
2865
3621
4663
3335
1538
2155
4052
3928
2428
1257
1560
1764
1702
1450
1705
1053
733
935
2730
1812
253
776
392
637
1301
2348
1221
-1339
-222
1798
861
-1240
-458
125
-612
-60
1077
-1220
-1686
-1232
-820
-962
-1751
-1441
-1952
-2142
-2424
-4172
-2584
-1792
-4440
-5179
-3818
-2321
-3949
-4545
-3399
-2512
-1820
-2763
-2954
-2407
-1855
-1148
-795
297
429
1116
1832
1974
2159
2202
2837
2655
2943
3774
4330
4275
3348
3367
3642
3585
2803
2222
2619
3315
3270
2419
1950
1303
543
883
119
158
845
674
903
163
365
460
795
169
50
1642
1399
607
234
371
482
-240
-632
-813
-156
-114
-1728
-1402
-1966
-1567
-1182
-3841
-4050
-2029
-2340
-4965
-4843
-3338
-4956
-5441
-4687
-4786
-5266
-5672
-5006
-3789
-2521
-3048
-3261
-2775
-3467
-2469
-344
167
-485
204
1648
2304
2624
2409
2251
2888
3315
3638
4551
4920
4108
3442
3487
3583
3897
3348
2386
2516
3182
3527
2502
1196
162
-68
36
263
541
281
204
-53
-529
-29
1056
-55
-542
360
901
1943
2455
525
78
527
651
-216
-455
-228
-1293
-1980
-1078
-1437
-1313
-3532
-4603
-3563
-3672
-2741
-3949
-5108
-6180
-5866
-4767
-5329
-6603
-6347
-4856
-3048
-2664
-3082
-3465
-3829
-3687
-2054
-45
603
1018
1315
2246
3285
3425
3205
3017
3475
3973
5211
6692
6126
4620
3674
4116
4332
3714
3208
3219
3873
3661
2912
2205
1325
56
-727
-290
627
1141
368
-169
-117
-115
-570
-807
332
300
464
1808
2009
1424
277
-255
32
-8
1202
855
-399
-810
-1371
-1664
-2933
-3698
-4160
-4068
-4688
-5145
-4034
-6187
-7972
-7424
-7130
-6771
-6351
-4304
-3363
-3769
-4645
-4930
-3555
-2442
-1439
-985
158
2082
3362
3695
2796
2768
3234
3821
4665
5602
6781
6541
5438
4734
5025
5035
3663
2751
3524
4982
4965
3655
2386
1314
804
106
305
1098
1321
1075
430
311
322
152
-324
-852
666
2016
2344
2228
1162
475
159
341
925
1144
458
-47
-494
-1279
-2344
-2102
-2723
-4911
-5065
-3784
-3996
-6193
-7724
-6840
-6919
-7350
-6067
-4248
-2790
-4119
-5962
-5665
-3317
-939
-939
-1014
93
2471
3886
3318
2808
3104
3853
4223
5137
6452
7213
6431
4673
4127
4820
5262
4272
3059
3390
4310
4268
2837
1231
351
-105
-371
83
952
1132
191
-1030
-975
-190
61
-325
-222
935
2415
2460
1459
1183
1315
540
36
828
1538
1007
-315
-1950
-1951
-2053
-3706
-5292
-5714
-5418
-5704
-6713
-7918
-8832
-8612
-7481
-6114
-4367
-4339
-6212
-7235
-5360
-2213
-1070
-1879
-1419
1024
3151
3037
2553
3293
4060
4100
4169
5981
8057
7208
4530
3384
4911
5940
4530
2762
2934
3941
3487
2188
1592
1084
-221
-1498
-1093
623
1024
-664
-2386
-2093
-781
-484
-1144
-1089
34
670
661
745
843
605
161
-223
107
1205
1071
-670
-2003
-2145
-1683
-2825
-4134
-5033
-5339
-5889
-6992
-7689
-8074
-7508
-6016
-4107
-4023
-6042
-7481
-6289
-3037
-1054
-1504
-1390
651
2802
2616
1824
2612
4179
4597
4198
5543
7740
7884
5173
3204
4169
5939
5701
3995
3815
4627
4077
2169
1276
1744
1337
-100
-695
849
1952
326
-2147
-2386
-673
34
-307
-353
623
1284
820
320
653
1368
938
-9
35
1080
1112
-1026
-2755
-2725
-2357
-3307
-4637
-5377
-5883
-6626
-8019
-8899
-8355
-5978
-3480
-3630
-6132
-7971
-6698
-3441
-1455
-1821
-1705
485
3030
3251
1974
2163
3581
4326
4097
5167
7880
8491
5594
2760
3430
5741
5923
4104
3356
4475
4538
2626
1148
1341
1397
112
-663
748
2488
1325
-1662
-2673
-849
741
556
202
898
1881
1437
378
578
1733
1760
637
392
1340
1565
-406
-2435
-2779
-2033
-2128
-3829
-5409
-5943
-6244
-7445
-8254
-7498
-5808
-3899
-3799
-5353
-7003
-6497
-3598
-1124
-714
-854
820
3012
3374
2298
2408
4091
5225
5093
5393
7325
8115
5911
2923
2941
5235
5952
4452
3328
3972
3994
1957
83
519
1294
532
-520
-5
1386
739
-1543
-2340
-774
923
980
793
1386
2068
1671
729
1127
2373
2796
1797
1158
1483
1298
-107
-1759
-2239
-1841
-2244
-3980
-5459
-6297
-7083
-7637
-7203
-5317
-3299
-3500
-5835
-7621
-6553
-3504
-1255
-812
-698
517
2052
2334
2104
2742
3894
4715
4858
5760
7405
7460
5202
2806
2930
4756
5732
4959
3578
2904
2448
1342
499
552
567
129
-289
7
320
-649
-2422
-3149
-1901
-143
654
799
586
213
-332
-362
615
1705
1700
776
216
283
-189
-1508
-2469
-2609
-2431
-3016
-4330
-5569
-6574
-7368
-7788
-6724
-4208
-2342
-3178
-5960
-7523
-5934
-2573
-452
-198
-120
1072
2289
2204
1971
2761
4159
4840
4906
5918
7336
6873
4057
1802
2511
4694
5563
4596
3247
2391
1449
139
-285
265
394
-448
-979
-388
-23
-1178
-2969
-3277
-1654
22
595
765
756
253
-524
-453
951
2176
1874
597
-12
-53
-507
-1471
-2189
-2345
-2692
-3655
-4991
-5991
-6760
-7309
-6737
-4666
-2625
-2723
-4959
-7024
-6457
-3648
-988
242
789
1489
2022
1846
1806
2901
4437
5167
5267
6006
7209
7123
5056
2909
2868
4317
5339
5113
4158
2949
1510
161
-174
514
901
243
-588
-761
-739
-1415
-2531
-2763
-1834
-636
86
336
337
-139
-783
-783
305
1700
1926
927
-75
-650
-1083
-1467
-1678
-1744
-2233
-3650
-5203
-6158
-6504
-6354
-5371
-3709
-2615
-3208
-5152
-6349
-5336
-2880
-756
402
1219
1995
2288
2004
2055
3302
4905
5693
6003
6600
7110
6398
4589
3361
3918
5301
5837
5153
4043
2851
1588
618
479
1002
1073
340
-517
-850
-1184
-2004
-2752
-2551
-1439
-733
-629
-786
-1023
-1310
-1545
-1116
35
954
533
-684
-1502
-1769
-2043
-2173
-2016
-2060
-2844
-4389
-5866
-6552
-6225
-4654
-2664
-1755
-2645
-4566
-5413
-4334
-2172
-404
914
1918
2555
2345
1941
2647
3925
5160
5786
6510
7479
7646
6385
4613
3947
4765
6007
6465
5985
4827
3275
2053
1639
1840
2216
2110
1520
861
157
-680
-1300
-1437
-1181
-787
-256
82
-71
-776
-1654
-1664
-778
177
367
-249
-1248
-2147
-2896
-3298
-3036
-2594
-2856
-4135
-5904
-7250
-7670
-7069
-5375
-3500
-2829
-3906
-5542
-5988
-4751
-2909
-1050
632
1777
1992
1471
1475
2436
3702
4587
5367
6479
7238
6849
5554
4441
4195
4763
5611
6304
6185
4776
2713
1404
1611
2138
2278
2114
1724
1024
-119
-1023
-1111
-748
-612
-520
-68
162
-334
-1155
-1625
-1262
-455
76
201
-240
-1260
-2539
-3359
-3298
-2815
-2643
-3597
-5147
-6364
-7391
-7685
-6616
-4686
-3669
-4430
-6120
-6735
-5765
-4575
-3591
-2092
-39
838
131
-512
358
2006
2798
3204
4449
5940
6004
4678
3699
3869
4440
4735
5182
5872
5536
3719
1886
1869
2975
3312
2681
2121
1858
1110
-147
-614
99
705
417
-124
17
193
-399
-1272
-1233
-260
361
89
-514
-987
-1863
-2994
-3377
-2764
-2142
-2622
-4150
-5548
-6560
-7168
-6645
-4709
-2977
-3317
-5002
-5944
-5234
-4168
-3537
-2506
-352
1056
428
-559
145
1967
2708
2521
3370
5329
6079
4683
3189
3419
4338
4485
4508
5208
5557
4071
1862
1380
2667
3467
2893
2241
2124
1523
56
-827
-20
1019
820
-9
-94
359
-62
-1013
-1036
93
755
173
-497
-600
-950
-2051
-2856
-2504
-1731
-2039
-3527
-4888
-5608
-6174
-6248
-5123
-3346
-2915
-4395
-5861
-5640
-4524
-3734
-2907
-1114
493
207
-1155
-1231
492
1985
2189
2606
4013
4865
3953
2495
2574
3709
4051
3952
4517
5266
4390
2311
1346
2360
3594
3533
3060
2875
2273
800
-210
499
1765
1883
978
521
663
349
-407
-460
506
1132
576
-328
-573
-828
-1703
-2416
-2059
-1360
-1657
-2996
-4320
-4995
-5434
-5564
-4718
-3189
-2643
-3853
-5268
-5024
-3795
-3082
-2754
-1347
378
639
-494
-1018
554
2305
2704
2656
3622
4648
4086
2624
2399
3566
4187
3871
3796
4341
4080
2367
1081
1785
3214
3356
2546
2075
1746
729
-385
-30
1411
2092
1256
252
236
377
9
-127
611
1452
1110
23
-447
-447
-857
-1485
-1492
-896
-992
-2296
-3716
-4262
-4406
-4545
-4115
-3090
-2433
-3396
-5051
-5157
-3713
-2635
-2546
-2181
-844
133
-457
-1310
-521
1345
2162
1926
2288
3442
3860
2773
1869
2661
3821
3972
3504
3497
3592
2536
1110
1156
2532
3169
2237
1375
1150
681
-141
-392
445
1173
555
-641
-919
-505
-495
-855
-524
212
244
-671
-1325
-1209
-1209
-1629
-1901
-1530
-1282
-2083
-3408
-4058
-4031
-4004
-3837
-3263
-2757
-3132
-4519
-5297
-4263
-2713
-2196
-2223
-1866
-1241
-1191
-1677
-1281
436
1793
1583
954
1290
2269
2545
2037
2118
3003
3478
3098
2820
2906
2669
1844
1562
2492
3410
2978
1720
1067
846
644
472
829
1576
1273
-30
-880
-584
-93
-146
-275
15
172
-438
-1165
-1128
-706
-789
-1286
-1379
-1126
-1347
-2298
-3074
-3138
-3000
-2995
-2848
-2506
-2442
-3124
-4096
-4149
-3020
-1980
-1737
-1858
-1805
-1518
-1337
-1240
-478
834
1575
1332
858
1052
1747
2300
2479
2704
3206
3287
2756
2269
2350
2672
2686
2657
2895
2893
2161
1154
676
925
1192
979
735
578
15
-833
-1188
-681
-50
-62
-448
-652
-762
-971
-1095
-837
-491
-574
-915
-1185
-1203
-1259
-1607
-1825
-1638
-1490
-1651
-1850
-1925
-2030
-2321
-2639
-2523
-1930
-1270
-1132
-1484
-1875
-1869
-1523
-929
-334
338
774
676
253
70
663
1631
2273
2471
2631
2767
2533
1974
1908
2622
3374
3481
3169
2851
2397
1644
1210
1555
1998
1834
1004
315
-14
-422
-761
-537
65
164
-508
-1261
-1371
-1214
-1204
-1180
-804
-549
-901
-1450
-1604
-1369
-1257
-1415
-1416
-1168
-1066
-1171
-1449
-1550
-1623
-1624
-1684
-1431
-1229
-1065
-675
-667
-892
-1153
-907
-122
428
331
162
489
763
598
628
1378
2289
2496
2197
2045
2163
2189
2284
2935
3716
3608
2723
2065
2128
2296
2073
2067
2262
1947
1003
203
362
809
777
332
141
137
-202
-720
-788
-347
-210
-502
-682
-520
-508
-952
-1319
-1247
-1043
-1204
-1467
-1373
-1137
-1217
-1613
-1811
-1759
-1702
-1779
-1750
-1479
-1418
-1630
-1715
-1378
-982
-862
-859
-793
-545
-376
-175
97
569
850
696
666
809
1115
1340
1514
1847
2043
1907
1609
1570
1779
1783
1475
1323
1189
804
308
129
338
395
233
36
-35
-134
-353
-396
-199
-3
-123
-350
-363
-379
-418
-433
-397
-292
-339
-569
-856
-864
-872
-1067
-1198
-1188
-1165
-1168
-1342
-1617
-1756
-1822
-1765
-1668
-1510
-1349
-1353
-1528
-1586
-1368
-1143
-993
-735
-365
-246
-296
-161
156
378
551
819
1119
1282
1156
1097
1181
1413
1601
1446
1352
1270
1144
912
811
904
994
876
682
578
465
339
191
181
332
321
167
32
-32
-104
-301
-412
-347
-246
-288
-443
-583
-655
-837
-946
-932
-848
-768
-891
-1051
-1249
-1298
-1213
-1143
-1077
-1013
-958
-1023
-1086
-1040
-864
-670
-549
-344
-179
-166
-174
-57
192
451
583
663
827
934
890
843
969
1238
1273
1194
1146
1129
1057
965
959
1053
1090
967
844
821
793
742
648
634
588
529
433
359
334
217
129
80
70
24
-131
-290
-319
-361
-419
-449
-421
-430
-535
-767
-879
-834
-823
-855
-904
-866
-837
-890
-919
-883
-772
-606
-566
-524
-462
-424
-395
-283
-58
150
251
247
275
335
404
452
582
759
814
777
705
678
637
552
565
712
850
846
752
662
621
562
579
736
876
919
792
805
802
754
718
750
780
730
631
562
465
322
194
200
207
204
65
-278
-279
-285
-248
-244
-221
-266
-297
-466
-625
-585
-450
-305
-317
-233
-174
-106
-60
2
109
221
326
436
565
659
690
684
714
858
935
961
1054
1043
986
811
795
835
815
721
571
454
376
364
320
309
200
146
106
47
31
23
34
15
-19
-21
-50
-139
-159
-119
-50
-52
-126
-126
-174
-281
-339
-297
-227
-257
-308
-373
-385
-397
-428
-455
-441
-376
-434
-397
-359
-405
-472
-515
-508
-354
-235
-202
-113
17
157
156
206
361
439
485
462
450
448
437
421
415
503
520
380
221
116
130
152
114
-32
-106
-162
-277
-412
-436
-345
-275
-279
-402
-521
-551
-584
-630
-621
-533
-537
-546
-569
-620
-688
-723
-700
-659
-663
-734
-765
-750
-693
-659
-667
-661
-717
-715
-692
-674
-640
-587
-531
-489
-423
-384
-346
-328
-242
-182
-68
237
304
371
367
370
423
454
557
657
708
702
651
563
555
534
537
617
578
467
330
249
170
114
79
47
28
-43
-158
-249
-323
-321
-361
-389
-456
-469
-469
-528
-560
-589
-541
-514
-491
-487
-492
-516
-516
-518
-451
-330
-326
-369
-372
-320
-217
-153
-144
-118
-83
-76
-75
-35
50
81
61
115
143
228
249
188
156
202
262
301
345
350
303
237
220
287
372
458
377
333
316
269
243
230
303
338
287
245
177
115
60
45
67
75
-12
-102
-146
-211
-279
-348
-368
-314
-341
-424
-489
-565
-578
-583
-553
-448
-415
-433
-457
-488
-484
-438
-320
-207
-153
-143
-168
-108
-37
6
78
162
189
228
250
250
274
298
302
347
467
500
444
308
305
379
470
522
560
677
586
471
444
500
610
669
614
551
503
440
348
273
320
378
327
263
223
-20
-5
53
125
201
150
126
89
14
-162
-244
-143
42
64
28
-32
-57
-14
20
64
143
205
174
87
30
97
196
237
251
257
324
414
379
378
359
409
465
448
478
442
326
220
211
262
395
371
341
247
195
141
82
146
165
184
149
140
65
-17
-21
25
71
5
-12
-50
-60
-114
-221
-229
-191
-109
-93
-132
-174
-199
-209
-203
-151
-138
-115
-118
-213
-249
-298
-400
-406
-373
-288
-233
-258
-222
-251
-242
-188
-261
-219
-191
-171
-161
-161
