300
321
327
330
317
305
309
279
301
255
275
282
311
296
168
292
296
331
341
331
313
316
270
167
215
259
333
329
280
278
281
310
332
359
360
356
331
333
305
301
333
285
297
310
298
317
296
296
275
237
283
236
188
168
122
139
171
132
124
109
76
58
76
75
47
47
43
48
35
29
35
22
77
52
35
27
17
18
32
23
27
28
-2
7
-3
-4
-6
-8
25
-13
-15
-9
-40
-53
-98
-146
-181
-266
-269
-254
-242
-228
-225
-169
-166
-212
-184
-174
-186
-220
-234
-233
-245
-236
-275
-288
-310
-335
-334
-353
-329
-385
-376
-395
-369
-336
-327
-351
-366
-322
-278
-217
-290
-397
-397
-350
-276
-304
-308
-297
-314
-288
-274
-260
-267
-273
-264
-254
-236
-210
-193
-198
-151
-174
-184
-190
-198
-177
-186
-165
-159
-160
-165
-149
-158
-145
-141
-130
-88
-117
13
37
21
35
12
30
-1
0
9
13
22
18
4
17
57
-6
-15
-9
-20
-35
-35
-28
-43
-29
-45
-50
-52
-76
-89
-105
-73
-128
-134
-103
-114
-108
-125
-117
-113
-89
-102
-91
-96
-93
-97
-94
-70
-134
-131
-128
-130
-126
-111
-113
-119
-109
-100
-100
-104
-85
-100
-87
-73
-112
-101
-71
-62
-52
-46
-56
-43
-60
-34
-20
-12
5
0
11
53
19
29
58
60
98
103
118
94
125
145
139
128
144
160
153
184
172
202
224
228
230
236
258
267
271
273
289
275
307
285
290
338
309
311
321
307
300
303
279
267
263
241
237
247
234
210
189
189
133
110
104
78
66
21
1
-22
-39
-69
-73
-91
-126
-172
-223
-196
-265
-307
-298
-163
-164
-222
-247
-287
-286
-301
-329
-371
-394
-431
-463
-490
-539
-572
-572
-623
-597
-749
-713
-623
-632
-616
-646
-641
-587
-525
-543
-411
-299
-120
-33
13
98
217
395
560
734
875
981
1085
1216
1336
1456
1559
1558
1619
1708
1785
1864
1918
1945
1953
1897
1924
1875
1820
1805
1713
1660
1612
1501
1432
1341
1247
1147
1002
895
790
683
589
509
395
339
225
95
22
-114
-220
-312
-390
-488
-559
-612
-676
-734
-816
-896
-1001
-1094
-1160
-1257
-1294
-1389
-1449
-1500
-1589
-1635
-1738
-1767
-1859
-1999
-2019
-2006
-1980
-1971
-1931
-1883
-1807
-1768
-1608
-1442
-1306
-1193
-1113
-979
-816
-631
-482
-331
-131
70
212
325
495
598
785
906
974
1060
1083
1093
1125
1198
1287
1355
1279
1130
1050
1058
1106
1069
1075
1046
957
899
830
801
751
700
645
591
527
496
490
463
481
435
407
353
291
248
226
246
225
197
151
138
137
124
108
72
83
18
81
71
-18
-66
-134
-167
-247
-331
-430
-511
-595
-668
-802
-915
-987
-1153
-1264
-1353
-1455
-1556
-1653
-1742
-1851
-1918
-1976
-2020
-2036
-2046
-2069
-2060
-2058
-2073
-2021
-1905
-1751
-1552
-1370
-1227
-1077
-881
-664
-465
-264
-75
148
368
540
632
797
998
1169
1293
1384
1451
1473
1514
1545
1600
1620
1594
1558
1548
1517
1398
1373
1375
1350
1308
1195
1099
1027
975
952
919
858
796
741
709
719
655
620
630
607
595
543
533
513
544
549
514
462
434
423
396
420
359
323
294
243
191
144
69
29
-48
-156
-234
-392
-471
-581
-661
-754
-924
-1043
-1150
-1299
-1423
-1516
-1638
-1754
-1868
-1941
-2032
-2105
-2113
-2139
-2151
-2128
-2161
-2140
-2084
-2010
-1882
-1716
-1490
-1330
-1167
-997
-790
-564
-355
-126
124
407
557
690
863
1213
1464
1585
1688
1742
1807
1819
1850
1865
1916
1905
1888
1860
1772
1695
1675
1642
1712
1574
1464
1534
1444
1397
1335
1314
1287
1234
1099
1030
1032
1105
1105
1049
1012
987
964
934
955
971
1000
980
957
909
854
853
774
756
732
687
647
573
483
373
283
225
132
-14
-171
-324
-458
-565
-716
-848
-970
-1092
-1279
-1396
-1538
-1726
-1838
-1966
-2072
-2194
-2271
-2341
-2415
-2377
-2410
-2442
-2443
-2407
-2324
-2200
-1999
-1807
-1604
-1427
-1250
-1008
-776
-556
-309
-15
207
431
594
766
970
1136
1247
1339
1382
1408
1472
1538
1590
1633
1696
1723
1661
1651
1605
1537
1516
1488
1437
1331
1236
1149
1046
953
877
813
763
734
637
617
564
529
525
519
484
382
346
376
424
410
283
193
203
239
178
133
93
29
-35
-82
-131
-234
-318
-410
-464
-544
-639
-749
-889
-976
-1116
-1230
-1376
-1505
-1632
-1748
-1880
-2006
-2127
-2289
-2412
-2561
-2694
-2795
-2855
-2829
-2891
-2797
-2757
-2745
-2626
-2553
-2357
-2153
-1958
-1779
-1625
-1364
-1068
-801
-445
-68
147
375
582
830
1099
1371
1608
1722
1814
1873
1939
2012
2057
2050
2028
2014
1906
1794
1730
1692
1686
1614
1477
1295
1151
1092
1149
1216
1214
1085
884
771
656
697
769
809
837
784
683
549
487
552
657
725
696
564
505
483
421
424
439
397
295
147
57
-11
-37
-61
-152
-333
-551
-723
-810
-813
-988
-1256
-1506
-1712
-1859
-2024
-2202
-2404
-2611
-2799
-3026
-3220
-3282
-3222
-3142
-3123
-3284
-3393
-3275
-2864
-2252
-1715
-1528
-1614
-1563
-1164
-464
111
547
908
1186
1363
1339
1454
1892
2409
2752
2823
2595
2312
2189
2283
2469
2463
2255
2019
1834
1668
1400
1252
1197
1119
950
660
396
263
278
304
206
35
157
492
718
635
282
226
511
1087
1515
1531
1502
1379
1322
1426
1418
1569
1920
2163
2165
1653
1175
1162
1369
1448
1309
913
776
635
362
108
-217
-320
-385
-477
-827
-1250
-1528
-1681
-1893
-2205
-2427
-2416
-2439
-2698
-3065
-3377
-3498
-3445
-3363
-3313
-3264
-3190
-3202
-3233
-3306
-3008
-2149
-1161
-760
-1111
-1420
-862
184
1002
1258
1369
1654
1994
2103
2153
2449
2921
3297
3312
3024
2612
2535
2736
2910
2701
2167
1820
1804
1888
1631
1175
818
770
735
513
263
134
192
321
290
132
-44
-35
277
607
706
776
785
914
984
1001
1098
1223
1437
1462
1415
1320
1249
1338
1493
1409
1154
1082
1116
999
580
200
33
-109
-288
-611
-933
-1157
-1404
-1630
-1974
-2368
-2729
-2902
-2913
-3137
-3477
-3862
-4090
-4242
-4291
-4282
-4260
-4304
-4402
-4432
-4328
-4215
-4161
-3856
-3182
-2320
-1735
-1803
-2122
-1935
-836
432
1102
1142
1166
1497
1738
1864
2205
2925
3488
3385
2901
2540
2509
2675
2799
2669
2308
1882
1683
1647
1380
943
489
532
713
531
248
-5
-113
-392
-399
-15
374
351
1
-153
45
471
834
1075
1153
1071
961
1140
1354
1489
1687
1790
1734
1464
1298
1446
1501
1357
1046
790
674
500
351
147
-245
-632
-839
-932
-1110
-1459
-1694
-1932
-2409
-2874
-3148
-3032
-3079
-3492
-3949
-4279
-4349
-4358
-4302
-4291
-4277
-4126
-3929
-3952
-4171
-3870
-2763
-1531
-1265
-1879
-2095
-1098
333
1096
1175
1222
1754
2257
2375
2441
2816
3536
3805
3432
3013
2959
3269
3385
2955
2412
2165
2233
2284
1897
1224
681
559
739
650
310
76
-22
-213
-659
-678
133
946
699
-235
-714
-103
933
1476
1486
1148
1020
1071
1313
1612
1822
1988
2032
1853
1502
1385
1650
1826
1487
943
754
872
908
515
-191
-687
-748
-551
-587
-1120
-1811
-2102
-2151
-2434
-2877
-3016
-2784
-3009
-3707
-4235
-4143
-3838
-3950
-4106
-4014
-3750
-3630
-3655
-3810
-3664
-2888
-1635
-756
-1086
-1743
-1315
154
1422
1568
1413
2104
2808
2919
2713
2998
3823
4363
4003
3447
3374
3681
3800
3273
2646
2476
2627
2714
2356
1650
1109
924
912
913
695
569
383
201
165
105
150
331
468
597
745
947
1113
940
888
1097
1510
1964
1917
1749
1711
1703
1654
1629
1793
1960
1841
1458
1086
858
810
647
419
279
68
-276
-752
-1159
-1254
-1339
-1537
-1883
-2229
-2508
-2756
-3073
-3402
-3613
-3779
-3803
-4049
-4375
-4638
-4777
-4557
-4308
-4173
-4222
-4433
-4453
-3590
-2296
-1463
-1793
-2285
-1572
-123
963
1189
1271
1906
2396
2221
2179
2942
3904
3984
3294
2898
3194
3470
3238
2663
2287
2226
2086
1848
1549
1085
581
345
269
320
251
-17
-309
-758
-862
-232
498
539
-214
-736
-150
850
1357
1180
685
794
1139
1362
1536
1529
1706
1782
1448
1113
1154
1677
1716
824
166
334
709
537
-295
-870
-911
-968
-1193
-1589
-1780
-1806
-2242
-2745
-3151
-3199
-3029
-3249
-3846
-4563
-4683
-4494
-4357
-4542
-4770
-4952
-4752
-4378
-4096
-4103
-4123
-3207
-2013
-1394
-1834
-2079
-936
587
1068
1011
1428
2531
3089
2533
2293
3109
4199
4332
3598
3333
3708
3745
3203
2554
2487
2681
2517
1864
1285
974
703
446
213
124
181
320
233
-259
-780
-614
32
630
782
456
456
665
801
983
1217
1704
2101
2025
1785
1616
1774
2047
1867
1679
1836
2065
1888
1031
408
473
736
656
126
-298
-505
-922
-1462
-1779
-1706
-1656
-2017
-2704
-3127
-3173
-3181
-3508
-4007
-4240
-4260
-4210
-4577
-4886
-4955
-4867
-4568
-4320
-4052
-3980
-4027
-3333
-2137
-1350
-1427
-1621
-780
796
1430
1253
1441
2576
3570
3208
2757
3402
4468
4557
3586
3213
3877
4162
3411
2476
2321
2594
2316
1557
1114
1048
897
380
-37
-48
244
454
142
-209
-382
-21
492
797
877
873
1042
1279
1451
1640
1872
2203
2485
2468
2363
2237
2502
2686
2403
2117
2194
2440
2286
1425
734
737
932
698
112
-271
-399
-851
-1538
-1900
-1713
-1499
-1976
-2732
-3205
-3195
-3217
-3582
-4013
-4105
-4156
-4302
-4641
-4737
-4611
-4642
-4487
-4078
-3628
-3466
-3520
-2847
-1689
-1035
-1189
-1080
324
1877
1975
1333
1648
3302
4296
3649
3084
3878
4839
4527
3322
3266
4206
4275
3074
2012
2103
2460
1914
989
558
607
527
-8
-401
-413
-215
-253
-474
-576
-437
-27
313
398
451
568
871
1268
1450
1568
1818
2249
2594
2448
2269
2318
2480
2486
2007
1716
1845
1917
1470
601
233
365
169
-517
-1214
-1411
-1399
-1835
-2644
-2993
-2838
-2857
-3584
-4150
-4133
-3865
-4097
-4949
-5617
-5516
-5249
-5480
-5783
-5797
-5232
-4854
-4716
-4658
-4419
-3551
-2452
-1709
-1588
-1412
-421
1124
1850
1518
1518
2626
4052
4221
3572
3653
4468
4722
3851
3187
3700
4350
3675
2248
1602
1810
1884
1161
338
175
237
-115
-760
-1090
-900
-688
-766
-850
-778
-458
-70
32
213
584
1158
1651
1800
1843
2009
2463
2923
2976
2814
2849
2967
3006
2688
2235
2189
2324
2064
1383
713
579
529
2
-751
-1158
-1159
-1356
-2250
-3020
-3161
-3007
-3204
-3960
-4476
-4554
-4489
-4989
-5631
-5949
-5788
-5693
-5749
-5845
-5681
-5067
-4477
-4290
-4251
-3390
-2050
-1016
-1015
-985
137
1973
2854
2413
2195
3306
4725
4910
4358
4358
5131
5320
4357
3538
3893
4457
3898
2467
1622
1677
1583
824
-83
-401
-361
-675
-1244
-1541
-1378
-987
-863
-1057
-1235
-980
-306
328
649
806
1186
1714
2144
2224
2383
2904
3541
3738
3415
3205
3354
3529
3194
2625
2511
2773
2660
1780
822
450
499
164
-588
-1119
-1250
-1584
-2514
-3338
-3572
-3249
-3359
-4050
-4728
-4794
-4756
-5177
-5957
-6331
-6046
-5640
-5615
-5737
-5494
-4905
-4292
-3924
-3517
-2545
-1380
-611
-427
-63
1109
2682
3619
3620
3632
4086
4995
5422
5409
5563
5833
5825
5104
4360
4132
4192
3856
2910
2047
1686
1434
829
-1
-560
-728
-930
-1267
-1522
-1511
-1451
-1462
-1662
-1193
69
879
697
140
399
1262
2413
3262
3511
3429
3490
3528
3445
3738
4002
4094
4020
3654
3153
2831
2833
2367
1380
812
702
687
304
-523
-1516
-2083
-2441
-2849
-3099
-3252
-3393
-4014
-4691
-5258
-5311
-5104
-5455
-6326
-6770
-6585
-6222
-6124
-6222
-5914
-5005
-4211
-4114
-3747
-2463
-1050
-722
-1010
-271
1645
3411
3682
3213
3575
4587
5138
5018
5101
5743
5999
5199
4014
3545
3834
3769
2773
1700
1137
852
328
-477
-1115
-1443
-1776
-2178
-2384
-2286
-1846
-1530
-1604
-1829
-1789
-1258
-489
273
884
1178
1476
1822
2092
2385
2837
3440
3851
3813
3551
3453
3506
3376
2864
2389
2349
2419
2112
1337
566
55
-411
-951
-1483
-1757
-1901
-2351
-3139
-4015
-4262
-4249
-4386
-4934
-5289
-5147
-5394
-5945
-6596
-6719
-6600
-6482
-6671
-6513
-5586
-4261
-3583
-3508
-3067
-2274
-1470
-1009
-211
1388
3218
4042
3640
3309
3866
4758
5125
5179
5403
5776
5714
4847
3989
3586
3314
2696
1867
1359
1206
978
261
-762
-1631
-2041
-2188
-2196
-1986
-1639
-1245
-1088
-1334
-1586
-1422
-681
241
1097
1715
2122
2436
2650
2698
2759
3217
3791
4221
4307
4142
3906
3694
3307
2660
2205
2142
2189
1867
1179
474
-108
-622
-1338
-1980
-2267
-2305
-2547
-3118
-3717
-4045
-4331
-4718
-5164
-5459
-5384
-5543
-5942
-6409
-6655
-6718
-6604
-6466
-5939
-4867
-3629
-2909
-2447
-2008
-1508
-1102
-408
921
2577
4005
4439
4291
4304
4617
4833
4901
5139
5519
5622
5248
4607
3955
3421
2636
1614
934
661
549
260
-312
-1056
-1786
-2390
-2688
-2408
-1752
-1139
-1017
-1098
-1056
-813
-343
236
943
1613
2162
2707
3181
3587
3916
3940
3870
3998
4229
4440
4458
4278
3984
3333
2665
2131
1879
1646
1314
615
36
-314
-856
-1428
-2077
-2550
-2927
-3269
-3572
-3752
-3885
-4151
-4750
-5166
-5380
-5495
-5939
-6358
-6578
-6308
-5831
-5573
-5115
-4351
-3254
-2433
-1805
-1285
-734
64
1213
2241
2990
3673
4474
5253
5522
5222
5086
5337
5613
5313
4806
4682
4696
4161
3042
1989
1401
1075
437
-401
-878
-998
-1187
-1781
-2389
-2572
-2191
-1754
-1557
-1506
-1217
-691
-297
124
520
1118
1811
2336
2647
2885
3375
3829
4090
4007
3833
3825
3961
3904
3471
2994
2550
2260
1859
1201
639
278
5
-604
-1380
-1810
-1982
-2291
-2992
-3780
-4168
-4158
-4234
-4625
-5146
-5380
-5669
-6043
-6568
-6939
-7003
-6858
-6843
-6772
-6385
-5443
-4331
-3146
-2218
-1598
-1289
-1006
-365
802
2278
3468
4242
4686
5041
5088
4968
4950
5108
5120
4841
4433
4229
4122
3604
2538
1346
428
-170
-727
-1175
-1385
-1528
-1846
-2430
-2800
-2644
-2294
-2118
-2125
-1942
-1463
-760
-52
539
1090
1481
1731
1984
2419
3078
3645
3946
3989
3871
3762
3721
3662
3445
3021
2617
2275
1987
1632
1088
472
-124
-727
-1271
-1723
-2024
-2321
-2796
-3387
-3849
-4149
-4329
-4566
-4949
-5359
-5623
-5849
-6206
-6611
-6868
-6781
-6658
-6552
-6329
-5316
-3816
-2095
-757
-645
-1445
-1814
-609
1414
3172
4005
4459
5153
5744
5657
5213
5297
5591
5248
4334
3885
4428
5114
4755
3106
1362
344
-251
-812
-1185
-1266
-1247
-1541
-2012
-2291
-2032
-1760
-1916
-2312
-2410
-1821
-702
489
1236
1475
1523
1571
1773
2194
2746
3218
3585
3764
3771
3822
3893
3859
3388
2609
1933
1655
1811
1726
1277
557
-1
-536
-1107
-1781
-2290
-2620
-2922
-3347
-3641
-3696
-3674
-4013
-4650
-5307
-5822
-6173
-6508
-6761
-6963
-6774
-6692
-6153
-4981
-3629
-2968
-3005
-2825
-2110
-988
73
1034
2205
3544
4221
4408
4785
5537
6209
6065
5460
5243
5507
5860
5687
5208
4651
3831
2675
1701
1046
650
231
-357
-970
-1314
-1504
-1431
-1334
-1580
-1921
-2111
-1858
-1334
-778
-171
358
829
1247
1534
1848
2231
2692
2965
3154
3340
3704
4037
4058
3737
3254
2975
2641
2265
1833
1556
1319
969
402
-182
-654
-1070
-1576
-2183
-2689
-2863
-2908
-3108
-3523
-3973
-4384
-4725
-5069
-5562
-6000
-6338
-6431
-6060
-5837
-6005
-6054
-5206
-3631
-2284
-1840
-1681
-995
62
857
1160
1930
3312
4570
4973
4971
5392
6197
6471
5831
4985
4722
4848
4785
4336
3849
3391
2822
1902
913
72
-509
-913
-1344
-1683
-1841
-1663
-1383
-1334
-1536
-1798
-1824
-1574
-1114
-547
-31
483
1036
1406
1657
1835
2034
2202
2161
2101
2142
2446
2791
2769
2322
1811
1472
1159
733
223
-240
-663
-1062
-1408
-1803
-2058
-2445
-2972
-3581
-3870
-4022
-4039
-4282
-4611
-4951
-5219
-5550
-6115
-6523
-6728
-6707
-6780
-6632
-5959
-4436
-2618
-1566
-1571
-1819
-1295
-250
703
1283
1868
2865
4034
4891
5424
6006
6373
6113
5311
4481
4213
4451
4766
4624
3981
3267
2701
2177
1510
527
-496
-1219
-1477
-1397
-1231
-962
-688
-689
-1071
-1604
-1815
-1425
-780
-371
-169
173
991
1922
2381
2275
1965
1818
1772
1769
1868
2229
2655
2697
2251
1669
1367
1080
516
-354
-1062
-1314
-1248
-1227
-1441
-1817
-2128
-2551
-3084
-3558
-3753
-3830
-4008
-4354
-4738
-4845
-4977
-5188
-5626
-6000
-6439
-6691
-6343
-5111
-3336
-2010
-1545
-1618
-1209
-393
506
1057
1522
2299
3262
4193
4941
5718
6412
6613
6022
5153
4740
4774
4953
4745
4303
3775
3356
3005
2554
1890
962
-3
-659
-984
-1054
-995
-745
-574
-645
-918
-1052
-905
-655
-495
-543
-339
346
1229
1884
2143
2132
2133
2122
1982
1815
1755
1947
2001
1809
1586
1455
1315
869
117
-720
-1281
-1552
-1678
-1860
-2154
-2355
-2475
-2626
-2968
-3424
-3720
-4012
-4454
-4832
-5045
-5115
-5129
-5320
-5588
-5829
-5772
-5113
-4082
-2696
-1845
-1603
-1588
-803
333
1218
1573
1653
2405
3685
4744
5216
5603
6114
6290
5870
5276
5139
5476
5561
5078
4382
4002
3937
3736
3139
2232
1302
566
183
38
-1
9
11
-33
-259
-397
-400
-232
-150
-142
-139
87
678
1378
1826
1879
1792
1794
1917
2006
1838
1622
1613
1615
1494
1269
1030
822
344
-276
-893
-1264
-1335
-1462
-1869
-2392
-2788
-2947
-3065
-3349
-3702
-4084
-4356
-4725
-4913
-5186
-5260
-5528
-5790
-6097
-6264
-5893
-5103
-3872
-2829
-2236
-2170
-1993
-1213
-148
671
1036
1503
2264
3251
4105
4683
5240
5635
5614
5144
4796
4778
5036
4951
4472
3876
3489
3401
3066
2544
1764
930
249
-81
-144
-48
50
-73
-288
-545
-592
-578
-553
-510
-602
-510
-159
390
909
1212
1263
1145
1104
1166
1296
1300
1217
1044
957
931
787
561
206
-314
-830
-1244
-1519
-1672
-1797
-2065
-2522
-2985
-3237
-3359
-3442
-3691
-4068
-4426
-4672
-4711
-5004
-5371
-5865
-6252
-6319
-6154
-5735
-4995
-3794
-2675
-2179
-2330
-2279
-1483
-314
448
713
1089
2124
3407
4276
4688
4953
5182
5188
4938
4719
4822
5048
5140
4868
4336
3905
3592
3336
2886
2086
1237
762
773
992
974
689
359
181
140
77
-49
-92
-54
15
141
352
733
1148
1348
1191
947
916
1177
1345
1211
912
705
712
686
506
171
-191
-604
-1052
-1315
-1455
-1525
-1705
-2017
-2376
-2684
-2800
-2956
-3079
-3513
-4019
-4519
-4946
-5289
-5658
-5991
-6369
-6571
-6502
-5856
-4881
-3726
-3027
-2973
-2995
-2435
-1338
-288
246
669
1306
2309
3265
4107
4812
5263
5195
4911
4818
5035
5278
5273
5065
4783
4419
4044
3759
3468
2919
2061
1287
1012
1065
1223
1169
847
527
322
272
240
183
48
-22
57
363
795
1227
1498
1380
1153
1035
1130
1367
1540
1375
1216
1127
1058
1014
874
573
95
-479
-789
-866
-874
-1053
-1355
-1702
-1858
-1989
-2399
-2565
-3056
-3612
-4024
-4301
-4627
-5036
-5419
-5884
-5983
-5986
-5898
-5390
-4413
-3452
-3089
-3196
-3074
-2158
-847
139
521
734
1418
2508
3750
4663
5072
5108
5081
5312
5630
5874
5755
5549
5342
5060
4737
4416
4179
3811
3203
2433
1839
1552
1493
1391
1133
701
314
168
206
311
183
-140
-339
-285
161
627
841
856
775
811
964
1070
1035
909
776
828
869
870
899
699
369
-28
-442
-698
-742
-743
-992
-1346
-1745
-2139
-2415
-2594
-2921
-3596
-4318
-4927
-5279
-5496
-5778
-6106
-6450
-6593
-6341
-5613
-4764
-4342
-4620
-4980
-4586
-3512
-2235
-1580
-1195
-659
253
1386
2507
3396
3740
3753
3847
4372
5100
5514
5454
5204
5170
5054
4859
4625
4389
4029
3411
2749
2279
2087
1957
1654
1184
642
165
-111
-118
-208
-418
-753
-1018
-1006
-742
-435
-329
-391
-479
-413
-224
45
131
85
102
134
206
323
516
498
346
45
-178
-256
-233
-281
-635
-1048
-1270
-1399
-1599
-1949
-2334
-2906
-3346
-3750
-4269
-4868
-5225
-5410
-5512
-5633
-5676
-5365
-4807
-4406
-4394
-4642
-4500
-3833
-2943
-2169
-1560
-981
-302
644
1664
2610
3100
3243
3412
3933
4676
5198
5396
5373
5347
5392
5412
5327
5145
4825
4396
3958
3627
3368
3055
2649
2189
1634
1122
689
390
197
-21
-334
-685
-917
-960
-852
-825
-960
-1150
-1145
-912
-648
-535
-572
-624
-533
-299
-37
40
39
-67
-187
-129
73
84
-229
-422
-645
-742
-1042
-1325
-1639
-1913
-2112
-2555
-2908
-3366
-3850
-4186
-4495
-4879
-5086
-4918
-4473
-3989
-3822
-4117
-4391
-4200
-3507
-2821
-2347
-2040
-1636
-910
101
1184
1915
2219
2175
2474
3241
4031
4477
4536
4603
4820
5144
5347
5436
5408
5199
4819
4509
4367
4177
3947
3541
3060
2631
2332
1911
1490
1120
610
121
-264
-448
-477
-516
-689
-1098
-1445
-1537
-1476
-1182
-1074
-1126
-1330
-1054
-294
-66
-144
-281
-434
-508
-147
113
101
14
-211
-318
-274
-150
-430
-859
-1306
-1741
-1964
-2090
-2272
-2567
-3003
-3437
-3814
-4073
-4033
-3606
-2988
-2815
-3244
-3687
-3515
-2918
-2232
-1864
-1832
-1772
-1341
-497
623
1509
1771
1626
1715
2364
3266
3906
4026
3942
4023
4379
4899
5363
5491
5042
4533
4354
4433
4559
4348
3877
3341
2938
2669
2393
2005
1458
764
129
-208
-421
-540
-722
-1066
-1459
-1730
-1596
-1305
-1284
-1663
-1898
-1749
-1537
-1291
-1223
-950
-830
-914
-975
-895
-806
-710
-693
-723
-820
-993
-640
-586
-1032
-1401
-1717
-1906
-2180
-2282
-2448
-2797
-3070
-3301
-3430
-3601
-3731
-3717
-3391
-3091
-3115
-3432
-3689
-3345
-2765
-2304
-2207
-2174
-1849
-1252
-402
381
764
750
776
1250
2076
2734
2930
2946
3021
3425
3951
4431
4656
4440
4059
3910
4064
4230
4112
3683
3213
2882
2678
2491
2103
1496
725
201
-59
-265
-487
-949
-942
-857
-1008
-1302
-1335
-1172
-1453
-1615
-1515
-1264
-1047
-879
-787
-1078
-1226
-912
-850
-905
-549
-606
-896
-605
-726
-701
-541
-488
-963
-1394
-1407
-1482
-1507
-1861
-2183
-2408
-2315
-2359
-2676
-2948
-3322
-3132
-2598
-2285
-2689
-3268
-3329
-2904
-2198
-1963
-2067
-2146
-1826
-1184
-369
376
548
467
471
1092
1961
2593
2737
2698
2968
3458
4098
4572
4693
4428
4138
4042
4138
4302
4126
3794
3363
3020
2757
2594
2238
1528
755
-6
-292
-245
-187
-429
-281
-511
-1201
-1083
-810
-702
-1160
-1317
-1528
-1462
-652
-316
-661
-1325
-1385
-1116
-643
-178
-779
-1300
-1003
-498
99
-67
-752
-922
-886
-721
-770
-681
-1154
-1365
-1497
-1544
-1690
-1946
-2098
-2414
-2640
-2950
-2859
-2414
-2204
-2448
-2896
-3082
-2931
-2486
-2099
-1970
-1992
-1881
-1427
-685
163
693
725
698
1022
1714
2478
2941
3027
3129
3472
4085
4632
4851
4673
4184
3916
3899
4198
4142
3900
3480
3006
2793
2628
2334
1634
833
147
139
567
594
412
167
-37
-149
-56
139
-536
-1149
-1109
-650
-190
-100
-414
-664
-510
-598
-615
-504
-595
-664
-452
-296
-239
177
74
-279
-89
-203
-542
12
-321
-734
-612
-880
-925
-1029
-1602
-1402
-1443
-2305
-2731
-3023
-3095
-2516
-2206
-2502
-2826
-3175
-3008
-2513
-2335
-2374
-2489
-2240
-1529
-678
-104
259
369
533
955
1533
2107
2357
2430
2599
3049
3523
3808
3996
3836
3504
3233
3122
3141
3078
2892
2569
2226
1903
1630
1353
1205
791
261
314
-79
191
172
-60
-135
-665
-714
-684
-775
-855
-1120
-1423
-1008
-620
-703
-820
-1146
-1278
-860
-690
-932
-716
-624
-883
-525
-25
74
-168
-376
-397
-524
-484
-416
-378
-694
-1069
-1112
-1140
-1344
-1951
-2156
-2243
-2675
-2988
-3204
-3343
-3310
-3023
-2831
-2917
-3187
-3261
-3084
-2654
-2329
-2247
-2113
-1507
-798
-202
309
579
802
942
1254
1694
2096
2358
2546
2692
2861
3129
3330
3368
3225
2842
2478
2384
2437
2370
2071
1693
1276
1299
1563
1409
1163
724
181
187
425
367
-126
-320
-47
190
158
-479
-812
-780
-662
-242
-678
-483
-320
-357
117
-121
-307
-277
5
526
223
-63
374
648
918
592
-276
-74
-143
-81
55
-520
-1046
-1093
-921
-867
-1612
-2326
-2194
-2376
-2676
-2865
-3091
-3102
-3123
-3018
-2704
-2485
-2477
-2461
-2570
-2492
-2039
-1491
-1053
-1060
-897
-263
528
1183
1227
1034
1102
1557
2040
2407
2423
2378
2409
2528
2834
2870
2737
2422
2065
1875
1801
1982
1991
1952
1502
1101
1221
1222
949
460
270
513
464
60
374
315
10
-76
-652
-460
404
51
-105
-294
-509
488
1350
1295
212
-438
218
976
521
502
593
884
1794
1337
682
808
141
219
303
-409
-246
-610
-786
-944
-1278
-1082
-1424
-1918
-1895
-2413
-2509
-2303
-2421
-2517
-2670
-2600
-2489
-2221
-1885
-1786
-1810
-1822
-1579
-1009
-545
-343
-323
-158
365
1074
1527
1630
1508
1489
1738
2138
2396
2348
2230
2160
2208
2390
2553
2506
2098
1677
1576
1547
1720
1506
1312
1071
844
1043
746
564
515
534
452
-311
-69
799
902
428
140
588
1087
1023
867
150
229
757
1010
1531
1004
202
614
995
1048
1032
621
505
258
488
411
476
-181
-1082
-775
-404
-932
-1158
-1265
-1802
-1743
-2425
-2253
-1977
-2368
-2122
-2500
-2956
-2600
-2572
-2629
-2645
-2985
-2748
-2486
-1871
-1420
-1649
-1835
-1800
-1244
-594
-468
-559
-640
-290
337
852
893
809
755
815
1080
1210
1232
1169
1102
997
1099
1254
1389
1286
949
535
203
776
945
646
357
-100
443
785
275
341
249
15
329
729
845
1092
953
567
837
1001
559
997
1068
865
667
708
1253
930
777
688
761
792
686
276
-525
-698
129
-205
-382
-49
-1217
-1240
-1099
-1252
-1391
-1770
-2088
-1764
-1809
-1886
-2109
-2317
-1865
-1803
-1969
-2599
-2506
-1714
-1677
-2123
-2459
-1803
-1206
-1101
-1097
-1389
-1019
-713
-462
-308
-410
61
91
36
309
400
874
929
571
505
792
1217
1139
654
614
969
1078
983
825
1082
954
574
385
668
1059
977
861
863
241
679
1566
1282
675
-170
845
2175
1810
1216
701
1035
2130
1102
955
927
1622
1765
365
529
1231
965
374
39
477
316
-542
150
-403
-792
-958
-743
-283
-832
-1334
-1750
-1413
-911
-1499
-1891
-2085
-1954
-1001
-1728
-2257
-1969
-1559
-1031
-1357
-2160
-1900
-920
-924
-1381
-1687
-1389
-1041
-434
-650
-620
-426
-407
-133
-254
-179
-164
-66
141
245
356
522
645
692
637
625
860
864
907
796
737
942
1228
1347
1343
1262
837
888
1453
1608
1325
988
1538
1645
1687
1496
1834
2046
1213
1596
1722
1821
2025
1136
493
1603
1796
1880
1365
570
38
791
1682
679
403
645
375
587
-328
-567
-294
-314
-376
-720
-748
-414
-967
-264
-797
-1717
-76
-1395
-946
-1568
-1627
-498
-1532
-902
-964
-953
-897
-1397
-708
-900
-1089
-734
-887
-916
-922
-754
-425
-755
-599
-419
-529
-416
-587
-155
-8
-228
-187
112
406
283
111
133
300
453
423
372
579
760
733
926
1068
1068
889
637
652
1408
1508
1141
1204
1310
1581
1434
1070
649
1292
1599
928
729
1282
1357
1002
325
595
719
717
-199
-18
289
-101
548
-654
-434
-519
-1003
-850
-332
121
-1292
-1709
-1385
-972
-1124
-1056
-1170
-959
-762
-1958
-1472
-1512
-1110
-956
-1285
-861
-1262
-708
-1068
-1408
-1722
-764
-625
-1661
-1177
-1495
-817
-948
-1535
-1603
-1139
-538
-1286
-1351
-1019
-597
-828
-1144
-688
-551
-308
-323
146
323
45
410
681
645
516
921
973
766
1014
1491
1988
1236
696
1366
1850
1532
1433
1473
1323
977
1568
1814
1195
409
696
1385
1275
342
-80
860
1331
-653
397
1431
93
-640
-99
1485
-1169
-578
-282
-340
-113
-984
480
201
-727
-1151
-934
66
-103
-1080
-1116
-109
-163
-455
-1233
-975
-1133
-1543
-442
-701
-503
-787
-860
-1312
-1339
-679
-846
-1460
-2474
-1389
-300
-1331
-1845
-1340
-470
-1309
-1529
-534
-504
-935
-1132
-77
275
-127
54
298
493
221
409
794
929
839
713
1502
1555
1417
1820
1226
860
1423
1995
1845
1175
938
1745
1654
1433
1252
791
1461
130
319
1294
940
318
17
1310
1153
652
-25
-763
-268
4
346
210
366
-956
-265
392
-374
-502
-1344
-425
-269
-610
303
-363
-798
-645
357
341
-544
-624
-93
461
-1023
-684
57
-229
-1195
-1589
-667
-429
-1290
-1755
-1486
-987
-1319
-1573
-1197
-1328
-923
-921
-894
-789
-487
-85
-432
-326
97
790
698
203
593
1260
1713
1210
1222
1725
1841
1695
1617
1794
2008
1933
1960
1790
1543
1946
2224
1856
1209
1483
1357
1392
1344
1216
639
890
946
609
1119
304
-144
668
965
-128
289
503
239
-536
-422
822
615
-1309
-1467
448
1053
-631
-1724
-1148
616
-11
-866
-686
-352
366
-1214
-1135
-754
-151
-876
-1409
-657
-839
-670
-1324
-1873
-1292
-1244
-1809
-2588
-2125
-1964
-2413
-1888
-2232
-1510
-1082
-1139
-1577
-1617
-518
-275
-208
-633
-180
818
491
587
850
1105
909
971
1431
1264
1300
1161
1501
1634
1316
1481
1662
1546
1041
1824
1424
1084
1189
738
769
666
737
745
-129
-82
390
104
890
-425
-353
1103
-281
-310
18
-951
-1387
-659
272
40
-1039
-1083
-529
-880
-712
-797
-857
-852
-1274
-859
-867
-337
-1560
-1302
-804
-1477
-484
-1732
-1598
-1651
-1174
-518
-2129
-2226
-2474
-2032
-2144
-3011
-1797
-2116
-1915
-1716
-1548
-780
-1291
-1389
-1045
-360
75
-320
250
1181
1240
1117
1483
1694
1484
1664
1901
2077
2384
2436
2782
2666
2103
1989
1966
1747
1294
1687
1871
1143
884
1681
1910
416
467
-39
229
385
571
1164
-489
219
444
-52
642
-304
-233
-328
-958
156
-21
-29
-1017
-868
-147
-1303
-1464
-1646
-1449
-874
-2052
-432
36
-753
-2306
-2922
-430
-843
-1738
-2352
-2159
-1968
-2494
-1663
-2678
-3198
-2688
-2602
-2619
-2611
-1529
-990
-1768
-2332
-884
-125
-644
-1090
-497
585
1014
1542
1834
2040
1872
1800
2361
2465
2349
2392
2708
2953
3357
3719
3190
2283
1677
2005
2417
2237
1446
1748
2188
1204
1428
1014
801
86
-32
760
1089
879
136
461
-226
-240
31
-355
-577
-495
622
681
162
-916
-440
-309
-1813
-1709
-503
-859
-2184
-1239
-336
-1897
-3021
-1826
-1372
-2167
-3059
-2232
-807
-1602
-3247
-2786
-1977
-2802
-3406
-2391
-1583
-1765
-1467
-874
-1364
-1768
-696
174
-194
-513
579
2175
1956
1433
2124
2809
2484
2097
2738
3330
3389
3456
3754
4050
3741
3357
3266
2823
2477
2861
3277
2612
1918
2114
2378
958
1246
1232
1163
1324
-125
1044
1447
530
-123
108
565
-459
-289
216
-403
-652
-326
-462
-570
-784
-1036
-2354
-2161
-413
-494
-2395
-3563
-1374
-1174
-3747
-4107
-2586
-2665
-3792
-4537
-3882
-3287
-5052
-5079
-3959
-3229
-2685
-3191
-2075
-2477
-3025
-1925
-831
-369
-1075
-274
847
1594
2067
1972
2222
2199
2430
2868
3173
3355
3307
3421
3419
3589
3772
3211
2321
2173
2732
2803
2068
1656
1532
1488
748
605
784
555
278
20
1055
774
249
678
1091
366
-1090
818
1774
-578
-346
420
353
-720
-385
-869
-2144
-1701
-2003
-1136
-1953
-3854
-3425
-2758
-3732
-4067
-4332
-3733
-4594
-5459
-4553
-4729
-4744
-4914
-3918
-2760
-2799
-2764
-3494
-3087
-1826
-934
-455
-940
49
1476
1987
1899
1841
2631
2712
2476
2919
3993
4517
3758
3440
3919
4102
3538
2710
2331
2462
2888
2964
2373
1897
1548
1049
879
777
541
534
819
499
1257
1494
636
432
153
-72
679
1373
1096
608
651
664
812
322
-1687
-750
198
-1514
-2431
-666
-692
-3477
-4375
-3935
-2891
-4077
-6085
-5130
-4292
-5337
-6095
-5443
-3718
-3375
-4177
-4285
-3768
-2513
-1802
-1266
-925
-987
-156
1379
2428
2394
1880
2514
3182
3619
3740
3961
4392
3978
3952
4298
4661
3977
2685
2392
2669
3198
2800
2100
1520
1201
916
287
248
229
-119
-216
-12
371
876
403
-288
-125
418
1008
1551
1109
930
877
1242
1317
278
-86
-930
-1034
-790
-1101
-1435
-1875
-2902
-4135
-4108
-3940
-4909
-5256
-5486
-5503
-4566
-4137
-3798
-3425
-3408
-3928
-4155
-2382
-771
-400
-481
316
1874
2556
2675
2751
3153
3595
3812
4709
5351
5631
5135
4461
4493
4568
4485
3583
2858
2874
3282
3291
2482
1733
1153
519
35
39
327
249
-122
-180
196
579
278
-198
-294
478
1216
1406
1607
1492
1007
143
238
428
-164
-280
-609
-948
-1391
-2304
-2691
-3803
-4878
-5097
-5278
-5710
-6161
-6298
-5961
-5039
-4305
-3958
-4111
-4428
-4077
-2880
-1567
-558
213
848
1561
2330
3214
3530
3461
3594
4072
5021
5704
5743
5308
5090
4794
4446
4041
3368
2981
2750
2663
2629
2283
1525
625
-45
-415
-433
-329
-360
-558
-687
-624
-504
-480
-731
-529
-111
107
659
1016
784
256
19
-34
-262
-824
-1436
-1352
-1745
-2308
-2694
-3633
-4761
-5850
-6334
-6615
-6841
-6336
-5842
-5246
-4407
-4680
-5496
-5855
-5044
-3267
-2189
-1506
-382
820
1649
1869
2073
2306
2673
3193
3992
5145
5988
5759
4994
4637
4456
4194
3570
3097
3275
3566
3310
2723
1992
1093
261
-237
-150
297
496
130
-162
-167
-223
-454
-541
-291
255
856
1242
1420
1179
592
100
-140
-267
-411
-640
-762
-1225
-1947
-2589
-3557
-4843
-5834
-6262
-6402
-6276
-5791
-4866
-3684
-3578
-4879
-6041
-5652
-3853
-2300
-1341
-426
576
1500
1742
1846
2017
2301
2592
3149
4449
5706
5932
4811
3787
3416
3435
3302
2910
2913
3134
3051
2426
1715
851
-66
-630
-481
304
864
787
47
-494
-495
-333
-164
65
651
1313
1729
1739
1482
1067
357
-67
-5
242
144
-336
-1115
-1714
-2538
-3616
-4448
-5247
-5977
-6113
-5827
-5009
-3927
-3393
-4054
-5369
-5625
-4437
-2736
-1387
-594
253
1092
1633
2087
2364
2632
2870
3341
4358
5545
6172
5583
4256
3667
3661
3612
3398
3074
2940
2665
2064
1493
933
146
-812
-1113
-560
53
116
-500
-1221
-1329
-1123
-579
-59
316
702
1043
1283
1396
1282
898
453
346
698
857
510
-335
-1232
-1801
-2482
-3573
-4402
-4919
-5507
-5711
-5060
-3429
-1958
-2518
-4661
-6008
-4864
-2443
-786
-246
179
1432
2510
2683
2686
2917
3349
3588
4271
5736
7089
6804
4895
3566
3763
4184
3888
3399
3346
3496
2816
1783
1130
525
-416
-1384
-1076
233
923
164
-1202
-1657
-1316
-932
-593
-106
633
1115
1098
875
592
136
-531
-840
-403
226
182
-825
-2200
-3182
-3798
-4459
-5449
-6197
-6463
-5604
-3819
-2375
-2500
-4197
-6000
-5923
-3729
-1133
501
867
909
1519
2289
2780
2640
2540
2991
4077
5735
6826
6729
5185
3307
2702
3165
3750
3727
3150
2488
1933
1221
553
-191
-1155
-1828
-1588
-565
231
-235
-1685
-2780
-2613
-1693
-768
-206
143
398
533
437
172
-63
-396
-689
-539
136
459
-352
-1910
-3238
-3756
-4034
-4507
-5328
-6120
-5875
-4692
-3381
-2755
-3510
-5041
-5633
-4323
-2054
-229
353
437
958
1877
2454
2793
3078
3319
3835
4744
5727
6406
5740
4165
3435
3593
3992
4011
3625
3038
2324
1519
1017
697
80
-830
-1255
-839
-182
-202
-1217
-2203
-2319
-1830
-1197
-653
-323
-275
-345
-527
-408
-257
-594
-1155
-1359
-933
-462
-1060
-2500
-3472
-3882
-4233
-4552
-5227
-5754
-5364
-4269
-3078
-2635
-3297
-4578
-4614
-3182
-1024
738
1350
1419
1761
2418
3017
3651
3962
4225
4847
5615
6360
6594
5720
4510
3931
3831
4060
4305
4109
3300
2277
1456
1142
935
217
-547
-694
-361
-62
-356
-1111
-1726
-1909
-1722
-1087
-343
-165
-429
-718
-759
-549
-543
-900
-1321
-1565
-1560
-1523
-2224
-3141
-4031
-4754
-5196
-5659
-5885
-5348
-4388
-4073
-4238
-4318
-4299
-4108
-3636
-2382
-412
1093
1251
1062
1711
2677
3271
3383
3972
5259
6083
5867
5429
5269
5174
4893
4381
4306
4662
4590
3737
2906
2478
2142
1624
1020
828
1095
902
396
73
-109
-176
-438
-575
-54
581
523
63
-163
70
109
-232
-611
-668
-825
-1269
-1816
-2552
-3020
-3673
-4532
-5298
-5795
-5888
-5381
-4703
-4288
-4144
-3843
-3821
-4332
-4512
-3115
-446
1513
1595
972
1503
2702
3248
3079
3567
5060
6022
5763
5277
5406
5539
4745
3516
3713
4899
5162
3940
2678
2401
2150
1324
801
1246
1719
1063
18
-71
466
222
-746
-1012
75
1100
823
118
28
257
37
-513
-513
-180
-392
-1336
-2056
-2202
-2601
-3501
-4665
-5414
-5659
-5619
-5081
-4174
-3892
-4354
-4553
-4301
-4130
-4069
-3127
-1127
743
830
175
535
1533
2093
2028
2714
4223
5159
4805
4032
4117
4432
3759
2830
3085
4155
4235
2877
1829
2039
2018
1035
301
868
1597
1027
-188
-429
257
205
-687
-808
262
1136
695
-210
-346
33
-141
-831
-1064
-811
-937
-1714
-2510
-2988
-3448
-4342
-5419
-6146
-6103
-5183
-4384
-4145
-4540
-4715
-4556
-4522
-4251
-3039
-1039
416
404
23
644
1785
2172
1995
2527
3926
4779
4394
3739
3949
4295
3748
2917
3064
3794
3606
2438
1508
1550
1769
1112
432
678
1045
589
-256
-469
-62
40
-424
-486
242
901
729
213
140
284
257
-146
-446
-498
-693
-1135
-1747
-2115
-2659
-3516
-4358
-4929
-4779
-4297
-3922
-3909
-3729
-3419
-3463
-3944
-3798
-2221
-271
535
45
130
1337
2310
2109
1787
2828
4106
4223
3491
3318
4165
4279
3072
2332
2879
3368
2657
1626
1474
1680
1142
327
248
763
589
-315
-707
-161
283
-181
-675
-282
359
374
130
310
688
542
-234
-672
-433
-350
-909
-1628
-1909
-2183
-2902
-3881
-4249
-3947
-3729
-3945
-4331
-4084
-3240
-2721
-3046
-3277
-2373
-664
497
333
154
1019
2129
2390
2289
2968
4151
4529
3728
3248
4081
4763
4011
2927
2958
3562
3282
2278
1930
2242
1795
554
102
745
985
96
-812
-549
167
-158
-842
-646
-54
23
-452
-442
230
407
-349
-1103
-1080
-721
-882
-1475
-1955
-2194
-2642
-3484
-3619
-3053
-2552
-3023
-3886
-3601
-1982
-1025
-1885
-2685
-1816
133
1224
958
962
2024
2702
2108
1939
3243
4635
4452
3085
2944
4291
4838
3682
2571
2723
3004
2544
2035
2603
3068
1860
131
142
1273
1366
247
-517
84
644
115
-441
30
365
-224
-759
-242
720
491
-870
-1657
-1324
-936
-1227
-1801
-2277
-2812
-3734
-4383
-3750
-2670
-2770
-4011
-4654
-3480
-1685
-1483
-2576
-2699
-1309
195
543
465
1267
2354
2234
1451
1970
3598
4351
3287
2078
2707
4025
3931
2731
2315
2603
2258
1478
1586
2467
2238
459
-573
249
1070
486
-588
-629
50
-199
-876
-668
55
-72
-1001
-1243
-436
97
-800
-2020
-2209
-1781
-1742
-2150
-2480
-2950
-3759
-4548
-4362
-3287
-2893
-3838
-4703
-3943
-2289
-1560
-2142
-2374
-1336
-182
122
200
1190
2528
2648
1779
1705
3045
4078
3532
2629
2951
3900
3785
2683
2087
2243
1953
1195
1213
1973
1878
434
-733
-329
492
265
-377
-342
88
-187
-809
-554
192
274
-386
-623
-1
410
-186
-1097
-1384
-1322
-1570
-2007
-2221
-2451
-3071
-3657
-3672
-3273
-3270
-3981
-4216
-3369
-2233
-1958
-2400
-2359
-1390
-383
16
284
1059
2031
2182
1894
2146
3053
3610
3354
3164
3565
4021
3683
2868
2457
2455
2186
1852
2048
2236
1621
375
-269
55
326
-65
-490
-367
-242
-574
-912
-639
-222
-331
-664
-555
-101
-150
-802
-1239
-1202
-1194
-1500
-1850
-2016
-2317
-2733
-2936
-2776
-2720
-3111
-3700
-3359
-2186
-1257
-1301
-1945
-1936
-940
81
523
795
1424
1986
1892
1605
2069
3113
3479
2989
2663
3153
3558
2980
2097
2046
2334
2072
1577
1698
1853
1007
-253
-527
287
630
26
-488
-367
-281
-750
-980
-417
122
-149
-698
-653
-241
-335
-939
-1247
-1188
-1257
-1668
-2040
-2013
-1777
-2046
-2466
-2712
-2822
-2869
-2575
-1817
-982
-847
-1390
-1617
-894
328
1047
1262
1508
2081
2206
2203
2564
3322
3915
3733
3463
3644
3995
3505
2622
2471
2858
2872
2324
2055
1928
1253
148
-254
258
589
130
-562
-720
-744
-1093
-1314
-903
-417
-566
-962
-930
-655
-694
-1130
-1318
-1217
-1215
-1471
-1688
-1737
-1708
-1919
-2275
-2493
-2448
-2275
-1947
-1361
-892
-812
-1247
-1457
-760
355
1134
1255
1184
1438
1714
1789
1976
2658
3300
3269
2960
2949
3138
2857
2318
2199
2623
2656
2136
1745
1504
972
166
-34
372
474
-180
-957
-1122
-1211
-1501
-1684
-1247
-853
-1156
-1697
-1779
-1555
-1647
-2006
-2151
-1942
-1976
-2323
-2644
-2515
-2221
-2448
-2840
-2964
-2745
-2462
-2154
-1749
-1242
-1049
-1324
-1318
-577
462
1100
1192
1156
1175
1393
1634
2112
2808
3169
3046
2626
2461
2469
2359
2280
2441
2613
2368
1796
1220
937
661
331
234
304
198
-254
-769
-1099
-1264
-1413
-1440
-1330
-1278
-1504
-1938
-2196
-2252
-2286
-2364
-2335
-2329
-2472
-2630
-2656
-2528
-2520
-2688
-2855
-2737
-2357
-1995
-1610
-1204
-932
-900
-840
-409
403
1140
1493
1552
1647
1907
2221
2554
2942
3330
3470
3146
2637
2541
2774
2920
2842
2723
2531
1985
1270
923
1022
1068
800
397
200
-15
-538
-1025
-1073
-968
-1131
-1392
-1399
-1307
-1580
-2062
-2313
-2283
-2199
-2316
-2309
-2253
-2316
-2516
-2692
-2678
-2598
-2471
-2280
-2045
-1839
-1624
-1414
-1131
-802
-539
-140
406
860
1212
1442
1809
2073
2265
2409
2775
3113
3162
3000
2871
2900
2835
2710
2667
2621
2282
1754
1421
1365
1296
1001
598
343
129
-228
-479
-561
-651
-880
-1185
-1334
-1355
-1433
-1625
-1821
-1916
-1958
-2084
-2183
-2200
-2241
-2250
-2240
-2280
-2295
-2286
-2279
-2089
-1868
-1675
-1586
-1436
-1129
-746
-402
-194
38
321
746
1094
1437
1758
2033
2204
2242
2373
2762
3038
3144
3143
3008
2914
2819
2757
2683
2491
2301
2080
1802
1562
1278
1039
721
475
149
-84
-168
-470
-716
-977
-1095
-1255
-1428
-1649
-1786
-1807
-1833
-1892
-2036
-2015
-1951
-1890
-1881
-1819
-1726
-1558
-1364
-1275
-1177
-1058
-766
-370
-42
139
284
504
768
1030
1320
1640
2015
2070
1917
1837
2008
2252
2356
2445
2503
2387
2047
1823
1861
1923
1812
1656
1520
1313
991
661
560
473
237
-36
-206
-335
-560
-872
-1052
-1084
-1213
-1455
-1620
-1622
-1612
-1750
-1884
-1889
-1808
-1790
-1818
-1758
-1690
-1635
-1652
-1598
-1466
-1442
-1371
-1188
-795
-371
-129
-69
-63
74
440
745
1037
1323
1478
1422
1290
1421
1754
2034
2112
1891
1743
1557
1372
1386
1502
1458
1137
870
658
508
335
209
140
-9
-312
-745
-922
-969
-1108
-1333
-1493
-1585
-1692
-1746
-1747
-1723
-1822
-1975
-1985
-1852
-1764
-1796
-1651
-1463
-1402
-1444
-1430
-1277
-1145
-1066
-938
-629
-354
-294
-314
-209
37
167
345
625
1008
1166
1217
1193
1208
1358
1414
1549
1689
1770
1629
1370
1283
1293
1281
1132
954
821
690
518
294
108
-41
-246
-501
-604
-627
-710
-866
-1108
-1229
-1270
-1338
-1386
-1436
-1449
-1496
-1481
-1409
-1285
-1233
-1209
-1164
-1041
-845
-755
-682
-586
-388
-137
68
170
236
327
445
583
778
1009
1145
1133
1119
1108
1144
1169
1186
1204
1209
1182
1069
967
823
717
684
620
561
432
292
94
-63
-187
-273
-337
-394
-447
-540
-601
-673
-801
-963
-957
-889
-853
-866
-916
-901
-926
-962
-884
-731
-584
-536
-520
-466
-440
-348
-233
-143
17
163
240
363
482
489
529
643
786
884
888
893
943
928
834
770
797
837
752
704
630
492
423
400
369
333
332
294
183
122
157
196
128
92
66
79
32
-55
-118
-159
-244
-187
-75
-76
-110
-234
-256
-229
-196
-161
-133
-77
-87
-180
-169
-108
26
98
186
77
105
333
338
443
587
702
617
592
601
560
671
799
840
757
639
624
605
564
540
601
597
534
415
378
333
260
290
359
379
374
434
461
397
365
362
460
444
431
413
280
130
156
226
159
47
38
62
34
-36
-107
-61
-58
-142
-106
2
66
-34
-44
68
96
26
12
153
265
281
271
307
263
198
230
278
311
299
242
237
168
84
23
4
-56
-176
-191
-286
-374
-395
-361
-371
-394
-367
-291
-300
-293
-293
-299
-248
-277
-284
-316
-216
-138
-162
-132
-177
-161
-266
-336
-315
-258
-257
-295
-268
-277
-285
-288
-269
-247
-174
-104
-239
-340
-235
-136
-142
-161
-71
5
33
15
31
82
97
90
59
103
86
80
49
45
91
35
-126
-195
-173
-159
-228
-272
-263
-297
-393
-455
-460
-436
-484
-523
-451
-335
-272
-382
-341
-321
-300
-328
-261
-196
-194
-163
-197
-225
-238
-239
-247
-220
-181
-140
-174
-185
-174
-160
-191
-161
-115
57
45
62
126
138
102
71
128
184
280
322
372
323
292
224
213
249
240
250
235
189
131
81
66
18
-11
-33
5
7
-29
-42
-59
-32
-146
-171
-79
-17
-53
-118
-97
-110
-138
-198
-173
-180
-183
-203
-219
-225
-302
-360
-404
-426
-390
-367
-377
-393
-356
-323
-308
-328
-276
-159
-39
35
24
63
138
174
214
282
399
481
500
482
462
459
442
355
333
390
349
303
259
243
222
118
48
72
129
170
127
71
71
68
54
70
68
99
84
26
23
41
36
14
-27
-68
-105
-167
-213
-254
-240
-191
-260
-315
-337
-348
-399
-440
-434
-278
-105
-150
-85
-16
12
