-113
-209
-212
-200
-199
-188
-183
-118
-122
-153
-94
-141
-139
-152
-183
-181
-233
-220
-247
-258
-278
-317
-294
-286
-300
-317
-274
-334
-314
-272
-269
-288
-331
-293
-257
-202
-270
-404
-428
-382
-336
-318
-291
-330
-329
-325
-318
-318
-336
-330
-327
-318
-331
-318
-290
-282
-274
-280
-259
-284
-272
-261
-252
-236
-251
-261
-260
-251
-261
-239
-261
-230
-210
-183
-16
-45
-52
-69
-78
-51
-72
-57
-36
-26
-37
-38
-43
-20
-35
-62
-7
-36
-29
-27
-40
-32
-34
-18
-34
-30
-29
-38
-34
-56
-54
-46
-27
-53
-36
-8
-6
-26
-22
3
-1
5
-8
6
5
1
-13
-20
6
-48
-63
-52
-53
-42
-48
-58
-65
-78
-83
-76
-99
-95
-103
-135
-83
-112
-125
-120
-158
-157
-187
-200
-183
-171
-173
-173
-184
-198
-219
-238
-209
-215
-229
-209
-200
-188
-222
-218
-207
-215
-227
-217
-210
-200
-194
-188
-110
-128
-114
-86
-68
-44
-7
0
31
52
58
110
117
158
175
230
300
304
321
374
395
427
458
479
491
519
554
582
607
614
596
615
650
621
641
658
638
619
611
626
601
593
579
579
573
568
558
535
503
494
635
609
540
504
459
448
416
371
318
251
164
101
13
-55
-98
-158
-208
-224
-467
-471
-435
-483
-499
-585
-609
-662
-730
-854
-895
-815
-714
-755
-800
-811
-789
-755
-707
-655
-622
-507
-443
-378
-319
-231
-122
-11
107
207
337
490
644
754
834
902
1043
1105
1126
1175
1164
1197
1276
1311
1382
1353
1359
1359
1324
1340
1316
1350
1355
1353
1312
1287
1266
1211
1214
1187
1146
1014
981
937
864
825
793
777
706
639
567
516
447
384
331
264
248
137
70
9
-130
-202
-296
-477
-557
-610
-665
-731
-815
-858
-893
-1041
-1101
-1220
-1309
-1387
-1508
-1600
-1730
-1771
-1868
-1929
-1982
-2049
-2086
-2132
-2163
-2180
-2104
-2060
-1950
-1798
-1659
-1543
-1465
-1303
-1086
-849
-696
-639
-467
-229
-8
175
355
452
589
721
804
874
934
1009
1053
1096
1102
1125
1120
1097
1059
1054
1065
996
980
950
900
854
810
781
740
704
633
592
544
506
508
471
598
589
550
519
434
444
413
403
375
348
335
317
291
282
268
250
264
189
142
84
33
-27
-110
-168
-250
-328
-383
-466
-543
-618
-745
-839
-934
-1079
-1165
-1248
-1346
-1440
-1542
-1601
-1690
-1777
-1828
-1853
-1877
-1894
-1933
-1930
-1873
-1848
-1740
-1604
-1450
-1307
-1174
-1013
-859
-666
-439
-240
-24
209
372
508
693
833
999
1152
1231
1292
1312
1373
1433
1481
1503
1520
1509
1443
1384
1339
1366
1339
1344
1319
1256
1192
1097
1063
1011
974
906
837
788
729
681
682
711
666
655
609
565
542
545
537
496
517
470
465
418
399
403
395
392
311
249
210
144
101
56
-16
-108
-213
-309
-390
-489
-586
-696
-811
-904
-1059
-1184
-1275
-1406
-1529
-1648
-1780
-1901
-1975
-2028
-2031
-2062
-2087
-2066
-2064
-1983
-1909
-1627
-1425
-1313
-1194
-1049
-824
-590
-331
-74
167
372
547
651
808
1016
1185
1370
1527
1434
1588
1718
1736
1783
1806
1832
1809
1749
1604
1521
1581
1732
1708
1637
1573
1490
1442
1412
1386
1362
1331
1276
1211
1119
1068
1021
995
1014
961
905
861
825
806
757
764
746
682
616
558
489
442
415
374
342
221
154
93
11
-31
-120
-209
-308
-431
-571
-680
-734
-864
-988
-1116
-1228
-1409
-1533
-1665
-1780
-1895
-2029
-2155
-2317
-2385
-2417
-2446
-2478
-2486
-2456
-2428
-2309
-2198
-2040
-1874
-1743
-1597
-1422
-1202
-1061
-794
-479
-188
25
201
445
655
861
1030
1184
1297
1297
1338
1336
1416
1461
1461
1458
1396
1328
1258
1242
1234
1292
1244
1203
1171
1081
1025
933
883
886
906
825
632
515
507
540
547
551
462
386
353
311
287
259
247
218
193
144
102
65
33
4
-30
-47
-176
-273
-337
-396
-450
-519
-634
-776
-883
-987
-1074
-1178
-1295
-1383
-1516
-1540
-1663
-1802
-1956
-2100
-2159
-2303
-2392
-2476
-2507
-2560
-2594
-2607
-2588
-2504
-2375
-2166
-2014
-1839
-1683
-1492
-1245
-1019
-750
-472
-175
80
292
492
696
872
1075
1273
1350
1440
1509
1547
1591
1660
1718
1736
1759
1748
1671
1612
1628
1630
1620
1617
1508
1438
1349
1270
1244
1191
1165
1108
1037
990
917
850
814
774
687
642
546
520
517
483
467
429
379
321
275
203
158
102
67
27
-33
-90
-197
-256
-315
-392
-480
-611
-713
-840
-929
-1023
-1120
-1245
-1394
-1522
-1694
-1780
-1940
-2076
-2217
-2371
-2497
-2578
-2647
-2704
-2706
-2787
-2758
-2729
-2608
-2414
-2238
-2013
-1842
-1652
-1413
-1175
-917
-611
-316
-10
201
412
666
875
1066
1249
1391
1506
1535
1586
1649
1704
1762
1766
1794
1767
1725
1700
1728
1761
1741
1735
1692
1642
1524
1601
1661
1603
1586
1525
1461
1404
1324
1230
1180
1137
1092
1028
929
909
808
812
808
599
666
631
550
508
454
436
362
273
118
-23
-50
-16
-116
-218
-330
-447
-550
-642
-745
-819
-889
-1041
-1189
-1350
-1537
-1729
-1894
-2014
-2266
-2322
-2360
-2473
-2606
-2757
-2776
-2743
-2730
-2669
-2477
-2358
-2233
-2027
-1836
-1521
-1249
-953
-553
-199
123
374
600
933
1238
1514
1732
1799
1861
1946
2144
2375
2385
2349
2257
2227
2212
2174
2178
2229
2239
2225
1983
1669
1604
1649
1692
1758
1631
1424
1202
1086
1118
1056
946
814
765
708
587
529
585
640
547
328
201
170
200
181
144
16
-195
-377
-522
-559
-619
-704
-775
-915
-1152
-1384
-1591
-1662
-1653
-1748
-1870
-2119
-2375
-2593
-2761
-2914
-3158
-3341
-3348
-3365
-3529
-3726
-3879
-3794
-3604
-3453
-3187
-2725
-2354
-2355
-2592
-2527
-1741
-731
-104
42
118
486
801
902
984
1410
2194
2718
2658
2194
1914
2041
2282
2423
2331
2244
2138
2118
1984
1707
1443
1392
1610
1662
1431
1049
946
1026
1020
811
730
892
1035
953
694
659
721
778
793
831
874
799
715
694
669
520
440
538
682
603
258
81
99
102
-77
-269
-316
-399
-603
-918
-1089
-1131
-1176
-1342
-1649
-1886
-2137
-2226
-2375
-2553
-2705
-2907
-3119
-3465
-3578
-3446
-3277
-3336
-3722
-4026
-3939
-3557
-2912
-2277
-1890
-2006
-2572
-2573
-1614
-311
519
489
467
816
1090
1167
1352
2166
3054
3225
2750
2278
2339
2666
2864
2847
2694
2446
2238
2085
1966
1653
1418
1463
1550
1525
1194
1091
1185
1100
736
344
619
1139
1283
993
621
595
755
830
921
1109
1265
1160
793
556
546
760
973
995
787
495
270
190
119
61
-83
-170
-297
-544
-832
-1125
-1313
-1381
-1409
-1546
-1703
-1784
-1951
-2468
-3163
-3451
-3143
-2500
-2339
-2907
-3440
-3630
-3739
-3815
-3516
-2788
-1996
-1786
-2063
-2419
-2464
-1974
-1004
157
996
1001
712
912
1223
1520
1935
2876
3875
3974
3057
2246
2459
3224
3465
3309
3243
3312
2989
2242
1725
1767
2125
2269
2170
1915
1540
1135
935
953
1029
1206
1501
1711
1419
875
625
950
1460
1568
1512
1543
1538
1269
913
904
1255
1581
1571
1261
883
623
478
409
365
341
332
190
-240
-832
-1158
-1075
-987
-959
-1188
-1495
-1978
-2553
-2983
-2909
-2550
-2409
-2720
-3372
-3907
-4158
-4013
-3570
-3344
-3449
-3639
-3717
-3485
-3000
-2528
-2219
-2214
-2201
-1621
-547
386
519
267
733
1393
1778
1903
2374
3224
3360
2588
1994
2406
3255
3430
2862
2394
2236
2091
1874
1668
1651
1596
1334
1025
799
688
829
1061
880
286
-25
469
1132
1058
489
255
623
1072
1078
957
1069
1163
1025
797
852
1222
1379
1075
560
279
487
633
461
7
-410
-472
-558
-844
-1145
-1178
-1130
-1484
-2218
-2660
-2588
-2451
-2505
-2895
-3326
-3658
-3885
-3938
-3858
-3823
-3843
-3930
-4145
-4511
-4663
-4185
-3196
-2385
-2271
-2678
-2939
-2569
-1562
-328
374
532
506
844
1374
1716
2016
2496
3118
3369
3195
3054
3203
3221
2910
2630
2820
3151
3002
2447
1816
1400
1180
1243
1432
1394
1118
698
492
338
194
341
727
985
824
517
518
731
813
867
1080
1425
1579
1364
1184
1142
1234
1384
1416
1396
1244
1058
853
580
326
241
215
133
-178
-503
-777
-1154
-1704
-2094
-2011
-1741
-1806
-2428
-3224
-3792
-3889
-3925
-3919
-3893
-3876
-4095
-4442
-4686
-4638
-4463
-4240
-3924
-3190
-2241
-1958
-2502
-3061
-2409
-585
827
1125
827
1141
1850
1998
1902
2445
3659
4450
4029
3312
3237
3551
3575
3219
3164
3501
3448
2882
2080
1482
1317
1429
1578
1500
1214
904
679
406
78
139
714
1265
1154
705
638
786
1034
1231
1463
1897
2151
1873
1408
1251
1596
2063
2149
1975
1700
1650
1475
1028
538
747
1147
981
298
-333
-505
-636
-1052
-1536
-1513
-1220
-1563
-2374
-3071
-3229
-3177
-3377
-3686
-3776
-3700
-3738
-4143
-4379
-4354
-4129
-3824
-3519
-2864
-2030
-1653
-2141
-2568
-1811
156
1569
1627
945
1037
2048
2692
2878
3258
4101
4409
3821
3416
3827
4351
4039
3209
3039
3426
3398
2834
2142
1734
1443
1299
1468
1423
1071
575
292
337
278
217
452
682
671
342
329
704
942
952
933
1174
1499
1547
1314
1113
1219
1476
1435
1241
1048
1018
950
580
162
211
557
327
-490
-1071
-1129
-1107
-1539
-2069
-2219
-2191
-2716
-3597
-3981
-3829
-3808
-4304
-4865
-5027
-4838
-4786
-4982
-5243
-5271
-4959
-4631
-4116
-3293
-2562
-2525
-3142
-3166
-1737
221
993
595
457
1339
2093
2134
2354
3274
4073
3782
3154
3391
4017
3829
3008
2671
2998
3158
2650
2039
1699
1308
841
664
843
1007
753
355
55
-234
-350
-131
396
762
640
296
180
336
650
882
1055
1287
1416
1312
1017
899
1241
1577
1408
1114
994
1070
748
119
-108
161
262
-280
-1002
-1243
-1320
-1714
-2215
-2403
-2407
-2740
-3408
-3978
-4169
-4194
-4470
-4873
-5109
-4969
-4785
-4858
-5052
-5340
-5331
-4939
-3784
-2341
-1664
-2305
-3241
-2838
-895
1008
1601
1578
1766
2114
2112
2281
3387
4688
4923
4105
3569
4005
4422
3976
3260
3100
3384
3320
2778
2201
1771
1219
679
539
821
1350
1372
699
-352
-866
-485
378
966
1041
663
144
-73
58
637
1314
1615
1555
1366
1179
1098
1197
1503
1613
1494
1471
1453
1183
539
30
-9
269
250
-72
-538
-1040
-1646
-2268
-2504
-2276
-2064
-2475
-3339
-4018
-4364
-4525
-4734
-4861
-4813
-4551
-4565
-4955
-5298
-5392
-5148
-4596
-3129
-1672
-1155
-1986
-2893
-2322
-280
1680
2416
2584
2909
3057
2828
3039
4118
5367
5755
5126
4538
4581
4667
4145
3550
3501
3686
3627
3073
2413
1611
986
681
765
1275
1553
1134
287
-485
-697
-202
578
1052
1081
707
267
245
555
1112
1594
1887
1921
1789
1658
1531
1550
1699
1842
1802
1894
1846
1398
773
315
205
228
248
-6
-414
-987
-1805
-2507
-2695
-2348
-2259
-2662
-3435
-4225
-4768
-4954
-5244
-5181
-4869
-4403
-4482
-5090
-5742
-6078
-5656
-4515
-2551
-987
-688
-2166
-3325
-2607
-110
2242
3176
3212
3070
2836
2436
2685
4040
5682
6093
5121
4141
4034
4249
3841
3024
2528
2760
2908
2509
1657
904
229
-412
-703
-41
1103
1387
269
-1358
-2041
-1545
-320
601
898
656
83
-506
-593
55
805
1364
1543
1404
1081
880
838
781
755
935
1187
1301
867
-35
-953
-1356
-1240
-1004
-744
-899
-1525
-2618
-3660
-4214
-3939
-3286
-3313
-3966
-4895
-5668
-6135
-6312
-6020
-5442
-4789
-4982
-6109
-6777
-6002
-4105
-2336
-1705
-2223
-2734
-2164
-817
630
1746
2612
3126
3228
3099
3338
4311
5374
5454
4794
4405
4720
5092
4752
3828
3045
2783
2669
2276
2061
1896
1320
288
-547
-589
15
528
229
-497
-1026
-987
-620
-238
79
162
154
192
287
524
881
1151
1217
1251
1347
1570
1773
1753
1412
1011
973
1139
1254
1022
418
-93
-512
-814
-1043
-1057
-1099
-1561
-2360
-3114
-3394
-3387
-3443
-3848
-4134
-4493
-4896
-5354
-5728
-5564
-5318
-5159
-5424
-5591
-5458
-4932
-4088
-2686
-1394
-1017
-1632
-1971
-928
1225
2823
3284
3405
3799
4059
3792
3898
4900
6086
6153
5232
4474
4613
4842
4235
3341
2820
2808
2567
2027
1495
1161
744
151
-211
-184
272
326
41
-441
-595
-349
-41
183
355
457
553
739
877
1055
1208
1338
1563
1581
1575
1582
1659
1706
1392
923
690
771
721
338
-195
-551
-798
-1194
-1596
-1753
-1823
-1950
-2710
-3411
-3587
-3475
-3410
-3895
-4407
-4897
-5386
-5766
-5681
-5116
-4594
-4697
-5279
-5410
-4604
-2979
-1320
-558
-916
-1285
-751
594
2158
3308
4173
4573
4597
4218
4288
5091
6049
6297
5795
5356
5339
5359
4864
4080
3374
2904
2414
1962
1844
1815
1478
657
-225
-499
-107
344
432
223
-50
-131
-54
82
276
507
758
864
974
1215
1443
1572
1585
1431
1329
1472
1791
1876
1672
1191
654
384
316
112
-202
-469
-867
-1349
-1961
-2204
-2431
-2604
-3057
-3620
-3981
-3974
-4037
-4527
-5095
-5578
-5820
-6222
-6321
-6060
-5383
-4927
-5387
-6168
-6145
-4820
-2740
-1205
-742
-1052
-991
-255
844
1916
3052
4189
4749
4535
4102
4349
5203
5739
5247
4507
4404
4755
4792
4062
3211
2537
1865
1046
561
904
1479
1439
485
-650
-1211
-999
-555
-324
-130
-3
20
-201
-323
-144
144
350
401
575
1026
1519
1673
1365
900
618
745
1041
1297
1275
911
339
-290
-801
-1078
-1119
-1205
-1474
-2003
-2463
-2688
-2704
-3097
-3791
-4211
-4381
-4334
-4461
-4563
-4911
-5307
-6040
-6465
-5934
-5011
-4552
-4767
-5213
-5280
-4910
-3426
-1684
-102
347
-97
-384
376
1982
3256
4119
4612
5005
5006
4887
5066
5547
5880
5395
4565
4250
4572
4714
4310
3469
2440
1603
1072
1025
1374
1602
1325
641
40
-92
53
264
312
195
169
276
553
1038
1199
937
591
521
890
1366
1817
1998
1930
1535
996
730
873
1162
1032
531
40
-206
-445
-799
-1251
-1639
-1844
-2168
-2616
-2878
-2910
-3181
-3784
-4559
-5004
-5135
-5035
-5362
-5832
-6188
-6156
-6337
-6458
-6382
-5851
-4976
-4325
-3576
-2613
-1369
-682
-746
-495
507
2082
3246
3914
4445
5238
5651
5405
5056
5321
5835
5881
5486
5122
5146
5019
4293
3232
2429
2018
1594
1141
944
1059
1203
990
383
-98
-225
-127
-4
103
417
792
1059
1141
995
949
1103
1148
1281
1559
1909
2301
2447
2265
1809
1329
1012
905
926
906
726
514
141
-454
-1266
-1620
-1737
-1952
-2201
-2499
-2519
-2638
-3100
-4015
-4622
-4944
-5024
-5283
-5731
-6027
-6358
-6440
-6555
-6228
-6008
-5797
-5569
-5122
-3829
-2329
-1102
-902
-878
-275
898
2103
2945
3770
4728
5630
5812
5548
5662
6152
6252
5666
5120
5109
5377
5215
4346
3423
2748
2115
1449
834
747
981
1056
616
67
-69
47
92
-153
-235
38
470
780
964
1129
1276
1240
1086
1112
1284
1676
2008
2057
1960
1775
1601
1333
970
583
221
26
-106
-520
-874
-1172
-1482
-1816
-2219
-2681
-2979
-3211
-3506
-3920
-4298
-4617
-4912
-5202
-5666
-6200
-6523
-6778
-7062
-7160
-6878
-6546
-6381
-6009
-5434
-4510
-3347
-2323
-1917
-1625
-959
112
1382
2542
3225
3759
4424
4863
5038
5183
5485
5693
5509
5108
4786
4854
4910
4367
3412
2582
1939
1386
957
691
634
520
251
-120
-235
-141
-173
-321
-417
-277
60
478
766
957
1098
1173
1125
1245
1554
1701
1861
1961
2036
2023
1927
1674
1352
1075
704
321
128
67
-155
-617
-1104
-1482
-1851
-2164
-2610
-2890
-3085
-3321
-3861
-4323
-4623
-4909
-5114
-5566
-5975
-6424
-6757
-7038
-7039
-6722
-6362
-6029
-5537
-4964
-3939
-2842
-2048
-1775
-1358
-471
744
1871
2759
3531
4292
4935
5208
5276
5559
5918
6012
5653
5256
5138
5259
5018
4266
3375
2742
2174
1578
1125
891
791
611
294
76
51
67
-95
-349
-383
-105
187
440
654
902
1106
1160
1160
1280
1498
1692
1744
1772
1826
1884
1830
1638
1318
970
606
214
-47
-228
-412
-703
-1114
-1490
-1950
-2417
-2859
-3071
-3264
-3635
-4029
-4516
-4854
-5126
-5418
-5988
-6539
-6787
-6906
-6918
-6808
-6705
-6484
-5903
-5112
-4044
-3146
-2387
-2059
-1697
-970
120
1358
2444
3224
3912
4531
5063
5390
5674
5859
5864
5575
5358
5393
5594
5456
4896
4062
3262
2609
2028
1620
1346
1096
902
634
505
424
382
144
-127
-408
-287
111
420
760
969
1167
1182
1184
1306
1473
1678
1763
1864
1941
2048
2109
1942
1743
1511
1144
717
449
322
149
-136
-506
-839
-1196
-1504
-1876
-2254
-2582
-2931
-3323
-3761
-4137
-4480
-4973
-5473
-6025
-6439
-6518
-6690
-6732
-6649
-6314
-5936
-5371
-4464
-3473
-2556
-2101
-1813
-1229
-148
1111
2076
2779
3593
4412
5026
5363
5558
5845
5988
5773
5436
5237
5330
5350
4953
4236
3444
2818
2300
1823
1369
1005
693
437
246
194
146
-97
-364
-605
-663
-539
-253
148
427
509
603
734
971
1148
1206
1188
1214
1328
1358
1412
1401
1305
1073
681
281
-18
-141
-299
-593
-869
-1052
-1282
-1492
-1866
-2256
-2652
-3192
-3810
-4256
-4406
-4650
-5030
-5617
-6105
-6663
-6838
-6962
-6990
-7047
-6782
-6249
-5600
-4735
-3794
-2906
-2570
-2190
-1660
-587
698
1696
2323
3037
3988
4783
5159
5294
5476
5591
5432
5113
4992
5327
5355
4978
4128
3408
2907
2554
2110
1539
1028
724
559
516
549
431
224
-39
-386
-505
-451
-242
-23
164
333
459
657
842
963
934
820
814
939
1183
1259
1220
1102
883
564
235
48
-86
-183
-436
-733
-916
-1023
-1178
-1580
-2066
-2613
-3057
-3397
-3767
-4080
-4357
-4741
-5233
-5831
-6321
-6543
-6502
-6526
-6578
-6355
-5806
-5029
-4063
-3259
-2799
-2595
-2180
-1375
-190
959
1843
2582
3383
4172
4749
5148
5483
5550
5470
5300
5239
5463
5687
5502
4867
4091
3452
2925
2490
2055
1615
1219
955
774
731
677
461
137
-224
-404
-411
-362
-193
-59
61
230
393
583
757
749
685
619
678
893
1064
1131
1043
907
709
470
251
20
-139
-321
-405
-510
-565
-751
-1014
-1375
-1976
-2452
-2780
-3088
-3360
-3659
-3972
-4369
-4752
-5242
-5703
-5989
-6064
-6059
-6044
-5865
-5449
-4527
-3556
-2723
-2343
-2164
-1785
-1065
100
1205
1950
2519
3381
4376
5134
5552
5642
5863
5761
5687
5630
5815
6082
6008
5434
4643
4118
3821
3683
3241
2428
1725
1478
1546
1626
1529
1185
732
355
167
-4
-61
27
-3
63
237
432
657
846
870
587
382
523
846
1094
1114
972
863
885
825
613
233
-82
-127
-203
-308
-410
-517
-763
-1238
-1695
-2015
-2362
-2705
-2997
-3526
-3975
-4274
-4591
-5157
-5547
-5713
-5690
-5836
-6093
-5996
-5585
-4667
-3647
-2915
-2644
-2580
-2087
-1064
143
997
1498
2070
2907
3780
4569
5051
5312
5458
5433
5398
5413
5602
5828
5673
5104
4409
3950
3829
3663
3115
2168
1465
1281
1398
1379
957
402
9
-122
-272
-476
-625
-685
-655
-569
-418
-215
27
127
-20
-245
-312
-8
322
514
445
323
342
429
365
81
-116
-353
-671
-761
-728
-838
-953
-1186
-1568
-1923
-2267
-2496
-2924
-3479
-3834
-4314
-4593
-5098
-5496
-5610
-5711
-5831
-6145
-6358
-6141
-5333
-4397
-3644
-3300
-3106
-2635
-1893
-903
-59
720
1374
2112
2954
3829
4632
5103
5306
5266
5230
5348
5528
5741
5778
5531
5030
4629
4413
4224
3744
2954
2260
1922
1929
1866
1568
1096
583
261
48
-122
-363
-562
-706
-662
-517
-364
-270
-274
-246
-379
-469
-316
-89
106
146
78
89
225
355
269
180
-186
-460
-483
-398
-317
-331
-460
-734
-1069
-1709
-2095
-2374
-2599
-3005
-3412
-3780
-4208
-4611
-4928
-5256
-5591
-5866
-6088
-6052
-5669
-4832
-3941
-3507
-3567
-3536
-3014
-2064
-986
-81
459
992
1867
2963
4028
4640
4700
4598
4617
4969
5396
5763
5959
5777
5511
5324
5168
4989
4601
3861
3080
2670
2612
2663
2538
2029
1323
765
470
243
-47
-397
-784
-866
-660
-460
-316
-348
-550
-748
-866
-754
-432
-300
-160
-73
-45
247
318
323
343
163
31
189
148
76
260
306
42
-342
-664
-993
-1405
-1782
-2335
-2844
-2981
-3141
-3632
-4203
-4404
-4653
-4945
-5408
-5609
-5327
-4511
-3684
-3407
-3487
-3328
-2729
-1838
-1097
-666
-169
683
1794
2825
3593
4174
4452
4579
4739
5033
5441
5758
5914
5983
5982
5960
5843
5675
5361
4740
3998
3561
3509
3444
3109
2551
2025
1583
1274
794
242
-223
-517
-632
-625
-454
-465
-544
-835
-1089
-1146
-1111
-824
-673
-544
-432
-437
-53
32
-203
-74
-233
-338
-311
-412
-223
-106
-127
-60
-404
-822
-856
-1312
-1611
-1980
-2616
-2926
-3353
-3662
-3842
-4391
-4634
-4961
-5354
-5488
-5547
-4746
-3730
-3748
-4048
-4123
-3608
-2662
-2060
-1708
-1369
-651
350
1257
2062
2827
3107
3062
3162
3665
4385
4692
4779
4851
5073
5253
5208
5121
4841
4291
3517
3142
3260
3411
3110
2342
1636
1223
946
597
147
-313
-861
-1293
-1363
-1003
-1075
-1136
-1313
-1598
-1766
-1772
-1182
-940
-1419
-1570
-1349
-811
-147
-961
-963
-902
-1202
-766
-319
-284
-267
-486
-725
-643
-325
-273
-1304
-1747
-1758
-1868
-2175
-2591
-3042
-3364
-3275
-3198
-3990
-4689
-5053
-4713
-4171
-3823
-3678
-3835
-3726
-3457
-2981
-2414
-2162
-2039
-1558
-544
407
945
1358
2010
2496
2675
2695
3062
3809
4230
4271
4285
4680
4977
4949
4831
4657
4186
3633
3447
3507
3497
3030
2329
1854
1681
1325
795
219
-314
-816
-855
-711
-405
-356
-1130
-1101
-952
-1265
-1214
-1207
-820
-827
-1552
-930
-618
-193
-508
-944
-773
-719
111
-363
-538
-354
-234
345
49
46
-664
-746
-275
-787
-1100
-1868
-1788
-1648
-2105
-2225
-2639
-2937
-3097
-3581
-3974
-4339
-4269
-3547
-2949
-2950
-3569
-3511
-2873
-2289
-2121
-2302
-1891
-1033
-138
441
943
1615
2061
2197
2206
2444
3020
3631
3890
4016
4120
4437
4809
4818
4537
4061
3782
3638
3552
3383
3142
2808
2372
1924
1816
1556
1075
485
-154
239
374
-56
370
-122
-412
-109
-228
-673
-861
-586
-348
-312
-485
168
472
307
105
-180
-30
260
387
55
139
766
1159
1238
539
1
-106
252
418
-58
-522
-1073
-871
-838
-1632
-2047
-2491
-2677
-2681
-3162
-3721
-3772
-3626
-3154
-2861
-2845
-2886
-3022
-2909
-2586
-2183
-1842
-1780
-1405
-555
183
587
867
1321
1764
1819
1896
2375
3020
3398
3323
3290
3591
4007
3988
3677
3451
3213
3041
2835
2700
2537
2318
1969
1717
1380
854
475
530
260
-154
14
21
152
-14
-566
-562
-319
-720
-917
-678
-617
-340
-358
-589
44
-89
-63
160
-140
-439
533
407
260
13
560
387
-41
96
-497
-307
-246
-833
-1427
-1609
-1132
-1500
-1923
-2734
-2895
-2330
-2816
-3262
-3755
-3701
-3646
-3725
-3990
-4032
-3768
-3400
-2936
-2827
-3013
-3089
-2661
-2000
-1646
-1644
-1446
-693
-77
313
489
864
1377
1531
1504
1550
2003
2429
2636
2458
2273
2469
2688
2644
2317
1986
1794
1714
1693
1653
1569
1312
990
463
746
728
394
411
-28
-207
397
259
227
182
-5
208
180
209
15
557
535
150
461
1046
1186
637
-58
840
1037
556
414
321
229
540
85
502
117
-771
-510
-634
-943
-1600
-1575
-1043
-1420
-2104
-2375
-1887
-1728
-2788
-3321
-2763
-2342
-2309
-2896
-3120
-2474
-2486
-2724
-2670
-2081
-1636
-1704
-1622
-1444
-1224
-890
-567
-501
-449
-217
404
802
841
977
1290
1560
1352
1229
1600
2074
2051
1566
1625
2030
2131
1861
1616
1667
1544
1121
901
1175
1109
932
1149
652
802
1041
618
917
543
488
1039
1014
776
833
1453
1661
1004
889
1156
1664
1456
696
1023
1828
1455
596
473
609
1010
575
-364
-209
699
-120
-647
-992
-663
-572
-1089
-1270
-1690
-1379
-988
-1661
-2196
-1723
-931
-1795
-2000
-1736
-1613
-1394
-1340
-1689
-1603
-1197
-1368
-1289
-1672
-1196
-959
-1057
-805
-648
-629
-770
-643
-430
-338
-482
-305
135
341
581
756
937
1017
944
879
888
914
1167
1380
1393
1314
1282
1227
1301
1310
1268
1163
1134
1074
1018
1436
1328
1263
1210
1178
1693
1524
1243
1761
1838
1698
1861
1698
2220
2029
1378
1389
1622
1916
1060
667
888
1407
377
134
5
307
82
-432
-650
-741
-663
-996
-339
-1165
-988
-1247
-856
-625
-1849
-1229
-945
-746
-1655
-1285
-792
-797
-1242
-1422
-523
-973
-1545
-1337
-856
-978
-1394
-1370
-1448
-1598
-1695
-1788
-1555
-1627
-1375
-1297
-1170
-1466
-1424
-1133
-1302
-1119
-1312
-874
-852
-574
-606
-411
-98
-253
-356
-411
72
-40
136
60
416
679
554
429
591
1056
964
740
921
1106
1238
1249
1538
1487
1246
1625
1220
1381
1431
1325
1403
1308
827
1186
1367
933
109
55
832
541
63
-688
-347
617
-498
-930
-886
-202
-511
-1269
-980
-984
-517
-953
-763
-1035
-616
-259
-383
-427
-969
-460
-560
-285
-220
-1185
-468
-406
-505
-1149
-1134
-351
-1403
-1123
-1035
-1292
-1477
-1582
-1515
-1969
-1540
-1808
-1558
-1572
-1564
-1507
-1766
-1256
-1655
-1282
-1254
-946
-965
-818
-292
-114
280
-202
164
575
778
609
636
1132
1300
1342
998
1458
1813
1651
1543
1531
1993
1569
1499
1726
1856
1606
1357
1790
1325
1287
1412
1298
945
481
1014
1310
825
382
481
900
471
125
66
199
168
146
380
14
78
-577
588
385
-522
280
10
644
-278
0
2
250
209
-62
-51
-135
222
-735
-395
-77
-776
-788
-820
-328
-449
-1489
-1494
-932
-1144
-1771
-1691
-1252
-1736
-1900
-1895
-1180
-1730
-1553
-1570
-1333
-1146
-1461
-1136
-954
-446
-781
-312
-294
152
277
284
430
376
902
784
1112
917
1238
1438
1431
1074
1091
1693
1699
1636
1248
1694
1381
1449
1681
1462
1148
1292
1388
1030
1100
1020
1283
648
960
1193
1231
847
776
898
1097
988
667
687
513
1126
789
942
316
925
1198
519
444
405
613
617
690
727
18
-289
976
22
-81
-438
-171
57
-576
-356
-664
-440
-819
-754
-1439
-801
-963
-1463
-1326
-1586
-994
-1734
-2211
-1589
-1339
-1744
-2014
-1397
-1066
-1326
-1264
-1075
-928
-1353
-682
-495
-439
-506
-227
534
372
371
196
705
540
351
523
706
1087
655
623
754
1025
1185
712
803
532
426
803
942
803
486
306
882
833
-52
617
808
1006
221
667
1958
1202
368
285
1089
732
1418
760
399
1392
86
320
781
370
67
-204
1170
-628
-584
435
141
-460
-1099
-305
-849
-52
-317
-1208
-1103
-1633
-502
-1282
-1943
-1645
-1628
-907
-1493
-1573
-1425
-1678
-2258
-1765
-1213
-1892
-1728
-2047
-1065
-1570
-1769
-1260
-1184
-969
-1908
-1156
-750
-542
-763
-925
-272
-252
61
-371
217
468
198
429
525
702
488
668
693
697
124
638
1259
704
704
356
1206
1061
785
787
745
935
767
1134
934
1503
1311
563
1382
1280
1828
1757
822
1566
1240
2307
609
681
1639
1036
1109
448
1691
359
447
414
-36
75
17
135
-314
-912
-451
420
-1153
-630
-307
-1546
-853
-601
-974
-1090
-881
-1083
-1400
-1673
-1177
-1290
-1762
-1681
-1415
-1069
-1559
-1519
-1599
-1999
-1353
-1241
-1108
-1340
-881
-723
-1463
-1143
-720
-148
-669
-1130
-338
431
448
-123
-19
165
625
6
178
465
460
737
382
373
789
1070
709
-44
208
1081
1137
1101
1075
1125
1307
894
1205
1972
1497
746
1474
1444
1534
1772
859
1846
1382
1505
869
1303
1186
297
1154
319
709
652
44
-439
81
361
-794
-277
-138
-255
-1604
-374
466
-811
-558
-1498
-457
-56
-1417
-1368
-1048
-423
-986
-1804
-1025
-636
-1483
-1927
-1816
-1101
-1222
-1555
-1617
-1399
-974
-1286
-1089
-909
-586
-927
-1153
-603
-183
26
-384
-110
215
514
426
330
544
645
808
482
969
1007
962
742
682
838
1469
1981
303
519
1988
1920
1139
1403
1864
1490
1207
2096
1510
1727
992
694
2410
1187
1400
1572
972
1162
1675
930
729
1366
907
361
330
1019
655
52
187
-123
-846
690
112
-682
-829
-872
-206
-760
-781
-888
-940
-1089
-2060
-1488
-195
-1580
-1528
-1484
-1740
-1722
-2299
-2152
-1470
-1961
-2742
-2010
-1147
-1770
-2591
-1536
-585
-1491
-1914
-966
-346
-717
-1404
-472
640
47
-750
102
841
357
57
406
971
629
90
491
1028
1168
892
693
1462
945
765
1107
1498
1203
677
1986
1320
1274
876
527
1331
386
1024
1011
591
1483
705
1150
573
96
799
1297
1188
-1272
820
852
1103
-115
-1627
1429
-597
-776
-992
60
122
-2093
-784
-636
-165
-1861
-1737
-23
-1744
-2342
-2136
-224
-1453
-3098
-1666
-1508
-1815
-3594
-1894
-1494
-2681
-2364
-1956
-700
-1484
-1885
-1963
-1766
-964
-860
-251
-256
-416
223
721
985
504
417
554
1025
1219
1287
1720
1308
1076
965
1437
1807
1901
1192
377
1221
2152
1873
1181
1335
1516
848
1705
1072
945
1453
233
911
1097
1354
1569
-161
17
531
1067
-146
-8
1754
-656
-189
36
1207
443
-1228
-1085
-180
842
-1167
-1088
-281
-1460
-1625
-569
-524
-711
-1862
-2320
-1508
-967
-1921
-2983
-2327
-1549
-2039
-3547
-2821
-1910
-2193
-3245
-3437
-1239
-267
-2061
-2934
-1720
-537
-723
-1009
-56
570
176
366
1521
2286
1489
573
1328
2156
2046
2008
2208
2069
1701
1798
2526
2756
1442
709
1193
1894
1962
1632
1399
1254
440
1362
1393
1257
721
-245
1060
1070
723
1020
816
-721
164
1848
1383
-260
-1012
2335
679
-409
88
-730
1117
-2094
-1140
476
145
-945
-2197
382
-1382
-1288
-1318
-1633
-760
-3087
-1184
-1705
-2558
-2362
-3070
-1945
-3602
-2735
-1887
-1172
-1838
-2442
-1232
-1387
-1259
-1292
-225
327
-364
370
1693
2605
1690
1193
2265
2628
2707
2506
3079
3597
3175
2644
2731
3697
3204
1932
1433
2152
2516
2278
1832
1251
1545
1420
1007
430
1650
2045
112
816
1604
1534
553
-171
-73
784
1775
-310
381
900
-674
-920
-625
524
-531
-2048
-1999
518
-291
-3173
-1402
-1589
-2265
-2761
-2095
-1185
-3209
-3264
-2866
-2547
-2708
-4453
-3523
-2748
-2995
-3300
-2916
-1332
-1430
-2059
-2963
-2165
-1142
-1042
-788
-496
376
403
625
1329
1300
1512
1134
1624
2443
2915
3287
2852
2816
2394
2757
3495
3142
2480
1899
2262
2982
3150
2358
1625
1347
1222
971
1306
1314
1646
518
-766
713
1316
1071
-139
243
232
92
581
74
991
-763
-1923
-119
-636
-2729
-1386
-690
-3110
-3217
-1011
-1685
-3535
-3067
-3404
-2434
-3044
-3866
-3291
-4479
-4119
-4254
-4804
-4131
-3480
-3500
-3180
-1955
-1644
-2724
-3132
-1652
-719
-825
-461
706
2082
1643
1141
1874
2922
2822
2075
2902
4042
4386
3690
3256
3565
3733
3674
2840
2659
2979
3033
2988
2747
2557
1803
1383
1206
865
1641
1066
1249
991
333
1888
782
366
556
501
632
545
3129
495
261
367
215
650
-1587
-1142
-965
-993
-2376
-2461
-2007
-3768
-3796
-3881
-3285
-3765
-4526
-5007
-4984
-4320
-5864
-6098
-5129
-3585
-3425
-3564
-3116
-3533
-3939
-3210
-1554
-779
-1197
-637
1054
2239
2014
1849
2160
2555
2727
3378
4575
5242
4814
3831
3910
4883
4802
3659
2793
2960
3928
3976
3269
2576
2142
1105
382
982
1580
1033
546
-11
474
2025
702
1076
-229
-835
968
2294
2320
59
723
775
-276
-20
-597
101
-1615
-1465
72
-657
-2086
-3177
-3991
-3804
-2873
-4297
-3165
-4394
-6391
-5570
-4502
-2960
-3484
-2977
-3530
-4361
-3474
-2085
-663
-1524
-1806
-397
1422
2100
1441
1934
2240
2206
2383
3631
5194
4849
3704
3233
4329
5661
5189
3739
2806
3197
4148
4261
3732
3057
2415
1743
1128
1796
2639
1887
347
151
1084
1726
1596
13
-25
406
692
1469
1474
1164
546
124
-561
605
812
-1163
-1229
-1515
-902
-1980
-3076
-2592
-4338
-4753
-4387
-4900
-4078
-5753
-6354
-5876
-3593
-1810
-3213
-4090
-5256
-3694
-1908
-1176
-827
-624
395
720
1390
2474
2991
2724
1695
2231
4045
5516
5398
3794
3012
3598
4801
4675
3436
2869
2837
3322
3340
2999
2473
1294
82
-458
410
1268
936
-157
-995
-607
193
314
-45
-572
-500
520
1003
1607
1137
-372
-204
-24
-840
-1101
-989
-1624
-1748
-2793
-3174
-2371
-4113
-5434
-6049
-5673
-5416
-6469
-6623
-6042
-4078
-3116
-4838
-5940
-5644
-3540
-2374
-2169
-1424
-357
880
748
661
1365
2470
2956
2775
3411
4820
5871
5280
3721
3559
4945
5591
4703
3745
3936
4305
3834
2879
2517
2605
1794
636
676
1648
1221
-114
-800
-672
15
-54
-238
-20
-205
-526
-53
884
235
-342
-554
-659
-377
-1166
-806
-1116
-1997
-2723
-3601
-3187
-3548
-4874
-6206
-5795
-5368
-6183
-5991
-4499
-2690
-3447
-6024
-6628
-4665
-1777
-1403
-2443
-1833
-3
1415
1037
873
1715
2433
2357
2418
4302
6151
5662
3475
2704
4428
5727
4823
3517
3538
4203
4160
3473
3141
2909
1792
486
732
1838
2280
976
-764
-650
297
728
346
72
276
368
509
894
1138
408
-506
-451
-405
-209
-332
-1203
-1995
-2950
-3244
-3133
-3390
-4515
-5909
-6679
-6359
-5375
-4023
-2817
-3353
-5617
-6994
-5275
-2194
-919
-1903
-2023
-49
1714
1630
1094
1708
2592
2666
2833
4711
6879
6233
3468
2282
4238
5875
4938
3515
3636
4527
4063
2973
2887
2989
1717
76
458
2235
2724
818
-1189
-1191
-34
699
238
39
383
615
591
737
883
317
-198
-487
22
583
19
-744
-2204
-2582
-2633
-3116
-3349
-4201
-5027
-5550
-4549
-2568
-1695
-2834
-4886
-5391
-3998
-1956
-540
-73
-133
-117
367
1400
2362
2743
2756
2848
3699
5121
6075
5535
4087
3317
3939
4913
5003
4679
4248
3688
3002
2569
2629
2463
1651
563
536
1400
1580
457
-1092
-1564
-1021
-254
168
177
-107
-414
-577
-520
-179
-226
-458
-908
-1226
-1040
-1201
-1511
-2521
-3689
-4016
-4099
-4252
-4774
-5687
-6252
-5249
-3455
-2430
-3387
-5486
-6131
-4450
-1888
-637
-546
-190
418
879
998
1791
3072
3412
3049
3379
5126
6443
5573
3684
3115
3946
4567
4389
4156
4260
3670
2288
1321
1522
1864
1027
-278
-533
297
448
-802
-2188
-2268
-1535
-1142
-943
-682
-470
-670
-1190
-1348
-969
-611
-778
-1447
-1886
-1728
-1998
-2474
-3389
-4412
-4868
-5353
-5593
-5581
-5235
-4055
-2681
-2980
-5146
-6472
-4791
-2047
-957
-1242
-827
851
1656
960
660
2125
3831
3813
3325
4500
6371
5977
3474
2600
4221
5617
4966
3723
3870
4178
3047
1579
1416
2013
1727
416
-100
592
729
-511
-1995
-2065
-1297
-776
-711
-682
-750
-1147
-1305
-1056
-848
-750
-850
-979
-1440
-1999
-2357
-2638
-3073
-3795
-4597
-5106
-5121
-5558
-5861
-4874
-2996
-2132
-3274
-5384
-5644
-3130
-688
139
-30
475
1604
2036
1832
2257
3789
4816
4679
4791
5971
7019
6147
4181
3687
5047
5982
5378
4510
4355
3980
2843
1767
1746
2280
1625
297
-167
124
48
-1119
-2324
-2349
-1551
-955
-985
-1245
-1516
-1767
-1841
-1910
-1691
-1436
-1662
-2179
-2690
-3149
-3303
-3518
-4174
-5242
-6036
-5898
-5951
-5817
-4784
-3179
-2345
-3520
-5434
-5467
-3068
-646
322
397
894
1919
2284
2030
2438
3901
5004
5107
5436
6449
7063
6003
4440
4360
5628
6426
5916
5449
5216
4456
3459
2897
3084
3202
2494
1702
1506
1460
928
-208
-844
-699
-193
159
135
-263
-786
-1171
-1290
-1082
-1019
-1113
-1441
-1881
-2669
-3391
-3811
-4198
-4735
-5569
-6352
-6617
-6678
-6133
-4939
-3741
-3522
-4962
-6301
-5488
-2992
-872
-222
-254
369
1372
1824
1950
2793
4203
4828
4967
5472
6493
6830
5667
4600
4802
5820
6230
5717
5259
4800
3955
3032
2826
3264
3239
2208
1232
1015
1114
607
-301
-577
-304
16
48
-101
-229
-609
-963
-1012
-825
-689
-973
-1510
-2093
-2491
-3066
-3798
-4161
-4796
-5716
-6428
-6882
-6313
-4977
-4270
-4272
-5091
-6181
-6082
-4575
-2454
-971
-416
-237
-7
348
745
1606
2957
3643
3771
4190
4826
5175
4469
3663
3811
4311
4654
4582
4468
3998
2782
1877
1963
2611
2641
1805
1126
892
512
-137
-474
-312
-170
-358
-326
34
158
-351
-1027
-1087
-738
-613
-945
-1374
-1802
-2501
-3250
-3902
-4150
-4548
-5424
-6420
-7068
-6776
-5520
-4321
-3857
-4610
-5932
-6022
-4581
-2626
-1212
-822
-506
154
783
1292
1916
2876
3562
3804
4203
4898
5377
5021
4255
3914
4261
4754
4852
4627
4028
3099
2340
2039
2323
2614
2156
1298
697
455
315
25
-227
-443
-364
-82
121
126
-127
-523
-827
-959
-910
-873
-987
-1437
-2081
-2785
-3490
-4001
-4467
-4973
-5529
-5944
-5663
-4621
-3671
-3496
-4508
-5556
-5014
-3237
-1406
-456
-344
-224
165
769
1472
2388
3366
3758
3818
4006
4387
4707
4510
3928
3662
3954
4422
4444
4000
3121
2274
1832
1730
2157
2337
1687
746
160
102
237
184
-53
-67
7
-34
-15
68
128
-66
-382
-509
-393
-421
-776
-1358
-2053
-2671
-3229
-3741
-4141
-4620
-4896
-4575
-3943
-3638
-3749
-4138
-4547
-4269
-3215
-1674
-182
149
-286
-120
648
1576
2147
2686
3590
4347
4273
3843
3989
4552
4475
3718
3535
4192
4600
3949
2878
2507
2528
2034
1594
1806
1858
1202
139
-320
93
354
-66
-512
-388
-98
-327
-582
-476
-211
-413
-843
-1041
-940
-868
-1445
-2088
-2718
-3122
-3558
-4211
-4514
-4371
-3764
-3051
-2903
-3034
-3317
-3553
-3378
-2365
-710
749
1192
1002
1058
1554
2208
2616
3397
4387
4840
4646
4208
4345
4787
4521
3834
3886
4421
4411
3662
2611
2303
2231
1883
1648
1748
1560
687
-268
-579
-174
-14
-399
-597
-370
-367
-677
-902
-967
-941
-1227
-1716
-1663
-1403
-1681
-2440
-3234
-3832
-4275
-4664
-5177
-5016
-4387
-4024
-3891
-3811
-3743
-3711
-3779
-3295
-1960
-549
240
324
486
1017
1619
2021
2515
3650
4465
4318
3900
3898
4398
4433
3632
3359
3872
4104
3547
2583
2133
1968
1473
1002
1099
1449
886
-231
-852
-667
-293
-526
-858
-644
-407
-688
-999
-953
-801
-1022
-1679
-1919
-1734
-1804
-2312
-2894
-3455
-4076
-4687
-5337
-5186
-4447
-3967
-3988
-4243
-4127
-3903
-3755
-3387
-2338
-976
-183
-91
200
945
1665
1965
2201
3133
4077
4199
3799
3698
4241
4392
3764
3410
3897
4174
3545
2543
2216
2322
1872
1183
1080
1433
1062
55
-453
-162
143
-254
-671
-355
92
-113
-649
-666
-357
-499
-1089
-1440
-1272
-1386
-1993
-2649
-3189
-3595
-4245
-4936
-4816
-4041
-3557
-3826
-4156
-3858
-3397
-3293
-3092
-2096
-725
1
-74
297
1323
2096
2187
2277
3316
4390
4440
3954
4017
4723
4730
3874
3643
4234
4452
3475
2432
2485
2688
2036
1094
1073
1408
788
-337
-770
-246
-172
-832
-1078
-540
-114
-649
-1205
-916
-409
-637
-1260
-1391
-1140
-1325
-1857
-2355
-2807
-3270
-3904
-4272
-3783
-3067
-2943
-3443
-3814
-3362
-2840
-2575
-2289
-1540
-531
-54
-112
368
1347
2050
2062
2100
2951
3806
3889
3483
3700
4225
3997
3309
3297
3956
3931
2984
2241
2441
2499
1669
898
958
1168
508
-389
-493
-51
-237
-977
-1083
-567
-303
-751
-1148
-814
-460
-917
-1417
-1397
-1148
-1382
-1980
-2456
-2661
-2956
-3603
-3888
-3455
-2980
-2978
-3381
-3138
-2247
-2087
-2167
-1964
-970
258
674
837
1532
2367
2395
2084
2596
3874
4629
4323
4027
4442
4680
4042
3620
4071
4504
3886
2801
2648
2819
2255
1106
694
1047
944
171
-432
-329
-396
-1080
-1449
-1001
-481
-730
-1257
-1373
-1102
-1206
-1611
-1659
-1477
-1565
-1996
-2463
-2734
-2959
-3426
-3670
-3349
-2827
-2730
-3286
-3320
-2466
-1808
-1825
-1924
-1406
-360
249
362
966
1873
2272
1906
1957
2997
3946
3952
3598
3898
4269
3854
3299
3488
3967
3667
2562
2149
2465
2261
1314
693
834
802
165
-485
-570
-617
-1228
-1835
-1691
-1285
-1324
-1790
-1982
-1895
-2086
-2355
-2478
-2269
-2214
-2457
-2865
-3200
-3473
-3663
-3616
-3319
-2965
-3002
-3396
-3363
-2533
-1690
-1596
-1733
-1342
-470
118
236
871
1893
2341
1858
1661
2507
3529
3675
3416
3765
4091
3600
2849
3023
3788
3747
2824
2285
2524
2335
1337
640
838
950
256
-480
-490
-324
-908
-1604
-1693
-1242
-1125
-1555
-1812
-1766
-1894
-2403
-2640
-2425
-2205
-2375
-2935
-3313
-3512
-3600
-3474
-3246
-3136
-3300
-3629
-3603
-2724
-1695
-1202
-1217
-1218
-856
-312
285
1091
2122
2686
2463
2085
2368
3326
4141
4305
4225
4224
4045
3709
3680
3977
4082
3553
2858
2660
2602
2142
1485
1116
994
666
156
-155
-224
-557
-1227
-1664
-1541
-1308
-1431
-1767
-1944
-2051
-2370
-2668
-2643
-2401
-2387
-2724
-3153
-3463
-3555
-3482
-3180
-2946
-3050
-3332
-3504
-2877
-1824
-1228
-1231
-1285
-1004
-519
-78
538
1609
2341
2244
1781
1950
2888
3723
3833
3690
3859
3881
3407
3177
3661
4085
3611
2710
2416
2625
2286
1429
1084
1231
1020
204
-300
-95
-42
-778
-1440
-1281
-953
-1131
-1648
-1708
-1494
-1810
-2419
-2578
-2207
-2060
-2395
-2782
-2967
-3036
-3124
-3101
-2731
-2419
-2638
-3118
-3114
-2252
-1171
-644
-772
-795
-477
-110
202
972
2109
2722
2414
2003
2365
3239
3745
3773
4009
4365
4146
3343
3490
4286
4374
3621
2916
2986
2981
2309
1557
1539
1536
847
92
11
304
-44
-872
-1206
-1003
-1044
-1419
-1505
-1248
-1314
-1931
-2425
-2329
-1986
-2021
-2221
-2265
-2290
-2442
-2600
-2535
-2191
-2089
-2127
-2203
-2171
-1762
-1146
-691
-600
-605
-347
55
389
713
1359
2076
2183
1840
1838
2562
3283
3286
3208
3422
3512
3186
2945
3308
3623
3261
2499
2250
2311
2079
1496
1205
1188
763
23
-339
-120
-170
-757
-1328
-1431
-1450
-1660
-1920
-1805
-1709
-2105
-2572
-2503
-2141
-2096
-2207
-2266
-2250
-2396
-2602
-2540
-2181
-1948
-1977
-2089
-2075
-1867
-1547
-1133
-825
-609
-580
-404
-83
249
700
1131
1499
1620
1613
1774
2165
2379
2356
2493
2643
2630
2390
2234
2302
2255
1942
1618
1520
1379
915
425
120
-98
-422
-632
-715
-826
-1091
-1393
-1478
-1538
-1609
-1643
-1593
-1631
-1752
-1850
-1805
-1775
-1826
-1835
-1871
-1742
-1747
-1735
-1745
-1681
-1543
-1471
-1430
-1447
-1358
-1264
-1003
-620
-291
-192
-280
-166
153
584
973
1281
1522
1661
1711
1791
2020
2297
2452
2440
2420
2493
2375
2123
1917
1774
1565
1249
1022
830
567
203
-127
-341
-562
-741
-845
-746
-818
-1009
-1252
-1385
-1356
-1380
-1291
-1086
-955
-1059
-1199
-1203
-1143
-1219
-1177
-1059
-1014
-1074
-1143
-1074
-1031
-1073
-1062
-929
-827
-848
-818
-675
-461
-301
-171
-34
70
238
483
766
1100
1284
1322
1393
1551
1709
1785
1876
1927
1837
1638
1487
1358
1282
1129
915
740
598
436
295
144
45
-85
-194
-217
-328
-369
-478
-595
-672
-641
-607
-625
-710
-768
-788
-829
-861
-843
-816
-844
-867
-855
-798
-869
-928
-848
-765
-721
-694
-547
-482
-447
-402
-300
-158
-18
127
308
545
608
709
812
957
1129
1420
1559
1564
1651
1587
1464
1384
1399
1328
1200
1144
1056
887
707
551
512
461
478
306
253
315
213
158
40
7
13
69
-31
-72
-53
-117
-200
-228
-184
-154
-25
60
51
-88
-180
-115
-120
-95
-108
-67
-79
-117
-87
-60
-22
17
122
154
125
219
357
394
343
425
512
628
724
829
949
938
831
820
921
949
903
850
840
771
636
568
494
514
477
398
327
274
183
117
69
39
46
41
83
26
-44
-65
-101
-147
-181
-122
-39
-67
-144
-209
-252
-316
-366
-420
-399
-504
-582
-507
-450
-424
-495
-416
-380
-448
-542
-479
-381
-374
-359
-255
-206
-199
-174
-27
9
-3
36
126
201
233
311
342
367
225
187
205
243
215
108
51
-30
-58
-90
-149
-208
-250
-221
-188
-225
-270
-271
-277
-356
-342
-265
-162
-189
-234
-121
-89
-176
-234
-174
-95
-87
-186
-211
-208
-251
-297
-318
-256
-325
-352
-399
-289
-179
-221
-226
-219
-155
-218
-185
-85
-12
-62
-112
-53
-59
-46
-34
19
23
15
-19
-79
-115
-94
-84
-125
-193
-165
-149
-168
-287
-345
-277
-240
-206
-173
-72
-70
-79
-53
39
112
100
117
202
327
254
249
312
315
254
192
202
219
195
102
90
82
61
-5
-62
-53
-67
-44
-89
-115
-105
-118
-164
-171
-125
-97
-113
-146
-157
-114
-101
-134
-200
-165
-128
-199
-262
-253
-205
-215
-256
-276
-245
-267
-341
-456
-443
-369
-378
-327
-251
-189
-163
-161
-104
-23
53
122
200
267
367
353
345
382
382
412
443
466
448
408
344
332
317
289
285
300
283
286
261
264
198
162
223
235
252
219
206
191
172
136
103
76
59
79
51
71
-20
-104
-191
-248
-236
-91
-35
-111
-113
-171
-230
-282
-272
-278
-260
-213
-202
-190
-153
-151
-73
4
182
158
216
433
529
688
706
756
814
857
744
718
875
998
1013
915
856
874
920
913
894
877
863
836
768
758
678
629
585
540
552
529
452
370
369
353
262
239
217
142
39
-1
-70
-81
-132
-242
-240
-221
-283
-321
-323
-335
-347
-372
-379
-377
-373
-359
-395
-346
