279
273
278
288
334
320
323
328
280
262
284
254
201
177
144
121
116
128
129
110
147
95
88
93
67
79
64
87
59
75
83
57
75
89
81
48
73
36
51
65
76
69
52
68
51
63
40
48
35
29
33
13
26
-22
-69
-79
-131
-242
-245
-236
-195
-190
-132
-98
-153
-127
-101
-114
-78
-158
-166
-179
-218
-196
-229
-247
-251
-263
-283
-284
-321
-323
-341
-357
-304
-318
-342
-373
-367
-329
-267
-237
-321
-421
-430
-378
-337
-324
-330
-340
-301
-326
-313
-288
-315
-312
-306
-294
-298
-294
-278
-278
-270
-248
-257
-258
-222
-270
-278
-270
-267
-250
-258
-240
-257
-243
-230
-216
-210
-181
-42
-31
-20
-45
-47
-21
-54
-52
-48
-45
-45
-40
-63
-37
-20
-29
-28
-21
4
-49
-42
-52
-66
-53
-49
-58
-45
-49
-69
-70
-95
-95
-108
-99
-62
-95
-110
-92
-100
-82
-100
-93
-89
-87
-94
-94
-87
-100
-101
-106
-86
-119
-111
-97
-98
-88
-80
-74
-90
-71
-84
-77
-82
-101
-84
-59
-25
-67
-83
-80
-87
-70
-58
-46
-53
-46
-52
-56
-59
-56
-58
-37
3
-16
-10
2
-2
22
17
11
-16
-9
-3
3
3
21
56
54
104
68
92
81
116
117
111
122
113
141
117
150
150
158
151
160
189
157
168
167
137
170
162
174
196
197
199
159
147
156
141
148
174
131
135
136
121
120
112
132
127
154
133
123
124
125
95
187
326
249
255
252
233
238
253
237
204
176
147
106
22
14
-8
28
48
44
-107
-112
-9
-27
1
-19
-14
-31
-93
-217
-216
-103
-14
-31
-53
-92
-52
5
39
93
110
128
111
120
132
179
202
221
269
292
358
396
445
513
502
543
611
624
644
651
676
714
758
767
817
842
892
853
859
919
911
920
890
918
886
887
856
858
849
826
784
736
728
631
608
570
519
468
406
374
325
268
195
125
53
-4
-66
-134
-183
-306
-399
-513
-599
-760
-849
-876
-929
-976
-1024
-1010
-1105
-1158
-1184
-1236
-1235
-1363
-1396
-1410
-1468
-1451
-1493
-1518
-1553
-1579
-1567
-1556
-1515
-1456
-1348
-1270
-1158
-1038
-955
-854
-750
-596
-405
-226
-157
-166
-83
77
249
381
475
532
610
628
687
755
781
807
806
813
816
817
834
841
826
810
783
747
754
703
677
660
638
613
588
585
561
561
509
506
503
505
625
622
612
540
502
508
451
435
408
383
346
301
241
207
178
112
33
-34
-64
-192
-241
-302
-383
-452
-532
-597
-671
-760
-862
-946
-1054
-1137
-1218
-1259
-1271
-1380
-1442
-1475
-1555
-1577
-1639
-1644
-1651
-1653
-1634
-1625
-1579
-1540
-1492
-1413
-1256
-1166
-1023
-901
-779
-626
-480
-310
-126
29
163
297
403
530
659
810
931
973
988
1041
1079
1119
1164
1179
1166
1157
1124
1097
1095
1092
1050
1035
1019
960
932
909
850
810
777
726
681
656
662
659
645
621
616
622
651
615
619
612
607
591
570
577
548
541
487
457
420
387
348
307
289
188
132
63
-40
-122
-216
-279
-353
-425
-515
-609
-716
-807
-914
-1015
-1071
-1206
-1272
-1336
-1418
-1492
-1567
-1605
-1665
-1679
-1708
-1716
-1696
-1690
-1705
-1638
-1392
-1333
-1233
-1060
-905
-752
-613
-502
-374
-198
-15
182
324
479
603
758
934
1117
1108
1232
1387
1425
1509
1524
1596
1629
1600
1478
1412
1451
1498
1498
1473
1384
1350
1330
1315
1321
1297
1258
1175
1107
1035
1008
979
995
1009
996
993
943
946
962
925
898
900
854
777
727
709
689
681
640
590
535
507
417
353
336
262
176
91
2
-77
-163
-259
-373
-449
-523
-646
-766
-832
-972
-1094
-1187
-1283
-1381
-1498
-1583
-1698
-1770
-1851
-1911
-1927
-1947
-1938
-1970
-2003
-2088
-2113
-2097
-2017
-1971
-1819
-1614
-1459
-1312
-1202
-934
-733
-549
-291
-97
126
202
326
529
702
854
939
956
1016
1041
1091
1187
1214
1222
1192
1118
1116
1103
1085
1039
968
957
949
964
910
735
638
633
587
555
498
475
526
467
453
426
394
407
389
386
362
341
320
282
274
312
311
291
275
180
134
102
38
0
-52
-117
-198
-287
-363
-460
-516
-610
-594
-653
-746
-897
-1038
-1115
-1271
-1377
-1479
-1567
-1659
-1789
-1912
-2008
-2072
-2136
-2182
-2199
-2189
-2283
-2319
-2319
-2319
-2204
-2068
-1930
-1763
-1611
-1467
-1301
-1109
-890
-670
-450
-169
32
216
416
617
871
1055
1166
1257
1361
1445
1531
1576
1604
1640
1626
1627
1532
1512
1512
1487
1467
1409
1341
1283
1256
1205
1153
1083
986
927
903
890
832
814
808
749
694
682
677
663
652
619
576
545
533
509
524
557
499
466
436
355
302
282
254
151
71
-20
-107
-184
-240
-323
-420
-494
-662
-765
-901
-1003
-1099
-1228
-1332
-1505
-1593
-1720
-1846
-1968
-2105
-2216
-2307
-2297
-2331
-2329
-2347
-2422
-2444
-2403
-2333
-2133
-1885
-1680
-1493
-1413
-1246
-1003
-743
-412
-207
48
260
381
584
832
1122
1347
1478
1537
1579
1631
1706
1804
1908
2123
2089
1992
1981
1946
1977
2000
1971
1868
1747
1620
1587
1513
1468
1399
1342
1290
1229
1150
1061
1193
1183
1154
1094
1059
1060
1032
930
854
881
930
910
869
804
830
842
804
778
709
677
618
586
512
376
264
148
61
-3
-46
-166
-249
-407
-572
-750
-882
-988
-1168
-1308
-1481
-1652
-1815
-1960
-2096
-2198
-2269
-2426
-2481
-2454
-2460
-2489
-2532
-2512
-2453
-2266
-2068
-1855
-1654
-1441
-1247
-1059
-803
-546
-216
99
358
490
662
900
1143
1405
1562
1658
1726
1730
1775
1836
1923
1972
1946
1859
1760
1570
1515
1548
1581
1526
1411
1385
1263
1222
1209
1188
1181
1038
920
818
738
730
717
653
573
484
425
412
414
401
371
308
263
213
187
149
92
92
106
95
-2
-170
-309
-313
-351
-445
-571
-678
-739
-852
-914
-987
-1115
-1262
-1425
-1566
-1687
-1774
-1872
-1997
-2162
-2262
-2490
-2617
-2642
-2811
-2808
-2834
-2905
-2880
-2919
-2916
-2832
-2683
-2475
-2307
-2088
-1838
-1525
-1201
-924
-720
-420
-31
223
433
585
850
1246
1599
1847
1924
1948
1989
2026
2110
2202
2161
2181
2157
2005
1851
1727
1725
1716
1578
1344
1176
1128
1166
1145
1050
992
911
877
857
809
830
896
943
935
855
799
847
889
904
827
717
715
684
722
689
666
631
528
474
341
249
209
174
44
-141
-328
-432
-523
-696
-852
-1049
-1206
-1390
-1544
-1714
-1979
-2185
-2365
-2543
-2744
-2994
-3221
-3318
-3347
-3340
-3291
-3140
-3003
-3108
-3383
-3514
-3073
-2048
-1193
-872
-1005
-1118
-857
-369
256
851
1533
2111
2251
2030
1802
1997
2489
2923
2977
2796
2583
2566
2568
2447
2192
1781
1627
1508
1281
1100
1084
1168
1011
494
-34
-211
11
342
468
408
261
140
177
301
461
640
868
1036
1092
1165
1306
1521
1641
1568
1455
1455
1820
2078
2106
1946
1638
1423
1341
1249
1115
1099
1021
816
321
-133
-389
-447
-541
-775
-1101
-1418
-1428
-1661
-1905
-2095
-2239
-2368
-2612
-2876
-3064
-3072
-3129
-3340
-3509
-3497
-3114
-2703
-2683
-3020
-3321
-3168
-2610
-1823
-934
-229
-82
-515
-871
-407
729
1792
2466
2697
2681
2377
2182
2388
2844
3346
3468
3287
3031
2678
2464
2374
2238
1916
1497
1289
1296
1276
1055
643
186
-170
-389
-246
216
580
455
-62
-458
-475
-12
643
1089
1259
1082
907
937
1143
1572
1964
2169
2080
1859
1834
1932
1867
1809
1689
1566
1378
1110
1066
894
573
143
-100
-159
-312
-456
-705
-1030
-1541
-1918
-2065
-2148
-2307
-2514
-2774
-2933
-3250
-3577
-3819
-3935
-3938
-4022
-4190
-4219
-4131
-4033
-4107
-4373
-4314
-3930
-3387
-2834
-2171
-1506
-1233
-1673
-1901
-1124
353
1559
1825
1790
1898
1926
1879
2063
2713
3453
3622
3248
2784
2421
2300
2262
2140
1944
1575
1351
1321
1063
462
-157
-371
-189
-75
-242
-387
-438
-576
-856
-664
142
811
753
284
102
546
1155
1557
1755
1867
1942
1786
1752
1846
1974
2243
2334
2022
1740
1678
1746
1528
1065
779
614
603
451
143
-304
-828
-1253
-1402
-1483
-1685
-1903
-2094
-2447
-3003
-3380
-3341
-3104
-3274
-3734
-4203
-4308
-4353
-4310
-4231
-4047
-4060
-4100
-4055
-3977
-3698
-3292
-2361
-1318
-732
-1124
-1561
-1045
400
1671
2066
2066
2272
2701
2697
2534
2914
3806
4195
3718
3089
2992
3158
2970
2477
2063
1936
1898
1722
1357
775
128
-106
-42
14
-95
-180
-184
-415
-850
-1072
-655
8
461
454
546
705
687
668
769
1441
2146
2456
2203
1848
1768
1945
2063
2099
2319
2412
2322
1739
1118
974
1025
1025
860
695
461
-91
-784
-1232
-1313
-1192
-1205
-1513
-2001
-2595
-2955
-3176
-3216
-3204
-3166
-3292
-3625
-4283
-4579
-4493
-4178
-4133
-4053
-3880
-3606
-3413
-3574
-3686
-3106
-1496
-231
-298
-1162
-1087
421
1862
1956
1776
2493
3556
3618
2743
3005
4111
4665
4081
3406
3623
4095
3726
2722
2132
2148
2340
2279
1799
1214
674
379
334
242
194
263
285
59
-287
-443
-121
301
499
720
937
1288
1334
1053
1023
1573
2364
2620
2263
1932
2008
2121
2014
1845
2087
2493
2227
1463
937
958
1091
742
336
299
350
-7
-862
-1522
-1487
-1229
-1248
-1663
-2055
-2358
-2775
-3277
-3457
-3284
-3082
-3303
-3986
-4374
-4660
-4708
-4722
-4437
-4108
-3948
-4121
-4257
-4271
-3534
-2146
-1260
-1439
-2229
-1689
275
1783
1606
1147
1927
3177
3195
2598
3103
4278
4343
3156
2653
3443
4144
3453
2223
1760
1963
1986
1508
1049
721
289
-150
-386
-473
-343
-322
-570
-854
-1063
-782
-306
-145
-295
-222
308
889
871
659
768
1273
1864
1931
1749
1752
1924
1875
1555
1446
1893
2277
1840
993
609
951
1042
429
-79
-14
74
-450
-1346
-1629
-1347
-1290
-1892
-2515
-2522
-2361
-2763
-3371
-3640
-3303
-3287
-3943
-4634
-4766
-4431
-4406
-4577
-4606
-4297
-4195
-4256
-4463
-4426
-3569
-1781
-441
-851
-2376
-2366
-181
2071
2257
1570
1967
3062
3116
2298
2751
4370
4983
3780
2652
3276
4234
3710
2180
1541
2140
2593
2016
1154
700
282
-220
-559
-198
313
268
-409
-946
-874
-487
-132
61
342
688
945
990
896
906
1185
1804
2467
2672
2312
1914
1902
2023
2056
2017
2293
2529
2082
1145
558
849
1113
734
224
174
171
-391
-1468
-1996
-1456
-967
-1309
-2235
-2668
-2735
-3032
-3604
-3752
-3236
-3089
-3739
-4545
-4764
-4679
-4900
-5302
-4936
-3899
-3177
-3704
-4868
-4918
-3061
-1036
-545
-1515
-1666
-91
1396
1429
1110
2078
3598
3816
2934
3041
4431
5086
3997
2782
3342
4599
4548
3174
2099
2047
2174
1706
1193
1239
1250
585
-350
-740
-210
307
199
-194
-388
-49
258
316
292
561
1121
1721
1863
1651
1560
1785
2314
2643
2832
2663
2726
2789
2389
2038
2105
2595
2642
1942
1122
1015
1178
857
127
-85
363
311
-653
-1549
-1571
-1125
-1237
-1945
-2242
-1999
-2151
-3250
-3992
-3680
-2675
-3003
-4265
-5040
-4745
-4120
-4423
-4946
-4621
-3558
-3471
-4322
-4736
-3042
-813
-430
-1603
-2067
-231
1991
2106
1279
1801
3431
4151
3266
3014
4314
5256
4402
3039
3207
4500
4583
3162
1979
1929
2263
1875
1110
765
752
314
-359
-631
-422
-107
-213
-478
-521
-432
-265
-62
242
556
797
924
1205
1353
1463
1743
2186
2700
2617
2180
2020
2195
2315
1936
1565
1797
1885
1286
509
239
523
319
-502
-938
-791
-594
-1326
-2364
-2532
-2111
-1947
-2558
-3156
-3198
-3052
-3542
-4055
-4064
-3851
-4192
-5304
-5585
-5105
-4471
-4829
-5385
-5213
-4470
-4312
-4810
-4396
-2549
-875
-1112
-2192
-1785
193
1624
1492
1471
2660
3815
3471
2599
3117
4506
4835
3858
3182
3699
4079
3335
2279
1904
2051
1886
1215
690
498
130
-483
-1024
-916
-454
-152
-186
-493
-775
-820
-388
195
996
1565
1543
1327
1259
1531
1907
2463
2994
3146
2761
2256
2044
2205
2336
1999
1843
1928
1755
1033
299
34
-5
-188
-535
-743
-773
-1024
-1959
-2788
-2744
-2168
-2040
-2416
-3125
-3474
-3701
-3571
-3774
-3784
-3947
-4398
-4862
-5054
-4599
-4293
-4319
-4789
-4628
-4019
-3545
-3804
-3265
-1428
12
-472
-1570
-952
1285
2715
2400
2138
3244
4356
3795
2824
3416
4889
5033
3749
2898
3443
3918
2917
1503
1174
1680
1537
680
37
-26
-179
-849
-1264
-1077
-365
-203
-529
-916
-390
699
934
768
975
1725
1939
2241
2657
2950
2975
2851
2658
2898
3331
3042
2633
2638
2293
1610
1454
1696
1343
629
57
-298
-359
-561
-1261
-1789
-1591
-1704
-2468
-2882
-2742
-2535
-2778
-3367
-3578
-3230
-2969
-3666
-4160
-4046
-3644
-4168
-4543
-4577
-3977
-3715
-4213
-4363
-3651
-2658
-2889
-2361
-1238
219
193
-543
-53
1858
3323
3183
2866
3606
4572
4203
3506
3917
4936
5105
4025
3188
3573
3819
2967
1780
1383
1517
1279
609
60
-150
-473
-849
-1077
-655
-81
86
-61
-394
-272
292
1032
1811
2246
2272
2140
2217
2611
3163
3480
3618
3512
3318
3088
2844
2788
2733
2341
1787
1557
1487
1245
556
-217
-620
-807
-984
-1390
-1662
-1836
-2238
-2928
-3336
-3088
-2770
-2848
-3460
-3725
-3819
-3786
-4119
-4566
-4582
-4376
-4387
-4698
-5028
-5017
-5059
-5132
-4711
-3738
-3003
-3035
-2630
-1305
0
-233
-877
-208
1806
3161
3017
2804
3588
4423
3776
2899
3368
4779
4953
3611
2542
2544
2746
1904
694
415
723
475
-427
-1127
-1378
-1474
-1799
-1952
-1598
-985
-588
-738
-924
-732
-100
691
1444
1968
2238
2305
2462
2812
3135
3343
3537
3649
3586
3205
2869
2708
2601
2145
1470
1108
1192
950
160
-716
-1085
-1183
-1531
-1922
-2164
-2221
-2498
-3237
-3901
-3789
-3227
-3055
-3693
-4318
-4523
-4521
-4702
-4850
-4709
-4543
-4588
-5386
-5667
-5351
-4740
-4533
-4206
-3634
-3177
-2414
-1344
-323
-97
-235
153
1447
3007
3674
3840
4180
4562
4159
3570
3885
4934
5306
4408
3207
2827
2816
2179
1101
659
585
198
-581
-1169
-1218
-1298
-1752
-2191
-1954
-1243
-762
-626
-569
-399
42
759
1463
2189
2726
2882
2908
3200
3682
4015
4147
4139
3953
3660
3407
3268
3161
2791
2018
1347
1105
1022
550
-147
-622
-1004
-1474
-2108
-2435
-2503
-2622
-3115
-3851
-3875
-3601
-3246
-3630
-4226
-4620
-4633
-4594
-4803
-4905
-4772
-4784
-5269
-5625
-5334
-4897
-4348
-3951
-3294
-3033
-2633
-1636
-354
409
363
678
1696
3074
3675
3838
4258
5008
5016
4305
4014
4666
5181
4606
3413
2896
2870
2456
1404
622
413
118
-579
-1350
-1406
-1151
-1246
-1521
-1538
-1167
-773
-518
-314
134
802
1556
2136
2537
2899
3121
3443
3833
4346
4562
4536
4674
4556
4286
3875
3538
3347
3170
2534
1793
1409
1212
730
-104
-727
-918
-1116
-1560
-2173
-2432
-2409
-2762
-3352
-3695
-3263
-2959
-3116
-3842
-4246
-4159
-4270
-4564
-4880
-4433
-4173
-4483
-5201
-5395
-4805
-3616
-3175
-3432
-3839
-2781
-764
650
774
443
1050
2215
2913
2885
3700
5214
6122
5188
3905
3963
5097
5346
4193
3045
3068
3234
2473
1191
576
499
-78
-1318
-2186
-1927
-1191
-1113
-1618
-1928
-1652
-1274
-1025
-867
-393
582
1369
1963
2250
2627
2957
3286
3552
3774
4172
4646
4906
4608
3965
3327
2984
2761
2422
1847
1408
1245
853
-11
-984
-1546
-1715
-2085
-2717
-3111
-2884
-2827
-3452
-4181
-4213
-3701
-3531
-4005
-4770
-4655
-4381
-4556
-5210
-5454
-5007
-5200
-5884
-6545
-5966
-4883
-3511
-3382
-3958
-4480
-3294
-1494
-120
267
532
1347
2429
2749
2727
3559
5031
5578
4572
3755
4251
5392
5285
3837
2618
2578
2490
1728
866
624
617
-265
-1743
-2665
-2380
-1596
-1599
-2065
-2374
-2143
-1903
-1071
158
920
1061
1003
1527
2090
3140
3933
4318
4392
4417
4132
4188
4710
4824
4065
3266
2906
2784
2626
2085
1188
574
189
-639
-1317
-1300
-1165
-1770
-2710
-3458
-3507
-3111
-3195
-3635
-3719
-3525
-3724
-4257
-4478
-4461
-4182
-4211
-4769
-5226
-5104
-5057
-5428
-5596
-5368
-4278
-3238
-3132
-3829
-3158
-1244
95
168
53
797
2413
3444
3192
3351
4753
5828
5222
4192
4266
5251
5582
4515
3121
2953
3194
2448
1149
466
269
-125
-1071
-2138
-2316
-1774
-1453
-1744
-1981
-1757
-1380
-1067
-766
-326
564
1520
2132
2570
3011
3390
3843
4274
4438
4401
4492
4738
4830
4547
3882
3385
3223
2840
1887
1013
833
819
321
-681
-1397
-1520
-1657
-2408
-3203
-3296
-2904
-2937
-3565
-3819
-3355
-2833
-3269
-4236
-4654
-3995
-3428
-3634
-4314
-4585
-4313
-4590
-5084
-5373
-4535
-3283
-2646
-3100
-3529
-2342
-542
393
283
343
1164
2719
3317
3423
4065
5385
5911
5060
4178
4438
5385
5522
4443
3285
3170
3281
2611
1470
800
529
3
-1046
-1975
-1961
-1327
-1165
-1675
-2012
-1723
-1120
-598
-379
-40
836
1878
2635
3069
3450
3932
4378
4562
4529
4627
4982
5299
5117
4579
4095
3762
3481
2690
1703
1004
762
464
-165
-888
-1441
-1707
-2216
-2952
-3513
-3438
-3179
-3376
-3630
-3700
-3372
-3218
-3482
-3945
-4064
-3877
-3876
-4213
-4382
-4299
-4457
-4915
-5406
-5198
-4250
-3548
-3768
-4160
-3580
-2169
-842
-417
-393
208
1325
2042
2142
2715
3917
4868
4639
3982
3947
4704
5099
4343
3265
2779
2720
2418
1616
931
471
50
-866
-1983
-2325
-2035
-1796
-2109
-2424
-2354
-1798
-1322
-1064
-775
-233
523
1162
1862
2563
3274
3786
4069
4230
4378
4487
4597
4613
4370
3989
3717
3507
3094
2273
1402
704
189
-375
-1113
-1653
-1978
-2259
-2844
-3413
-3729
-3792
-3876
-4123
-4319
-4225
-3810
-3792
-4122
-4337
-4129
-3872
-4086
-4740
-4959
-4533
-4260
-4550
-4334
-4050
-3701
-3858
-3663
-3010
-1626
-353
-79
-147
249
1251
2030
2555
2744
3281
4009
4439
4327
4433
4848
4826
4054
3179
2600
2557
2607
2095
1197
506
81
-430
-912
-1403
-1817
-2196
-2340
-2367
-2045
-1451
-936
-575
-290
76
544
1248
1855
2323
2791
3424
4114
4578
4832
4857
4793
4608
4274
4011
3911
3760
3413
2804
1996
1342
843
242
-599
-1418
-1959
-2307
-2599
-2901
-3198
-3318
-3610
-4081
-4477
-4375
-4236
-4079
-4188
-4322
-4226
-4012
-4025
-4322
-4521
-4727
-4343
-4215
-4243
-4701
-4343
-3496
-2854
-2406
-1654
-333
633
531
6
548
2071
3087
2932
2900
3812
4989
5234
4675
4332
4558
4315
3291
2387
2423
2815
2443
1413
473
91
-133
-688
-1500
-2018
-2164
-2111
-1972
-1668
-1274
-894
-528
-265
19
577
1191
1771
2470
3097
3594
4022
4527
4938
4968
4704
4458
4579
4641
4387
3935
3480
3294
2720
1822
1028
538
55
-712
-1610
-2142
-2165
-2250
-2730
-3350
-3562
-3522
-3659
-3887
-3975
-3776
-3647
-3866
-4177
-4262
-4108
-4138
-4422
-4887
-4759
-4396
-4201
-4010
-3520
-2569
-1857
-1127
-596
-167
-36
108
610
1645
2707
3115
3469
4044
4774
4939
4754
4533
4429
4113
3458
3000
3087
3305
2838
1881
1088
558
-12
-737
-1385
-1776
-2000
-2090
-2056
-1804
-1479
-1320
-1314
-1235
-944
-438
208
816
1464
2055
2664
3156
3517
3834
3891
3800
3802
3903
4032
3952
3783
3547
3135
2580
1830
1167
603
-26
-777
-1455
-1746
-1970
-2389
-2856
-3270
-3695
-4003
-4222
-4398
-4378
-4296
-4478
-4634
-4538
-4348
-4278
-4520
-4996
-5171
-4954
-4737
-4785
-4873
-4604
-3909
-3159
-2590
-1850
-776
7
-118
-317
290
1561
2385
2409
2595
3574
4666
4840
4475
4386
4513
4045
3104
2513
2619
2897
2468
1546
833
510
120
-556
-1337
-1839
-2049
-2033
-1899
-1845
-1586
-1294
-1062
-955
-882
-543
-59
394
818
1323
1881
2485
3059
3430
3578
3497
3430
3484
3541
3399
3113
2955
2805
2401
1788
1243
776
151
-618
-1291
-1676
-1857
-2087
-2493
-2946
-3169
-3184
-3336
-3772
-4023
-4061
-4082
-4453
-4925
-5024
-4734
-4561
-4959
-5325
-5332
-5015
-4611
-4222
-3538
-2658
-1882
-1292
-887
-571
-152
503
1325
2095
2501
2987
3776
4656
5090
4933
4706
4711
4598
4161
3731
3637
3642
3291
2550
1922
1491
1032
278
-568
-1149
-1433
-1509
-1552
-1620
-1714
-1627
-1482
-1383
-1294
-1105
-762
-422
57
559
1119
1656
2117
2419
2704
2898
3003
3128
3225
3247
3100
3039
3019
2761
2260
1743
1258
771
197
-286
-671
-1001
-1410
-1837
-2228
-2609
-3014
-3327
-3537
-3797
-3894
-4213
-4509
-4644
-4583
-4585
-4772
-5077
-5171
-5017
-4794
-4585
-4291
-3833
-3167
-2464
-1476
-528
327
516
600
1151
2274
3109
3381
3606
4286
5113
5444
5360
5369
5420
5160
4513
3802
3792
3928
3551
2851
2112
1697
1283
719
-21
-627
-1060
-1266
-1378
-1385
-1289
-1178
-1063
-982
-882
-690
-451
-131
169
485
882
1374
1948
2476
2716
2723
2751
2915
3124
3094
2939
2825
2739
2545
2150
1768
1358
786
114
-476
-929
-1189
-1411
-1745
-2165
-2554
-2800
-3042
-3237
-3640
-3959
-4148
-4282
-4507
-4662
-4634
-4817
-5085
-5072
-4657
-4408
-4489
-4383
-3699
-2772
-1985
-1339
-605
162
481
707
1330
2334
3024
3131
3289
4059
4920
5098
4958
4851
4855
4571
4033
3753
3677
3504
2945
2224
1868
1634
1230
593
-143
-698
-1148
-1361
-1377
-1307
-1264
-1366
-1522
-1504
-1297
-1160
-1059
-1020
-854
-344
275
721
1085
1445
1574
1444
1417
1668
1969
1927
1709
1572
1737
1798
1401
771
184
-101
-425
-791
-1161
-1292
-1500
-1920
-2203
-2385
-2483
-2990
-3284
-3689
-4152
-4280
-4551
-4942
-5254
-5350
-5274
-5052
-4965
-5048
-5015
-4756
-4064
-3519
-2628
-1698
-956
-485
-193
422
1522
2560
2731
2563
3041
4319
5327
5466
5294
5286
5493
5267
4758
4480
4521
4175
3330
2735
2649
2700
2286
1457
497
-173
-402
-566
-659
-848
-1063
-1202
-1158
-1108
-1083
-1045
-1136
-1268
-1092
-398
201
444
537
640
949
1254
1403
1490
1621
1434
1182
1254
1507
1590
1082
676
280
122
65
-285
-826
-1064
-1160
-1462
-1624
-1948
-2454
-2746
-2895
-3187
-3586
-3935
-4057
-4566
-5019
-4969
-4684
-4541
-4575
-4643
-4634
-4270
-3708
-3073
-2324
-1532
-1011
-897
-481
518
1834
2498
2402
2477
3357
4553
5125
5015
4952
5188
5266
5033
4810
4913
4836
4211
3523
3313
3532
3361
2489
1493
884
699
555
355
-46
-590
-901
-1005
-889
-915
-1016
-1334
-1449
-1202
-750
-163
-72
-197
-296
57
491
835
817
896
1119
1021
934
1023
1291
1179
716
126
-14
201
7
-278
-448
-560
-478
-934
-1367
-1829
-1763
-2293
-2532
-2398
-2758
-2953
-3504
-3998
-4086
-3574
-3458
-3986
-4326
-4129
-3491
-2884
-2559
-2255
-1657
-1078
-938
-741
-26
1211
1894
1978
2057
2984
4130
4680
4552
4350
4634
4984
5176
5156
5085
4975
4694
4545
4489
4352
3877
3168
2510
2117
1970
1647
1187
424
-189
-518
-505
-628
-986
-1292
-1479
-1229
-1110
-754
-863
-908
-891
-480
-127
3
96
208
42
221
264
472
433
551
168
179
526
328
377
-240
-275
-697
-619
-447
-827
-848
-1226
-2001
-1873
-1924
-2164
-2424
-2709
-3303
-3189
-2878
-2823
-3264
-3795
-3759
-3776
-3620
-3775
-3537
-2961
-2478
-2135
-2226
-2065
-1593
-843
-318
-164
-113
425
1554
2370
2559
2503
2909
3544
3892
3765
3541
3704
3913
3919
3734
3852
3898
3752
3260
2615
2173
1965
1771
1141
396
-195
-383
-312
-472
-976
-1401
-1554
-1188
-1136
-1205
-1202
-1234
-802
-802
-593
-722
-511
-404
-492
-484
-213
226
705
454
-33
-112
6
552
204
-111
-565
-176
-126
103
-318
-874
-419
-881
-1072
-834
-1312
-1528
-1709
-1785
-2085
-2354
-2032
-2326
-3056
-2932
-2728
-2688
-2936
-3194
-3055
-2950
-2547
-2327
-2138
-1764
-1821
-1749
-1524
-871
-262
4
174
460
1195
1861
2337
2338
2425
2684
3052
3357
3410
3502
3541
3637
3477
3410
3377
3294
2817
2101
1798
1703
1581
1028
401
70
77
-6
-254
-249
-689
-987
-825
-368
-174
-245
-637
-747
-312
-253
-72
208
217
-195
88
229
479
631
468
-8
-163
110
630
498
-202
-124
-295
363
348
-154
-693
-716
-215
-113
-888
-1262
-1151
-742
-1122
-1584
-1633
-1611
-1598
-1793
-2301
-2589
-1973
-2014
-2490
-2875
-2627
-2506
-2358
-2260
-2235
-1993
-1686
-1410
-1447
-1266
-814
-325
-84
-21
322
965
1645
1906
1891
1971
2344
2657
2812
2754
2722
2895
2929
2774
2634
2601
2500
2119
1607
1259
1311
1342
1119
669
542
688
644
510
146
330
538
409
515
402
603
666
340
301
599
888
1068
654
132
518
863
1163
605
547
375
524
742
231
403
233
226
298
560
113
-65
142
7
-39
-223
-116
-517
-755
-747
-486
-717
-1157
-1302
-1558
-1223
-1336
-1759
-1934
-2150
-2078
-2009
-2200
-2295
-2346
-2250
-2073
-1972
-1843
-1510
-1332
-1200
-1168
-1130
-663
-332
-20
108
303
616
1154
1381
1350
1296
1363
1597
1478
1460
1441
1606
1421
1231
1057
1060
1198
932
566
412
530
746
509
343
344
549
495
432
431
138
351
408
602
412
515
411
334
401
237
321
459
9
-368
-22
484
10
-89
65
-127
120
-278
-335
-167
-73
-344
-257
-350
0
-172
-437
-599
-722
-625
-639
-568
-1165
-1096
-1420
-1165
-1323
-1532
-1785
-1805
-1578
-1835
-1713
-2317
-2033
-1991
-1984
-2179
-2173
-1851
-1805
-1881
-1969
-1376
-1118
-1028
-1041
-861
-703
-676
-610
-447
-239
-149
19
-85
241
408
463
309
373
499
533
532
423
531
618
638
330
741
784
730
510
284
828
923
891
620
794
991
934
794
801
638
625
964
801
947
730
1089
647
516
1028
696
1002
267
763
692
614
793
189
1014
330
651
211
284
906
-266
218
-740
499
213
-2
-679
-1128
64
-911
-490
-1142
-468
-667
-1547
-841
-1268
-731
-1444
-1292
-1270
-1213
-983
-1466
-729
-1671
-1031
-913
-1291
-1415
-1594
-878
-1492
-1008
-1321
-902
-936
-1303
-909
-1019
-616
-1372
-879
-739
-519
-567
-738
10
-210
96
-314
161
176
115
237
265
566
477
559
649
969
874
1058
725
711
1033
1150
1391
1093
1198
1114
1390
1138
1072
1153
1331
1470
931
1149
1420
1828
1351
1285
1651
1599
1796
605
1570
1441
861
1230
1037
856
606
216
616
651
-138
146
392
62
-477
-417
141
-141
-570
-539
-106
-360
-776
-160
-582
-709
-697
-240
-276
-505
-908
-614
-385
-507
-296
-731
-701
-969
-448
-959
-1067
-1070
-1306
-1028
-1333
-874
-1170
-1141
-1348
-1154
-787
-1182
-1115
-1549
-690
-608
-833
-738
-518
29
-387
-229
-173
224
380
166
367
658
1008
679
785
1015
1186
1406
1285
1126
1674
1531
1600
1377
1624
1791
1229
2109
1666
2150
1485
1416
2152
1574
1466
1267
1576
1120
759
768
813
247
515
177
-220
449
-182
317
-656
44
-121
-682
183
-521
-352
-636
56
-521
-1321
59
-485
-192
-1187
-537
-411
-407
-368
-1526
-266
-738
-313
-1587
-1244
-606
-773
-788
-1747
-1061
-1476
-1592
-1896
-1769
-1670
-2016
-1946
-2365
-2020
-1848
-2011
-2251
-2229
-1717
-1893
-1699
-1969
-1824
-1157
-1162
-995
-1154
-707
-392
-547
-98
4
40
342
453
441
745
1069
1156
1011
1166
1535
2003
1780
1396
1804
1991
2182
1510
1555
1614
1698
1870
1296
1546
860
1594
810
1320
682
705
1196
18
609
343
1544
-168
-457
601
-206
428
-302
39
629
-609
342
-405
-433
-107
605
808
-865
-81
330
483
-256
-355
-223
-376
582
-464
-649
-12
-549
-917
-1123
-593
-723
-1605
-1684
-1044
-928
-1582
-2121
-2042
-1246
-1860
-2663
-2296
-1748
-1576
-2070
-1976
-1899
-1685
-1575
-1756
-945
-1256
-1267
-929
-275
-10
-612
9
262
656
403
611
1287
1002
1031
872
1686
1673
1540
1602
1577
2182
1610
1720
1668
1971
1834
1502
1796
1181
1483
1439
1101
1047
725
883
1144
1727
328
767
614
986
980
346
588
564
1449
228
82
973
816
495
336
526
773
985
410
209
757
-159
255
305
318
53
-193
105
-162
-117
-1463
-378
-67
-859
-1368
-450
-556
-1171
-1169
-1087
-550
-1756
-1750
-1412
-1511
-1631
-1901
-1383
-1848
-1638
-1767
-1165
-1084
-1910
-999
-1024
-172
-761
-184
-205
-281
66
-119
1074
476
484
772
1435
1364
1069
1987
1587
1622
1474
1673
1809
1610
1825
2115
2050
1585
1484
1816
1679
1750
1504
1440
1682
1582
1401
864
1106
1325
1379
1457
426
1350
914
1196
971
987
1559
1250
823
-16
1629
1372
1029
-128
270
1913
221
-165
238
1123
619
-1171
-367
376
572
-1227
-952
50
-647
-971
-1347
-299
-1187
-1528
-1119
-1729
-1629
-2033
-1137
-2360
-2160
-1527
-1566
-2035
-2905
-1754
-1671
-1811
-1925
-1938
-936
-1990
-1791
-1093
-1278
-1331
-1230
-338
-582
-985
-444
87
226
-36
-32
478
744
551
411
919
832
611
879
889
823
453
1026
1160
724
990
658
1452
671
827
1238
849
1001
902
686
1266
712
421
1035
1077
1205
1147
1038
666
868
1309
955
329
-106
1710
507
486
-461
154
1608
-427
183
-974
640
521
-878
56
-180
-228
-1957
-857
-545
-1137
-1764
-1514
610
-2162
-1900
-1146
-1132
-1616
-2624
-196
-1548
-2054
-2093
-1332
-988
-2731
-1572
-1420
-1408
-2054
-1922
-790
-1620
-1640
-1098
-1078
-651
-842
-710
-207
-238
-282
-125
351
212
63
703
879
911
290
1065
1011
651
815
964
1621
725
948
1668
1143
1085
1108
1351
1391
1573
1288
1299
1957
1355
1347
1829
1472
772
591
1214
2730
860
29
1954
987
1906
375
474
1628
544
1086
246
-136
71
-131
415
-306
-738
-435
-738
-955
-287
-168
-1106
-881
-1078
-903
-547
-2062
-1076
-562
-1137
-1800
-2089
-713
-1836
-2042
-1151
-1186
-1805
-1865
-1379
-1579
-2137
-2294
-1435
-892
-1822
-1992
-1058
-729
-1615
-1592
2
-468
-893
-680
545
466
-295
-75
552
1155
223
775
1601
1160
1019
1042
1687
1488
1242
1543
1976
1856
1406
2083
1934
1695
2226
2228
2038
1367
1505
1724
2217
1744
1592
1321
1591
1572
1453
2059
707
2542
1265
696
779
989
1247
101
898
139
128
1202
-55
-967
445
1059
-1428
-238
128
-1114
-1572
-356
695
-1814
-888
-1237
-262
-877
-1979
24
-1555
-1451
-1571
-2046
-679
-2494
-1948
-1716
-1444
-1875
-3025
-1776
-1404
-1546
-1538
-1588
-879
-819
-1221
-1023
-668
-77
-364
282
281
220
527
703
1096
591
1134
1181
1258
1472
1297
1211
1289
1956
1785
1296
1453
2029
1574
901
2116
1934
1479
1310
621
2087
883
1367
949
-269
1895
780
1407
1513
179
1081
131
1963
-32
162
787
106
1194
-938
889
-819
-1781
380
-1142
-162
-728
-1402
-580
-1140
-1900
-1808
-97
-2135
-1483
-1437
-1970
-1825
-2536
-1851
-2328
-2151
-2842
-2755
-1487
-3035
-3139
-1496
-2817
-3310
-2549
-2176
-2876
-2448
-1287
-978
-1433
-1636
-1186
-465
-388
-679
-376
703
758
477
1077
1304
1357
1056
1031
1307
1631
1615
1555
1933
2351
2208
1654
1441
1431
1444
1555
1682
1579
1965
1417
633
1434
1567
357
654
450
1080
1081
823
792
1133
1016
-734
948
891
125
-164
-86
1027
107
336
-1475
-464
1076
-1657
-716
-399
207
-1807
-1979
270
-1442
-1992
-2060
-2220
-1105
-2636
-1813
-1286
-2311
-2870
-3061
-2290
-2747
-3355
-3079
-3236
-2128
-2713
-2957
-1430
-1724
-2361
-2561
-929
-279
-1094
-602
128
502
460
1102
1717
1202
1022
1799
2599
2198
1827
2424
2754
2028
1870
2822
2962
1481
702
1926
2473
1647
1117
1805
1854
424
1002
2098
1013
171
131
1467
1156
640
391
1008
1000
-1204
162
1776
186
-701
1798
-60
422
724
-1604
216
-542
-917
203
-969
-1290
-427
-1160
-1674
-1710
-1552
-2362
-1819
-1322
-3076
-2299
-2153
-3395
-2914
-3350
-2709
-4001
-3883
-1548
-2767
-2665
-2255
-1630
-1540
-2070
-1583
-558
-65
-321
-251
981
1979
1607
1448
1694
2736
2629
1924
2491
3460
3571
2066
2534
3556
3682
2292
1703
2438
2159
1981
1886
2420
1837
1028
2174
1637
735
890
888
1110
1379
1901
1550
725
492
828
790
655
768
1066
910
66
58
876
215
-760
208
-250
-335
-768
-1884
-589
-1302
-1367
-2595
-1182
-1628
-3117
-2513
-3773
-2383
-2820
-4536
-4128
-3363
-3224
-4588
-3469
-2184
-2501
-2410
-2303
-1367
-1797
-1494
-319
-61
200
230
1371
2208
2056
2176
2147
2505
2811
2774
2956
3286
3413
2746
2376
3057
3300
2148
823
1051
1662
1676
1258
1209
1388
653
-78
345
1047
390
-667
268
935
1238
1203
422
-25
-17
96
171
714
799
-41
-760
361
277
-1108
-1303
-1429
-1099
-1669
-1743
-732
-2991
-3302
-3211
-3176
-2809
-3803
-3794
-5091
-4125
-4104
-5428
-4680
-4742
-4334
-4443
-3118
-1716
-3247
-3667
-2802
-1625
-910
-952
-286
577
1124
1747
2304
2849
2535
2209
2632
3410
4214
4314
3821
3188
3442
4064
3846
2923
1849
1743
2160
2222
2200
1932
1006
270
212
466
557
347
-170
-550
567
1179
1000
178
-506
315
368
664
882
602
-45
-687
664
555
-911
-1363
-1686
-1232
-2130
-2086
-1592
-2598
-3378
-3861
-3879
-4526
-4599
-5412
-6105
-5981
-5325
-4516
-4433
-3866
-3204
-3466
-4145
-3467
-1911
-819
-769
-574
591
1902
2446
2318
2560
2894
2960
3458
4175
4882
4604
3938
3689
3721
3782
3853
3554
2633
1893
2181
2751
2466
1695
969
811
575
489
769
850
422
-343
325
1226
576
319
343
740
959
1303
2118
1022
213
527
949
732
-389
-616
-985
-2077
-1665
-1761
-2350
-3543
-3815
-3821
-4729
-5290
-6029
-6616
-6980
-7084
-5985
-4270
-3492
-3515
-4764
-5233
-3964
-2407
-1263
-1510
-738
1001
2276
2918
2715
2948
2745
2666
3614
5101
6122
5623
4706
4020
4237
4903
4759
3597
2593
2646
3372
3534
2855
2075
1055
297
37
659
1418
818
26
-319
585
1180
776
134
-136
735
1463
2296
2381
1575
886
363
592
908
421
-426
-957
-648
-1376
-2348
-2573
-3971
-5317
-5575
-5592
-5624
-6015
-6752
-6481
-4317
-2545
-3548
-5279
-5325
-3454
-1680
-1176
-706
563
1583
1794
2196
3189
3878
3466
2757
3576
5588
6658
5766
3950
3283
3758
4395
4076
3083
2367
2097
2082
2194
2344
1641
168
-873
-563
619
1143
457
-718
-945
-58
786
901
494
269
498
1331
2115
1988
1190
421
331
561
188
5
-755
-2115
-2573
-2700
-3123
-3821
-4788
-6499
-7129
-6478
-6882
-6983
-5826
-3867
-3374
-5303
-6264
-5066
-2998
-1999
-2413
-1450
1086
2735
2443
1786
2599
3407
3107
2997
4575
6640
6405
4385
3373
3759
4193
3596
2611
2408
2432
2110
1653
1542
1292
69
-1234
-1137
25
728
102
-967
-1150
-675
-229
-57
-170
-19
223
644
1274
1495
907
-66
-420
-261
-326
-685
-1016
-1624
-2267
-3106
-3734
-4049
-5500
-6599
-7006
-7186
-6574
-5282
-3824
-3353
-4575
-6120
-6245
-4236
-1907
-1272
-1170
48
1815
2555
2198
2398
2931
2987
3183
4502
6504
6959
5346
3326
2889
3878
4487
4000
3083
2603
2343
2050
1816
1541
819
-394
-836
195
1391
1177
-336
-1455
-1114
-55
587
608
678
833
760
957
1403
1594
859
-117
-121
504
563
-287
-1678
-2699
-3161
-3570
-4069
-5150
-6246
-7446
-7824
-6655
-4878
-3592
-4123
-5833
-6680
-5580
-3473
-1847
-1280
-980
102
1585
2684
2928
2843
2922
3168
3949
5495
6786
6581
4858
3113
3036
4198
4811
3989
2655
1905
1530
1361
1294
970
146
-973
-1158
-118
878
214
-1342
-1962
-1123
266
878
837
836
857
711
1045
1751
1892
1221
422
495
1019
902
-167
-1455
-2262
-3062
-3923
-4448
-5202
-6346
-6886
-6086
-4415
-3211
-3749
-5469
-6435
-5623
-3535
-1548
-426
80
567
1323
2113
2711
3053
3224
3628
4569
5906
6976
6550
4844
3223
3103
4228
5187
4813
3440
2457
1767
1235
988
1088
538
-597
-894
64
963
173
-1620
-2279
-1241
165
571
557
757
607
88
186
1108
1642
1028
-23
-199
458
581
-498
-1801
-2589
-2910
-3306
-4238
-5183
-5925
-5984
-5159
-3893
-2933
-3171
-4349
-5137
-4464
-2643
-654
450
778
1114
1842
2790
3279
3454
3546
4134
5117
5967
6432
6038
4636
3281
3318
4301
4728
3822
2454
1553
1111
795
552
514
-82
-1080
-1270
-667
-327
-1106
-2290
-2364
-1394
-714
-429
-253
-326
-640
-663
119
887
807
-138
-893
-689
-423
-976
-2167
-3106
-3915
-4493
-4833
-5398
-5665
-6051
-6351
-5418
-3917
-3563
-4543
-5617
-4962
-2924
-1015
-239
10
903
1521
1814
2368
3288
4264
4495
4314
5063
5996
5817
4454
3399
3890
4671
4513
3529
2837
2322
1341
510
712
1230
590
-807
-1378
-811
-457
-1085
-1804
-1672
-1076
-856
-783
-481
-424
-915
-1189
-562
353
412
-467
-1357
-1520
-1436
-1778
-2478
-3228
-3985
-4744
-5402
-5885
-5861
-5167
-4262
-4222
-4579
-4817
-4507
-3807
-3357
-2586
-866
754
1321
1096
1340
2315
3063
3299
3803
5063
6128
5821
4913
4528
4538
4662
4536
4478
4445
3867
2753
1897
1611
1471
1266
666
222
151
-178
-989
-1492
-1445
-1177
-915
-942
-846
-674
-808
-1240
-1276
-626
-152
-61
-604
-1234
-1562
-1688
-2073
-2715
-3240
-3824
-4457
-5266
-6017
-5790
-5061
-4536
-4647
-4449
-3468
-3470
-4341
-4577
-2880
20
1467
1008
843
1660
2533
2550
2827
4316
5699
5814
5084
5015
5574
4945
3920
4018
4829
5250
4179
2984
2565
2073
1255
1063
1629
1842
1080
3
-605
-534
-543
-833
-610
-265
-153
-175
-257
-440
-829
-934
-593
-113
-246
-1109
-1867
-2108
-2578
-3362
-3858
-4311
-5056
-6180
-6730
-6221
-5501
-5427
-5949
-5479
-4183
-3905
-4515
-4407
-2974
-900
188
526
1260
2159
2634
2689
3294
4706
5739
5826
5479
5672
5844
5342
5243
5438
5521
5085
4262
3854
3642
2908
2087
1964
2158
1967
1408
726
103
-44
19
207
420
266
78
174
248
-17
-152
161
444
254
-404
-1019
-1085
-1140
-1909
-2879
-3446
-4039
-4839
-5646
-5942
-5652
-5008
-5096
-5468
-4848
-4315
-4511
-4878
-4468
-2557
-426
179
-97
138
947
1520
1845
2597
3939
4819
4395
3766
4018
4274
4166
3954
3861
4044
3875
3075
2398
2119
1860
1761
1736
1660
1626
1122
115
-372
-54
469
796
396
13
197
376
111
-35
393
774
649
-92
-904
-1066
-1175
-1862
-2800
-3366
-3909
-4686
-5385
-6018
-5940
-5321
-5322
-5639
-5095
-4389
-4241
-4659
-4692
-3214
-1055
-59
-153
137
1017
1552
1540
1901
3221
4505
4190
3320
3354
3824
4117
3652
3069
3054
3058
2420
1760
1459
1190
919
548
511
700
536
-336
-1050
-962
-455
-76
-270
-483
-248
-63
-278
-304
22
169
-138
-872
-1204
-895
-956
-1765
-2533
-3200
-3837
-4215
-4685
-4967
-4835
-4694
-5051
-5029
-3907
-2983
-2917
-3709
-3918
-2258
-121
595
471
668
1571
2208
2179
2718
3991
4637
3829
2980
3469
4553
4831
3675
2669
2887
2952
2373
1915
1829
1698
902
140
410
1056
528
-688
-989
-369
235
19
-461
-264
6
-233
-245
470
989
436
-698
-1306
-901
-536
-1110
-1947
-2541
-3333
-3970
-4287
-4373
-4065
-4234
-4960
-5358
-4191
-2855
-2554
-3592
-4211
-2788
-456
633
400
454
1023
1590
1587
2214
3858
4845
3969
2799
3187
4564
4976
3710
2687
3154
3420
2715
2279
2493
2412
1142
-71
453
1518
979
-519
-998
-209
209
-400
-849
-298
-22
-830
-1116
-204
557
-53
-1329
-1722
-1100
-868
-1632
-2301
-2522
-3209
-3941
-4124
-3708
-3246
-3538
-4380
-4535
-3234
-1972
-1810
-2559
-2864
-1828
76
1263
1525
1673
2023
2217
2094
2687
4185
5058
4248
3058
3423
4879
5117
3637
2604
2904
3135
2468
2193
2869
2707
1182
-79
646
1748
1148
-278
-610
184
332
-277
-301
351
263
-760
-907
164
639
-308
-1610
-1772
-1218
-1202
-1777
-2135
-2805
-3867
-4415
-4338
-3480
-3003
-3569
-4477
-4200
-2809
-1662
-1788
-2629
-2614
-1064
786
1255
1433
1847
2293
2187
1932
3112
4800
4943
3479
2674
3790
4852
3966
2704
2844
3247
2477
1580
2097
2813
1797
-172
-308
1190
1497
258
-607
-59
272
-524
-807
182
896
-94
-1127
-629
280
-138
-1441
-1993
-1684
-1707
-2315
-2561
-2698
-3501
-4481
-4818
-4131
-3577
-3965
-4679
-4819
-3814
-2644
-2213
-2562
-2744
-2078
-669
325
638
1120
1748
2008
1630
1950
3332
4311
3677
2630
3129
4176
3750
2515
2236
2690
2422
1469
1427
2187
1629
-169
-880
145
798
133
-570
-334
-89
-856
-1278
-412
472
122
-753
-723
-169
-370
-1257
-1654
-1454
-1562
-2084
-2434
-2714
-3565
-4414
-4715
-4181
-3664
-3893
-4240
-4404
-3799
-2777
-2234
-2324
-2292
-1607
-304
640
940
1340
1990
2430
2339
2623
3776
4675
4298
3539
3872
4358
3895
3183
3154
3379
2741
1701
1766
2310
1680
177
-354
228
321
-405
-861
-510
-462
-1210
-1392
-524
50
-463
-1101
-839
-297
-634
-1263
-1257
-1008
-1228
-1744
-2008
-2224
-2890
-3696
-3580
-2823
-2742
-3447
-4008
-3881
-3018
-2060
-1786
-1884
-1909
-1571
-665
266
772
1343
1773
1853
1822
2213
3194
3947
3728
3362
3451
3500
3206
2952
3080
3061
2521
1858
1909
2089
1385
350
49
319
295
-84
-189
-81
-373
-949
-1023
-424
-62
-235
-612
-708
-675
-973
-1153
-1075
-1142
-1424
-1761
-2233
-2689
-3129
-3260
-2946
-2812
-3146
-3577
-3654
-3474
-2512
-1595
-1396
-1687
-1702
-891
255
773
985
1749
2397
2401
2202
2866
3944
4443
4015
3609
3849
3781
3275
3253
3634
3438
2576
1876
1982
2009
1130
172
-18
156
-20
-389
-483
-564
-989
-1533
-1295
-780
-517
-586
-933
-970
-1005
-1123
-1069
-853
-932
-1382
-1896
-2225
-2340
-2451
-2271
-1997
-2141
-2624
-2869
-2717
-2128
-1181
-785
-819
-903
-678
74
819
1183
1746
2356
2611
2547
2654
3377
4285
4454
3838
3621
3820
3740
3501
3490
3497
3120
2360
1997
2149
1946
1128
450
270
125
-197
-583
-542
-607
-1183
-1546
-1427
-1103
-1188
-1567
-1716
-1634
-1671
-1874
-1907
-1804
-2019
-2445
-2859
-2933
-2793
-2612
-2397
-2442
-2917
-3345
-3250
-2679
-1490
-814
-772
-1038
-1114
-724
62
844
1526
2262
2484
2237
2084
2577
3447
3866
3475
3188
3360
3242
2837
2816
2987
2747
1962
1493
1639
1542
719
-33
-81
-37
-396
-813
-696
-614
-1240
-1970
-1920
-1374
-1348
-1808
-2077
-1948
-2014
-2389
-2442
-2122
-2140
-2659
-3116
-3188
-3067
-3016
-2884
-2794
-2952
-3226
-3274
-2907
-2086
-1197
-747
-816
-980
-731
94
939
1436
1898
2356
2522
2404
2648
3323
4009
3872
3500
3676
3865
3530
3109
3118
3197
2734
2054
1933
2016
1478
653
285
399
186
-397
-639
-533
-809
-1475
-1699
-1432
-1357
-1738
-2053
-1980
-1910
-2196
-2540
-2468
-2363
-2637
-2992
-3044
-2909
-2913
-2940
-2840
-2747
-2910
-3034
-2807
-2209
-1376
-820
-628
-668
-576
-119
667
1320
1848
2382
2724
2677
2599
3024
3732
3992
3672
3453
3676
3640
3236
3202
3365
3036
2141
1646
1825
1815
1177
551
457
369
-111
-543
-366
-209
-737
-1354
-1423
-1156
-1209
-1470
-1484
-1442
-1792
-2204
-2251
-2078
-2161
-2589
-2742
-2643
-2610
-2616
-2662
-2702
-2743
-2765
-2540
-2256
-1997
-1494
-984
-736
-715
-526
184
933
1154
1412
2043
2598
2609
2540
3010
3565
3569
3314
3552
3935
3698
3126
3015
3158
2832
2161
1899
1999
1639
812
375
454
315
-253
-617
-573
-687
-1272
-1669
-1392
-1070
-1330
-1622
-1599
-1601
-1869
-2117
-2027
-1857
-1941
-2220
-2200
-2100
-2102
-2145
-2066
-1979
-2071
-1900
-1632
-1290
-910
-503
-167
-25
81
390
889
1445
1872
2241
2504
2557
2606
2913
3439
3763
3725
3607
3660
3591
3335
3170
3206
3117
2638
2162
1974
1834
1472
1031
761
564
150
-225
-413
-562
-927
-1347
-1504
-1411
-1461
-1591
-1672
-1804
-2024
-2251
-2241
-2104
-2084
-2236
-2378
-2424
-2443
-2411
-2221
-1906
-1845
-1995
-2028
-1812
-1435
-941
-463
-190
-106
-69
274
805
1258
1658
2012
2192
2152
2271
2607
2937
3013
2916
2850
2716
2473
2396
2346
2286
2000
1625
1424
1343
1022
695
465
159
-231
-630
-667
-674
-889
-1256
-1434
-1452
-1601
-1731
-1718
-1652
-1800
-2034
-2193
-2128
-2049
-2119
-2181
-2167
-2186
-2213
-2164
-2087
-2107
-2196
-2185
-1986
-1774
-1516
-1159
-857
-658
-570
-383
-32
383
726
1095
1466
1635
1638
1792
2170
2415
2420
2391
2488
2461
2247
2082
2035
1927
1606
1279
1105
974
600
152
-50
-238
-411
-678
-918
-986
-1126
-1341
-1391
-1382
-1473
-1598
-1633
-1535
-1476
-1493
-1508
-1574
-1576
-1563
-1518
-1444
-1407
-1432
-1474
-1434
-1380
-1255
-1124
-1000
-940
-871
-636
-392
-184
-47
178
479
677
850
1095
1463
1680
1754
1865
2087
2177
2120
2122
2145
2181
2049
1832
1680
1537
1251
963
815
638
352
28
-173
-345
-534
-661
-873
-933
-981
-992
-915
-948
-1117
-1258
-1255
-1205
-1056
-950
-941
-1071
-1162
-1150
-1131
-1066
-1012
-946
-897
-907
-935
-911
-774
-583
-504
-453
-357
-248
-114
42
172
350
506
695
873
1043
1204
1359
1418
1410
1526
1602
1660
1616
1556
1507
1328
1157
1015
888
781
674
457
252
101
0
-141
-176
-186
-255
-321
-426
-518
-564
-576
-585
-534
-494
-472
-485
-563
-645
-631
-583
-647
-612
-541
-510
-552
-580
-509
-370
-336
-285
-130
-98
-98
-12
32
69
232
368
422
399
484
642
766
794
836
1050
1120
1148
1232
1306
1364
1399
1372
1291
1113
1032
968
1033
1095
967
770
595
546
482
339
284
347
363
256
76
57
67
-87
-159
-47
-84
-150
-220
-203
-152
-261
-248
-229
-244
-322
-313
-324
-331
-311
-305
-221
-206
-191
-177
-156
-116
-62
-47
24
70
95
126
192
295
357
439
512
450
370
462
625
652
643
644
674
601
506
501
532
515
371
365
336
151
41
20
-67
-214
-356
-245
-307
-409
-430
-429
-434
-436
-355
-253
-216
-356
-296
-280
-302
-372
-341
-199
-183
-221
-250
-183
-248
-313
-397
-364
-368
-359
-281
-332
-377
-412
-408
-378
-403
-314
-292
-411
-387
-291
-321
-383
-389
-259
-176
-133
-127
-106
-166
-214
-188
-188
-128
-121
-56
-65
-186
-274
-252
-294
-282
-237
-237
-276
-282
-318
-365
-322
-234
-164
-153
-64
-73
-31
54
101
223
279
147
230
260
214
62
106
157
137
80
156
156
76
-38
-95
-53
-92
-54
-4
62
28
-30
-58
-59
-62
-29
55
46
38
36
-1
-77
-146
-99
-76
-104
-94
-97
-174
-268
-311
-329
-336
-408
-387
-384
-419
-475
-533
-519
-508
-393
-351
-306
-209
-135
-140
-123
58
145
164
216
272
374
402
375
401
444
438
431
429
416
349
291
350
273
250
296
293
237
180
185
218
217
217
302
260
187
151
178
209
152
107
110
133
133
78
28
-1
-42
-143
-180
-216
-200
-279
-373
-346
-370
-427
-510
-517
-483
-475
-499
-489
-395
-364
-383
-335
-214
-120
-81
-3
46
132
220
305
357
391
407
410
473
532
543
524
560
553
487
484
467
473
415
503
581
551
545
529
532
538
503
481
462
421
391
410
351
363
346
364
229
174
294
276
312
277
242
215
222
192
104
40
-14
42
87
39
-17
-27
49
112
116
94
115
131
109
136
168
262
227
286
355
369
392
473
543
488
541
587
632
555
526
570
615
615
522
524
520
468
472
455
437
397
311
292
281
210
144
86
45
51
1
-10
-73
-148
-171
-176
-189
-227
-221
-255
-301
-258
-213
-207
-256
-205
-224
-210
-210
-180
-139
-171
-189
-263
-263
-344
-339
-252
-216
-175
-136
-19
8
18
99
105
142
131
153
188
255
286
238
232
215
216
196
181
