-548
-530
-487
-523
-542
-509
-459
-420
-417
-508
-654
-628
-569
-556
-538
-547
-539
-522
-510
-498
-482
-473
-470
-473
-471
-407
-436
-395
-372
-377
-330
-329
-309
-278
-245
-230
-197
-177
-160
-140
-106
-59
-69
-37
23
29
131
232
246
269
273
285
292
287
300
302
315
347
284
281
307
294
276
272
264
230
238
227
198
176
174
153
120
148
88
92
66
23
25
-5
-24
-37
-54
-71
-89
-104
-131
-151
-166
-177
-254
-267
-294
-350
-380
-429
-465
-501
-525
-554
-595
-649
-696
-738
-766
-743
-817
-814
-829
-873
-886
-868
-854
-863
-881
-881
-858
-876
-843
-802
-778
-699
-686
-638
-581
-543
-466
-420
-316
-235
-130
-5
88
205
312
399
473
583
643
725
802
877
968
1022
1103
1136
1175
1197
1216
1238
1185
1188
1159
1152
1103
1045
1012
942
896
830
795
711
657
582
507
429
374
316
263
266
176
121
65
4
-25
-65
-105
-130
-175
-221
-244
-285
-312
-342
-358
-339
-403
-416
-448
-488
-520
-577
-429
-413
-489
-519
-561
-589
-601
-635
-664
-686
-783
-794
-854
-905
-928
-932
-902
-882
-866
-1001
-834
-700
-569
-410
-295
-168
-138
-100
-78
94
323
495
597
680
817
933
1077
1212
1330
1415
1436
1438
1396
1371
1395
1398
1411
1431
1451
1461
1460
1437
1432
1346
1324
1321
1197
1143
1032
975
951
904
854
823
761
662
616
570
527
464
415
373
348
334
250
219
199
195
176
121
88
43
13
-7
-31
-64
-100
-139
-152
-172
-284
-314
-347
-429
-477
-550
-611
-698
-787
-906
-1015
-1108
-1286
-1360
-1424
-1447
-1544
-1580
-1570
-1656
-1636
-1647
-1628
-1643
-1687
-1701
-1713
-1713
-1610
-1474
-1297
-1102
-1084
-962
-841
-723
-546
-394
-282
-101
77
185
310
431
624
799
940
909
728
706
756
806
861
861
839
788
737
725
741
741
727
668
620
584
472
459
451
449
474
426
396
335
315
324
334
342
298
215
185
199
163
162
188
188
192
286
264
240
232
209
204
155
108
71
57
74
18
-42
-73
-169
-256
-302
-352
-422
-513
-607
-720
-819
-887
-958
-1036
-1078
-1215
-1308
-1406
-1524
-1605
-1662
-1736
-1758
-1775
-1791
-1755
-1733
-1695
-1665
-1661
-1554
-1447
-1249
-1031
-929
-811
-680
-542
-364
-173
21
218
361
506
605
699
855
941
1092
1186
1140
1114
1103
1141
1191
1205
1191
1133
1030
985
967
963
992
911
870
821
753
707
649
692
713
698
681
632
599
596
618
617
629
552
510
482
489
492
486
511
493
480
454
418
423
394
365
328
305
256
188
177
137
90
19
-33
-140
-203
-275
-353
-428
-528
-650
-762
-793
-918
-1011
-1102
-1209
-1318
-1434
-1524
-1594
-1661
-1718
-1753
-1804
-1827
-1841
-1817
-1743
-1740
-1694
-1625
-1533
-1328
-1134
-809
-568
-464
-313
-138
75
259
474
654
827
937
1034
1128
1221
1391
1508
1607
1582
1596
1459
1475
1645
1634
1630
1546
1539
1437
1336
1195
1158
1232
1255
1197
1093
1033
983
1025
1060
1071
1066
1005
1002
960
950
940
893
845
814
821
815
820
781
774
732
702
701
621
607
508
456
424
378
327
266
229
161
107
17
-6
-94
-157
-251
-333
-419
-551
-648
-757
-808
-907
-1041
-1158
-1262
-1375
-1476
-1581
-1686
-1781
-1873
-1921
-1914
-1967
-1982
-1976
-1986
-1973
-1944
-1870
-1714
-1493
-1341
-1256
-1180
-1115
-921
-662
-381
-223
55
237
369
565
691
885
1029
1145
1200
1180
1129
1151
1177
1212
1248
1124
1044
944
867
827
783
711
616
579
457
366
348
359
409
424
326
109
53
124
182
206
205
195
174
156
153
186
222
211
195
175
204
179
190
224
203
212
156
104
90
94
65
32
-16
-92
-211
-279
-288
-389
-468
-560
-670
-772
-778
-863
-984
-1087
-1242
-1374
-1511
-1649
-1753
-1856
-1924
-2051
-2194
-2243
-2291
-2319
-2301
-2314
-2299
-2280
-2236
-2112
-1904
-1667
-1466
-1379
-1204
-1007
-774
-494
-297
-81
151
319
498
672
813
1011
1204
1371
1418
1364
1368
1358
1415
1508
1467
1393
1288
1190
1129
1096
1047
984
878
787
705
617
621
573
609
625
518
387
355
431
486
536
521
502
455
458
493
530
576
544
563
590
581
560
558
593
588
555
480
407
370
353
333
278
186
23
-82
-162
-231
-311
-422
-522
-640
-764
-895
-1011
-1093
-1217
-1372
-1482
-1616
-1754
-1889
-1954
-2008
-2079
-2175
-2208
-2258
-2259
-2273
-2284
-2270
-2229
-2076
-1785
-1406
-1314
-1339
-1369
-1178
-777
-433
-190
-9
178
390
524
653
831
1045
1306
1515
1574
1543
1465
1446
1596
1680
1792
1802
1606
1441
1321
1276
1261
1218
1115
1019
886
843
817
748
747
724
734
708
798
778
908
1089
1023
990
953
1024
1034
1030
931
928
1013
1047
1025
925
896
857
865
864
841
796
782
799
699
554
407
308
247
208
155
86
-16
-163
-266
-397
-536
-639
-798
-879
-1059
-1227
-1429
-1577
-1700
-1848
-2046
-2229
-2319
-2412
-2335
-2197
-2114
-2161
-2324
-2387
-2385
-2032
-2047
-2228
-1736
-1203
-788
-304
70
-36
-384
-536
-324
186
818
1514
2100
2286
1957
1480
1279
1336
1483
1774
2258
2539
2288
1591
898
500
474
707
1001
1212
1162
718
156
-166
-347
-244
106
476
637
398
58
-117
-150
20
156
455
783
825
683
468
278
204
338
613
925
1018
957
797
632
452
120
169
406
527
461
160
-114
-322
-486
-540
-528
-535
-687
-956
-1185
-1386
-1641
-1793
-1833
-1833
-1890
-2090
-2330
-2576
-2739
-2846
-2945
-2965
-3030
-3077
-3003
-3000
-3139
-3255
-3224
-2910
-2466
-1805
-1167
-967
-1330
-1807
-1454
-224
908
1166
879
762
910
1105
1236
1642
2236
2578
2468
1991
1661
1587
1651
1877
1973
1742
1337
1104
1080
987
603
224
171
318
338
76
-189
-361
-447
-453
-337
-88
181
307
222
112
51
185
594
1062
1260
1023
778
816
1007
1170
1257
1377
1505
1480
1240
1055
1043
1057
1019
1013
974
809
588
338
184
21
-150
-219
-201
-255
-615
-1018
-1274
-1436
-1546
-1630
-1626
-1648
-1864
-2204
-2501
-2649
-2714
-2761
-2782
-2810
-2957
-3089
-3133
-3108
-3074
-3130
-3059
-2785
-2223
-1512
-971
-958
-1619
-2018
-1148
579
1663
1349
607
590
1161
1527
1649
2090
2863
3027
2295
1518
1467
1925
2246
2306
2006
1583
1161
978
1053
909
468
201
425
629
298
-284
-472
-249
-110
-206
-249
116
492
501
366
230
382
840
1315
1727
1733
1371
1178
1427
1715
1777
1731
1920
2084
1756
1321
1225
1547
1689
1564
1214
1078
1071
754
514
419
454
288
168
-74
-429
-766
-1055
-1065
-1113
-1217
-1424
-1523
-1583
-1878
-2231
-2392
-2273
-2235
-2453
-2742
-2950
-2998
-2925
-2838
-2698
-2701
-2756
-2745
-2311
-1378
-588
-685
-1553
-1818
-623
975
1631
1132
692
1069
1500
1617
1716
2435
3209
2925
2045
1583
1970
2435
2421
2076
1743
1526
1320
1208
1100
765
363
291
503
464
-30
-372
-314
-346
-536
-595
-69
510
392
-217
-410
121
722
971
1051
998
900
721
854
1272
1559
1613
1463
1514
1507
1278
1199
1362
1425
1144
771
840
966
641
79
-263
-48
67
-215
-623
-882
-1135
-1563
-1738
-1741
-1730
-1902
-2167
-2327
-2486
-2763
-3093
-3162
-3167
-3349
-3593
-3659
-3659
-3675
-3672
-3545
-3450
-3585
-3607
-3204
-2220
-1377
-1409
-1970
-2184
-1226
315
1142
922
460
730
1349
1586
1719
2212
2877
2812
2012
1506
1920
2549
2422
1749
1457
1537
1469
1229
895
641
303
93
119
165
-48
-478
-639
-684
-740
-719
-345
206
191
-248
-384
32
669
939
1061
1301
1440
1262
1068
1311
1733
1886
1805
1742
1754
1680
1418
1394
1480
1446
1255
1135
1159
844
363
68
99
166
-40
-368
-627
-911
-1307
-1636
-1695
-1588
-1648
-1912
-2294
-2660
-2884
-2972
-3012
-3056
-3226
-3484
-3733
-3847
-3656
-3434
-3322
-3339
-3530
-3686
-3459
-2358
-766
-342
-1589
-2699
-1639
919
2125
1308
542
1270
2253
1987
1553
2441
3777
3537
2064
1451
2337
3157
2665
1652
1297
1470
1519
1310
995
535
-45
-172
21
4
-253
-462
-432
-675
-1107
-833
48
534
-27
-608
-15
929
1129
713
872
1603
1821
1454
1324
1836
2210
1867
1535
1770
2149
2111
1668
1395
1337
1314
1336
1314
1172
803
399
203
89
22
98
-20
-403
-876
-1223
-1279
-1255
-1431
-1690
-2021
-2213
-2328
-2591
-2817
-3148
-3315
-3348
-3342
-3521
-3588
-3335
-3300
-3549
-3821
-3659
-3031
-1806
-698
-472
-1510
-2655
-1697
998
2795
2169
874
1337
2597
2636
2005
2713
4359
4524
2740
1648
2630
3744
3102
1622
1413
2238
2454
1600
738
414
186
16
54
218
72
-286
-609
-926
-1141
-772
197
804
289
-378
-52
871
1230
917
1053
1920
2259
1752
1347
1802
2342
2095
1672
1902
2522
2467
1643
991
1083
1446
1469
1252
989
671
178
-286
-424
-282
-134
-393
-1073
-1707
-1963
-2030
-2111
-2333
-2518
-2646
-2810
-2989
-3348
-3552
-3795
-3906
-3870
-3975
-4174
-4235
-3904
-3717
-4214
-4734
-4562
-3249
-1537
-627
-1048
-2528
-3138
-1655
1034
2539
1842
990
1353
1974
1913
1827
2905
4175
3644
2006
1501
2567
3127
2000
841
1020
1781
1684
736
-83
-503
-788
-948
-674
-318
-335
-695
-1146
-1588
-1768
-1130
93
696
220
-351
-15
781
972
786
1322
2188
2384
1760
1618
2197
2340
1953
1689
2268
2836
2487
1578
927
944
1131
1207
1193
1014
574
-103
-694
-874
-658
-455
-662
-1256
-1803
-2042
-2237
-2463
-2686
-2674
-2670
-2947
-3311
-3724
-4032
-4330
-4527
-4428
-4154
-3734
-3638
-4192
-4842
-4954
-4093
-2445
-885
-185
-1018
-2455
-2407
-264
2280
2964
2122
1920
2613
2799
2334
2669
4045
4649
3528
2461
2878
3603
2978
1401
839
1465
1883
1530
780
11
-831
-1475
-1388
-669
-144
-218
-858
-1812
-2383
-1975
-487
896
1109
469
86
384
840
1153
1668
2546
3091
2813
2186
2128
2487
2511
2146
2133
2830
3298
2696
1375
625
805
1135
1233
1158
1082
560
-629
-1574
-1455
-753
-567
-1170
-1844
-2107
-2389
-2856
-3251
-3272
-3034
-3052
-3358
-3865
-4271
-4612
-4949
-4946
-4579
-4057
-4006
-4594
-4844
-4456
-3759
-2838
-1523
-343
-582
-1910
-1752
642
3087
3225
2186
2679
3959
3877
3053
3410
4926
5242
3805
2963
3620
4166
3218
1691
1250
1768
1726
1232
773
118
-549
-1121
-1179
-902
-704
-590
-667
-1102
-1727
-1685
-616
460
837
972
1379
1721
1492
1212
1807
2989
3765
3583
3115
2922
2890
2790
2454
2475
2956
3362
3002
1862
1222
1204
1146
704
437
768
838
-87
-1247
-1704
-1415
-1281
-1711
-1964
-1937
-2126
-2884
-3669
-3767
-3548
-3335
-3657
-4191
-4342
-4440
-4498
-4863
-5263
-5443
-5252
-4458
-3658
-3516
-3522
-2644
-1255
-936
-2056
-2158
265
3094
3409
1856
1688
3337
4036
2935
2580
4111
5481
4502
2504
2287
3293
3325
1831
788
1229
1703
1142
-67
-943
-1279
-1539
-1747
-1762
-1540
-1374
-1414
-1840
-2407
-2493
-1477
-154
249
201
385
1063
1325
960
1055
2134
3430
3479
2678
2413
2603
2601
2064
1679
2294
2993
2728
1541
593
706
816
352
-86
134
587
-3
-1333
-2032
-1707
-1409
-1926
-2521
-2401
-2162
-2711
-3642
-4132
-3962
-3870
-4335
-4669
-4559
-4280
-4611
-5534
-6092
-6155
-5761
-5210
-4477
-3657
-3103
-2480
-1902
-1864
-2382
-2094
76
2726
3458
2667
2476
3571
3925
2997
2979
4603
5939
5127
3462
3213
3628
3010
1466
740
1480
1996
1279
45
-742
-1176
-1735
-2210
-2051
-1467
-988
-1027
-1551
-2019
-1997
-1216
-295
509
858
1193
1588
1645
1590
1683
2351
3174
3319
3274
3240
3281
3105
2241
1722
1995
2665
2754
1937
1275
1012
705
197
-175
171
523
48
-827
-1314
-1142
-1196
-1878
-2457
-2392
-2067
-2243
-2779
-3224
-3537
-4012
-4538
-4751
-4319
-4017
-4465
-5564
-6321
-6297
-5845
-5196
-4499
-3912
-3001
-1783
-1103
-1647
-2572
-1715
844
2952
3132
2840
3873
4965
4094
2656
3144
5178
5900
4688
3790
4187
4295
2803
889
459
1240
1511
889
213
-186
-792
-1791
-2613
-2622
-1850
-991
-609
-835
-931
-784
-574
-103
482
1260
2054
2549
2871
2723
2697
3114
3278
3204
3050
3429
4115
3717
2520
1734
1929
2185
1602
1176
1425
1688
1141
-225
-549
-55
122
-386
-1000
-718
-286
-740
-1957
-2543
-2128
-1680
-2295
-3158
-3163
-2748
-2985
-4118
-4622
-4429
-4434
-5245
-6014
-5863
-5025
-4507
-4554
-4476
-3251
-1455
-808
-1729
-2467
-991
1792
3176
2735
2702
4191
5068
4086
3276
4233
5728
5528
4164
3751
4427
4475
3046
1342
764
1052
1041
559
-89
-506
-873
-1528
-2294
-2545
-1830
-906
-720
-1043
-1086
-493
577
1229
1072
887
1509
2619
3014
2892
3041
3406
3516
2674
2079
2778
3440
2764
1390
1008
1530
1495
746
-92
-251
110
-170
-793
-981
-703
-764
-1687
-2374
-2075
-1462
-1432
-2276
-2768
-2530
-2378
-2892
-3678
-3796
-3811
-4082
-4459
-4785
-4879
-5234
-5926
-6545
-6573
-5695
-4713
-4328
-3731
-2591
-1527
-2066
-3233
-2373
313
2311
2151
1869
3414
4866
4284
2977
3162
4498
4734
3930
3847
4561
4557
3067
1258
471
473
408
139
-145
-404
-882
-1490
-2169
-2595
-2576
-2009
-1140
-659
-521
-265
910
1696
1263
592
1049
2567
3607
3650
3446
3756
3938
3139
2335
2551
3077
2991
2241
1584
1597
1617
879
-530
-1230
-787
-432
-771
-1301
-1331
-1308
-1972
-2820
-2884
-2116
-1711
-2206
-2682
-2510
-2147
-2450
-3099
-3608
-3839
-3923
-3951
-3879
-3848
-4067
-4912
-5823
-6133
-5461
-4430
-3597
-2548
-1424
-839
-1553
-2318
-1474
605
1841
1855
2337
4077
5325
4693
3592
3559
4142
3981
3420
3907
4899
4757
3187
1527
799
524
42
-439
-572
-600
-797
-1166
-1567
-1916
-2322
-2215
-1803
-1420
-1056
189
1966
2638
1932
1085
1442
2491
3408
3693
4069
4785
4845
4231
3519
3078
2723
2350
1909
1782
2225
2548
1609
-374
-1589
-1642
-1324
-1435
-1745
-1586
-1423
-1925
-2834
-3208
-3013
-3019
-3319
-3278
-2684
-2064
-2098
-2947
-4025
-4384
-4009
-3630
-3887
-4240
-4164
-4052
-4460
-5070
-4743
-3877
-2742
-1740
-799
-389
-741
-711
499
1834
2009
1983
3063
4820
5272
4654
4538
5125
4786
3507
3083
4036
4923
4243
2774
1981
1653
825
-257
-835
-800
-856
-1261
-1565
-1434
-1095
-1016
-1431
-1979
-1935
-651
1370
2554
2539
2113
2255
2690
3239
3719
4158
4528
4711
4870
5133
5033
4212
3079
2164
1671
1719
2232
2274
1202
-255
-1079
-1191
-1395
-2153
-2677
-2687
-2503
-2524
-2701
-2761
-2993
-3695
-4269
-4108
-3353
-2688
-2596
-3135
-3610
-3585
-3579
-4052
-4547
-4467
-4080
-3944
-4216
-4256
-3686
-2987
-2173
-1389
-788
-1078
-1429
-605
1283
2160
1684
1782
3127
4414
4181
3637
3952
4597
4028
2866
3056
4177
4245
2750
1321
985
915
262
-616
-1058
-1220
-1621
-2046
-2050
-1743
-1554
-1923
-2528
-2778
-1664
377
1621
1496
999
1192
1899
2571
3030
3346
3609
3762
4007
4560
4742
4060
3045
2267
1838
1727
2068
2114
1138
-305
-1155
-1048
-1041
-1842
-2825
-3173
-3014
-3068
-3310
-3347
-3526
-4016
-4424
-4570
-4091
-3614
-3632
-4141
-4447
-4017
-3489
-3644
-4346
-4709
-4452
-4048
-4232
-4345
-3655
-2531
-1647
-1140
-806
-832
-1020
-387
1026
2057
2121
2225
3329
4670
4685
3899
3791
4328
4190
3329
3299
4166
4416
3256
1849
1367
1314
696
-350
-974
-1093
-1296
-1522
-1493
-1054
-926
-1636
-2576
-2602
-1221
494
1224
858
576
1185
2103
2614
2765
2826
2944
3355
4092
4810
4885
4106
3090
2531
2462
2498
2500
2223
1408
370
-186
-86
-365
-1307
-2526
-3137
-2895
-2478
-2423
-2898
-3471
-3836
-3980
-3891
-3881
-3849
-3793
-4083
-4203
-3711
-3484
-3603
-4057
-4574
-4598
-4195
-3802
-3686
-3347
-2667
-1676
-794
-301
-442
-808
-328
923
1950
2141
2292
3367
4662
4813
4080
3884
4383
4346
3467
3141
4023
4714
4035
2680
1940
1688
1055
47
-530
-573
-549
-473
-344
-518
-1168
-1560
-1340
-1057
-1055
-912
-125
778
1152
1193
1616
2337
2479
2348
2617
3253
3832
4111
4118
3885
3625
3451
3185
2586
1990
1671
1640
1393
862
340
30
-250
-1352
-1963
-2050
-1847
-2133
-2625
-2591
-2663
-2825
-3234
-3597
-3504
-3603
-3717
-3526
-3430
-3354
-3553
-3498
-3629
-3815
-3938
-3687
-3396
-3109
-2364
-1059
-85
-220
-875
-808
447
1638
1990
1813
2272
3631
4580
4511
4075
4123
4428
4160
3632
3762
4523
4687
3783
2753
2475
2546
1946
912
164
15
134
180
71
-219
-563
-843
-892
-932
-1088
-1019
-448
210
541
740
1126
1484
1508
1258
1275
1827
2545
2852
2748
2405
2369
2303
1953
1502
968
838
874
835
361
80
-160
-661
-1407
-2085
-2107
-2323
-2402
-2486
-2870
-2801
-3136
-3310
-3598
-3926
-3938
-3914
-3877
-4208
-4162
-4055
-4094
-4208
-4228
-4043
-3783
-3579
-3131
-2150
-1225
-1258
-1920
-1661
-238
1020
887
317
912
2551
3559
3355
3094
3574
3924
3481
2985
3313
4145
4192
3405
2762
2795
2821
2224
1407
811
547
530
617
453
43
-416
-696
-751
-879
-954
-862
-536
-265
-189
48
483
688
559
527
625
1051
1398
1628
1669
1745
1655
1817
1723
1214
1119
775
704
521
289
386
82
-351
-858
-1422
-1138
-1509
-1783
-1822
-2327
-2223
-2331
-2264
-2556
-2998
-3191
-3396
-3055
-3271
-3316
-3641
-3582
-3496
-3488
-3457
-3235
-2960
-2471
-1724
-1520
-1880
-2203
-1395
-95
431
21
51
1333
2599
2670
2245
2374
3154
3402
3202
3220
3852
4260
3957
3366
3211
3333
3120
2713
2260
1975
1823
1806
1687
1258
633
152
133
47
-183
-532
-419
-215
-315
-261
-247
119
-160
139
235
576
1047
780
977
894
1373
1255
1148
1245
571
844
607
458
548
208
451
-96
-327
-558
-537
-991
-1122
-1374
-1952
-993
-1564
-1821
-2050
-2774
-2581
-2085
-2287
-2762
-3146
-2960
-2734
-2766
-3215
-3197
-2542
-2195
-2016
-1880
-1673
-1618
-1672
-1369
-683
-81
368
417
754
1214
1757
2178
2419
2356
2271
2554
3140
3546
3505
3448
3505
3536
3264
3123
3051
2879
2686
2368
2375
2370
1972
1528
1070
747
510
359
477
427
257
-139
218
827
795
191
-124
384
774
724
938
1012
1106
1232
708
1390
1469
1009
471
1051
961
593
545
635
449
-183
-347
-302
-506
-803
-693
-1116
-1027
-1443
-1095
-1407
-1798
-2210
-2234
-1969
-1941
-2029
-2532
-2678
-2541
-2302
-2417
-2722
-2570
-2280
-2058
-1714
-1457
-1384
-1754
-1697
-1438
-909
-686
-454
12
437
678
736
1132
1346
1222
921
1283
2053
2411
2382
2199
2384
2453
2352
2143
2023
1875
1681
1686
1725
1571
1213
775
447
294
171
-61
-83
99
-62
-13
264
347
-105
-124
-113
36
203
324
1014
436
640
253
468
835
453
-132
-330
347
518
492
-210
161
-240
-110
-878
-967
-785
-1129
-788
-1186
-1077
-1516
-1322
-1416
-1926
-2526
-1749
-1496
-2120
-2527
-2424
-2125
-2089
-2356
-2710
-2667
-2268
-2076
-2192
-1928
-1633
-1295
-1370
-1629
-1860
-1464
-952
-711
-834
-650
-75
348
468
534
762
865
778
755
1149
1711
1847
1745
1779
1919
1918
1640
1344
1151
1000
1049
1312
1605
1490
984
489
330
487
726
557
328
442
1012
1296
1187
719
385
406
572
1062
967
955
918
1518
786
1029
992
454
515
411
411
398
1010
439
146
-5
-434
-52
23
-789
-1335
-703
-438
-473
-662
-1302
-1674
-1151
-1127
-1682
-1775
-1591
-1303
-1582
-1371
-1651
-1847
-1983
-1957
-2180
-2179
-2117
-1833
-1595
-1604
-1585
-1352
-1358
-1602
-1764
-1496
-1127
-924
-799
-528
-110
31
49
175
388
352
221
410
988
1360
1363
1300
1435
1459
1214
843
765
790
932
1111
1352
1420
1322
886
713
671
408
665
1204
1328
914
1258
1298
1729
1386
963
876
1407
1454
2036
1984
1623
1777
1179
1514
1543
1531
256
693
1125
846
803
272
395
356
548
-442
-494
327
-358
-485
-587
-93
-207
-518
-1166
-1053
-348
-1125
-941
-637
-856
-1042
-1119
-830
-1226
-999
-971
-1450
-1641
-1622
-1256
-1312
-1368
-1513
-1261
-968
-912
-1419
-1683
-1358
-941
-788
-830
-568
-139
-83
-167
-116
251
313
193
202
691
1112
1255
1194
1038
1081
1004
919
849
814
665
779
1289
1473
1587
1242
1002
1239
1237
713
1030
1722
1638
1419
1347
1931
1652
1336
1153
1397
1467
1252
1723
1130
1185
1023
869
814
406
-126
103
296
-35
-13
124
242
37
-857
-178
-631
-510
-1222
-1144
-142
-440
-867
-1455
-360
-833
-880
-1789
-1279
-1069
-929
-1403
-1634
-1409
-1401
-1337
-1769
-2420
-2202
-1847
-2110
-2655
-2694
-2012
-1712
-1820
-2476
-2308
-2140
-2164
-2318
-2119
-1640
-1259
-998
-917
-696
-608
-351
-353
-317
-253
75
616
785
759
747
964
1002
606
272
518
935
835
688
1182
1615
1609
1243
1114
1070
1490
1212
1228
1538
1610
1894
1663
1519
1722
1420
1318
1029
1322
1559
1042
1273
1204
1053
794
407
406
193
608
383
280
-232
-185
803
221
-836
-695
274
74
-339
-624
-555
-452
296
-491
-628
-862
-927
-368
-1210
-1003
-993
-913
-1079
-1559
-1524
-1595
-2038
-1930
-2544
-2047
-2051
-2184
-2158
-2307
-1665
-1757
-1924
-2151
-2018
-1941
-1641
-1389
-1318
-890
-551
-441
-405
-173
70
93
38
63
548
1084
1228
965
925
1184
1014
1020
646
993
1196
1112
1152
1357
1858
1583
1282
1420
1422
1370
1736
1506
1660
1908
1673
1941
1689
1028
1032
1278
1779
1101
1151
1311
1425
1232
183
1280
505
228
601
800
554
227
-38
219
723
326
123
-495
-60
353
-83
-486
-657
473
5
-139
-1443
-1153
202
-629
-1267
-1257
-993
-773
-1178
-1480
-1666
-1508
-1537
-1969
-2209
-1910
-1703
-1914
-1832
-1860
-1246
-1309
-1722
-1637
-1522
-1187
-1204
-784
-441
44
74
205
498
468
470
312
651
990
1300
1480
1317
1319
1321
1456
1305
1293
1325
1475
1266
1584
1987
1995
1894
1426
1831
2025
1490
1481
2009
1895
1865
1979
2127
1994
1207
870
1495
1359
1324
1360
1201
1323
1245
568
684
900
894
812
2
407
1600
191
242
599
630
218
125
-62
43
280
-965
-89
-309
-377
-164
-1347
-790
-1065
-1160
-1600
-1840
-1541
-2146
-1514
-2033
-1865
-2730
-3010
-2744
-2561
-2450
-2845
-2116
-2033
-1862
-1914
-2216
-1986
-1976
-1416
-1385
-1218
-687
-540
-146
-252
-7
93
45
-75
68
737
962
1116
840
956
1018
689
551
578
818
929
672
1246
1479
1204
1107
974
1086
809
880
741
1297
1375
1329
1038
1223
1275
1056
1022
313
1109
795
1074
1157
995
840
354
1130
488
426
351
535
826
81
841
483
-632
42
-373
-45
361
-962
-666
-58
-203
-760
-667
-1329
-1501
-1721
-1383
-1643
-1808
-1849
-2347
-1927
-2209
-2675
-2866
-2736
-2810
-2708
-2540
-1732
-1860
-2060
-2219
-1915
-1920
-1780
-1386
-1100
-694
-490
0
341
449
249
315
484
679
862
1279
1586
1452
1309
1403
1570
1093
630
900
1248
813
1064
1262
1590
1898
838
1102
1518
815
671
857
1398
1664
1174
1461
1206
1333
1238
952
834
481
1202
1719
1810
755
1514
1041
974
684
230
1298
771
222
1651
1057
331
71
232
185
-385
-1249
542
456
-1212
-1174
-268
-579
-2267
-1914
-1849
-2176
-1701
-1593
-2811
-3026
-2798
-2374
-2657
-3670
-3494
-2418
-1666
-1827
-2493
-2115
-1438
-1521
-1965
-1644
-615
-227
-323
137
971
981
675
838
1131
1194
1356
1791
1975
1831
1790
2029
1858
1242
840
1076
1266
812
820
1461
2317
2064
906
1285
1082
1456
1485
665
1550
2288
1839
914
1628
1937
549
776
1393
1611
1786
1647
1187
1075
1744
1322
945
502
864
1760
1339
1027
1189
795
820
931
-13
-1349
555
919
367
-774
-1484
-884
194
-722
-2746
-2897
-1433
-1516
-2610
-3150
-3461
-2583
-3186
-3162
-2896
-2571
-2060
-1981
-2610
-2671
-1773
-1024
-1521
-1659
-759
714
632
50
741
1760
1761
836
1462
2560
2715
1924
1662
2823
2920
1945
1078
1336
1761
1031
848
717
1639
1457
1017
1155
816
855
94
1238
710
839
1331
1451
665
556
1348
327
134
456
857
1678
567
977
1619
591
198
-253
786
989
-655
61
1066
122
-481
397
-415
-1087
-956
-555
-170
-1379
-1513
-1516
-1435
-1827
-2331
-2119
-3272
-3216
-3354
-3120
-3664
-4582
-3340
-2840
-2340
-3446
-3565
-3120
-3019
-2436
-2407
-1593
-1068
-629
-145
68
801
1103
1199
634
1076
2398
3175
2971
2267
2523
2777
2464
1728
1522
1810
1519
1091
1211
1710
1543
1117
403
-136
487
1244
1108
154
559
1015
1082
1227
463
242
121
331
209
734
2082
1371
716
1023
483
478
-318
476
420
-178
-54
448
779
-1777
-1328
277
-354
-1861
-1347
339
-630
-2926
-1660
-1035
-3113
-4109
-3656
-2457
-3964
-4867
-3686
-2620
-2869
-2866
-2238
-2707
-3655
-3084
-802
-731
-1753
-1078
1055
2024
548
752
2259
2537
1225
1184
3950
4840
3324
1906
2951
4164
2918
1546
1368
2054
1636
1351
1908
2287
1609
184
45
519
902
1134
790
133
1076
1568
1721
861
-214
15
947
1426
471
1428
1161
1210
410
21
734
368
-619
-1125
-277
2266
37
-1791
-1180
-1922
-1496
-1804
-1410
-823
-2544
-2913
-2388
-2032
-2718
-4726
-5131
-3903
-4278
-4853
-3988
-2331
-2040
-3081
-3388
-3394
-2597
-1953
-1560
-1248
-352
1648
2491
1987
1445
2242
3325
2682
2382
3758
5776
5598
4074
3829
4749
4517
2440
1321
2185
3113
3101
2412
2509
2347
1015
-191
-338
516
792
205
838
1658
1640
1382
-46
452
889
822
2345
1932
1547
1565
2064
1428
14
189
673
92
807
-123
-756
301
-222
-1349
-3312
-2577
-1241
-3544
-2889
-2379
-4137
-4732
-4947
-4767
-5836
-6494
-5418
-4333
-2016
-1432
-2793
-4621
-5104
-2385
-938
-1090
-1585
279
3112
3140
2705
2795
3685
2898
1707
3625
6602
7869
5523
4060
4688
5274
4371
2118
2235
3143
3529
3497
3610
3618
1358
-896
-1665
-214
1319
974
-93
-190
1067
1467
292
-972
-708
-806
131
1667
2336
2385
1543
60
122
962
363
375
-878
-660
-393
-284
-1148
-3233
-2997
-5891
-4580
-2462
-3743
-5732
-7170
-6374
-6955
-8880
-8152
-5764
-2770
-3279
-5538
-5697
-4270
-1459
-2445
-3693
-2724
932
4139
2941
2168
2993
4150
3366
1748
3730
6958
7612
4759
3263
5524
6484
3653
274
1207
4222
4631
2618
1671
2474
1719
-1145
-2221
-97
1572
498
-1007
-136
1804
1650
-291
-1628
-251
1734
2177
3108
2622
1783
2194
2290
662
299
1022
927
17
-699
-313
-120
-3159
-5535
-5754
-4876
-4340
-6312
-6873
-7597
-8643
-8693
-8626
-6175
-2880
-3337
-6318
-7955
-4848
-848
-850
-3072
-2766
1211
4322
3931
2980
3733
4855
3573
2642
5353
8745
8186
4366
2980
5253
6644
4046
1097
1725
3843
3752
2076
1875
2066
152
-2488
-2180
920
2433
182
-1649
-437
1374
1113
-492
-639
780
1713
1866
2512
3204
2614
1225
42
518
2285
2098
-109
-1018
-828
-496
-1596
-3630
-5123
-5491
-5763
-6196
-6826
-7954
-9308
-9400
-5846
-1859
-2750
-7122
-9558
-6140
-818
-520
-2447
-1390
2527
4025
2132
2413
5115
5803
3076
1750
6143
10753
9135
3805
1870
4493
5620
3288
1714
3311
4676
2423
257
1419
2687
240
-3781
-3230
1234
3285
718
-2106
-1401
525
387
-584
66
1958
2627
1736
1612
3187
3711
1852
-243
53
2606
3034
1123
-1268
-1958
-1985
-3490
-5172
-5907
-6335
-7064
-8134
-9179
-9436
-6261
-2413
-2948
-7193
-10464
-7355
-1116
780
-2164
-2993
1599
5348
4043
2011
3659
6475
5708
3320
5481
11206
11715
5751
1303
3623
7429
6050
2253
2074
5065
4845
950
-342
1347
1164
-2042
-3357
130
3650
2142
-2234
-3371
-593
1187
241
-416
1031
2881
2712
1361
1452
2615
1986
-11
-339
1398
2394
993
-1623
-3085
-3218
-3964
-5431
-7068
-7520
-7429
-8673
-9974
-8111
-3491
-1325
-5156
-10558
-10890
-4815
1031
86
-2888
-1156
3669
4831
2174
1756
4774
6131
3678
3109
8168
12133
8248
1162
-58
4327
6539
3873
1484
2993
4158
1301
-1499
-378
851
-1191
-3774
-2099
2475
3410
-620
-3967
-2580
307
843
559
1739
3366
2854
964
974
2878
3090
610
-625
822
2528
1753
-1448
-3800
-4445
-4907
-6620
-7858
-7505
-8091
-9972
-10711
-7268
-1980
-2281
-8501
-13010
-9557
-1807
1401
-841
-1881
1428
3945
2377
1426
4345
7252
5747
2983
5444
11145
11445
5088
-12
1406
5056
5390
3510
3019
3542
1280
-2264
-1983
727
425
-2961
-4054
-577
2690
1055
-3065
-3898
-1444
122
654
2300
4282
3728
839
-468
1819
4359
3342
765
314
1936
2219
-234
-3015
-4445
-5339
-6870
-8095
-7743
-7515
-8547
-7280
-3038
-1479
-6101
-11870
-11007
-3821
1147
222
-1006
1994
4775
2495
-441
2159
7295
7790
4257
4802
10422
12124
6071
-17
1179
5259
5550
3245
3494
5757
3558
-2327
-3935
-411
1451
-1332
-3542
-943
2474
902
-3884
-4759
-1475
20
-931
-87
3227
4497
1134
-2336
-929
2928
3307
699
-138
1471
1640
-1272
-4028
-4224
-3850
-5720
-8277
-8605
-7112
-6814
-6169
-3194
-1633
-5022
-10262
-10028
-3329
2167
1427
-695
1430
4713
3568
937
2546
7022
8157
5240
4989
9402
11335
6399
837
1398
5342
6201
3701
2950
4392
2972
-1723
-3334
-161
1884
-329
-2732
-1183
1847
794
-3163
-3885
-835
959
55
292
2887
3875
980
-1941
-323
3390
3622
880
-325
835
266
-2525
-4322
-4116
-3778
-6167
-9193
-9442
-7819
-5705
-2943
-1640
-4510
-9774
-11130
-5661
1053
2454
120
426
3540
3848
1801
2437
6490
8811
6438
4853
8532
12196
9084
2330
612
4781
7775
6042
3856
4433
3772
-591
-3225
-434
3090
1730
-2289
-2544
678
1103
-2534
-4174
-1507
745
-28
-598
1627
3358
935
-2833
-2180
1983
3809
1502
-950
-893
-776
-2690
-4675
-4626
-4111
-5992
-9284
-10363
-8466
-5359
-2061
-1287
-4832
-10263
-11479
-5819
1120
2731
534
273
2548
2620
730
1944
6386
8636
5926
3889
7544
11365
8549
2002
291
4528
7162
5402
3945
5038
3804
-1629
-4218
-17
4617
3001
-1988
-2819
-42
74
-2879
-3232
-114
888
-1277
-2008
876
2751
-17
-3606
-2707
1012
2181
92
-1580
-1917
-3220
-5638
-6643
-5153
-4624
-7721
-10954
-10613
-7213
-2991
-1251
-3633
-8551
-11419
-8448
-1641
2893
2633
1085
1286
1442
549
1578
5535
8859
7636
4312
4842
8483
9085
4915
1619
3211
6109
5886
4099
4440
4632
965
-3095
-1769
3252
5127
1765
-1329
-782
-114
-1566
-1929
922
2988
1186
-1214
-371
2136
1873
-610
-927
1161
1926
108
-1312
-1106
-1547
-4082
-6294
-5779
-4618
-6477
-10172
-11171
-8479
-4192
-1934
-3631
-7783
-10640
-9534
-4896
-307
1627
1739
1455
258
-1414
-628
3641
7953
8143
5128
4042
6172
7357
5388
3379
4460
6099
5156
3518
4565
5986
3204
-1257
-1338
2627
4914
3024
694
608
245
-1894
-2142
1301
3929
2322
-708
-918
912
1358
135
128
1423
1286
-660
-1841
-1224
-1181
-3148
-5319
-5448
-5098
-6646
-8776
-8536
-5114
-1808
-2188
-5698
-8617
-8273
-5212
-1968
50
1197
1785
912
-1276
-1800
1107
5230
7031
5517
3744
3955
4532
3844
2910
3657
5118
4809
2909
2085
3108
2950
477
-923
824
3061
2895
1308
730
526
-824
-1833
323
3677
3887
1527
96
669
1273
904
1385
2999
3257
1042
-1230
-1242
-582
-1136
-2290
-2849
-3117
-4984
-7563
-8226
-6129
-2722
-809
-2103
-5629
-8275
-7525
-4035
-591
1205
1778
1651
337
-1490
-1075
2394
6158
6882
5235
4187
4491
4405
3186
2999
4725
5806
4456
2568
2820
3945
2711
159
-101
1752
2439
1118
385
978
418
-1893
-2515
303
2701
1735
-321
-634
-24
-363
-647
925
2961
2261
-756
-2410
-1701
-876
-1619
-2543
-2401
-2911
-4990
-6833
-6033
-2904
-540
-1246
-4029
-6272
-6170
-4147
-1429
735
1829
1644
-22
-1927
-2022
531
4032
5731
4800
2982
2076
2116
2162
2679
4041
5028
4162
1955
1170
2273
2853
1777
867
1404
2026
1161
261
553
695
-511
-1624
-586
1336
1500
-1
-819
-623
-905
-1310
-316
1548
1675
-342
-2236
-2481
-1983
-2009
-2110
-1629
-1848
-3779
-5980
-6255
-4396
-2137
-844
-1108
-3030
-5430
-6330
-4528
-1136
1150
1578
728
-590
-1967
-2287
-442
2813
4905
4294
2309
1176
1281
1521
2104
3500
4777
4132
2069
1133
1857
2570
2139
1928
2502
2456
1281
307
590
924
141
-670
-114
920
784
-167
-731
-816
-1224
-1520
-747
554
808
-521
-1905
-2367
-2205
-1762
-1198
-724
-1201
-2743
-4084
-4096
-3060
-1835
-728
-85
-642
-2482
-4036
-3625
-1605
589
1569
1317
357
-758
-1506
-1203
540
2741
3662
2687
1108
229
267
881
2013
3274
3539
2469
1038
648
1220
1773
1961
2183
2317
1834
946
350
460
687
598
561
861
1044
815
386
-33
-387
-487
-101
310
372
331
-253
-1084
-2010
-2168
-1182
-478
-645
-1426
-1907
-2600
-3300
-3158
-1960
-673
-664
-1825
-2506
-2217
-2030
-2084
-1686
-367
588
180
-1015
-1335
-520
236
467
732
1520
1932
1028
-56
249
1567
2280
1888
1700
2104
2075
1332
1126
2023
2654
2039
1141
1216
1584
1239
525
654
1371
1338
863
939
1507
1373
539
223
918
1374
876
364
342
267
-307
-632
-200
143
-248
-877
-938
-783
-1009
-1350
-1446
-1035
-835
-1084
-1135
-1057
-1142
-1559
-1645
-1145
-655
-763
-1121
-1028
-693
-778
-960
-576
48
111
-415
-386
297
741
563
481
969
1270
951
818
1483
2203
2046
1568
1605
1956
1703
1156
1370
2036
2156
1615
1489
1921
2034
1452
1057
1490
1770
1314
664
631
793
592
98
-31
124
32
-346
-667
-607
-633
-811
-961
-803
-744
-921
-997
-1022
-1005
-1083
-1107
-1038
-991
-1117
-1315
-1279
-1127
-1044
-1120
-1164
-1168
-1226
-1437
-1567
-1332
-984
-805
-670
-530
-603
-685
-559
-104
452
643
530
372
300
331
396
761
1253
1381
1146
951
1106
1248
1193
1159
1339
1618
1528
1171
891
918
893
796
613
521
513
244
-139
-355
-386
-425
-498
-579
-730
-966
-1076
-1034
-1042
-1220
-1375
-1395
-1357
-1467
-1572
-1529
-1454
-1552
-1647
-1600
-1453
-1425
-1548
-1579
-1561
-1412
-1275
-1183
-1114
-1121
-1124
-1007
-588
-246
-53
44
139
277
382
511
591
784
1044
1226
1252
1192
1123
1094
1212
1364
1478
1437
1402
1274
1055
885
812
923
865
662
532
501
404
180
37
106
233
76
-301
-463
-266
44
20
-167
-354
-555
-730
-803
-717
-540
-531
-746
-977
-1070
-1001
-1063
-1263
-1395
-1412
-1292
-1257
-1337
-1410
-1417
-1385
-1349
-1193
-956
-741
-647
-596
-399
-91
208
237
259
497
812
955
927
924
1078
1258
1314
1330
1391
1407
1231
1025
1058
1164
1108
795
520
506
548
455
309
305
317
120
-192
-326
-212
-18
25
-157
-220
-310
-453
-549
-403
-82
91
-50
-329
-480
-478
-418
-392
-347
-267
-319
-445
-564
-660
-643
-630
-620
-609
-633
-651
-615
-544
-493
-446
-375
-302
-322
-249
-94
75
160
170
287
531
697
751
865
886
1016
1112
1153
1271
1325
1254
1007
835
853
955
943
900
838
821
658
413
98
123
325
315
223
150
159
-59
-300
-392
-122
80
-59
-263
-322
-257
-287
-334
-251
-76
-162
-345
-364
-178
-13
-49
-227
-275
-158
-66
42
116
162
157
221
308
355
364
300
296
326
357
415
491
617
624
561
554
650
703
647
644
610
598
525
473
509
562
530
405
221
70
76
121
180
143
8
-148
-275
-252
-200
-231
-235
-197
-89
-121
-268
-401
-412
-367
-408
-514
-522
-462
-660
-888
-973
-761
-516
-466
-643
-776
-686
-591
-484
-430
-425
-467
-554
-512
-465
-346
-211
-215
-175
-146
-57
27
78
127
139
158
172
256
399
495
357
198
164
267
413
375
222
115
-10
-185
-225
-56
127
10
-342
-529
-543
-457
-464
-467
-341
-279
-401
-538
-495
-430
-511
-635
-540
-343
-282
-445
-645
-627
-587
-605
-548
-399
-293
-462
-576
-524
-341
-200
-239
-225
-183
-205
-357
-308
-53
92
0
-113
-7
129
134
85
176
289
284
177
256
494
414
158
98
399
678
559
259
119
153
112
65
200
371
285
-113
-359
-315
-40
23
-183
-291
-249
-262
-429
-513
-458
-454
-558
-615
-485
-344
-462
-798
-906
-690
-434
-333
-328
-308
-347
-415
-457
-321
-29
113
71
27
162
199
147
82
207
433
451
300
187
263
361
365
295
310
335
257
189
