400
408
394
403
380
373
355
335
379
364
373
411
363
256
380
368
388
388
363
390
386
338
229
214
339
380
389
366
335
349
362
398
405
434
430
421
398
374
358
349
392
351
368
361
365
376
365
330
328
360
314
283
210
194
176
178
218
152
175
131
133
161
127
119
87
107
112
93
87
93
81
92
143
88
78
73
58
95
67
101
99
81
69
73
84
83
83
83
113
67
50
42
28
12
-35
-89
-168
-202
-190
-154
-148
-146
-112
-73
-61
-71
-80
-59
-91
-107
-131
-149
-141
-171
-202
-211
-247
-252
-254
-273
-247
-278
-294
-269
-243
-203
-214
-238
-232
-183
-143
-202
-338
-358
-309
-261
-215
-259
-255
-252
-264
-252
-254
-253
-276
-266
-260
-257
-240
-225
-217
-209
-165
-211
-211
-202
-195
-169
-172
-168
-179
-185
-180
-164
-176
-165
-159
-130
-132
-52
-8
-2
-11
-20
13
-1
0
6
9
5
12
0
17
27
51
10
9
32
-9
14
14
15
21
24
11
12
-5
-6
6
-19
-1
-42
-35
-23
-13
-6
-12
13
23
8
3
19
19
26
32
29
49
6
13
21
10
14
-14
13
-1
-5
1
19
14
11
26
1
14
-13
11
24
22
-2
0
-2
-15
3
0
11
-5
-6
-8
-8
17
-15
-4
7
15
29
34
25
25
38
31
17
4
3
3
2
39
23
38
48
48
65
49
60
50
75
71
69
80
80
86
80
125
79
82
104
100
111
111
82
81
79
81
98
111
125
111
91
125
86
101
106
98
94
80
95
79
85
95
110
123
132
135
150
202
153
173
384
419
379
363
344
361
371
359
367
338
340
341
315
348
322
342
331
334
190
281
330
317
351
286
312
303
274
190
151
228
309
335
297
235
222
247
271
288
324
307
306
290
279
276
247
269
219
248
271
278
278
296
250
229
292
238
223
197
157
156
157
190
154
133
135
157
174
136
152
145
157
165
168
163
174
182
181
229
192
182
190
177
219
232
254
249
233
220
242
224
240
234
226
272
231
217
212
181
157
84
20
3
-105
-116
-95
-106
-80
-67
-35
-1
-57
-54
-79
-125
-165
-197
-238
-261
-264
-312
-317
-350
-366
-391
-415
-411
-461
-467
-460
-451
-444
-458
-505
-523
-463
-419
-458
-585
-643
-614
-579
-531
-571
-579
-582
-593
-571
-579
-583
-602
-610
-610
-612
-610
-591
-587
-589
-562
-593
-584
-587
-589
-565
-560
-531
-526
-513
-487
-438
-409
-352
-308
-239
-176
-68
67
121
172
239
328
398
475
544
612
694
755
797
845
905
971
964
1001
1030
1040
1048
1062
1043
1034
1019
979
955
913
865
809
750
716
607
545
493
419
352
260
193
122
35
-43
-118
-190
-274
-359
-444
-504
-624
-704
-758
-852
-921
-994
-1064
-1137
-1220
-1289
-1345
-1393
-1440
-1462
-1497
-1521
-1565
-1556
-1547
-1545
-1544
-1541
-1547
-1553
-1531
-1485
-1388
-1254
-1092
-950
-841
-723
-638
-497
-339
-180
1
182
329
450
585
718
879
1025
1122
1179
1201
1241
1247
1309
1387
1408
1435
1416
1417
1416
1405
1441
1408
1414
1359
1281
1234
1237
1188
1176
1160
1099
1053
989
943
885
863
808
760
729
687
628
563
593
522
488
433
356
306
254
228
174
127
59
11
-54
-86
-140
-186
-208
-334
-416
-321
-376
-493
-582
-689
-774
-848
-948
-1042
-1136
-1236
-1327
-1434
-1468
-1556
-1565
-1547
-1528
-1664
-1613
-1519
-1522
-1443
-1386
-1252
-1107
-912
-856
-760
-516
-282
-60
94
244
431
618
816
998
1142
1300
1450
1556
1650
1687
1704
1759
1740
1773
1804
1816
1802
1776
1711
1651
1701
1639
1583
1518
1407
1302
1228
1196
1109
1073
1030
947
903
862
823
790
750
710
663
608
572
532
515
559
517
476
447
384
374
355
340
312
245
176
125
57
20
-37
-71
-132
-234
-333
-441
-554
-655
-831
-952
-1105
-1315
-1415
-1506
-1570
-1667
-1716
-1782
-1873
-1990
-2043
-2087
-2148
-2198
-2225
-2249
-2255
-2221
-2230
-2139
-2035
-1887
-1705
-1557
-1382
-1275
-1105
-891
-652
-425
-232
-75
105
341
541
690
722
804
944
1052
1160
1146
1178
1215
1217
1233
1206
1173
1133
1108
1104
1099
1084
1064
1027
954
906
826
783
760
730
680
639
613
578
563
554
528
479
449
406
399
389
418
507
499
465
403
395
359
329
314
260
199
130
42
-40
-62
-101
-208
-286
-369
-486
-587
-687
-822
-936
-1042
-1176
-1293
-1396
-1496
-1598
-1727
-1816
-1990
-2103
-2164
-2209
-2252
-2298
-2306
-2327
-2324
-2299
-2232
-2164
-2060
-1917
-1772
-1583
-1454
-1283
-1082
-873
-619
-440
-230
-19
184
400
581
729
889
1066
1207
1328
1359
1445
1506
1550
1590
1575
1587
1548
1551
1542
1531
1523
1517
1499
1445
1411
1292
1239
1219
1172
1161
1124
1074
1025
995
976
936
896
848
794
737
729
659
649
657
646
627
578
533
485
447
417
350
286
216
130
66
43
-49
-109
-200
-318
-407
-533
-637
-748
-854
-972
-1085
-1201
-1333
-1440
-1564
-1637
-1789
-1891
-1977
-2117
-2192
-2273
-2313
-2332
-2349
-2355
-2322
-2292
-2227
-2133
-2001
-1779
-1622
-1438
-1081
-858
-674
-445
-223
15
282
523
747
935
1087
1301
1465
1681
1773
1882
1942
2018
1960
1934
2126
2117
2145
2083
2054
2052
2047
1978
1890
1910
1891
1855
1725
1611
1572
1534
1536
1507
1455
1401
1351
1305
1272
1193
1104
1052
957
914
899
880
916
856
788
688
635
620
526
448
355
255
166
113
-3
-46
-101
-213
-327
-427
-538
-636
-729
-826
-912
-1035
-1170
-1306
-1416
-1485
-1613
-1725
-1832
-1945
-2071
-2162
-2244
-2374
-2358
-2353
-2391
-2424
-2395
-2366
-2339
-2167
-2019
-1817
-1614
-1428
-1266
-1111
-914
-772
-578
-280
1
253
441
697
1028
1308
1483
1594
1616
1607
1596
1655
1745
1776
1818
1719
1654
1579
1523
1495
1429
1369
1200
1059
936
953
1010
936
853
760
695
660
659
583
509
526
513
492
406
382
394
398
407
360
284
197
170
160
205
164
135
86
-111
-180
-273
-319
-344
-445
-577
-733
-848
-962
-1069
-1177
-1300
-1497
-1742
-2011
-2175
-2197
-2214
-2219
-2494
-2790
-3019
-3096
-3065
-3036
-2979
-3057
-3122
-3162
-3157
-3102
-2790
-2236
-1730
-1478
-1592
-1703
-1342
-621
-13
329
556
831
1061
1153
1230
1503
1940
2314
2380
2292
2180
2114
2208
2331
2329
2135
1882
1741
1775
1789
1711
1579
1480
1306
978
803
870
1049
1127
962
729
544
492
556
679
824
871
872
838
783
706
787
892
965
970
869
838
824
836
816
696
555
426
360
321
274
94
-107
-304
-527
-745
-886
-913
-958
-1120
-1448
-1793
-2016
-2196
-2360
-2509
-2551
-2677
-2871
-3108
-3322
-3453
-3507
-3392
-3178
-3053
-3090
-3265
-3313
-3102
-2718
-2158
-1536
-1185
-1181
-1319
-1122
-355
481
950
1180
1392
1556
1609
1676
2059
2641
2986
2977
2708
2535
2522
2521
2600
2660
2497
2176
1900
1800
1751
1624
1500
1436
1332
1080
834
817
1080
1185
949
795
799
865
948
992
1056
1130
1100
1122
1170
1297
1360
1430
1434
1418
1297
1199
1417
1438
1397
1277
1146
990
847
696
504
421
270
117
-100
-397
-634
-769
-865
-1046
-1323
-1589
-1746
-1919
-2173
-2454
-2643
-2765
-3030
-3316
-3310
-3211
-3117
-3306
-3466
-3560
-3406
-3197
-3041
-2770
-2268
-1704
-1445
-1614
-1828
-1292
-72
922
1132
994
1205
1563
1761
1816
2255
3036
3500
3215
2652
2488
2619
2760
2861
2857
2675
2261
1952
1841
1668
1377
1226
1354
1404
1034
569
543
713
641
290
220
614
862
612
219
64
288
539
675
855
1031
1103
995
778
788
971
1192
1321
1194
905
651
582
497
431
382
309
143
-172
-477
-825
-1062
-1233
-1220
-1245
-1561
-2054
-2338
-2383
-2547
-2950
-3319
-3441
-3399
-3655
-3982
-4191
-4091
-4084
-4237
-4248
-4080
-3868
-3799
-3704
-3253
-2535
-2002
-1981
-2189
-1863
-726
354
753
621
743
1328
1708
1763
2079
2848
3388
3111
2484
2370
2699
2934
2893
2705
2658
2366
1959
1793
1752
1570
1300
1267
1300
988
519
387
589
614
325
181
552
869
618
165
131
512
856
978
982
1044
1079
988
892
942
1235
1495
1537
1263
931
858
954
904
704
652
624
452
39
-284
-426
-556
-788
-993
-1131
-1285
-1691
-1995
-2264
-2523
-2904
-3100
-2959
-2913
-3326
-4042
-4312
-4145
-3835
-3877
-3808
-3680
-3690
-3903
-3955
-3198
-1956
-1231
-1535
-2138
-1889
-493
802
1243
1131
1210
1755
2059
2082
2501
3437
3967
3493
2701
2706
3266
3555
3258
2807
2574
2420
2170
2032
1967
1678
1383
1203
1130
937
668
685
756
482
96
146
680
1054
689
196
258
663
981
1044
1060
1154
1218
1061
902
1030
1421
1671
1474
1082
852
999
1151
910
582
510
574
343
-117
-414
-394
-546
-871
-1200
-1176
-1230
-1687
-2260
-2437
-2243
-2299
-2544
-2917
-3252
-3587
-3741
-3732
-3498
-3353
-3469
-3764
-3914
-3896
-3537
-3017
-2194
-1369
-1319
-1735
-2081
-1329
452
1700
1766
1411
1617
2135
2356
2417
3227
4253
4395
3573
2946
3344
3967
3845
3260
3065
3178
3040
2515
2083
1920
1606
1377
1339
1428
1390
1103
743
452
269
389
801
1209
1167
656
250
404
807
1189
1406
1477
1466
1324
1119
1021
1248
1647
1828
1583
1236
1105
1131
977
510
395
672
752
337
-333
-645
-769
-964
-1279
-1259
-1154
-1391
-2157
-2856
-2875
-2731
-2649
-3043
-3490
-3898
-4130
-4369
-4313
-4327
-4278
-4331
-4404
-4312
-4142
-3901
-3332
-2470
-1691
-1742
-2333
-1966
-471
975
1101
683
1009
2052
2500
2114
2308
3366
4091
3350
2420
2674
3580
3664
2712
2133
2342
2572
2091
1534
1317
1196
919
578
457
415
381
228
16
-211
-195
123
488
498
204
42
299
683
912
1007
1109
1204
1243
1182
1082
1175
1427
1601
1396
1044
954
1074
930
386
68
231
428
-21
-513
-781
-881
-1177
-1640
-1712
-1587
-1560
-2262
-3027
-3411
-3237
-3259
-3500
-3845
-4154
-4322
-4611
-4821
-4850
-4449
-4189
-4190
-4341
-4240
-3780
-2861
-1988
-1643
-1908
-1858
-877
669
1457
1327
1326
2017
2737
2737
2805
3679
4569
4291
3194
2886
3642
4218
3600
2729
2497
2615
2297
1599
1310
1370
1244
757
321
301
378
322
73
-116
-185
100
472
658
581
392
513
839
1210
1474
1655
1764
1738
1625
1566
1780
2043
2173
1948
1559
1434
1475
1374
933
541
479
473
117
-509
-883
-1029
-1196
-1737
-2029
-2057
-2096
-2547
-3122
-3425
-3401
-3632
-4013
-4382
-4519
-4578
-4709
-4802
-4691
-4550
-4416
-4354
-4392
-4124
-3622
-2534
-1535
-1060
-1488
-1677
-816
863
2015
2180
2220
2624
3165
3085
3007
3800
4898
4964
3927
3248
3605
4056
3556
2728
2504
2710
2455
1631
1075
1095
1094
633
243
300
504
495
238
-69
-110
138
576
968
1156
1075
1002
1151
1453
1956
2164
2457
2590
2488
2355
2212
2369
2642
2640
2152
1844
1829
1809
1319
638
436
507
385
-205
-693
-903
-1167
-1763
-2359
-2424
-2229
-2306
-2945
-3576
-3967
-4236
-4481
-4683
-4495
-4390
-4407
-4949
-5279
-5040
-4294
-3914
-4037
-3950
-2955
-1454
-736
-1250
-1670
-703
1115
2147
2262
2572
3389
3837
3270
2877
3821
5340
5600
4468
3521
3625
3985
3507
2698
2489
2674
2381
1347
590
516
575
160
-387
-520
-187
37
-292
-702
-919
-673
-219
163
564
756
759
784
906
1314
1935
2373
2711
2612
2245
2018
2123
2451
2473
2173
1900
1744
1534
931
313
56
71
-227
-799
-1266
-1460
-1663
-2369
-3125
-3404
-3127
-2981
-3454
-4221
-4731
-4991
-5124
-5574
-5678
-5545
-5282
-5388
-5669
-5612
-5206
-4716
-4601
-4470
-3804
-2312
-1118
-845
-1397
-1199
104
1698
2437
2618
3135
3861
3922
3314
3302
4359
5396
5045
3889
3351
3623
3690
2789
2023
1960
2047
1489
539
80
111
-63
-719
-1293
-1288
-834
-548
-603
-794
-906
-720
-357
144
691
1131
1363
1483
1589
1822
2214
2685
3029
3045
2859
2701
2736
2798
2591
2204
1995
1979
1762
1168
521
192
52
-390
-1027
-1434
-1497
-1628
-2318
-3177
-3553
-3617
-3660
-4085
-4384
-4410
-4586
-5174
-5935
-6059
-5832
-5409
-5309
-5110
-4941
-4645
-4562
-4608
-4207
-3008
-1347
-311
-263
-591
-118
1017
2256
2863
3345
4001
4525
4432
4031
4156
4880
5254
4666
3894
3748
4007
3667
2591
1633
1308
1161
661
81
-67
-53
-483
-1255
-1733
-1504
-930
-647
-714
-727
-576
-243
86
476
991
1389
1708
1996
2329
2708
2912
3022
3073
3090
3039
3074
3214
3142
2738
2130
1760
1580
1423
944
313
-97
-412
-891
-1429
-1817
-2016
-2413
-2992
-3457
-3564
-3597
-3789
-4411
-4814
-5088
-5157
-5444
-5702
-5425
-5198
-5024
-5260
-4996
-4569
-3995
-3868
-3533
-2419
-923
-6
-104
-209
694
2011
2962
3431
3836
4694
5230
4890
4393
4708
5416
5540
4853
4208
4198
4162
3561
2503
1825
1600
1352
785
206
-5
-122
-432
-1032
-1384
-1296
-855
-517
-481
-361
-84
285
613
916
1349
1806
2213
2520
2791
3049
3267
3326
3308
3256
3163
3235
3261
3126
2627
2113
1787
1485
1139
619
202
-123
-456
-1078
-1642
-2059
-2288
-2669
-3119
-3444
-3577
-3621
-4048
-4660
-5059
-5175
-5252
-5672
-5909
-6148
-5796
-5518
-5412
-5162
-4681
-4103
-4153
-3875
-2849
-1170
-235
-241
-229
680
2238
2990
3146
3530
4470
4985
4573
4178
4518
5191
5075
4028
3277
3233
3321
2663
1661
971
616
193
-531
-995
-1078
-930
-1187
-1696
-1894
-1606
-1237
-1299
-1361
-1056
-382
223
599
868
1107
1438
1830
2249
2650
2946
3127
3209
3104
2915
2818
2774
2773
2491
2034
1544
1241
1005
499
-183
-646
-970
-1331
-1844
-2301
-2533
-2681
-3137
-3698
-4159
-4158
-4064
-4368
-4669
-5069
-5326
-5649
-6088
-6159
-5833
-5359
-5329
-5219
-4731
-4013
-3795
-3654
-2750
-1390
-191
-135
-97
740
2362
3214
3164
3236
4085
4833
4731
4318
4500
5158
5020
3971
3144
3202
3365
2795
1771
1062
753
384
-316
-892
-1018
-874
-1051
-1435
-1652
-1457
-1064
-930
-900
-669
-110
509
983
1337
1583
1859
2286
2717
2907
3099
3349
3519
3558
3371
3060
2914
2904
2631
2041
1533
1325
1165
650
-67
-716
-1076
-1312
-1844
-2420
-2636
-2721
-3072
-3723
-4200
-4283
-4221
-4470
-5091
-5551
-5547
-5638
-6018
-6155
-5950
-5304
-5123
-4910
-4749
-3946
-3368
-2677
-1891
-753
135
304
676
1486
2866
3636
3848
4009
4660
5061
4897
4619
4873
5130
4717
3866
3348
3308
3152
2386
1403
754
306
-184
-799
-1094
-1124
-1233
-1485
-1685
-1554
-1278
-1050
-1035
-888
-471
216
840
1323
1880
2134
2414
2712
3096
3472
3737
3878
3924
3886
3843
3676
3350
3048
2770
2366
2048
1671
1214
833
208
-301
-780
-1211
-1582
-1912
-2236
-2613
-2925
-3150
-3332
-3549
-3700
-4070
-4430
-4827
-5076
-5284
-5456
-5382
-5252
-4999
-5029
-4845
-4369
-3531
-3030
-2510
-1621
-477
328
484
865
1874
3258
3929
3906
4112
4926
5553
5321
4882
4979
5255
4936
4041
3463
3461
3357
2534
1355
617
229
-151
-808
-1274
-1349
-1214
-1316
-1692
-1862
-1548
-1152
-1113
-1042
-599
210
876
1208
1453
1836
2343
2624
2800
3037
3324
3596
3676
3579
3400
3197
2866
2540
2074
1664
1311
1019
790
232
-305
-783
-1224
-1737
-2302
-2701
-2891
-3101
-3337
-3688
-4102
-4320
-4657
-4956
-5324
-5644
-5808
-6031
-6186
-6235
-5949
-5660
-5357
-5104
-4328
-3741
-3144
-2425
-1405
-419
35
309
1064
2420
3393
3565
3476
4244
5082
5231
4737
4595
4942
4930
4072
3153
3025
3177
2693
1394
459
136
-155
-895
-1673
-1917
-1799
-1783
-1986
-2083
-1831
-1485
-1455
-1556
-1274
-431
311
794
1128
1490
1927
2319
2653
2863
2980
3061
3199
3381
3505
3347
3083
2857
2483
1943
1358
1019
862
584
25
-541
-875
-1113
-1573
-2246
-2693
-2927
-2972
-3254
-3606
-3793
-3799
-4025
-4481
-5066
-5378
-5487
-5764
-6055
-6156
-5641
-5041
-4378
-3881
-3573
-3557
-3123
-2218
-1139
-281
264
941
1909
3030
3554
3792
4244
4905
4951
4625
4629
5157
5645
5275
4347
3672
3488
3061
2167
1303
906
561
-75
-766
-1197
-1181
-1214
-1665
-2209
-2222
-1755
-1400
-1246
-1034
-609
-123
302
640
1044
1566
1932
2131
2402
2805
3143
3312
3400
3280
3029
2747
2636
2463
2154
1679
1163
904
629
196
-384
-824
-1161
-1533
-2010
-2389
-2511
-2640
-3001
-3403
-3652
-3798
-3966
-4296
-4741
-4977
-4931
-5103
-5590
-6016
-5845
-5327
-4850
-4431
-3835
-3106
-2109
-1297
-853
-519
95
981
1839
2701
3547
4215
4972
5519
5651
5559
5588
5617
5426
4974
4593
4448
4327
3866
3021
2238
1741
1086
80
-553
-816
-927
-1035
-1204
-1182
-1057
-1040
-1267
-1456
-1239
-648
-132
308
785
1330
1869
2264
2494
2664
2783
2854
2914
3051
3305
3367
3248
2962
2604
2201
1732
1231
827
502
163
-171
-483
-720
-1139
-1656
-2147
-2563
-2727
-2842
-3019
-3345
-3423
-3585
-3761
-4046
-4241
-4590
-5204
-5700
-5693
-5266
-4801
-4530
-4214
-3561
-2937
-2441
-1855
-1071
-424
-63
381
1136
2143
3059
3777
4282
4769
5017
5006
4968
5060
5066
4727
4252
4005
3882
3492
2914
2184
1524
836
67
-523
-797
-760
-973
-1379
-1619
-1572
-1453
-1417
-1510
-1492
-1335
-968
-534
-61
573
1069
1225
1265
1492
1781
2034
2097
2102
2108
2173
2207
2076
1878
1503
866
243
-86
-305
-505
-869
-1275
-1637
-1836
-1992
-2353
-2762
-2898
-3027
-3306
-3666
-3790
-3541
-3478
-4019
-4901
-5416
-5533
-5482
-5428
-5356
-5081
-4644
-3905
-3171
-2802
-2552
-2216
-1569
-1005
-432
278
1527
2668
3453
3645
3948
4630
5199
5128
4724
4602
4896
5061
4817
4509
4306
4033
3301
2225
1485
1101
715
28
-567
-822
-768
-797
-978
-1295
-1561
-1646
-1682
-1522
-1180
-754
-292
110
491
865
1169
1374
1519
1620
1747
1850
2047
2343
2392
2201
1886
1550
1236
857
376
-101
-365
-548
-786
-1110
-1426
-1559
-1798
-2196
-2728
-2985
-2925
-2902
-3049
-3275
-3347
-3580
-4038
-4538
-4837
-4891
-4726
-4719
-4805
-4683
-4141
-3159
-2530
-2454
-2509
-2039
-1148
-438
-32
453
1453
2571
3272
3461
3872
4672
5190
4957
4504
4588
5177
5437
5037
4522
4373
4174
3607
2737
2048
1667
1170
542
-17
-201
-212
-388
-770
-1158
-1346
-1351
-1278
-1200
-1023
-736
-403
-65
330
730
922
1024
1152
1355
1575
1695
1786
1939
2035
1899
1628
1396
1257
1028
486
-33
-354
-393
-531
-949
-1203
-1320
-1457
-1779
-2004
-2246
-2333
-2436
-2632
-2951
-3264
-3254
-3613
-4003
-4367
-4344
-4108
-4120
-4405
-4150
-3500
-2626
-2267
-2405
-2347
-1538
-532
-10
-45
453
1693
2944
3327
3272
3820
4880
5402
5072
4780
5185
5809
5779
5126
4770
4811
4802
4230
3428
2859
2543
2077
1456
848
576
471
113
-358
-733
-888
-865
-977
-1055
-978
-771
-577
-384
-124
181
399
567
722
969
1217
1287
1303
1432
1535
1490
1264
1004
928
771
296
-156
-368
-535
-771
-1204
-1526
-1735
-1777
-1751
-2135
-2475
-2648
-2674
-2982
-3462
-3845
-3884
-3852
-4459
-4834
-4688
-4323
-4286
-4533
-4561
-4157
-3434
-2674
-2222
-1999
-1798
-1454
-879
-256
444
1094
1651
2168
2682
3303
3940
4313
4437
4314
4159
4251
4518
4762
4690
4265
3862
3604
3480
3104
2437
1813
1326
851
481
252
100
-56
-351
-732
-1018
-1076
-1018
-1068
-1164
-1211
-1076
-690
-252
-35
91
194
226
289
415
554
648
703
569
530
595
550
288
-155
-473
-779
-1048
-1130
-1288
-1569
-1924
-1860
-1933
-2202
-2511
-2798
-3082
-3358
-3702
-4020
-3989
-4160
-4071
-4063
-4032
-4137
-4281
-4003
-3638
-3141
-3230
-3173
-2466
-1396
-774
-723
-571
96
1168
1707
1836
2110
2927
3718
3954
4008
4248
4844
5080
4793
4432
4451
4702
4516
4134
3845
3664
3352
2909
2498
2083
1686
1187
814
572
367
90
-132
-190
-344
-591
-747
-734
-554
-402
-314
-214
-73
164
377
414
322
240
391
558
449
346
296
339
177
-159
-435
-478
-637
-965
-1326
-1631
-1699
-1729
-1915
-2256
-2674
-2839
-2683
-2992
-3388
-3686
-3842
-3959
-4012
-4025
-3881
-3585
-3561
-3623
-3640
-3293
-2990
-2592
-1954
-1477
-1190
-964
-435
314
1021
1478
1661
1836
2334
3032
3556
3864
3907
4049
4240
4353
4413
4407
4420
4231
3907
3721
3758
3726
3379
2827
2370
2163
1974
1721
1358
964
842
633
464
323
172
114
37
-100
-108
50
262
318
116
79
247
304
309
451
355
288
269
325
346
121
100
18
-261
-789
-1048
-893
-880
-1219
-1680
-1712
-1789
-2035
-2231
-2545
-2655
-2730
-3058
-3616
-3695
-3227
-2936
-2886
-3305
-3776
-3663
-3072
-2465
-2296
-2262
-1909
-1172
-749
-694
-544
78
896
1075
944
1255
2237
3227
3426
3122
3080
3549
4033
4107
3873
3723
3788
3961
4053
3972
3894
3691
3353
2920
2549
2375
2270
2020
1565
1110
934
879
714
348
-89
-427
-375
-251
-328
-301
-404
-503
-534
-278
-274
-311
-445
-555
-304
-217
-284
-397
-248
-451
-616
-864
-1101
-1078
-1211
-1439
-1745
-2084
-1787
-2006
-2123
-2626
-3032
-3162
-3130
-3013
-3203
-3740
-3890
-3618
-3648
-3608
-3459
-3664
-3562
-3243
-2760
-2561
-2307
-2011
-1717
-1380
-1211
-1028
-584
113
483
638
951
1511
2091
2284
2267
2237
2532
2832
2991
3050
3087
3224
3348
3426
3313
3153
2949
2761
2585
2349
2201
2083
1938
1608
1185
1013
877
600
327
156
-136
-114
-247
-191
25
-128
34
-178
-279
-102
-54
-72
160
-162
-453
-5
-99
-266
-351
-630
-985
-537
-875
-1143
-1067
-956
-1108
-1674
-1846
-1629
-1481
-2141
-2308
-2595
-2377
-1882
-2686
-3202
-2975
-2611
-2203
-2705
-3275
-3071
-2794
-2724
-2563
-2441
-2092
-1552
-1410
-1356
-1324
-1032
-504
-159
-12
76
503
1071
1551
1696
1868
2004
2182
2479
2630
2743
2804
2869
3029
3284
3350
3228
3192
3085
2891
2622
2449
2350
2204
1816
1516
1273
1249
1110
639
142
-62
-122
278
411
-230
-210
206
-24
55
16
-594
-12
76
-201
-77
-313
-138
-140
-315
-634
-748
-296
-377
-449
-676
-1214
-1154
-818
-1008
-1320
-1825
-1970
-1249
-1523
-1720
-2242
-2571
-2133
-2113
-2262
-2287
-2504
-2519
-2326
-2381
-2484
-2437
-2194
-1676
-1608
-1722
-1668
-1268
-671
-607
-626
-365
62
400
677
868
1177
1497
1726
2026
2058
2177
2472
2752
2805
2857
2814
3039
3370
3243
3145
3133
3111
2846
2534
2268
1959
1842
1866
1770
1436
1026
662
770
1113
980
405
348
645
594
538
444
454
539
903
373
54
348
113
136
839
-112
-369
124
44
-156
-602
-705
-512
-592
-825
-989
-1149
-925
-982
-1472
-1036
-756
-1557
-1450
-1350
-1861
-1862
-1639
-1847
-1833
-1647
-1482
-1771
-2140
-2206
-2159
-1707
-1880
-2240
-1932
-1436
-1124
-1310
-1469
-1322
-997
-830
-746
-684
-442
128
438
729
875
1015
1211
1322
1460
1457
1776
2096
2210
2281
2456
2601
2634
2470
2083
1846
1730
1645
1514
1423
1103
875
858
959
899
593
341
116
206
163
60
65
56
530
166
-98
201
-247
-342
-48
-651
-594
-307
-498
-113
-597
-878
-514
-762
-832
-1333
-1338
-696
-981
-1117
-1600
-1516
-523
-966
-1642
-1515
-1231
-1017
-1520
-1776
-1601
-1371
-1457
-1488
-1820
-1741
-1556
-1730
-1959
-2261
-2085
-1703
-1898
-2086
-1914
-1500
-1181
-1452
-1720
-1492
-1112
-858
-930
-811
-229
129
389
686
933
1155
1219
1325
1454
1582
1771
1956
2013
2044
2114
2425
2369
2113
1849
1699
1603
1313
1105
1030
1222
1151
1401
1030
925
1296
761
553
131
295
640
499
461
691
0
658
622
-112
-56
-520
-21
-72
-326
-473
49
54
-392
-673
-716
-261
-561
-445
-574
-800
-216
-40
-133
-1015
-814
-138
-70
-684
-958
-548
-776
-971
-933
-1014
-1027
-985
-1461
-1652
-1643
-1683
-1743
-2500
-2182
-1935
-1977
-1730
-1773
-1737
-1658
-1563
-1510
-1563
-1421
-922
-606
-423
-142
216
731
851
974
1112
1246
1413
1327
1504
1867
1944
1930
1893
2060
2190
2056
1510
1270
1306
1495
1511
1276
1269
1495
1606
1211
776
891
1015
496
319
671
1021
700
271
472
603
965
254
369
1268
31
-244
381
592
308
-62
251
400
227
272
-287
648
422
-226
436
435
595
686
524
-2
-118
181
343
113
-619
-326
-196
-385
-271
-909
-1204
-744
-1016
-1597
-1512
-1325
-1314
-1912
-2292
-1894
-1605
-1742
-1951
-1924
-1395
-1202
-1211
-1246
-1204
-892
-549
-226
-136
53
559
1046
883
836
1320
1684
1634
1179
1484
2013
1975
1646
1504
1667
1824
1685
1633
1408
1429
1047
878
1355
1076
810
712
1113
1025
477
541
358
748
858
572
588
334
654
482
866
215
66
719
684
563
-209
623
542
465
530
221
225
716
974
786
127
-692
252
896
7
-941
72
352
-518
-601
-1012
-892
-341
-1389
-1530
-1628
-1392
-1003
-1958
-2183
-2275
-1834
-1791
-2431
-2705
-2639
-1939
-2075
-2933
-2712
-1733
-1562
-2216
-2396
-1441
-810
-1095
-1541
-1356
-227
-120
-413
-221
113
661
613
497
687
825
993
789
625
889
891
994
612
223
652
858
1002
435
86
492
731
1154
105
-215
1038
712
73
764
1014
617
785
734
1028
202
778
1871
897
417
721
1332
1976
922
-315
611
1466
1737
311
-697
1241
1438
198
-485
184
1118
74
-554
-699
4
916
-1128
-905
-374
-528
-179
-2033
-1186
-992
-1105
-1285
-2662
-1216
-1160
-1959
-2062
-2305
-1162
-1882
-2456
-1776
-1550
-1231
-1862
-2063
-833
-996
-1244
-1527
-1020
128
-463
-778
-1036
-385
593
-60
-411
-241
528
661
56
164
423
699
485
148
286
555
598
92
299
680
740
689
600
545
480
713
737
954
1253
865
955
1139
1606
1582
864
661
1675
2242
1059
1330
1904
1360
1444
1136
1401
1594
827
589
919
1030
498
166
339
871
119
463
-25
-288
-269
-281
-509
-1206
-723
420
-705
-1663
-1465
-652
-615
-1301
-1333
-732
-877
-1234
-1212
-754
-257
-1068
-1301
-875
-254
-564
-1931
-914
-36
-1041
-1453
-1200
-330
-928
-1285
-922
-484
-265
-847
-764
-654
-514
-163
-29
-247
-571
-130
707
516
-351
202
631
491
240
321
1454
1095
633
657
1633
2071
1195
1053
1449
1968
1731
1465
2117
1992
1768
2094
2066
2040
1871
1320
2490
2095
963
2121
1489
2021
1129
744
1729
1180
559
246
557
984
32
171
962
404
-310
-990
749
315
-1976
-1121
-120
-152
-1477
-497
773
-1019
-1818
-1030
121
-120
-2003
-497
-218
-1139
-804
-1078
-379
-1035
-1980
-886
-1432
-1317
-1962
-1593
-1247
-2325
-1637
-1278
-1757
-2346
-2201
-890
-1663
-2302
-1893
-1028
-1003
-2008
-1278
-655
-772
-928
-910
-150
-39
-358
115
344
304
332
597
919
526
716
1595
1454
1176
542
1435
2265
1228
1078
1614
1538
1515
1400
1610
2180
1269
927
1641
877
816
1305
458
1223
0
798
1312
-81
807
-286
100
-323
-360
380
-775
-796
-160
335
-1286
-671
-306
-747
-254
-795
-425
-1370
571
1312
-1854
-932
241
-294
-1188
-1786
-315
-615
-1506
-994
-1204
-1386
-2060
-1915
-1097
-1994
-3084
-2072
-1340
-1669
-2448
-1963
-1261
-1801
-2032
-2034
-1500
-1541
-1448
-887
-907
-883
-519
112
91
-319
92
540
621
318
517
1028
1650
993
903
2027
1912
1594
1587
1608
1411
1741
2360
2580
1894
1490
1896
2075
1658
1629
1991
1114
951
777
2877
2635
-629
327
1472
1269
-324
-365
678
193
-72
-579
313
685
-520
-1239
-973
1566
701
-1660
-523
272
-156
-259
17
58
-134
-113
-775
-1628
-439
700
-1327
-1662
-967
-840
-829
-1517
-2631
-1971
-1129
-2166
-2047
-1878
-2144
-2353
-2518
-2054
-1839
-1987
-2152
-1637
-1598
-1625
-1324
-1092
-600
-907
-778
120
266
69
423
1027
926
949
1252
1538
1618
1507
1435
1646
2202
2379
2283
2413
2001
1938
2643
2446
1771
2092
1764
2097
2865
1641
986
1809
1936
982
714
1582
1860
855
975
786
681
1506
1187
507
-796
262
1836
-386
-978
1743
650
-448
-55
544
828
-670
-55
562
145
605
414
-689
-200
-312
-858
-35
-853
-1217
-1007
-1429
-935
-1594
-1706
-1716
-2464
-1642
-1885
-3274
-2401
-2205
-1955
-1931
-2408
-1022
-1437
-2091
-2034
-1431
-201
-783
-759
-114
267
987
302
530
1445
1265
1035
1132
1532
1841
1992
1714
1376
2710
2385
1562
1545
1987
2407
1245
1107
3403
1985
858
1067
1266
2315
656
176
432
1105
2264
469
-355
868
850
976
-227
-166
1632
-299
-475
449
-55
181
-555
181
81
-1596
370
-429
-1706
-424
-757
87
-1463
-374
-290
-1747
-1412
-1540
-1149
-1403
-2015
-1437
-2063
-2362
-2527
-2470
-2007
-2959
-3135
-2875
-2749
-2279
-3343
-3124
-1887
-2268
-1950
-2356
-2034
-1413
-1386
-656
-922
-386
270
349
627
720
1169
1178
935
1188
1590
1871
1645
1728
2008
2066
2273
1964
1680
1320
1549
1728
1901
1611
1748
1645
1003
1219
1531
1445
538
448
1136
2038
-88
-324
2053
2081
-241
-1329
2042
1387
-1721
-939
576
1717
-811
-1609
1223
-372
-2068
-552
231
-425
-856
-1581
-476
1409
-892
-2439
-1620
195
-854
-3131
-746
-33
-1250
-3824
-3282
-341
-2565
-4436
-3106
-2014
-2179
-3076
-2477
-1567
-2252
-2708
-2344
-1639
-1164
-1176
-414
-294
-389
233
697
1109
659
820
1840
1968
2063
1975
2371
2452
1849
1855
2577
2789
1774
2078
2347
2016
2406
2194
1713
1890
883
1385
2286
974
726
-140
1212
1357
-188
654
1208
712
1127
327
1039
1984
154
683
197
-617
792
-423
-1297
-126
-451
-87
-639
-1581
-238
-1115
-373
518
-1605
-640
-1702
-1478
-1674
-2785
-1307
-2089
-1569
-2611
-3142
-1088
-2256
-3601
-3199
-1818
-1802
-3421
-2207
-691
-1274
-2107
-1869
-523
24
-665
-91
313
883
1482
1342
2240
1997
1710
2147
2175
2791
2652
2737
2848
2306
2957
3281
3057
2453
1494
1702
2380
2073
1850
1973
2444
1859
966
1637
1854
1500
504
800
2514
1710
1536
1640
974
1583
260
976
1840
-152
87
218
881
-247
-1793
188
-159
-2999
-948
-595
-768
-166
-2911
-1550
-329
-1995
-2278
-2761
-1225
-1940
-3492
-1634
-2184
-3112
-3205
-3154
-2528
-3084
-2580
-2090
-1987
-1319
-1942
-2200
-1803
-1381
-374
-384
-384
675
1285
1879
1649
1752
2195
2031
2240
2349
2940
3325
2829
2758
2545
2878
3020
2108
1524
1386
1693
1842
1444
1609
1097
1133
1150
195
1110
493
459
819
-554
1761
2741
500
285
642
588
-373
-772
893
321
-651
597
-909
-1096
-1
-2185
-3070
-646
-2349
-1532
-1671
-2681
-1267
-3005
-2525
-3764
-3635
-925
-4328
-4799
-2436
-2867
-3788
-5717
-3713
-3180
-4356
-3133
-2631
-1439
-2096
-3474
-2134
-897
-253
-639
-779
852
1312
1637
2375
2286
2675
2179
2632
3480
3513
4211
3518
3144
3479
3905
4089
2543
1910
1915
2047
2339
1942
1877
1594
250
367
1061
909
625
272
427
131
137
1356
1980
-656
-183
184
-21
1451
631
-617
464
-107
-565
270
-754
-586
-1023
-2092
-1058
-1456
-1687
-2003
-3476
-3140
-2428
-2689
-3597
-3442
-4624
-4159
-3898
-4283
-4227
-4971
-4767
-3284
-2527
-2072
-3119
-3325
-2750
-2467
-1523
-556
356
503
404
1519
2796
2771
2306
2396
2995
3515
3994
4883
5041
4278
3678
4050
4728
4038
2989
2764
2989
3085
3033
2814
1944
1248
478
381
789
1124
1131
55
439
1206
208
209
525
98
-534
269
1440
677
788
274
-873
123
-102
-1254
-854
-715
-1319
-2512
-1122
-2072
-3056
-3557
-3560
-2087
-3713
-4107
-4460
-5012
-4620
-5140
-4982
-4890
-5056
-3623
-2823
-2956
-3207
-3717
-3167
-1887
-1100
-865
-515
1004
1873
1865
2416
2935
3399
2824
2753
4302
5261
5227
4583
4632
4997
4741
4428
3861
3618
3420
3474
3836
3671
2856
2130
1512
1251
1317
1167
1331
1363
755
1386
1966
867
753
677
354
981
2007
1890
681
513
59
-186
1313
-242
-1183
-1472
-470
472
-2312
-2756
-2507
-2739
-3415
-4121
-3825
-3191
-4994
-5495
-4949
-4938
-5553
-5921
-4191
-2684
-3037
-3682
-3966
-3184
-2638
-2093
-1124
-859
283
774
1506
2399
2352
2485
2314
2635
3354
4177
4930
4729
4039
4216
4602
4133
3392
2805
3057
3483
3409
3227
2730
1891
1095
587
677
1042
903
544
469
407
825
577
573
519
293
720
696
1439
2104
-4
-415
503
-410
-922
-807
-795
-2261
-2212
-1462
-3192
-2872
-2713
-5133
-4765
-4785
-4824
-5044
-6459
-5888
-6305
-6071
-4384
-3648
-3518
-4885
-5424
-4106
-2869
-1453
-1196
-1397
-412
705
1943
2169
1946
2354
2203
2765
3914
5136
5557
4163
3545
4287
4718
4227
3193
2782
2865
3074
3164
2690
2018
976
-222
-268
479
1042
477
-433
5
217
305
-47
-285
281
-5
415
1810
1765
582
115
-618
498
838
-887
-687
-1112
-1144
-1739
-3034
-1689
-3189
-4901
-4690
-4449
-3848
-5894
-6909
-6124
-6328
-5182
-3736
-3085
-3525
-5500
-5268
-3311
-1591
-879
-1560
-538
1039
1649
2268
2323
2632
2645
2401
3743
5373
6183
5372
3836
3941
4825
5167
4377
3252
3311
3691
3766
3499
2904
1993
779
-24
400
1333
1175
134
-474
-463
98
80
-418
-254
-426
-179
795
1581
1444
48
-796
-165
166
-467
-690
-680
-1412
-1978
-2608
-2389
-3212
-5423
-5338
-4863
-5234
-5741
-6999
-7421
-6509
-4502
-3281
-4493
-5572
-5552
-4492
-2663
-1656
-1232
-681
90
1004
1655
2632
3447
2982
2651
3406
5435
6897
6175
4799
4475
5287
5503
4836
4305
4142
3993
3630
3503
3553
2774
1276
213
406
1116
1318
667
-150
-430
-66
342
489
661
294
163
880
1377
1844
1261
243
400
174
266
150
-178
-1134
-1751
-2178
-2376
-2649
-4046
-5383
-5558
-5469
-6119
-6149
-6091
-5070
-3375
-4019
-5855
-6272
-4709
-2652
-2436
-2497
-1277
478
1009
557
1103
2281
2695
2534
3073
4885
6305
5793
4354
4211
5267
5539
4751
4318
4633
5034
4405
3588
3454
3023
1901
903
1068
2056
2052
1042
79
-186
171
21
27
442
516
432
841
1487
1112
162
-77
-176
43
379
-202
-516
-1309
-2394
-2665
-2960
-3775
-4890
-5891
-5913
-5652
-5955
-5827
-4790
-3429
-4000
-6074
-6654
-4869
-2379
-1892
-2638
-1607
428
1257
689
445
1859
3042
2809
2688
4093
5814
5264
3133
2550
4039
5068
3809
2596
3056
3511
2619
1361
1468
1841
831
-605
-499
934
1123
-416
-1526
-1081
-283
-117
-250
65
436
244
380
977
1027
539
212
13
373
394
-346
-554
-1231
-2306
-2716
-3070
-3453
-4778
-6109
-6129
-6536
-5946
-4447
-3374
-3790
-6058
-7258
-5695
-3188
-1826
-2427
-2206
-546
830
1452
1127
1422
2228
2546
3171
4789
6264
6164
4141
2849
4041
5399
5108
3909
3641
3972
3543
2710
2381
2329
1275
-239
-269
1148
1621
51
-1808
-2044
-980
-291
-452
-413
-302
-425
-431
-49
327
154
-328
-531
-206
317
178
-948
-1963
-2873
-2745
-2844
-3519
-4207
-5631
-6217
-5748
-4659
-2961
-2887
-4742
-6417
-6180
-3718
-1753
-1449
-1696
-1183
249
906
1105
1868
2335
2566
2741
3835
5778
6323
4905
3118
3327
4954
5265
4449
3810
3662
3377
2309
2044
2558
1950
355
-468
512
1665
921
-943
-1875
-1364
-381
115
291
361
185
-77
-141
416
834
356
-155
-154
-30
5
-365
-1463
-2541
-3043
-3398
-3613
-4351
-5626
-6616
-5915
-3509
-1727
-2586
-5060
-6691
-5707
-3191
-1447
-837
-641
1
549
690
1363
2356
2655
2301
2770
4946
6895
6342
3987
2543
3480
4648
4601
4451
4557
4359
2911
1505
1984
2583
1516
-275
-486
982
1678
327
-1763
-2223
-1300
-466
-111
270
612
210
-372
-302
410
788
594
-11
-336
-91
73
-323
-1531
-2805
-3291
-3379
-3418
-3949
-4615
-4629
-3791
-2425
-1900
-3238
-4594
-4331
-2584
-888
-6
565
1284
1570
1409
1852
3192
4325
4267
4000
4792
6118
6337
4940
3807
4247
5002
4669
3985
3997
4049
2971
1130
776
1690
1572
224
-998
-750
87
-476
-1972
-2486
-1824
-1378
-1389
-1184
-809
-825
-1219
-1385
-888
-117
-172
-759
-1073
-1211
-1329
-1531
-1987
-2712
-3483
-4080
-4438
-5146
-6072
-5747
-4107
-2475
-2455
-4089
-5459
-4593
-2671
-1594
-832
54
1066
1542
1288
1644
2873
3752
3646
3942
5383
6827
6661
4910
3871
4730
5553
5203
4723
4887
4953
3756
2114
1983
2559
1968
535
-45
548
850
-241
-1840
-2280
-1734
-1408
-1469
-1287
-1121
-1442
-2056
-2273
-1837
-1506
-1708
-2142
-2473
-2548
-2732
-3523
-4292
-4763
-5478
-5874
-5985
-6567
-6940
-5861
-3958
-3028
-4017
-5898
-5851
-3552
-1716
-916
-233
948
1900
1715
1430
2590
4328
4654
4246
4981
6672
7314
5920
4212
4698
5882
5592
4846
4695
5030
4316
2464
1675
2444
2710
1476
339
441
895
349
-976
-1583
-992
-586
-666
-383
-122
-363
-949
-1279
-796
-313
-407
-816
-1287
-1683
-2045
-2666
-3381
-4125
-4900
-5504
-5847
-6095
-6046
-5470
-4656
-4187
-4846
-6005
-5805
-4165
-2587
-1719
-1153
-309
604
846
849
1574
2957
3813
4062
4605
5561
6064
5126
4026
4605
5619
5634
4956
4597
4747
4370
3033
2310
2822
3023
2181
1330
1247
1341
755
-334
-590
-50
135
-39
-147
-131
-215
-664
-912
-622
-509
-888
-1401
-1684
-1935
-2471
-3338
-4079
-4516
-5164
-5923
-6594
-6865
-6153
-4898
-3902
-3997
-5255
-6255
-5491
-3462
-1568
-674
-350
343
949
983
1169
2289
3849
4472
4507
4871
5798
6028
4764
3852
4492
5544
5596
4967
4658
4562
3425
2077
2161
3055
3081
1952
1045
1028
1148
434
-356
-102
379
357
411
536
650
260
-373
-421
208
399
-229
-955
-1250
-1337
-1731
-2633
-3547
-4326
-5184
-5753
-5787
-4982
-3894
-3651
-4113
-4898
-5334
-4892
-3686
-2189
-1006
-517
-183
401
932
1175
1388
2286
3344
4212
4671
4641
4406
3905
3696
3938
4291
4495
4375
3950
3484
2858
2288
2223
2331
2336
2115
1631
1170
826
428
148
170
336
582
824
778
456
73
-100
-100
-67
-106
-457
-789
-1152
-1689
-2124
-2955
-3827
-4601
-5640
-6336
-5882
-4938
-4026
-3732
-4432
-5470
-5825
-4954
-3237
-1453
-489
-337
-127
316
766
1180
1621
2611
3734
4248
4317
4335
3896
3258
2996
3085
3657
4021
3590
2851
2091
1138
720
925
1214
1336
861
69
-480
-694
-857
-891
-741
-527
-199
-16
-91
-327
-600
-709
-478
-334
-474
-641
-1026
-1702
-2153
-2589
-3106
-3805
-4730
-5509
-5325
-4487
-4015
-3925
-4215
-4572
-4807
-4480
-3538
-1871
-613
-439
-404
18
811
1458
1796
2405
3471
4294
4312
4099
3945
3925
3796
3530
3596
4090
4169
3510
2640
1918
1677
1536
1214
1167
1158
661
-97
-618
-712
-497
-541
-818
-723
-421
-416
-709
-877
-820
-640
-695
-953
-1026
-1245
-1708
-2354
-2689
-3119
-3770
-4641
-5242
-4722
-3747
-3242
-3494
-3810
-4043
-4085
-3871
-2905
-1171
235
522
178
443
1205
1762
1946
2399
3568
4451
4366
3850
3621
3767
3680
3169
3158
3745
3820
3036
2111
1742
1782
1470
988
1090
1319
845
-203
-737
-448
-36
-281
-591
-294
58
-286
-877
-962
-671
-583
-1065
-1345
-1197
-1314
-2053
-2887
-3327
-3774
-4376
-5192
-5026
-3969
-3278
-3687
-4010
-3669
-3457
-3514
-3244
-1878
-127
638
345
589
1525
2214
2272
2391
3442
4564
4553
3896
3755
4271
4369
3651
3249
3781
4168
3395
2343
2065
2232
1849
1136
1283
1745
1364
142
-585
-185
357
-24
-612
-370
168
-16
-743
-874
-462
-517
-1257
-1706
-1525
-1241
-1911
-2885
-3261
-3502
-4171
-4938
-4701
-3612
-2931
-3472
-3834
-3324
-2764
-2647
-2390
-1161
492
1181
834
1124
2209
3020
2893
2936
3919
4879
4784
4073
4050
4651
4556
3649
3202
3673
3907
2978
1918
1921
2139
1534
620
554
1077
791
-225
-663
51
522
-92
-601
-117
540
241
-410
-347
220
51
-789
-1243
-1146
-1248
-2007
-2862
-3149
-3354
-4408
-5118
-4607
-3732
-3644
-4399
-4398
-3584
-3204
-3498
-3139
-1622
-227
-83
-240
561
1650
1939
1682
2376
3816
4330
3908
3569
4262
4894
4128
3225
3404
3992
3549
2415
2052
2420
2021
768
165
623
702
-345
-1296
-1089
-446
-680
-1448
-1390
-749
-783
-1377
-1453
-882
-748
-1487
-2113
-1905
-1609
-2080
-2918
-3394
-3521
-3992
-4394
-4073
-3399
-3308
-3948
-3934
-2984
-2388
-2619
-2498
-1466
-144
170
40
814
1865
2110
1713
2161
3426
4033
3521
3006
3707
4334
3591
2621
2825
3590
3252
2116
1847
2435
2084
607
-95
516
875
64
-814
-685
-123
-559
-1478
-1316
-442
-338
-1102
-1404
-925
-629
-1236
-1911
-1839
-1553
-1806
-2676
-3148
-3220
-3596
-4022
-3929
-3442
-3341
-3623
-3302
-2509
-2275
-2519
-2302
-1113
45
155
365
1387
2247
2139
1726
2461
3821
4176
3489
3467
4538
4747
3477
2740
3462
3952
3119
2080
2375
2898
1813
139
10
921
845
-417
-1115
-544
-373
-1413
-2048
-1317
-418
-821
-1728
-1638
-969
-1042
-1820
-2093
-1647
-1459
-1977
-2740
-2871
-2907
-3219
-3474
-3172
-2870
-3108
-3044
-2256
-1522
-1729
-2067
-1573
-224
464
442
975
1976
2397
1766
1701
2905
4039
3825
3203
3813
4635
3992
2767
2853
3846
3863
2691
2291
2997
2712
1042
4
709
1488
805
-437
-641
-268
-868
-1907
-1842
-899
-693
-1587
-2180
-1887
-1618
-2093
-2657
-2490
-2042
-2003
-2722
-3229
-3242
-3272
-3336
-3164
-2815
-2769
-2693
-2161
-1444
-1337
-1459
-1065
115
1043
1257
1462
2369
2971
2549
2435
3409
4637
4725
4046
4250
4985
4575
3449
3333
4255
4511
3525
2872
3315
3180
1700
606
1091
1900
1359
83
-326
-76
-551
-1512
-1489
-689
-457
-1241
-1981
-1912
-1704
-2117
-2621
-2454
-2230
-2447
-3006
-3447
-3528
-3409
-3400
-3363
-3359
-3442
-3303
-2512
-1626
-1415
-1687
-1565
-795
127
640
1200
2159
2572
2165
1767
2470
3737
4255
3984
4206
4689
4060
2840
2630
3703
4421
3767
2940
2953
2681
1427
451
860
1650
1269
77
-504
-364
-720
-1612
-1652
-1025
-736
-1191
-1809
-1929
-2043
-2503
-2824
-2701
-2486
-2607
-3138
-3564
-3843
-3922
-3707
-3529
-3694
-3999
-4063
-3287
-2178
-1866
-2097
-2041
-1521
-973
-468
353
1498
2012
1641
1229
1720
2735
3378
3714
4243
4464
3624
2500
2554
3672
4326
3849
3182
2845
2377
1454
977
1447
1792
1181
156
-276
-323
-689
-1272
-1413
-1189
-1213
-1521
-1799
-1907
-2212
-2748
-2832
-2513
-2355
-2508
-2851
-3173
-3583
-3790
-3488
-3023
-3008
-3346
-3621
-3072
-2063
-1687
-1729
-1551
-1097
-835
-602
24
1232
2045
1765
1215
1453
2447
3238
3692
3929
3909
3271
2459
2600
3732
4509
4103
3146
2527
2314
1960
1687
1970
2193
1606
527
-139
-71
-30
-468
-970
-1135
-1155
-1382
-1669
-1812
-1918
-2165
-2480
-2587
-2386
-2337
-2567
-2860
-3147
-3177
-3022
-2762
-2555
-2596
-2863
-2792
-2190
-1441
-1037
-1050
-907
-587
-283
-55
554
1479
1934
1625
1295
1808
2841
3248
2866
2675
2923
2762
2415
2762
3640
3731
2501
1545
1861
2414
2064
1500
1552
1626
821
-289
-214
489
390
-572
-1122
-870
-831
-1419
-1773
-1433
-1324
-1887
-2448
-2399
-2180
-2326
-2595
-2692
-2533
-2611
-2759
-2656
-2477
-2447
-2516
-2330
-1769
-1280
-1121
-1000
-710
-340
-51
241
896
1641
1874
1667
1780
2524
2966
2858
2863
3265
3553
3255
2943
3149
3391
2905
2329
2323
2633
2365
1615
1194
1322
1007
235
27
194
215
-440
-958
-892
-848
-1249
-1604
-1484
-1240
-1316
-1594
-1712
-1706
-1689
-1699
-1640
-1538
-1482
-1469
-1352
-1262
-1257
-1309
-1369
-1185
-793
-365
-134
-39
-85
14
289
701
1123
1427
1608
1528
1529
1649
1843
2040
2249
2414
2378
2224
2045
1951
2010
1944
1788
1636
1526
1256
847
611
574
431
45
-388
-499
-490
-663
-859
-923
-914
-1104
-1329
-1354
-1302
-1396
-1567
-1617
-1474
-1471
-1649
-1718
-1604
-1511
-1572
-1636
-1572
-1505
-1537
-1459
-1200
-763
-492
-480
-344
-135
64
247
500
846
1046
1132
1151
1214
1404
1569
1595
1635
1752
1814
1616
1272
1185
1323
1305
1107
902
779
522
181
-2
-93
-371
-705
-862
-807
-773
-1040
-1296
-1367
-1427
-1563
-1592
-1456
-1320
-1432
-1649
-1700
-1686
-1653
-1602
-1470
-1334
-1322
-1399
-1468
-1384
-1263
-1173
-1078
-878
-636
-621
-572
-413
-138
34
164
480
759
797
890
1025
1075
1102
1180
1294
1292
1342
1399
1205
968
955
1064
1009
786
653
609
501
323
257
314
233
26
-158
-213
-310
-370
-446
-497
-511
-644
-679
-705
-700
-786
-813
-802
-790
-796
-874
-745
-740
-787
-890
-822
-722
-674
-666
-627
-447
-469
-508
-414
-211
-38
81
235
241
230
280
291
339
433
501
512
448
397
418
386
278
235
259
270
131
70
107
126
131
100
150
218
245
199
153
163
184
180
181
207
107
40
-15
-86
-79
-43
-69
-167
-193
-212
-288
-375
-389
-395
-404
-314
-270
-328
-392
-382
-289
-233
-209
-214
-135
-64
-43
-2
-11
-39
6
154
133
95
96
111
113
46
67
94
105
72
78
80
52
38
60
125
113
133
180
220
227
232
373
442
385
462
499
457
385
438
457
367
241
319
313
187
89
95
98
72
-74
-227
-54
-74
-72
-52
57
108
60
-6
-12
102
233
307
381
412
446
435
497
591
640
637
624
667
628
566
507
472
472
421
357
330
381
384
305
192
223
228
91
58
42
56
15
-93
-103
-99
-81
-167
-154
-52
-66
-59
-91
-55
-75
-115
-163
-130
-107
-86
-97
-142
-146
-209
-171
-88
23
58
59
58
104
127
81
139
249
322
310
299
329
294
218
140
179
195
60
-51
-41
74
5
