164
128
99
107
84
72
131
71
53
74
78
51
32
35
23
46
49
68
34
44
61
71
71
36
31
43
52
48
60
52
32
27
31
23
31
11
19
20
44
-7
-31
-61
-125
-129
-219
-254
-229
-208
-184
-183
-159
-125
-173
-175
-153
-201
-211
-242
-242
-250
-243
-219
-256
-234
-265
-275
-291
-304
-331
-333
-328
-384
-313
-293
-320
-330
-319
-265
-215
-211
-347
-408
-370
-324
-309
-307
-272
-320
-304
-292
-304
-285
-296
-298
-301
-302
-285
-270
-275
-264
-242
-243
-231
-263
-259
-250
-252
-243
-246
-249
-250
-238
-246
-240
-245
-224
-224
-108
-16
-70
-61
-73
-64
-71
-78
-69
-74
-59
-65
-87
-100
-62
-69
-94
-35
-85
-92
-72
-84
-93
-97
-92
-97
-89
-83
-63
-84
-97
-96
-100
-51
-88
-72
-72
-72
-66
-52
-44
-38
-15
-22
1
6
1
1
2
35
-7
-13
22
-2
-1
11
13
16
22
17
13
8
16
-10
-22
45
-2
10
4
-23
2
-18
-1
-5
-9
-3
-13
-17
6
-4
-1
45
13
27
54
31
37
24
24
26
-3
-5
8
2
1
-3
32
58
34
31
54
48
61
49
21
62
35
41
28
28
30
29
39
74
40
17
39
55
29
24
36
16
41
39
52
33
11
5
26
63
20
34
39
42
55
42
65
71
97
100
124
103
136
135
130
180
293
396
374
383
373
390
387
387
384
392
375
399
367
336
326
358
317
370
301
217
370
376
410
391
419
405
399
323
227
299
388
451
370
341
353
353
384
384
389
388
399
386
388
375
366
342
334
361
330
344
349
326
313
261
289
261
220
199
151
110
100
101
80
123
58
48
17
29
42
13
18
11
-6
-11
0
-10
-18
-8
10
9
-32
-22
-23
-18
-10
-23
-26
-46
-30
-37
-36
-47
-52
-49
-59
-18
-86
-79
-99
-152
-137
-252
-251
-233
-199
-175
-172
-118
-67
-105
-99
-64
-95
-95
-110
-117
-114
-108
-55
-90
-82
-97
-107
-106
-130
-137
-128
-106
-182
-116
-67
-90
-106
-99
-72
-21
-19
-129
-208
-197
-156
-134
-133
-105
-160
-161
-154
-164
-168
-188
-195
-206
-211
-221
-222
-217
-228
-208
-216
-212
-239
-253
-245
-258
-250
-265
-285
-298
-303
-309
-307
-332
-310
-323
-248
-133
-206
-192
-210
-228
-231
-257
-277
-291
-289
-309
-317
-356
-342
-353
-390
-348
-423
-425
-423
-443
-447
-462
-464
-473
-489
-491
-507
-514
-525
-538
-536
-501
-523
-477
-450
-430
-407
-352
-307
-271
-188
-151
-70
0
71
136
206
313
354
411
512
578
652
731
789
866
914
965
989
1020
1056
1047
1039
1093
1055
1043
1028
983
967
910
877
837
792
726
675
611
558
479
396
370
266
214
157
75
-4
-62
-120
-208
-293
-378
-428
-496
-555
-613
-667
-675
-757
-812
-849
-902
-936
-985
-1064
-1077
-1130
-1148
-1157
-1202
-1194
-1220
-1231
-1204
-1253
-1285
-1260
-1235
-1226
-1227
-1186
-1138
-1064
-976
-833
-720
-642
-551
-453
-296
-192
-67
91
224
395
521
606
707
852
975
1103
1144
1211
1243
1279
1357
1427
1629
1646
1636
1618
1622
1597
1572
1574
1572
1565
1523
1456
1374
1338
1321
1246
1216
1214
993
1045
1067
1026
1010
946
922
875
735
589
575
661
720
601
508
464
431
413
366
328
297
241
170
114
49
-28
-101
-177
-241
-320
-386
-429
-521
-588
-735
-828
-903
-1043
-1141
-1244
-1340
-1402
-1439
-1502
-1509
-1576
-1612
-1615
-1664
-1647
-1632
-1655
-1619
-1532
-1409
-1215
-1040
-934
-824
-688
-504
-399
-230
-26
185
395
508
602
724
892
1079
1191
1236
1253
1241
1259
1329
1306
1363
1337
1254
1197
1010
969
923
951
940
898
824
753
673
624
655
575
553
469
413
377
349
368
324
326
283
224
165
117
101
117
150
55
89
137
93
73
55
97
126
110
-34
-210
-270
-257
-263
-304
-328
-456
-531
-592
-662
-721
-804
-922
-1047
-1139
-1239
-1313
-1408
-1502
-1579
-1668
-1739
-1884
-1962
-1997
-2057
-2113
-2165
-2205
-2232
-2214
-2212
-2180
-2153
-2061
-1961
-1765
-1416
-1293
-1172
-1036
-865
-651
-510
-318
-91
170
371
478
578
739
918
1074
1204
1245
1282
1274
1300
1323
1345
1372
1325
1320
1269
1204
1141
1102
1093
1087
1055
936
872
819
782
760
753
745
687
647
612
594
591
589
593
604
605
511
482
500
514
526
507
487
479
468
449
432
419
404
346
254
238
169
109
74
7
-43
-153
-249
-343
-430
-524
-626
-742
-856
-977
-1091
-1182
-1327
-1408
-1488
-1587
-1703
-1830
-1890
-1985
-2063
-2138
-2178
-2201
-2220
-2219
-2199
-2130
-2107
-2047
-1915
-1732
-1530
-1328
-1203
-1035
-818
-658
-433
-222
42
319
512
706
872
1086
1324
1469
1512
1532
1624
1693
1857
2005
1956
1830
1753
1725
1696
1671
1672
1695
1628
1466
1272
1156
1103
1077
1143
1149
1028
838
770
802
841
846
848
1037
1046
971
921
956
1026
1053
1030
949
900
912
997
977
848
751
664
661
661
433
448
468
357
204
56
-53
-206
-363
-518
-623
-772
-984
-1192
-1344
-1515
-1735
-1909
-1973
-2101
-2346
-2576
-2651
-2631
-2641
-2683
-2708
-2710
-2650
-2674
-2600
-2424
-2119
-1536
-921
-585
-841
-1209
-882
120
1039
1352
1289
1424
1709
1688
1600
1889
2598
3089
2982
2541
2163
2134
2260
2317
2210
1913
1672
1583
1532
1231
829
547
534
592
437
238
196
243
140
-172
-371
-182
162
408
470
304
185
222
395
609
760
799
871
981
952
886
979
1239
1399
1349
1288
1162
1106
1048
918
770
627
630
598
408
44
-300
-397
-520
-739
-1020
-1152
-1311
-1549
-1875
-2187
-2351
-2467
-2547
-2656
-2815
-3081
-3356
-3473
-3509
-3606
-3653
-3600
-3558
-3378
-3278
-3304
-3421
-3450
-3120
-2564
-1835
-1151
-838
-1110
-1632
-1324
84
1429
1639
1164
1120
1567
1764
1674
1936
2717
3114
2619
1998
1892
2151
2177
1885
1747
1499
1352
1309
1217
876
218
-144
19
312
312
92
-52
-126
-411
-611
-288
271
649
515
261
221
421
754
1026
1185
1284
1434
1512
1494
1392
1432
1649
1708
1631
1586
1602
1541
1242
936
856
897
875
704
457
75
-363
-574
-534
-634
-914
-1239
-1430
-1612
-2001
-2352
-2408
-2309
-2423
-2793
-3149
-3254
-3364
-3508
-3569
-3580
-3508
-3583
-3625
-3507
-3374
-3315
-3386
-3265
-2779
-1790
-780
-606
-1374
-1953
-1045
852
2003
1817
1272
1521
2116
2132
2041
2601
3474
3657
2814
2186
2387
2837
2853
2159
1688
1701
1903
1891
1353
606
138
165
426
523
361
227
72
-215
-537
-465
158
756
755
309
127
531
990
1075
972
1197
1647
1861
1701
1485
1586
1769
1790
1711
1765
1952
1859
1358
915
869
1111
1179
907
529
210
-82
-330
-520
-373
-424
-744
-1092
-1407
-1579
-1881
-2145
-2287
-2314
-2399
-2643
-2921
-3165
-3385
-3538
-3508
-3280
-3438
-3430
-3343
-3266
-3142
-3267
-3181
-2701
-1772
-744
-354
-914
-1546
-1095
835
2360
2278
1618
1783
2721
2948
2512
2768
3820
4329
3557
2674
2940
3563
3282
2310
1808
2150
2556
2258
1445
680
283
228
354
415
337
216
-106
-467
-776
-537
247
762
543
-51
-43
725
1295
1167
829
1059
1805
2139
1905
1700
1748
2019
1945
1757
1996
2367
2290
1459
776
932
1456
1493
860
244
151
120
-317
-779
-857
-779
-1075
-1688
-2149
-2205
-2334
-2733
-3124
-3236
-3180
-3090
-3293
-3674
-4201
-4545
-4351
-4001
-3774
-3808
-3953
-4076
-4224
-4155
-3548
-2858
-2041
-1225
-983
-1450
-2158
-1364
856
2195
1892
1028
1459
2677
2740
2118
2225
3255
3800
2985
2314
2657
2950
2369
1321
1151
1857
2143
1471
316
-346
-407
-250
-155
-213
-235
-393
-737
-1126
-1183
-766
-236
112
182
25
160
565
810
847
840
1354
2091
2265
2067
1691
1820
2180
2166
2155
2260
2457
2151
1300
783
1012
1441
1330
645
167
112
-142
-763
-1281
-1136
-865
-1176
-1848
-2302
-2290
-2484
-3062
-3455
-3346
-2934
-3143
-3760
-4318
-4460
-4238
-4266
-4383
-4307
-4037
-3814
-3808
-4033
-3938
-3760
-3017
-1543
-339
-296
-1529
-1915
-262
1818
2398
1842
1860
2961
3316
2491
2299
3436
4460
3842
2641
2807
3736
3519
2048
977
1464
2293
2046
1053
404
97
-268
-673
-644
-25
250
-174
-905
-1156
-685
-86
199
281
331
632
1086
1194
1217
1244
1537
2113
2485
2693
2577
2415
2319
2136
2108
2434
2776
2699
1969
1043
898
1183
1291
801
268
225
34
-560
-1221
-1387
-1204
-1361
-1889
-2217
-2166
-2220
-2891
-3748
-3842
-3333
-2943
-3219
-4128
-4664
-4675
-4544
-4567
-4614
-4135
-3594
-3697
-4186
-4387
-3902
-2607
-1052
-80
-352
-1459
-1100
953
2739
2813
2053
2631
4067
4189
3151
3151
4436
5003
3775
2825
3725
4740
3901
1934
956
1757
2556
1931
1027
636
449
-176
-890
-800
-143
112
-280
-881
-831
-289
84
159
195
507
1211
1789
1844
1713
1693
2131
2618
2921
3183
3280
3232
2915
2459
2412
2804
3101
2936
2111
1401
1260
1312
1014
402
136
295
25
-722
-1346
-1463
-1358
-1777
-2256
-2260
-2035
-2346
-3230
-3802
-3611
-3233
-3402
-3897
-4407
-4435
-4430
-4660
-4778
-4610
-4237
-3990
-4155
-4257
-4050
-3475
-2055
-580
-120
-988
-1748
-477
1910
2923
2381
1994
3005
3951
3292
2659
3551
4868
4515
2881
2554
3836
4161
2534
714
708
1696
1667
583
-173
-282
-717
-1644
-1988
-1239
-488
-786
-1612
-2019
-1584
-791
-419
-338
-147
299
959
1395
1462
1376
1471
1951
2440
2763
3028
2974
2716
2331
2038
2205
2563
2696
2213
1296
766
856
876
342
-271
-284
-177
-734
-1605
-2025
-1808
-1884
-2549
-2917
-2648
-2408
-3110
-4226
-4548
-4066
-3599
-4061
-4919
-5190
-5013
-4739
-4905
-5185
-5084
-4763
-4573
-4429
-4324
-3548
-2060
-736
-473
-1467
-1615
167
2392
3027
2344
2454
3893
4584
3679
3066
4058
5335
4745
3208
3070
4171
4220
2343
654
879
1855
1636
404
-305
-350
-728
-1672
-2048
-1297
-513
-636
-1339
-1608
-1180
-511
-166
-34
230
832
1553
1852
1881
1847
2118
2636
3001
3208
3282
3352
3181
2779
2384
2332
2608
2746
2214
1296
949
1027
844
88
-484
-396
-287
-765
-1646
-1896
-1643
-1869
-2591
-2976
-2718
-2501
-3167
-4119
-4292
-3774
-3649
-4583
-5485
-5399
-4906
-4645
-5049
-5365
-4903
-4389
-4443
-4900
-4340
-2056
79
158
-1558
-2130
50
2728
3198
2462
2825
4535
5120
3845
3196
4415
5719
4919
3176
3192
4652
4805
2755
678
563
1522
1454
384
-191
-31
-448
-1774
-2578
-1839
-554
-333
-1069
-1457
-989
-227
-30
162
648
1233
1923
2335
2596
2683
2665
2800
3074
3391
3707
3877
3872
3421
2609
2285
2572
2933
2438
1623
1253
1348
1300
486
-271
-273
-162
-724
-1509
-1603
-1149
-1229
-2269
-3098
-2892
-2196
-2341
-3250
-3780
-3490
-3313
-4114
-5138
-5152
-4524
-4519
-5282
-5571
-4688
-3930
-4097
-4698
-4330
-2388
-496
-223
-938
-876
574
2146
2549
2590
3374
4791
5140
4202
3896
4844
5540
4755
3510
3454
4320
4349
2959
1406
948
1113
695
-114
-482
-332
-501
-1461
-2354
-2314
-1635
-1338
-1267
-661
126
381
18
-155
263
1131
2018
2519
2836
3092
2861
2653
2716
2721
2848
3083
3223
3201
2862
2469
1759
1177
918
618
543
599
369
-245
-1008
-1428
-1555
-1846
-2254
-2400
-2083
-1794
-2393
-3075
-3195
-3181
-3696
-4340
-4167
-3502
-3415
-4393
-5683
-6196
-5722
-5262
-5407
-5592
-5332
-4918
-4759
-4717
-3585
-1769
-613
-1382
-2261
-1064
1737
3217
2716
2233
3198
4595
4484
3811
4214
5274
5136
3627
2807
3572
4240
3239
1291
282
678
954
198
-623
-880
-1041
-1619
-2323
-2223
-1570
-1304
-1723
-1909
-771
660
1125
506
207
720
1790
2645
3227
3562
3624
3427
3112
3275
3490
3449
3161
2916
2657
2408
2260
1903
1182
283
-196
-71
269
36
-726
-1299
-1474
-1669
-2142
-2322
-2110
-1745
-1906
-2562
-2793
-2519
-2465
-3403
-4229
-4056
-3433
-3433
-4205
-4961
-5069
-5033
-5574
-6105
-5576
-4503
-3965
-4431
-4211
-2518
-530
-420
-1895
-2022
218
2663
3036
2683
3452
4881
4892
3620
3384
4816
5820
4813
3358
3503
4497
4161
2266
632
435
820
499
-233
-441
-352
-847
-2014
-2660
-2239
-1397
-998
-630
131
786
826
522
662
1302
2123
2814
3322
3888
4159
4026
3757
3521
3201
2985
3093
3367
3377
2868
2066
1219
731
268
-239
-365
-265
-327
-882
-1510
-1654
-1674
-2151
-2852
-2887
-2072
-1462
-1800
-2390
-2651
-2704
-3065
-3659
-3610
-3024
-2974
-3726
-4465
-4424
-4142
-4349
-5009
-5267
-4697
-3817
-3447
-2717
-1136
94
-466
-1688
-1188
1026
3051
3195
2841
3870
5325
5307
4231
4120
4964
5038
3990
3401
4258
5104
4157
2058
834
897
878
208
-309
-203
-170
-761
-1500
-1649
-1326
-1308
-1453
-744
638
1555
1479
1270
1538
2076
2495
2886
3388
4056
4426
4347
4247
4144
3774
3211
2831
2719
2770
2702
2253
1466
771
70
-695
-1056
-1013
-994
-1293
-1661
-1753
-1840
-2257
-2830
-2995
-2601
-2258
-2321
-2350
-2256
-2321
-2780
-3258
-3468
-3358
-3376
-3763
-4350
-4507
-4474
-4505
-5144
-5407
-4936
-4176
-3926
-3483
-2075
-405
-335
-1537
-1597
308
2306
2457
2068
2973
4560
4796
3732
3447
4442
4750
3503
2398
2956
4052
3575
1757
476
419
313
-588
-1373
-1304
-967
-1308
-2113
-2359
-1919
-1579
-1750
-1434
-438
408
577
759
1380
2040
2357
2451
2789
3477
4001
3996
3992
4120
3948
3419
2842
2574
2550
2309
1662
930
670
324
-599
-1416
-1637
-1629
-1958
-2428
-2541
-2324
-2354
-2940
-3251
-2965
-2649
-2752
-2918
-2753
-2511
-2547
-2934
-3439
-3615
-3485
-3521
-3988
-4607
-4654
-4316
-4120
-4325
-4524
-4242
-3604
-2737
-1685
-773
-670
-966
-597
721
1907
2220
2478
3351
4211
4257
3994
4328
4885
4486
3386
2959
3553
3968
3268
2053
1374
1086
525
-368
-867
-829
-993
-1585
-2017
-1814
-1345
-1370
-1279
-626
115
216
201
843
1830
2505
2675
2895
3428
4056
4148
4134
4203
4227
4065
3803
3500
3167
3030
2541
1647
962
774
407
-442
-1241
-1561
-1604
-1942
-2431
-2672
-2682
-3028
-3567
-3459
-3099
-2857
-3045
-3125
-3102
-2957
-3015
-3270
-3481
-3445
-3485
-3893
-4450
-4597
-4273
-4148
-4245
-4088
-3480
-3093
-2654
-1766
-576
-362
-1070
-946
704
2328
2420
2200
3083
4461
4532
3832
3903
4741
4774
3621
2917
3479
4214
3665
2305
1432
1270
926
7
-726
-831
-705
-998
-1518
-1468
-954
-873
-953
-473
259
529
541
1093
1922
2523
2764
2979
3626
4285
4497
4285
4326
4480
4376
4279
3977
3598
3389
3008
2040
1223
1079
858
52
-822
-1256
-1330
-1659
-2346
-2804
-2713
-2754
-3165
-3398
-3149
-2908
-3058
-3297
-3311
-3050
-2952
-3095
-3308
-3418
-3422
-3732
-4147
-4469
-4174
-3792
-3631
-3601
-3291
-2588
-1782
-957
-512
-661
-856
-188
1303
2320
2360
2442
3514
4423
4217
3678
4106
4815
4348
3227
3058
3924
4200
3113
1845
1484
1391
758
-196
-714
-698
-883
-1321
-1461
-1114
-804
-1101
-1543
-1556
-972
-258
165
589
1112
1659
2076
2520
3057
3370
3434
3395
3576
4006
4271
4078
3544
2967
2588
2234
1753
1260
749
159
-539
-979
-1235
-1637
-2318
-3109
-3505
-3586
-3674
-3805
-3869
-3777
-3780
-3972
-4150
-4111
-3943
-3995
-4231
-4258
-3966
-3772
-4047
-4537
-4757
-4416
-4026
-4036
-3980
-3496
-2598
-1721
-1017
-730
-846
-878
-202
972
1601
1746
2187
3353
4079
3799
3503
3950
4341
3703
2887
3073
3895
3940
2936
2028
1895
1683
791
-189
-574
-564
-823
-1144
-1075
-749
-776
-1230
-1508
-1291
-749
-339
-83
305
861
1404
1832
2272
2643
2854
2868
2958
3289
3724
3923
3637
3290
3107
2859
2372
1823
1356
920
404
-102
-381
-587
-1105
-1876
-2514
-2605
-2744
-3045
-3334
-3391
-3271
-3185
-3318
-3594
-3606
-3577
-3723
-3765
-3827
-3827
-3730
-3866
-4188
-4270
-3965
-3706
-3793
-3815
-3424
-2677
-1783
-1138
-887
-994
-792
-38
1033
1581
1527
1850
2984
3978
4008
3787
4010
4340
3959
3342
3400
4073
4168
3229
2335
2247
2290
1637
655
26
-40
-86
-234
-418
-489
-470
-688
-917
-998
-668
-228
92
150
429
1100
1755
2083
2062
2137
2355
2616
2830
3051
3139
3082
2908
2730
2536
2058
1539
1152
748
302
-57
-239
-462
-1048
-1662
-1986
-2047
-2217
-2480
-2816
-2968
-2836
-2641
-2585
-3039
-3285
-3347
-3381
-3705
-3903
-4011
-3885
-3664
-3749
-3872
-3984
-3726
-3435
-2954
-2366
-1647
-1227
-1191
-986
-483
767
1604
1700
1558
2238
3444
4061
4049
3948
4358
4577
4320
4040
4284
4584
4167
3357
2938
3066
2907
2202
1348
956
883
676
424
248
129
-91
-231
-245
-194
-146
-154
-77
145
639
1099
1363
1453
1389
1625
2028
2210
2236
2268
2294
2155
1987
2025
1957
1532
932
667
492
456
19
-585
-877
-1055
-1316
-1708
-1828
-2097
-2300
-2424
-2570
-2826
-2911
-2948
-3196
-3397
-3627
-3712
-3695
-3730
-3984
-4199
-4152
-4174
-3951
-3706
-3272
-2831
-2444
-2186
-2113
-1938
-1537
-726
-56
207
298
948
1986
2627
2654
2521
2854
3196
3285
3152
3346
3686
3515
3045
2818
2944
2788
2145
1457
1189
1197
1174
1004
644
213
-161
-217
-123
-252
-515
-617
-507
-250
-21
150
288
369
271
329
587
795
961
1095
1157
1058
1180
1131
953
640
146
205
241
59
17
-540
-844
-818
-1028
-1326
-1739
-1749
-1730
-1528
-1845
-1955
-2181
-2299
-2448
-2712
-2947
-3210
-3150
-2976
-3274
-3500
-3447
-3314
-3322
-3182
-2899
-2432
-2228
-2355
-2424
-2147
-1564
-1124
-904
-752
-195
496
1130
1349
1557
1831
2030
2196
2419
2810
3075
3173
3095
3120
3187
3131
2900
2626
2441
2154
2001
1924
1836
1597
1204
815
632
525
286
-38
-164
-46
221
345
267
142
136
269
302
254
516
1055
789
652
896
903
887
877
175
396
734
163
392
338
-69
-38
-278
-288
-917
-911
-949
-1277
-1034
-1187
-1747
-1837
-1684
-1861
-2158
-2202
-2102
-2368
-2442
-2486
-2716
-2625
-2524
-2884
-2967
-2684
-2273
-2047
-2125
-2280
-2168
-1819
-1596
-1435
-1166
-815
-470
-207
158
642
1114
1248
1225
1368
1822
2220
2436
2494
2539
2694
2788
2859
2776
2622
2409
2264
2137
2117
2081
1897
1541
1113
902
828
907
733
846
633
331
542
921
1004
756
365
917
965
912
899
1193
1353
880
1379
1131
1522
1090
801
700
832
746
435
437
162
-21
134
199
-339
-647
-865
-449
-598
-1118
-1011
-733
-1028
-1519
-1706
-1533
-1430
-1688
-1709
-1794
-1966
-1819
-1946
-1998
-2279
-2404
-2111
-1492
-1469
-1860
-1970
-1756
-1402
-1401
-1330
-1098
-765
-526
-167
307
697
704
563
757
1143
1587
1817
1953
1923
2134
2307
2429
2402
2161
2001
1859
1812
1653
1676
1541
1231
968
951
1080
781
574
347
501
701
667
968
936
743
427
651
792
755
818
842
814
1329
1247
552
747
834
658
196
306
280
216
459
-146
-399
-424
-131
-766
-1201
-1025
-1075
-1170
-1165
-1543
-1640
-1438
-1465
-2005
-1968
-1841
-2031
-2069
-2199
-2176
-2176
-1984
-2419
-2601
-2510
-2550
-2540
-2279
-1967
-1954
-2126
-2102
-1982
-1782
-1730
-1699
-1521
-1125
-759
-480
-165
81
220
133
251
581
849
961
1021
1259
1493
1562
1471
1352
1300
1212
1038
1078
1298
1330
1347
1060
1011
933
1073
742
820
667
902
1292
1014
1160
1085
1342
1317
781
1317
1373
1510
996
995
1129
1577
837
564
908
555
777
242
541
339
-252
117
-308
-272
-189
-788
-771
-783
-730
-578
-883
-1236
-621
-1316
-1570
-928
-981
-1717
-2047
-1547
-1088
-1308
-2033
-2064
-1626
-1593
-1745
-2371
-2103
-1946
-1604
-1672
-1629
-1663
-1570
-1559
-1673
-1540
-1330
-941
-806
-773
-542
-139
349
188
17
63
591
754
825
801
1025
1190
1122
1080
1021
1086
978
997
962
923
1117
1308
1358
949
1149
1093
1510
1261
916
1085
1690
1910
1480
1351
1495
1829
1405
1068
1388
1587
1501
1192
1018
1355
1467
1172
640
58
968
1129
99
272
-201
181
-358
304
-239
-944
-574
-436
-224
-674
-1096
-565
-599
-768
-1319
-1045
-427
-309
-1288
-998
-929
-1031
-1068
-1305
-1599
-1413
-1332
-1682
-1697
-1841
-1466
-1601
-1433
-1358
-1535
-1570
-1328
-1329
-1169
-974
-828
-695
-449
-332
-44
24
209
279
399
463
752
953
1081
1125
1189
1333
1356
1203
1027
1386
1502
1302
1448
1949
1608
1782
1491
1579
1574
1530
1711
1659
1567
2060
1841
1520
1891
1408
1483
1905
1420
1340
1346
1720
1190
656
1424
1228
1109
267
511
786
410
72
215
330
125
-157
-403
-35
-21
-970
-388
-299
-352
-807
-917
-521
-1082
-1099
-841
-1058
-1627
-1650
-1171
-1411
-1792
-1931
-2039
-1989
-2379
-2067
-2216
-2323
-2179
-1888
-1671
-1975
-2034
-2012
-1725
-1849
-1900
-1697
-1297
-1123
-1155
-864
-469
-389
-524
-584
-340
-169
6
261
444
447
474
617
598
582
639
633
519
789
937
964
1145
1062
1031
922
1236
1303
1022
961
1626
1660
1294
1388
1470
1383
1629
851
1028
1384
1541
693
941
1171
760
798
658
432
369
422
-326
15
-163
256
-295
-136
-571
92
-170
-747
-591
-715
-258
-968
-1038
-165
-1150
-1305
-1225
-1259
-1314
-1473
-1443
-2103
-1583
-1821
-1399
-2233
-2330
-2377
-1881
-2065
-2180
-2216
-1730
-1524
-2134
-2048
-2014
-1372
-1516
-1487
-1286
-774
-621
-318
-334
-360
-135
31
141
218
336
619
702
819
543
816
1023
766
716
879
1313
1289
1155
991
1578
1660
1485
1333
1205
1956
1434
1454
1881
1819
1564
1927
1690
1509
1318
1304
1335
1224
1713
791
768
1959
782
231
591
1277
301
-71
692
-332
918
-302
-239
-292
-280
265
-422
-931
-646
306
-919
-625
-1432
-163
-1089
-1561
-1843
-1360
-1006
-1618
-1984
-1728
-1593
-2243
-2005
-2003
-2171
-2002
-2013
-2054
-1588
-1345
-1723
-1888
-1658
-1572
-1040
-1149
-972
-1112
-273
-181
-133
-151
45
150
107
440
331
938
759
902
645
1168
1393
1107
1009
1371
1314
1139
1516
1456
2262
1839
1299
1456
2096
1969
1576
1539
1495
2087
1975
1807
1959
1307
1581
2234
1692
1018
1461
2146
1167
977
1393
611
1110
1025
444
722
979
795
616
27
1267
529
-256
-114
39
783
-600
-465
-372
-60
-506
-674
-961
-1375
-757
-1884
-1611
-1262
-1339
-2112
-2535
-1674
-1797
-2141
-2751
-1849
-1712
-1490
-1725
-1812
-1579
-1630
-1271
-1231
-646
-947
-473
-186
147
118
51
199
122
319
450
963
649
690
794
824
772
823
1005
700
1210
378
697
1179
1226
806
881
1287
606
1165
969
1247
978
1931
953
797
1880
1443
951
754
1431
1095
956
859
937
605
1002
901
-40
0
638
287
-536
320
132
-385
-66
-101
-124
-450
-742
-516
193
-1124
-825
-865
-711
-1424
-2351
-783
-1199
-2312
-2389
-1645
-2307
-2855
-2557
-2017
-2987
-2893
-2091
-2325
-1877
-2132
-2048
-1959
-1788
-1667
-1298
-915
-1067
-1082
-254
71
-132
-225
-40
549
355
243
710
1274
1043
599
719
1154
1305
876
614
692
927
1080
983
915
1106
1391
868
1244
568
831
1566
538
869
857
1797
1260
1019
1049
519
1253
747
1100
699
824
985
1146
980
54
272
-258
611
279
240
300
256
505
-830
-851
-144
-49
-836
-1069
-73
-443
-698
-1470
-893
-1738
-1120
-1446
-2090
-1194
-1961
-2225
-2800
-1782
-1950
-2252
-2520
-1827
-1535
-2082
-1959
-1706
-1042
-1522
-1117
-907
-160
144
-19
362
395
704
442
940
1017
1230
1209
1239
1169
1083
1442
1463
1136
649
918
1291
1362
981
1036
1642
1075
546
791
1299
1146
181
703
1388
1251
849
799
1318
439
735
1307
492
1280
833
768
1017
526
-241
987
465
-247
171
-107
495
-581
-546
34
-440
-731
-371
-488
-1523
-589
-834
-1224
-954
-1152
-1070
-1687
-1612
-1649
-1512
-1239
-1927
-2139
-1264
-411
-1235
-1745
-1766
-1245
-1034
-849
-397
-743
-527
-80
771
749
546
627
908
1396
1618
1748
1933
1885
1440
1558
1886
2345
2167
1734
1303
1194
2042
2073
1620
1325
1892
2073
1049
1169
1523
1068
545
926
1433
1892
964
564
428
1065
483
486
1313
378
465
788
1201
183
248
368
672
-562
-686
158
327
49
-1292
-1074
-500
-226
-2229
-1967
-849
-1037
-1436
-2547
-1504
-1938
-2643
-3217
-2391
-2112
-2366
-2403
-1992
-1438
-1519
-744
-1813
-2183
-1081
-30
62
-589
196
1153
1395
441
758
1611
1510
975
1226
2414
2362
1980
1360
1528
1636
1672
1652
1060
852
734
1495
1420
1284
1132
846
371
272
906
1058
442
32
465
1021
781
-336
627
776
-145
-556
843
1337
-372
-386
-130
-39
-142
-1327
-914
-826
-420
-1676
-1585
-171
-1937
-2815
-2017
-1286
-1653
-2892
-2832
-2322
-2642
-3204
-2729
-3261
-3826
-4076
-2802
-2504
-3425
-2275
-1899
-2421
-2583
-2150
-1220
-1012
-954
-368
579
1455
1585
1542
1726
2024
2182
2531
3006
3307
3378
3225
3089
3056
3096
3039
2467
1534
1575
2082
2154
1592
1335
1335
559
-164
508
1256
-70
-90
403
1051
590
273
577
-197
-15
-337
1138
1433
156
-1001
929
1277
-888
-558
-407
189
-1393
-2483
137
-443
-2567
-3374
-2256
-1522
-2697
-3526
-2965
-3705
-4256
-3476
-4201
-4667
-3996
-3349
-3380
-3350
-2260
-2136
-2723
-3265
-2366
-358
-55
-364
-192
930
1769
1790
1875
2135
2332
2547
3098
3799
4092
3655
3254
3086
3243
3637
3713
2721
1826
2080
2663
2806
2257
1713
1421
1002
1032
1457
1570
863
525
616
1911
1945
874
566
407
672
791
1811
1006
-184
166
453
291
-736
-1323
-614
-1304
-1928
-2516
-972
-1420
-4577
-4194
-2200
-2761
-5049
-4528
-4319
-5254
-5622
-4152
-3103
-3737
-4033
-4152
-2721
-2074
-2583
-2508
-1336
-381
-124
587
1433
1945
1388
1437
2542
3422
3632
3446
3596
3818
4174
4174
3770
3632
3687
3694
3273
2996
2888
2830
2372
1795
1678
1770
1198
652
896
1165
1149
844
930
1344
1111
1687
1905
1202
1473
2651
2461
1857
1836
1293
2130
704
-281
1308
726
-1320
-1997
-1370
-1167
-1921
-4075
-3942
-3373
-5268
-6002
-5759
-5154
-5809
-5809
-4024
-3658
-4238
-4899
-4014
-3640
-3147
-2426
-1187
56
214
677
1478
2298
2112
1776
2460
3636
4420
4388
4347
4210
4013
3780
3785
3628
3197
2816
2485
2690
2769
2524
1421
106
-304
174
506
447
73
-87
310
450
201
-213
117
489
1184
736
1371
2120
697
93
392
831
67
-782
-614
-572
-700
-1991
-3283
-3400
-3625
-4602
-5596
-5980
-5461
-5526
-5425
-3939
-3395
-4329
-5351
-4954
-3523
-3122
-2795
-1743
-131
500
365
695
1568
2130
1464
1533
2985
4648
4827
3859
3343
3542
3698
3237
2863
2970
2963
2349
1885
2215
2475
1404
-167
-722
-15
555
239
-361
-499
-14
166
-71
-50
371
502
241
495
1483
2619
1263
-185
303
1214
657
-731
-616
-739
-1278
-2906
-3616
-3049
-3904
-5631
-6609
-6022
-5368
-4669
-4207
-4408
-4866
-5433
-5140
-3711
-2903
-2650
-2141
-680
769
1331
1482
1836
2173
2137
2652
4180
5488
5510
4449
3874
4480
5058
4564
3518
3100
3416
3653
3311
3071
2728
1545
287
17
853
1285
689
-339
-472
125
263
-121
-448
-370
48
575
1144
1139
621
-98
-574
-38
-457
-763
-893
-1808
-2332
-2939
-3283
-4461
-5620
-6577
-7155
-6397
-4618
-3104
-3587
-4580
-5758
-5413
-4127
-3068
-1856
-1180
-365
826
1972
2424
2064
1794
1875
3053
4502
5727
6108
5163
3880
3413
4182
4393
3684
2845
2708
3112
3251
2868
2087
749
-499
-573
493
1432
1020
-107
-641
-335
34
16
86
315
674
1102
1828
2053
1501
645
-124
-114
252
495
-55
-946
-2093
-3271
-4541
-5282
-6027
-6927
-5618
-3203
-1928
-2699
-4887
-6035
-5327
-4012
-3048
-1599
678
1990
1719
1372
2144
2773
2289
1868
3467
6146
7455
6563
4883
3857
3709
3808
3431
3392
3782
3780
2909
2172
2103
1403
-511
-1873
-725
1223
1629
293
-783
-675
-746
-1148
-974
227
1056
953
1027
1499
1638
724
-630
-1238
-718
84
105
-989
-2754
-3970
-4953
-6367
-7430
-7369
-5601
-3276
-1942
-2528
-4574
-6140
-5919
-4128
-2141
-337
1550
2803
2812
2388
2617
2982
2860
2827
4313
6842
8068
7025
4961
3307
2833
2873
2910
3296
3796
3417
2274
1287
1068
420
-1420
-2311
-1087
827
1138
-167
-1373
-1822
-1984
-2123
-1341
164
875
495
27
18
-96
-857
-1850
-2273
-1834
-1019
-1154
-2634
-4787
-6545
-7603
-8333
-8423
-6941
-4436
-2649
-2625
-4460
-6271
-6734
-5369
-2925
-404
1607
2938
3542
3222
2626
2481
2714
3506
4891
6778
8363
8250
6186
3881
2831
2834
2993
3313
3909
4088
3177
1671
356
-469
-1251
-1746
-1069
213
1161
614
-894
-2074
-2450
-1926
-982
123
948
1333
949
-2
-792
-1381
-1712
-1971
-1766
-1361
-1520
-2910
-5463
-7705
-8750
-8502
-6924
-4669
-3118
-2555
-3734
-5634
-6679
-5903
-3460
-725
1189
2391
3422
3946
3373
2418
2168
3161
5013
6669
7861
8135
6774
4651
3050
2665
3140
3720
4025
3946
3581
2600
1152
-390
-1470
-1156
-78
662
1070
1055
136
-1335
-2280
-1954
-613
604
1066
1259
1208
516
-827
-1929
-2339
-2208
-1808
-1748
-2308
-3950
-6161
-8373
-9282
-8533
-6414
-4470
-3955
-3734
-4129
-5281
-6404
-5874
-2948
637
2361
2641
3429
4389
3902
2503
2414
4307
6612
7609
7649
7660
6738
4758
2802
2327
3371
4350
4225
3662
3324
2445
508
-1256
-1312
-19
746
719
914
1111
195
-1600
-2282
-1009
609
1124
1131
1585
1442
-75
-1814
-2415
-2127
-1612
-1829
-2742
-3857
-5580
-7846
-9014
-7912
-5718
-4338
-4476
-4569
-3979
-4442
-5997
-5883
-2770
763
2135
2212
3391
4695
3947
2065
2383
5104
7136
7279
6889
7206
7013
4992
2828
2538
3519
4033
3687
3571
3814
2918
355
-1391
-633
775
937
491
879
1459
648
-1014
-1198
275
1335
1308
1543
2323
2210
403
-1618
-1884
-1129
-982
-1552
-2695
-4188
-6048
-7701
-7539
-5678
-4282
-4476
-4673
-3966
-3548
-4671
-5639
-4124
-604
1388
1198
1723
3492
4139
2622
1434
3021
5461
5892
4998
5053
5856
5204
2847
1368
2063
2855
2295
1764
2381
2526
419
-1980
-1780
-98
250
-702
-755
328
290
-1323
-1914
-564
907
778
454
1312
1865
536
-1651
-2412
-1620
-1151
-2068
-3573
-4689
-5835
-6565
-6220
-4462
-3359
-4108
-5465
-5526
-4146
-2924
-2328
-1501
-94
795
1179
1764
3130
3833
3353
2952
3814
5358
5926
5380
4575
4195
3691
2849
2447
2662
2570
1546
761
1056
1113
-116
-1536
-1775
-1198
-1117
-1389
-1229
-859
-1412
-2461
-2279
-902
-9
-266
-613
-541
-454
-1043
-1957
-2174
-1944
-2323
-3526
-4997
-6108
-6289
-5708
-4290
-3526
-3904
-4311
-3916
-3301
-3388
-3271
-1318
1487
2605
1903
1885
3533
4507
3821
3382
4846
6646
6413
4958
4957
5873
5049
2840
2125
3454
4082
2586
1511
2170
2097
-95
-1841
-1007
665
160
-1533
-1580
-484
-855
-2553
-2696
-1007
180
-365
-1090
-731
-569
-1850
-3438
-3382
-2413
-2444
-4047
-5952
-6656
-6046
-5130
-4405
-4228
-4076
-3686
-3630
-4229
-4214
-2345
621
2079
1626
1446
2858
4034
3439
2928
4373
6352
6392
4996
5050
6417
5863
3214
1991
3418
4674
3584
2331
3084
3358
929
-1581
-946
1101
1078
-856
-1513
-327
-463
-2286
-2977
-1433
-157
-726
-1539
-1000
-504
-1847
-3745
-4114
-2925
-2379
-3530
-5358
-6079
-5584
-4707
-4032
-3956
-3556
-2888
-2849
-3693
-3864
-2031
946
2217
1453
1269
2885
4145
3552
2910
4199
6136
5877
4629
5222
6788
5962
3034
1992
3859
5123
3836
2838
3822
3847
1184
-857
172
2144
1580
-467
-822
111
-272
-1924
-2067
-652
2
-929
-1732
-1331
-1273
-2502
-4026
-4121
-3212
-3033
-4205
-5529
-5454
-4544
-3698
-3828
-3589
-2274
-1287
-2072
-3342
-2729
203
2623
2484
1699
2429
3862
3773
2964
3615
5485
5908
4251
3749
5178
5446
3342
1511
2436
3955
3397
2408
2908
3298
1451
-797
-547
1608
2293
797
-136
79
-269
-1576
-1950
-650
446
-153
-1343
-1631
-1515
-2430
-3993
-4607
-4078
-3661
-4518
-5585
-5581
-4872
-4595
-5084
-4410
-2280
-1304
-2641
-4106
-2904
214
1874
1490
1588
3121
3680
2624
2366
4065
5892
5195
3723
4318
5483
4529
2282
1674
2958
3263
2234
2273
3204
2464
-194
-1615
-430
1122
760
-249
-53
-46
-1413
-2691
-2144
-824
-686
-1663
-2283
-2128
-2466
-3836
-4824
-4754
-4449
-5042
-5849
-5596
-4676
-4332
-5329
-5602
-3614
-1611
-2024
-3443
-3110
-402
1549
1180
1035
2757
3972
2789
1630
3121
5879
6204
4471
4267
5203
4397
2265
1909
3846
4696
3155
2123
2927
2875
567
-1131
-54
1693
1324
-43
-15
446
-750
-2494
-2360
-800
-142
-1031
-1856
-1861
-2321
-3842
-4797
-4476
-3926
-4438
-5387
-5181
-4406
-4237
-5119
-5078
-2994
-1520
-2193
-3238
-2273
314
1403
630
947
2998
3812
2484
1910
3641
5418
4845
3614
4341
5149
3721
1841
2305
4031
3916
2192
1701
2558
2077
47
-572
947
1924
835
-455
-105
321
-717
-1883
-1331
-56
-151
-1402
-2146
-1919
-2315
-3649
-4239
-3607
-3329
-4189
-4943
-4579
-3914
-4347
-5033
-3603
-1479
-1279
-2626
-2818
-864
967
869
824
2493
3773
2923
1805
2704
4751
5239
4208
4100
4601
3583
1900
2027
3742
4352
2874
1702
1900
1638
72
-667
473
1497
687
-687
-617
-97
-844
-2038
-1839
-629
-399
-1285
-1801
-1580
-2073
-3541
-4115
-3130
-2424
-2839
-3544
-3637
-3441
-3869
-4451
-3175
-1069
-377
-901
-1430
-945
1
350
909
2630
3972
3825
2810
2684
3547
4370
4351
4449
4566
3843
2899
2529
3202
3659
2962
1888
1563
1470
813
361
518
782
333
-613
-833
-332
-249
-816
-1147
-959
-781
-1148
-1579
-1554
-1735
-2448
-2990
-2883
-2759
-2866
-3068
-2931
-2642
-2759
-3239
-2777
-1330
-481
-872
-1456
-1100
212
843
865
1806
3100
3365
2370
2105
3586
5012
4524
3643
3970
4172
3131
2167
3165
4519
3593
1502
1114
1868
1298
-102
-52
1064
701
-1143
-1729
-616
-464
-1953
-2672
-1814
-1300
-2158
-2776
-2224
-2119
-3416
-4472
-4032
-3364
-3599
-3880
-3497
-2947
-3405
-4189
-3396
-1486
-471
-738
-1182
-859
-57
191
495
1751
3185
3317
2472
2242
3197
4120
3829
3515
4015
4049
3080
2361
3102
3866
2802
1159
1027
1412
734
-232
-151
524
-220
-1920
-2162
-1104
-993
-2032
-2426
-1811
-1714
-2598
-2958
-2259
-2036
-2851
-3529
-3153
-2742
-3194
-3518
-3107
-2675
-3108
-3694
-3315
-2058
-1242
-1303
-1451
-1172
-668
-441
-114
946
2211
2595
2193
2056
2769
3403
3321
3306
3877
4191
3591
3112
3662
4018
3068
1845
1784
2159
1570
654
663
906
-88
-1516
-1650
-830
-897
-1814
-2005
-1576
-1806
-2702
-2785
-1930
-1648
-2231
-2524
-2126
-2121
-2727
-2969
-2399
-2004
-2261
-2423
-2033
-1506
-1405
-1459
-1351
-1251
-1184
-720
154
893
1228
1399
1543
1523
1528
2070
2914
3367
3358
3323
3383
3204
2873
2809
2948
2771
2278
2006
1865
1413
622
119
-134
-470
-897
-956
-772
-989
-1455
-1705
-1453
-1371
-1533
-1422
-1047
-1125
-1561
-1698
-1556
-1630
-1881
-1728
-1171
-1002
-1426
-1691
-1468
-1162
-1236
-1289
-1160
-914
-801
-551
-155
279
429
465
647
901
1307
1745
2157
2412
2499
2512
2433
2334
2354
2518
2478
2227
1868
1481
1083
575
217
102
48
-230
-498
-479
-367
-526
-751
-799
-892
-1168
-1225
-896
-486
-514
-720
-679
-723
-963
-1100
-868
-723
-800
-790
-548
-600
-854
-858
-645
-437
-527
-474
-270
119
266
386
667
848
912
1052
1459
1770
1913
1946
2000
1997
1859
1772
1884
2041
2002
1759
1512
1348
1140
953
944
1009
1106
1010
798
580
280
-43
-255
-253
-365
-299
-322
-489
-663
-862
-1044
-1265
-1341
-1192
-922
-681
-788
-932
-993
-986
-958
-888
-534
-189
-145
-200
-134
-125
-141
-143
19
285
347
308
349
417
346
219
289
529
696
712
833
920
905
779
745
882
1038
1126
1131
1150
951
704
627
569
476
431
402
217
-69
-190
-292
-489
-713
-878
-942
-1111
-1316
-1323
-1263
-1285
-1372
-1338
-1149
-1159
-1162
-1055
-830
-729
-756
-638
-505
-441
-451
-345
-128
-44
-249
-392
-268
-195
-205
-220
-127
3
92
224
349
421
407
452
520
655
772
824
929
815
710
613
551
560
415
304
200
119
-69
-335
-497
-585
-667
-776
-924
-1103
-1149
-1119
-1094
-1126
-1011
-922
-959
-991
-929
-745
-640
-607
-500
-329
-227
-291
-300
-204
-144
-199
-272
-202
-96
-116
-180
-133
-4
74
50
57
227
339
435
574
769
961
1033
1034
1007
1049
1105
1117
1129
1156
1112
946
728
468
340
181
2
-110
-190
-303
-507
-695
-795
-832
-886
-939
-922
-845
-812
-864
-915
-865
-713
-584
-503
-456
-408
-381
-428
-402
-287
-189
-153
-153
-134
-193
-190
-117
-19
114
203
288
349
408
460
572
661
744
782
854
964
944
938
930
892
914
907
825
714
584
470
281
184
98
-32
-209
-401
-535
-532
-553
-639
-667
-718
-712
-781
-810
-741
-679
-658
-595
-483
-430
-420
-451
-375
-275
-237
-199
-126
-80
-121
-181
-154
-52
28
100
189
314
418
439
488
651
813
1025
1213
1200
1251
1301
1331
1349
1290
1264
1220
1141
1072
905
740
613
452
328
192
144
-116
-278
-279
-342
-354
-418
-441
-450
-466
-635
-645
-498
-360
-334
-416
-407
-359
-275
-194
-99
-45
-4
40
104
221
208
231
280
339
409
438
517
579
666
694
776
866
909
907
899
936
917
930
919
904
875
774
620
521
435
311
281
204
142
4
-67
-133
-344
-433
-418
-384
-402
-410
-376
-352
-395
-407
-382
-323
-296
-339
-371
-308
-323
-349
-354
-321
-321
-432
-491
-526
-447
-514
-598
-486
-359
-289
-288
-167
23
126
181
249
315
368
348
366
461
496
514
435
393
360
243
166
11
-38
-75
-158
-241
-340
-376
-497
-597
-603
-555
-495
-464
-512
-614
-600
-588
-542
-492
-495
-482
-414
-322
-346
-459
-560
-581
-587
-631
-653
-625
-632
-806
-891
-824
-758
-754
-773
-659
-495
-404
-384
-308
-194
-119
-100
1
195
292
297
308
445
424
346
290
300
333
214
98
44
-26
-152
-257
-219
-151
-109
-164
-167
-99
-108
-178
-173
-44
96
160
132
124
159
133
60
-19
55
121
69
-30
-106
-153
-278
-433
-503
-435
-407
-441
-482
-476
-431
-511
-508
-364
-202
-118
-89
-24
49
92
108
190
281
337
296
218
210
132
41
-53
-84
-79
-173
-290
-396
-479
-548
-611
-596
-512
-431
-381
-314
-298
-244
-201
-128
38
183
304
334
358
336
349
339
296
292
292
332
264
193
127
73
10
-65
-63
-19
-16
-2
-28
-15
25
22
70
141
184
229
289
314
332
298
303
318
301
220
140
57
-46
-162
-229
-228
-331
-437
-482
-514
-531
-621
-691
-663
-564
-491
-433
-323
-215
-176
-178
-102
-30
87
151
215
344
542
537
428
434
491
556
575
587
595
550
503
401
377
433
408
401
439
495
312
336
391
430
515
