-328
-283
-314
-310
-315
-327
-322
-320
-307
-301
-286
-289
-269
-271
-280
-293
-277
-248
-268
-263
-235
-237
-235
-225
-215
-201
-205
-180
-182
-138
5
-9
-7
15
-23
-7
-10
-9
-3
-15
-3
-10
-16
-7
-26
-38
-25
-31
-46
-16
-51
-62
-39
-46
-55
-55
-39
-65
-41
-43
-56
-65
-78
-71
-58
-28
-100
-89
-55
-50
-43
-41
-30
-28
-22
-34
-45
-54
-45
-52
-66
-17
-39
-40
-44
-60
-60
-60
-47
-64
-55
-61
-69
-94
-70
-56
-68
-28
-96
-85
-89
-94
-60
-79
-57
-73
-51
-55
-41
-54
-41
-9
-1
56
7
2
20
34
48
28
20
32
42
44
49
62
70
88
95
131
86
98
124
106
143
122
133
122
122
128
123
132
128
146
136
164
120
107
116
109
111
99
113
125
128
92
96
92
94
88
74
118
63
60
73
71
89
85
91
96
102
122
126
120
97
226
374
377
338
304
314
304
310
283
269
228
234
190
194
190
193
195
206
244
32
158
217
216
241
213
227
235
145
62
115
217
266
216
172
206
212
244
295
287
298
285
298
283
297
299
300
299
315
342
368
430
387
389
361
365
377
354
325
294
286
275
291
274
306
302
306
326
251
289
273
265
274
259
284
285
265
252
270
274
277
254
256
281
246
261
249
226
219
196
188
166
148
140
146
127
105
74
53
54
-72
-99
-164
-280
-274
-310
-296
-325
-311
-284
-356
-356
-366
-390
-425
-439
-515
-556
-602
-618
-668
-712
-756
-809
-810
-871
-888
-919
-930
-969
-951
-872
-938
-962
-942
-892
-824
-772
-841
-933
-897
-836
-776
-753
-711
-674
-636
-542
-515
-462
-404
-351
-278
-204
-115
-47
32
111
194
264
339
411
486
590
622
684
750
788
843
886
925
946
955
966
977
975
1096
1076
1046
1042
950
933
874
805
758
689
638
554
474
431
351
280
222
152
69
33
-59
-140
-187
-274
-326
-409
-459
-502
-562
-626
-680
-751
-807
-845
-891
-930
-1045
-1074
-1097
-1137
-1171
-1205
-1228
-1290
-1327
-1351
-1358
-1373
-1377
-1385
-1389
-1344
-1400
-1349
-1324
-1298
-1220
-1174
-1078
-1006
-902
-777
-670
-564
-441
-309
-182
2
88
227
359
475
644
722
835
923
1029
1099
1138
1168
1207
1251
1310
1387
1371
1361
1339
1329
1329
1304
1307
1311
1319
1302
1269
1251
1210
1181
1145
1126
1064
1011
995
931
896
829
785
736
660
596
517
477
414
381
331
315
245
171
123
64
11
-38
-61
-129
-184
-258
-295
-344
-406
-462
-540
-559
-669
-730
-787
-860
-906
-955
-1026
-1089
-1158
-1213
-1264
-1335
-1394
-1387
-1237
-1223
-1283
-1326
-1332
-1346
-1334
-1338
-1333
-1310
-1226
-1113
-983
-830
-702
-552
-404
-193
-244
24
284
474
708
842
986
1099
1200
1226
1388
1554
1660
1668
1645
1705
1721
1774
1831
1827
1814
1771
1719
1678
1639
1611
1592
1534
1504
1489
1481
1507
1396
1365
1257
1194
1173
1076
1023
914
855
798
761
697
675
606
541
490
421
420
356
317
298
246
195
170
105
23
13
-8
-77
-150
-217
-258
-328
-379
-436
-524
-611
-682
-763
-851
-930
-998
-1069
-1159
-1251
-1360
-1472
-1532
-1681
-1792
-1899
-2052
-2071
-2071
-2075
-2090
-2062
-2019
-2032
-1981
-1887
-1753
-1599
-1434
-1346
-1224
-1076
-878
-708
-545
-342
-189
35
174
314
482
662
832
934
1051
1063
1054
1083
1157
1267
1339
1271
1122
1130
1158
1186
1181
1157
1148
1090
1100
1033
1019
1011
937
904
858
824
794
757
702
674
626
566
507
449
437
352
322
285
203
146
115
91
60
-15
-65
-80
-140
-61
-89
-141
-175
-306
-363
-455
-517
-574
-654
-694
-772
-865
-947
-1035
-1129
-1210
-1290
-1371
-1446
-1563
-1684
-1788
-1868
-1925
-1993
-2039
-2058
-2074
-2088
-2107
-2127
-2132
-2135
-2103
-1993
-1941
-1780
-1558
-1377
-1190
-1045
-863
-647
-456
-242
-45
145
326
478
639
880
1048
1235
1369
1410
1484
1495
1541
1565
1607
1639
1638
1590
1609
1599
1583
1629
1563
1553
1494
1414
1394
1357
1303
1276
1221
1158
1099
1028
996
942
901
892
786
740
660
583
537
462
414
349
268
208
173
133
101
32
-19
-49
-149
-212
-240
-314
-365
-453
-537
-607
-712
-763
-834
-896
-967
-1045
-1159
-1203
-1318
-1391
-1470
-1569
-1660
-1774
-1848
-1937
-1988
-2045
-2074
-2072
-2103
-2128
-2148
-2138
-2144
-2078
-2015
-1911
-1751
-1569
-1353
-1176
-979
-772
-535
-312
-129
156
576
831
944
1095
1297
1484
1659
1769
1855
1922
1971
1988
1966
1985
1999
2012
1998
2082
1887
1881
1993
1971
1996
1944
1895
2195
1950
1540
1603
1646
1659
1592
1557
1496
1397
1368
1342
1253
1167
1083
1021
927
861
797
778
695
617
557
502
456
308
242
180
119
50
-100
-172
-270
-388
-512
-597
-710
-804
-893
-979
-1108
-1335
-1470
-1549
-1725
-1907
-2101
-2208
-2257
-2337
-2480
-2651
-2691
-2649
-2671
-2715
-2689
-2707
-2679
-2512
-2286
-2069
-1670
-1209
-956
-961
-1072
-784
-68
620
1019
1147
1299
1323
1241
1306
1503
1979
2347
2416
2193
1880
1784
1777
1930
2030
1856
1631
1498
1388
1284
1010
848
774
732
756
759
867
773
522
274
199
322
538
840
937
761
458
274
374
661
857
859
831
677
467
279
271
398
503
552
398
160
-72
-211
-272
-335
-416
-499
-601
-825
-1054
-1195
-1309
-1485
-1688
-1791
-1874
-1930
-2094
-2294
-2429
-2566
-2694
-2854
-3002
-3162
-3210
-3178
-2966
-2945
-3043
-3110
-3180
-3122
-3072
-2869
-2571
-2125
-1556
-1087
-1014
-1358
-1462
-807
338
1149
1346
1352
1441
1479
1387
1526
2182
2937
3178
2804
2263
1960
1972
2144
2276
2209
1979
1804
1623
1461
1107
812
766
901
1061
1090
1051
866
475
116
93
533
1084
1284
1078
669
387
372
602
1026
1394
1488
1227
784
535
578
832
1057
1054
953
673
375
142
16
70
68
-15
-137
-339
-645
-1030
-1267
-1253
-1206
-1299
-1475
-1696
-1927
-2230
-2496
-2613
-2564
-2603
-2740
-2902
-3111
-3249
-3394
-3353
-3138
-2969
-2851
-2981
-3090
-3023
-2912
-2544
-1972
-1249
-623
-694
-1168
-1259
-353
982
1688
1626
1516
1735
1943
1858
2015
2680
3326
3277
2648
2310
2373
2540
2502
2270
2095
1900
1820
1733
1514
1135
760
715
863
940
1037
1130
979
544
121
306
1039
1763
1754
1261
988
1011
1203
1453
1700
1898
1903
1629
1287
1221
1515
1757
1647
1328
1303
1167
1101
830
481
556
626
537
239
-80
-514
-903
-1033
-918
-797
-955
-1300
-1773
-2128
-2227
-2197
-2133
-2218
-2622
-3016
-3195
-3128
-2904
-2928
-3050
-3250
-3367
-3253
-3175
-2924
-2605
-2469
-2430
-2065
-1107
-404
-766
-1417
-953
621
1815
1722
1329
1811
2385
2159
1830
2479
3712
3964
2968
2136
2351
2841
2870
2491
2259
2197
1930
1681
1417
1206
1036
869
795
770
794
980
936
415
-83
66
881
1449
1203
673
411
550
836
925
1091
1371
1399
1098
708
775
1360
1705
1467
935
748
992
868
369
0
154
391
74
-452
-743
-819
-1093
-1521
-1632
-1395
-1406
-1924
-2372
-2635
-2715
-2881
-3090
-3104
-2990
-3083
-3528
-3987
-4191
-4023
-3821
-3673
-3666
-3792
-3794
-3828
-3774
-3496
-3164
-2401
-1425
-913
-1323
-2067
-1667
108
1551
1648
1111
1299
2047
2009
1691
2205
3409
3856
2969
2126
2326
2882
2717
2079
1821
2190
2305
1893
1372
971
779
682
681
795
1016
987
600
18
-280
166
872
1284
1072
524
355
475
786
1099
1233
1407
1438
1205
897
807
1178
1495
1345
1032
976
1119
946
266
-77
230
621
446
-177
-602
-737
-1014
-1323
-1295
-1080
-1024
-1488
-2269
-2754
-2869
-2693
-2621
-2589
-2612
-2971
-3630
-4172
-4217
-3780
-3313
-3274
-3432
-3621
-3904
-4135
-3893
-3218
-2500
-1687
-897
-790
-1716
-2336
-1193
1049
2340
1961
1318
1840
2420
2123
1906
2956
4351
4326
3090
2412
2783
3084
2659
2069
2321
2812
2536
1678
870
569
535
684
903
1136
1515
1340
159
-968
-789
707
2086
2090
1101
168
61
391
769
1557
2118
2060
1527
820
497
808
1545
1867
1455
1191
1262
1118
438
-318
-237
598
948
351
-444
-812
-1150
-1707
-1644
-944
-466
-1018
-2350
-3280
-3011
-2349
-2084
-2200
-2571
-2974
-3606
-4119
-4080
-3509
-2892
-2939
-3631
-4027
-3860
-3518
-3238
-2878
-2010
-841
-593
-1372
-1759
-722
1185
2039
1908
1781
2428
3077
2729
2443
3181
4378
4585
3826
3371
3662
3717
3057
2471
2615
3135
3046
2301
1418
975
773
937
1304
1397
1223
789
419
162
89
619
1225
1351
1024
545
678
1024
1113
1125
1421
1846
1888
1534
1177
1108
1290
1511
1418
1485
1553
1328
631
-30
65
594
825
249
-443
-608
-591
-1035
-1528
-1455
-1157
-1407
-2157
-2591
-2594
-2484
-2799
-3354
-3594
-3564
-3616
-3902
-4207
-4412
-4514
-4513
-4412
-4197
-3937
-3885
-4039
-3754
-2550
-1419
-1333
-2134
-2095
-807
800
1403
1250
1511
2113
2336
2117
2550
3643
4197
3647
2813
2853
3386
3443
2820
2249
2234
2319
1966
1385
974
712
430
171
193
288
247
107
-159
-351
-307
0
458
615
391
209
411
768
872
904
1106
1418
1417
1155
967
1167
1453
1389
1061
951
1147
1069
565
52
195
415
294
-240
-615
-529
-733
-1171
-1507
-1399
-1341
-1895
-2610
-2704
-2420
-2377
-3008
-3717
-3760
-3697
-3760
-4253
-4354
-4168
-4089
-4469
-4894
-4870
-4370
-3937
-3767
-3289
-2292
-1409
-1744
-2428
-1982
-82
1594
1745
1463
1880
2755
2859
2468
3021
4403
4915
4151
3214
3336
3808
3493
2823
2446
2673
2617
1918
1220
854
637
363
65
38
235
253
468
283
-391
-819
-138
1115
1641
1213
719
690
983
1273
1477
2129
2643
2194
1378
1174
1545
1974
1964
1603
1288
1326
1208
386
-206
2
264
-60
-578
-797
-808
-1167
-1827
-2125
-1748
-1446
-2023
-2850
-3173
-3096
-3048
-3283
-3534
-3900
-4149
-4566
-4703
-4379
-3854
-4142
-4927
-5112
-4544
-3817
-3490
-2628
-1355
-876
-1932
-2742
-1313
1441
2737
2042
1631
2526
3355
3030
2845
3925
5276
5057
3677
3118
3909
4296
3374
2313
2278
2764
2707
1894
1016
857
556
40
-212
316
965
725
-108
-727
-487
265
953
1354
1551
1511
1252
1152
1618
2126
2530
2928
3110
2873
2443
2186
2304
2452
2223
2094
2281
2338
1627
578
192
496
654
289
-103
-229
-474
-1309
-2185
-2268
-1554
-1126
-1795
-2662
-2984
-3073
-3434
-3805
-3538
-3113
-3222
-4196
-5013
-4879
-4216
-4296
-4779
-4607
-3699
-3169
-3696
-4308
-3144
-892
81
-962
-1656
-257
1869
2416
1826
2122
3659
4446
3594
2960
3933
5249
4938
3504
2994
3779
4245
3278
1904
1518
1844
1594
719
227
406
402
-166
-935
-1156
-898
-487
-44
76
62
-28
52
371
834
1376
1948
2290
2154
1749
1690
2175
2661
2702
2420
2332
2446
2217
1430
931
1091
1316
933
119
-158
-148
-549
-1464
-1908
-1498
-1153
-1716
-2663
-2972
-2641
-2575
-3270
-3818
-3712
-3410
-3670
-4281
-4347
-4121
-4284
-5063
-5415
-4969
-4286
-4446
-5057
-4916
-4148
-3851
-4372
-3925
-1815
119
-127
-1719
-1795
326
2284
2454
2279
3226
4319
3881
2620
2879
4673
5473
4473
3117
3208
3832
3328
1992
1120
1234
1325
753
196
238
243
-389
-1396
-1814
-1188
-157
661
722
242
-226
-285
302
1236
2039
2570
2735
2551
2114
1897
2313
3088
3319
3020
2685
2710
2712
2012
1127
854
1305
1404
836
150
-131
-479
-1358
-2197
-2101
-1239
-1062
-1941
-2948
-3188
-2990
-3169
-3664
-3550
-3074
-3134
-4040
-4702
-4694
-4369
-4592
-5065
-5117
-4593
-4326
-4518
-4639
-4386
-4234
-3979
-2772
-711
508
-154
-1347
-805
1225
2765
3026
3407
4533
4906
3838
2923
3802
5365
5458
4071
3247
3656
3805
2834
1522
1066
1114
692
-68
-176
214
100
-914
-1969
-2054
-1292
-223
528
667
474
94
20
540
1569
2490
2960
3109
3002
2749
2741
3113
3424
3405
3105
2961
3110
3020
2263
1312
879
950
745
331
135
68
-479
-1565
-2449
-2276
-1674
-1580
-2028
-2574
-2567
-2622
-3110
-3537
-3449
-3163
-3375
-3902
-4092
-3987
-3945
-4532
-5099
-5100
-4410
-4163
-4363
-3998
-3412
-3266
-3296
-2320
-354
996
505
-481
334
2484
3746
3597
3760
4816
5441
4662
3868
4591
5954
5863
4276
3264
3575
3818
2955
1714
1144
1054
532
-329
-599
-123
-33
-842
-1778
-2064
-1385
-298
539
787
635
391
539
1149
2052
2771
3252
3441
3416
3285
3359
3722
3929
3658
3080
2854
3153
3260
2574
1463
859
657
321
-203
-468
-372
-747
-1786
-2837
-2855
-2343
-2127
-2723
-3134
-3063
-3027
-3744
-4495
-4398
-3768
-3588
-4293
-4919
-4943
-4843
-5086
-5617
-5321
-5125
-4839
-4678
-4180
-3669
-3453
-2852
-1698
-606
-407
-582
220
1950
3039
3033
3023
3970
4865
4563
3760
4146
5200
5162
3866
2985
3294
3464
2480
1039
444
536
87
-879
-1419
-1234
-1331
-2001
-2632
-2424
-1088
-288
-389
-689
-327
87
432
1249
2142
2756
3022
2939
2895
3343
3635
3515
3538
3640
3397
3049
3097
2933
2177
1242
579
376
436
241
-474
-843
-1218
-2026
-2885
-3025
-2668
-2632
-3048
-3643
-3697
-3367
-3503
-4422
-4783
-4444
-4301
-4618
-4955
-5098
-4866
-5031
-5513
-5889
-5187
-4388
-4081
-3941
-3672
-3149
-1934
-509
137
122
197
1055
2447
3538
3935
4255
5036
5342
4659
4153
4754
5484
5183
3932
2999
3144
3208
2230
903
380
236
-424
-1333
-1471
-961
-678
-1332
-2379
-2550
-1757
-743
29
442
666
844
1096
1518
2236
3028
3447
3535
3683
3934
4230
4468
4377
3834
3261
2945
2993
3161
2862
2000
1135
593
78
-505
-782
-748
-966
-1612
-2421
-2725
-2475
-2542
-3075
-3564
-3559
-3454
-3583
-3864
-3940
-3802
-4151
-4890
-5459
-5224
-4853
-4946
-5476
-5535
-5103
-4807
-4674
-4308
-3675
-2967
-1935
-822
-69
302
734
1506
2524
3197
3641
4330
5407
5844
5307
4854
5102
5358
4857
3976
3601
3825
3536
2348
1191
820
613
-357
-1169
-1227
-856
-737
-1304
-1937
-1961
-1523
-996
-474
212
1038
1536
1774
2021
2665
3177
3617
3956
4172
4527
4887
5084
4933
4579
3987
3432
3150
3104
2760
2240
1760
1237
556
-178
-713
-1075
-1288
-1666
-2198
-2400
-2304
-2519
-3028
-3468
-3608
-3598
-3716
-3951
-4064
-3710
-3809
-4290
-4928
-5029
-4989
-5162
-5456
-5337
-4836
-4234
-3860
-3517
-3129
-2487
-1422
-582
-60
166
963
2075
3130
3574
3823
4438
5236
5317
4818
4766
5185
5310
4598
3709
3427
3445
2907
1634
676
371
-28
-842
-1498
-1594
-1428
-1770
-2450
-2872
-2158
-879
-465
-462
-324
284
746
1325
2086
2668
3195
3669
3785
4034
4389
4401
4096
3851
3711
3405
3360
3344
2693
1764
967
294
-94
-406
-1079
-1706
-1959
-2244
-2835
-3195
-3222
-3386
-3644
-4116
-4519
-4299
-3875
-4170
-4640
-4762
-4633
-4849
-5045
-5209
-5366
-5297
-5412
-5576
-5475
-4703
-4084
-3647
-3565
-2980
-1682
-351
-144
-535
79
1525
2702
2991
3305
4161
5230
5135
4271
4053
4861
5121
4186
3334
3244
3625
3173
1807
685
374
70
-851
-1671
-1643
-1174
-1183
-1866
-2513
-2365
-1649
-1143
-746
-274
331
917
1353
1856
2426
3006
3260
3352
3715
4210
4589
4699
4554
4123
3708
3339
3124
2849
2316
1624
976
669
231
-466
-1192
-1670
-2064
-2559
-2936
-3020
-2994
-3266
-3793
-4232
-4184
-3976
-4140
-4571
-4664
-4421
-4209
-4464
-4916
-5141
-5098
-5180
-5453
-5320
-4636
-3798
-3290
-3173
-2541
-1206
25
90
-396
36
1483
2829
3315
3523
4344
5312
5409
4645
4288
4820
5090
4297
3337
3197
3670
3511
2257
927
328
7
-648
-1445
-1602
-1327
-1206
-1643
-2148
-2148
-1766
-1443
-1200
-659
-6
681
1281
1859
2401
2840
3096
3267
3633
4087
4343
4573
4766
4656
4261
3812
3456
3085
2525
1833
1266
1006
699
24
-726
-1228
-1678
-2246
-2795
-3112
-3118
-3091
-3457
-3949
-3875
-3593
-3518
-4024
-4447
-4418
-4337
-4259
-4489
-4473
-4404
-4505
-4903
-4830
-4429
-3845
-3407
-2985
-2340
-1106
3
324
211
500
1547
2624
3266
3589
4156
5074
5596
5337
4991
5152
5232
4620
3741
3437
3759
3939
3167
1981
1184
765
120
-687
-1149
-1149
-1086
-1319
-1663
-1686
-1243
-847
-840
-797
-398
288
919
1388
1852
2376
2870
3162
3432
3791
4155
4275
4239
4204
4176
4126
3854
3407
2815
2201
1631
1220
818
312
-309
-936
-1407
-1872
-2305
-2796
-3223
-3388
-3627
-3871
-4030
-3989
-4007
-4172
-4556
-4709
-4775
-4824
-4964
-5217
-5182
-5136
-4985
-5067
-4878
-4375
-3670
-3190
-2657
-1552
-392
13
-301
-128
1067
2520
3087
2937
3188
4260
4999
4681
4246
4342
4577
4074
3171
2798
3132
3216
2348
1065
378
142
-214
-815
-1282
-1533
-1718
-2015
-2201
-2082
-1732
-1342
-1304
-1292
-956
-346
294
761
1052
1363
1889
2523
3017
3280
3450
3479
3512
3664
3685
3464
3254
3017
2556
1934
1467
1211
788
19
-920
-1501
-1638
-1792
-2176
-2877
-3198
-3348
-3514
-3818
-4117
-4207
-4308
-4542
-4752
-4816
-4712
-4660
-5040
-5485
-5630
-5211
-4727
-4540
-4413
-3955
-3155
-2347
-1511
-702
-256
-368
-317
462
1877
2974
3291
3476
3949
4568
4841
4733
4639
4533
4151
3672
3487
3720
3787
3154
2096
1107
554
310
109
-333
-957
-1506
-1650
-1524
-1379
-1291
-1288
-1300
-1295
-1127
-782
-201
361
689
970
1440
2075
2642
3009
3010
2814
2925
3360
3682
3626
3361
3097
2887
2541
2019
1526
1157
697
33
-613
-906
-1029
-1328
-1953
-2761
-3132
-3289
-3492
-3841
-4255
-4561
-4598
-4562
-4446
-4657
-4774
-5118
-5360
-5231
-5047
-4770
-4580
-4099
-3432
-2747
-2163
-1398
-512
-38
-205
-229
796
2234
3026
3154
3374
4120
4765
4851
4653
4617
4575
4142
3702
3794
4151
3879
2965
2119
1612
1243
693
154
-163
-478
-1014
-1420
-1281
-839
-771
-1213
-1410
-1196
-640
-262
-200
21
516
1060
1455
1816
2303
2741
2705
2535
2708
3302
3738
3660
3199
2995
3079
2894
2506
2054
1636
1010
432
88
-112
-387
-812
-1459
-2100
-2340
-2370
-2623
-3202
-3488
-3568
-3795
-4026
-4248
-4333
-4564
-4859
-4955
-4851
-4546
-4416
-4226
-3795
-3043
-2444
-1866
-1095
-426
-247
-234
178
1294
2419
2877
2921
3416
4358
4794
4711
4604
4663
4606
4186
3908
4094
4319
3910
2943
2225
2120
1980
1413
635
-70
-409
-482
-563
-608
-784
-1035
-1366
-1529
-1450
-1234
-997
-908
-827
-501
111
625
890
945
932
1002
1331
1784
2064
2225
2178
2168
2312
2381
2030
1580
1164
684
353
189
-17
-415
-827
-1345
-1769
-2078
-2393
-2784
-3497
-3741
-3919
-4157
-4332
-4648
-4866
-5190
-5312
-5316
-5214
-5185
-5169
-4906
-4265
-3441
-2731
-2119
-1770
-1504
-1160
-744
93
1122
1801
2038
2528
3452
4219
4431
4214
4034
4111
4262
4204
4134
4257
4095
3577
3012
2756
2591
2113
1222
400
65
113
71
-190
-576
-910
-1182
-1323
-1421
-1499
-1551
-1599
-1461
-1057
-582
-264
-159
-170
-50
228
510
810
1024
1369
1451
1535
1702
1675
1507
1143
712
565
610
605
410
-76
-377
-726
-1091
-1244
-1719
-2088
-2489
-2854
-3069
-3292
-3724
-4240
-4292
-4490
-4714
-4777
-4990
-5130
-5123
-4476
-3834
-3099
-2450
-2007
-1810
-1650
-1068
-206
717
1158
1444
2116
3226
4216
4509
4480
4316
4404
4561
4630
4658
4702
4653
4283
3972
3846
3706
3153
2208
1327
925
976
882
573
144
-266
-573
-821
-1032
-1347
-1665
-1874
-1738
-1372
-920
-683
-649
-739
-799
-497
-127
99
152
355
692
926
1103
1110
1056
823
551
309
333
356
223
5
-258
-392
-605
-907
-1420
-1961
-2248
-2310
-2549
-2979
-3167
-3363
-3740
-3986
-4099
-4253
-4525
-4637
-4535
-4086
-3441
-2762
-2241
-2074
-2033
-1866
-1255
-400
377
996
1425
2118
3182
4104
4423
4286
4151
4336
4719
4973
5116
5078
5020
4813
4674
4620
4430
3825
2851
2315
2086
2112
1981
1612
1038
491
29
-254
-446
-804
-1209
-1440
-1428
-952
-721
-729
-793
-981
-814
-428
-133
-342
-365
-179
380
845
956
832
466
293
81
135
312
158
40
-236
-282
-519
-763
-652
-1013
-1680
-2010
-1656
-1719
-2093
-2469
-2908
-3042
-3038
-3130
-3451
-3823
-4151
-3969
-3463
-2853
-2476
-2401
-2277
-2307
-2145
-1625
-911
-428
-273
164
1075
2157
2859
3033
2972
3017
3386
3878
4325
4424
4376
4372
4534
4577
4425
4209
3777
3228
2722
2686
2692
2398
1885
1335
936
536
93
-422
-1130
-1536
-1660
-1694
-1318
-1428
-1757
-1759
-1714
-1575
-1497
-1249
-1254
-1345
-1080
-929
-649
-197
-93
-454
-573
-430
-478
-674
-832
-867
-886
-329
-308
-807
-1267
-1759
-1481
-1422
-1642
-2142
-2279
-2010
-2178
-2595
-2836
-2892
-2877
-3164
-3600
-3850
-3460
-2937
-2670
-2694
-2748
-2537
-2212
-1981
-1958
-1815
-1318
-752
-180
439
1088
1617
1917
2043
2135
2441
2938
3381
3524
3614
3810
4130
4414
4354
4056
3759
3598
3362
3199
3029
2765
2441
2093
1682
1231
744
237
-345
-822
-1048
-1141
-837
-583
-973
-1122
-1023
-1423
-1147
-855
-999
-1289
-746
-158
-449
-435
-612
-371
-521
-216
-326
-513
-419
-489
68
-169
-322
-683
-646
-854
-1038
-1040
-1263
-1198
-1568
-1541
-1569
-1822
-1871
-2441
-2319
-2350
-2390
-2617
-2816
-2663
-2618
-2351
-2269
-2018
-2099
-2053
-2020
-1849
-1412
-1184
-750
-606
-153
199
631
1095
1283
1461
1562
2144
2537
2968
3095
3196
3342
3465
3739
3727
3800
3529
3382
3185
3092
3025
2765
2432
1856
1481
1100
829
395
-133
-250
-46
-31
-318
-493
-379
-559
-421
-514
-813
-669
-676
-229
-439
-525
-623
-125
25
-441
-591
-567
157
337
-373
-631
-482
223
410
-234
-643
-634
-316
2
-440
-614
-928
-946
-637
-1012
-1275
-1454
-1535
-1344
-1622
-1743
-1916
-2147
-1978
-1941
-1884
-1799
-1573
-1417
-1360
-1539
-1508
-1310
-902
-604
-558
-413
-21
661
1068
1268
1287
1505
1925
2224
2427
2554
2844
3055
3171
3253
3461
3516
3422
3236
2891
2795
2811
2710
2334
1751
1466
1413
1483
1108
639
205
73
110
334
350
-12
-173
-47
-74
-287
-456
-570
-400
-496
-443
-194
-53
-6
-337
-349
-59
-125
-314
-552
-468
142
250
-351
-486
-514
-155
-574
-752
-842
-886
-659
-1000
-1164
-1314
-1384
-1305
-1463
-1752
-1864
-1755
-1781
-1971
-2169
-2052
-1940
-2071
-2025
-1997
-1954
-2017
-1747
-1563
-1704
-1833
-1681
-965
-813
-772
-753
-294
101
270
466
615
897
1141
1515
1766
1912
1930
1836
1815
1723
2015
2280
2134
1683
1421
1673
1842
1618
1018
655
681
789
775
453
368
92
275
291
232
-22
-226
-274
-77
-279
100
-123
-340
-305
47
58
-163
-490
-497
-371
-99
-256
-356
-285
-166
-502
-351
-116
-632
-700
-812
-757
-627
-411
-437
-843
-1121
-872
-377
-813
-1094
-1453
-1163
-821
-1019
-1035
-1443
-1393
-1456
-1490
-1627
-1848
-1572
-1370
-1372
-1630
-1634
-1216
-1166
-1291
-1421
-1130
-805
-478
-393
-302
-13
416
682
654
632
862
1222
1333
1283
1460
1699
1805
1600
1729
1953
1849
1463
1188
1353
1735
1699
1174
802
978
1184
1200
624
671
455
749
725
684
954
399
123
474
876
678
9
-312
-117
686
541
384
-441
-289
254
137
-156
-566
-596
-78
58
-672
-557
-367
-72
-73
-563
-667
-440
66
-81
-767
-776
-215
35
-386
-1002
-608
-340
-529
-834
-1171
-1217
-977
-868
-965
-1445
-1563
-1334
-1372
-1380
-1691
-1462
-1424
-980
-1078
-1180
-1132
-788
-443
-360
-382
-220
232
601
522
470
849
1437
1364
1225
1139
1478
1638
1586
1571
1770
1865
1827
1531
1540
1620
1701
1351
1173
1393
1466
1260
1190
1188
1371
1263
739
821
1157
916
602
997
750
801
449
801
413
169
570
409
492
445
448
385
-58
100
80
413
179
-129
146
596
258
-214
90
273
225
326
-202
-364
-577
92
208
-418
-755
-528
-224
-681
-1203
-1334
-1048
-934
-1124
-1371
-1573
-1436
-1099
-1346
-1435
-1543
-1274
-1156
-1127
-1132
-832
-634
-832
-767
-294
94
-120
-351
35
511
675
544
619
789
889
782
757
778
716
825
878
890
954
1031
980
1099
681
882
927
755
337
407
928
549
691
378
428
826
472
154
-109
523
325
-97
454
283
43
-83
-360
256
-50
-233
-223
78
89
-269
-242
-157
-6
-248
-400
230
-294
-183
-304
-364
-295
-844
-170
-408
-1050
-1347
-823
-365
-984
-1757
-1259
-953
-966
-1461
-1529
-1562
-1254
-1686
-1509
-1712
-1540
-1278
-1299
-1365
-1200
-814
-954
-1103
-998
-327
-220
-825
-907
-114
481
-121
-676
-219
362
303
197
284
559
559
422
325
337
928
705
504
376
752
1009
735
190
463
723
711
342
518
691
1014
389
476
829
766
807
752
937
261
734
905
376
901
677
944
407
604
303
756
961
653
472
19
562
134
156
182
-153
-44
-69
49
-779
-191
-395
-707
-165
-782
-673
-869
-653
-847
-877
-750
-1148
-779
-1229
-753
-1152
-1103
-557
-1062
-939
-1270
-635
-687
-1083
-1122
-477
-166
-879
-767
-683
-161
179
-687
-489
-481
47
-189
-378
-398
-18
248
-63
43
30
223
52
117
243
259
560
471
529
546
777
925
489
398
553
691
842
778
785
937
728
1138
525
1382
764
1507
1086
998
1241
840
1648
864
1295
582
1112
1510
840
1187
770
1140
638
215
972
77
375
-428
561
273
-659
-326
-283
787
-808
-681
-913
-477
-287
-551
-657
-835
-83
-541
-126
-847
-845
142
-403
-488
-790
393
117
-803
-661
-275
548
-255
-680
-581
186
2
-800
40
-121
23
-424
-326
-228
-319
-5
-506
-122
-256
73
-25
-236
-268
-142
352
-119
257
574
539
330
163
682
797
733
400
577
1309
1037
741
1401
1253
1521
1674
1121
1043
1107
2077
1356
984
1533
886
1286
958
1034
687
720
895
405
833
-178
-153
104
222
-275
-1090
-363
-774
-316
-1311
-884
-1074
-1109
-723
-1430
-612
-863
-860
-850
-1419
-1275
-812
-442
-1117
-940
-863
-544
-486
-1000
-696
-902
-742
-944
-1082
-630
-780
-649
-841
-927
-1150
-973
-635
-1229
-1019
-1073
-683
-895
-1246
-1116
-680
-821
-1333
-834
-519
-430
-874
-487
-309
-129
55
-200
146
223
324
358
662
512
949
860
981
1024
1057
1154
1254
1532
1262
1028
1094
1580
1449
1340
1069
727
1240
1095
572
834
1187
467
149
144
126
508
9
-1131
-659
401
-682
-1008
-837
-316
-885
-1972
-899
-546
-917
-1244
-1271
-664
-352
-1197
-1478
-716
232
-438
-994
-958
-257
-311
-766
-944
-348
-179
-731
-781
-736
-346
-821
-642
-786
-650
-767
-656
-717
-1206
-713
-690
-754
-1096
-873
-420
-810
-778
-500
-569
-53
-448
-332
27
209
216
513
867
682
555
786
1338
1014
1552
1514
1480
1581
1792
1340
1342
1457
1498
1470
1287
1736
1199
1547
779
784
1470
917
35
103
855
736
-83
407
-120
-775
-1228
333
697
-1317
-2089
652
-460
-1436
-1129
-1058
580
-1705
-1405
-676
227
-312
-2393
-154
498
-630
-1632
-722
279
-195
-1371
-1196
220
-251
-650
-1537
-362
-329
-1094
-1006
-1162
-470
-240
-982
-1402
-608
87
-658
-1160
-398
149
164
-192
277
289
403
142
490
743
849
1000
1057
1337
1404
1623
1541
1770
1700
1580
1626
1985
1628
2162
1387
1860
1961
941
1449
1505
1920
1572
1255
1564
1006
568
419
1622
1344
921
-844
-318
1434
842
216
-1235
47
446
-602
-509
-515
335
-822
-169
-96
-785
-618
-1262
-524
-378
-776
-593
-551
-942
-885
-819
-759
-700
-1033
-636
-1097
-929
-975
-656
-858
-746
-747
-1431
-806
-1095
-239
-930
-930
-446
-617
-667
-924
-58
-327
-539
-430
232
635
-56
258
832
1155
673
552
894
1046
1473
1130
1114
1210
1486
1190
1409
1712
1119
894
1581
1392
1198
1139
637
811
642
1018
191
-291
911
652
-393
-870
531
71
-1040
-59
322
-1005
-1575
160
-988
-265
-908
-1696
-222
-1149
-1274
-1763
-744
-215
-939
-1389
-1980
-629
-1102
-1155
-1577
-1302
-1261
-1150
-1113
-1894
-1225
-1933
-1494
-1231
-935
-1281
-2055
-1302
-1153
-272
-1155
-1141
-888
-915
-820
-679
383
-385
-438
219
763
567
124
612
734
839
976
1525
1563
1318
1631
1546
1669
1820
1665
1103
1413
1717
1964
1736
1028
1100
873
1371
811
367
620
403
400
765
471
407
-260
-49
431
-562
523
128
-732
77
-941
-63
-1160
-1151
-518
-859
-321
-1103
-598
-1162
-834
-1038
-1653
-1407
-946
-618
-2042
-1724
-571
-1548
-1629
-1857
-1158
-1333
-1459
-1572
-1299
-1234
-1714
-1668
-1327
-279
-720
-902
-919
-191
-55
-77
320
55
361
182
1101
1143
999
1040
1083
1474
1347
1898
1791
1693
1489
2060
2442
2099
1854
1411
1708
1550
1866
1675
1473
1122
1119
1184
1204
1189
214
342
610
980
660
479
0
-293
317
-445
331
349
-497
-1031
-562
362
-841
-788
-1626
-1414
-182
-807
-1483
-1986
-744
-1375
-1868
-1349
-982
-1965
-2363
-1849
-1376
-1616
-2025
-2213
-1940
-1479
-1202
-1416
-1801
-1546
-1142
-501
-146
-247
-145
-129
40
866
1381
1301
1007
1475
2081
2303
2150
2323
2389
1921
2065
2775
3214
2510
2013
2172
2751
2616
2273
2236
1698
1702
2080
2271
1872
1037
897
1276
1241
1713
1132
902
610
140
1364
869
32
315
364
287
223
369
-646
-1115
-481
-236
-545
-747
-791
-1251
-1212
-1368
-1251
-1351
-2316
-1766
-1796
-2330
-2329
-2637
-2454
-2651
-2758
-2853
-2645
-2529
-2829
-2843
-2001
-2229
-2545
-1814
-1113
-1017
-1370
-684
40
472
471
762
1484
1795
2062
2105
2441
2294
2446
2790
2721
2827
2962
3293
2893
2600
2445
2734
2780
2155
1954
1822
1765
1570
1382
1165
907
580
274
398
726
356
561
-353
-341
98
111
-164
-582
161
3
-682
-891
-85
-983
-2187
-1620
-1002
-1378
-1835
-2269
-2569
-2032
-2941
-2939
-2634
-3544
-3326
-3655
-2742
-3193
-4301
-3987
-4085
-3283
-3523
-3111
-3087
-2779
-2007
-1850
-1377
-1850
-1149
-606
-29
665
1132
1799
1601
1943
2235
2859
2925
2735
2968
3367
3872
3761
3792
3240
2753
2651
3021
3281
2918
2612
2193
1768
1651
1776
1302
621
435
1060
1338
539
543
290
305
178
532
653
-10
271
-119
392
225
-449
-760
-980
-659
-1141
-1236
-1372
-1665
-2044
-3204
-3000
-2657
-3666
-4047
-4124
-4052
-4325
-4498
-4885
-4266
-3888
-4078
-4157
-3049
-2268
-2333
-2667
-2122
-883
-113
-246
-49
1104
1914
2126
2196
2791
3107
3042
3107
3321
3874
3938
3892
3717
3636
3356
2782
2657
2736
3083
2643
2055
1651
1590
1561
913
581
495
920
672
554
768
744
438
241
583
882
1225
951
367
777
502
74
-367
-533
-705
-1055
-1345
-1497
-1263
-2279
-2944
-3563
-3665
-3475
-4797
-5181
-4963
-5369
-5230
-4673
-3906
-4326
-4355
-3355
-2897
-2730
-2461
-1552
-489
235
508
1031
2182
2565
2615
2717
3606
4402
4343
4199
4199
4765
4522
4235
4090
3886
3383
2649
2830
3199
3240
2168
1282
1269
1379
1110
496
452
553
600
508
814
944
175
-293
172
1090
1315
1304
1012
1061
787
702
1067
-14
-304
-624
-535
-446
-1016
-1921
-3369
-3864
-4192
-4367
-4662
-5206
-5253
-5281
-4608
-4062
-3873
-3767
-3861
-3613
-3013
-1631
-791
-144
174
520
1428
2324
3057
2975
2950
3468
4261
4706
4557
4438
4239
3888
3898
4327
4201
3102
2102
2344
3083
2848
1792
982
706
660
571
419
327
-55
-339
-270
168
403
44
-402
-266
351
714
544
169
-203
-490
-358
-59
-485
-960
-1401
-2150
-2468
-2599
-3375
-4295
-5140
-5747
-5854
-5854
-6168
-6443
-5541
-4798
-4335
-4123
-4276
-4170
-3837
-2635
-1126
26
511
969
2061
2771
2947
2889
3112
3876
4383
4755
5114
5177
4460
3741
3662
3669
3271
2633
2424
2756
2633
1727
813
333
113
-195
-77
121
-4
-267
-676
-656
-426
-378
-411
-242
341
791
855
589
267
-52
-330
-268
-400
-642
-982
-1601
-2066
-2694
-3763
-4712
-5134
-5611
-6266
-6362
-5829
-5074
-4495
-4276
-4511
-5099
-5046
-4103
-2614
-1111
-183
206
634
1502
2431
2570
2444
2826
3877
4867
5121
5081
4754
4040
3340
3356
3931
3815
2996
2242
2348
2664
2011
863
119
106
266
486
641
491
-53
-644
-688
12
628
644
490
698
1266
1402
1061
697
391
191
175
179
-197
-861
-1687
-2590
-3094
-3535
-4232
-5158
-5975
-6503
-6570
-5798
-4666
-4038
-4243
-4866
-5137
-4336
-2994
-1725
-544
148
784
1531
2365
3003
3032
3204
3707
4728
5581
5729
5377
4528
3830
3568
3687
3790
3313
2405
1777
1793
1709
975
-89
-701
-663
-312
-56
-27
-425
-1178
-1614
-1127
-122
424
387
268
631
1034
965
887
758
556
364
355
374
-23
-762
-1737
-2414
-2794
-3281
-4094
-4932
-5621
-5808
-5196
-4223
-3506
-3531
-3888
-4257
-3915
-3066
-1944
-518
726
1262
1495
2064
2935
3401
3476
3756
4640
5803
6002
5544
5140
4758
4262
3926
4011
4098
3519
2545
2191
2183
1662
539
-220
-91
300
186
-113
-215
-580
-1103
-1185
-616
107
424
385
360
631
783
668
474
247
130
14
-261
-663
-1114
-1805
-2688
-3391
-3950
-4488
-5219
-6027
-6383
-5542
-3931
-3281
-3718
-4448
-4632
-3959
-2952
-1715
1
1483
1766
1560
1879
3000
3846
3909
4007
5026
6195
6243
5518
4709
4271
4009
3781
3973
4159
3545
2128
1311
1315
1116
307
-597
-787
-425
-345
-839
-1210
-1481
-1701
-1624
-1047
-132
240
20
-290
-264
92
300
332
-61
-391
-567
-891
-1314
-1675
-2205
-3107
-3927
-4661
-5160
-5817
-6468
-6208
-4774
-3637
-3930
-4715
-5040
-4519
-3692
-2827
-1389
521
1386
1010
899
1832
3081
3505
3545
4267
5460
5801
4998
4377
4208
4038
3706
3673
4073
3801
2375
1086
1028
1223
701
-277
-634
-292
-302
-955
-1522
-1504
-1506
-1628
-1307
-661
41
-78
-619
-772
-403
-5
19
-205
-596
-816
-1148
-1557
-1901
-2327
-3076
-3988
-4583
-4993
-5477
-5937
-5437
-4038
-3333
-3803
-4350
-4080
-3221
-2720
-2108
-511
1594
2274
1714
1572
2578
3813
4176
4304
5209
6223
6113
5154
4657
4759
4568
4013
3939
4320
3986
2427
1230
1297
1471
809
-111
-282
81
-232
-1208
-1685
-1405
-1267
-1482
-1447
-791
-249
-605
-1236
-1175
-559
-186
-441
-832
-1076
-1346
-1672
-2183
-2552
-2889
-3603
-4411
-5031
-5494
-5944
-5917
-5002
-3839
-3905
-4641
-4660
-3667
-2726
-2543
-1903
65
1827
2013
1428
1945
3431
4200
4092
4540
5938
6622
5698
4736
5001
5472
5095
4450
4548
4856
3893
2337
2085
2738
2457
1067
313
811
1170
319
-733
-654
-156
-371
-940
-644
176
226
-521
-928
-423
-13
-289
-965
-1349
-1420
-1514
-2068
-2630
-3070
-3797
-4473
-5319
-5907
-6192
-6039
-5347
-4336
-4213
-4993
-5247
-4479
-3431
-2778
-2107
-621
1111
1600
1218
1379
2807
3860
4204
4622
5700
6554
5983
4930
4862
5461
5610
5224
5025
5158
4452
2991
2510
3142
3265
2218
1223
1341
1776
1168
-35
-310
264
379
-74
-78
590
802
92
-615
-194
545
428
-278
-945
-1148
-1146
-1641
-2235
-2516
-3107
-4149
-5070
-5674
-5758
-5315
-4627
-3890
-4182
-5214
-5284
-4041
-2850
-2651
-2388
-852
823
1043
281
763
2469
3207
2944
3242
4750
5642
4560
3305
3696
4657
4495
3781
3869
4243
3291
1543
1407
2613
2706
1208
80
573
1222
567
-435
-200
593
404
-459
-270
655
792
-137
-759
-42
667
321
-560
-1201
-1285
-1422
-2005
-2428
-2502
-3269
-4661
-5859
-6310
-5901
-5161
-4663
-4451
-5035
-5788
-5497
-4121
-3127
-2915
-2563
-1155
207
372
216
1006
2343
2620
2521
3304
4800
5194
4032
3301
3957
4663
4340
3800
3950
3822
2601
1528
2045
3051
2505
855
110
645
931
216
-395
-119
95
-325
-839
-307
492
339
-524
-883
-281
127
-265
-1073
-1467
-1425
-1540
-2047
-2412
-2596
-3465
-4937
-5942
-5730
-4494
-3683
-3653
-4398
-5265
-5166
-4049
-2799
-2131
-1831
-1211
-185
68
242
1033
2399
2881
2467
2718
3932
4858
4228
3316
3568
4190
4080
3566
3665
3661
2611
1340
1443
2545
2650
1358
265
328
649
352
-79
159
423
-42
-582
-357
471
757
225
-220
-32
398
358
-222
-811
-998
-1099
-1430
-1750
-2002
-2664
-3910
-5149
-5428
-4652
-3576
-3115
-3778
-4999
-5225
-4163
-2713
-2073
-1947
-1441
-518
-201
-242
677
2352
3099
2517
2295
3363
4547
4326
3589
3831
4379
4168
3475
3556
4041
3437
2140
1688
2343
2470
1470
498
467
732
297
-319
-329
-15
-313
-961
-1006
-433
31
-226
-637
-606
-362
-530
-1051
-1249
-1131
-1124
-1522
-2022
-2468
-2917
-3535
-4102
-3991
-3384
-2686
-2482
-3377
-4226
-3728
-2338
-1316
-1163
-984
-95
564
249
260
1563
3225
3495
2660
2820
4016
4571
3959
3641
4386
4765
4050
3192
3468
3991
3450
2386
2302
2799
2395
1267
726
1085
1201
526
45
348
514
-128
-766
-614
-60
-101
-496
-508
-238
-332
-1051
-1491
-1395
-1294
-1520
-2068
-2600
-3063
-3645
-4192
-4203
-3716
-3024
-2734
-3427
-4455
-4344
-3037
-1664
-1162
-1211
-813
-152
-135
-137
991
2616
3135
2396
2042
2902
3960
3831
3454
3855
4295
3742
2819
2875
3673
3593
2619
2234
2595
2392
1345
587
837
1135
430
-294
-71
275
-230
-1004
-962
-417
-393
-838
-1081
-797
-911
-1666
-2140
-2016
-1721
-1870
-2371
-2866
-3438
-4136
-4598
-4336
-3670
-3044
-3090
-3731
-4526
-4468
-3357
-1969
-1119
-1013
-922
-632
-598
-419
591
2050
2730
2253
1739
2144
3011
3143
2994
3267
3606
3132
2292
2175
2784
2880
2163
1706
1898
1843
1068
525
728
935
442
-149
-18
321
21
-630
-797
-457
-369
-674
-830
-579
-781
-1503
-1965
-1923
-1644
-1727
-2205
-2752
-3267
-3829
-4244
-4114
-3442
-2824
-2892
-3453
-4233
-4033
-2941
-1605
-767
-640
-831
-839
-554
88
1237
2362
2945
2639
2199
2244
2823
3379
3674
3779
3600
3040
2572
2539
2992
3090
2550
1847
1526
1392
1128
954
876
759
253
-209
-126
166
92
-347
-618
-589
-481
-469
-392
-381
-786
-1390
-1754
-1663
-1476
-1518
-1833
-2347
-2950
-3517
-3731
-3452
-2925
-2647
-2805
-3295
-3881
-3748
-2765
-1409
-530
-636
-1117
-1172
-706
-10
1030
2085
2688
2302
1642
1631
2546
3436
3605
3495
3286
2866
2347
2346
2975
3287
2675
1727
1469
1536
1379
1026
917
962
450
-194
-186
342
374
-283
-780
-707
-474
-518
-559
-453
-668
-1366
-1846
-1716
-1401
-1402
-1885
-2442
-2836
-3213
-3292
-2873
-2366
-2252
-2591
-3048
-3320
-3051
-2073
-696
200
210
-474
-675
-41
849
1778
2714
3366
3045
2115
1884
2905
3912
3953
3515
3360
3210
2747
2284
2765
3293
2557
1432
1209
1725
1720
1006
500
504
250
-311
-276
434
619
-118
-788
-629
-255
-232
-277
-107
-209
-799
-1301
-1192
-846
-820
-1284
-1747
-2093
-2387
-2390
-1972
-1631
-1682
-2080
-2471
-2790
-2763
-1829
-423
341
-73
-816
-798
-142
420
1185
2224
3003
2550
1681
1823
2776
3185
2822
2828
3426
3466
2643
2229
2560
2418
1453
922
1458
1896
1272
331
39
-53
-620
-958
-413
289
-73
-975
-1342
-1210
-1177
-1326
-1128
-720
-837
-1404
-1699
-1607
-1511
-1704
-1753
-1619
-1861
-2166
-2178
-1973
-1967
-2258
-2360
-2285
-2337
-2131
-1406
-517
-388
-981
-1270
-686
4
427
1062
1836
2041
1513
1169
1767
2634
2748
2434
2563
2870
2495
1837
1765
2017
1775
1108
924
1229
1024
178
-464
-530
-678
-1124
-1246
-819
-697
-1261
-1820
-1923
-1746
-1721
-1687
-1375
-1161
-1433
-1856
-1935
-1771
-1693
-1715
-1654
-1552
-1706
-1704
-1601
-1446
-1380
-1535
-1518
-1460
-1267
-835
-274
-80
-336
-605
-274
443
955
1366
1745
1919
1585
1297
1700
2494
2877
2719
2616
2598
2305
1869
1871
2194
2124
1587
1036
945
784
251
-173
-279
-415
-807
-1079
-972
-914
-1220
-1614
-1682
-1629
-1612
-1588
-1340
-1138
-1320
-1523
-1523
-1427
-1462
-1425
-1219
-1133
-1364
-1498
-1303
-1065
-1011
-1124
-1067
-962
-991
-858
-423
-69
-42
-213
-149
263
619
877
1185
1522
1591
1451
1554
1960
2302
2389
2292
2300
2298
2182
2022
1986
1920
1631
1264
1019
894
602
312
33
-246
-561
-771
-864
-928
-977
-1184
-1328
-1398
-1408
-1396
-1343
-1145
-1090
-1244
-1449
-1471
-1358
-1323
-1264
-1119
-1082
-1239
-1339
-1226
-1058
-1025
-967
-723
-606
-577
-440
-121
147
185
269
511
833
1078
1315
1602
1789
1778
1786
1992
2164
2398
2464
2412
2374
2145
1970
1936
1843
1550
1235
981
799
535
302
128
-49
-259
-454
-613
-724
-639
-773
-824
-838
-834
-842
-736
-667
-718
-809
-772
-738
-775
-770
-731
-685
-719
-713
-633
-549
-502
-374
-305
-291
-279
-100
131
219
344
557
790
854
986
1152
1320
1422
1480
1649
1790
1794
1745
1747
1744
1640
1572
1518
1417
1302
1046
825
644
446
240
134
127
-41
-318
-443
-463
-673
-781
-739
-664
-696
-886
-861
-722
-705
-780
-711
-639
-631
-687
-667
-620
-698
-713
-668
-665
-737
-758
-704
-772
-756
-727
-566
-472
-403
-236
-171
-65
-64
47
249
381
481
583
675
714
703
775
839
880
914
856
778
753
609
505
532
481
306
103
-20
-36
4
-5
-213
-564
-698
-634
-602
-666
-876
-941
-872
-878
-879
-924
-980
-1019
-1033
-981
-928
-935
-948
-862
-858
-877
-931
-874
-721
-688
-583
-562
-564
-515
-427
-341
-221
-125
-89
35
137
365
418
426
538
530
520
625
776
805
722
630
587
481
369
417
458
459
338
218
116
-17
-70
-149
-142
-178
-146
-166
-260
-379
-438
-449
-523
-524
-528
-420
-448
-608
-638
-592
-576
-611
-523
-446
-463
-559
-536
-409
-434
-435
-392
-270
-221
-207
-155
-121
-111
-21
86
128
102
116
192
254
248
361
379
385
376
372
440
482
456
446
440
394
401
388
313
273
276
282
184
93
89
75
44
-57
-91
-70
-67
-141
-205
-185
-228
-306
-349
-243
-279
-331
-373
-318
-306
-328
-318
-375
-340
-377
-290
-243
-214
-170
-152
-94
-96
-61
-52
26
160
195
179
146
236
239
279
342
428
399
320
380
365
377
333
383
456
465
359
287
315
359
350
315
332
321
226
176
135
334
382
270
253
257
232
153
163
178
154
67
110
123
59
-43
-101
-63
-21
-103
-143
32
-28
-76
-69
7
110
205
136
33
109
292
351
406
451
530
607
681
696
722
768
824
836
806
774
752
704
673
630
607
587
546
546
511
421
398
367
260
205
84
63
66
75
61
14
-27
-80
-190
-170
-104
-130
-172
-194
-175
-181
-218
-261
-284
-261
-248
-302
-265
-240
-274
-324
-309
-300
-328
-332
-287
-211
-204
-240
-225
-129
-44
-68
-16
45
92
54
64
70
0
18
36
62
42
136
234
235
250
171
146
132
27
53
76
83
47
-43
-27
-73
-117
-100
-55
-50
-92
-183
-247
-209
-203
-291
-338
-263
-203
-220
-259
-366
-519
-601
-607
-581
-519
-603
-684
-702
-737
-760
-784
-738
-716
-700
-727
-728
-703
-654
-581
-489
-418
-447
-386
-308
-245
-179
-107
-31
-29
-51
-40
21
42
21
39
69
173
208
190
231
210
197
187
195
191
158
148
190
178
130
93
105
119
60
47
26
