384
324
345
308
282
282
261
278
305
270
132
262
306
323
316
311
355
294
226
148
231
339
366
324
273
309
308
345
364
371
390
383
397
368
365
357
357
343
347
356
351
373
328
331
263
295
272
214
232
141
112
128
102
101
96
94
70
62
74
57
45
45
35
19
49
11
4
5
14
26
-7
7
-4
15
20
23
35
15
11
9
42
9
7
1
4
11
-17
-14
-36
-67
-118
-131
-231
-277
-239
-227
-180
-234
-146
-113
-170
-132
-142
-141
-160
-178
-175
-201
-226
-200
-249
-242
-236
-280
-277
-291
-310
-325
-340
-368
-321
-283
-314
-322
-317
-265
-200
-201
-273
-389
-361
-305
-298
-284
-283
-280
-282
-263
-251
-249
-258
-260
-249
-238
-194
-229
-213
-212
-208
-199
-235
-230
-225
-204
-211
-203
-192
-200
-200
-208
-172
-197
-218
-184
-190
-121
-38
-62
-60
-94
-88
-93
-126
-112
-141
-134
-121
-195
-197
-192
-208
-198
-217
-203
-218
-223
-219
-231
-242
-257
-250
-261
-226
-280
-281
-290
-288
-285
-283
-266
-255
-242
-238
-220
-217
-188
-194
-196
-157
-205
-181
-173
-206
-203
-226
-216
-221
-204
-206
-209
-221
-235
-235
-231
-182
-225
-198
-165
-191
-163
-129
-81
-45
-23
4
36
77
138
201
249
348
361
421
478
523
574
610
669
723
759
794
815
826
875
867
864
880
827
821
802
764
770
737
698
657
603
537
477
422
326
278
170
121
-3
-100
-169
-282
-370
-471
-555
-686
-770
-876
-983
-1062
-1154
-1239
-1308
-1349
-1458
-1529
-1597
-1654
-1667
-1703
-1692
-1726
-1731
-1727
-1710
-1658
-1536
-1376
-1207
-1061
-1023
-893
-681
-526
-351
-190
172
542
634
736
853
1046
1279
1417
1476
1591
1600
1698
1714
1741
1806
1838
1865
1886
1862
1681
1841
1900
1932
1873
1785
1772
1715
1646
1508
1465
1494
1509
1392
1270
1241
1233
1222
1177
1119
1044
975
953
863
807
737
642
583
549
520
452
391
275
192
47
-52
-128
-272
-328
-532
-683
-787
-927
-1026
-1153
-1295
-1447
-1600
-1723
-1863
-1981
-2024
-2072
-2110
-2145
-2215
-2257
-2271
-2201
-2109
-2031
-1890
-1753
-1583
-1396
-1237
-1043
-833
-627
-377
-151
9
232
441
620
789
944
1122
1237
1283
1276
1328
1322
1323
1402
1440
1510
1432
1456
1439
1388
1409
1360
1333
1255
1148
1063
988
903
871
747
657
607
490
453
397
340
309
244
167
135
120
74
15
1
29
59
65
-8
-149
-144
-109
-125
-149
-199
-246
-303
-361
-408
-474
-562
-669
-747
-828
-896
-1050
-1176
-1325
-1465
-1580
-1735
-1860
-1993
-2120
-2245
-2331
-2440
-2522
-2559
-2582
-2566
-2632
-2635
-2555
-2470
-2281
-2009
-1835
-1634
-1486
-1320
-1098
-887
-599
-362
-126
146
312
491
688
860
1044
1231
1349
1406
1473
1539
1586
1638
1654
1676
1633
1609
1519
1464
1436
1367
1351
1320
1259
1168
1062
975
938
883
817
746
702
704
617
568
550
511
479
448
425
366
327
314
318
330
328
332
325
367
297
276
269
214
193
146
102
24
-24
-110
-170
-278
-383
-465
-599
-675
-867
-998
-1135
-1287
-1438
-1588
-1742
-1907
-2039
-2159
-2261
-2378
-2426
-2492
-2532
-2538
-2596
-2562
-2463
-2349
-2166
-1984
-1781
-1590
-1403
-1169
-923
-665
-419
-168
87
373
506
681
900
1099
1297
1415
1506
1565
1632
1695
1753
1777
1795
1766
1734
1743
1663
1618
1590
1561
1552
1498
1405
1309
1250
1172
1134
1045
995
977
932
935
870
817
836
809
783
736
792
901
848
854
867
843
832
819
803
826
739
711
683
614
567
465
403
332
323
76
38
23
-104
-213
-378
-482
-690
-897
-1145
-1306
-1365
-1495
-1693
-1916
-2059
-2140
-2207
-2274
-2327
-2360
-2374
-2348
-2332
-2265
-2133
-1979
-1798
-1587
-1379
-1237
-987
-749
-484
-200
38
368
560
745
885
1081
1308
1570
1690
1768
1844
1866
1943
2033
2082
2061
2068
1992
1977
1934
1862
1880
1846
1796
1752
1620
1530
1480
1427
1380
1271
1186
1155
1046
978
979
900
902
877
812
761
691
661
647
638
553
462
374
236
236
239
251
143
110
99
-62
-156
-210
-249
-338
-535
-776
-955
-1105
-1196
-1362
-1564
-1782
-2113
-2383
-2672
-2914
-3133
-3294
-3478
-3594
-3633
-3734
-3781
-3760
-3681
-3539
-3356
-3120
-2850
-2447
-2023
-1820
-1682
-1333
-817
-240
266
617
989
1262
1425
1557
1675
1998
2302
2490
2531
2402
2312
2249
2156
2043
1882
1686
1584
1447
1272
1052
813
649
514
407
252
109
64
214
237
155
87
82
181
232
255
298
426
577
647
694
760
843
926
1026
1144
1194
1238
1280
1235
1203
1148
1102
1047
1012
896
730
528
339
177
-16
-251
-490
-686
-900
-1160
-1449
-1694
-1958
-2220
-2442
-2726
-2939
-3149
-3434
-3664
-3868
-3918
-3951
-3957
-3894
-3798
-3662
-3598
-3528
-3290
-2758
-2138
-1512
-1167
-1099
-969
-518
229
917
1388
1686
1999
2231
2294
2357
2561
2983
3262
3226
3037
2794
2685
2625
2461
2236
2001
1783
1636
1425
1129
850
549
372
188
26
-47
-116
-102
-111
-215
-291
-201
12
180
291
325
471
652
803
866
963
1187
1388
1544
1631
1730
1776
1830
1781
1711
1688
1666
1638
1508
1351
1105
877
651
430
232
-20
-323
-642
-944
-1273
-1583
-1879
-2169
-2432
-2755
-3058
-3382
-3672
-3940
-4159
-4305
-4304
-4191
-4045
-4100
-4168
-4103
-3799
-3384
-2860
-2224
-1596
-1282
-1232
-1115
-519
450
1342
1858
2046
2327
2438
2726
2993
3272
3738
4029
4007
3695
3411
3179
3098
2990
2783
2565
2315
2136
1898
1559
1175
836
638
573
529
403
330
231
96
-60
-151
47
395
683
744
739
790
1025
1196
1185
1383
1634
1908
2013
1971
1973
2026
2081
1995
1951
2026
2048
1904
1622
1282
1016
900
709
516
220
-98
-427
-857
-1290
-1668
-1942
-2143
-2400
-2746
-3143
-3592
-3947
-4066
-4320
-4558
-4795
-4950
-4884
-4663
-4506
-4450
-4517
-4494
-4185
-3554
-2661
-1896
-1516
-1528
-1520
-889
324
1298
1850
2070
2227
2426
2482
2641
3109
3609
3847
3528
3080
2954
2856
2759
2445
2054
1832
1636
1421
1100
770
411
20
-254
-333
-229
-113
-238
-655
-953
-1001
-801
-418
-83
91
62
86
227
433
585
733
1002
1354
1597
1605
1586
1637
1713
1695
1640
1694
1818
1819
1525
1085
749
614
570
439
182
-144
-488
-935
-1414
-1739
-1749
-1848
-2162
-2613
-2990
-3350
-3589
-3936
-4413
-4748
-4803
-4730
-4721
-4850
-5003
-4912
-4756
-4521
-4366
-3952
-2982
-2038
-1555
-1696
-1802
-1112
230
1223
1655
1783
2157
2691
2849
2841
3144
3793
4228
4076
3548
3369
3431
3388
3025
2438
2209
2244
2142
1724
1146
640
400
188
-4
-41
-14
50
-187
-613
-786
-641
-173
278
322
244
337
575
793
822
898
1323
1738
1930
1894
1788
1946
2033
1958
1832
1854
2087
2153
1781
1224
888
811
829
643
347
58
-282
-708
-1280
-1665
-1814
-1915
-2190
-2570
-2956
-3324
-3692
-4140
-4555
-4730
-4691
-4622
-4741
-4983
-5114
-5012
-4745
-4479
-4189
-3742
-2786
-1889
-1455
-1651
-1652
-834
590
1618
1903
2063
2466
2992
3073
2988
3414
4159
4559
4147
3523
3376
3520
3357
2818
2320
2263
2335
2030
1468
896
557
350
78
-72
114
290
297
-22
-422
-519
-213
336
767
827
829
977
1126
1279
1295
1528
1995
2497
2492
2370
2376
2489
2632
2496
2388
2413
2580
2421
1850
1335
1182
1213
1103
720
378
200
-97
-587
-1197
-1594
-1551
-1627
-2026
-2608
-2949
-3187
-3531
-4086
-4497
-4590
-4625
-4702
-5030
-5061
-4762
-4461
-4558
-4754
-4602
-3776
-2506
-1567
-1387
-1669
-1384
-377
817
1539
1911
2341
2900
3182
3113
3218
3876
4502
4462
3922
3539
3727
3818
3383
2636
2201
2208
2096
1665
1165
919
585
197
-290
-481
-288
-84
-108
-502
-768
-651
-289
17
20
101
459
959
1130
1110
1193
1494
1921
2169
2227
2240
2375
2464
2290
1930
1857
2046
2079
1799
1147
796
664
441
16
-406
-602
-774
-1137
-1778
-2296
-2462
-2470
-2767
-3278
-3658
-4071
-4421
-4849
-5257
-5453
-5629
-5796
-5954
-5907
-5689
-5355
-5235
-5180
-5085
-4455
-3171
-2092
-1718
-1934
-1673
-433
992
1597
1714
2032
2826
3377
3297
3333
3999
4714
4676
3808
3315
3641
3891
3419
2626
2200
2206
2020
1373
814
531
368
34
-467
-617
-621
-619
-814
-1095
-1173
-840
147
879
664
-66
-238
430
1426
2092
2281
2234
2149
2120
1967
2023
2506
2988
3062
2582
2148
2038
2054
1794
1111
638
794
997
525
-218
-886
-1258
-1597
-1977
-2191
-2230
-2289
-2674
-3458
-4159
-4448
-4385
-4486
-4750
-4944
-5070
-5240
-5798
-6105
-5718
-4804
-4251
-4159
-4247
-3696
-2545
-1849
-1657
-1642
-711
784
1909
2164
2119
2489
3169
3421
3389
3848
4710
5213
4716
3746
3375
3543
3607
3109
2426
2185
2129
1668
909
282
67
-10
-261
-580
-686
-679
-791
-993
-1248
-1154
-354
603
824
340
55
495
1294
1916
2258
2333
2487
2684
2564
2433
2641
2987
3223
3049
2630
2462
2448
2306
1678
900
762
905
754
184
-518
-929
-1161
-1716
-2189
-2463
-2269
-2293
-2907
-3806
-4123
-4105
-4083
-4502
-5155
-5258
-5252
-5355
-5716
-5560
-4899
-4215
-4288
-4475
-4190
-2772
-1316
-801
-1105
-957
391
1774
2488
2659
3113
3804
4258
3991
3890
4638
5443
5460
4559
3886
3960
4205
3834
2948
2318
2181
1988
1319
723
395
250
-79
-713
-1069
-974
-682
-595
-837
-1046
-929
239
1133
999
347
405
1204
2113
2636
2839
2954
3000
3097
2808
2896
3423
3765
3619
3077
2715
2650
2612
2199
1421
827
947
898
287
-329
-908
-1262
-1739
-2328
-2709
-2651
-2474
-2843
-3823
-4575
-4628
-4619
-4744
-5249
-5722
-6005
-6197
-6412
-6315
-5882
-5177
-4871
-4962
-4897
-3931
-2396
-1433
-1357
-1276
-327
1245
2235
2317
2434
3058
3899
4079
3812
4268
5010
5178
4373
3297
3244
3652
3441
2521
1636
1407
1297
586
-260
-573
-564
-693
-1506
-2087
-1894
-1564
-1525
-1891
-2184
-1743
-531
288
291
-134
42
755
1507
2179
2594
2847
3068
3048
2863
2973
3392
3679
3622
3164
2836
2785
2721
2395
1538
860
727
678
285
-265
-854
-1173
-1569
-2255
-2717
-2912
-2844
-2999
-3680
-4186
-4433
-4430
-4626
-5190
-5736
-5842
-5960
-6080
-6279
-6187
-5674
-5097
-4801
-4747
-4557
-3558
-2109
-1370
-1224
-1091
-11
1474
2458
2582
2751
3337
4123
4244
4044
4454
5149
5322
4576
3666
3575
3886
3526
2470
1615
1439
1364
667
-131
-491
-502
-752
-1414
-1850
-1671
-1379
-1466
-1673
-1393
-544
-76
-144
-180
264
1004
1626
2117
2610
2962
3109
3126
3187
3431
3711
3775
3742
3736
3639
3310
2882
2547
2192
1761
1297
979
782
465
-175
-986
-1498
-1771
-2133
-2595
-2900
-2879
-3076
-3640
-4322
-4510
-4523
-4667
-5186
-5436
-5692
-5931
-6388
-6644
-6296
-5411
-4606
-4549
-4613
-4382
-3221
-2049
-1299
-1015
-488
601
1868
2579
2920
3380
3921
4289
4195
4171
4764
5473
5484
4653
3834
3652
3642
3112
2326
1675
1588
1311
545
-239
-535
-637
-892
-1371
-1665
-1284
-944
-869
-1113
-1177
-813
271
1233
1481
1226
1421
2048
2634
3242
3738
3927
3913
4202
4031
3946
4159
4305
4041
3611
3247
2970
2821
2580
1842
938
606
427
-9
-494
-920
-1252
-1739
-2370
-3014
-3344
-3326
-3396
-3893
-4337
-4595
-4804
-5083
-5674
-6267
-6531
-6400
-6245
-5739
-5074
-4345
-4268
-4487
-4082
-2795
-1412
-723
-576
63
1470
2716
3085
3136
3700
4433
4645
4317
4525
5382
5890
5324
4216
3630
3656
3430
2691
1958
1571
1354
704
-183
-655
-851
-1041
-1553
-2037
-2035
-1658
-1229
-1031
-1046
-1111
-878
-531
-138
443
1094
1860
2293
2568
2776
2970
3238
3506
3644
3765
3916
4028
4024
3601
3014
2528
2219
2009
1563
1094
795
434
-79
-800
-1496
-1954
-2237
-2598
-3075
-3395
-3432
-3555
-3994
-4616
-5022
-5285
-5440
-5723
-5894
-6156
-6551
-6951
-7211
-6703
-5842
-5063
-4887
-4766
-4042
-2789
-1894
-1620
-1372
-555
986
2168
2684
3015
3644
4260
4240
3826
3946
4712
5269
4989
4145
3771
3695
3284
2305
1381
1111
1013
548
-194
-635
-740
-917
-1609
-2307
-2351
-1949
-1481
-1309
-1171
-844
-452
-209
19
353
983
1778
2288
2701
3045
3415
3639
3611
3560
3607
3718
3830
3887
3686
3348
2896
2430
2013
1515
1081
713
445
142
-450
-1063
-1529
-1908
-2412
-2969
-3305
-3374
-3471
-3763
-4123
-4481
-4681
-4937
-5488
-6010
-6277
-6386
-6444
-6538
-6141
-5475
-4726
-4367
-4266
-3699
-2529
-1511
-1230
-916
2
1625
2801
3222
3266
3731
4478
4660
4270
4347
5072
5531
5134
4231
3769
3821
3424
2362
1305
967
944
436
-360
-826
-896
-1053
-1668
-2320
-2272
-1717
-1288
-1217
-1049
-621
-160
92
315
774
1521
2217
2606
2913
3358
3790
3965
3934
3889
3958
4025
4029
3869
3639
3327
2834
2305
1856
1446
903
400
-40
-452
-905
-1404
-1887
-2360
-2768
-3251
-3583
-3753
-3771
-3959
-4409
-4819
-5032
-5154
-5442
-5952
-6218
-6328
-6124
-5765
-5115
-4277
-3626
-3114
-2518
-1782
-1297
-912
-290
820
2228
3080
3633
4098
4660
5081
4912
4596
4742
5122
5144
4860
4609
4586
4271
3299
2128
1366
1091
763
208
-184
-301
-446
-834
-1459
-1887
-1923
-1775
-1568
-1238
-787
-128
430
741
876
1149
1763
2264
2678
3119
3570
3978
4319
4406
4304
4167
4040
3879
3703
3507
3192
2877
2526
2043
1338
724
276
-221
-764
-1325
-1738
-2029
-2385
-2819
-3351
-3752
-3994
-4328
-4546
-4781
-4937
-5117
-5499
-5897
-6283
-6393
-6497
-6482
-6130
-5321
-4397
-3834
-3338
-2645
-1705
-1254
-1194
-776
443
2004
2871
3291
3753
4470
4861
4528
4086
4153
4515
4488
4041
3727
3748
3603
2760
1547
691
220
-216
-861
-1290
-1345
-1397
-1704
-2104
-2382
-2412
-2393
-2574
-2643
-2118
-787
411
792
620
784
1285
1785
2223
2632
3066
3634
4170
4410
4411
4358
4062
3519
3034
2815
2636
2583
2458
1896
1108
455
-177
-836
-1512
-2061
-2575
-2823
-2990
-3307
-3800
-4213
-4312
-4725
-5189
-5634
-5756
-5888
-6080
-6457
-6715
-6594
-6396
-6032
-5629
-4831
-4033
-3269
-2343
-1510
-971
-676
-76
763
1893
2835
3482
4030
4567
4944
4927
4813
4865
4839
4549
4150
3862
3803
3631
2961
2095
1371
706
41
-699
-1166
-1359
-1540
-1814
-2122
-2238
-2086
-1988
-2006
-1981
-1807
-1398
-773
-116
553
1132
1672
2090
2418
2791
3089
3407
3755
4107
4353
4500
4534
4414
4120
3647
3090
2580
2298
1978
1478
930
446
18
-534
-1231
-1972
-2488
-2948
-3380
-3821
-4009
-4034
-4244
-4590
-5017
-5358
-5582
-5766
-6100
-6458
-6650
-6571
-6316
-5612
-4655
-3702
-3138
-2375
-1747
-1180
-956
-549
317
1611
2771
3475
4000
4726
5300
5253
4810
4566
4611
4719
4465
4194
4151
4082
3521
2479
1511
806
203
-515
-1085
-1366
-1357
-1431
-1646
-1879
-1991
-1972
-1971
-2013
-1859
-1486
-860
-109
769
1378
1792
2141
2450
2750
3018
3370
3695
4146
4543
4715
4649
4559
4316
3887
3280
2790
2343
2219
1965
1442
942
531
-23
-764
-1565
-2308
-2691
-2982
-3229
-3574
-3719
-3946
-4220
-4775
-5150
-5388
-5495
-5798
-6302
-6528
-6309
-5650
-4893
-4142
-3424
-2596
-1729
-1113
-870
-637
-9
1091
2269
3109
3706
4453
5153
5429
5209
4893
4846
4859
4690
4432
4302
4276
4077
3410
2412
1550
802
117
-515
-1066
-1296
-1325
-1416
-1542
-1646
-1749
-1842
-1976
-1992
-1823
-1423
-675
42
579
988
1328
1758
2122
2369
2497
2702
3135
3576
3854
3952
3841
3662
3408
2883
2384
2048
1890
1627
1117
683
305
-44
-675
-1469
-2287
-2831
-3214
-3506
-3826
-4082
-4357
-4653
-5100
-5640
-5970
-6443
-6814
-7411
-7484
-7278
-6467
-5528
-4623
-4049
-3271
-2488
-1873
-1565
-1307
-616
565
1840
2807
3510
4295
5036
5257
5006
4689
4586
4677
4550
4322
4206
4136
3980
3383
2464
1495
664
-118
-740
-1255
-1493
-1570
-1631
-1668
-1804
-2000
-2156
-2282
-2249
-2143
-1734
-1125
-314
436
963
1251
1464
1844
2148
2339
2392
2699
3164
3605
3787
3692
3533
3368
3000
2358
1861
1565
1423
1146
681
241
-184
-673
-1339
-2107
-2807
-3196
-3539
-3855
-4170
-4344
-4465
-4759
-5304
-5951
-6425
-6675
-6921
-7162
-6948
-6155
-4979
-3960
-3152
-2390
-1709
-1345
-1147
-793
109
1383
2529
3422
4188
5053
5698
5875
5625
5190
4866
4708
4686
4749
4794
4650
4219
3542
2724
1827
845
33
-601
-1035
-1297
-1285
-1110
-1010
-1218
-1641
-1972
-2091
-1946
-1685
-1360
-887
-309
415
984
1261
1421
1560
1738
1854
1989
2291
2793
3141
3194
3031
2897
2804
2381
1847
1279
943
752
590
279
-79
-535
-1080
-1699
-2220
-2655
-2999
-3398
-3768
-4173
-4415
-4729
-5237
-5821
-6313
-6662
-6973
-7018
-6647
-5785
-4878
-4162
-3419
-2502
-1668
-1334
-1152
-589
475
1731
2702
3597
4547
5667
6250
6293
6138
5939
5787
5621
5513
5438
5454
5338
4924
4190
3365
2475
1624
837
193
-438
-728
-605
-595
-594
-807
-1213
-1568
-1807
-1921
-1741
-1305
-715
-124
455
923
1249
1439
1572
1649
1712
1918
2275
2731
3019
3052
2921
2753
2499
2103
1643
1237
925
702
544
297
-29
-471
-1057
-1525
-2025
-2580
-2932
-3222
-3475
-3831
-4139
-4637
-5139
-5633
-6124
-6548
-6770
-6637
-6163
-5310
-4423
-3704
-2959
-2329
-2027
-1887
-1343
-411
758
1749
2639
3603
4651
5470
5760
5787
5702
5536
5479
5544
5649
5638
5484
5144
4646
3950
3176
2190
1300
571
-124
-458
-527
-516
-702
-1052
-1412
-1820
-2086
-2226
-2263
-2103
-1808
-1363
-777
-255
77
211
354
441
523
676
982
1304
1525
1749
1845
1785
1628
1373
1013
671
236
-145
-337
-467
-727
-1112
-1446
-1754
-2158
-2637
-3083
-3421
-3721
-4021
-4226
-4428
-4811
-5422
-5849
-6233
-6448
-6498
-6208
-5638
-4971
-4161
-3396
-2891
-2693
-2523
-2015
-1225
-390
375
1264
2272
3455
4319
4902
5216
5267
5260
5201
5318
5457
5549
5589
5519
5219
4743
4080
3308
2601
1785
1089
666
556
448
184
-218
-686
-1083
-1409
-1636
-1867
-1930
-1835
-1554
-1103
-662
-354
-220
-103
-23
45
190
451
669
838
1067
1244
1323
1238
1025
719
396
132
-106
-176
-270
-426
-794
-979
-1309
-1522
-1693
-2147
-2315
-2685
-3011
-3283
-3561
-3892
-4422
-4627
-4793
-5020
-5327
-5243
-4918
-4356
-3751
-3295
-2937
-2849
-2593
-2139
-1535
-903
-344
368
1235
2233
2976
3475
3857
4144
4331
4382
4584
4865
5106
5211
5163
5081
4945
4662
4171
3614
2991
2483
2188
2035
1851
1422
1025
613
219
-108
-436
-728
-958
-1165
-1194
-979
-763
-671
-672
-600
-512
-410
-313
-280
-274
-195
-35
66
359
321
340
103
-286
-144
-189
48
-240
-467
-337
-613
-827
-1131
-1160
-1366
-1703
-1816
-1809
-2041
-2339
-2904
-2899
-2843
-3561
-3752
-3860
-3589
-3386
-3429
-3117
-2799
-2299
-2261
-2222
-2255
-1952
-1092
-494
-95
252
895
1707
2343
2536
2651
2933
3319
3737
4039
4316
4445
4526
4648
4778
4764
4515
4169
3883
3653
3363
3195
3049
2831
2414
1934
1590
1349
1063
700
291
26
-53
-148
-149
-290
-569
-820
-825
-699
-452
-393
-562
-687
-532
-337
-347
-350
-239
-364
-510
-170
9
-31
-316
-497
-236
-376
-72
-909
-1635
-761
-537
-1155
-1566
-1635
-1624
-1804
-2407
-2906
-3158
-2756
-2960
-3161
-3348
-3547
-3424
-3300
-2794
-2771
-2835
-2869
-2715
-2208
-1692
-1219
-1241
-947
-391
314
782
899
1206
1546
1984
2112
2299
2670
3038
3101
2963
3105
3346
3517
3367
3135
3016
3002
2915
2736
2516
2150
1830
1468
1275
1022
746
518
144
-123
-288
-304
-599
-692
-944
-764
-771
-790
-481
-849
-538
-926
-943
-610
-689
-481
-718
-392
-641
-303
-63
-520
-576
-1076
-333
-652
-978
-1143
-1245
-640
-573
-1302
-1547
-1306
-1677
-2180
-2213
-2034
-2242
-2560
-2217
-2447
-2346
-2388
-3002
-3079
-2657
-2191
-2190
-1916
-1783
-1732
-1585
-1294
-1100
-1119
-1008
-755
-207
294
746
1051
1327
1508
1520
1643
1821
2043
2078
2273
2483
2782
3085
3174
3138
2847
2679
2471
2360
2200
1945
1694
1535
1593
1511
1353
981
546
161
363
100
144
369
-13
92
115
419
372
64
-363
-747
-140
-197
-129
142
-207
104
-104
72
-46
-489
-738
-832
-472
-219
-566
-830
-580
-424
-721
-1050
-1603
-1483
-1419
-1723
-2262
-1772
-1085
-1379
-1753
-2159
-1825
-1603
-1854
-2306
-2441
-1925
-1474
-1311
-1404
-1266
-998
-1002
-1274
-1470
-1279
-928
-542
-442
-319
39
556
859
774
633
641
877
1128
1337
1497
1751
1963
2144
2222
2084
1968
1897
1887
1806
1663
1752
1908
1915
1653
1368
1285
1266
1382
1199
1135
1150
1192
1300
1130
1159
1108
823
829
763
859
729
403
639
874
942
790
169
178
311
-89
163
-90
-412
-266
-302
-341
-408
-642
-513
-613
-1134
-992
-902
-1019
-1047
-900
-653
-502
-920
-982
-816
-986
-849
-958
-947
-803
-835
-632
-1036
-1071
-1012
-1161
-1145
-1152
-879
-885
-941
-1078
-1071
-957
-830
-714
-794
-696
-442
8
305
422
508
525
720
757
861
1020
1230
1290
1318
1516
1709
1889
1754
1505
1279
1260
1486
1574
1557
1373
1283
1481
1351
1586
1339
1052
787
645
1037
1124
887
574
551
756
626
413
138
-18
-155
-35
-19
-199
-398
-502
-318
-886
-1110
-900
-707
-897
-1620
-1118
-866
-856
-764
-1299
-1068
-1022
-979
-999
-717
-912
-1025
-762
-324
-323
-742
-1068
-1205
-638
-746
-1283
-1433
-1403
-1433
-1640
-1598
-1545
-1726
-2104
-2084
-1694
-1572
-1675
-1939
-1812
-1586
-1391
-1129
-1079
-1033
-909
-452
-126
-30
109
329
532
420
533
784
1133
1049
899
1224
1516
1726
1602
1547
1299
1228
1499
1664
1387
1089
1048
1394
1651
1210
1112
1304
904
690
582
944
896
358
57
304
680
109
-174
-361
-381
-377
-261
-671
-262
-469
-468
-410
-684
207
-439
-187
-723
-218
586
-72
181
-477
378
275
310
-160
-419
316
-146
25
-766
-425
-59
-550
-799
-1337
-900
-1265
-1356
-1668
-1730
-1597
-1653
-1424
-1944
-1942
-2039
-1577
-1550
-1711
-1536
-1550
-1134
-1300
-978
-722
-564
-466
-500
15
185
449
458
585
744
854
1099
1076
1119
1045
1228
1141
1189
1645
1648
1412
1045
1093
1457
1663
898
514
975
825
865
581
719
362
327
307
325
241
117
165
-314
-10
346
412
162
373
-206
558
525
64
466
332
796
324
618
921
178
802
140
839
640
284
603
-399
344
142
557
-307
-475
-60
-639
-32
-1159
-713
-657
-855
-858
-1506
-1202
-1268
-894
-1788
-1695
-1414
-1131
-1416
-1887
-1254
-1237
-720
-1186
-1140
-866
-736
-470
-797
-451
-198
431
323
57
371
767
1114
683
685
879
1385
1292
1032
1174
1237
1272
889
813
1271
1264
954
573
457
942
1051
484
233
130
692
930
-85
157
246
670
570
539
617
644
1172
681
857
659
1344
905
1048
907
949
1378
691
889
525
1148
1012
572
-266
619
795
203
-68
-678
348
-207
-351
-1035
-716
-8
-1165
-750
-1776
-1181
-1064
-1646
-1570
-2014
-1382
-1614
-1367
-1687
-1694
-1417
-1659
-1509
-1862
-1362
-1270
-1141
-1393
-1295
-847
-898
-723
-1146
-620
-538
-645
-913
-675
-114
-404
-503
-511
65
-45
-276
-303
-164
38
-369
-416
-470
-279
-235
-410
-485
-196
5
-124
-98
-335
56
239
240
-21
375
485
833
785
552
924
766
1031
987
959
1227
1504
1195
992
1292
1077
1018
683
455
1039
604
941
168
411
133
455
201
-316
-213
-985
70
-864
-710
-583
-940
-732
-1636
-667
-1263
-1065
-1231
-1307
-970
-1466
-781
-1443
-1037
-1085
-939
-848
-1291
-429
-813
-583
-1054
-765
-375
-982
-639
-737
-492
-814
-687
-454
-643
-246
-958
-836
-1136
-643
-666
-1009
-978
-1025
-539
-888
-589
-1016
-724
-563
-699
-493
-568
-65
-201
-67
311
576
577
159
783
1012
1177
1021
1126
1490
1548
1857
1577
1792
1629
1689
1359
2130
1565
1713
1287
1554
1584
602
1492
556
1160
144
274
688
348
83
-699
143
-324
-213
-1072
-607
-329
-1133
-677
-1490
-320
-393
-1075
-1296
-990
-186
-802
-529
-1181
-316
173
-634
-553
-123
-432
-694
-412
-281
-197
-760
-561
-617
-277
-650
-937
-857
-1306
-984
-1073
-1026
-1398
-1324
-838
-1234
-1293
-1543
-960
-997
-1302
-1116
-500
-70
-954
-495
131
306
-44
78
639
734
691
1157
1511
1331
1291
1761
1993
1802
1701
2233
2365
2017
2163
2321
2472
2097
1982
1924
2065
1675
1753
1551
1729
1381
507
1299
1267
676
-24
213
684
416
91
-250
-241
216
15
-440
-712
-154
307
-727
-866
76
541
-543
-819
-40
557
-313
-957
19
220
241
-702
-494
337
-187
-1041
-676
-170
-601
-1058
-1131
-1028
-988
-1560
-1475
-1267
-1666
-1640
-1636
-1526
-1726
-1612
-1188
-1590
-1624
-1280
-1009
-1232
-1196
-610
-364
-332
-477
-109
307
107
135
539
806
843
1023
1264
1502
1461
1686
1373
1731
1789
1532
1852
1411
1655
1499
1543
1476
1315
1213
654
810
1057
1071
-39
287
581
269
69
-763
185
579
-512
-1042
-634
368
-915
-1048
-630
-789
-162
-603
-805
-546
-516
-318
-692
-447
-134
-714
-144
-539
-750
-596
-1018
-686
-927
-837
-1066
-1373
-1126
-1669
-1679
-1979
-1069
-1854
-2329
-1959
-1807
-1455
-2562
-2113
-1716
-1543
-1661
-1824
-1104
-1405
-1099
-1134
-810
-592
-659
-50
42
158
93
636
682
570
814
894
1466
1182
1461
1417
1368
1609
1332
1782
1564
1715
1339
1708
1906
1094
1483
1103
1283
1230
1070
1348
498
920
646
834
639
65
491
22
563
22
-233
-81
-208
375
-16
413
-258
-444
411
-72
38
-741
-801
53
299
-111
-677
-567
-702
-653
-666
-1077
-583
-1042
-1369
-941
-815
-1466
-2001
-1535
-1704
-1391
-2326
-2175
-1310
-1852
-1882
-2197
-1341
-1403
-1551
-1499
-1663
-788
-733
-497
-1106
-278
150
-3
172
-97
1017
625
696
766
1019
1506
944
1204
1539
1888
1529
1319
1901
1512
1542
1688
1941
1490
950
1806
1415
799
942
1079
1100
403
483
948
866
270
-263
1398
96
612
138
-190
697
-334
214
-625
473
160
-35
345
-1188
564
408
696
-242
-767
693
-430
-326
-857
156
-292
-1741
-876
-864
-554
-2107
-1333
-513
-1496
-1709
-1972
-1351
-1770
-1914
-1498
-1837
-1454
-1732
-999
-985
-1486
-898
-704
-236
-753
-84
533
299
629
704
1409
1002
978
1304
1487
1643
1505
2196
2096
1926
1863
2380
2488
1526
1931
2003
2467
1983
1858
1446
1626
1517
664
1226
1209
904
677
892
1549
626
513
357
1021
749
-410
-90
306
1002
-171
-322
-376
609
-14
-1330
-55
213
281
-979
-485
454
-62
-995
-1025
-784
-719
-1431
-1638
-1200
-1255
-1218
-2182
-2484
-1847
-1906
-2414
-2859
-2044
-1857
-2338
-2672
-1600
-1127
-1778
-2464
-1890
-617
-1148
-1492
-896
14
-46
-131
394
362
411
358
993
1196
1149
1121
1350
2068
1727
1690
1439
1547
1159
1813
1954
930
1677
1489
1463
1047
1342
841
-22
653
662
1582
844
-449
1384
514
356
-834
-97
216
-424
-185
-836
226
-374
-412
-1208
-884
-276
-1190
-1032
-953
-1222
-1461
-461
-1206
-2506
-1396
-1069
-1111
-2077
-1771
-1115
-1118
-1939
-2477
-2072
-2129
-1800
-2949
-2245
-1521
-1679
-1818
-1910
-1248
-2098
-1613
-759
-330
-566
-848
405
510
485
472
881
1195
980
1050
1531
2067
1627
1805
1979
2138
2010
1905
1621
1557
1824
2013
2095
1766
1750
1324
1621
1143
1234
983
443
1475
1175
1581
17
835
1219
436
1000
-125
489
-36
488
1089
-989
-287
-113
-56
-1519
-1528
-546
-1083
-1595
-2016
-602
-1986
-2853
-2406
-2831
-2191
-2536
-3156
-2781
-2515
-2644
-3362
-3370
-2681
-2435
-2482
-2261
-1489
-1355
-1721
-1475
-927
-248
39
-194
38
1117
1599
1475
1283
1706
2285
2047
2027
2253
2736
2435
2129
2574
2738
2276
1672
1668
1598
1777
1669
1397
1447
1455
1385
951
842
955
879
561
994
1338
773
314
717
1048
390
71
350
1146
708
253
610
1054
534
-233
8
364
-828
-1559
-364
-590
-843
-2353
-2145
-2122
-2183
-2625
-4025
-2922
-3435
-4025
-4546
-3547
-3011
-4128
-3194
-2298
-1823
-2452
-2971
-2194
-1427
-332
-169
224
450
1118
2000
2252
2426
2428
2893
3187
3314
3706
4115
3974
3457
3408
3991
3930
3049
2352
2405
2892
2512
2335
2073
1633
1058
734
949
800
577
526
947
506
813
1163
768
377
-81
469
665
1129
708
-51
48
927
172
-855
-271
-722
-1312
-1950
-545
-1069
-2854
-2878
-2596
-2445
-3469
-4159
-4169
-4073
-5005
-5074
-4358
-4205
-4376
-4130
-2879
-3411
-4445
-4026
-2495
-1437
-1930
-1481
-145
895
912
841
1689
2149
2176
2086
2984
3875
3791
3489
3186
3574
3796
3430
2785
2491
2744
2890
2504
2210
2082
1700
819
516
778
671
711
97
182
636
520
504
-65
276
272
320
658
565
1131
226
-204
-71
18
-601
-1299
-1394
-1053
-1856
-2263
-2485
-2621
-3778
-4421
-3912
-4957
-4985
-6201
-6240
-5724
-5464
-4002
-3576
-3732
-5029
-4957
-2988
-2283
-2095
-2406
-1261
347
1382
1835
1549
1807
1724
2036
2687
3672
4509
4072
3347
3388
4375
4530
3175
1881
1787
2810
3353
2669
2223
1855
1162
413
249
908
737
-27
-188
491
1242
878
116
-372
242
933
1362
1349
1378
1145
689
723
698
134
-610
-901
-1179
-781
-1209
-2146
-2872
-4082
-4686
-5130
-5047
-5550
-6961
-7084
-5459
-3028
-2877
-4429
-6070
-5788
-3535
-2124
-2279
-2606
-1092
782
1509
1577
1895
2388
1901
1604
2932
5363
6323
4796
3103
3494
5265
5441
3357
1823
2411
3606
3641
2719
2389
1864
321
-769
-8
1249
634
-694
-1278
-265
946
536
-754
-1413
-607
660
1524
1364
915
218
92
267
324
281
-601
-1055
-1039
-1140
-1441
-2271
-3226
-5026
-5673
-5072
-5201
-5729
-5952
-4680
-2865
-2783
-4878
-6181
-4552
-2408
-1859
-2568
-1532
1100
2176
1506
1211
2506
3328
2777
2485
4181
6518
6373
4331
3353
4493
5499
4236
2470
2666
3992
4080
2998
2388
2362
1472
-64
-7
1348
1940
747
-423
-8
825
536
-244
-242
328
855
1187
1682
1546
727
-49
-123
105
452
-142
-1045
-1121
-1572
-2372
-3489
-3998
-5225
-6169
-6276
-6188
-5006
-3576
-3032
-3961
-5999
-6147
-4763
-2662
-1826
-2344
-1411
621
2254
2008
1398
1798
2435
2822
3419
5142
6610
5875
3947
3294
4658
5691
4285
2524
2711
4107
4199
2766
1996
1806
755
-557
-160
1569
1803
-132
-1523
-673
749
428
-953
-933
175
852
893
919
717
-106
-771
-649
-24
145
-322
-857
-1726
-2370
-3061
-3740
-4857
-6063
-6796
-6434
-4857
-3167
-2344
-4169
-6550
-6881
-4815
-2426
-2116
-2715
-2118
297
2060
1621
777
511
1248
2026
3099
4875
6072
5043
2632
1874
3537
4731
3238
1376
1805
3542
3528
1730
734
699
-178
-1497
-815
1528
1999
-564
-2541
-1470
532
409
-1175
-1227
398
1734
1384
786
658
173
-651
-805
249
873
198
-1203
-2208
-2551
-3005
-3670
-4956
-6565
-7259
-6013
-3299
-1557
-2313
-5185
-7040
-6073
-3595
-1636
-1087
-1045
-117
1236
2246
2615
2150
1526
1504
2988
5544
7504
7025
4347
2446
2929
4813
5077
3477
2588
2996
3521
2614
1485
875
-303
-1708
-1764
328
1896
428
-2415
-3291
-1545
-144
-726
-1530
-1030
113
572
411
202
-147
-854
-1458
-911
405
536
-945
-2645
-3443
-3573
-3743
-4684
-5996
-6401
-4989
-3228
-2335
-2734
-4649
-5832
-5176
-3399
-1098
336
576
531
969
1981
2708
2761
2314
2702
4393
5974
6822
6128
4278
2930
3008
4437
5201
4390
3170
2732
2753
2024
1139
673
155
-228
-296
584
1225
106
-1800
-2557
-1398
-23
273
-93
-229
185
211
74
95
-134
-429
-704
-542
-251
-659
-1947
-3408
-4277
-4672
-4853
-5427
-6423
-6578
-5589
-3577
-1861
-3441
-6575
-7332
-4646
-801
529
-20
247
1610
2328
1932
2454
3798
4436
4246
4687
7155
8716
6553
3136
2371
4828
6534
5541
3931
3856
3964
2442
1021
1575
2074
658
-1150
-406
1816
1652
-1177
-3201
-2068
81
626
75
-53
264
-83
-678
-228
445
429
-435
-904
-425
-145
-937
-2510
-3872
-4583
-4373
-4552
-5522
-5924
-5421
-4033
-2209
-2410
-4151
-5654
-5511
-3206
-444
1202
1659
1516
1393
1546
2553
3354
3798
4141
4595
5966
7020
6384
4560
3063
3379
4572
4939
4468
4042
3450
2102
889
804
1302
1145
121
-254
381
574
-393
-1786
-2145
-1400
-408
37
87
57
-464
-1071
-1200
-880
-496
-741
-1102
-1358
-1695
-2415
-3655
-4976
-5979
-6374
-6679
-6703
-6129
-5394
-4300
-3563
-4680
-6376
-6571
-4156
-1264
-479
-928
-21
2247
3131
1853
1373
3005
4910
5154
4853
6281
7462
5788
2932
2927
5634
6349
4213
2838
3960
4353
2025
225
1111
2186
1006
-571
197
1497
439
-2028
-2601
-754
467
-41
-559
-100
206
-649
-1310
-888
-364
-805
-1645
-1605
-1335
-1877
-3426
-4975
-5786
-6318
-6600
-6634
-6236
-5748
-5308
-4381
-4360
-5684
-6742
-5677
-2647
-284
-79
1
738
1282
1012
1247
3175
4883
4904
4264
5116
6518
5583
3375
2879
4611
5754
4751
3671
3794
3537
1654
536
1623
2689
1940
440
227
913
542
-640
-919
-64
633
620
766
1278
992
-4
-411
294
964
617
-215
-807
-1012
-1612
-2594
-3483
-4308
-5314
-6157
-6183
-5409
-4815
-4549
-4213
-4549
-5622
-6134
-4814
-2187
-553
-823
-896
347
1563
1231
815
1987
3968
4621
3966
4121
4970
4379
2802
2541
4213
5224
3983
2554
2705
2963
1530
283
1005
2146
1813
446
104
718
337
-862
-1014
233
1109
765
340
741
1078
398
-172
142
594
357
-411
-873
-1082
-1814
-3143
-4149
-4570
-5104
-5499
-5271
-4718
-4472
-4001
-3889
-4390
-5125
-4858
-2598
-7
566
-90
341
1752
2521
2157
2466
4424
5808
5259
4538
5100
5482
4405
3167
3757
5323
5107
3428
2537
2502
1942
751
675
1664
1851
603
-448
-196
0
-629
-1035
-412
580
690
194
136
350
289
201
473
802
647
-65
-672
-925
-1474
-2418
-3229
-3740
-4343
-4700
-4492
-3979
-3862
-3630
-3428
-3615
-4391
-4701
-3030
-336
897
367
128
1121
2035
1851
1901
3384
4955
4942
4136
4444
4993
4512
3250
2913
3900
4230
3402
2655
2541
2023
997
520
1011
1379
590
-456
-573
-189
-98
-526
-602
-125
179
64
-49
127
210
-89
-334
-266
-252
-411
-959
-1664
-2279
-2967
-3597
-4336
-4851
-4886
-4409
-4013
-3841
-3460
-3519
-4209
-5072
-4513
-2213
52
497
-53
192
1126
1591
1455
1994
3485
4326
3870
3567
4111
4330
3603
2559
2626
3413
3391
2592
2026
1583
835
198
387
1111
1044
-157
-1082
-949
-524
-596
-992
-849
-275
-99
-336
-393
-282
-466
-875
-1033
-760
-585
-996
-1999
-2719
-3046
-3582
-4476
-5258
-5139
-4544
-4118
-4291
-3899
-2874
-2873
-4010
-4340
-2504
167
1173
559
655
1836
2586
2267
2535
4071
5324
4780
3713
4150
5044
4837
3514
2836
3404
3618
2813
2214
2237
1783
470
-288
356
1220
663
-817
-1242
-556
-100
-610
-862
-349
-42
-420
-708
-124
482
95
-899
-1336
-1036
-979
-1615
-2429
-2955
-3672
-4636
-5241
-4928
-4259
-4247
-4664
-4256
-3211
-3089
-4059
-4281
-2473
-45
835
488
702
1786
2312
2105
2616
4242
5371
4726
3760
4046
5039
4987
3796
3145
3424
3505
2794
2306
2349
1883
574
-216
466
1297
616
-876
-1272
-475
-11
-442
-581
-26
164
-303
-529
217
732
122
-814
-986
-599
-676
-1549
-2400
-2849
-3555
-4483
-4711
-4296
-3875
-4059
-4126
-3339
-2773
-3538
-4352
-3328
-921
656
410
127
1114
2121
2066
2056
3339
4854
4837
3800
3680
4813
5144
3998
3243
3867
4314
3431
2445
2545
2642
1393
181
549
1631
1304
-376
-1236
-539
-83
-748
-1067
-159
389
-161
-762
-184
703
417
-508
-744
-275
-471
-1334
-1872
-2034
-2589
-3813
-4458
-3747
-2935
-3190
-3643
-3154
-2391
-2761
-3642
-2933
-639
963
632
203
1140
2392
2432
2119
3173
4888
5128
4092
3717
4739
5260
4222
3274
3763
4253
3337
2235
2473
2903
1859
225
112
1205
1020
-570
-1446
-744
-287
-1128
-1677
-803
-19
-764
-1647
-1161
-59
-173
-1235
-1545
-1088
-1088
-1815
-2323
-2443
-2926
-3972
-4370
-3629
-3044
-3269
-3436
-2672
-2220
-3053
-3843
-2711
-294
811
202
102
1287
2136
1765
1757
3189
4453
4024
2985
3260
4550
4562
3159
2582
3375
3428
2254
1688
2368
2375
635
-839
-140
1058
343
-1367
-1679
-752
-855
-1941
-1981
-855
-532
-1605
-2201
-1311
-478
-1044
-1998
-1984
-1459
-1751
-2439
-2730
-2945
-3675
-4392
-4209
-3575
-3508
-3745
-3084
-2177
-2657
-3885
-3451
-1129
675
413
-119
711
1824
1643
1329
2607
4350
4417
3095
3010
4641
5293
3947
2928
3661
4275
3330
2286
2984
3721
2231
-22
-111
1375
1417
-207
-1104
-481
-361
-1695
-2402
-1419
-547
-1346
-2508
-2272
-1334
-1391
-2253
-2578
-2271
-2415
-2966
-3231
-3146
-3499
-4093
-4143
-3615
-3400
-3474
-2808
-1798
-1844
-2957
-3013
-1168
883
1178
667
1202
2214
2212
1815
2709
4330
4692
3568
3088
4356
5092
3875
2721
3273
4087
3338
2175
2558
3359
2258
137
-134
1335
1673
220
-828
-277
-44
-1245
-2034
-1045
114
-420
-1740
-1884
-1160
-1167
-1980
-2238
-1864
-1952
-2628
-3117
-3162
-3399
-3843
-4107
-3874
-3665
-3421
-2661
-1900
-2253
-3332
-3126
-1415
263
636
609
1305
1927
1562
1399
2604
4182
4400
3532
3649
4868
4811
3368
2786
3745
4340
3423
2689
3403
3739
2103
314
563
1790
1610
242
-246
191
-240
-1527
-1791
-654
12
-742
-1771
-1730
-1390
-1605
-2044
-2002
-1721
-2015
-2618
-3065
-3165
-3274
-3367
-3342
-3340
-3521
-3139
-2155
-1623
-2238
-2788
-1998
-585
295
379
883
1970
2181
1527
1721
3217
4302
3951
3592
4540
5269
4282
2950
3416
4768
4767
3551
3360
4107
3548
1743
1102
2200
2760
1578
368
537
722
-249
-1278
-855
-25
-270
-1151
-1462
-1241
-1545
-2244
-2391
-2051
-2039
-2576
-3011
-3219
-3416
-3499
-3456
-3317
-3547
-3511
-2781
-1914
-1924
-2637
-2567
-1378
-371
-187
154
1157
1790
1209
706
1682
3200
3589
3135
3425
4126
3690
2382
2237
3618
4380
3524
2691
2901
2855
1717
731
1199
2110
1640
414
26
296
-100
-1065
-1200
-563
-444
-1139
-1613
-1521
-1640
-2209
-2606
-2413
-2141
-2340
-2765
-3095
-3354
-3476
-3406
-3187
-3279
-3412
-2998
-2280
-1918
-2160
-2305
-1581
-733
-631
-527
249
1194
1221
687
837
1915
2544
2485
2702
3217
3100
2020
1497
2393
3340
3052
2366
2284
2291
1531
704
980
1770
1613
640
160
225
-70
-685
-829
-420
-321
-898
-1299
-1238
-1261
-1640
-1976
-1844
-1732
-1955
-2282
-2410
-2623
-2893
-2991
-2766
-2618
-2882
-2827
-2276
-1772
-1786
-2059
-1867
-1158
-761
-611
-89
634
1016
825
674
1298
2135
2549
2681
2836
2832
2405
1956
2265
3138
3533
3135
2463
2204
2093
1699
1420
1633
1834
1390
680
314
274
35
-435
-626
-492
-467
-850
-1172
-1243
-1319
-1575
-1893
-1979
-1895
-1853
-1993
-2226
-2339
-2308
-2336
-2400
-2439
-2336
-1929
-1592
-1521
-1476
-1277
-885
-549
-444
-178
306
757
994
1098
1378
1816
2019
2090
2219
2347
2294
2163
2292
2668
2870
2523
2039
1818
1838
1752
1555
1504
1352
994
442
156
127
71
-153
-528
-704
-710
-746
-1008
-1264
-1360
-1354
-1431
-1601
-1670
-1648
-1699
-1830
-2008
-2003
-1750
-1620
-1704
-1823
-1729
-1501
-1369
-1228
-810
-462
-374
-386
-208
338
791
1051
1258
1598
1786
1865
1972
2208
2507
2513
2458
2523
2692
2573
2218
1953
1921
1871
1703
1535
1395
1106
707
408
181
272
270
217
181
26
-188
-262
-360
-641
-792
-639
-428
-473
-768
-921
-923
-970
-964
-982
-844
-787
-903
-1000
-1026
-1045
-1120
-1072
-810
-434
-317
-315
-403
-348
-170
196
697
914
1128
1184
1199
1291
1541
1884
2142
2171
2028
1945
1937
1857
1767
1720
1726
1503
1106
851
700
487
259
205
213
128
-91
-255
-266
-315
-348
-519
-574
-513
-534
-590
-654
-712
-793
-918
-995
-906
-825
-851
-1015
-1093
-1176
-1278
-1286
-1186
-1021
-891
-814
-781
-860
-786
-465
-133
52
123
217
383
560
708
906
1102
1192
1228
1247
1192
1140
1098
1019
903
780
693
548
370
235
105
100
24
-217
-504
-611
-633
-691
-725
-663
-587
-562
-553
-527
-558
-672
-856
-854
-667
-616
-636
-648
-659
-769
-933
-1026
-918
-824
-769
-738
-788
-742
-795
-805
-765
-628
-364
-228
-219
-178
26
238
300
356
477
637
697
697
701
805
786
679
659
665
671
609
497
365
303
265
145
58
64
149
35
-136
-172
-148
-174
-205
-69
64
22
-157
-212
-275
-374
-282
-128
23
9
16
-63
-177
-334
-426
-349
-364
-371
-353
-281
-399
-568
-690
-629
-503
-456
-353
-190
-138
-168
-127
-78
-65
17
232
419
465
484
527
438
409
471
659
649
473
418
472
423
286
201
220
284
209
159
151
186
104
-136
-198
-115
-100
-134
-194
-167
-204
-273
-296
-231
-176
-215
-211
-191
-119
-248
-322
-367
-375
-293
-347
-388
-400
-391
-465
-484
-437
-310
-235
-186
-88
-9
32
51
143
283
404
471
532
607
608
607
622
734
746
655
623
568
527
426
348
347
366
314
229
171
169
171
233
171
193
259
272
204
191
207
174
101
74
160
164
155
60
61
118
157
-138
-125
52
20
-51
-130
-92
-62
-166
-415
-472
-260
-72
-111
-162
-72
76
106
119
214
392
462
425
509
627
729
713
652
676
788
795
768
754
726
750
618
593
568
582
567
490
490
519
462
388
399
444
433
415
432
419
362
296
283
211
165
110
8
14
-2
-96
-255
-360
-447
-534
-590
-575
-605
-663
-674
-705
-659
-701
-731
-739
-618
-533
-503
-463
-341
-294
-301
-300
-316
-160
-118
-9
126
296
355
273
296
331
373
361
397
403
375
348
346
362
317
238
135
129
180
203
146
61
29
0
-74
-121
-120
-100
-227
-300
-254
-322
-536
-709
-707
-666
-681
-714
-718
-735
-781
-834
-794
-640
-669
-707
-663
-569
-485
-487
-478
-424
-382
-400
-336
-290
-239
-272
-335
-311
-289
-226
-182
-165
-119
-105
-116
-99
-30
144
246
336
475
503
479
471
458
535
605
632
661
613
555
526
463
406
333
225
136
93
9
-65
-219
-325
-399
-494
-548
-591
-599
-653
-664
-665
-645
-651
-634
-598
-494
-369
-362
-324
-288
-238
-188
-153
-119
-133
-179
-212
-184
-142
-131
-148
-164
-105
-104
-106
-75
-36
51
81
159
270
347
387
415
498
611
700
676
678
653
709
708
657
637
584
525
419
344
258
177
50
-51
-94
-144
-219
-373
-467
-511
-569
-609
-620
-605
-577
-526
-466
-391
-355
-313
-267
-214
-81
-52
-7
35
10
63
83
139
148
157
160
171
148
131
189
224
255
196
212
284
328
349
349
398
437
470
470
518
560
528
465
440
462
387
328
299
285
252
144
39
5
-46
-141
-220
-131
-90
-163
-222
-227
-242
-236
-249
-249
-174
-99
-25
-28
39
103
190
216
341
276
317
510
504
568
558
588
613
617
534
506
573
668
695
634
637
677
731
774
772
793
826
803
796
814
825
815
796
766
774
757
739
694
645
624
442
401
366
272
203
61
-46
-151
-255
-353
-385
-456
-501
-524
-576
-603
-675
-629
-593
-552
-520
-471
-424
-361
-261
-209
-178
-162
-129
-65
-1
90
108
137
195
205
210
233
251
270
295
332
400
419
409
386
356
405
279
228
290
314
347
