-28
-33
-43
5
-17
-41
-19
-50
-32
-16
3
5
-21
-34
-16
-12
0
3
8
45
11
23
29
24
57
62
83
75
93
100
115
141
154
367
417
431
390
382
390
384
367
353
349
352
364
319
320
288
290
272
324
215
221
320
325
338
331
358
347
317
198
177
266
325
306
248
225
270
265
284
318
292
313
287
264
251
227
219
203
196
211
213
237
276
235
173
173
190
150
112
70
44
25
36
21
21
21
-31
21
37
9
-2
-26
-28
-21
-23
-26
-16
-13
-20
19
27
21
28
12
56
41
55
76
44
49
42
37
56
46
46
60
49
52
50
24
23
-90
-89
-177
-208
-155
-150
-127
-99
-22
-55
-26
-7
-1
-11
-36
-23
-62
-86
-79
-96
-111
-112
-141
-137
-149
-172
-191
-207
-212
-230
-228
-195
-288
-333
-310
-267
-202
-253
-384
-432
-397
-367
-382
-388
-400
-428
-433
-418
-453
-468
-460
-473
-468
-492
-486
-475
-488
-490
-487
-507
-513
-516
-526
-478
-518
-503
-484
-500
-481
-479
-473
-482
-474
-456
-439
-315
-252
-276
-259
-233
-236
-243
-230
-217
-203
-180
-169
-177
-135
-117
-107
-100
-78
-52
-34
18
-13
15
56
65
87
136
162
186
216
212
243
248
268
307
317
375
339
374
412
407
426
422
432
425
418
403
382
364
358
322
305
325
258
244
230
188
173
144
134
80
65
35
-35
-65
-82
-108
-166
-185
-267
-317
-372
-394
-434
-499
-527
-569
-616
-656
-688
-742
-771
-765
-779
-753
-807
-847
-824
-841
-842
-872
-872
-866
-857
-849
-829
-810
-767
-748
-730
-675
-706
-628
-549
-450
-302
-266
-191
-122
-22
50
146
231
376
480
543
669
685
766
874
921
968
986
997
1027
1055
1072
1102
1100
1113
1113
1100
1134
1091
1124
1117
1065
1057
1015
1000
999
988
979
945
889
850
987
1039
1000
919
850
798
721
672
600
560
539
498
395
315
218
173
99
98
-31
-176
-111
-193
-225
-285
-338
-381
-500
-694
-828
-795
-777
-844
-963
-1052
-1051
-1103
-1098
-1096
-1085
-1106
-1107
-1101
-1126
-1107
-1112
-1057
-995
-895
-741
-577
-408
-342
-263
-176
-29
96
202
300
435
560
664
754
861
990
1092
1129
1205
1178
1143
1186
1197
1226
1210
1200
1170
1104
1071
1053
1008
954
909
831
788
704
662
664
605
562
523
465
420
418
404
417
392
382
375
346
358
268
293
204
182
219
230
255
279
359
363
358
363
355
311
284
269
165
87
48
-50
-131
-195
-276
-344
-437
-551
-660
-767
-852
-977
-1077
-1127
-1311
-1449
-1542
-1580
-1572
-1662
-1839
-1952
-1961
-1953
-1963
-1982
-1987
-2006
-1985
-1929
-1934
-1853
-1741
-1609
-1438
-1290
-1137
-1018
-885
-742
-574
-650
-447
-57
155
344
431
566
667
784
878
896
929
987
1084
1210
1232
1278
1246
1111
1017
936
885
895
889
844
755
634
539
436
408
403
351
327
325
357
380
424
390
385
383
369
387
462
560
595
618
559
524
512
534
601
655
675
622
571
544
465
415
405
370
308
221
125
21
-103
-230
-329
-429
-520
-682
-805
-908
-1065
-1190
-1343
-1498
-1665
-1781
-1872
-1995
-2086
-2109
-2135
-2171
-2181
-2291
-2303
-2287
-2206
-2061
-1917
-1752
-1557
-1257
-1000
-892
-916
-795
-384
142
561
685
733
809
902
1009
1150
1373
1599
1741
1750
1638
1435
1363
1440
1544
1571
1336
1193
1081
958
843
651
581
482
445
360
257
155
88
84
38
-14
-114
-41
164
307
304
271
314
412
514
594
745
882
975
1027
1032
1053
1049
1146
1257
1285
1256
1227
1219
1193
1113
1001
904
840
780
840
767
578
356
176
34
-137
-257
-407
-548
-770
-966
-1177
-1309
-1440
-1541
-1690
-1759
-1918
-2194
-2164
-2196
-2124
-2046
-1935
-1920
-2075
-2241
-2272
-1946
-1573
-1388
-1284
-1175
-865
-540
-335
-263
-182
255
901
1342
1332
1182
1258
1509
1703
1850
2041
2287
2392
2179
1963
1747
1756
1869
1945
1838
1464
1108
976
948
815
597
528
520
468
279
5
-72
-65
-30
3
-25
-32
23
123
202
150
129
359
758
1009
877
715
726
907
1155
1383
1476
1442
1356
1227
1221
1266
1315
1403
1343
1145
762
561
461
354
216
14
-158
-235
-307
-585
-808
-979
-1110
-1221
-1387
-1563
-1802
-2025
-2183
-2345
-2443
-2469
-2548
-2666
-2827
-2989
-2975
-2883
-2757
-2764
-2853
-2874
-2896
-2680
-2432
-2207
-1997
-1696
-1351
-1128
-1182
-1308
-944
-67
676
787
532
524
834
1159
1325
1475
1754
1946
1834
1558
1377
1378
1598
1722
1592
1246
886
822
779
618
343
203
343
363
88
-261
-385
-293
-248
-156
-19
27
63
68
29
23
87
340
758
1006
897
688
659
921
1194
1396
1582
1592
1398
1196
1120
1343
1519
1491
1371
1141
943
720
614
562
429
227
67
-85
-350
-680
-951
-1033
-1057
-1184
-1403
-1652
-1904
-2151
-2276
-2291
-2284
-2406
-2658
-2891
-2998
-2923
-2895
-2862
-2770
-2718
-2643
-2663
-2771
-2744
-2494
-2016
-1631
-1425
-1063
-743
-797
-1037
-930
219
1467
1656
1038
584
1045
1693
1929
2065
2326
2502
2266
1828
1751
1942
2059
2119
1992
1699
1327
1104
1042
767
398
378
725
817
278
-322
-418
-103
-23
-20
138
233
111
-233
-180
186
481
627
852
1053
979
715
749
1226
1567
1677
1681
1676
1520
1266
1308
1608
1769
1627
1425
1275
1062
761
602
699
641
423
104
-165
-405
-672
-861
-904
-929
-1063
-1355
-1689
-1961
-1965
-1828
-1766
-1887
-2136
-2365
-2569
-2599
-2577
-2521
-2421
-2384
-2402
-2372
-2371
-2334
-2213
-2019
-1713
-1682
-1130
-371
-12
-355
-1021
-635
990
2270
1996
1066
834
1649
2243
2273
2459
2808
3013
2504
1958
2080
2485
2595
2289
1903
1727
1632
1476
1159
660
443
814
1164
935
110
-407
-177
55
2
-2
267
361
-76
-511
-135
586
860
705
727
1090
1166
901
898
1324
1801
1918
1807
1666
1488
1407
1544
1794
1809
1623
1397
1229
951
604
549
720
629
172
-246
-444
-559
-829
-1110
-1201
-1255
-1420
-1915
-2283
-2589
-2630
-2581
-2682
-2939
-3105
-3045
-3130
-3340
-3442
-3276
-3044
-2956
-3078
-3228
-3361
-3326
-2965
-2488
-2077
-1967
-1679
-1161
-1082
-1486
-1361
-43
1434
1477
558
191
1022
1843
1828
1826
2404
2761
2173
1413
1432
2036
2237
1917
1577
1477
1366
967
593
312
241
451
652
390
-343
-800
-624
-293
-307
-382
-118
64
-294
-733
-494
241
591
564
633
859
846
592
671
1236
1828
2002
1676
1357
1369
1436
1595
1629
1563
1546
1351
996
618
503
637
581
252
-16
-237
-532
-877
-1161
-1129
-1164
-1424
-1754
-2127
-2373
-2554
-2499
-2455
-2712
-3098
-3318
-3374
-3420
-3470
-3415
-3193
-3186
-3433
-3551
-3427
-3129
-2931
-2769
-2463
-1855
-1111
-765
-1261
-1887
-1158
783
2250
1856
658
707
1793
2367
2230
2506
3386
3531
2488
1777
2275
3073
2990
2187
1903
2153
2094
1519
776
441
629
983
1059
586
-132
-468
-407
-316
-177
173
614
450
-368
-769
-165
891
1264
902
738
1038
1227
1098
1156
1689
2203
2008
1657
1627
1771
1762
1430
1440
1722
1795
1417
832
537
504
506
470
349
25
-440
-959
-1158
-1216
-1205
-1360
-1665
-1951
-2260
-2492
-2655
-2876
-2934
-3030
-3092
-3249
-3587
-3804
-3923
-3767
-3416
-3283
-3312
-3378
-3446
-3270
-3110
-2391
-938
-78
-579
-1827
-1635
466
2292
2313
1359
1339
2386
2787
2481
2757
3710
4075
3217
2500
3037
3479
3182
2455
2180
2609
2758
2353
1560
854
520
739
1208
1205
613
10
-176
-188
-157
219
883
1030
358
-308
3
1050
1576
1320
1082
1354
1750
1671
1589
1846
2259
2257
1950
1918
2141
2063
1545
1202
1416
1860
1731
1060
487
331
393
243
61
-68
-322
-803
-1286
-1526
-1479
-1514
-1814
-2088
-2327
-2521
-2740
-2970
-3201
-3414
-3541
-3363
-3342
-3593
-4056
-4244
-3912
-3455
-3323
-3371
-3405
-3362
-3047
-2135
-798
-441
-1441
-2323
-1284
1162
2217
1365
593
1442
2444
2380
2206
3067
3949
3368
2036
1908
3029
3445
2576
1547
1497
1926
1811
1301
733
317
185
258
360
135
-242
-488
-625
-723
-501
198
781
378
-558
-609
350
1239
1286
972
1023
1296
1257
1097
1367
1890
2018
1579
1165
1268
1576
1499
998
738
976
1123
699
41
-224
-126
-229
-624
-916
-917
-1024
-1510
-2024
-2130
-2044
-2145
-2342
-2548
-2825
-3066
-3091
-3225
-3372
-3801
-3971
-3835
-3628
-3657
-3937
-3969
-3720
-3561
-3595
-3340
-2844
-1931
-1135
-867
-1185
-1633
-1034
638
2090
2286
1621
1425
2089
2422
2518
3005
3781
3948
3002
2094
2336
2958
2928
2295
1821
1958
1866
1290
648
321
389
552
542
337
7
-333
-417
-424
-182
392
907
849
245
16
674
1485
1655
1565
1699
1998
1967
1588
1669
2150
2456
2232
1788
1696
1767
1649
1273
981
1039
1175
930
359
-110
-227
-300
-539
-782
-853
-959
-1470
-2066
-2253
-2024
-1960
-2207
-2700
-3019
-3271
-3353
-3381
-3473
-3592
-3917
-4001
-4021
-4003
-3976
-3855
-3657
-3576
-3455
-3212
-2579
-1635
-692
-541
-1090
-1246
-156
1656
2550
2332
1959
2256
2720
2784
2953
3649
4188
3779
2814
2367
2780
3004
2579
1934
1654
1710
1518
970
453
146
150
227
297
372
137
-34
-114
-77
202
736
1188
1214
880
928
1610
2225
2273
2015
2174
2613
2845
2448
2409
2777
2884
2588
2222
2295
2439
2154
1426
987
1030
1194
912
352
25
-160
-458
-881
-1136
-1082
-1014
-1391
-1822
-2209
-2281
-2580
-2903
-3075
-2881
-2849
-3035
-3620
-4212
-4407
-4256
-3798
-3557
-3470
-3650
-3863
-4019
-3872
-3486
-2498
-858
314
251
-1120
-1660
-227
2049
3146
2991
2864
3250
3168
2423
2563
3844
4879
4406
3132
2603
2884
2806
2083
1358
1325
1681
1485
792
35
-438
-608
-652
-634
-427
-168
-51
-441
-979
-975
-439
458
850
803
902
1482
1883
1725
1553
1947
2715
3028
2787
2456
2477
2402
1968
1533
1792
2314
2187
1358
428
110
85
-136
-436
-496
-383
-928
-2042
-2772
-2542
-2014
-2016
-2599
-3092
-3306
-3587
-4035
-4093
-3866
-3745
-4177
-4681
-4901
-4972
-5015
-5064
-4804
-4521
-4147
-3948
-3879
-4012
-3827
-2553
-873
163
-229
-816
-289
1272
2266
2479
2838
3703
4128
3350
2682
3273
4415
4505
3565
2815
3043
3188
2436
1442
968
1055
840
247
-164
-284
-411
-812
-1353
-1561
-1219
-709
-324
-353
-536
-457
-104
340
769
1266
1854
2120
1993
1823
2023
2681
3112
2990
2724
2736
2824
2683
2178
1875
2036
2106
1691
1061
860
810
276
-488
-766
-534
-449
-1097
-1929
-2162
-2071
-2259
-2768
-2925
-2714
-2871
-3571
-4209
-4269
-3831
-3950
-4620
-5096
-4996
-4626
-4673
-4840
-4932
-4503
-4067
-3732
-3852
-3628
-2222
-278
734
-239
-1164
-183
2183
3337
3106
3143
4321
4923
3797
2694
3437
5170
5369
3811
2608
3002
3517
2695
1192
553
1045
1190
329
-546
-623
-340
-614
-1535
-1975
-1472
-508
68
-261
-641
-394
250
591
686
1206
2163
2590
2266
1764
1972
2864
3305
2904
2455
2620
3037
2864
1966
1445
1650
1913
1453
651
627
900
463
-609
-1191
-791
-390
-713
-1474
-1852
-1787
-1847
-2423
-2823
-2593
-2395
-2970
-4009
-4270
-3745
-3612
-4307
-5109
-5110
-4712
-4498
-4876
-4814
-4252
-3664
-3657
-3784
-2737
-534
1011
273
-1185
-634
1832
3664
3580
3223
4160
5240
4742
3502
3630
5128
5877
4697
3141
2964
3749
3703
2204
822
699
1142
838
2
-437
-139
97
-705
-1674
-1816
-710
420
426
-202
-177
748
1335
1130
949
1693
2651
2835
2227
2032
2868
3443
2902
1878
1740
2536
3036
2334
1331
1242
1550
1090
-19
-302
328
624
-128
-1172
-1353
-904
-1058
-1960
-2510
-2084
-1627
-1878
-2683
-3001
-2947
-3263
-3723
-4095
-4068
-4334
-4788
-5286
-5320
-5016
-4666
-4859
-5074
-5029
-4662
-3990
-3529
-2623
-1737
-887
-781
-516
304
1450
2081
2348
2809
3487
3955
3937
3886
3888
3993
3703
3357
3124
3056
2747
2162
1373
650
272
30
-249
-584
-708
-759
-774
-1010
-1311
-1278
-751
-205
-66
28
512
1266
1704
1620
1464
1706
2213
2421
2426
2585
2961
2998
2495
1808
1523
1640
1668
1295
804
855
806
276
-380
-811
-817
-827
-1133
-1510
-1564
-1440
-1585
-2152
-2571
-2588
-2432
-2321
-2273
-2253
-2206
-2586
-3499
-4420
-4617
-3905
-3424
-3627
-4312
-4758
-4881
-4967
-4883
-4474
-3830
-3525
-3097
-2124
-644
81
-296
-496
197
1436
2234
2798
3627
4586
4652
3796
3083
3333
3961
3895
3260
2838
2824
2706
2055
1146
524
86
-398
-800
-855
-424
25
3
-522
-1084
-1018
-358
278
744
1149
1597
2049
2385
2455
2351
2487
2765
2885
2845
3103
3502
3658
3071
2006
1366
1450
1546
1102
640
492
341
-209
-956
-1408
-1374
-1250
-1699
-2277
-2190
-1607
-1329
-1575
-2200
-2626
-2893
-2926
-2788
-2510
-2182
-2398
-3216
-3923
-4261
-4129
-4163
-4415
-4814
-4899
-4598
-4101
-3732
-3529
-3444
-3008
-1925
-727
-193
-135
400
1580
2508
2578
2629
3423
4524
4679
3936
3572
4133
4570
4025
3041
2747
2965
2739
1866
966
739
770
293
-572
-1032
-761
-309
-327
-690
-726
-183
456
730
639
1024
1963
2567
2779
2949
3368
3829
3893
3517
3280
3566
3943
3881
3393
2866
2498
2343
1999
1383
984
880
634
39
-605
-918
-941
-1038
-1461
-1938
-2092
-1879
-1964
-2258
-2444
-2295
-2016
-2148
-2785
-3192
-3114
-3109
-3515
-4042
-4160
-4092
-4192
-4516
-4720
-4830
-4750
-4629
-4206
-3600
-3110
-2499
-1363
-98
372
161
413
1621
2914
3345
3236
3710
4764
5160
4504
3862
4140
4487
3924
2789
2215
2428
2499
1656
441
-218
-351
-638
-1138
-1626
-1599
-1290
-1234
-1445
-1404
-834
-134
311
525
955
1714
2490
2752
2709
2726
3158
3616
3661
3410
3281
3476
3485
3025
2326
1918
1817
1499
803
105
-147
-138
-473
-1115
-1577
-1699
-1851
-2269
-2744
-2894
-2655
-2584
-2871
-3260
-3167
-2937
-2904
-3252
-3591
-3610
-3430
-3552
-4014
-4320
-4295
-4294
-4580
-4969
-4929
-4568
-4192
-4186
-4063
-3497
-2532
-1410
-653
-175
-44
436
1204
2212
2727
3205
3685
4281
4562
4303
4065
4184
4275
3810
2852
2238
2173
2145
1541
621
-15
-258
-543
-1079
-1455
-1450
-1253
-1337
-1574
-1467
-859
-140
293
451
819
1496
2203
2551
2786
3163
3606
3789
3821
3854
4018
4149
3908
3405
2886
2613
2362
2043
1519
929
486
173
-202
-812
-1230
-1407
-1601
-1932
-2272
-2408
-2367
-2382
-2664
-2939
-3004
-2830
-2686
-2841
-3068
-3251
-3263
-3333
-3600
-3877
-3993
-4154
-4380
-4673
-4671
-4503
-4293
-4132
-4010
-3583
-2962
-2046
-1087
-195
215
524
951
1838
2714
3236
3494
3876
4339
4544
4405
4323
4462
4351
3704
2865
2295
2131
1914
1250
464
-123
-416
-699
-1064
-1382
-1506
-1506
-1508
-1483
-1224
-642
-11
437
729
1222
1846
2481
2846
3152
3478
3857
4143
4266
4311
4264
4193
3979
3571
3124
2733
2432
2027
1448
845
435
94
-258
-770
-1079
-1306
-1619
-1837
-2096
-2214
-2285
-2332
-2527
-2617
-2598
-2459
-2469
-2689
-3012
-3148
-3256
-3248
-3510
-3785
-3864
-4000
-4164
-4432
-4425
-4264
-3932
-3752
-3426
-2948
-2203
-1249
-249
430
589
856
1604
2700
3479
3760
3972
4501
5022
5024
4686
4515
4583
4359
3636
2835
2426
2334
2041
1236
422
-100
-393
-668
-1076
-1422
-1554
-1528
-1441
-1317
-930
-315
311
885
1229
1555
2131
2693
3096
3271
3493
3828
4168
4375
4351
4203
4038
3819
3379
2905
2488
2150
1756
1128
478
-6
-244
-545
-1060
-1627
-1988
-2202
-2402
-2627
-2870
-2997
-2958
-3120
-3178
-3156
-3138
-3275
-3436
-3592
-3699
-3678
-3713
-4001
-4309
-4570
-4735
-4807
-4882
-4897
-4613
-4208
-3738
-3426
-2921
-2004
-960
-203
-40
154
872
2070
2858
3000
3125
3718
4500
4735
4438
4108
4049
3922
3291
2487
2058
2011
1741
1004
51
-521
-723
-920
-1308
-1814
-2102
-2055
-1821
-1672
-1453
-1053
-467
16
440
951
1551
2178
2559
2681
2844
3274
3755
3984
3990
3877
3792
3655
3480
3111
2633
2273
1753
1169
637
219
-86
-466
-1007
-1547
-1922
-2116
-2257
-2533
-2752
-2899
-2964
-2994
-3000
-2974
-2898
-3019
-3283
-3565
-3642
-3674
-3728
-3982
-4259
-4435
-4543
-4779
-4905
-4876
-4712
-4375
-3975
-3538
-2925
-1984
-1045
-324
-48
306
1003
2072
2834
3077
3272
3866
4509
4810
4702
4592
4653
4489
3893
3148
2666
2456
2144
1500
687
144
-176
-381
-798
-1320
-1734
-1853
-1643
-1408
-1212
-960
-412
182
631
914
1289
1815
2310
2610
2726
3017
3452
3857
4016
3919
3807
3706
3546
3140
2617
2147
1798
1404
909
467
76
-218
-642
-1203
-1732
-2012
-2200
-2318
-2564
-2742
-2838
-2862
-2812
-2857
-2979
-3046
-3136
-3315
-3429
-3490
-3606
-3823
-4082
-4414
-4561
-4494
-4512
-4578
-4486
-4199
-3711
-3252
-2729
-1917
-907
-325
-193
65
949
2104
2782
2940
3231
3966
4667
4841
4798
4915
4949
4770
4149
3496
3225
3064
2646
1930
1206
734
472
194
-291
-874
-1293
-1346
-1186
-1134
-1058
-749
-213
465
878
1090
1395
1755
2105
2405
2717
3106
3562
3903
3911
3836
3812
3825
3691
3293
2730
2274
1982
1576
1084
580
180
-159
-549
-957
-1345
-1644
-1927
-2188
-2376
-2599
-2898
-2927
-2846
-2793
-2877
-3097
-3270
-3379
-3441
-3610
-3845
-4052
-4184
-4388
-4460
-4567
-4586
-4509
-4320
-3936
-3442
-2846
-2108
-1400
-822
-462
-90
550
1485
2279
2689
2910
3383
4081
4592
4726
4614
4485
4321
4009
3596
3285
2967
2509
1935
1195
670
240
-50
-388
-848
-1351
-1753
-1644
-1265
-1078
-1142
-1044
-676
-64
342
533
799
1172
1597
1838
2120
2544
2975
3237
3192
3034
2951
2966
2807
2383
1870
1476
1234
932
482
-117
-621
-1013
-1427
-1853
-2166
-2342
-2605
-2905
-3120
-3229
-3335
-3290
-3236
-3207
-3176
-3340
-3564
-3638
-3664
-3790
-4019
-4404
-4561
-4510
-4497
-4590
-4735
-4761
-4516
-3986
-3379
-2861
-2231
-1562
-1003
-759
-311
557
1583
2304
2492
2680
3326
4108
4561
4553
4408
4323
4191
3894
3640
3400
3123
2621
2032
1502
1093
833
489
-29
-621
-1095
-1252
-1064
-871
-889
-978
-842
-417
85
419
584
744
1119
1560
1919
2264
2602
2953
3151
3103
3013
3024
3037
2828
2349
1915
1694
1507
1217
713
163
-322
-719
-1113
-1451
-1775
-2083
-2323
-2523
-2621
-2771
-2829
-2670
-2891
-3150
-3352
-3429
-3427
-3438
-3562
-3773
-3931
-3986
-4048
-4044
-4111
-4261
-4265
-3969
-3533
-3067
-2571
-1968
-1315
-774
-468
-231
262
1042
1755
2158
2467
2964
3641
4240
4422
4337
4220
4109
3907
3752
3552
3314
2936
2476
2055
1707
1414
1040
583
94
-337
-557
-566
-510
-504
-547
-519
-301
-3
248
363
500
776
1150
1505
1856
2133
2408
2667
2734
2775
2762
2767
2644
2381
2105
1884
1638
1329
897
533
324
-108
-472
-970
-1309
-1473
-1821
-2052
-2265
-2348
-2452
-2505
-2600
-2808
-2886
-3131
-3324
-3192
-3373
-3398
-3437
-3603
-3647
-3792
-3793
-3680
-3592
-3357
-3017
-2593
-2156
-1616
-1011
-725
-568
-234
530
1498
2060
2269
2547
3158
3749
4073
4154
4222
4259
4179
4072
3993
3978
3788
3378
2970
2697
2359
1975
1531
1065
717
434
282
207
131
-47
-215
-206
-100
10
92
205
409
679
963
1193
1421
1715
1911
2023
2124
2225
2215
2193
2094
1941
1717
1504
1285
964
609
252
-50
-404
-690
-1045
-1297
-1448
-1938
-2211
-2224
-2507
-2826
-2886
-2914
-3076
-3337
-3616
-3603
-3700
-3795
-3729
-3959
-4153
-4157
-3853
-3868
-4045
-3859
-3557
-3114
-2624
-2231
-1883
-1627
-1307
-919
-305
287
698
1002
1448
2023
2544
2905
3106
3283
3303
3201
3130
3189
3276
3159
2887
2586
2434
2291
2090
1694
1227
899
676
566
441
237
-48
-224
-233
-155
-159
-230
-201
-131
83
325
487
625
791
896
955
1189
1424
1332
1269
1274
1432
1657
1547
1257
1077
775
398
-124
-170
-266
-843
-1064
-1353
-1367
-1770
-2112
-1807
-2172
-2783
-2715
-2559
-2854
-3128
-3073
-2838
-3174
-3350
-3461
-3488
-3343
-3463
-3601
-3608
-3332
-2849
-2541
-2257
-2180
-1957
-1577
-1335
-1074
-700
-84
261
546
861
1440
2012
2310
2393
2362
2629
2826
2956
3000
3079
3067
2937
2868
2855
2903
2618
2211
1858
1794
1791
1524
1265
941
738
510
403
375
236
61
-54
54
228
257
174
317
378
631
983
1235
1191
1290
1450
1357
984
720
1504
1403
551
539
731
558
-84
-317
-504
-515
-444
-918
-909
-1238
-1088
-1574
-1831
-1826
-2057
-2183
-2165
-2310
-2511
-2840
-2941
-2522
-2807
-3028
-2961
-3018
-2970
-2884
-2707
-2683
-2676
-2259
-1925
-1595
-1543
-1552
-1285
-836
-337
-113
186
487
998
1413
1690
1864
1986
2203
2296
2609
2885
2983
3076
3140
3039
2926
2962
2796
2608
2338
2262
2231
2087
1853
1468
1146
861
733
489
527
431
302
309
544
717
1036
1174
737
1184
1070
1296
1633
1242
984
908
1436
1882
1338
1390
1593
966
905
1105
485
1
192
171
545
-230
-637
-521
-755
-769
-846
-1298
-1739
-1493
-933
-1366
-2178
-2427
-2058
-1809
-2222
-2636
-2853
-2687
-2441
-2356
-2536
-2848
-2611
-2184
-1898
-2028
-1995
-1802
-1476
-1146
-995
-694
-460
-40
228
566
879
991
1192
1447
1712
1813
1907
2077
2307
2347
2320
2249
2185
2252
2139
1927
1613
1531
1600
1524
1261
916
691
479
449
298
71
-101
7
373
517
456
592
630
266
678
705
780
654
573
1256
1072
755
657
966
552
236
58
529
464
59
-87
-374
-556
-662
-253
-1054
-1255
-785
-1167
-1330
-1343
-1692
-1812
-1456
-1779
-2219
-2446
-2140
-2116
-2540
-2544
-2528
-2341
-2688
-3076
-2919
-2756
-2739
-2725
-2634
-2463
-2232
-1967
-1913
-1950
-1892
-1564
-1158
-735
-487
-254
107
502
834
847
957
1159
1350
1520
1656
1802
1920
2019
2000
2005
2003
1992
1813
1578
1397
1346
1364
1271
1102
823
524
363
291
399
322
661
438
758
778
897
1333
577
921
975
1058
1135
1475
1252
860
1350
1385
1242
588
709
684
393
861
308
114
271
-267
-383
113
-116
-719
-864
-520
-364
-987
-894
-1166
-1231
-1081
-1515
-1449
-1987
-1805
-1770
-1997
-2138
-2386
-2164
-2249
-2595
-2729
-2743
-2427
-2223
-2257
-2218
-2026
-1784
-1699
-1696
-1725
-1520
-1197
-897
-620
-270
7
303
648
789
823
911
1103
1309
1424
1551
1704
1846
1862
1767
1690
1687
1588
1295
1040
1048
1224
1331
1163
941
588
805
1042
927
759
737
1195
1224
1170
1327
1462
1152
1399
1868
1002
806
1212
1369
1668
1210
824
1290
950
927
710
515
454
1070
650
481
649
304
668
1
49
-95
151
135
-502
-415
-432
-254
-760
-1030
-1000
-1124
-1173
-1228
-1256
-1724
-1852
-1502
-1736
-2322
-2467
-2206
-1936
-2027
-2346
-2272
-1929
-1628
-1423
-1542
-1581
-1496
-1190
-915
-689
-403
-245
14
343
693
828
856
924
1122
1269
1382
1570
1696
1745
1697
1527
1477
1538
1428
1255
1064
958
1174
1389
1429
1417
1150
1046
1236
1409
1318
903
1002
1370
1637
1484
2002
1402
932
1528
1369
1309
1165
826
1118
1737
1043
542
952
1053
384
-60
494
480
292
244
273
-145
-562
-67
-96
-698
-826
-767
-457
-337
-458
-989
-1194
-863
-1267
-1474
-1552
-1811
-1855
-2026
-2220
-2319
-2407
-2508
-2648
-2867
-2968
-3020
-2816
-2641
-2776
-2742
-2534
-2149
-2009
-2113
-2143
-2095
-1578
-1184
-1059
-992
-646
-182
66
213
138
202
386
568
716
817
1059
1171
1124
917
925
1095
1033
901
599
770
1149
1386
1466
1397
1384
1292
1200
1104
1432
1325
821
657
1512
2247
1382
1341
977
529
1756
866
342
1159
795
818
933
1089
65
161
732
350
274
-364
-179
958
459
-227
72
-138
265
-414
-457
-965
-638
-171
-550
-896
-1029
-1290
-1240
-1619
-1753
-1606
-1986
-1929
-1829
-1808
-1967
-2607
-2471
-2397
-2734
-2310
-2533
-2713
-2297
-2084
-1991
-1924
-1808
-1712
-1752
-1750
-1436
-1228
-872
-670
-765
-166
258
398
338
182
432
721
833
819
1094
1381
1310
1214
1269
1404
1486
1313
1254
1212
1584
1757
2038
1878
1856
1739
1442
1625
1829
1344
759
1415
1662
1811
1105
1194
1537
1173
866
421
1145
1026
290
1420
1094
606
420
1054
748
-161
554
554
450
391
400
165
427
2
21
18
-591
-568
-567
-528
-340
-1169
-874
-453
-1551
-1586
-1203
-1518
-2099
-2166
-1573
-1472
-1597
-2271
-2613
-1976
-1607
-2123
-2540
-2017
-1554
-1342
-1390
-1653
-1529
-1026
-1025
-1449
-1225
-683
-387
-248
-447
-147
492
835
436
178
761
1035
1076
1151
1584
1899
1870
1569
1407
1755
1952
1761
1732
1766
1636
1946
2514
2344
1592
2172
2481
1481
1063
1574
2179
1574
1518
1452
1714
1852
1647
1164
983
1622
1189
1535
1564
433
1140
1719
641
530
1258
672
407
70
-699
1249
1527
-532
-461
19
-35
-269
-1144
-854
-37
-1134
-1066
-704
-1035
-956
-1493
-1476
-1072
-1236
-2182
-1718
-1760
-1995
-1137
-2207
-2230
-1655
-2345
-2057
-2215
-2175
-2148
-2229
-2002
-1836
-1855
-1816
-1498
-2053
-1840
-1332
-973
-592
-887
-587
-146
184
268
150
253
491
683
577
906
1029
1176
1478
1049
904
1246
1727
1099
840
740
1155
1923
1531
1300
1435
1102
1030
1256
964
1040
514
717
1923
1223
1165
1278
10
1411
1127
188
1115
491
700
1368
575
-158
524
226
267
-123
-892
526
371
-994
-795
-460
126
-972
-1292
-826
-1158
-829
-1566
-955
-909
-1348
-1125
-1299
-1854
-1698
-1067
-1797
-1486
-1586
-2107
-1515
-1883
-2058
-1750
-2136
-1864
-2069
-2213
-1837
-1983
-1521
-1752
-1555
-985
-1324
-1712
-1202
-882
-767
-682
-644
22
-36
40
442
352
592
743
783
798
739
1268
1600
1414
926
1040
1574
1605
1446
783
1135
1598
1853
1991
1414
1811
1480
1560
1387
882
1334
1316
1718
1102
1047
2304
2574
340
69
1450
1871
1222
7
455
2272
797
-146
529
874
437
-1322
213
285
-302
-113
-286
-821
-381
-605
-1405
-710
-1155
-975
-700
-1275
-893
-1300
-1327
-383
-2196
-1733
-429
-1885
-2094
-1432
-959
-1215
-2614
-2108
-1023
-1898
-2192
-1625
-1928
-1405
-1906
-1612
-816
-1346
-1318
-1271
-1194
-743
-911
-471
-124
-202
-17
-54
593
925
426
168
934
1164
967
1221
1554
1287
867
1269
1914
1976
1323
1118
1584
2298
1833
1911
2162
1979
2003
2061
2024
2094
1715
1155
2763
2040
1198
1794
1999
2787
334
1069
2297
1033
1700
750
1059
1008
855
1040
518
-787
117
1385
-651
-1114
-34
-442
280
58
-768
-311
-145
-257
-1929
-686
315
-978
-1642
-1091
-353
-209
-1421
-2127
-191
-1358
-1713
-1287
-1720
-525
-2117
-2286
-1480
-1143
-1526
-2141
-982
-1474
-1648
-1168
-144
-601
-1969
-989
-341
78
-907
-747
691
345
233
153
1188
1010
192
584
704
1781
1182
844
1082
1106
1441
1546
1510
934
1028
1233
2060
1755
1213
1938
1076
1477
1556
1520
1580
1153
789
1217
1717
1519
1070
1025
1334
1461
614
444
722
449
199
463
571
224
-63
-568
-396
-269
-886
-1051
-965
-362
-1519
-530
-773
-1401
-1518
-1187
-1271
-950
-1563
-2096
-648
-1982
-1980
-1489
-2452
-1365
-1522
-2585
-1617
-2004
-2008
-2553
-2303
-1387
-2322
-2822
-1469
-1243
-2230
-2303
-1403
-565
-1504
-2224
-960
-22
-19
-1137
-665
382
99
324
527
639
725
874
997
1243
1329
1258
996
994
1404
1376
1407
1584
808
1068
1631
1938
1577
445
2016
1956
1406
1411
1756
1764
1184
1292
962
1295
1900
1126
623
494
2059
1484
-247
459
936
881
-114
649
-235
230
-526
-1140
242
-197
-1553
-415
-115
-1087
-1589
-825
657
-1723
-2238
-967
-101
-1438
-2541
-1027
-664
-2487
-1677
-1613
-1451
-2074
-2776
-1737
-1532
-2436
-2880
-1742
-1563
-1936
-2192
-1766
-1216
-1269
-2070
-1553
-226
-401
-749
-300
144
374
564
870
736
441
958
1445
1107
1119
1520
1899
1271
534
1219
2389
1437
722
1010
1561
2045
701
1412
2292
1231
571
1714
2752
1814
306
353
3361
1942
-553
1821
2243
1383
378
620
2742
1011
58
599
807
796
525
-333
175
-805
-759
1406
-1264
-1537
156
-1366
412
-1102
-1872
-929
-697
-873
-2401
-540
319
-1689
-2365
-959
-895
-1579
-2315
-2165
-187
-1407
-3242
-2426
-1515
-945
-3190
-2616
225
-1047
-2279
-2406
-486
239
-1030
-927
680
1049
-99
746
1643
1959
1055
943
2454
2266
1808
2003
3009
2539
1195
1875
2733
2216
1013
1185
1625
1760
1932
1654
1960
959
790
2033
2407
1514
44
1539
1919
1762
1533
987
1598
1209
944
456
1106
1479
1187
-248
1278
1911
553
-271
-408
2137
-81
-1597
75
520
-643
-933
-1386
-343
-998
-2757
-334
-637
-2717
-2069
-2248
-494
-2410
-4585
-1693
-1586
-3106
-4041
-2727
-1597
-3097
-4283
-2135
-1096
-2724
-2412
-1844
-1576
-1655
-1547
-202
-661
-696
203
689
1212
633
591
1362
1766
1323
1548
2149
1744
1695
1897
1739
1388
1537
1525
1131
1223
1314
1393
1446
1006
807
1583
1127
156
440
1153
502
145
159
1658
1522
-620
-165
2211
1768
-865
-689
1611
1973
-187
-55
390
1381
-240
-447
1566
-544
-1856
-779
1363
171
-3577
-842
184
-1346
-2317
-2356
-977
-3003
-2612
-2408
-1545
-2275
-5303
-3455
-1266
-3023
-5637
-3642
-1758
-2595
-3360
-2824
-928
-2363
-3137
-1865
-1292
24
-856
-655
737
1235
1578
1384
1175
1235
2304
2347
2374
2596
2919
3408
1987
1939
2309
2571
2230
1032
1440
2003
2391
1486
1147
1672
1728
378
366
1605
1366
1132
613
902
1752
844
432
1555
738
-115
1216
825
888
443
-479
802
-91
-836
1085
1016
-1870
-2310
1853
1899
-2678
-2033
434
-360
-1587
-1643
-1066
-1448
-3304
-2961
-2746
-2954
-3190
-4305
-4845
-3647
-3430
-3728
-3157
-3832
-2838
-1841
-2944
-2672
-2002
-1566
-1054
-1438
-113
1292
1024
1013
1251
1928
2628
2192
2378
3311
3309
3434
3504
3349
3420
2663
2499
3011
2437
2110
2296
2115
2062
1652
1299
1135
364
885
1661
490
419
642
1193
1077
919
1399
684
995
1369
1225
1445
891
342
298
802
566
82
-1353
-1369
29
158
-1728
-1715
59
-1623
-3764
-2100
-1411
-2349
-1899
-2378
-3321
-3950
-3047
-3140
-4096
-4356
-4317
-3768
-2368
-1292
-2135
-3388
-3372
-2535
-1353
-845
-531
-213
638
2220
2725
2517
2314
2505
2714
2981
4196
5512
5498
4269
3772
4037
4353
3986
3094
2748
2756
2887
3129
2983
1879
426
-76
166
562
707
388
1022
747
164
261
195
1063
1186
-316
97
2501
3043
1115
-171
567
1020
929
332
-46
-517
-1375
-976
-1115
-2092
-1779
-2713
-4099
-3433
-3716
-2331
-3748
-6280
-5519
-5784
-5510
-5308
-6224
-5712
-3774
-2343
-2361
-3471
-4209
-3425
-2076
-1467
-234
757
1683
2310
2228
2637
3224
3232
2945
2971
4106
5825
6151
5011
3760
3302
3675
3462
2873
2736
2882
2761
2330
2043
1840
1049
-393
-806
-32
629
849
79
-751
52
416
418
-341
-320
1078
1342
1004
1303
1509
978
1318
109
-359
962
266
-860
-1653
-2408
-2224
-3085
-4099
-4583
-4358
-4730
-5207
-5508
-7384
-7504
-6984
-7708
-7840
-5766
-3408
-2572
-3804
-5962
-5460
-3106
-1153
-840
-1519
340
3160
3800
3116
2666
3776
4274
3643
4067
6436
8124
6902
4396
3578
5018
5249
3903
2585
2773
4128
3777
2427
1674
1138
154
-1026
-970
653
1625
419
-975
-808
-6
552
-127
-638
557
1803
2495
1966
1521
1493
1407
682
699
1286
745
413
-685
-2038
-2089
-2284
-3007
-4580
-5799
-4811
-5471
-7095
-7816
-9197
-9010
-8271
-6914
-3527
-3075
-5356
-7575
-7137
-3112
-560
-1473
-1854
290
3495
4373
3040
3119
4202
4120
3647
4939
8260
9462
6430
3507
3794
5687
5862
3813
2672
3224
3846
3550
2663
1917
609
-1278
-1708
89
1945
1630
-510
-1676
-680
555
547
-350
-257
1142
2332
2399
2478
2449
1250
408
400
1114
2169
1421
-595
-2062
-2167
-1957
-2869
-4950
-6403
-5813
-5917
-7465
-8788
-9406
-9115
-7086
-4162
-3430
-5557
-7839
-7072
-3293
-713
-1085
-1345
1162
3857
4048
3342
4003
5354
5062
4109
5471
9042
10161
7139
3710
3769
5974
6071
4169
3112
3698
3780
2435
1602
1880
1102
-1317
-2525
-521
1928
1450
-1208
-2402
-939
652
675
95
476
1650
2247
2167
2279
2767
2494
1110
370
1609
2789
1965
-768
-2492
-1897
-1987
-3420
-5049
-5878
-6243
-7420
-9040
-9703
-8824
-6316
-3757
-4050
-7092
-9159
-7280
-2992
-753
-2038
-2307
1206
4563
4086
2257
3048
5201
5274
4176
5897
9818
10396
6075
2534
4015
6683
5966
3207
2708
4338
4070
1757
524
1135
629
-1711
-2659
-271
2366
1018
-2508
-3577
-1373
550
179
-578
321
2023
2122
1078
1076
1924
1661
251
-307
1068
2214
539
-2588
-3941
-3259
-2752
-4237
-6621
-7604
-7462
-8291
-10101
-10486
-8207
-4372
-2776
-5753
-9801
-9450
-4594
-807
-1544
-3024
-494
4006
4921
2349
1669
4277
5757
4305
4146
7981
11155
8218
2538
1598
5366
6934
3950
1611
3231
4568
2308
-402
52
1304
-405
-2985
-1874
1842
2712
-859
-3979
-2430
779
1478
331
273
2037
2875
1601
740
1851
2962
1959
238
822
2601
1905
-1197
-3760
-3830
-2579
-3057
-5450
-7263
-7987
-8983
-10586
-10726
-7744
-3665
-3022
-7055
-10755
-9060
-3742
-811
-1919
-2686
234
4204
4717
2861
2845
4833
5499
4591
5775
9625
11172
7241
2139
1979
5432
6493
3823
1869
2818
3493
1616
-567
-553
-204
-1540
-2761
-1259
1586
1606
-1726
-3883
-2226
667
1618
1073
1319
2256
2412
1814
1911
2893
3137
2002
1238
2008
2482
904
-1722
-3288
-3238
-2918
-4096
-6088
-7275
-8357
-9701
-10026
-7946
-4124
-2566
-5706
-10124
-9853
-4578
-188
-192
-1951
-791
2787
4296
2974
2917
5112
6060
4950
5095
8504
10853
7951
2650
1361
4730
6938
5203
2676
2265
2385
924
-792
-561
241
-889
-2608
-1828
666
768
-2236
-4583
-3356
-275
1211
1024
1122
1467
946
118
729
2645
3497
2356
993
1381
2164
1000
-1326
-2729
-2549
-2428
-3774
-5560
-6557
-7716
-8955
-8448
-5224
-1787
-2250
-6879
-10160
-7483
-2028
645
-45
-188
1791
3590
3148
2639
4489
6508
6205
5359
7109
10199
10064
5765
2084
2928
5920
6665
5154
3934
3159
1351
-693
-778
570
454
-1215
-1898
-441
789
-875
-3422
-3745
-1753
84
793
1383
1808
1110
-336
-555
1271
3167
2910
1218
343
606
159
-1294
-2630
-3170
-3411
-4418
-5853
-6905
-8112
-9402
-8918
-5692
-2286
-2402
-6210
-9428
-8116
-3588
-273
329
809
2273
3210
2766
2448
4138
6046
6017
5445
6974
9672
9381
5642
2262
2530
4777
5698
5177
4460
3424
1138
-1135
-1405
27
622
-594
-1571
-955
-325
-1577
-3500
-3672
-2059
-527
59
518
1076
541
-1017
-1533
138
2167
2296
829
-370
-671
-1209
-2336
-3067
-3274
-3611
-4854
-6634
-7826
-8786
-8980
-7387
-4376
-2315
-3660
-7281
-8736
-6233
-2415
-456
-71
1098
2809
3159
2253
2331
4394
5992
5754
5800
7682
9284
7656
4063
2548
4069
5674
5669
4909
4348
2799
134
-1235
-285
1061
577
-922
-1332
-861
-1337
-3001
-3846
-2825
-1313
-574
-245
159
-92
-1173
-2074
-1209
975
2073
1081
-633
-1523
-1833
-2256
-2898
-3135
-3154
-4194
-6159
-7741
-8282
-7836
-6442
-4211
-2380
-3013
-5882
-7692
-5910
-2021
399
766
1265
2726
3621
2906
2453
4027
6122
6767
6674
7746
8994
7853
4692
3005
4474
6686
6854
5599
4505
3057
1031
-181
536
1764
1589
249
-682
-673
-1046
-2332
-2949
-2067
-908
-357
-225
-174
-535
-1555
-2260
-1388
502
1263
53
-1704
-2677
-3113
-3576
-4048
-3964
-4007
-5263
-7306
-8746
-9016
-8133
-6324
-4279
-3043
-4036
-6562
-7388
-5059
-1523
458
870
1600
3019
3552
2924
3044
4923
6661
6966
6946
7982
8947
7493
4690
3833
5503
7088
6847
5699
4562
3086
1256
540
1694
2760
2115
528
-198
-90
-498
-1529
-1751
-691
342
574
466
456
184
-562
-998
-183
1243
1586
242
-1498
-2529
-2726
-3048
-3683
-4276
-4830
-6021
-7826
-9128
-8748
-6369
-4072
-3467
-5019
-6969
-7387
-5618
-2908
-775
499
1193
1656
1743
1958
2726
4156
5477
6225
6680
7435
7841
6822
5111
4401
5384
6685
7106
6445
5098
3433
1972
1793
2907
3619
2956
1570
612
393
28
-610
-601
159
703
602
330
248
-2
-558
-940
-346
744
831
-278
-1921
-2974
-3356
-3573
-3985
-4255
-4771
-6305
-8150
-9030
-7624
-4739
-2957
-3734
-5854
-7098
-6247
-3938
-1544
166
982
1042
826
1132
2242
3576
4380
4780
4946
5566
6236
6008
4841
3706
3674
4599
5691
5798
4767
2866
1095
574
1434
2568
2709
1688
337
-404
-691
-773
-585
-170
152
201
233
190
89
-312
-678
-423
270
660
154
-1105
-2529
-3264
-3341
-3365
-3701
-4535
-6118
-8189
-9453
-8539
-5626
-3138
-3313
-5623
-7690
-7718
-5747
-3067
-659
844
1003
134
-259
754
2482
3775
4303
4748
5511
5983
5657
4725
3843
3598
4012
4896
5612
5435
3816
1490
525
1347
2724
3228
2516
1379
408
-304
-562
-68
709
1089
837
630
707
671
390
53
213
677
883
535
-364
-1607
-2647
-3065
-3082
-3264
-4001
-5478
-7249
-8615
-8181
-5894
-3638
-3414
-5111
-6742
-6931
-5634
-3680
-1260
819
1424
505
-236
724
2534
3814
4221
4723
5631
6022
5365
4497
4189
4190
4164
4286
4943
5092
3599
1345
226
867
1823
2014
1695
1167
291
-898
-1462
-697
351
539
142
166
578
623
148
94
773
1219
909
363
-27
-562
-1407
-2117
-2294
-2413
-3270
-4965
-6499
-7031
-6268
-4512
-3308
-3668
-4994
-6034
-5853
-4472
-2774
-921
581
794
12
-301
810
2638
3914
4486
4930
5333
5089
4318
4030
4433
4878
4781
4487
4517
4315
3136
1519
971
1534
1996
1919
1554
984
-72
-1326
-1646
-644
450
497
-154
-434
-459
-617
-603
200
1232
1276
347
-551
-794
-791
-1016
-1428
-1761
-2279
-3271
-4594
-5744
-5889
-4783
-3391
-2910
-3724
-4919
-4905
-4231
-3524
-2444
-534
1226
1173
-102
-485
1106
2992
3747
4036
4925
5664
5029
3852
3747
4791
5324
4857
4636
5105
4887
3200
1655
2007
3187
3070
2147
1751
1661
819
-600
-657
689
1374
477
-529
-410
-144
-656
-1015
-172
850
658
-620
-1446
-1405
-1630
-2256
-2469
-2082
-2528
-4261
-6109
-6258
-4686
-3293
-3219
-4091
-4651
-4629
-4427
-4150
-3078
-1258
324
404
-378
-448
643
1943
2334
2576
3512
4571
4580
3603
3025
3542
3977
3702
3488
3897
4133
3159
1878
1802
2623
2689
1796
1315
1469
1039
-121
-748
-14
704
92
-782
-668
-248
-844
-1638
-1268
-226
-88
-1203
-2018
-1840
-1749
-2492
-3126
-2868
-2707
-3595
-4798
-5316
-4960
-4424
-4054
-3752
-3687
-3913
-3876
-3312
-2693
-2173
-1390
-64
789
657
289
853
1979
2454
2535
3136
4156
4022
2883
2291
2948
3581
3324
3052
3368
3293
2024
1070
1684
2657
2206
1152
1085
1482
1182
217
64
811
833
-79
-384
302
599
-269
-1043
-712
-199
-637
-1511
-1803
-1699
-2182
-3108
-3498
-3405
-3656
-4722
-5564
-5173
-4350
-4095
-4379
-4648
-4239
-3467
-3181
-2940
-2303
-1244
-267
111
228
801
1919
2564
2510
2684
3381
3982
3859
3423
3519
4031
3919
3312
3185
3373
3107
2232
1822
2284
2463
1698
1030
1086
1140
681
184
422
854
450
-359
-337
387
541
-51
-310
6
46
-617
-1256
-1127
-865
-1402
-2254
-2575
-2612
-2994
-3754
-4261
-3968
-3526
-3537
-3783
-4144
-4111
-3470
-2728
-2183
-1875
-1509
-944
-575
-377
178
1268
2104
1942
1621
2019
2852
3320
3071
2968
3309
3200
2734
2572
2912
3019
2472
2098
2456
2667
1868
913
856
1240
1182
829
832
991
496
-424
-528
261
629
149
-352
-278
-201
-734
-1419
-1310
-914
-1111
-1826
-2301
-2379
-2843
-3484
-3628
-2998
-2362
-2541
-3183
-3630
-3536
-2677
-1621
-931
-776
-836
-749
-246
261
796
1995
2905
2878
2241
2154
2936
3646
3574
3358
3775
3860
3019
2163
2351
2946
2773
2241
2216
2345
1689
689
505
1073
1209
604
229
505
480
-330
-676
-29
522
296
-164
0
127
-487
-1262
-1257
-689
-566
-1126
-1805
-2197
-2753
-3346
-3287
-2515
-1937
-2332
-3215
-3743
-3727
-3095
-2145
-1207
-735
-979
-1429
-1291
-637
242
1219
2015
2286
1834
1344
1591
2429
3103
3395
3467
3163
2367
1777
2086
2641
2668
2188
1857
1591
963
122
88
604
622
49
-302
-85
-141
-692
-922
-568
-168
-210
-380
-413
-528
-903
-1380
-1236
-818
-643
-853
-1323
-1795
-2388
-2889
-2918
-2242
-1543
-1590
-2347
-3145
-3566
-3427
-2536
-1310
-489
-588
-1394
-2033
-1851
-990
113
1250
1884
1572
700
251
748
1731
2423
2698
2676
2208
1488
1180
1520
2146
2270
1823
1334
980
498
2
-59
196
264
-145
-577
-700
-673
-877
-1019
-741
-533
-481
-611
-602
-502
-800
-1254
-1317
-895
-537
-623
-920
-1223
-1510
-1847
-1816
-1395
-975
-1076
-1624
-2086
-2188
-2076
-1814
-1105
-283
-35
-540
-1140
-1143
-524
187
789
1530
1965
1497
767
775
1636
2431
2521
2407
2540
2409
1786
1513
2016
2396
1725
983
1011
1210
710
-89
-308
-161
-436
-913
-858
-454
-484
-1147
-1590
-1331
-986
-976
-934
-669
-557
-903
-1263
-1046
-553
-366
-436
-481
-490
-775
-1068
-927
-640
-485
-674
-861
-960
-1110
-1211
-1178
-852
-484
-456
-718
-985
-940
-642
-300
123
706
819
447
304
623
1020
1311
1540
1834
2008
1739
1378
1345
1572
1636
1434
1274
1190
955
437
-78
-134
10
79
3
-68
-166
-430
-698
-616
-240
-151
-246
-405
-424
-425
-593
-708
-623
-251
-119
-280
-434
-417
-514
-686
-642
-318
80
-8
-240
-431
-524
-500
-426
-255
-3
98
-7
-191
-361
-317
-39
289
485
582
432
519
644
750
1105
1371
1422
1272
1104
973
935
950
945
828
816
817
688
535
460
432
342
325
567
785
644
304
66
29
172
236
314
365
237
57
-165
-263
-121
-49
-56
-158
-199
-311
-365
-391
-345
-273
-219
-202
-173
-52
-151
-198
-131
-100
-124
-22
144
176
83
52
117
48
112
244
318
260
236
308
282
229
105
116
134
181
154
98
59
-22
14
46
38
82
32
-87
-88
-76
59
118
152
182
134
99
58
15
132
159
-78
-129
-73
-61
-249
-326
-233
-322
-499
-518
-396
-381
-498
-682
-716
-659
-591
-563
-549
-572
-626
-553
-595
-659
-573
-362
-300
-434
-455
-372
-267
-293
-299
-177
-75
-154
-224
-158
-129
-200
-260
-200
-149
-178
-217
-296
-274
-272
-281
-184
-116
-133
-215
-202
-158
-131
-122
-60
43
73
230
230
184
188
165
229
232
201
216
240
174
83
58
95
56
-48
-1
-5
-95
-164
-115
-26
-99
-244
-337
-341
-364
-277
-182
-155
-213
-350
-401
-429
-354
-256
-225
-204
-186
-176
-200
-231
-241
-231
-228
-149
-59
-71
-139
-300
-310
-225
-87
-26
-47
-101
-112
-63
-6
-12
-17
59
143
111
181
231
209
109
40
219
326
247
97
53
134
205
145
178
203
181
131
38
118
221
246
260
210
175
108
42
34
85
95
80
30
-41
-47
-93
-66
-51
-54
-114
-157
-198
-173
-142
-221
-269
-291
-252
-270
-315
-320
-322
-302
-331
-340
-254
-196
-191
-232
-132
46
125
79
39
111
276
408
434
475
501
443
390
378
454
538
572
519
456
438
411
336
278
345
408
612
622
562
477
301
201
306
453
486
445
334
245
113
23
35
130
218
289
102
2
92
96
100
128
224
277
186
-82
-217
-109
72
52
7
48
66
13
-80
-72
81
262
