139
1.71464
1.22309
1.90539
1.1024
2.57403
-0.658009
0.997257
0.601418
0.798778
-0.458435
0.507519
0.0210118
1.70685
1.32396
2.47754
1.22345
2.06832
-0.452198
1.35632
0.706606
1.01333
-0.208479
0.448222
0.0417553
1.6154
1.32775
2.63949
0.58908
1.85542
-0.539792
1.55675
0.894876
1.55102
0.340332
0.576933
0.0155321
1.4906
1.27167
2.59492
0.387563
2.07549
-0.447203
1.91141
0.842243
1.43578
0.101155
0.58501
-0.00632425
1.81683
1.39179
2.32933
0.721449
2.72625
-0.132212
1.6152
0.255275
1.18163
-0.0595957
0.688577
0.0264268
1.93199
1.6385
2.17533
0.796642
2.57973
-0.203099
1.226
0.0144349
1.22261
0.0934472
0.694461
0.0528964
3.40161
2.06042
1.92244
2.2207
3.14932
-0.0426894
-0.316004
-0.25724
0.297693
-0.742284
-0.130169
-0.0408481
5.52514
1.32595
1.51832
3.10621
3.48553
-0.554613
-1.4903
-0.980271
-0.182073
-1.04203
-0.390556
0.00946995
6.65178
0.792543
0.969483
3.20102
3.38484
-0.831358
-2.09766
-1.38019
-0.5324
-0.867663
-0.509677
-0.0355656
6.34086
1.29186
0.930319
2.84052
3.34887
-0.387579
-2.66522
-1.55144
-0.523243
-0.979159
-0.540958
-0.0672952
6.31817
1.30796
1.96988
2.32822
3.96268
-0.654589
-2.65346
-1.42297
-0.404524
-0.871754
-0.591584
-0.0869095
6.53734
1.28094
1.75787
1.78256
4.37649
-0.554189
-1.93551
-1.76693
-0.625807
-0.705989
-0.599016
-0.0408384
6.55408
1.2066
1.41048
2.01113
4.18168
0.11558
-2.10217
-1.7687
-0.550627
-0.904852
-0.526571
-0.0353782
6.26226
1.62706
0.768704
2.06206
4.32937
0.728534
-2.24613
-1.59133
-0.485856
-0.949013
-0.425318
-0.0672996
6.47276
1.20307
1.296
1.70285
4.83281
1.38829
-2.32235
-1.29851
-0.412114
-0.919616
-0.410666
-0.0806369
6.67472
0.691276
1.73578
1.95791
5.03645
1.60965
-2.43305
-1.14326
-0.236491
-0.765678
-0.388806
-0.093301
6.6764
0.738404
1.36387
2.39691
5.63234
0.650432
-2.21639
-1.0857
-0.374371
-0.374958
-0.426574
-0.127799
6.49781
0.889427
1.48179
2.52148
5.20663
1.34658
-2.9185
-0.827273
-0.235432
-0.624205
-0.31091
-0.136986
6.74258
0.648504
1.59703
2.79455
5.08599
1.36822
-2.71902
-1.00318
-0.150177
-0.616815
-0.361004
-0.112967
6.69245
0.0978562
2.50677
2.57849
4.97471
1.87741
-3.20512
-1.03706
0.220417
-0.815796
-0.328832
-0.0871897
6.41878
0.151002
2.74661
2.48617
5.04239
1.57319
-3.55904
-0.810597
0.220849
-0.921855
-0.280292
-0.103793
5.87791
0.823544
2.20921
2.7617
4.85544
1.25486
-3.58485
-0.77544
0.0480725
-0.968094
-0.26599
-0.109067
6.48423
0.0994785
2.8471
2.62423
5.08359
0.487579
-3.51413
-0.805296
-0.118073
-0.778802
-0.361978
-0.130794
6.89791
-0.0240029
2.61505
2.79855
4.47255
0.338958
-3.35329
-1.0813
-0.205589
-0.778306
-0.412124
-0.105186
6.49353
0.660596
2.26525
2.83637
3.88671
0.43823
-3.16192
-1.29683
-0.2359
-0.903683
-0.439299
-0.0751219
6.05972
1.00441
2.4999
2.90149
3.63543
0.132278
-3.08173
-1.40383
-0.0552729
-0.944732
-0.508167
-0.0821193
5.9869
0.611622
3.44116
2.54189
3.47138
0.361707
-3.73216
-1.19997
0.300727
-1.17871
-0.533477
-0.0630371
5.40903
1.17849
2.77764
2.87248
3.0316
0.565846
-3.67513
-1.32026
0.370144
-1.35098
-0.44991
-0.0265739
5.92771
0.838133
2.65427
2.57491
3.11042
0.762885
-3.29001
-1.57289
0.126075
-1.38087
-0.481624
0.034536
6.31287
0.332133
2.95561
2.70244
2.92257
0.693763
-3.42696
-1.59257
0.157402
-1.2573
-0.551966
0.0348178
6.14322
0.347274
3.35194
2.02079
3.51173
0.214325
-3.36289
-1.43585
-0.00838109
-1.24207
-0.535023
0.0109549
5.28656
1.28142
3.07033
2.76268
2.63567
0.232394
-3.43017
-1.3575
0.224166
-1.36096
-0.438166
-0.0242079
5.63389
0.966396
3.7329
2.43444
2.8328
-0.0601631
-3.41079
-1.15396
0.142129
-1.30307
-0.530417
-0.0449885
5.66681
1.22349
3.20688
2.26471
3.2721
-0.445755
-3.18686
-1.17308
-0.0914725
-1.22098
-0.529537
-0.0686126
6.38687
0.126932
4.17826
0.656265
3.76032
0.334326
-3.5333
-1.23683
-0.353179
-1.21766
-0.622975
-0.0314431
6.01122
0.93363
3.2099
1.22912
3.62785
0.279686
-3.40916
-1.58535
-0.0625236
-1.3573
-0.569701
-0.0350732
5.61204
1.60976
2.36244
1.84206
3.67868
0.104688
-3.25248
-1.49855
-0.266865
-1.36595
-0.435125
-0.0973276
5.43471
1.66318
2.2901
2.01122
3.5229
0.00258242
-3.55
-1.32984
-0.162509
-1.52049
-0.438348
-0.101479
5.53815
1.43448
2.34066
1.537
4.15854
-0.530438
-3.34301
-1.39925
-0.367575
-1.43645
-0.492397
-0.0811163
5.86953
0.887465
2.96198
0.763509
4.71369
-0.792999
-3.02287
-1.31862
-0.815176
-1.22179
-0.680527
-0.0292651
5.601
1.33094
2.00964
2.12278
3.38139
0.0939857
-3.4572
-1.6663
-0.195258
-1.54917
-0.470738
-0.0470446
5.71985
1.32888
1.76284
2.17942
3.36174
0.41932
-3.63833
-1.68473
-0.330383
-1.48645
-0.438389
-0.058512
5.71304
1.08317
2.26179
1.54886
3.91606
0.215951
-3.35957
-1.88577
-0.285424
-1.4844
-0.455714
-0.0318689
5.89422
0.550959
3.18574
0.640035
4.84588
-0.269853
-3.18
-1.56658
-0.799512
-1.22743
-0.644486
-0.00469756
5.77816
1.15243
2.39199
1.58235
4.47864
-0.520802
-3.05064
-1.53046
-0.638953
-1.26678
-0.543055
-0.0672848
6.06482
1.3028
1.85818
2.16073
3.87116
-0.159516
-3.22729
-1.52118
-0.639915
-1.26991
-0.522507
-0.0923801
6.22976
0.701237
2.57508
1.2492
4.37719
-0.124797
-3.11589
-1.73531
-0.739632
-1.21021
-0.600467
-0.0478281
5.91655
0.902874
2.27504
1.71255
4.05685
-0.129957
-3.18037
-1.8346
-0.49824
-1.33905
-0.533014
-0.0375912
6.13122
0.539473
2.58367
1.23665
4.63793
-0.609027
-3.14934
-1.6306
-0.896787
-1.06942
-0.604726
-0.0458353
5.6419
1.13206
1.99637
1.69584
4.22504
-0.437009
-3.33328
-1.79335
-0.463511
-1.29023
-0.454698
-0.0577683
6.11908
0.385795
2.66944
1.33269
4.21469
-0.145721
-3.50398
-1.87085
-0.50309
-1.20428
-0.583653
-0.0295379
6.00723
0.900637
1.91514
1.85385
4.16975
-0.141617
-3.49783
-1.73665
-0.580171
-1.23827
-0.467238
-0.0661125
6.26494
0.783685
1.97316
1.53622
4.7237
-0.427566
-3.422
-1.49088
-0.967842
-1.06019
-0.458941
-0.0856342
5.73835
1.52751
1.1309
2.48283
3.92808
-0.238273
-3.31996
-1.6306
-0.668953
-1.16704
-0.403565
-0.080497
6.54823
0.740693
1.79258
1.7841
4.30169
-0.569102
-3.12717
-1.59349
-0.954808
-0.962899
-0.484043
-0.0667372
6.01691
1.56501
0.943419
2.39036
3.89392
-0.586806
-3.21167
-1.55126
-0.857999
-0.96923
-0.423909
-0.080738
6.24931
1.28101
0.817788
2.33684
4.10939
-0.648036
-3.28296
-1.68897
-0.864711
-0.900648
-0.435886
-0.0726348
6.01466
1.3193
0.818454
2.04693
4.17572
-0.536265
-3.34818
-1.83699
-0.878799
-0.962462
-0.366761
-0.0621914
6.02772
0.787121
1.67403
1.15934
4.64836
-0.925009
-3.12128
-1.98167
-0.964893
-0.852227
-0.441814
-0.019013
5.63445
1.21873
1.26318
1.40786
4.50406
-1.04033
-3.25338
-1.88451
-0.866245
-0.937703
-0.319648
-0.0386347
5.85808
1.06048
1.16877
1.67315
4.1848
-1.11341
-3.05378
-1.99893
-0.866099
-0.870267
-0.340217
-0.0145857
6.23862
0.537219
1.73489
1.1089
4.18832
-0.793095
-3.22429
-2.0034
-0.908053
-0.811845
-0.383807
-0.000391987
6.26439
0.836289
1.14644
1.65403
3.63894
-0.36413
-3.43619
-2.01049
-0.713033
-0.907112
-0.291676
-0.0102866
6.35028
0.6718
1.17936
1.69899
3.39943
-0.0791761
-3.52481
-2.04442
-0.629612
-0.927153
-0.259238
0.0133622
6.34549
0.546011
1.27796
1.48215
3.57778
-0.194504
-3.42948
-2.08975
-0.622517
-0.882573
-0.25256
0.0301101
6.50893
0.157021
1.61532
1.27429
3.52497
0.0249477
-3.62479
-2.03792
-0.53792
-0.918614
-0.250329
0.0511187
6.66308
0.164041
1.40836
1.47077
3.4505
-0.0765164
-3.56904
-1.96882
-0.596684
-0.863535
-0.24551
0.0434378
6.47038
0.371807
1.39403
1.1133
4.1714
-0.90793
-3.02741
-1.93068
-0.884168
-0.61889
-0.3295
0.0388054
6.06957
0.0735048
2.36102
0.515348
3.94717
-0.00641726
-3.35798
-2.24037
-0.334833
-0.902757
-0.404952
0.108121
5.91348
0.410178
1.98416
1.15096
3.59683
0.601497
-3.40129
-2.4083
0.0183231
-1.1868
-0.356213
0.0944795
6.23603
-0.113634
2.6555
0.530373
4.59883
0.17263
-3.19162
-1.99848
-0.697358
-0.820146
-0.490025
0.0564871
5.76167
0.698922
1.59418
1.37737
4.46748
-0.416019
-2.77845
-1.79374
-0.549164
-0.948885
-0.327469
0.0317714
6.19414
0.386746
1.38905
1.93053
4.13653
-0.661667
-2.59248
-1.59313
-0.634991
-0.779797
-0.371186
0.0174355
6.23463
0.672207
0.895173
2.32682
3.41787
-0.506228
-2.89651
-1.27759
-0.5323
-0.770666
-0.282716
-0.00252118
6.13507
0.78481
0.893837
2.05566
2.88263
-0.329836
-3.08451
-1.13573
-0.404736
-0.759887
-0.218217
0.0114011
5.80709
0.935208
0.778008
1.73508
2.55414
-0.322404
-3.31732
-0.982782
-0.177585
-0.75395
-0.146005
0.0272363
6.28007
0.604496
0.739647
1.58113
2.49372
-0.703916
-3.2791
-0.69575
-0.273371
-0.630823
-0.10104
0.0494196
6.21449
0.947455
0.497286
1.90858
2.50223
-1.77755
-2.60617
-0.738705
-0.141661
-0.346909
-0.173816
0.0369189
6.36708
1.59193
0.565874
2.15995
2.41911
-2.5144
-2.28637
-0.532727
-0.159853
-0.0402747
-0.170874
0.0164866
6.15363
2.58524
0.96766
1.8801
2.18066
-1.80753
-2.04466
-0.695348
-0.351098
0.341427
-0.0675196
-0.0415385
6.21598
3.02176
1.13445
1.4966
2.8758
-0.375618
-1.72739
-0.782912
-0.153803
0.310781
-0.0673286
-0.100483
5.3752
2.9154
1.31482
1.88473
2.8105
0.911261
-0.699282
-0.758465
-0.30332
0.141555
0.194658
0.00725237
5.92615
2.77405
0.452196
1.85021
3.37047
-0.338762
-0.00698093
-0.971405
0.00858051
0.22704
0.229194
0.104814
6.10936
2.61116
0.255422
2.46869
3.67774
-1.42796
0.0641904
-0.393273
0.461937
0.22265
0.0215315
0.128362
6.03748
3.1352
0.470508
3.40399
2.91029
-2.40845
0.105196
0.18457
1.14493
0.20718
-0.0238261
0.120187
5.5414
3.42349
1.51663
3.26936
2.03411
-2.53818
-0.0170928
0.562076
1.30395
0.235806
0.0087481
0.118537
5.71379
2.94231
1.209
2.83437
2.82826
-2.39873
-0.115399
0.602814
1.00843
0.452777
-0.0833929
0.113826
6.04975
2.75189
1.1915
2.87719
3.2676
-2.48772
-0.200163
0.951026
0.7908
0.593646
-0.13362
0.120384
5.7462
2.65414
1.49554
3.44835
2.92737
-2.65949
-0.458924
1.20367
0.928606
0.646853
-0.140179
0.107682
5.49515
2.61027
1.48184
3.45395
2.65917
-2.48175
-0.262746
0.948009
1.18699
0.496641
-0.129697
0.0892714
5.47014
2.48899
1.30531
3.21301
2.50581
-2.05238
-0.175579
0.885049
1.15785
0.318205
-0.0826299
0.0810945
5.97333
2.15708
1.26978
3.77565
3.35393
-2.52523
-0.452133
1.29662
1.01318
0.539259
-0.172765
0.0871429
5.84918
2.0184
0.835023
3.93472
3.58042
-2.01276
-0.356159
1.04089
1.01237
0.411542
-0.207753
0.0507951
5.43232
2.1087
1.02302
3.85769
3.09417
-1.93514
-0.133472
0.813259
1.12293
0.337513
-0.164695
0.0415426
5.14835
1.88558
1.38408
3.75557
3.08834
-1.46034
-0.383333
1.1111
0.861993
0.274791
-0.188149
0.0311075
5.58684
1.6302
1.30127
3.67035
3.38948
-1.23815
-0.603459
1.59234
0.575111
0.339691
-0.165235
0.0221783
5.6293
1.67195
1.09971
3.62632
3.79311
-1.13573
-0.27545
1.49572
0.44437
0.319879
-0.183287
0.027777
5.57802
1.66654
1.11518
3.73014
4.02732
-1.30181
-0.0396828
1.39914
0.48095
0.394516
-0.199137
0.0279611
5.26211
1.57189
1.27603
4.16611
4.15192
-0.353007
-0.0445401
1.18293
0.453054
0.213655
-0.169956
0.00482963
5.26136
1.46593
1.21047
4.12502
4.39965
-0.0152843
0.0740956
1.14421
0.574083
0.0939211
-0.186849
0.0141411
5.3002
1.54541
1.06359
3.82234
4.37892
-0.242785
0.15023
1.07308
0.579617
0.0722628
-0.183848
0.0356052
5.39554
1.50571
0.916416
3.76552
4.44775
-0.178893
0.102574
1.02882
0.507015
0.110663
-0.14009
0.0457754
5.37428
1.39965
0.988744
3.93576
4.59693
0.21754
0.220862
1.02341
0.547327
0.0411093
-0.123893
0.0484179
5.46505
1.30206
1.04759
3.66092
4.90559
0.295031
0.0295542
1.15019
0.472153
0.140972
-0.118115
0.0434496
5.61871
1.1836
1.08016
3.42032
5.20489
0.479589
-0.152635
1.24317
0.387021
0.192376
-0.0895194
0.0397863
5.7387
1.25481
0.939155
3.62899
5.51007
0.273411
0.303895
0.939049
0.561005
0.165738
-0.143623
0.0738069
5.8312
1.53381
0.675578
3.38964
5.60683
0.276748
0.43673
0.759274
0.587474
0.145015
-0.172917
0.0913016
5.74109
1.63289
0.657903
2.98706
5.8181
0.602156
0.356895
1.02676
0.408199
0.214506
-0.169523
0.0839361
5.59558
1.24084
0.739297
3.35071
5.86642
1.00842
0.509973
1.46499
0.44146
0.260883
-0.126552
0.0741865
5.57653
0.818108
0.66962
3.95359
5.73151
0.54788
0.870878
1.60228
0.859531
0.296267
-0.209593
0.0694195
5.47773
0.595155
0.571452
4.24994
5.86956
0.81128
1.13972
1.82471
0.937097
0.274016
-0.23493
0.0764904
5.30409
0.687042
0.657844
4.13979
6.33855
0.941948
1.07995
1.714
0.822328
0.388098
-0.195566
0.096066
5.35594
1.11136
0.631182
4.13892
6.11802
0.0556196
0.728678
1.04955
1.05829
0.460707
-0.176787
0.0955828
5.26985
1.20521
0.644386
4.23872
5.99754
0.0549046
1.00783
0.703951
1.14438
0.361311
-0.111727
0.112347
5.28885
1.06978
0.652524
4.41761
5.67463
0.370203
1.3406
0.717213
1.11892
0.215097
-0.0193984
0.126645
5.34898
1.4421
0.680267
3.54229
4.8122
0.535959
1.28736
0.914784
0.749449
0.049605
0.0470018
0.152596
5.3762
1.94106
1.11975
2.63201
3.64765
0.407597
1.31587
1.26768
0.542357
0.0201084
0.104525
0.148819
4.60205
2.56304
2.35919
3.09867
3.9771
0.712707
1.63052
1.01507
1.14306
0.23649
0.00493564
0.0671684
4.13958
2.6565
2.77484
3.55011
4.34032
1.2839
1.80873
0.953071
1.26918
-0.078488
0.120093
0.0862036
4.30754
3.34406
3.2173
3.05973
2.79818
0.115103
1.54296
1.32699
1.51979
0.0110695
0.0823842
0.083265
4.38655
3.60674
2.95808
2.06104
2.30451
0.149045
1.38805
1.05675
1.4643
0.357529
0.156156
0.0713948
4.48835
3.64867
2.4771
1.36032
2.32137
0.831813
1.81381
0.618133
1.02266
0.242115
0.219542
0.0777317
4.31962
3.72966
2.62932
1.41076
2.21072
0.642053
1.71679
0.963434
0.980619
0.123832
0.26182
0.0721077
4.25484
3.56914
3.17672
1.38676
2.14749
0.275487
1.43709
1.24809
1.1103
0.30087
0.248137
0.0801717
4.21193
3.50274
3.36503
1.50997
2.28451
-0.0340023
0.996071
1.20366
1.38891
0.571748
0.213909
0.101545
3.97015
3.2422
3.46381
1.89675
1.60414
-0.405654
1.36718
0.866164
1.50727
0.456419
0.327948
0.14926
3.65828
3.11173
3.17381
1.70396
1.5264
0.0915129
1.836
0.0623805
1.7477
0.321305
0.413326
0.147943
3.38819
2.75881
3.19187
1.56744
2.23195
0.68331
1.97599
0.502872
1.4046
0.187248
0.355049
0.127226
3.09066
2.23367
3.5369
1.66023
2.40705
0.630475
1.15651
0.793919
1.03817
0.541509
0.374405
0.109447
2.75896
2.29101
3.20597
1.3642
2.04998
-0.167064
0.715183
0.416223
1.51013
0.752994
0.62584
0.136246
2.65381
2.58206
3.02118
0.839523
2.64742
-0.0298119
1.07613
0.486418
1.0517
0.50475
0.868606
0.108642
3.24387
2.60802
2.51789
0.456647
2.32358
-0.554848
1.06898
0.899322
1.29679
0.330198
0.788783
0.150455
3.2006
2.73827
2.72399
0.636813
1.5966
-0.965838
1.23809
0.696283
1.69448
0.23843
0.789219
0.168775
2.63498
2.20516
3.03234
1.07162
2.10487
-0.737623
1.47456
0.631622
1.42229
0.186626
0.796043
0.136093
2.49212
2.2478
2.94084
0.812164
2.68086
0.219854
1.79132
0.509323
1.08682
0.0694622
0.67941
0.100066
2.31443
2.16346
2.81527
0.734663
2.39992
0.33409
1.48241
0.360792
0.967762
0.201915
0.72756
0.0609835
2.18509
1.73407
2.9303
1.0081
2.30275
-0.627823
0.577893
0.252072
1.04176
0.321077
0.73405
0.0458473
2.08236
1.48533
2.67305
0.652758
1.89005
-0.358373
0.607552
-0.175559
1.13411
0.461764
0.586173
0.0108812
2.30377
1.45575
2.30668
0.596441
1.7864
-0.495378
0.731518
-0.530825
1.01903
0.187122
0.521259
0.0182831
