120
2.04369
1.03237
1.58523
0.684818
2.53231
0.0299101
1.58799
0.273391
1.2021
0.14457
0.751655
0.0345658
1.8752
1.18026
1.86624
0.595815
2.23917
0.461688
1.78404
0.0221683
0.790935
-0.157695
0.495644
0.055538
1.92406
1.36999
2.33136
0.505009
2.30178
0.550203
1.28901
-0.250722
0.368113
0.0778411
0.480721
0.0779996
2.0227
1.08179
2.11799
0.700075
2.51726
0.415278
1.09448
-0.2463
0.521212
0.203263
0.599593
0.0843001
1.90102
0.860615
1.97065
0.670529
2.26424
0.464559
1.32005
-0.0560371
0.831817
-0.000662616
0.490954
0.077801
2.61246
2.05202
3.23664
1.81041
2.69899
0.0305937
0.651
-0.0182214
0.301546
-0.419871
0.320531
0.00658076
3.82158
3.20521
3.9277
2.68775
2.81959
-0.146298
0.102219
-0.982423
-0.126096
-0.956469
0.0200479
-0.0556593
5.07145
2.57857
2.48091
2.89459
3.3817
-0.279369
-0.923223
-1.20947
0.165684
-1.35756
-0.29582
-0.0251573
6.30163
1.56007
1.47876
2.98912
3.68462
-0.621606
-0.927075
-1.73716
-0.200137
-1.15316
-0.607111
0.0144007
6.79257
1.18211
0.895242
3.16728
3.86204
-1.12276
-1.57182
-1.8788
-0.579155
-1.05052
-0.663747
-0.029348
6.51222
0.88062
1.52344
2.69945
3.84803
-0.373617
-2.33773
-1.7513
-0.496684
-1.06148
-0.619296
-0.0253428
6.57036
0.847221
1.59908
2.5854
4.14473
-0.32548
-2.34016
-1.50919
-0.450768
-0.919919
-0.58159
-0.0319822
6.61937
0.740018
1.76967
2.68615
4.36998
-0.604976
-2.15126
-1.50504
-0.476497
-0.787305
-0.634149
-0.0517465
6.16498
1.03926
1.44372
3.02553
3.91566
0.107453
-2.53075
-1.711
-0.244519
-0.982738
-0.513252
-0.047272
6.82915
0.491629
1.41985
2.44168
4.38366
0.198561
-2.23963
-1.73769
-0.631811
-0.88063
-0.530359
-0.0125846
7.16207
0.302374
1.16152
2.37197
4.49068
0.618889
-2.5142
-1.68375
-0.610093
-0.768618
-0.476129
-0.0475682
6.9769
0.296468
1.39153
2.60216
4.26801
1.24285
-3.27844
-1.55495
-0.263279
-0.782411
-0.408649
-0.0820801
6.66396
0.538476
1.34359
3.15676
4.56306
0.952017
-3.45018
-1.46814
-0.153416
-0.584295
-0.4155
-0.138302
6.79163
0.25316
1.6514
2.97354
5.44725
-0.152975
-2.7721
-1.50456
-0.315172
-0.289768
-0.523865
-0.153326
6.07289
0.859278
1.52982
3.50548
5.04686
-0.348492
-3.14036
-1.39236
-0.0401628
-0.419098
-0.51683
-0.172936
6.5896
0.130727
2.27959
3.30501
4.92321
-0.319974
-3.38199
-1.36696
-0.0861563
-0.460105
-0.544664
-0.167057
6.59134
-0.00440636
2.59235
3.03155
4.50591
0.0431473
-3.26318
-1.64107
-0.0888154
-0.59975
-0.565568
-0.124155
6.68655
0.0279277
2.77672
2.83409
4.16198
0.527457
-3.5912
-1.5995
0.00558686
-0.81661
-0.526567
-0.105415
6.06262
0.802277
2.48506
3.09778
3.73045
0.671658
-3.89191
-1.27859
0.0795127
-1.03961
-0.467415
-0.095596
6.19934
0.575699
2.75711
2.54243
4.12571
0.564221
-3.70081
-1.34381
-0.0776347
-1.11407
-0.427109
-0.0744235
6.13436
0.644959
2.64462
2.0636
4.5375
0.385848
-3.24214
-1.6352
-0.265458
-1.0308
-0.451586
-0.0471241
6.12598
0.71646
2.75732
1.53984
4.69791
0.582537
-3.07735
-1.88636
-0.255115
-1.02889
-0.49476
-0.0229103
6.39263
0.365364
3.04915
1.31837
5.0229
0.541018
-3.29506
-1.60838
-0.495839
-0.860272
-0.484274
-0.065095
6.14547
0.703149
2.71287
1.79795
4.76398
0.296986
-3.24992
-1.581
-0.328032
-0.904053
-0.447535
-0.076372
5.98789
0.952363
2.35307
2.00638
4.44499
0.637936
-3.57381
-1.45344
-0.252024
-1.11348
-0.324455
-0.0767139
6.37791
0.450812
2.56729
1.87917
4.3656
0.846482
-3.87948
-1.29329
-0.329673
-1.16498
-0.261846
-0.0627358
5.94377
0.974275
1.77458
2.31376
4.53618
0.126918
-3.48784
-1.31908
-0.519374
-0.970915
-0.283968
-0.0687352
5.88071
0.93116
1.63602
2.18136
4.75138
-0.113009
-3.09568
-1.5404
-0.575872
-0.949546
-0.300515
-0.0275784
5.9655
0.712128
1.7957
2.32968
4.20018
0.798061
-3.36942
-1.63727
-0.381592
-1.21398
-0.261361
0.0111748
6.23083
0.443219
1.76802
2.33825
4.61447
0.580312
-3.23
-1.58645
-0.508831
-1.00001
-0.297516
-0.0190375
6.01964
0.624121
1.61937
2.5813
4.23499
0.843438
-3.59448
-1.51285
-0.443638
-1.10369
-0.238646
-0.0215218
6.04012
0.5032
1.53595
3.01381
3.83004
0.657644
-3.55446
-1.77172
-0.319084
-1.01176
-0.33264
-0.0235486
6.20173
0.360793
1.74012
2.57061
4.46243
-0.00568309
-3.44033
-1.71524
-0.556459
-0.893749
-0.345688
-0.0566658
6.16777
0.42061
1.77384
2.56689
4.41443
0.169561
-3.6671
-1.65515
-0.525007
-0.960003
-0.33734
-0.0728541
6.27193
0.190564
2.00695
2.95525
3.85982
0.442537
-3.84281
-1.65267
-0.337989
-1.07441
-0.393527
-0.0557742
6.80618
-0.458761
2.37949
2.91727
4.06359
-0.330451
-3.50001
-1.69556
-0.52757
-0.877322
-0.503131
-0.081078
6.30648
-0.0373477
2.34689
3.07819
3.51627
0.349784
-4.22171
-1.60305
-0.0876399
-1.14242
-0.487186
-0.0689591
6.31699
-0.118469
2.77821
2.82644
3.44237
0.384044
-4.48317
-1.38806
0.0640011
-1.29076
-0.474343
-0.0663967
5.61399
0.800028
1.93144
3.13642
3.56848
-0.3064
-3.93171
-1.35938
-0.174659
-1.14115
-0.474485
-0.0907598
6.1649
-0.0425897
2.8605
1.88284
4.59567
-0.68428
-3.66535
-1.32456
-0.642309
-0.980079
-0.510535
-0.0706975
5.74283
0.666715
1.98922
2.75193
3.95627
-0.457675
-3.82544
-1.4497
-0.265655
-1.09846
-0.442913
-0.0797045
5.91673
0.298884
2.50171
2.73219
3.36136
0.00448228
-4.35754
-1.23903
0.00586709
-1.27183
-0.445725
-0.0569549
5.65823
0.735539
2.17554
2.57147
3.47957
-0.562928
-3.4633
-1.54862
-0.139095
-1.22499
-0.484436
-0.0284623
6.0771
-0.0904991
3.18822
1.41524
4.01812
-0.624236
-3.25577
-1.60548
-0.521815
-1.04027
-0.621736
0.0297921
5.72183
0.544463
2.35067
1.82402
4.13723
-0.869069
-3.34265
-1.66062
-0.37698
-1.07159
-0.471958
-0.00585392
5.81905
0.451102
2.04389
1.74329
4.4156
-0.979936
-3.43137
-1.58083
-0.598076
-0.968467
-0.412646
-0.0132429
5.94083
0.307212
1.93407
1.93552
3.78895
-0.575879
-3.62122
-1.73669
-0.443407
-1.12794
-0.375814
0.0170852
6.42816
-0.25898
2.34701
1.75137
3.50683
-0.660641
-3.6026
-1.7487
-0.54364
-1.03863
-0.451969
0.0316145
5.87843
0.730006
1.2659
2.44453
3.52342
-1.35847
-3.3405
-1.81698
-0.456576
-0.944841
-0.411755
-0.0020675
6.13416
0.318243
1.61978
1.96943
3.76706
-1.48512
-3.17559
-1.89272
-0.561225
-0.84729
-0.482053
0.0290945
6.04162
0.434246
1.64322
1.6684
3.55448
-1.01304
-3.33956
-1.83313
-0.515624
-1.05743
-0.408344
0.0521614
6.51107
0.224934
1.52757
1.65636
3.86121
-1.45598
-3.061
-1.61179
-0.846883
-0.825213
-0.454333
0.0407141
5.83037
1.06046
0.700144
2.48585
3.17916
-1.01318
-3.15707
-1.74691
-0.414152
-1.0361
-0.353504
0.0231661
6.10542
0.297344
1.95015
1.36076
3.81849
-0.879674
-2.78647
-1.88588
-0.484418
-1.00292
-0.546665
0.0846105
5.93153
0.422389
2.16779
1.1862
3.74995
-0.253883
-3.11949
-1.61738
-0.221244
-1.25267
-0.4672
0.0753543
6.10047
0.45553
1.63735
1.54642
3.59371
-0.38279
-2.90319
-1.53247
-0.382256
-1.12767
-0.413948
0.0638092
5.97734
0.910592
0.814678
1.90931
3.35937
-0.422773
-2.96518
-1.30136
-0.492101
-1.07175
-0.297721
0.0466476
6.54168
0.442457
0.837308
1.66824
3.42312
-0.875584
-2.63079
-1.27457
-0.614866
-0.860912
-0.327928
0.0727429
6.51567
0.864455
-0.0347012
2.03543
2.96134
-0.823829
-2.90626
-0.979797
-0.640637
-0.74587
-0.221841
0.0799149
6.89972
0.486171
-0.0935655
1.92551
2.63394
-0.645294
-3.21099
-0.874754
-0.566593
-0.658707
-0.131484
0.102252
6.7448
0.355302
-0.0360213
1.57457
2.71719
-0.908627
-3.03702
-0.974633
-0.497321
-0.603857
-0.0776333
0.119808
6.62754
0.276109
0.167793
1.21732
2.5491
-0.471754
-3.49017
-0.7711
-0.413149
-0.660625
0.0154364
0.121358
6.55701
0.379574
-0.070957
1.39109
2.3501
-0.325736
-3.60236
-0.71555
-0.407217
-0.608098
0.021848
0.127527
7.14084
0.279831
-0.493427
1.84578
2.40567
-0.736698
-3.20621
-0.837312
-0.443485
-0.454532
-0.0210622
0.128384
6.87868
0.725713
-1.08541
2.25914
2.69161
-1.30668
-2.64468
-0.996997
-0.430985
-0.388283
-0.0729261
0.120847
7.03042
1.12521
-1.30469
2.50523
2.95702
-1.74293
-2.26206
-0.947673
-0.340356
-0.39465
-0.138462
0.109402
6.47785
1.34132
-0.918533
2.48466
2.77296
-1.7091
-2.14082
-0.637544
-0.341652
-0.411206
-0.20128
0.0795642
7.13358
1.26935
-0.718483
2.06904
2.97997
-1.48297
-1.81777
-0.568501
-0.440786
-0.265703
-0.121878
0.0637088
6.92406
1.65447
-0.772428
1.07958
3.05589
-0.127715
-2.21413
-0.736171
-0.558225
0.128255
-0.00576758
-0.0310844
7.17526
2.0748
-1.07067
0.876375
3.54483
-0.258104
-1.62443
-0.58723
-0.530657
0.37817
0.0296986
0.00140575
5.9566
2.4353
-0.596244
0.861107
3.19842
-0.336073
-0.347056
-0.611144
-0.141207
0.320639
0.198752
0.103618
6.2241
2.39779
-0.95902
1.47482
4.25965
-1.69314
0.145462
-0.186965
0.297815
0.576355
0.045761
0.265769
6.20804
2.26852
-0.370387
1.83481
3.69139
-1.6891
-0.122904
0.333544
0.530162
0.407027
-0.00832387
0.188955
5.80114
2.31594
0.0649717
1.78415
2.75448
-1.59202
0.0340123
0.492402
1.14964
0.0544201
-0.0274425
0.129134
6.00962
2.42354
0.0336192
1.83188
2.74329
-2.16287
0.233123
0.578187
1.45887
0.149758
-0.109434
0.128547
6.23239
2.47802
-0.389502
2.02939
2.87159
-2.30215
0.417904
0.125766
1.7503
0.232501
-0.0439509
0.116063
5.9251
2.67053
-0.391949
1.60203
3.04358
-1.9813
0.275678
0.15624
1.75044
0.34836
-0.0707901
0.083045
5.86811
2.52107
-0.102553
1.69337
3.02543
-1.80507
0.0729563
0.610576
1.47335
0.448106
-0.0953528
0.0799419
6.35094
2.50871
-0.490272
2.02282
3.71688
-2.18331
-0.0346462
0.50202
1.39776
0.701084
-0.155045
0.115052
6.32371
2.63535
-0.390801
1.74761
4.14985
-2.15962
-0.170288
0.528134
1.03525
0.845436
-0.227186
0.134251
6.30482
2.81772
-0.356295
2.21663
3.81624
-1.9275
0.212128
0.000621228
1.32389
0.509022
-0.127652
0.103871
6.35868
2.3312
0.0585655
2.14613
3.85247
-1.6987
-0.219626
0.566782
1.15876
0.690716
-0.1579
0.0638555
6.22906
1.97427
0.297482
1.9673
3.89005
-1.26415
-0.902328
1.23043
0.937383
0.838119
-0.142565
0.00222934
5.95967
2.1123
0.278175
1.95374
3.65679
-1.0336
-0.324021
0.821865
1.03021
0.571621
-0.149508
0.0164331
5.70419
2.29908
0.656966
2.05319
3.33783
-1.20419
-0.16702
0.702299
1.08875
0.529514
-0.125195
0.0193316
5.75722
2.43531
1.06897
1.78533
3.19934
-1.29323
-0.505364
1.0979
0.952945
0.617796
-0.122309
0.00937836
5.90672
2.34698
0.849754
1.88542
3.28426
-1.4506
-0.570073
1.25061
0.892777
0.715884
-0.108399
0.0258861
5.75223
2.41417
1.13454
2.1579
3.16565
-1.63654
-0.365929
1.31117
1.22543
0.755978
-0.167725
0.00990811
5.55363
2.4133
1.12823
2.51865
2.75795
-1.26325
-0.144202
1.44764
1.26268
0.565483
-0.150725
0.00869404
5.51632
2.36976
1.02826
2.60268
2.71864
-1.17813
0.075082
1.33038
1.25887
0.420491
-0.130097
0.0260222
5.63188
2.35904
0.926968
2.45286
2.9401
-1.49509
-0.0895771
1.28681
1.21641
0.491622
-0.122333
0.0534364
5.67441
2.39992
0.902078
2.38909
3.07528
-1.67884
0.0900975
1.20362
1.22719
0.510311
-0.129681
0.0696747
5.79099
2.34437
1.09155
2.88605
2.80767
-1.90792
0.238183
1.46249
1.26051
0.555259
-0.0872052
0.078995
5.50662
2.34981
1.79307
3.39945
2.568
-2.38832
0.213459
1.73458
1.35888
0.840408
-0.101176
0.0698235
5.36947
2.48644
2.0461
3.30014
2.37117
-2.22868
0.0345542
1.66558
1.3541
0.964636
-0.0811153
0.0577526
5.24392
2.87146
2.13269
2.84199
2.12328
-1.64092
0.0132918
1.27797
1.58898
0.849729
-0.036075
0.0436144
5.13096
3.47625
2.31687
2.42177
2.30608
-1.67375
0.560399
0.876022
1.76266
0.756945
-0.00721034
0.0652815
5.01108
3.87916
2.69929
2.15438
2.03014
-1.31326
0.689246
0.838166
1.61085
0.790917
0.0940409
0.076871
5.28533
4.1149
2.89878
2.16141
2.32833
-1.08327
0.637798
0.596271
1.92281
0.704346
0.119676
0.0712554
5.46944
4.1262
2.62909
1.82645
1.91677
-1.31296
1.29135
0.444332
1.72446
0.537382
0.175574
0.0913261
5.50136
3.41267
1.98107
1.46996
1.79516
-1.27685
1.17587
0.523462
1.31219
0.709438
0.233736
0.113833
5.5532
2.57228
1.86301
1.85967
2.04969
-1.55704
1.41885
0.403711
0.933649
1.03263
0.291092
0.122155
5.15048
2.7349
1.30851
1.78167
1.90622
-1.37727
1.72372
0.0275736
0.966212
0.798021
0.413243
0.161571
4.92235
2.67217
1.63598
1.24525
1.18087
-0.852619
2.50836
-0.038682
0.620001
0.536105
0.582031
0.211617
4.50292
3.01989
2.65055
1.2712
1.52363
-0.816373
1.65242
0.0850373
1.489
0.61067
0.391542
0.182187
4.36003
2.96061
2.59585
1.3441
2.44844
-0.189187
1.07928
-0.0568418
1.84569
0.630817
0.300601
0.153789
3.87522
2.75935
2.59462
1.6902
2.73687
0.0294912
1.34489
0.290636
1.24653
0.226149
0.506313
0.169534
3.53704
2.97639
2.40092
1.18517
2.87552
-0.581057
1.28789
0.461009
1.3837
0.264706
0.698217
0.192067
3.66255
3.184
2.27954
0.630826
2.6844
-0.709748
1.28898
0.483713
1.40616
0.472303
0.685933
0.203648
3.66526
3.50616
2.82148
0.628253
2.44169
-0.169389
1.28227
0.214947
1.33941
0.555338
0.469061
0.174814
3.65968
3.40058
3.1714
0.884692
2.09093
-0.827589
0.633854
0.555611
1.83321
0.679639
0.418219
0.19208
3.61219
3.24366
3.09457
0.772866
2.18487
-0.662608
0.577015
0.520839
1.74525
0.650459
0.475291
0.188834
3.34488
3.17489
2.92406
1.127
2.74515
-0.805701
1.21348
0.757934
1.12347
0.22118
0.568186
0.160358
3.17485
2.93417
2.89973
1.39278
2.60105
-0.569078
1.49375
0.893303
1.14516
-0.0344276
0.640895
0.141278
3.35672
2.5683
2.6827
1.25328
1.45698
-0.795925
1.11545
0.134237
1.61041
0.41588
0.678175
0.178845
