128
2.33003
0.995542
1.90528
1.36765
3.61481
-0.0383817
0.397957
-0.145324
0.402389
-0.342526
0.396862
0.0997333
2.97012
1.35244
2.32933
2.1056
3.87928
-0.463546
0.151083
-0.14586
0.0746419
-0.760209
0.127533
0.0808587
2.97766
1.71575
2.76934
2.13692
2.86239
-0.672306
0.701548
-0.451638
0.226877
-0.850301
0.104054
0.0678202
2.71508
1.75447
2.51503
1.66001
2.47378
0.333152
1.48367
-0.672936
0.485537
-0.31883
0.203145
0.0677023
2.73141
1.61682
2.23842
1.78665
2.27934
0.877221
1.59494
0.0340412
0.395917
0.00933238
0.358731
0.0615631
4.75836
2.09581
1.66281
2.83358
3.45885
0.336391
-0.560915
-0.8856
-0.0370702
-0.620259
-0.14333
-0.05399
6.46417
1.51482
1.12868
2.82367
4.11869
-0.241089
-1.19771
-1.57594
-0.286007
-0.841114
-0.572076
-0.0580232
7.30213
0.939396
0.885197
3.39395
4.01689
-1.16778
-0.74686
-2.15279
-0.560392
-0.872075
-0.754798
-0.0750008
6.74006
1.44733
1.14879
3.66336
3.58069
-0.608072
-1.39007
-2.09733
-0.300133
-0.889322
-0.664245
-0.138449
6.45942
1.70213
1.49591
3.47174
3.65344
-0.0436838
-1.50301
-1.8466
-0.375276
-0.812114
-0.569956
-0.148956
6.17625
1.84837
1.4461
3.34512
3.96476
0.285692
-1.62952
-1.59258
-0.310598
-0.848188
-0.519114
-0.13713
6.94974
0.527184
2.20543
3.04356
4.61117
-0.0828631
-1.13117
-1.81158
-0.492605
-0.453827
-0.743391
-0.118615
6.33813
1.23337
1.48728
3.66618
4.18601
0.232624
-1.82782
-1.76374
0.000278614
-0.617937
-0.578466
-0.152378
6.04424
1.50125
1.34794
3.81603
4.20048
0.224564
-2.28079
-1.51574
0.0440467
-0.591545
-0.532249
-0.171993
6.09242
1.33353
1.2847
4.09076
4.27946
0.147034
-2.21064
-1.55173
0.1192
-0.552205
-0.545421
-0.172492
7.21163
-0.364325
2.64076
3.70244
4.96419
-1.0028
-1.14742
-1.58806
-0.751428
0.00381961
-0.775836
-0.183355
6.4233
0.542389
2.1617
4.45779
4.16596
-1.06371
-1.37016
-1.5625
0.0238788
-0.31318
-0.644729
-0.173302
6.09578
0.959752
2.07081
4.8002
3.68983
-1.11549
-1.83919
-1.30309
0.124388
-0.458537
-0.617632
-0.186497
5.89118
1.11264
2.16053
5.21589
3.44707
-1.39546
-2.24127
-1.12001
0.129155
-0.538727
-0.678863
-0.204748
7.28382
-0.131573
2.77263
4.09336
4.29551
-2.11612
-1.40859
-1.26378
-0.64376
-0.211918
-0.845641
-0.189642
6.43922
1.42059
1.86559
3.64083
3.66687
-0.879203
-2.02185
-1.56496
-0.0476157
-0.652918
-0.687909
-0.156477
5.84129
2.02789
1.78464
3.68795
3.33877
-0.776152
-2.3863
-1.35114
-0.00333614
-0.718193
-0.615803
-0.168596
5.82478
2.15699
2.23133
3.69085
3.12417
-1.00096
-2.64125
-1.14845
0.0267772
-0.786974
-0.697973
-0.172633
6.65093
1.67746
2.53018
2.12609
3.88148
-0.705128
-2.62372
-0.884897
-0.400012
-0.915818
-0.713613
-0.15487
6.57191
1.80405
1.5855
1.96141
4.01121
0.0570058
-2.5859
-1.08715
-0.683572
-1.11024
-0.600747
-0.122842
5.91501
2.13782
1.28539
2.51669
3.74831
-0.203587
-2.61738
-1.18778
-0.461076
-1.0501
-0.543162
-0.126075
6.41166
1.75628
1.02651
2.48682
3.99516
-0.138968
-2.28009
-1.65565
-0.519828
-0.91377
-0.582241
-0.120071
7.15309
1.28607
1.19414
2.05154
4.5079
-0.44434
-1.84368
-1.76068
-0.817416
-0.802917
-0.741579
-0.110826
6.12968
2.1839
1.1727
1.70227
4.76746
-0.291685
-2.75421
-1.11626
-0.87345
-0.895464
-0.585348
-0.179613
6.59402
1.60777
1.7591
0.925628
5.16081
-0.297827
-2.75306
-1.15218
-1.00611
-0.848467
-0.672409
-0.185079
7.20321
1.11019
1.59814
1.48694
4.41612
-0.0553858
-2.44227
-1.62637
-0.824967
-0.865594
-0.739166
-0.152534
6.70487
1.84185
0.813758
1.795
4.61905
-0.457009
-2.46444
-1.62962
-0.807143
-0.847596
-0.698311
-0.151204
6.33476
2.27276
0.752971
1.75389
4.45696
-0.533896
-2.61588
-1.45883
-0.77814
-0.898502
-0.671713
-0.167434
6.16166
2.1167
0.870988
1.93875
3.92956
-0.094672
-2.71715
-1.4567
-0.651507
-1.15655
-0.603665
-0.137924
6.15829
1.78276
1.01205
1.71092
4.2148
0.288542
-2.93379
-1.47184
-0.699589
-1.22863
-0.540052
-0.123722
6.43444
1.56886
1.40102
1.71898
4.04096
0.0837746
-2.73983
-1.55928
-0.598811
-1.17685
-0.643887
-0.123769
6.13245
1.99373
1.09169
2.1337
3.77617
-0.297749
-2.47639
-1.5659
-0.710652
-1.21689
-0.59682
-0.109593
5.8935
2.06431
1.26764
1.89216
3.82917
-0.480494
-2.46627
-1.39209
-0.791505
-1.26566
-0.544199
-0.096175
6.09238
1.58976
1.46104
2.03397
3.68953
-0.652364
-2.33611
-1.32916
-0.830483
-1.27636
-0.565704
-0.0501404
7.14184
0.0548007
1.84479
2.47703
3.69096
-1.28236
-1.76988
-1.5313
-1.05001
-0.901923
-0.715664
-0.0244825
6.51637
0.756525
0.922218
3.55779
2.58492
-0.682697
-1.91776
-1.81703
-0.541168
-1.11301
-0.577669
-0.0307621
6.86952
0.441355
1.02086
3.52093
2.55304
-0.620992
-1.88514
-1.7873
-0.693491
-1.06243
-0.582667
-0.0248757
7.31671
-0.0701096
1.50036
3.0256
2.71427
-0.549842
-2.28616
-1.39651
-0.807255
-1.12785
-0.541833
0.00983398
7.68152
-0.768055
2.43554
2.18899
2.84347
-0.234416
-2.98671
-1.02335
-0.753413
-1.33357
-0.402466
0.0353009
7.53431
-0.464999
2.05244
2.34097
2.91478
-0.528794
-2.87902
-0.959276
-0.869249
-1.28129
-0.3653
0.0401686
7.27398
0.136268
1.07312
3.02726
3.19519
-1.49195
-2.27375
-1.17283
-0.966014
-1.04626
-0.440407
0.0334398
6.95109
0.643484
0.718579
3.19739
3.05722
-1.45729
-2.47819
-1.1573
-0.929879
-1.04762
-0.411885
0.0286455
7.49795
0.247524
0.980321
2.91134
3.15139
-1.71145
-2.45279
-1.16257
-1.04892
-1.05418
-0.421771
0.0404981
6.91797
0.873897
0.644321
3.24968
2.7013
-1.49434
-2.80101
-1.05405
-0.996822
-1.07185
-0.39115
0.0383232
6.29057
1.25826
0.557855
3.25019
2.79666
-1.67798
-2.96515
-1.01869
-0.93578
-0.975338
-0.40262
0.0195188
6.37258
1.26471
0.860207
2.8971
2.99166
-1.80401
-3.16238
-0.766341
-1.06762
-0.958896
-0.392353
0.0119768
7.0493
0.690001
1.63191
2.12533
3.06483
-1.41537
-3.57026
-0.451882
-1.12296
-1.17186
-0.25072
0.00592302
6.30812
1.17895
1.17112
2.37408
2.28533
-0.904764
-3.3009
-0.646339
-1.10168
-1.29442
-0.316013
0.0576651
5.88779
1.60007
1.09511
2.40521
2.41012
-1.47052
-3.00801
-0.720318
-1.0132
-1.20885
-0.356074
0.0390935
6.21579
1.35526
1.367
2.12492
2.74522
-1.76765
-3.11224
-0.503379
-1.11772
-1.14258
-0.347912
0.0294865
7.05729
0.814783
1.53246
1.98776
3.56412
-2.66767
-2.85487
-0.575526
-1.18974
-0.842326
-0.443403
0.0320081
6.31034
1.41137
1.19968
2.44864
2.90559
-2.14983
-3.15107
-0.489019
-1.0183
-0.980484
-0.409768
0.0196825
5.93058
1.54733
1.19931
2.54951
2.78111
-2.01349
-3.20876
-0.525392
-0.889051
-1.00599
-0.424443
0.00829853
6.85413
0.80082
1.66404
2.59332
2.93008
-1.97125
-3.3751
-0.450719
-0.761784
-1.00858
-0.415423
-0.010208
6.20438
1.2888
1.08584
2.84268
2.8419
-1.47288
-3.15803
-0.635629
-0.710795
-0.999444
-0.470318
-0.016681
5.84602
1.54129
1.32701
2.25631
3.17618
-1.11044
-3.21599
-0.539285
-0.649539
-1.05721
-0.469423
-0.0626655
5.75895
1.78315
1.15583
2.0659
3.42481
-1.57419
-2.87211
-0.4535
-0.762324
-0.928928
-0.498297
-0.0578755
6.93236
0.730325
1.70407
1.9697
3.89293
-1.98769
-3.132
-0.270223
-0.664074
-0.689114
-0.527399
-0.0876029
6.10493
1.59512
0.895316
2.95135
2.92596
-1.67222
-3.15176
-0.353886
-0.333723
-0.693023
-0.576623
-0.0746635
6.33667
1.66256
0.59225
3.22561
3.07669
-2.19744
-3.1933
-0.239342
-0.255367
-0.471123
-0.598839
-0.0670584
6.97047
1.24108
0.755417
3.24918
3.14235
-2.14573
-3.79524
-0.0491777
-0.00176237
-0.321112
-0.530008
-0.091731
7.20252
1.14188
0.658275
2.81398
3.37031
-2.17793
-3.85719
-0.0646313
0.0676033
-0.190477
-0.459942
-0.0970236
7.11981
1.11585
0.303372
2.8761
3.23478
-2.6758
-3.32562
-0.257769
0.19925
-0.149082
-0.470554
-0.0502399
7.42766
1.22397
-0.359168
2.89972
3.23407
-2.66386
-3.19327
-0.5841
0.35052
-0.0291891
-0.410274
-0.0284265
6.60519
1.63874
-0.563296
2.62658
2.6543
-2.28375
-3.18446
-0.429023
0.206449
-0.0427605
-0.404987
-0.0160347
6.80379
1.56407
-0.179235
2.70454
2.86108
-2.76166
-3.2717
-0.211797
0.343382
0.0771292
-0.411006
-0.0201026
6.90921
1.41715
0.409072
2.39081
2.76493
-2.73065
-3.21559
0.0908218
0.278111
0.0330819
-0.343944
-0.0167116
7.0674
1.30716
1.15862
2.58119
2.47429
-2.3392
-3.39779
0.636298
0.0959773
-0.0555386
-0.142916
-0.00930215
6.03024
1.98722
1.20061
2.15946
1.78655
-1.50231
-2.11031
0.555186
-0.713767
-0.124936
-0.0276848
0.0250553
6.06086
2.04705
1.21542
1.41547
2.66561
0.0198671
-2.25465
0.441029
-0.665025
-0.115726
0.0407187
-0.0408411
5.94001
1.91181
0.904293
1.83526
3.30133
-0.243749
-1.72214
0.855049
-0.124022
-0.224551
-0.0936789
0.0314703
5.92524
2.57931
1.28859
1.66234
2.91888
-1.50946
-1.26067
1.50265
0.461666
0.0997374
-0.200172
0.0364687
6.10411
2.99719
1.15215
1.77531
2.98931
-2.46232
-0.780275
1.52677
0.564049
0.382051
-0.284765
0.0919408
6.0954
2.71293
1.13626
1.54052
3.26097
-2.92451
-0.246223
1.12635
0.729595
0.425943
-0.32586
0.135261
5.59949
2.78297
1.28623
2.16943
3.07359
-2.95428
-0.496288
1.08683
1.04802
0.531246
-0.30111
0.104688
5.79214
2.58799
1.47968
2.53138
3.21618
-3.3022
-0.534477
1.29966
1.18647
0.68482
-0.345438
0.10929
5.54255
2.60579
1.55438
2.88679
2.65242
-3.1518
-0.16845
1.11195
1.48967
0.509995
-0.263768
0.101235
5.50704
2.87466
1.36571
2.27431
2.82006
-3.09042
0.184773
1.16729
1.53636
0.42014
-0.319589
0.10965
5.52599
3.07105
1.13645
2.17767
2.99905
-3.24544
0.246789
1.22819
1.56855
0.509958
-0.368374
0.123017
5.61893
2.75365
0.990157
2.14832
3.24948
-3.37516
0.0943782
1.39173
1.36484
0.706774
-0.388727
0.139012
5.31154
2.75043
0.883762
1.88031
2.96845
-3.04243
0.133358
1.2832
1.35121
0.537691
-0.301468
0.126649
5.32703
2.7707
0.73505
1.84672
2.90562
-2.90679
0.315164
1.01832
1.46452
0.349446
-0.264769
0.127221
5.40015
2.64453
0.659029
1.84921
3.12807
-3.02715
0.410069
1.03892
1.31526
0.399853
-0.300671
0.152329
5.80829
2.34285
0.375008
2.05791
3.35517
-3.19729
0.630508
0.959298
1.1972
0.387441
-0.28997
0.196812
5.76356
2.08878
0.36661
2.13786
3.36
-2.86218
0.551058
1.0246
0.99847
0.374264
-0.216812
0.18208
5.73493
2.03958
0.473452
1.71456
3.44678
-2.32841
0.45944
1.10147
0.641022
0.374881
-0.183735
0.162514
5.72482
2.02324
0.260851
1.88533
3.31734
-1.87826
0.385089
0.812763
0.756067
0.260837
-0.115816
0.13684
6.26319
1.83977
0.0926621
1.72987
4.27316
-2.09305
0.159906
1.06511
0.447893
0.636355
-0.216094
0.143223
6.14081
2.10378
-0.114387
1.79198
4.2786
-1.7491
0.27582
0.840891
0.348718
0.545295
-0.215924
0.142761
6.13742
1.96144
-0.0576023
2.27818
4.39507
-1.74709
0.551792
0.367403
0.72977
0.249469
-0.275907
0.132158
5.77993
1.89962
0.320931
2.53197
4.34323
-1.51502
0.536335
0.430256
0.81104
0.120794
-0.314751
0.0935827
5.49635
2.10425
0.533387
2.99934
4.10797
-1.31497
0.664256
0.545181
0.844508
-0.01261
-0.293259
0.0696648
5.35436
2.28241
0.689762
3.17737
3.83308
-1.45602
0.826679
0.478263
0.935148
-0.063111
-0.250877
0.0703257
5.63039
2.26896
0.975927
3.03916
4.0959
-1.86126
0.696084
0.899793
0.836376
0.243975
-0.356049
0.0766031
5.52348
2.33235
0.968043
3.14624
4.13226
-1.73799
0.822419
0.886102
0.867618
0.164784
-0.366294
0.0766381
5.37604
2.26931
1.22626
3.03414
3.59362
-1.37873
0.33226
1.33893
0.692948
0.175858
-0.284148
0.0526567
5.14209
2.48551
1.47668
2.71502
3.16559
-1.22556
0.19522
1.5362
0.632509
0.282561
-0.220516
0.039628
5.28168
2.67004
1.45024
2.66827
3.22043
-1.47193
0.505131
1.18895
1.04929
0.379134
-0.241641
0.0354419
5.45409
2.54196
1.27705
2.45304
3.4753
-1.3945
0.395705
1.13143
0.919275
0.487451
-0.211354
0.0412865
5.42435
2.57473
1.34038
2.03923
3.90187
-1.05489
0.429784
1.01595
0.834947
0.517352
-0.231097
0.027762
5.24367
2.56388
1.40826
2.15088
3.9197
-0.33873
0.6314
0.697345
0.953116
0.267807
-0.180685
0.0111581
5.18579
2.65913
1.69305
2.05323
3.6306
-0.328172
0.690696
0.649786
1.00238
0.280185
-0.11187
0.0251487
4.94508
3.29579
2.30186
1.35767
3.1071
-0.766768
0.414489
0.778102
1.17386
0.701255
0.011417
0.042688
4.77206
3.38166
2.53287
1.08621
2.21217
-0.885924
0.64755
0.658186
1.09013
1.00664
0.163895
0.0898798
4.74603
3.42994
2.46802
1.04322
1.93926
-1.1773
1.14583
0.649611
1.18859
0.783949
0.214206
0.127148
4.87426
3.83994
2.66935
0.92514
1.79652
-0.64706
1.24055
0.209513
1.71746
0.685422
0.230634
0.10859
5.0139
3.94967
2.95985
1.45752
1.82414
-0.960466
1.17412
0.300821
2.24885
0.448395
0.214305
0.106903
5.10357
3.81731
2.83064
1.63916
2.29338
-0.896703
1.18051
0.671963
2.11508
0.215668
0.1039
0.082489
4.8737
4.03481
3.20612
1.60964
2.11688
-0.401019
1.38824
0.593657
1.87327
-0.0019013
0.150984
0.0709666
4.41035
3.98577
3.69356
1.69902
2.19961
-0.304868
1.31666
0.538943
1.91712
0.0039888
0.137755
0.0899543
4.15554
3.57291
4.11909
1.81596
2.21426
-0.0699197
0.934514
0.685137
1.70522
0.188779
0.0296629
0.103217
4.30848
3.41945
3.58259
1.62936
2.5269
0.277272
0.865417
0.275302
1.20044
0.188094
0.0111616
0.0612668
3.93549
3.35998
3.33882
1.56365
3.34956
0.786404
0.7726
0.112418
0.481071
-0.0730315
0.0256633
0.011968
3.59922
3.41975
3.34513
1.47952
3.15391
0.368451
0.402296
0.33221
0.583422
-0.201192
-0.0246352
-0.0191907
3.57185
3.25924
3.10589
1.10525
2.73418
-0.731334
-0.0930366
0.343898
0.744094
-0.144028
-0.0757993
-0.00973931
3.11299
3.15218
3.04546
1.04421
3.23004
-0.493203
0.0572618
-0.0175001
0.470806
-0.308352
-0.0022514
-0.0371817
2.98589
2.53787
3.09318
1.12821
2.25636
-0.236925
0.456027
-0.28636
0.532681
-0.242191
-0.027271
-0.0188715
2.84209
1.97888
2.90146
0.944975
1.77601
-0.79979
0.306333
-0.293857
0.700227
-0.142244
0.0326905
-0.0147929
2.77886
2.0023
2.92138
1.27068
1.89189
-0.651694
0.464805
-0.576273
0.708558
-0.248139
0.100799
-0.0116875
2.75034
2.15733
2.97307
1.49084
2.61762
-0.387324
0.789344
0.137987
0.282127
-0.471595
0.128197
-0.0117251
2.73505
2.30769
3.00577
1.48601
2.35756
-0.320246
1.24839
-0.0224288
0.589936
-0.492924
0.167405
0.0272288
2.76352
2.35965
3.11075
1.60365
2.35198
0.108652
1.12857
-0.649725
0.590437
-0.269285
0.253363
0.0228786
2.80631
2.21952
3.10881
1.28646
2.49552
0.226877
0.447083
-0.19893
0.356069
-0.0504721
0.219191
0.000358997
