122
2.0567
0.98616
1.98162
0.903092
1.76668
-0.101561
1.15523
-0.634157
1.19106
0.330748
0.803553
0.0550885
2.06209
1.25971
1.95978
1.2634
1.98423
-0.592636
1.4867
0.306565
1.62842
0.439651
0.807622
0.0296785
1.97173
1.46148
2.59328
1.43532
2.05936
-0.727075
1.2613
0.230015
1.41166
0.199361
0.628309
0.0683658
2.92065
1.65021
3.17499
2.46572
2.03118
-0.536975
0.63499
-1.18633
0.602778
-0.552475
-0.0837906
0.0281727
3.81677
1.3898
3.24674
3.47647
1.93529
-0.816788
-0.707076
-1.51874
0.265877
-0.756259
-0.201924
-0.0516303
4.81487
1.86591
2.21623
2.59515
2.62093
0.01387
-1.2501
-0.824201
-0.00179726
-1.18586
-0.1217
0.0320123
6.18933
0.611944
1.8475
2.43909
3.2955
-0.128907
-1.79781
-1.00751
-0.364807
-1.11
-0.470558
0.0486491
6.9896
-0.433854
1.85447
2.25854
3.71571
-1.01006
-1.83735
-1.08491
-0.881435
-0.831023
-0.588564
0.0135479
6.69984
0.355616
1.54722
2.36103
3.46543
-0.607027
-2.39445
-1.29936
-0.743378
-1.10644
-0.509049
0.0246468
6.60814
0.446016
1.9233
2.31714
3.24346
0.0411532
-2.87665
-1.18796
-0.547126
-1.27561
-0.465967
0.0296242
6.74496
0.0299179
2.37727
2.36645
3.52119
-0.1836
-2.9012
-1.19172
-0.392033
-1.06889
-0.511622
0.0063083
6.29538
0.363767
2.46056
2.89374
3.4993
-0.333616
-3.17381
-1.31674
-0.0412933
-0.991752
-0.572983
-0.0323811
6.37675
0.243997
2.6811
2.80541
3.56168
0.165495
-3.43065
-1.43017
0.105755
-1.03875
-0.587361
-0.0372812
6.63825
-0.0970992
3.03102
2.57028
3.90023
0.413339
-3.45768
-1.38115
0.0703981
-1.01027
-0.591824
-0.0532399
6.53095
-0.0528793
3.08403
2.17963
4.94917
-0.0620203
-2.74269
-1.23806
-0.397208
-0.682175
-0.688451
-0.0834758
6.07388
0.43147
3.05616
1.77861
5.63966
-0.31559
-2.15302
-0.871506
-0.555286
-0.658476
-0.740823
-0.044603
5.69207
0.706552
2.77209
2.17175
5.39427
0.163397
-2.46821
-0.604029
-0.17132
-0.958015
-0.515565
-0.071596
5.95621
0.157276
3.0516
2.41484
5.31003
0.417385
-2.6017
-0.650716
-0.0511058
-0.846065
-0.551191
-0.0827255
5.39692
0.896408
1.84114
3.22685
4.73442
0.399603
-2.324
-0.924538
0.252555
-0.900651
-0.486808
-0.088067
6.06456
0.171239
2.69273
1.94727
5.07769
0.832732
-2.64699
-1.21201
-0.102105
-0.941368
-0.531153
-0.0356718
6.08901
0.0909553
2.80514
1.69815
4.67079
1.1355
-3.02902
-1.41555
0.0157318
-1.15477
-0.508397
-0.0025307
6.48373
-0.322901
2.92325
1.58084
4.58946
0.993112
-3.05378
-1.57064
-0.252957
-1.00316
-0.554196
-0.00564974
5.74414
0.471811
1.96577
2.04185
4.21449
0.79229
-3.14012
-1.59057
0.0622803
-1.17567
-0.406947
-0.00126053
5.90353
0.114752
2.56498
1.42809
4.63559
0.538561
-3.13548
-1.67849
-0.141012
-1.11448
-0.491409
0.029263
6.30797
-0.541419
3.4663
0.840697
4.78418
0.80653
-3.45804
-1.57821
-0.532
-1.09274
-0.553156
0.0379342
6.07604
0.0734287
2.28034
2.06231
3.76692
1.02302
-3.61119
-1.63372
-0.0963266
-1.36799
-0.370062
0.0453477
5.62477
0.543985
1.89399
2.20897
3.962
0.31361
-3.39312
-1.62188
-0.196892
-1.2488
-0.331773
0.00131014
5.72634
0.421643
2.30872
1.86196
4.66804
-0.944706
-3.16686
-1.49705
-0.499522
-0.835025
-0.51213
-0.0488614
6.39435
-0.167115
2.46974
1.86247
4.88677
-1.84939
-2.71316
-1.46739
-1.04291
-0.317647
-0.743436
-0.0666812
6.00992
0.144365
2.14028
2.17558
4.64969
-2.00044
-3.00647
-1.34569
-0.67789
-0.488536
-0.65809
-0.0757316
5.59618
0.111581
1.96035
2.71723
3.90261
-1.49634
-3.22722
-1.25512
-0.182412
-0.754394
-0.555726
-0.0800447
5.94897
-0.695348
2.44043
2.37774
3.6327
-0.498216
-3.4226
-1.24366
-0.0554233
-0.884766
-0.506644
-0.0455269
6.18311
-1.02353
2.80184
1.85297
3.88367
-0.582534
-3.10219
-1.35843
-0.441222
-0.737488
-0.5481
-0.0225986
6.28468
-1.17126
2.92384
1.54987
4.10811
-0.826207
-2.62989
-1.56099
-0.935178
-0.471899
-0.625859
-0.00444592
6.06464
-0.588719
2.19738
1.91309
3.85061
-0.481077
-2.6634
-1.81118
-0.532536
-0.781489
-0.497275
0.0338678
6.38254
-0.972268
2.81915
1.47726
4.23379
-0.220028
-2.92685
-1.71447
-0.855663
-0.690168
-0.513917
0.0123208
5.90271
-0.222031
1.9133
2.16419
4.25178
-0.480783
-2.52059
-1.93551
-0.370002
-0.734267
-0.520549
0.0150015
6.10916
-0.456517
2.0775
2.43951
4.01703
-0.494308
-2.52931
-2.07499
-0.363995
-0.678499
-0.587635
0.000137303
6.18756
-0.528045
2.15375
2.5771
3.77783
-0.410361
-2.99784
-1.89704
-0.238467
-0.75423
-0.55752
-0.0237758
6.49785
-1.04168
2.78147
2.21987
4.36892
-1.20648
-2.92188
-1.57797
-0.796899
-0.412537
-0.687377
-0.0793559
5.94713
-0.101569
1.94991
2.2513
4.63082
-1.53695
-2.65177
-1.82064
-0.480236
-0.543724
-0.683469
-0.0254308
5.84522
0.133993
1.98737
2.07228
4.86023
-1.70883
-2.63425
-1.79456
-0.534863
-0.562692
-0.733458
-0.0221183
5.75843
0.143124
2.14623
2.33955
4.40423
-1.51135
-2.84411
-1.73071
-0.278964
-0.726603
-0.709153
-0.0412878
6.14473
-0.498669
2.71589
2.03681
4.3884
-1.44964
-2.67576
-1.81722
-0.614534
-0.481914
-0.831082
-0.02498
6.32918
-0.698066
2.92429
1.82781
4.63292
-1.57856
-2.51168
-1.68777
-1.03712
-0.312428
-0.865534
-0.0271635
5.65087
0.586009
2.30927
2.48519
3.77381
-1.14857
-2.82629
-1.51076
-0.220339
-1.06579
-0.603782
-0.0265724
5.26323
0.88262
2.27681
2.07188
3.70134
-0.995353
-2.69475
-1.69309
-0.228119
-1.21488
-0.440758
0.0103502
5.28181
0.859673
2.72536
1.56564
3.70225
-0.961717
-2.83811
-1.6145
-0.249251
-1.30727
-0.481157
0.0291463
5.38506
0.579655
3.16592
1.06478
3.98584
-1.50262
-2.75149
-1.44683
-0.532049
-1.09245
-0.637754
0.0591881
5.23413
0.666625
2.82837
1.19945
4.10666
-2.16553
-2.53747
-1.39976
-0.694782
-0.989798
-0.605244
0.0801306
5.12202
0.857531
2.52181
1.65241
3.57097
-2.05842
-2.62581
-1.32625
-0.554248
-1.19024
-0.442607
0.0583454
5.245
0.987725
2.16148
2.01427
3.31586
-2.19363
-2.56018
-1.17214
-0.682256
-1.14708
-0.39266
0.0457824
5.45576
0.773799
2.16322
2.00225
3.26529
-2.06057
-2.69047
-1.23947
-0.577669
-1.09181
-0.412178
0.0574943
5.69605
0.472934
2.34524
1.64518
3.57336
-2.48524
-2.19653
-1.40492
-0.720318
-0.80411
-0.563138
0.113862
5.68293
0.545812
2.06096
1.73085
3.54759
-2.36467
-2.42393
-1.35993
-0.601619
-0.789033
-0.464348
0.0988097
5.93117
0.510914
1.60957
2.13903
3.24283
-2.13098
-2.81849
-1.19669
-0.485121
-0.775272
-0.367876
0.0615912
5.85551
0.588644
1.58029
1.74983
3.459
-2.21369
-2.80093
-1.16251
-0.519963
-0.747557
-0.383782
0.0697675
5.91788
0.311328
1.89115
1.374
3.68232
-1.84664
-3.09504
-1.13618
-0.481089
-0.744862
-0.406881
0.0505829
6.01135
0.277491
1.84673
1.5529
3.69862
-1.42906
-3.15404
-0.933113
-0.412087
-0.818023
-0.410144
0.00543271
6.04072
0.130046
2.01139
1.24481
3.53305
-0.850267
-3.29758
-0.756226
-0.284261
-0.970527
-0.359041
0.00211307
6.22055
0.171176
1.76169
1.23778
3.32968
-1.40422
-2.99962
-0.653408
-0.315228
-0.767609
-0.394842
0.0097486
6.68216
0.163228
1.44675
1.44915
3.24845
-2.07546
-2.63925
-0.505993
-0.374568
-0.522859
-0.44067
0.0106585
6.90276
-0.0195973
1.71427
1.08391
2.67542
-1.29074
-3.44296
-0.170049
-0.0970848
-0.711795
-0.215838
-0.00305776
6.74565
0.277903
1.35476
1.10923
2.44346
-1.4416
-3.44102
-0.107528
0.00174987
-0.563364
-0.162401
0.00501745
6.84888
0.367428
0.903435
0.940159
2.84159
-2.01625
-3.08738
-0.105336
-0.12555
-0.304129
-0.191721
0.0152464
6.70581
0.371143
0.659511
0.966797
2.92005
-2.14923
-2.85632
-0.259786
-0.0910684
-0.19237
-0.198302
0.0328505
5.1918
1.22393
0.513867
1.17247
2.69225
-2.05755
-2.64836
-0.449194
0.165599
-0.320743
-0.0957418
0.0301959
5.08479
1.11766
0.490654
1.44121
2.81883
-1.99936
-2.42875
-0.370936
0.0199511
-0.321237
-0.080498
0.0319799
6.46778
0.420814
0.30402
2.12997
3.08528
-1.80166
-2.1773
-0.1673
-0.126835
-0.300855
-0.212541
0.025876
7.31298
0.542012
0.546793
1.77006
3.03058
-0.418592
-2.7756
0.587555
-0.188163
-0.372957
0.011563
-0.00909775
6.62678
1.28133
0.143999
1.82842
2.91995
-0.120212
-2.21431
0.480549
-0.213899
-0.0656104
-0.0662108
-0.0114475
5.92574
1.8962
0.383446
2.02891
2.77677
-0.158406
-1.19679
0.380436
0.325099
0.0768237
0.052179
0.0742929
6.31844
2.03985
0.613376
1.76819
2.64933
-0.493267
-0.541433
0.500939
0.394439
0.339032
0.184614
0.106667
6.24136
2.18849
0.525525
1.24083
2.81226
-0.00483758
-0.670621
0.697558
0.328152
0.463454
0.197233
0.0643971
6.03472
2.11885
-0.0428013
1.49855
3.28104
-0.104169
-0.776401
0.566635
0.450399
0.368392
0.121227
0.0915354
5.99221
2.03203
-0.219171
2.11386
3.38182
0.160058
-0.498652
0.438771
0.495386
0.254578
0.0895367
0.0927434
6.19806
1.98876
-0.22328
1.70951
3.69669
0.321695
-0.0502432
0.390139
0.192763
0.27375
0.137451
0.116804
5.903
2.06226
-0.213918
1.52088
4.01065
0.362901
0.526023
0.258557
0.116324
0.289436
0.131504
0.12218
5.93187
1.90489
-0.287079
1.78456
4.46919
0.0128833
0.610265
0.305366
0.146646
0.315949
0.0369125
0.130457
5.82528
1.94385
-0.352114
2.27351
4.08969
-0.149555
0.510041
0.113606
0.448956
0.187063
0.0551661
0.113931
6.03987
1.83193
-0.160635
2.37408
3.58174
0.180705
0.375432
0.333494
0.372326
0.12368
0.0893282
0.100885
6.2153
1.78175
0.0338038
2.51304
3.55029
0.174994
0.579195
0.470523
0.190642
0.0596913
0.107728
0.119256
6.13862
1.95578
0.158634
2.08524
4.1424
-0.364572
0.419804
0.55487
-0.0190237
0.285145
0.0515728
0.136868
5.73525
2.14654
0.0115618
1.7255
3.81366
-0.154131
0.175808
0.235528
0.317465
0.22101
0.0887391
0.120135
5.77139
1.93091
-0.165015
1.77434
3.6712
-0.00176956
0.00164798
0.361979
0.395254
0.289291
0.153241
0.124176
5.9766
1.74897
-0.165635
1.77024
3.80147
-0.0868745
0.113182
0.386882
0.396459
0.395093
0.174639
0.131304
6.14517
1.90945
-0.434252
1.83423
3.86045
-0.473448
0.366564
0.34931
0.55474
0.498834
0.157675
0.146481
6.41149
1.6973
-0.137258
1.35587
4.28717
-0.898877
0.301842
0.86249
0.361947
0.68053
0.072353
0.162945
6.50209
1.59443
0.0463807
1.3381
4.15189
-0.769998
0.462959
0.912096
0.321903
0.477429
0.0422944
0.168655
6.51628
2.00919
-0.235669
2.05485
3.89344
-0.672058
1.01271
0.385021
0.578804
0.171375
0.0174917
0.165133
6.65808
2.32646
-0.231899
2.00614
4.1252
-0.903583
1.30523
0.382311
0.570326
0.172687
-0.0811244
0.168135
6.60657
2.68048
-0.463193
1.91395
3.75009
-0.918111
1.267
0.217366
0.814997
0.060018
-0.0926659
0.142686
6.16844
2.95863
0.0806784
1.32821
3.08531
-0.318847
0.914772
0.109704
0.92712
0.0881317
0.00511874
0.0779351
5.83596
3.62167
1.01355
0.549697
2.50321
0.40071
0.806372
-0.055892
0.906394
0.298862
0.20842
0.0525524
5.54305
4.10465
1.74442
1.02984
2.31772
-0.618759
0.495495
0.0099768
1.51534
0.623962
0.235602
0.0487593
5.49075
4.34531
1.18677
1.07313
3.05436
-1.35158
0.33575
0.262251
1.43912
0.839517
0.123588
0.0641655
5.30294
3.9502
0.778355
0.282779
3.2871
-0.619968
0.900067
0.0754732
1.02343
0.520511
0.189664
0.0958848
5.43674
3.51309
0.719961
0.527064
3.05123
-0.0042017
1.03311
0.27949
0.65222
0.438596
0.207411
0.110132
5.32525
3.31719
0.780009
0.935295
2.98946
0.0297865
1.15918
-0.0051635
0.973382
0.140512
0.254273
0.121442
5.4705
3.36369
1.00449
0.987172
3.1199
-0.146346
1.42095
0.103584
0.638955
0.404168
0.202764
0.146063
5.50657
3.34927
1.55624
0.549516
2.52571
-0.0435115
1.4746
0.263187
0.670861
0.549968
0.268925
0.153868
5.15716
3.62219
1.87279
0.35596
2.03349
0.0695323
1.42187
0.312338
0.886258
0.593483
0.334743
0.145736
4.99699
3.78065
2.15663
0.6903
2.14532
0.0281653
1.07818
-0.167042
1.2772
0.965207
0.348346
0.133426
4.77894
3.31783
2.19728
1.28647
2.83829
-0.405149
0.941655
-0.348216
1.50078
1.01203
0.227764
0.116557
4.4288
3.20688
2.54489
1.95362
4.10315
0.297271
1.18111
-0.0935962
1.09814
0.414395
0.109632
0.0892062
4.13743
3.84718
3.15801
2.11278
4.00475
0.0501652
1.42898
0.511911
1.23663
-0.175776
0.209033
0.0927169
3.80071
4.04212
3.35151
1.64842
2.9901
-1.21485
1.183
0.796123
1.45411
0.247651
0.310574
0.170574
3.7214
3.2728
3.17393
1.83718
3.05748
-0.842358
1.66645
0.318603
1.04453
0.349466
0.349695
0.19615
3.87556
3.16663
2.93632
1.5213
3.18094
-0.581121
1.51131
0.286118
0.71413
0.204395
0.507049
0.208387
3.96403
2.63221
3.02773
1.46165
3.32121
0.0210487
0.619882
0.427224
0.728433
0.338895
0.508965
0.16738
3.60622
2.67874
3.18465
1.84956
3.10812
0.0532113
0.43609
0.500857
1.05282
0.236499
0.429963
0.125742
3.5618
2.81635
3.36358
2.11741
3.34444
-0.273499
0.528552
0.666963
0.909167
-0.00517006
0.412611
0.124221
3.67163
2.98398
3.40732
1.17096
2.53513
0.182837
1.16837
0.226933
1.01876
0.425443
0.335432
0.145537
3.48309
2.90632
2.79655
0.635445
1.79502
0.257458
1.59909
0.108994
1.42989
0.42642
0.416387
0.140094
3.11576
2.67337
2.90967
0.616247
1.51747
0.0845278
1.42022
-0.134682
1.21227
0.362311
0.558376
0.124987
3.03904
2.47537
3.1106
0.995544
1.49331
-0.246461
1.04039
-0.370964
1.24271
0.337592
0.49953
0.129491
3.00491
1.9627
2.76588
1.61804
2.56549
0.0466188
0.920565
0.127268
1.17338
-0.0536673
0.172852
0.0831317
3.03304
2.19366
3.20737
1.61944
3.45461
0.468172
1.37749
0.70832
0.666852
-0.189229
0.199309
0.0918157
3.37158
2.55304
3.23247
1.2311
2.85324
0.496756
1.70789
0.289791
0.373926
-0.207504
0.307008
0.094737
3.54148
2.96451
2.92379
1.43122
3.12875
0.459162
1.62242
0.26259
0.704264
-0.553854
0.250682
0.0695739
3.33888
2.94283
3.21763
1.68692
3.89987
1.05703
1.48131
0.0897728
0.429806
-0.444039
0.272334
0.0470407
3.2304
3.00065
3.40703
1.54238
3.31088
1.02239
1.3588
0.0189731
0.51203
-0.335061
0.139141
0.0322016
