128
2.4972
0.751051
0.953959
-0.429852
1.46534
-0.390053
1.20693
-0.247779
0.645933
-0.156612
0.631587
0.152627
2.25379
0.581057
1.25913
-0.305747
1.58027
-0.028852
1.45181
0.260851
0.702564
-0.0547652
0.698665
0.104559
2.37498
0.766721
0.945064
-0.420659
1.67213
-0.0349112
1.37666
0.584098
0.818599
0.103586
0.730754
0.123879
2.54922
0.654316
0.41894
-0.459623
1.33436
-0.506659
1.32549
0.680922
1.07401
0.0723359
0.714751
0.155933
2.39321
0.665924
1.27321
-0.263719
1.12722
-0.202264
1.84967
0.273841
1.33411
-0.0472698
0.443931
0.13472
3.15838
1.27114
1.9088
1.28061
1.71652
-0.584193
1.0268
-0.509121
0.995683
-0.211749
0.198575
0.125512
4.52131
1.48971
3.16519
4.3348
1.70193
-2.20415
-0.853658
-1.02204
0.155364
-0.485327
-0.471439
-0.0626205
5.89635
0.507067
2.92889
4.70883
2.25026
-3.00998
-1.3309
-1.13217
-0.14499
-0.650031
-0.694259
-0.0922511
6.12912
0.220061
1.87445
5.1677
2.53387
-2.93242
-1.95545
-0.84963
0.0791898
-0.763105
-0.700641
-0.116249
6.61269
-0.646386
1.91704
5.24673
3.23939
-3.11656
-2.13903
-0.473587
0.0670152
-0.733831
-0.784589
-0.117642
6.44551
-0.738404
2.39946
5.14456
3.05241
-2.5141
-2.57808
-0.113151
0.235765
-0.759015
-0.791515
-0.135837
5.63543
0.217504
1.8805
5.36725
2.83129
-2.20967
-2.57326
-0.276829
0.26323
-0.766187
-0.79505
-0.145397
6.3859
-0.161306
1.90733
5.60289
2.79419
-2.4086
-2.50054
-0.651733
0.149009
-0.796341
-0.812316
-0.151468
6.93453
-0.227448
2.51881
4.96049
2.67841
-2.01564
-2.24666
-1.02138
-0.0701974
-0.679383
-0.835914
-0.179488
6.11644
0.702983
2.58194
5.17433
2.87878
-1.96754
-3.03125
-0.637147
-0.0198232
-0.878403
-0.860899
-0.174549
5.55287
1.23667
2.46814
5.36355
2.88304
-2.04225
-2.87479
-0.653538
-0.0453585
-0.922913
-0.872963
-0.1761
5.83697
0.865473
2.31409
5.68549
2.94713
-2.05454
-2.68206
-0.823357
0.0719482
-0.962479
-0.886783
-0.173448
6.29171
-0.180636
2.85664
6.02549
2.9438
-1.95732
-2.66412
-0.915408
0.102821
-0.924268
-0.959411
-0.18328
5.94019
0.0997954
2.98691
5.95976
2.81718
-1.91532
-2.89208
-0.678838
0.13199
-1.02816
-0.958624
-0.165644
5.87148
0.150031
3.1504
5.89026
2.97637
-2.20557
-3.16536
-0.297231
0.0534939
-1.15389
-0.952647
-0.152526
5.965
0.515428
2.56695
5.91014
3.54166
-2.66127
-3.42661
-0.0182561
0.0127453
-1.11117
-0.97451
-0.151888
6.42528
-0.055549
3.02577
5.98035
3.41173
-2.65717
-3.31745
-0.00242092
0.0887803
-1.17152
-0.957994
-0.140502
5.88332
0.106764
3.07837
6.23801
2.86596
-2.32556
-2.95696
-0.215758
0.0593163
-1.14139
-0.923322
-0.134853
6.3758
-0.192665
3.21783
6.13792
3.08872
-2.35628
-3.38206
0.0805413
0.145785
-1.20933
-0.92622
-0.123617
6.2899
0.188288
2.69275
6.19868
3.58989
-2.6247
-3.69324
0.349615
0.184209
-1.15543
-0.964807
-0.127015
6.61576
-0.263273
3.12778
5.63632
4.14615
-2.96945
-3.72743
0.532585
0.227818
-1.15231
-0.939304
-0.131623
6.0998
0.248847
2.61567
6.1043
3.92429
-2.96221
-3.70244
0.560683
0.19105
-1.12067
-0.973987
-0.120602
5.33573
0.581947
2.52854
6.27144
3.6601
-2.8496
-3.45683
0.402319
0.0938021
-1.12121
-0.960393
-0.114411
5.79038
0.126697
3.12501
6.09759
3.34627
-2.61255
-3.53959
0.537836
0.0828367
-1.24337
-0.892132
-0.103317
6.38208
-0.228138
3.81691
5.39836
3.7619
-2.98007
-3.31117
0.627465
-0.064115
-1.25137
-0.848971
-0.110513
5.69809
0.890991
3.35355
5.07834
3.79698
-2.87838
-3.27883
0.706436
-0.394938
-1.09834
-0.825902
-0.126511
5.21283
1.40501
3.24396
4.85525
3.1008
-2.06602
-2.91583
0.213515
-0.304106
-1.17201
-0.782038
-0.106365
5.65753
0.938443
4.13523
3.99352
3.70238
-2.20558
-2.86232
0.49247
-0.493866
-1.20828
-0.726476
-0.128342
5.34784
1.55443
4.00123
3.89223
3.32845
-2.07648
-2.76903
0.453901
-0.5598
-1.24645
-0.694007
-0.115333
4.91424
2.14289
4.1113
3.86847
2.48201
-1.7205
-2.87756
0.172075
-0.323912
-1.31405
-0.682323
-0.0885358
5.14505
2.22935
5.34735
2.73636
2.70637
-2.04778
-2.75553
0.120321
-0.342511
-1.26429
-0.679247
-0.0667985
5.72137
1.35998
5.48537
2.93687
2.4
-1.47952
-3.01219
0.168457
-0.267037
-1.42629
-0.621684
-0.0753218
5.29025
1.76857
4.84988
3.87366
1.69155
-1.23553
-2.62785
0.0347672
-0.221155
-1.46461
-0.645666
-0.0420743
4.81204
2.38637
4.492
3.8493
2.11689
-1.89417
-2.06656
0.053888
-0.480783
-1.2807
-0.625252
-0.0616083
5.20484
2.38023
5.12462
3.29698
1.95961
-2.02178
-1.96197
-0.156593
-0.413326
-1.32372
-0.647516
-0.0295202
5.36525
2.5586
6.08885
2.32071
1.81477
-1.91832
-2.35939
-0.0630844
-0.299468
-1.57602
-0.583883
0.0299789
5.67329
2.4766
6.64954
1.78705
1.97027
-2.33228
-2.37042
0.257752
-0.607188
-1.56346
-0.578727
0.0510897
5.33619
2.74394
5.23349
2.96727
1.2427
-1.86389
-2.33028
0.101309
-0.503676
-1.7297
-0.475089
0.00835029
5.32273
2.36482
5.53987
2.38475
1.44498
-1.71004
-2.17841
-0.0703366
-0.414055
-1.75792
-0.510864
0.0198924
4.82551
2.93162
4.67257
3.03502
1.05724
-1.77873
-1.93356
-0.332031
-0.565356
-1.59943
-0.443238
-0.0226015
5.97161
1.72855
5.7268
1.53823
1.43475
-1.50998
-1.94778
-0.423255
-0.371231
-1.63213
-0.771586
0.0488079
5.37944
2.73895
5.21491
2.75568
0.595641
-1.34366
-2.29719
-0.689312
0.0214349
-1.76375
-0.594348
0.0421418
5.24761
3.01126
5.9298
2.55911
1.01477
-1.96491
-2.69972
-0.27295
-0.116933
-1.81377
-0.506698
0.0692403
4.84756
3.28313
5.12515
2.85614
0.96427
-2.15063
-2.70031
-0.0734972
-0.307865
-1.74739
-0.423913
0.0318668
5.8371
2.64595
7.18251
0.39269
2.31083
-3.05466
-2.89367
0.421163
-0.800426
-1.32372
-0.696158
0.109494
5.06118
3.58299
5.70423
2.1411
1.653
-2.74931
-2.62142
-0.228097
-0.507392
-1.45296
-0.448913
0.0318382
5.65508
3.53377
5.85024
1.88198
1.23978
-2.29034
-2.55696
-0.674996
-0.265399
-1.39786
-0.459187
0.0527478
5.38907
3.26291
5.47233
1.574
1.23751
-2.32183
-2.34722
-0.787991
-0.209388
-1.3454
-0.466984
0.0565842
5.45121
2.65309
5.1642
0.977169
1.51636
-2.13337
-2.37628
-0.858823
-0.259358
-1.22438
-0.535645
0.0482579
5.14015
2.83395
4.864
1.21735
1.30672
-2.12121
-2.62279
-0.788789
-0.221319
-1.37712
-0.405287
0.0355911
5.79757
2.64569
6.02383
0.240349
1.49831
-3.13354
-2.75135
-0.114306
-0.403858
-1.42635
-0.566017
0.149716
5.42669
3.38663
4.83194
1.75551
0.785111
-2.82892
-2.62138
-0.452185
-0.364998
-1.51295
-0.323068
0.0645649
5.46188
3.23773
4.94234
0.821515
1.51586
-3.16871
-2.34943
-0.523833
-0.48419
-1.22529
-0.428338
0.0685336
5.23641
3.16924
4.80046
0.96423
1.70334
-3.3132
-2.24207
-0.471939
-0.478526
-1.18143
-0.443765
0.0715895
5.13034
3.45221
4.7102
1.35473
1.95091
-3.11527
-2.24993
-0.838555
-0.275908
-0.887273
-0.523767
0.0389622
5.36793
3.29593
5.2082
1.33813
1.84226
-2.98541
-2.41581
-0.415773
0.0456585
-1.15442
-0.506145
0.0845392
5.39553
2.90004
5.04457
1.95242
1.25403
-2.47058
-2.65736
0.0187152
0.0853365
-1.16307
-0.389061
0.0583686
5.24317
2.89046
5.16631
2.51469
0.980994
-2.98278
-1.98488
0.310885
-0.152765
-0.9708
-0.323409
0.0971329
5.08787
2.88457
4.72494
2.62204
0.630784
-3.01319
-2.04743
0.609038
-0.269031
-0.93459
-0.213405
0.0947837
5.75515
2.48776
5.17392
2.87906
0.65924
-3.63771
-1.73871
0.74483
-0.481693
-0.730214
-0.147397
0.128623
5.63444
2.91948
4.57139
3.19557
0.0649092
-3.2226
-2.04433
0.805349
-0.389194
-0.768488
-0.0750381
0.133383
5.55151
2.74615
4.03247
2.76601
0.155287
-3.07015
-2.45938
0.713278
-0.274272
-0.649535
-0.128496
0.0950361
5.54179
2.51047
3.86486
1.99849
0.344426
-3.15979
-2.42334
0.513107
-0.096449
-0.681147
-0.13158
0.0872508
5.63449
2.69289
3.85397
1.48065
0.438125
-3.33242
-2.11798
0.405469
-0.05157
-0.658265
-0.116017
0.0957659
5.68288
2.87315
3.75156
1.37757
0.372376
-3.10861
-1.99
0.346606
0.0313199
-0.613033
-0.0971379
0.0816243
5.97045
2.71832
3.25811
1.2732
0.730553
-2.00484
-2.26909
0.248731
-0.051983
-0.282192
-0.0783015
-0.0156253
6.28065
2.87296
2.81801
1.46746
1.40978
-0.957672
-2.2384
0.176752
-0.156143
0.252084
0.0212843
-0.0896791
6.05878
3.25733
2.62239
2.05706
1.62663
-1.7397
-1.14892
0.470741
0.172738
0.381154
-0.0616483
-0.0202594
5.85899
3.05224
1.38687
1.45321
1.4652
-1.03615
0.126048
0.858638
0.378341
-0.0224446
0.0679111
0.0894483
5.71436
2.77724
1.52246
0.973786
1.75791
-0.534638
0.480553
1.57728
0.350603
-0.393237
-0.0369638
0.0720953
5.50993
2.94309
2.24617
1.72185
1.82099
-1.42729
0.192595
1.74813
0.742121
-0.0135892
-0.036384
0.0565596
5.6162
3.00741
2.12551
2.45024
1.76961
-1.80081
0.210689
1.70134
0.897289
0.270136
-0.0300325
0.0698408
5.76633
3.00099
1.87196
3.22886
2.18425
-2.14314
0.220727
1.55662
1.07422
0.399247
-0.086487
0.081903
5.72565
2.71727
1.70379
3.61479
2.36055
-2.25082
0.246331
1.37181
1.0498
0.372838
-0.100185
0.0774119
5.55077
2.72667
1.7733
3.43057
2.11532
-2.18004
0.337485
1.40473
0.927263
0.23831
-0.0857105
0.0865128
5.63931
2.68317
1.6458
3.29933
2.36659
-1.98534
0.489694
1.47079
0.909332
0.252958
-0.125099
0.0696066
5.71516
2.75058
1.38994
2.91551
2.80714
-1.88933
0.530188
1.418
0.748056
0.318874
-0.173158
0.0728299
5.66276
2.76336
1.58227
2.6724
2.85733
-1.43922
0.451597
1.31447
0.414948
0.295779
-0.133659
0.0570672
5.56346
2.73815
1.76078
2.9899
2.63741
-1.54747
0.27908
1.36987
0.479553
0.366347
-0.109766
0.0516342
5.54375
2.58704
1.60139
3.06212
2.86225
-1.6981
0.312632
1.34932
0.545446
0.3923
-0.140812
0.0564532
5.4004
2.47992
1.46175
3.15425
2.89576
-1.38494
0.316164
1.19722
0.481687
0.212735
-0.127195
0.0590714
5.49601
2.35137
1.27769
3.04449
2.99581
-0.904514
0.23103
1.15972
0.181326
0.125245
-0.0627535
0.0678663
5.46283
2.26196
1.35519
3.11065
3.41398
-0.758808
0.0966968
1.17029
0.0835766
0.194105
-0.0852915
0.054244
5.42415
2.21358
1.30329
3.37939
4.02566
-1.1813
0.610782
0.823465
0.322021
0.0558079
-0.181069
0.0860635
5.43171
2.30464
1.68121
3.58083
4.0987
-1.29237
0.793075
0.742046
0.400529
-0.0293144
-0.213159
0.0890921
5.5678
2.43127
2.00946
3.82864
4.19462
-1.65965
1.0045
0.60829
0.573132
0.0262764
-0.263571
0.0927681
5.39943
2.80258
2.11842
3.90988
4.20176
-2.07318
1.27453
0.54138
0.739215
-0.0791968
-0.323794
0.129383
5.47914
2.94682
1.9866
3.71515
4.11777
-2.0072
1.29677
0.779504
0.647191
0.0592623
-0.300911
0.134569
5.73456
2.58355
1.93337
3.44815
4.29022
-1.81068
1.14457
0.972692
0.473641
0.426602
-0.239975
0.109374
5.90187
2.67214
1.77126
3.18401
4.00563
-1.75414
1.01275
1.07506
0.490222
0.659396
-0.139454
0.0977073
5.91444
3.0945
1.82316
3.05788
3.16781
-1.74486
1.11254
0.914582
0.782524
0.961695
0.0440839
0.0832598
5.92726
3.21057
1.69475
3.2964
3.07017
-1.97961
1.53155
0.604258
0.998116
0.974536
0.132836
0.104834
5.98456
3.39219
1.58223
2.75064
3.32695
-1.65004
1.45791
0.683479
0.73964
1.12097
0.103532
0.119275
5.83325
3.46634
1.55553
2.2493
3.02133
-1.5283
1.51174
0.416813
0.63853
1.11861
0.143965
0.128408
5.36585
3.64263
1.81082
1.93999
2.3716
-1.08005
1.32096
0.218779
0.853431
1.03358
0.174203
0.0951928
5.34232
3.78873
2.59048
1.71108
1.78782
-1.2166
1.18383
0.853949
0.660756
1.18023
0.198733
0.0988181
5.44966
3.39193
2.54956
1.85174
1.61531
-1.51027
0.893432
1.29111
0.548351
1.13425
0.272098
0.107486
5.56095
2.9713
2.33167
2.28054
1.80896
-1.87417
0.757793
1.27715
0.734572
1.05484
0.272435
0.122806
5.44294
3.18915
1.91162
2.03642
1.90873
-1.36649
0.598836
0.573991
1.06877
1.14414
0.276698
0.0974802
5.3163
3.17878
1.95918
2.05546
1.61623
-1.35209
0.651423
0.523209
1.32941
0.939883
0.290091
0.103387
5.16294
3.08508
1.87672
1.8751
1.3832
-0.675764
0.576864
0.248042
1.19851
1.00839
0.359844
0.0872256
5.18771
3.24563
1.87759
1.25944
1.58391
-0.232822
0.360537
0.0743201
1.28049
1.07515
0.412941
0.0992726
5.15509
3.58893
2.16816
0.912411
1.68049
-0.149589
0.402697
0.147855
1.35776
1.00149
0.407048
0.114021
5.0981
3.74183
2.87502
1.09797
1.41435
-0.495071
0.724702
0.230004
1.49892
0.884221
0.348854
0.135334
4.87763
3.76707
2.85389
1.04316
1.41437
-0.214189
0.736042
0.159004
1.68415
0.752862
0.34728
0.128673
4.93174
3.53687
2.73638
1.16697
1.89822
0.215594
0.836809
-0.128204
1.62039
0.763829
0.255191
0.103139
4.76356
3.66941
2.91503
1.18188
2.12427
0.421965
0.642251
0.0554215
1.42817
0.891077
0.226761
0.0943544
4.82573
3.7718
2.98775
0.787407
2.23235
0.364438
0.287192
0.366063
1.43396
0.970614
0.294791
0.0992061
4.6144
4.01153
3.36007
1.17144
2.04243
-0.0705824
0.72186
0.82507
1.54591
0.720528
0.252312
0.102198
4.46171
3.90995
3.72064
1.67108
2.0246
-0.0629261
1.64621
0.828725
1.48844
0.222771
0.216684
0.101729
4.37059
3.84929
3.82312
1.84614
2.56243
0.642412
1.39788
0.411832
1.50697
0.271208
0.126617
0.0925996
4.23663
3.94023
3.72983
1.57069
3.0279
1.06053
1.19025
0.27078
1.59894
0.290707
0.114202
0.0859498
4.22006
3.7466
3.78337
1.86459
2.83831
0.854417
1.37723
0.277271
1.80562
0.152181
0.106653
0.0951363
4.05494
3.62653
3.9065
2.22464
2.87142
0.84721
1.65019
0.435038
1.4139
0.0371882
0.132291
0.0867816
3.61891
3.24675
3.90495
2.77529
4.40965
2.17551
1.79939
-0.152594
0.636087
0.258793
0.321356
0.0631732
3.40402
3.26374
3.99323
2.73442
4.41027
2.50652
1.59704
-0.564245
0.604231
0.470709
0.327701
0.0533849
3.44217
2.93494
3.50138
2.69501
4.22341
1.89501
1.34382
-0.283341
0.477784
0.298981
0.415216
0.0498252
3.40523
2.86264
3.25015
2.21668
3.71447
0.960415
1.15829
-0.253895
0.564353
0.0273802
0.503405
0.0813312
3.33854
3.12571
3.17859
0.882961
3.13776
0.935844
0.925276
-0.31151
0.700536
0.17684
0.542903
0.127244
3.1682
2.89976
3.40945
1.04128
2.76969
0.543296
0.918228
-0.246205
0.695732
0.270371
0.498044
0.120612
2.94996
2.48053
3.33275
1.07295
2.11952
0.447543
1.23973
0.0396725
1.12642
0.391706
0.432763
0.127283
2.75938
1.82498
2.68866
0.982785
2.14162
0.656407
1.44982
0.086196
1.57737
0.701737
0.633034
0.120158
2.65573
1.69181
2.61831
0.987225
2.52501
0.925094
1.93832
-0.0101247
1.44201
0.392211
0.625485
0.121711
