122
1.51575
0.720829
1.51489
-0.086516
2.28902
0.3674
1.77094
0.585006
1.27585
0.241292
0.430648
-0.0165471
1.25447
0.7257
2.35164
0.329986
1.90958
-0.182503
1.19972
-0.216199
1.42952
0.513479
0.546681
-0.0101388
1.64447
0.166792
1.78335
0.484169
1.59619
0.216543
1.24381
-0.626124
1.3343
0.591072
0.452563
0.0188519
1.90984
0.449135
2.26063
1.07178
1.66884
0.243072
1.22135
-0.151736
1.22502
0.353975
0.345915
0.0758468
1.97497
0.726127
2.74788
1.46877
1.96981
-0.00981746
0.926723
0.149068
1.0019
-0.0681462
0.381394
0.119497
2.08489
1.01561
2.52571
1.43771
2.50545
-0.304583
0.836988
0.308179
1.11101
-0.0854062
0.496233
0.0959211
3.30568
2.77649
3.88418
2.02763
2.72481
-0.106536
-0.147959
-0.934074
-0.0109122
-0.421232
0.0271192
-0.0318714
5.11494
2.3809
2.15421
2.57737
3.12179
-0.345882
-1.41903
-0.804754
0.109811
-0.837292
-0.195944
-0.0159428
6.4416
1.09901
0.841067
2.59167
3.92356
-0.699835
-1.89001
-1.17271
-0.282494
-0.649934
-0.364653
0.0359238
7.3128
0.121585
0.189994
3.07909
3.89142
-1.32863
-1.80016
-1.67461
-0.41368
-0.535964
-0.454654
0.0113547
7.03797
0.157735
0.549017
3.06437
4.19953
-1.14794
-2.11551
-1.4981
-0.275198
-0.438407
-0.47533
-0.0196878
6.70387
0.044144
1.08921
3.59316
4.5026
-0.869656
-2.27313
-1.20341
0.00301634
-0.35487
-0.509384
-0.0740257
6.54633
0.254145
0.969381
3.36445
4.39298
-0.32133
-2.49201
-1.25926
-0.0356916
-0.468223
-0.475676
-0.0741258
6.84716
-0.0825991
1.437
2.72392
4.97521
-0.503297
-2.1001
-1.35031
-0.340608
-0.356335
-0.562629
-0.0564423
6.79
0.102846
1.22003
2.7084
5.54284
-0.722402
-1.14592
-1.56121
-0.38849
-0.168705
-0.702616
-0.0330017
6.8647
0.038364
1.33816
2.2853
5.77535
-0.384515
-1.13314
-1.28128
-0.577428
-0.125055
-0.691583
-0.0432439
6.55116
0.534883
1.0163
2.32379
5.81424
-0.739108
-1.27306
-1.44459
-0.410091
-0.167323
-0.66645
-0.0302558
6.05484
0.696979
1.31868
2.12085
5.89175
-0.59657
-1.10984
-1.70453
-0.221915
-0.235198
-0.683569
0.00789069
6.03882
0.607602
1.21488
2.37934
5.97509
-0.549688
-1.02981
-1.73273
-0.178112
-0.17385
-0.646957
-0.00183878
6.20574
0.678066
1.06516
2.52279
5.77158
-0.610149
-1.91952
-1.45735
-0.245249
-0.20508
-0.547033
-0.0657533
5.97537
0.669341
1.66526
2.4284
5.79404
-0.193714
-2.49319
-0.96599
-0.21303
-0.337846
-0.464562
-0.110525
6.16225
0.645014
1.43583
2.20648
5.9033
-0.448256
-2.07961
-1.14382
-0.469515
-0.331853
-0.537362
-0.0608864
6.24039
0.916467
1.05558
2.28765
5.8275
-0.766661
-1.44975
-1.66587
-0.533844
-0.453625
-0.622361
0.0115386
6.4074
0.91877
0.90247
2.27219
5.94435
-1.20564
-1.23715
-1.92544
-0.683314
-0.395985
-0.692614
0.0501431
5.97743
1.38459
0.614274
2.24365
5.67647
-0.961738
-1.61263
-1.95118
-0.572052
-0.632693
-0.520192
0.0310975
6.20253
0.690246
1.60008
1.68092
5.64919
-0.937006
-1.65966
-2.11183
-0.862048
-0.540805
-0.648701
0.0988201
5.97192
0.815344
1.70065
1.58188
5.40648
-0.743245
-2.15396
-1.87984
-0.811366
-0.728451
-0.475403
0.0776725
5.5507
1.23244
1.10695
2.2664
4.70066
-0.28629
-2.89199
-1.71372
-0.437791
-0.969676
-0.228802
-0.00286552
5.51993
0.973267
1.50051
1.8918
4.85791
-0.375497
-3.20944
-1.99517
-0.216432
-0.969208
-0.274158
-0.00151363
5.8442
0.589515
1.89691
1.52248
5.28028
-1.30505
-2.57929
-2.34813
-0.490141
-0.542443
-0.633373
0.0628846
5.80836
0.940656
1.40107
1.98917
4.81801
-1.75643
-2.4983
-2.34417
-0.384372
-0.679447
-0.59949
0.0302625
5.36603
1.1417
1.43364
1.97704
4.31611
-1.31058
-3.26381
-2.04581
-0.184847
-1.02497
-0.386819
-0.0137885
5.52728
0.778124
1.8349
1.45617
4.71397
-1.6533
-3.08312
-2.13471
-0.363932
-0.834801
-0.53932
0.038158
5.59501
0.461581
2.41779
0.836235
4.70571
-1.18901
-3.49447
-1.91718
-0.451729
-0.975797
-0.51823
0.0629574
5.56548
0.589068
2.00995
1.47946
3.95002
-0.576216
-3.92351
-1.84103
-0.193504
-1.27941
-0.303384
0.0362812
5.68909
0.30771
2.35121
1.24005
4.18284
-0.703215
-3.76335
-1.87858
-0.256996
-1.14657
-0.385442
0.0651224
5.64448
0.52443
2.02695
1.65588
3.73687
-0.454706
-3.97272
-1.738
-0.189707
-1.25752
-0.281111
0.0360547
6.21867
-0.0703664
2.20097
1.51161
3.71696
-0.320657
-4.03026
-1.61313
-0.488976
-1.16593
-0.270353
0.0442075
5.86484
0.467813
1.63601
1.93102
3.8694
-1.24949
-2.93353
-2.15106
-0.455615
-0.967019
-0.443078
0.0724549
5.74429
0.6695
1.423
2.16443
3.91269
-1.59362
-2.5687
-2.29782
-0.379827
-0.942407
-0.466626
0.0722632
5.70239
0.668769
1.35967
2.18695
3.86827
-1.28028
-2.88114
-2.22789
-0.353005
-0.988718
-0.412632
0.0468888
5.71985
0.335707
1.87664
1.73411
3.86282
-0.80391
-3.11576
-2.38286
-0.277356
-1.07145
-0.456735
0.0798452
5.7491
0.325921
1.89997
1.80138
3.64976
-0.342743
-3.71022
-1.98913
-0.337064
-1.21984
-0.317341
0.0446679
5.66108
0.405493
1.81269
1.89019
3.86033
-0.81926
-3.34134
-2.12237
-0.3277
-1.09146
-0.393617
0.0417337
5.67897
0.386791
1.80893
1.89749
3.7535
-0.725348
-3.33901
-2.22351
-0.255443
-1.08645
-0.400321
0.0467145
5.61333
0.600951
1.68771
1.8265
3.90246
-1.08357
-3.09458
-2.27605
-0.308808
-1.02482
-0.416838
0.044512
5.57345
0.60017
1.68874
1.78668
4
-0.94176
-3.37629
-2.19148
-0.253051
-1.03994
-0.388292
0.024709
6.06349
-0.0141675
2.25819
1.51472
4.06048
-0.664792
-3.50202
-1.89717
-0.581269
-0.963964
-0.422889
0.0299532
5.91987
0.326158
2.05449
1.49047
4.22668
-0.646603
-3.29949
-2.07943
-0.491772
-0.976301
-0.461532
0.0274097
5.68305
0.459143
2.14234
1.10645
4.51715
-0.613569
-3.24518
-2.35096
-0.325553
-1.03301
-0.499083
0.064557
5.76597
0.333196
2.11154
1.2014
4.33816
-0.49908
-3.42707
-2.30625
-0.295239
-1.04429
-0.469434
0.0582922
5.79265
0.184161
2.17706
0.970562
4.56656
-0.962828
-3.1089
-2.49583
-0.428454
-0.783247
-0.60413
0.0948518
5.74323
0.19598
2.0775
0.977897
4.37064
-1.13373
-3.13285
-2.43016
-0.471118
-0.787083
-0.526789
0.099877
5.68303
0.201076
2.07465
0.887632
4.24325
-1.25699
-3.02639
-2.54539
-0.423319
-0.79094
-0.538253
0.133083
5.66312
0.494886
1.49693
1.27507
3.99957
-1.43969
-2.72166
-2.83255
-0.264147
-0.82218
-0.483685
0.119644
6.14761
0.128478
1.35511
1.63569
3.61765
-1.39725
-2.62779
-2.75324
-0.469183
-0.607768
-0.494873
0.0888525
6.04047
0.372445
1.31082
1.59464
3.34167
-0.809282
-3.26616
-2.36013
-0.313221
-0.827532
-0.343288
0.0619792
5.73072
0.682388
1.45546
1.18053
3.60315
-0.833903
-3.19691
-2.21957
-0.321053
-0.934514
-0.269451
0.0748704
5.74296
0.450302
1.87994
1.08165
3.83628
-1.00992
-3.11625
-1.86331
-0.463792
-0.896307
-0.312974
0.0826876
5.77129
0.422736
1.87611
1.4291
3.89612
-0.642344
-3.25168
-1.54786
-0.39908
-0.991401
-0.308817
0.0340571
5.71579
0.521473
1.80663
1.47444
3.81159
-0.0992531
-3.36684
-1.55435
-0.199431
-1.11615
-0.299938
0.0163782
5.7063
0.616892
1.48931
2.02436
3.54538
-0.736185
-2.72527
-1.58899
-0.147964
-0.915661
-0.403523
0.00789335
6.08604
0.173922
2.19501
0.765661
3.79614
-0.687492
-3.05091
-1.36211
-0.35874
-0.81041
-0.455676
0.0234975
5.54734
1.21487
1.20764
1.49201
3.13026
-1.20586
-2.97488
-1.07565
-0.124147
-0.770757
-0.31805
-0.0318141
5.86636
0.882446
0.813812
1.7708
2.84888
-1.75787
-2.66495
-1.20831
0.0443184
-0.546594
-0.360578
0.0040291
6.11138
0.648685
1.10048
1.30185
2.74545
-2.01055
-2.98797
-0.729439
0.0143818
-0.381266
-0.309998
0.00184052
5.83628
0.512868
1.14141
1.19482
2.19505
-1.01115
-3.90202
-0.366135
0.148234
-0.627308
-0.0640219
0.0204109
5.79373
0.594358
0.942529
1.42293
1.96214
-1.03831
-3.89364
-0.250419
0.179205
-0.583088
-0.0805622
0.0293266
6.27469
0.391843
1.0159
2.09136
2.03092
-1.64791
-3.79516
0.111456
0.0766715
-0.469267
-0.150995
0.00850332
6.68297
0.202167
1.20097
2.57513
2.51663
-2.00479
-3.70468
0.339748
0.163822
-0.416995
-0.235178
-0.0422692
6.25812
0.925311
0.571285
3.10095
2.56517
-2.2609
-2.93395
0.400484
0.05376
-0.296399
-0.396994
-0.0378043
6.69955
0.98204
0.260809
2.64094
2.77625
-1.65324
-2.7122
0.466542
-0.0276473
-0.243914
-0.314119
-0.0368942
7.51149
0.714391
0.558082
1.75661
3.23573
-1.42002
-2.17021
0.447125
-0.133576
-0.170859
-0.112868
-0.017184
6.78971
1.87223
-0.0668481
2.23951
2.70424
-1.6458
-0.572943
-0.124928
0.0796147
0.0409199
-0.0297933
0.0559163
6.28634
2.54439
0.217454
2.00177
2.62033
-1.49197
-0.164549
0.382132
0.960363
0.231133
0.0291048
0.123793
5.89803
3.0109
1.00248
1.42202
2.64328
-0.384961
-1.24118
1.23192
0.664983
0.26859
-0.0206639
0.0143248
5.95182
3.29518
1.03728
0.728397
2.96676
-0.0668362
-1.50396
1.27044
0.451728
0.467035
0.0672954
-0.0413437
6.1231
3.00064
1.55709
0.350654
3.47891
-0.143342
-1.14208
1.37831
0.219061
0.538734
0.110852
-0.0509501
5.94251
3.15989
1.70477
0.277357
3.9144
-0.196952
-0.623026
1.2225
0.451735
0.544773
-0.00106953
-0.0561318
6.18865
3.10422
1.74156
0.722491
4.03408
-0.442464
-0.362446
1.3968
0.646294
0.700799
-0.120434
-0.0630216
6.48232
2.68704
1.78745
1.11852
4.12291
-1.11365
-0.651122
1.75019
0.627282
0.865881
-0.139609
-0.0445025
6.43676
2.42858
1.78219
1.8477
3.45687
-1.32509
-0.615609
1.64121
0.753553
0.72754
-0.0562644
0.00677907
6.42208
2.3926
2.09049
2.00773
3.45129
-1.09044
-0.906837
1.8412
0.76507
0.737355
-0.0182304
-0.0274688
6.29433
2.42438
2.07098
1.97462
3.634
-1.07731
-0.601507
1.84463
0.931883
0.707501
-0.122694
-0.030476
5.92378
2.55261
1.78763
1.90316
3.54925
-0.830263
-0.150271
1.73372
0.988324
0.534153
-0.17729
-0.00916371
5.84908
2.57859
1.59721
1.72579
3.74695
-0.537952
-0.0538604
1.55988
1.0148
0.529753
-0.178918
-0.0170431
5.70466
2.57422
1.44888
1.8074
3.90813
-1.19177
0.134797
1.46739
1.11216
0.784333
-0.1976
0.024901
5.64504
2.51335
1.36302
2.18822
3.59085
-1.30196
0.094982
1.59037
1.11343
0.773834
-0.136939
0.0488283
5.50133
2.67091
1.56518
2.18516
3.48431
-0.856629
-0.0282671
1.42842
1.32425
0.753871
-0.132849
0.00365016
5.45042
2.77181
2.1475
2.46572
3.34383
-0.673731
-0.218786
1.61206
1.25294
0.882499
-0.127089
-0.0274853
5.47276
3.02274
2.2637
2.79877
3.09018
-0.0906699
-0.32211
1.43107
1.21838
0.827581
-0.0981643
-0.0445453
5.27805
3.41846
2.39864
2.82981
2.92702
0.243477
0.110469
1.02872
1.32783
0.612662
-0.0764704
-0.0343517
5.20817
3.72575
2.56329
2.58903
3.08061
0.289451
0.433949
0.852667
1.22738
0.485727
-0.0331616
-0.0159909
5.14463
3.78866
2.68321
2.74811
3.36805
0.0543019
0.428094
1.12683
1.42953
0.186703
-0.0645713
-0.000176786
5.0858
3.75037
2.71718
2.76664
3.22081
0.247056
0.528408
0.813305
1.70002
0.113792
-0.00184793
0.00682482
4.98048
3.2885
2.54918
2.70569
3.61745
0.971759
0.519978
0.937201
1.16724
0.264145
0.0260421
0.00473376
4.7124
3.24949
2.51362
2.48394
4.90313
0.934199
1.0568
0.957359
0.767133
0.361411
0.0157743
0.0311976
4.83562
3.4402
2.44751
2.14112
4.91596
0.584089
1.50538
0.746679
1.03191
0.561571
-0.0574001
0.0509799
5.2258
3.25465
1.94832
1.88586
4.69004
-0.584514
1.26977
1.12814
1.45582
0.657825
-0.24441
0.056404
5.21413
3.12753
1.65935
1.97764
4.05827
-0.808192
1.1639
0.989997
1.49383
0.716112
-0.141857
0.0663555
5.37918
2.88452
1.60622
1.82223
3.48837
-0.312016
0.928359
0.802511
1.48459
0.853862
0.0150354
0.0323066
5.39449
3.15712
1.5387
1.68736
3.12936
0.22587
0.803945
0.547236
1.72317
0.850755
0.121217
0.00394207
5.16337
3.49117
1.60458
1.34688
3.35563
0.301894
1.18372
0.401889
1.75592
0.864067
0.129805
0.0161588
4.92557
3.44355
2.46984
1.84837
2.71424
-0.0447169
0.917931
0.839239
1.74287
1.02363
0.0821389
0.0341619
4.66279
3.84701
3.1033
2.40546
2.16059
-0.416876
0.882317
0.953314
2.08994
0.967037
0.0905021
0.0793788
4.68895
4.08403
3.2206
1.83936
2.23273
-0.0213836
1.37608
1.12607
1.66171
0.796155
0.120357
0.0657315
4.69837
3.90688
3.55099
1.56031
2.25331
0.605002
1.33195
1.22877
1.18916
0.755585
0.108058
0.0486609
4.85595
3.38108
2.77889
0.98024
1.94987
-0.543546
1.44257
1.11867
0.92214
1.12955
0.198409
0.0951027
4.63772
3.18959
2.60566
0.546808
1.80215
-0.910353
1.51178
1.03405
0.875322
1.16181
0.291543
0.14203
3.99867
3.56631
3.57531
1.47003
2.03502
-0.228156
1.27665
0.566397
1.52983
0.441612
0.201354
0.130583
3.79124
3.55284
3.44325
1.62554
2.42126
0.152641
1.22883
0.44483
1.56359
0.14392
0.186728
0.101551
3.80266
3.32957
3.30045
1.72012
2.01605
0.15085
1.29563
-0.185128
1.61967
0.0604709
0.0952881
0.086076
3.64488
3.05081
3.19064
1.50954
2.77049
-0.0853295
0.540449
0.0162043
0.503084
-0.329347
0.0935024
0.0264201
3.68698
3.36537
3.34672
1.18484
2.52888
-0.343249
0.440011
0.497031
0.47285
-0.26553
0.00806727
0.00407879
3.39511
3.53862
3.75868
1.45048
2.6978
0.268499
1.24591
0.529837
0.708894
-0.419531
0.098656
0.0126913
3.37215
3.11534
3.66884
1.4369
2.53284
0.201841
1.20275
0.331471
0.740641
-0.30019
0.0924491
0.0414107
3.31647
2.66943
3.27496
1.3412
2.45987
-0.0527198
0.95217
0.204739
0.741617
-0.272027
0.181236
0.0565404
3.19114
2.81883
3.4377
0.850249
1.92199
-0.258724
1.26782
0.497984
0.858132
-0.267376
0.256849
0.0620483
3.06268
2.95635
3.28118
0.677778
2.14105
0.304915
1.66515
0.384974
0.794408
-0.319005
0.28293
0.0520927
2.90208
2.92384
3.06092
1.27934
3.11767
0.97369
1.92201
0.11451
0.665754
-0.417115
0.338379
0.0595811
3.16774
2.71482
3.19986
1.61969
2.32811
0.278968
1.5633
0.114716
1.10928
-0.155727
0.153154
0.0790579
3.12737
2.77445
3.48714
1.26439
2.44057
0.228445
1.55413
0.262004
0.880928
-0.140109
0.171345
0.0810287
