164
2.96905
1.49802
1.53104
1.47808
2.18566
0.246729
1.54373
-0.091127
1.29517
-0.0360813
0.388146
0.120374
3.07278
1.44145
1.20584
1.4344
2.35988
0.30876
1.69227
-0.0213733
1.31512
-0.224711
0.343238
0.12736
2.26545
1.71753
1.90248
1.15282
2.18529
0.297901
1.67585
0.0120737
1.03601
0.0989107
0.433468
0.0921681
2.74945
1.48475
2.01446
1.29092
1.98049
0.541274
1.23595
-0.0832233
1.36363
0.430872
0.158883
0.0946911
3.22456
1.21887
1.79267
0.933311
2.06097
0.312768
1.51607
-0.213484
1.3963
0.24321
0.162216
0.132964
3.30977
1.22528
1.29951
0.350981
2.77786
0.425787
1.10725
0.192809
1.41247
-0.204981
0.318584
0.163273
2.58177
1.66791
1.88909
0.894181
2.35868
0.960094
1.40954
-0.440501
1.47323
0.176333
0.374946
0.112889
2.90007
1.89874
1.78159
1.08226
2.56125
1.29427
1.4674
-0.00352706
1.86042
0.465395
0.225654
0.090592
3.56325
2.41713
2.07934
1.23546
3.04427
1.27113
1.55079
0.457209
1.67165
0.401633
0.255278
0.0994361
3.88382
2.89093
2.36912
1.47672
3.41988
1.46814
1.78799
0.893691
1.26049
0.255513
0.28457
0.10748
3.74392
3.08087
3.22397
1.47177
2.71732
1.7301
2.51717
0.465277
1.07798
0.242899
0.222342
0.121831
3.44493
2.84455
2.56489
1.42442
3.58006
1.64191
1.58177
0.365862
1.125
0.303502
0.265317
0.0978158
3.65486
3.00368
2.41894
1.76137
3.41463
1.26842
1.27615
0.490005
1.29521
0.442876
0.268558
0.0857707
4.14948
2.99271
2.75797
1.40931
3.31362
0.558226
1.25257
1.05602
1.32674
0.308737
0.267964
0.115685
4.1756
3.20215
2.24091
0.576425
2.68075
0.882359
1.68407
1.12321
1.35696
0.264421
0.31812
0.099937
3.92137
2.74393
1.84287
1.45558
2.97184
0.81117
1.59576
0.626892
1.78524
0.511418
0.14241
0.0625819
3.82676
2.85733
2.03322
1.62155
2.92037
1.40207
1.63654
0.84147
1.59752
0.527966
0.0988684
0.0548164
3.84418
3.21093
2.54312
1.43612
2.45333
2.05232
2.23143
0.353644
1.77216
0.275428
0.111959
0.0807534
3.55716
3.46105
2.68667
1.60351
2.55465
1.89803
2.28846
0.665339
1.7448
0.247003
0.0426955
0.0668581
3.08653
2.95277
2.18434
1.70906
3.03068
1.51448
2.40683
0.710916
1.33694
-0.0662496
0.165804
0.0781006
2.68797
2.64015
1.61243
1.78256
2.58346
1.33449
2.71142
0.884323
1.55633
-0.203714
0.219957
0.069718
2.96017
3.13089
1.42583
2.00091
2.5349
1.82623
2.76357
1.07909
1.70028
-0.270234
0.0976445
0.0327547
2.97781
3.37412
2.00908
2.21931
2.4628
2.09962
2.78742
1.21906
1.68718
0.129863
-0.11248
0.0584557
3.01169
2.60037
1.93362
1.55325
2.48295
1.9209
2.42917
0.968064
1.48702
0.3877
-0.164172
0.0634163
2.77667
1.95552
1.22244
1.12206
2.1034
1.68398
2.117
1.28846
1.09751
0.233864
0.194381
0.0310967
2.98388
1.55609
0.911065
1.51121
1.92573
1.35401
2.49614
1.53752
0.825896
0.109854
0.125122
0.025295
3.13107
1.94526
1.36322
1.87366
1.80081
1.56372
3.06327
1.57788
0.619948
0.256337
-0.206534
0.0212008
3.5874
2.04389
0.954439
1.83442
2.04256
2.39874
2.66718
1.51108
1.12309
0.247506
-0.424206
-0.0330054
4.2653
1.21967
1.04905
2.04777
2.34003
2.46628
2.40394
1.18088
1.77197
0.0559143
-0.518903
-0.0739957
4.83482
1.23307
0.920983
2.79522
2.28352
2.31622
2.42655
1.05721
1.94838
0.249221
-0.516493
-0.143183
4.99976
1.0898
1.51983
2.68164
2.46399
2.82697
2.11877
0.975717
2.18715
0.0543289
-0.636929
-0.0812127
5.40829
1.11296
1.33696
1.99232
2.11019
3.20281
2.04193
0.742112
2.22682
-0.231803
-0.666914
-0.038704
5.94257
1.12836
0.823814
1.29512
1.40526
3.15834
2.20975
1.39575
1.44747
-0.134205
-0.469695
-0.0515523
5.91578
0.654136
0.363805
1.7142
2.27706
2.87591
1.67632
1.90956
1.30136
-0.156736
-0.46888
-0.0607442
5.81667
0.317079
-0.561742
2.45213
2.73178
2.70659
1.61029
1.43909
1.37772
0.0424192
-0.458823
-0.08436
5.57872
-0.738432
-0.468867
2.89562
2.58269
2.47256
1.63649
1.86844
1.21528
0.0779747
-0.455702
-0.0758908
5.78397
-1.32554
-0.446958
2.71184
2.97344
2.40059
1.38456
1.99851
1.26578
0.0600322
-0.36988
-0.0477116
5.84117
-0.870427
-1.62955
2.37956
3.49515
2.43329
1.17906
2.07643
1.31246
0.0522657
-0.356448
-0.0193708
5.87708
-1.08748
-2.28319
3.36734
3.44219
1.93056
1.60901
1.986
1.371
-0.0513364
-0.322041
0.00376204
5.39766
-1.21955
-2.1442
3.1598
3.44816
2.14632
1.7139
1.8509
1.44966
-0.0369323
-0.309636
0.0064664
5.43415
-1.59578
-1.81982
2.99023
3.10907
2.62454
1.58774
1.71924
1.47241
0.0836667
-0.302846
0.0159604
5.44866
-1.43097
-1.8734
2.89235
3.37985
2.17377
1.54793
1.89007
1.64972
0.077127
-0.353312
-0.0154141
5.84936
-1.51082
-2.45282
3.42131
4.06913
1.37905
1.45229
2.02976
1.6846
-0.0187445
-0.372364
-0.010686
5.62785
-2.13058
-1.76147
3.139
3.62861
1.75338
1.37089
2.03177
1.62283
0.0262155
-0.369821
-0.00660896
5.8483
-2.82751
-1.12566
3.24308
2.70487
2.46676
1.16054
2.07544
1.64732
-0.00775429
-0.47523
0.0106127
5.61504
-2.61332
-1.66466
3.2776
2.95046
2.42814
1.15481
2.42763
1.58705
-0.108435
-0.453524
0.026783
5.44063
-2.44061
-2.31256
3.28018
3.35726
2.44295
1.32854
2.51316
1.53534
-0.123814
-0.42558
0.0221925
5.51668
-2.59598
-2.10948
3.10007
3.21891
2.70924
1.31258
2.44939
1.52167
-0.127813
-0.45534
0.0158311
5.64
-2.00302
-2.63955
3.19661
3.80108
1.83866
1.44422
2.44706
1.52618
-0.249993
-0.527335
-0.0144932
5.85609
-1.40729
-2.90313
3.16687
4.40005
1.36376
1.31635
2.30522
1.44524
-0.330031
-0.57991
-0.00579703
6.35698
-1.73986
-2.36983
3.22975
4.59591
1.74211
0.659835
2.14578
1.06454
-0.318795
-0.458739
0.0341084
6.22574
-1.11479
-2.76602
3.17124
4.61493
0.969052
1.31863
1.74547
1.10304
-0.397934
-0.394034
0.056745
6.05004
-0.894967
-2.77498
2.92714
3.92979
1.077
1.51708
1.7638
1.01236
-0.481952
-0.35511
0.0540703
6.16327
-1.36111
-1.90441
2.10008
3.02885
1.80628
1.14431
2.06561
0.935726
-0.399397
-0.431425
-0.00574454
6.68511
-1.46743
-1.63745
1.88752
2.85496
1.93461
0.672125
2.28062
1.1779
-0.438502
-0.613773
-0.0810203
6.86642
-0.80873
-1.81283
2.12786
2.69058
1.2437
0.999141
2.24233
1.23839
-0.415268
-0.724117
-0.132256
6.51293
0.227156
-1.45047
2.04229
2.58332
0.926074
1.19682
2.1791
1.2048
-0.46601
-0.773223
-0.15245
6.00265
0.896602
-0.842619
1.68542
2.38813
1.01356
1.19105
2.13723
1.10332
-0.542379
-0.778688
-0.152249
7.18023
0.0416934
0.310725
1.69036
1.71239
1.65699
0.887427
2.00468
1.21337
-0.606767
-0.815012
-0.147286
7.18546
-0.307581
0.995661
2.25614
0.637751
1.93197
1.07153
1.84136
1.29171
-0.607817
-0.908747
-0.106957
6.0981
0.667322
0.617354
2.11472
0.486751
1.22127
1.49721
1.44389
1.34349
-0.71461
-0.830447
-0.10215
5.60722
0.383214
0.725559
1.52736
0.216992
1.86256
1.60958
0.702702
1.40914
-0.652446
-0.76167
-0.0469995
6.1444
-0.658706
1.27869
1.21071
-0.0369655
1.71546
1.69957
0.236763
1.34504
-0.297383
-0.837745
0.0103118
6.29978
-1.40793
1.7107
0.384424
0.232368
1.27522
1.83706
0.295952
1.12955
-0.0962341
-0.772717
0.0748789
6.11476
-1.54911
1.54778
0.434426
0.45086
0.894511
1.7477
0.408676
1.16254
-0.104255
-0.710281
0.108999
6.29455
-1.75678
1.20222
0.44863
0.766076
0.379274
1.51738
0.572106
1.08804
-0.00479049
-0.607085
0.121237
6.27562
-1.696
0.939953
0.560536
1.05006
-0.312097
1.56922
0.794158
0.95034
0.0388287
-0.534179
0.107428
6.11026
-1.93585
1.59599
-0.237715
1.41076
-0.615473
1.54871
1.07909
0.500487
0.179176
-0.59897
0.142437
6.18711
-2.17353
1.73205
-0.837687
1.56399
-0.499988
1.52775
1.30606
0.0872348
0.248061
-0.510594
0.177213
6.31722
-2.2846
1.81458
-1.01444
1.66021
-0.389583
1.37925
1.45057
-0.116936
0.302711
-0.401816
0.158103
6.0881
-1.71039
1.6337
-0.77319
2.01112
-0.309024
1.19641
1.2667
-0.000907754
-0.00585923
-0.334734
0.206129
5.8518
-1.18609
1.90222
-0.438601
1.96727
-0.23346
1.12517
1.07171
0.0689447
-0.192754
-0.2607
0.222732
5.89483
-0.633847
1.85211
-0.416984
2.66824
-0.486855
0.547877
1.37396
0.0269961
-0.0668132
-0.0831271
0.18974
6.11897
0.148272
1.41889
0.20881
3.15666
-1.1632
-0.108734
2.11654
0.0464494
0.0902585
0.184522
0.150327
6.14077
1.11435
1.54799
0.692308
2.27488
-1.34678
-0.248441
2.34475
0.181565
0.00683352
0.282348
0.155218
6.0684
2.17984
1.52013
0.868912
2.12862
-1.10946
-0.425807
2.09285
0.318073
0.36069
0.157153
0.0531559
5.96264
2.06785
1.10127
0.510889
2.42448
0.0218617
-0.271254
1.73433
-0.0595687
0.194611
0.189073
0.0406394
6.14378
1.98068
1.50963
-0.531935
2.46517
0.0937632
0.213588
1.86249
-0.788613
0.349978
0.430574
0.0470164
6.71598
1.84353
2.02102
-1.42366
2.90235
-0.378643
0.330015
1.77236
-0.702772
0.843506
0.409286
0.0207078
6.38279
2.52132
1.34532
-1.33876
2.47178
0.37109
0.491304
1.5245
-0.784396
0.790686
0.514401
0.0668554
6.07045
2.14203
1.31325
-0.685857
2.064
0.340352
0.484104
1.51153
-0.547928
0.650137
0.558452
0.0972653
6.37023
1.17193
1.35238
-0.528909
2.45866
-0.313111
0.291636
1.87568
-0.111283
0.415082
0.521133
0.159283
6.33181
0.981599
0.618494
0.400339
2.0369
-0.182264
0.394341
1.61078
0.439957
0.227834
0.500257
0.257736
5.79192
1.28251
0.387719
0.611436
1.59957
0.185855
0.96504
1.14579
0.567485
0.269352
0.629785
0.29255
5.79342
1.58375
0.351616
0.0685436
2.17479
-0.00918735
1.07595
1.63373
0.0348863
0.423007
0.674365
0.307164
5.59794
1.47666
0.651342
-0.719353
2.69925
-0.00475076
1.0142
1.76158
0.232738
0.38802
0.660313
0.322381
5.41266
1.33709
0.864444
-0.711103
2.55701
-0.192447
1.38512
1.90682
0.252214
0.414403
0.750362
0.36446
4.90352
1.9409
0.660039
-0.32817
1.92472
0.0236409
1.37481
2.14949
0.392851
0.284764
0.839478
0.310191
5.12597
2.01419
1.10232
-0.0129354
1.54998
0.230623
1.9245
1.68034
0.51142
0.199083
0.570554
0.24493
4.70794
1.24736
1.92161
1.16779
0.821113
1.12737
2.47091
1.00925
0.723561
0.269485
0.342492
0.106852
4.4776
0.567636
2.41678
0.903852
0.667463
0.903407
2.07236
1.27828
0.737781
0.25861
0.406106
0.114197
4.13295
-0.0450889
1.90277
0.56547
0.481684
0.490345
2.90772
1.38333
0.760826
0.0776895
0.37292
0.11648
4.12493
-0.0747006
1.88352
-0.483551
-0.225963
-0.15252
3.2312
1.52665
0.59692
0.149121
0.284252
0.0849204
3.88407
0.937406
2.63656
-0.947616
0.130479
-0.386789
2.66819
2.03314
0.6471
-0.0208307
0.298998
0.0572542
2.64228
1.34506
2.90883
0.534257
0.0482354
0.531064
2.89725
1.23265
1.34061
-0.206277
0.223109
0.0238892
1.41385
1.91339
3.17599
0.985221
0.372688
0.805605
2.14083
0.674308
1.12807
0.0102642
0.317246
-0.0149385
0.959688
1.60221
3.24331
1.60154
-0.0734616
0.281047
2.67596
0.585575
0.672553
0.071987
0.472102
-0.0621003
0.656675
0.324733
3.21881
1.61808
-0.236012
0.454354
3.12735
0.878576
0.769272
0.264095
0.23823
-0.0250144
0.30507
-0.3087
3.48086
1.63638
-0.867173
0.668138
2.38393
0.839838
1.45433
0.00656642
0.231332
-0.0375373
0.0874909
-0.246766
3.32406
1.18268
-1.11808
-0.261387
1.79444
0.251966
2.05758
0.00629892
0.330426
0.00478956
0.115584
-0.139735
2.9648
0.534006
-0.512952
-0.279759
2.10659
0.490997
1.17251
-0.218948
0.47557
0.00545649
0.0131265
-0.556529
2.81758
0.700678
-0.258888
-0.37305
2.22535
0.981097
0.403157
-0.479497
0.269205
0.0706422
-0.101365
-0.911794
2.5185
0.863233
-0.103276
-0.930433
1.97923
0.920288
0.323173
-0.423623
0.345886
0.037398
0.176026
-0.596401
2.21631
0.30215
-0.553378
-1.02381
1.78102
0.902918
1.03291
-0.237518
0.536149
0.114117
0.165891
-0.821461
2.59062
0.492817
-0.814585
-0.818304
1.48133
0.963096
1.10771
-0.03993
0.349152
0.11252
-0.0639198
-1.25747
3.07146
0.676304
0.0610467
0.428062
1.45962
0.360306
0.560861
-0.015469
-0.0225999
0.0603583
-0.206801
-1.64722
3.10356
1.05549
0.200111
0.524118
1.83612
0.124549
-0.0517532
-0.235125
-0.00220395
0.0658104
-0.335343
-1.23068
2.93309
1.59413
-0.0841688
0.263855
2.09156
0.081646
0.510083
-0.455857
0.159353
0.119463
-0.492743
-0.760877
2.52473
1.26196
0.216657
0.384575
1.51112
-0.311103
0.546544
-0.0547669
0.323484
0.101897
-0.558436
-0.850623
1.79605
0.862332
0.347525
0.697324
1.42269
0.0214795
0.103733
0.159168
0.523359
0.0959914
-0.476278
-1.2436
2.07037
0.64304
0.214534
0.332556
1.94305
0.56138
0.108448
0.00703647
0.299187
0.0303677
-0.134106
-1.29076
2.98695
0.63345
0.270089
0.19573
1.9237
0.63668
0.53874
-0.187425
0.0571641
0.0577686
0.184947
-0.826776
3.08243
0.872293
-0.179229
-0.150554
1.29761
1.01413
1.03804
-0.126527
0.0698915
0.0826276
0.354457
-0.614478
2.94801
1.46757
0.78631
-1.05376
1.33898
1.27149
0.774779
-0.224682
0.110964
0.121537
0.754009
-1.20061
2.15595
0.628196
1.56601
0.460312
1.45888
0.576205
-0.0390009
-0.103105
0.226574
0.112253
1.50286
-0.936087
2.32202
0.194367
1.54332
1.28644
2.31376
0.388652
0.424844
0.346655
0.185374
0.0189345
1.88784
-0.295163
3.19339
1.34828
1.05468
1.1261
3.193
0.635651
1.55069
0.483122
-0.0965762
0.0460416
3.08222
-0.268689
3.2512
1.39012
1.69043
0.618809
3.16703
1.08997
1.17597
0.063337
-0.164582
0.162831
3.77264
0.335606
2.73569
-0.0443002
1.59752
1.35502
2.67394
1.1975
1.08523
0.0573069
-0.0563788
0.103763
4.57601
-0.191234
2.07634
0.57076
2.37696
2.38402
1.23731
1.22486
1.01194
-0.322306
-0.0216295
0.122138
5.05763
-0.238377
1.22202
1.54368
2.6569
2.51093
0.834351
0.848069
1.27764
-0.575179
-0.185483
0.187575
5.6663
-0.298127
0.596503
1.67513
2.70153
1.84007
1.11883
1.07972
1.17687
-0.417885
-0.315278
0.1198
5.90191
-0.529717
0.637546
1.34655
2.65478
1.908
0.763475
1.83032
1.25396
-0.521549
-0.382526
0.0695879
5.71295
-0.470819
0.84361
1.50768
2.15158
1.81868
0.761052
2.49695
1.53257
-0.604354
-0.520689
0.00961112
5.72048
-0.326081
1.21272
1.57358
1.516
2.40687
0.685474
2.49487
1.78457
-0.656125
-0.644668
-0.00016995
5.77814
-0.033953
1.64433
1.13613
1.43908
2.33895
0.826623
2.41808
2.01563
-0.806604
-0.724427
0.00970126
5.68733
0.243918
1.38461
0.795556
1.23841
2.06645
0.858592
2.55954
2.16934
-0.953038
-0.714795
0.0396028
5.78005
-0.0647637
0.845241
0.826794
1.34486
2.03486
0.961446
3.03943
1.90388
-0.885683
-0.607519
0.0329587
6.11647
-0.289786
0.0450394
1.1125
2.15333
1.63299
1.24636
3.49713
1.33676
-0.736142
-0.495802
0.00480886
6.41177
-0.558879
-0.51138
1.77886
2.72261
1.07051
1.81449
3.3176
1.1947
-0.641445
-0.510253
0.031148
6.28906
-0.550931
-1.05931
2.37276
3.19909
1.15464
1.69507
3.32074
1.06478
-0.587086
-0.48504
0.0515996
5.87777
-0.695329
-0.962003
2.23801
3.32698
1.26784
1.64967
3.33724
0.987338
-0.567646
-0.44317
0.0632968
5.73209
-0.671639
-0.979869
2.25897
3.33247
1.17406
1.94353
2.99381
1.08983
-0.525449
-0.45154
0.0653388
6.17281
-0.480407
-1.46291
2.60552
4.08824
0.920339
2.02479
2.68929
1.1364
-0.460304
-0.493412
0.0691218
6.19066
-0.460288
-1.52375
2.49285
4.09999
1.23629
1.9256
2.40092
1.00337
-0.430248
-0.412942
0.0858642
5.57276
-0.29985
-1.08792
2.14792
3.84399
1.85313
1.67076
2.027
0.791231
-0.356884
-0.247368
0.110781
5.67118
-0.224716
-0.856765
2.07747
3.89671
2.03745
1.57936
2.07242
0.597269
-0.348112
-0.199182
0.114342
5.88763
-0.231361
-0.3661
2.13366
3.93497
2.19719
1.60713
1.7947
0.549944
-0.349572
-0.180194
0.111697
5.94946
-0.452816
0.102673
2.6269
3.80412
2.15618
1.6569
1.8194
0.58377
-0.44226
-0.228847
0.116028
5.57169
-0.359367
-0.0535079
3.14387
3.76063
1.5432
1.97996
2.06107
0.62235
-0.593769
-0.270478
0.151661
5.31669
-0.394064
-0.238679
3.40813
3.53485
1.38797
2.03543
2.45881
0.665987
-0.688009
-0.285329
0.173621
5.51135
-0.581349
-0.0349928
3.65033
3.28092
0.945705
2.72542
2.33761
0.793791
-0.828833
-0.304694
0.190889
5.27468
-0.452017
0.04444
3.41672
3.36407
1.55211
2.27583
2.28436
0.591967
-0.830234
-0.266872
0.20625
5.27584
-0.86769
0.411304
3.3976
3.63057
1.82141
2.09766
1.84917
0.466679
-0.723791
-0.19505
0.219862
4.97563
-1.08103
0.57598
3.60773
3.35386
1.68425
2.41128
1.40319
0.468397
-0.684524
-0.108344
0.248952
4.99965
-1.1646
0.549368
3.16613
3.04275
1.43297
2.77201
1.36943
0.473666
-0.68412
-0.0539259
0.269205
4.79489
-0.546865
0.46711
2.70984
2.8993
1.93513
2.73346
1.46617
0.376459
-0.694553
-0.0125692
0.230811
4.76717
-0.749648
1.32974
1.84622
2.99299
2.86564
2.18232
1.05023
0.665006
-0.696605
-0.105567
0.269855
4.77435
-0.585391
0.99936
2.10961
2.93517
2.53003
2.15623
1.17498
0.686675
-0.882698
-0.0140101
0.322373
4.81611
0.512456
0.192062
2.55641
3.36979
1.85235
2.38875
1.14359
0.519881
-0.916185
0.135314
0.290068
4.51891
1.1721
0.663169
2.54519
3.84464
2.26246
2.38943
0.743717
0.624472
-0.874587
0.197854
0.247112
4.11127
1.27266
1.3433
2.20837
3.80239
2.1543
2.71487
1.05712
0.665948
-0.737202
0.0700298
0.198008
3.83449
1.50494
1.66446
2.26559
3.45411
2.22087
2.71455
1.36723
0.558642
-0.354723
-0.0608566
0.113364
4.12729
1.51726
1.7157
2.15661
3.57528
2.87386
3.00511
0.808211
0.638405
-0.253848
-0.0698526
0.118314
4.035
1.61457
1.71817
1.94805
3.56423
2.4407
3.08054
0.932614
0.731967
-0.574035
-0.0389638
0.146465
3.36612
1.42219
2.51558
2.67447
3.92514
1.862
2.94922
0.783536
0.662998
-0.447236
0.165348
0.187329
3.32065
1.59072
2.76625
2.45274
3.30539
1.27334
2.2676
0.738524
1.04317
-0.0862326
0.0883161
0.115231
3.63345
1.8345
2.48152
2.19566
3.73565
1.50918
1.75563
0.773134
0.92032
-0.212226
0.192254
0.109061
3.46572
1.80233
2.20256
2.05384
3.81184
2.06239
2.6015
0.785457
0.631717
-0.533497
0.112891
0.13968
3.07616
1.73891
2.18803
1.73163
3.17532
1.96974
2.31212
0.935181
0.772017
-0.0659349
-0.148286
0.0903888
3.2176
1.65282
2.37211
1.8268
3.10883
1.49069
1.85081
0.599826
0.465508
0.0786812
0.0299052
0.0788572
3.52549
1.784
2.12613
1.83646
3.08107
0.978565
2.23522
0.17735
0.512378
-0.0846165
0.356553
0.131762
3.15004
1.13495
1.89178
1.74958
2.88204
1.22013
3.11413
0.913714
0.484376
0.0507011
0.103111
0.118128
2.97558
1.03889
2.18336
2.17261
3.05773
1.44353
2.48283
0.856087
0.297022
0.186323
0.0342548
0.101268
