178
2.44359
1.67509
1.93076
0.651192
2.41732
0.759976
1.2205
-0.113418
0.908098
0.143078
0.402474
0.103104
2.77503
1.76578
2.12873
0.810262
2.15225
1.37072
1.08696
0.456914
1.10952
0.743011
0.193064
0.0833351
3.34714
2.14778
2.4791
1.32407
2.75357
1.60947
1.25302
0.46798
1.07264
0.698018
0.4489
0.1159
3.49147
2.49617
2.45881
0.837885
3.36847
1.22705
1.14208
0.496969
0.903733
0.246734
0.70494
0.149344
3.26209
3.01582
3.12456
0.562404
2.8281
1.38236
1.29108
0.567734
1.41196
0.325691
0.493158
0.142357
3.33599
2.60798
2.68443
0.889724
3.35185
1.93857
1.55777
0.887625
1.51336
0.307643
0.289341
0.117946
3.70934
2.33436
2.82105
0.71347
3.5757
1.54268
1.27566
1.02521
0.75571
0.383561
0.459068
0.128736
3.72214
2.63075
2.77062
0.827701
3.55719
1.41654
1.3739
0.911613
0.424331
0.0402461
0.613305
0.144436
3.26596
3.22727
3.27775
0.997095
3.48664
1.55956
1.38608
1.56792
0.880204
-0.0677325
0.573661
0.0734253
3.16378
2.62918
2.47664
1.40247
4.14599
1.89375
1.4239
1.46121
1.52889
0.22549
0.264533
0.0919273
3.61085
2.58364
2.1034
2.19145
2.87204
1.90224
2.26313
0.304028
1.53843
0.503252
0.173852
0.0874826
2.63358
1.27
3.99785
0.85913
2.72625
1.75811
1.66545
1.28731
0.862847
0.440728
0.336051
0.111949
1.89317
0.261912
4.30272
0.415523
2.7161
1.24732
1.6215
1.86757
1.02759
0.604451
0.27592
0.0853396
1.88611
1.41628
3.29105
0.252211
2.63459
0.839009
1.87183
1.75034
0.936694
0.855157
0.374288
0.0418127
1.90992
2.22882
2.48486
-0.0801768
2.85503
0.461403
2.24826
1.56076
0.593943
0.983586
0.444324
0.0254305
1.95107
2.54009
2.38284
0.703465
3.05592
0.481733
2.09292
1.60556
1.3719
0.199534
0.329554
0.070052
2.56729
3.3238
1.60559
0.707508
2.31829
1.10562
2.66941
1.52617
1.73007
-0.220282
0.218859
0.00392001
3.11245
3.02361
0.980702
1.07544
1.70331
1.11713
3.07864
1.36395
0.996967
0.00271921
0.149478
0.0218048
3.6224
1.84864
0.9861
1.30068
1.85465
1.79495
2.71762
1.78765
0.92126
0.429712
-0.271807
-0.0289947
4.10063
1.16508
0.830128
1.43755
2.72126
2.58311
2.0709
1.60785
1.31995
0.440447
-0.456239
-0.0903324
4.77152
0.93387
0.0155757
1.11517
2.84058
2.48841
1.80965
1.16267
1.98653
0.235879
-0.373397
-0.119131
5.11548
0.518669
-0.339753
1.70959
2.40243
2.63489
1.71243
1.40305
1.8272
0.340779
-0.388103
-0.134439
5.42051
0.560942
-0.543932
1.12729
2.97168
2.76572
1.32497
1.90159
1.62646
0.0565341
-0.380559
-0.0819188
5.73005
0.0601821
-1.45318
1.50557
3.79464
2.32542
1.43194
2.39433
1.10908
0.099775
-0.36337
-0.0507207
5.92499
-0.522307
-2.22732
2.31426
3.88983
2.0136
1.67472
2.34019
1.24212
0.00807557
-0.360296
-0.0132287
5.53189
-0.986035
-2.57701
2.58878
3.96804
1.90511
2.11067
2.17906
1.36793
-0.139234
-0.307219
0.023373
5.57596
-1.09386
-3.14206
2.47213
4.34451
1.96438
2.3133
2.02841
1.36584
-0.244148
-0.272712
0.0569982
5.64756
-1.26716
-3.60323
3.00766
4.43655
2.09656
2.21207
1.88838
1.30516
-0.295212
-0.198784
0.0718736
5.29255
-1.38569
-3.4607
3.25263
4.75285
1.97758
1.82498
1.9112
1.40675
-0.139721
-0.257533
0.0418864
4.81593
-1.4849
-3.20453
3.52264
4.69843
1.6212
1.77295
2.05229
1.61826
-0.130971
-0.316014
0.0120378
4.9937
-1.97831
-3.10806
3.90361
4.6434
1.29518
1.85782
2.01767
1.83826
-0.194198
-0.332116
-0.00341924
4.66744
-2.15364
-3.18776
4.38685
4.32789
1.22835
2.08777
1.78712
2.09723
-0.328018
-0.262705
-0.0327361
4.52469
-2.28934
-2.89804
4.234
4.56388
1.11957
1.8382
1.91917
2.14664
-0.284978
-0.376246
-0.0180311
4.36717
-2.32831
-2.15904
3.45942
5.01913
1.20692
1.22509
2.52577
1.77208
-0.170183
-0.486216
0.024305
4.30856
-2.63016
-1.53909
2.8618
5.26862
1.49687
0.893258
2.75364
1.58252
-0.198611
-0.440722
0.0312105
4.24373
-2.77516
-1.44249
2.48358
5.55804
1.72587
0.936164
2.55292
1.56325
-0.199973
-0.368524
0.0516623
4.17691
-2.6873
-1.89151
3.28444
4.79973
1.803
1.61925
1.89727
1.73338
-0.325758
-0.298472
0.0972361
4.00612
-2.55252
-1.96206
3.95411
4.21092
1.73881
1.78373
1.7777
1.67562
-0.440595
-0.217749
0.109546
4.14143
-2.39592
-2.12648
3.71703
4.83215
1.31919
1.64864
2.13657
1.43466
-0.429316
-0.263793
0.124153
4.28318
-2.60656
-2.15722
3.61635
5.19945
1.26939
1.67193
2.08154
1.29156
-0.369392
-0.219927
0.140463
4.08681
-3.11002
-1.80903
4.0173
4.61501
1.59872
1.76591
1.77176
1.51123
-0.371817
-0.1781
0.130982
4.44581
-3.34672
-1.7298
4.0951
4.65999
1.50415
1.5395
1.71808
1.53403
-0.170049
-0.195831
0.103435
4.29268
-2.64633
-1.89551
3.60564
5.24841
1.12971
1.06694
2.15312
1.4916
-0.160374
-0.27246
0.0843938
4.5889
-2.20048
-2.19696
3.44641
5.33239
0.758535
1.22647
2.4707
1.45271
-0.190718
-0.402997
0.0780959
4.94804
-1.60566
-2.0694
3.3134
4.88803
0.569168
1.62925
2.74206
1.29194
-0.354729
-0.454722
0.108137
5.14063
-1.03096
-1.27532
2.58754
3.62903
1.02009
2.22499
2.61322
1.05035
-0.553997
-0.402161
0.0993961
4.77917
-0.344719
-0.160243
1.93421
3.07738
1.49481
2.32599
2.33985
0.692395
-0.462644
-0.428407
0.0246152
4.61702
-0.473076
-0.0645617
2.7451
2.53686
1.00728
2.66824
2.38043
0.470815
-0.693917
-0.428675
0.0466644
4.58134
-0.668573
-0.0234691
2.66764
2.39025
1.26989
2.25956
2.23613
0.0151874
-0.630147
-0.359393
0.0151667
4.74801
-0.787831
-0.528479
2.09261
2.68791
0.755164
2.50293
1.40886
0.191442
-0.676386
-0.495135
-0.0400708
4.6006
-0.931972
-0.989508
2.32257
2.43721
-0.106652
3.33251
0.866515
0.584656
-1.01618
-0.577942
-0.0508637
4.35322
-1.35868
-1.1324
2.10693
1.85483
0.38838
3.26584
0.704168
0.814426
-1.17962
-0.627593
-0.0759467
4.38793
-2.18449
-1.41515
1.43726
1.67399
1.81262
3.09533
0.269799
0.779295
-1.1101
-0.611804
-0.0333112
4.93503
-1.97909
-1.59722
1.17642
1.86708
2.04537
2.93169
0.477549
0.553022
-0.803646
-0.525818
-0.0508791
5.14623
-1.38562
-1.05462
1.59259
1.51271
1.59887
2.81439
0.635618
0.930164
-0.662749
-0.623709
-0.079462
5.15076
-0.730802
-0.574383
0.764251
1.06358
2.52786
2.15515
0.830972
1.39022
-0.68127
-0.739234
-0.062742
4.6014
-0.917109
-1.24662
-0.0656807
2.02318
2.76472
2.62866
0.310985
1.87699
-1.01473
-0.645763
-0.00846684
4.21656
-0.94674
-1.30472
0.297706
2.33421
2.30078
2.96629
0.061816
2.03948
-1.12851
-0.471574
0.0223508
4.2557
-0.545226
-1.05668
0.52691
2.46302
1.81079
2.59178
0.246101
1.92813
-0.956133
-0.341713
0.0345661
4.22949
0.0236952
-0.566087
0.287456
2.75252
1.50024
1.64506
0.947797
1.44576
-1.03526
-0.236398
0.0524094
3.44868
0.445273
-0.465921
-0.527569
2.79129
1.41401
1.27692
1.19853
0.904637
-1.39752
0.178238
-0.0129541
3.61778
0.504875
-0.084063
-0.390133
2.69935
1.62869
0.91865
0.85565
0.717676
-1.43833
0.0977496
0.0184896
4.29193
0.542136
0.363073
-0.109436
2.56168
1.5845
0.622559
0.891193
1.10323
-1.27916
-0.336248
0.00535413
3.99968
0.0276702
0.141445
0.411819
1.5301
1.31091
1.38039
0.44644
1.76194
-1.04144
-0.53452
-0.0540769
3.41048
-0.346379
0.661519
0.841577
1.62751
1.13293
1.14373
0.0599196
1.69992
-1.08936
-0.372585
0.0138659
3.77322
1.20125
1.05684
0.589987
2.63198
1.35891
1.06051
-0.00564471
1.23984
-1.31527
-0.165883
0.0459725
4.4799
1.01904
0.595464
-0.329547
2.1997
2.127
0.864839
-0.15478
0.828532
-0.759866
-0.18472
0.00748931
4.74733
0.188195
-0.0910383
-1.03441
1.78966
2.88898
0.701636
0.813455
0.628136
-0.506359
0.0341443
0.008683
4.70856
-0.409845
-0.562981
-0.91917
1.64152
1.89084
0.630743
2.04715
0.986798
-0.87816
-0.0892994
-0.0140616
5.03755
0.258084
-0.186466
-0.500846
0.740674
1.0849
0.643954
1.94969
0.533656
-0.928913
-0.260834
-0.0412664
5.50738
0.642224
0.455347
1.04672
0.892703
0.333713
0.751952
1.48293
-0.258465
-0.985237
-0.412308
-0.057792
5.8314
0.824975
0.964401
1.81838
0.663495
0.172898
1.06734
1.41291
-0.523923
-1.07126
-0.442839
-0.0801132
5.95349
1.16175
2.06043
1.28663
0.0759147
0.721908
0.678564
1.76049
-0.595958
-0.998552
-0.326327
-0.130101
6.13007
1.01537
2.4704
0.697725
0.479304
1.14392
0.158813
1.96715
-0.212058
-1.02953
-0.290041
-0.165776
5.83991
0.86221
2.34825
1.49819
1.15266
0.683898
-0.140407
2.10763
-0.197115
-1.31627
-0.352854
-0.0683631
5.70977
0.186172
2.49172
2.10028
1.49116
1.37319
-0.872757
1.33195
-0.414231
-1.58697
-0.185756
0.0614085
5.85412
-0.0684896
2.43062
2.13224
1.91865
1.45067
-0.924301
1.11028
-0.511216
-1.78164
-0.198385
0.103428
6.22644
0.0960303
1.78753
2.25444
1.93945
0.818978
-0.882414
1.43982
-0.675637
-1.5998
-0.213776
0.0739123
6.39096
0.4518
1.38433
2.2388
1.6155
0.0351944
-0.880532
1.9866
-0.380101
-1.24379
-0.27904
0.0174563
6.51601
0.515009
1.98083
1.57002
0.559625
-0.113193
-1.23007
2.42258
0.225686
-1.29953
-0.246428
0.00496975
6.64805
0.615247
2.15437
1.15049
0.181964
-0.245153
-1.21245
2.57931
0.374666
-1.27728
-0.157506
0.0104997
6.33624
1.20524
2.40475
1.24278
-0.375605
-0.448162
-1.04157
2.45463
0.534728
-1.1389
-0.248864
0.0060695
6.23869
1.49325
2.24454
1.36768
-0.482668
-0.609915
-0.680988
2.06692
0.584138
-0.866753
-0.330671
-0.0345496
6.40989
1.44196
1.80369
1.09838
-0.197808
-0.651806
-0.30326
1.80331
0.463541
-0.608596
-0.307027
-0.0798638
6.70257
0.856905
1.62415
0.805791
0.126596
-0.246043
-0.52231
2.08388
0.34201
-0.570177
-0.108252
-0.0735283
6.50505
0.868215
1.4126
0.285945
0.604126
-0.176255
-0.343457
1.58773
0.485184
-0.264735
-0.106108
-0.0854875
6.19872
0.896114
1.42355
0.0724592
0.590838
-0.150412
-0.0354325
1.33623
0.47056
-0.113562
-0.0467781
-0.0641825
6.26674
0.825914
1.08627
-0.04019
1.12631
-0.133683
0.239253
1.39693
-0.226807
-0.0293935
0.204878
-0.0186596
6.09078
1.14761
1.06429
-0.00545302
1.21114
-0.0920431
0.497617
1.38102
-0.388738
0.214456
0.369874
0.0252824
5.27951
1.66886
1.98625
-0.165717
0.980049
-0.416702
0.76962
1.50994
0.229387
0.453921
0.364011
0.0432101
4.64846
2.23285
3.132
-0.578772
1.44936
-1.0464
0.844362
1.69525
0.679951
0.635902
0.241678
0.0490515
4.80074
2.35977
3.62363
-0.314492
1.13387
-0.549864
0.581573
1.64843
1.00803
0.401528
0.198858
0.0329452
5.05714
1.99766
2.77757
-0.138821
1.48971
0.145684
0.737069
1.48616
0.473492
0.40401
0.219789
0.00734262
5.05787
1.64965
2.57576
0.308454
2.06803
0.14108
0.779589
1.48714
0.317358
0.159459
0.167254
0.0347172
5.15374
1.35707
2.58163
0.750604
1.57093
0.264678
0.623444
1.35205
0.610566
-0.211507
0.1623
0.0974132
5.55915
1.0315
2.50082
1.0094
1.34931
0.439583
0.645576
1.43779
0.224386
-0.079274
0.277459
0.0807503
5.60397
0.949323
2.40208
0.583086
2.24751
0.106604
0.918133
1.46804
-0.222046
0.136183
0.295753
0.070111
5.49874
1.02382
1.95071
0.590921
2.6851
-0.153372
1.16123
1.23926
-0.260421
0.272575
0.262537
0.109945
5.61861
0.8696
1.59354
0.614913
2.72611
-0.111399
1.19024
1.06487
-0.250792
0.426167
0.363453
0.131819
5.72328
0.952786
1.32571
0.394944
2.59669
0.135541
1.10284
1.08605
-0.0276408
0.472745
0.409137
0.141478
5.71267
1.21776
0.918632
0.38447
2.59765
0.00479885
1.57347
0.815513
-0.0599427
0.778628
0.482965
0.15731
5.56836
1.25442
0.766265
0.306129
2.18042
0.539758
1.3517
1.00493
-0.0188464
0.751299
0.621947
0.15669
5.51421
1.73019
0.604986
-0.163928
1.99584
1.01501
1.33633
1.26522
-0.158393
0.693484
0.617488
0.162347
5.42943
2.11325
0.945978
-0.894554
1.38974
1.15259
1.75214
1.22995
0.1094
0.621317
0.542179
0.165106
4.97679
2.10813
1.86825
-1.59678
0.974501
0.570986
2.09054
1.2806
0.839537
0.551386
0.457884
0.180157
4.75116
1.15287
2.02031
-0.552463
0.570496
0.227147
2.48756
1.41509
1.10252
0.424582
0.461208
0.177644
4.34032
0.955538
1.83874
-0.0429482
-0.0738587
1.34412
3.33521
1.22977
1.03795
0.277178
0.340011
0.0873514
3.67492
0.837058
2.49789
0.166581
0.61744
1.85052
3.1737
1.09065
0.292143
0.455615
0.43037
0.0480494
3.21856
1.40333
2.53919
0.522641
1.37786
0.834357
3.36263
1.01023
0.421699
-0.0198126
0.367448
0.0758086
2.51119
2.19195
2.25259
1.35766
0.38259
0.376388
2.95791
1.39647
1.18078
0.433259
0.387942
-0.00158987
1.8133
1.93249
2.65964
1.28979
-0.342294
0.931746
2.21433
1.4735
1.22785
0.263853
0.697782
-0.075785
0.808574
1.19389
3.69843
1.97999
-0.0821168
0.88774
1.67615
1.17785
0.866796
-0.175908
0.403304
-0.0322099
-0.0982544
0.536064
3.82582
2.66009
0.0492085
0.636211
2.4177
0.66394
0.117355
-0.219508
0.280822
-0.0583426
0.00432025
0.515145
2.9577
2.68149
0.446995
0.25595
2.89336
0.531208
0.368877
-0.247319
0.34702
-0.0465765
-0.1253
0.34542
3.68378
1.61775
0.282113
0.160326
2.61456
0.897135
0.688371
-0.0700629
0.222287
-0.0118792
0.0424479
-0.150156
3.74131
0.718907
0.0871032
-0.332045
1.99338
1.43213
0.621615
-0.0212151
0.244829
0.0319028
0.127678
-0.535158
2.58755
-0.0169206
-0.319215
-0.614693
1.20369
0.906492
0.534671
0.0468341
0.461107
0.054972
0.313794
-0.931059
2.36149
0.78354
0.401265
-0.723656
1.18748
0.873578
0.342671
0.232104
0.297239
0.0442263
-0.0992422
-1.11065
3.10178
2.22455
1.21718
-0.156799
1.11175
0.892685
0.547593
-0.15818
0.188289
0.0974424
0.0464747
-1.2574
3.10145
1.64701
1.43609
0.594285
1.26945
0.317903
0.473878
-0.379116
0.237892
0.133805
0.0245416
-1.4978
2.07416
2.15047
0.716034
0.639748
1.86905
0.58647
-0.000695401
-0.378597
0.280859
0.0220982
-0.152239
-1.5798
1.81477
2.63363
0.64403
-0.0656413
2.29201
1.23054
0.280814
-0.231136
0.328435
-0.00668297
-0.567058
-1.80154
2.10037
2.03163
1.82152
0.367097
2.04805
1.03009
0.166291
-0.334659
0.559854
0.0597022
-0.771662
-1.9669
2.05116
1.61833
1.54621
0.156377
2.13667
0.836092
0.564127
-0.493051
0.505893
0.119364
-0.485269
-1.69832
1.75373
1.65389
0.399249
-0.395609
2.1468
0.418384
0.770305
-0.479107
0.560559
0.0201796
-0.0221549
-1.26131
1.60547
1.1082
-0.33258
-0.752773
2.20915
0.619143
0.682998
-0.186784
0.421103
-0.0134805
0.185283
-1.49534
2.44613
0.504986
-0.0495564
-0.127518
1.77549
1.02875
0.530563
0.0807678
0.0955906
0.0596358
0.031968
-1.82237
2.67127
1.35989
0.252672
-0.240208
1.69663
1.78598
0.450946
-0.154358
-0.0144629
0.123189
0.0284612
-2.13792
2.59938
2.01757
0.325746
-0.194449
1.67325
1.6062
0.780662
-0.464252
0.00281242
0.153163
0.578204
-1.73495
1.44987
1.34211
-0.365939
-0.217272
1.47439
0.68776
1.68345
-0.323969
0.0564153
0.125348
0.517895
-1.69773
0.496842
0.966088
-0.285339
-1.16447
2.16701
1.58149
1.869
-0.260849
0.234952
0.046338
0.666687
-1.80679
0.355475
0.713183
0.300867
-1.81862
2.15094
1.74741
1.32685
-0.0281538
0.162192
0.0848375
0.855872
-2.03173
0.840845
0.383945
0.103833
-0.887108
1.72676
1.43777
0.914732
-0.19969
0.205429
0.0998402
1.03901
-1.07601
1.1982
1.67087
0.609518
1.01236
1.75707
1.59796
1.31554
-0.67314
0.332769
0.0126801
1.50976
-0.229228
1.7892
1.9642
2.05377
1.60108
2.83656
1.21337
1.21459
-0.248072
0.186329
0.0533397
2.95108
-0.146242
1.45354
1.55323
3.35795
0.719771
2.99519
1.27688
1.13893
-0.193381
-0.161997
0.161571
4.18509
-0.526196
0.622451
1.5359
2.99479
0.870831
2.49822
1.61684
1.55745
-0.30238
-0.213406
0.142276
4.71833
-0.576399
0.703229
1.31257
2.03784
1.82821
1.85616
2.23893
1.50053
-0.356053
-0.213376
0.0836316
5.57212
-0.642018
0.296878
0.693499
2.00521
2.13117
2.08474
2.15629
1.26469
-0.22376
-0.191137
0.0605139
5.61208
0.234474
-0.16388
-0.137797
2.37359
2.2749
2.3751
1.78121
1.18727
-0.106849
-0.169887
0.0368004
5.53388
0.109943
-0.297971
-0.0230017
2.3779
2.17003
2.01741
2.109
1.4047
-0.403042
-0.206416
0.0887617
5.60823
0.0692959
-0.213844
0.314464
2.0476
2.69249
1.76658
1.91226
1.2778
-0.465822
-0.174084
0.115461
5.88689
-0.26806
-0.231984
0.278356
2.53521
2.22148
1.6283
1.93736
1.43748
-0.466345
-0.27192
0.13574
5.62528
0.0203779
-0.710153
0.907826
2.56784
2.1383
1.40863
2.13326
1.44834
-0.598802
-0.281658
0.141488
5.80261
-0.270036
-0.402064
1.68746
2.92926
2.19487
1.14312
2.24906
1.15687
-0.623595
-0.333952
0.14624
5.37009
-0.381362
0.308732
2.28381
3.31414
2.27773
1.15995
2.18025
1.12146
-0.706847
-0.377337
0.151086
5.18265
-0.644225
0.473585
2.51455
3.48084
2.06094
1.15185
2.50167
1.10529
-0.626917
-0.399551
0.117629
5.46109
-1.01108
-0.0403077
2.94801
3.71679
1.8281
0.910477
3.1411
1.04042
-0.542907
-0.425774
0.0758465
5.62564
-0.939
-0.995915
3.75732
4.80452
1.02092
1.06887
3.3262
1.04649
-0.395789
-0.565335
0.077117
5.27918
-0.813956
-1.40397
4.36099
4.73784
0.547807
1.5516
3.04383
1.13797
-0.469207
-0.572284
0.121888
5.30672
-0.963553
-1.37712
4.54674
4.54618
0.585315
1.63335
3.04354
1.12898
-0.561368
-0.535834
0.134241
5.63514
-1.41092
-0.940265
3.72486
3.92325
1.04606
1.95537
2.65335
1.07661
-0.577233
-0.418431
0.124538
5.36117
-0.964682
-0.953345
2.66086
3.76119
1.59443
1.98997
2.32767
1.15972
-0.498107
-0.422043
0.108196
5.18951
-0.468564
-1.19679
2.14395
3.73307
1.80361
1.95302
2.2089
1.26487
-0.521267
-0.414877
0.104985
5.2172
-0.145692
-1.34471
1.78854
3.55867
1.94923
1.81745
2.35747
1.23351
-0.578897
-0.390643
0.113326
5.81879
-0.462823
-1.24915
1.51768
3.19031
2.28276
1.57621
2.63229
1.11666
-0.595687
-0.37938
0.125448
5.51427
-0.289232
-0.999358
1.21926
2.69563
2.48106
1.53357
2.69791
1.27652
-0.709727
-0.356798
0.139479
5.21345
0.266429
-0.759936
1.08278
2.67422
1.98201
1.85269
2.5611
1.42004
-0.781648
-0.328253
0.129589
5.16991
0.657862
-0.573163
1.66953
2.79841
1.65948
2.04669
2.51394
1.26902
-0.725304
-0.375167
0.101578
5.92938
-0.0463885
-0.635028
2.41421
3.05322
1.57699
1.96408
2.77169
0.996973
-0.653377
-0.435897
0.106712
5.51721
-0.0937227
-1.447
2.81368
3.36422
1.3125
2.26156
2.61956
0.953079
-0.734554
-0.397949
0.144463
5.26248
-0.389364
-1.73426
2.93871
4.05188
1.28012
2.32909
2.26706
0.822624
-0.725174
-0.316675
0.188966
4.89549
-0.190067
-0.617325
2.60941
4.21106
1.55855
1.90354
2.01291
0.669491
-0.649774
-0.22629
0.208212
5.05632
0.411925
0.200963
2.70937
4.16283
1.3114
2.04131
1.25295
1.04643
-0.63732
-0.221298
0.194298
4.7619
1.32794
0.595602
2.70863
4.24247
1.6037
2.14892
1.14781
1.2505
-0.643388
-0.190888
0.13426
4.51352
1.75476
1.15803
1.93817
4.07823
2.40796
2.56386
1.12864
0.866625
-0.441924
-0.0870862
0.113871
4.16678
1.90938
1.60397
1.99804
3.96861
2.8045
2.71541
1.50445
0.46038
-0.331339
-0.0333381
0.120345
4.16189
2.06215
1.65235
2.56224
4.31341
2.2483
2.12695
1.8439
0.8906
-0.481022
-0.00743942
0.121048
3.95432
1.98092
1.68254
2.86535
4.15334
1.79165
2.04281
1.9516
1.347
-0.671043
-0.0520229
0.12795
3.62222
1.61316
1.67052
2.42257
3.833
1.71532
2.41571
1.9245
1.16897
-0.576097
-0.17412
0.126044
3.49714
1.68422
1.72946
1.98117
3.32147
1.82101
2.37598
1.69604
1.01444
-0.379952
-0.113833
0.0897683
3.83797
1.94801
1.43837
1.18009
3.02912
2.20188
2.5802
1.63725
0.761807
-0.475873
-0.0457889
0.0730226
3.60698
1.67035
1.91714
0.673228
2.89531
2.5589
2.84065
1.30209
0.642086
-0.350093
-0.0741797
0.0920783
2.86154
1.34534
2.01583
1.51595
3.18822
2.23828
2.34123
0.573613
1.0442
0.172614
-0.11291
0.105491
3.12115
1.12645
1.88501
1.69259
2.84701
1.2652
1.99848
0.480134
1.20367
0.310885
0.0386318
0.0899835
3.68285
1.08673
0.97544
1.60227
2.90103
0.846804
1.94734
0.816453
1.24566
-0.0731914
0.215197
0.119028
3.36003
0.945149
1.25992
1.53514
3.19238
1.02884
2.21125
1.26179
1.47327
-0.179306
0.0261608
0.108517
3.07894
1.17934
2.19355
1.58682
3.28139
1.06848
1.64573
1.38914
1.302
0.0136351
0.02462
0.107025
