93
99
144
296
307
287
326
350
379
407
425
420
410
385
371
334
302
319
330
388
452
322
380
432
364
351
309
330
353
378
292
207
277
410
456
418
367
324
330
339
360
386
387
400
375
367
358
362
361
352
334
324
356
301
303
255
242
261
250
212
177
163
106
125
104
90
56
42
70
46
56
34
14
24
23
18
1
5
-22
-20
-8
19
-20
0
8
-34
-1
-7
5
-5
6
-1
-4
3
-15
-4
-12
-9
-14
-9
-7
-66
-91
-154
-223
-285
-274
-242
-224
-195
-115
-126
-111
-49
-43
-54
-74
-149
-142
-168
-202
-184
-204
-186
-174
-170
-170
-202
-231
-245
-285
-322
-215
-205
-208
-262
-287
-240
-186
-171
-304
-391
-356
-299
-281
-268
-294
-278
-267
-316
-297
-321
-315
-340
-354
-366
-367
-357
-358
-359
-386
-374
-389
-383
-378
-415
-415
-427
-426
-435
-459
-462
-453
-445
-457
-441
-448
-345
-276
-294
-261
-328
-294
-287
-295
-284
-292
-280
-285
-278
-297
-281
-263
-278
-260
-218
-195
-240
-190
-216
-202
-177
-169
-140
-132
-115
-85
-75
-71
-38
-30
12
53
46
68
96
132
158
181
203
237
249
250
272
267
272
281
306
328
290
319
302
293
309
296
287
285
285
265
260
235
198
201
224
217
145
134
98
73
39
25
15
-22
-48
-91
-129
-178
-193
-231
-246
-254
-310
-309
-353
-407
-440
-470
-523
-582
-609
-650
-665
-690
-709
-750
-742
-711
-766
-747
-804
-783
-780
-799
-747
-734
-674
-681
-636
-622
-570
-543
-479
-401
-385
-280
-244
-195
-144
-71
6
98
198
290
368
448
543
614
715
805
812
840
829
869
928
985
1027
1064
1097
1116
1112
1069
1088
1080
1253
1294
1208
1228
1215
1223
1167
1147
1093
1036
966
902
840
760
715
666
648
639
566
411
430
376
281
222
160
127
116
66
-79
-108
-13
26
-25
-111
-194
-229
-275
-308
-321
-334
-376
-454
-487
-526
-572
-626
-676
-716
-734
-757
-804
-779
-762
-734
-757
-747
-754
-743
-664
-633
-582
-541
-481
-412
-366
-231
-176
-90
28
119
206
317
450
545
658
717
777
864
919
927
943
942
916
971
984
1007
978
971
924
906
878
855
842
827
812
818
811
771
676
608
488
432
323
252
273
267
263
283
275
257
288
279
258
185
78
27
-23
-70
-94
-106
-137
-143
-205
-239
-254
-320
-368
-435
-481
-473
-468
-511
-603
-670
-700
-673
-686
-813
-996
-1069
-1054
-1078
-1105
-1180
-1217
-1238
-1358
-1400
-1457
-1495
-1528
-1534
-1517
-1484
-1410
-1377
-1366
-1342
-1287
-1213
-1108
-1010
-982
-875
-808
-698
-580
-503
-416
-329
-208
-123
-3
93
254
442
524
595
568
587
611
604
628
664
689
697
694
683
643
639
616
571
583
604
538
557
522
508
507
475
461
425
416
385
384
354
345
326
360
370
316
312
289
280
257
250
229
225
229
202
186
178
142
111
98
71
-1
29
-9
-48
-70
-128
-151
-184
-218
-273
-329
-375
-438
-530
-542
-574
-653
-680
-748
-816
-883
-933
-985
-1057
-1099
-1141
-1181
-1214
-1229
-1229
-1203
-1163
-1155
-1052
-988
-1009
-993
-926
-857
-792
-719
-638
-551
-455
-350
-280
-187
-67
-5
132
220
300
398
478
581
591
626
610
630
671
716
755
777
808
748
786
779
744
740
738
706
705
720
691
676
655
638
601
641
622
565
571
557
563
599
613
599
625
641
623
643
597
601
576
635
769
698
710
708
719
702
683
655
616
572
505
496
415
364
309
313
305
283
178
103
132
17
-48
-157
-202
-248
-292
-417
-531
-467
-415
-384
-504
-653
-648
-722
-750
-759
-747
-748
-763
-761
-764
-748
-702
-636
-550
-474
-417
-409
-343
-292
-246
-106
7
89
154
211
292
364
458
535
571
691
753
705
720
735
782
815
817
826
842
813
785
792
768
788
808
759
761
712
730
726
739
700
676
692
682
694
669
661
642
641
622
640
623
565
556
478
357
292
217
199
190
169
158
180
154
150
173
166
148
36
-14
-83
-138
-176
-198
-276
-326
-358
-419
-459
-513
-557
-630
-665
-720
-746
-757
-853
-907
-982
-979
-958
-1018
-1182
-1268
-1257
-1247
-1234
-1280
-1287
-1303
-1358
-1319
-1313
-1331
-1346
-1335
-1299
-1267
-1206
-1142
-1058
-985
-925
-868
-757
-642
-583
-475
-389
-303
-206
-118
-21
62
112
144
147
175
271
440
549
572
540
521
550
558
565
608
618
627
632
619
583
608
608
568
593
588
537
589
606
594
592
571
560
545
551
527
549
533
501
470
511
507
460
471
396
377
362
327
294
271
257
213
198
157
117
88
53
28
-58
-72
-114
-169
-194
-239
-274
-301
-337
-400
-429
-482
-496
-560
-577
-592
-664
-680
-726
-739
-791
-826
-852
-884
-910
-935
-943
-953
-953
-947
-937
-921
-943
-927
-900
-875
-835
-780
-739
-702
-649
-583
-525
-454
-369
-277
-205
-112
-59
42
119
173
252
282
342
376
401
430
464
496
513
528
565
600
557
613
638
637
612
629
631
647
679
692
695
631
671
686
711
749
661
682
684
654
673
678
699
692
732
698
681
703
645
672
650
747
747
735
753
728
702
722
682
628
628
541
566
489
398
357
332
336
346
224
247
269
167
114
22
-24
-81
-79
-181
-290
-306
-228
-164
-231
-397
-395
-427
-462
-463
-501
-509
-512
-563
-597
-597
-591
-568
-582
-601
-571
-602
-545
-544
-553
-453
-411
-335
-331
-329
-276
-194
-161
-111
-27
43
134
158
204
237
298
341
388
406
443
491
536
544
520
550
600
619
621
598
620
643
676
677
678
699
675
683
707
696
723
788
727
732
721
683
680
631
512
474
477
384
414
375
446
393
451
441
391
431
408
297
206
183
86
8
13
-64
-104
-80
-247
-201
-288
-412
-345
-434
-490
-452
-526
-481
-599
-726
-678
-743
-630
-847
-1002
-965
-1067
-942
-1020
-1069
-1032
-1148
-1126
-1147
-1225
-1199
-1228
-1269
-1232
-1296
-1300
-1228
-1222
-1192
-1200
-1167
-1103
-1125
-1077
-1042
-981
-881
-847
-821
-758
-672
-555
-459
-400
-325
-151
10
37
59
110
188
251
255
279
301
368
408
378
405
403
417
433
450
480
468
478
509
472
484
484
499
512
529
545
578
607
528
546
535
608
639
595
615
654
645
679
698
654
856
788
1575
916
257
269
-53
784
335
478
429
-53
-29
-330
-278
-270
-353
-204
-333
-286
-246
-314
-299
-545
-400
-452
-506
-392
-592
-394
-552
-567
-551
-711
-535
-637
-770
-738
-850
-861
-819
-924
-901
-919
-1041
-1030
-1029
-1140
-1072
-1020
-1046
-1026
-1144
-1063
-975
-893
-802
-721
-650
-590
-558
-514
-410
-252
-119
-46
2
60
108
222
261
330
376
432
524
479
461
536
515
570
574
588
592
571
597
586
641
589
612
634
621
665
716
683
669
642
784
862
856
797
787
759
844
1041
881
1021
996
943
957
949
943
986
983
942
738
784
810
669
683
665
549
373
575
491
328
396
436
124
246
105
38
-24
-153
128
-46
128
-126
-273
-132
-285
-166
-535
-360
-437
-598
-394
-547
-464
-767
-694
-768
-871
-843
-946
-887
-941
-959
-895
-917
-854
-899
-987
-952
-968
-771
-612
-502
-453
-465
-415
-374
-245
-55
151
266
354
384
392
506
611
756
844
894
865
810
857
896
942
936
905
843
756
714
716
713
717
610
562
514
527
500
475
492
313
209
218
221
309
397
423
448
352
431
444
506
596
533
539
400
334
276
312
274
465
308
476
338
668
878
173
-7
-303
-251
141
-112
-74
39
-1
273
-1023
-998
-1466
-946
-840
-616
-728
-952
-1067
-1773
-1631
-1626
-1545
-1762
-1514
-1589
-1720
-1797
-1990
-2154
-2117
-1977
-1873
-1881
-1967
-1858
-1845
-1811
-1813
-1858
-1740
-1532
-1188
-954
-768
-804
-791
-663
-355
111
429
767
909
964
837
848
1015
1374
1611
1729
1587
1524
1417
1376
1321
1319
1447
1250
1090
778
742
691
696
520
318
131
49
-71
-31
144
103
115
-52
-130
-133
306
577
604
416
342
527
711
851
787
786
971
760
758
932
864
1007
767
741
328
392
598
458
384
148
197
-56
-257
-201
-296
-424
-151
-635
-752
-816
-1017
-697
-788
-1080
-1241
-1255
-1466
-1266
-1175
-1482
-1681
-1805
-1917
-2035
-1787
-1682
-1884
-2160
-2260
-2264
-2189
-1943
-1902
-1995
-1958
-1862
-1704
-1264
-866
-617
-642
-586
-293
139
532
893
1095
1253
1286
1307
1535
1856
2237
2431
2191
1958
1907
1958
2042
2034
1988
1815
1514
1282
1052
1038
1000
849
644
336
104
19
-6
-18
14
-56
-167
-211
-40
319
554
537
266
268
566
1076
1458
1510
1349
1342
1280
1292
1625
1867
1885
1767
1518
1242
1159
1151
1182
1163
760
426
575
365
296
198
-16
-429
-730
-751
-745
-754
-1066
-1394
-1375
-1346
-1465
-1373
-1427
-1673
-1646
-1951
-2269
-2139
-2166
-1926
-1839
-2021
-2184
-2510
-2475
-2178
-1883
-1576
-1524
-1384
-1034
-782
-835
-869
-554
263
915
1027
1114
1407
1747
1730
1560
1953
2756
3339
3187
2637
2351
2421
2553
2586
2541
2583
2512
2070
1392
939
968
1188
1139
734
262
16
-69
-270
-414
-413
-223
-118
-69
74
174
86
-194
-152
291
974
1218
1127
930
646
598
916
1409
1720
2031
1862
1315
959
817
1071
1355
1208
784
309
-193
-543
-523
-498
-639
-880
-1260
-1651
-1987
-2412
-2495
-2194
-2083
-2275
-2496
-2734
-3122
-3436
-3508
-3548
-3433
-3181
-3097
-3128
-3424
-3935
-4130
-3716
-3088
-2588
-2438
-2380
-2059
-1746
-1942
-2339
-1831
-300
1020
1232
768
598
923
1319
1544
2255
3440
4108
3573
2386
1827
2391
3334
3694
3457
3089
2791
2148
1361
1120
1499
1995
1768
812
-168
-568
-506
-417
-488
-536
-339
-428
-757
-823
-645
-412
-428
-387
18
767
1025
714
462
497
825
1422
1940
2092
2038
1644
1104
1083
1457
1900
2117
1763
987
287
53
98
239
308
-14
-505
-1158
-1836
-2004
-1826
-1807
-1942
-2229
-2645
-2898
-3038
-3256
-3476
-3635
-3563
-3396
-3374
-3615
-4009
-4222
-4199
-4017
-3417
-2955
-2885
-2872
-2620
-2235
-2043
-2009
-1481
-231
826
932
565
656
1459
2271
2661
2976
3684
4188
3853
3165
3072
3820
4511
4477
3835
3374
3132
2718
2292
2126
2294
2272
1735
728
-90
-200
-46
-44
-376
-622
-673
-680
-763
-789
-594
-436
-487
-516
-99
527
835
693
567
597
1087
1586
1897
2071
2010
1677
1421
1503
1822
2114
2011
1545
922
529
476
607
588
281
-274
-743
-1223
-1308
-1274
-1352
-1477
-1832
-2331
-2672
-2705
-2800
-3037
-3328
-3455
-3377
-3336
-3608
-3931
-4161
-3955
-3680
-3456
-3093
-2785
-2408
-2072
-1912
-2131
-2267
-1494
272
1538
1420
737
869
1840
2671
3093
3815
4828
4930
3860
3074
3740
5130
5706
5121
4220
3730
3533
3121
2931
3009
3083
2640
1631
615
291
701
866
424
-268
-459
-218
-336
-850
-1001
-371
89
-142
-471
-333
281
488
320
431
1047
1544
1428
1016
1078
1539
1782
1836
1600
1508
1467
1309
1007
898
980
992
588
-123
-647
-681
-463
-468
-1014
-1650
-2119
-2598
-2930
-2875
-2651
-2717
-3377
-4241
-4597
-4361
-3967
-3830
-4067
-4383
-4569
-4691
-4609
-4113
-3495
-2996
-2662
-2686
-3138
-3302
-2257
-350
828
468
-347
-73
1076
1913
2228
2863
3885
4078
3126
2381
3132
4441
4712
3912
3249
3211
3182
2665
2089
2166
2427
2149
1182
202
-245
-128
-36
-353
-750
-683
-284
-476
-1240
-1670
-1199
-345
-2
-156
-143
36
-107
-294
235
1258
1855
1567
892
627
1163
1881
2119
2077
1674
1136
712
492
608
972
1077
473
-540
-1246
-1233
-888
-868
-1352
-1887
-2176
-2679
-3094
-3166
-3087
-3084
-3344
-3903
-4336
-4236
-4090
-4259
-4716
-4747
-4421
-3979
-3752
-3581
-3166
-2958
-3264
-3404
-2469
-727
554
233
-801
-732
822
2304
2831
2854
3205
3597
3392
2997
3522
4866
5442
4642
3489
3218
3677
3799
3236
2742
2677
2471
1713
744
187
296
477
78
-680
-1060
-1044
-842
-921
-1133
-1061
-843
-932
-1028
-542
115
475
300
47
449
1185
1491
1542
1669
1784
1835
1841
1867
1972
1967
1799
1533
1374
1225
1100
830
180
-327
-342
-217
-538
-1170
-1897
-2242
-2287
-2386
-2474
-2717
-3085
-3562
-4135
-4424
-4093
-3514
-3595
-4257
-4803
-5025
-4845
-4207
-3435
-3087
-2760
-2766
-3310
-4016
-3367
-883
1584
1384
-752
-1433
410
2489
2933
2990
3734
4564
4105
2826
3181
5212
6434
5651
4178
3801
4323
4275
3380
2981
3486
3712
2626
936
9
330
1030
822
140
-381
-491
-628
-1121
-1409
-894
-177
-279
-836
-882
-149
503
366
288
997
1713
1526
1087
1303
2073
2694
2585
2219
2154
2170
1946
1779
1867
1862
1701
1207
489
36
-57
-144
-209
-520
-1282
-2006
-2452
-2590
-2523
-2502
-2789
-3428
-4033
-4309
-4186
-3877
-4047
-4538
-4668
-4552
-4439
-4284
-4074
-3672
-3043
-2695
-2657
-3038
-2857
-1291
607
701
-679
-556
1686
3234
2374
1451
2896
5189
4957
3023
2940
4916
5805
4439
3127
3817
4810
4022
2309
1912
2925
3252
2077
606
171
679
960
113
-998
-1168
-610
-549
-1412
-2067
-1409
-612
-1066
-1933
-1444
-224
-111
-1073
-1218
90
1183
828
-55
254
1271
1662
1190
815
1117
1471
1103
570
637
965
942
191
-495
-566
-328
-610
-1299
-1920
-2069
-1945
-2186
-2880
-3522
-3572
-3478
-3682
-4071
-4326
-4449
-4671
-4917
-5187
-4997
-4459
-4225
-4548
-4575
-3672
-2867
-3163
-3747
-2964
-873
378
-215
-998
-428
1058
1992
2319
2817
3537
3688
3232
3201
4058
5126
5252
4576
3915
3881
4161
4012
3540
3188
3178
2920
2123
1064
716
1132
1382
706
-418
-794
-546
-402
-789
-1019
-789
-662
-1105
-1353
-891
-243
-79
-370
-308
123
347
295
477
943
1267
1194
967
872
993
1161
1148
1151
939
534
274
173
-34
-256
-483
-528
-818
-1587
-2150
-2071
-1923
-2478
-3191
-3337
-3393
-3681
-4143
-4273
-4208
-4416
-4815
-4988
-4845
-4522
-4011
-3462
-3174
-3673
-4303
-3827
-1924
-281
-212
-1061
-1139
199
1462
1804
2073
3070
3942
3680
3100
3457
4672
5348
4937
4501
4684
4813
4178
3513
3488
3957
4052
3176
1953
1169
1056
1199
1115
660
234
-194
-651
-1041
-954
-213
128
-556
-1453
-1379
-496
290
294
68
280
541
407
455
1169
1843
1908
1696
1429
1596
1830
1679
1584
1760
1751
1326
735
216
262
388
26
-464
-891
-1389
-1779
-1994
-2144
-2160
-2473
-3191
-3731
-3832
-3785
-3894
-4140
-4445
-4643
-4787
-4899
-4457
-3423
-2587
-3029
-4056
-4266
-3011
-1008
33
-338
-949
-563
767
1946
2284
2438
3177
3971
4177
3948
4024
4684
5365
5373
4976
4997
5099
4481
3591
3496
4128
4251
3177
1721
1116
1210
1222
825
272
-146
-407
-306
-487
-997
-1238
-653
-35
-159
-664
-839
-219
352
458
800
1294
1115
847
1101
1667
2208
2323
1952
1687
1684
1587
1518
1575
1347
1061
611
-249
-809
-705
-691
-940
-1271
-2079
-2863
-3009
-2893
-3076
-3479
-3941
-4259
-4731
-5282
-5385
-4825
-4642
-5311
-6058
-6038
-5055
-3725
-3277
-4285
-5062
-4505
-2877
-1461
-754
-900
-1156
-698
483
1582
2024
2318
2845
3449
3523
3504
4042
4647
4677
4493
4588
4715
4241
3343
2993
3381
3626
3001
1927
1072
611
346
197
36
-317
-942
-1726
-1707
-978
-717
-1126
-1535
-1594
-1121
-423
-144
162
491
518
676
1222
1532
1775
2207
2324
2247
2447
2531
2410
2404
2102
2025
2171
1672
909
522
344
21
-232
-809
-1414
-1844
-2428
-3091
-3045
-3019
-3682
-4396
-4809
-4690
-4524
-5091
-5830
-5352
-4999
-5703
-6406
-5717
-4198
-3057
-3372
-4647
-4871
-3594
-1903
-720
7
-130
-516
-379
763
2570
3756
3605
3312
3813
4250
4263
4463
5078
5608
5492
4853
4266
3965
3508
3249
3508
3531
2716
1398
291
-205
-27
382
502
-357
-1822
-2576
-1942
-828
-513
-911
-1359
-1399
-1218
-753
-40
695
963
915
976
1389
1680
1957
2461
3047
3283
2892
2479
2307
2490
2664
2714
2584
1960
942
255
121
126
27
-515
-1373
-2226
-2919
-3312
-3309
-3268
-3718
-4496
-5027
-5159
-5312
-5499
-5558
-5270
-5086
-5780
-6463
-6015
-4301
-2842
-2848
-4102
-4406
-3032
-1230
-198
484
786
618
724
2072
3752
4495
4382
4390
5174
5748
5430
5044
5491
6082
6110
5526
4759
4181
3550
3099
3108
3273
2573
1176
110
-566
-734
-667
-803
-1393
-2236
-2480
-1532
-1059
-1530
-1825
-1367
-554
23
113
435
1221
1436
1498
2318
3254
3427
3330
3258
3597
4333
4317
3678
3501
3575
3279
2938
2436
1904
1577
928
82
-336
-634
-1446
-2189
-2716
-3186
-3663
-4140
-4724
-5111
-5151
-5517
-5853
-6477
-6913
-6599
-5717
-5784
-6600
-6614
-5380
-3436
-2783
-3973
-5065
-3617
-861
1003
988
202
427
2000
3272
3711
4452
5495
5935
5565
5088
5528
6572
6694
5735
5117
5375
5234
4025
2562
2296
2948
2903
1343
-323
-1076
-1356
-1799
-2325
-2363
-2167
-2849
-4402
-4913
-3079
-1046
-1348
-3144
-3720
-1919
186
725
119
587
1739
2128
2077
2609
3664
4436
4218
3409
3617
4262
4066
3235
2879
3030
2965
2050
508
-144
-12
-311
-1253
-2205
-2999
-3454
-4062
-5032
-5333
-5088
-5295
-6202
-7110
-7659
-7552
-7341
-7340
-7017
-6558
-7003
-7920
-7025
-4593
-2554
-2933
-4419
-4297
-1801
436
1010
1164
2098
3349
3623
3354
3993
6024
7295
6891
6123
6283
6692
6339
5624
5552
6248
6103
4398
2432
1535
1660
1742
1019
-258
-1279
-2191
-3270
-4072
-3935
-3045
-2850
-3968
-5177
-4452
-2317
-1635
-2623
-2933
-1406
565
1306
840
1089
2482
3473
3798
4272
4833
4986
4790
4600
5059
5934
5718
4222
3201
3074
3230
2949
1892
590
86
-561
-1623
-2307
-2716
-3278
-3835
-4773
-5885
-6122
-6057
-6523
-7200
-7229
-7248
-7619
-8441
-8757
-7748
-6302
-6074
-6406
-5850
-4349
-3176
-3287
-3678
-2151
970
2673
2142
1356
2352
4469
5936
6063
6361
7414
7702
6731
6169
6887
7888
7629
5980
4768
4716
4371
2982
1620
1117
1033
291
-1488
-3168
-3732
-3699
-4044
-4654
-5082
-5103
-5183
-5036
-3796
-2308
-1799
-2526
-2967
-1614
1361
3321
3316
2864
3072
4201
5489
6101
6433
7083
6899
6013
5825
6102
6235
5685
4556
3672
3502
2623
902
-140
-351
-565
-1292
-2727
-4265
-4740
-4937
-5403
-5587
-5728
-6166
-7054
-7833
-8213
-7836
-7657
-7788
-7691
-7338
-7196
-6344
-4391
-2977
-2813
-3537
-3224
-1139
1629
2638
2570
3041
4301
5284
5723
6182
7290
8377
8292
7501
7306
7590
7334
6525
5735
5668
5511
4147
1967
551
195
94
-619
-2117
-3408
-4181
-4855
-5642
-5942
-5586
-5164
-5407
-5821
-5554
-3005
-887
-1414
-2086
-710
1593
3401
4212
4133
5410
6603
6224
6323
7652
7984
7582
7139
6272
6298
6520
4965
3440
3253
2715
1704
658
-1175
-2468
-2523
-3257
-4164
-4406
-5216
-6413
-6828
-7294
-7038
-5957
-6178
-7760
-8420
-8466
-8239
-7892
-8167
-7695
-6071
-5366
-6037
-5091
-2454
-888
-2089
-3784
-1883
3427
6355
3990
1157
2327
5759
7647
7035
6441
7387
7516
5549
4388
5687
6981
5898
3067
1421
2008
2213
113
-2415
-2985
-2295
-2336
-4037
-6168
-6819
-6085
-5876
-6297
-6145
-5267
-4807
-5345
-5787
-3478
867
2248
1031
519
2335
4973
6629
6414
7030
8920
8682
7195
7100
7855
8081
7528
5754
4903
5281
3921
1347
460
611
407
-374
-2451
-4347
-4539
-4660
-5216
-4843
-4740
-5633
-6493
-7337
-7554
-6318
-5071
-5279
-6124
-6901
-7578
-7391
-7002
-6354
-5464
-4806
-4383
-2921
-985
-755
-2314
-3314
-1222
3069
5741
4925
3354
3332
3975
4509
5449
7345
8862
7707
4595
3197
4327
5246
4419
3035
2494
2251
767
-1611
-3034
-2973
-2664
-2948
-3654
-4555
-5438
-6362
-6952
-6509
-4895
-3275
-2727
-3470
-4232
-3359
-411
3047
3675
2922
3695
5653
7381
8336
7978
7596
8335
8293
8279
8815
7614
5320
4369
4072
3793
3853
2311
-155
-1337
-1990
-2398
-2029
-2607
-4483
-5146
-5002
-5121
-4804
-4862
-5625
-5535
-5217
-5667
-5293
-4596
-5138
-5796
-5935
-6565
-6496
-5906
-6213
-5742
-3723
-1393
-16
-613
-3480
-4537
-1316
3247
5693
5455
4106
3390
3628
3733
4787
7631
9441
7969
5140
3772
4360
4877
3748
2537
3040
3491
1618
-1342
-3253
-3582
-3163
-3069
-3230
-3319
-3814
-5740
-7322
-6738
-4626
-2241
-1237
-1924
-2586
-1820
537
3165
4220
4989
6380
7322
7420
7978
8541
9123
9196
8233
8071
8435
7215
4903
3808
3381
3083
2659
1173
-624
-1568
-2549
-3300
-2953
-2850
-3821
-4386
-4718
-4913
-4330
-4229
-4668
-4440
-4208
-4654
-4406
-3937
-4281
-4616
-5261
-6476
-6303
-5565
-5918
-5883
-4016
-1221
751
-223
-3899
-5097
-1674
2927
5263
5407
4626
3991
3372
2638
3892
7391
9295
7555
4763
3609
3969
3882
2290
1231
2078
2650
982
-1762
-3727
-4714
-5036
-4964
-4345
-3276
-3223
-5178
-7369
-7457
-5529
-2861
-1195
-960
-991
266
2566
3635
3602
4073
5529
7485
9441
10192
9166
7338
5100
4699
6876
8436
7043
4172
1413
-435
-559
-447
-909
-1186
-1977
-3788
-4804
-4676
-4976
-5261
-5051
-4567
-3640
-3118
-4089
-5162
-5471
-5516
-4745
-3153
-2209
-3094
-5329
-7722
-8565
-7645
-6545
-5343
-2851
64
854
-1605
-5767
-7049
-2584
3883
7092
6173
4071
3197
2968
2520
3259
6743
9868
8854
5111
2824
3104
3192
1460
22
1421
3411
2054
-1983
-5179
-5959
-5590
-5200
-4403
-2881
-2787
-4898
-7358
-7730
-5201
-2266
-122
157
215
1980
3858
4062
3858
5419
8307
9881
9738
8844
7864
7376
6220
5235
6593
7761
5571
1861
-861
-1387
-617
-718
-1908
-2126
-2098
-3662
-5375
-5530
-4904
-4353
-3985
-3682
-2779
-1998
-3256
-5267
-5540
-4526
-3272
-2484
-2865
-4513
-6211
-7885
-9043
-8426
-6140
-2540
1443
2612
-1455
-6420
-6412
-1108
4481
6194
5097
5068
6081
4937
2847
3722
7004
8440
6715
4827
5163
5660
3049
-745
-1205
1240
2408
471
-2570
-4543
-5225
-5772
-5819
-4537
-3207
-3567
-5430
-6677
-5945
-3532
-1269
-328
283
1888
4113
4997
4408
4625
6725
9160
9964
9282
8472
8148
6876
4771
4437
5811
5914
3534
383
-1266
-1104
-1357
-2893
-3351
-2079
-1792
-3095
-4232
-4249
-3582
-3488
-3828
-2743
-377
105
-2216
-4439
-4568
-3369
-2557
-2775
-3600
-4496
-5926
-8450
-9885
-8227
-3991
1126
3359
23
-5078
-5677
-1341
3138
4564
4605
6294
8355
7256
4396
4465
7167
7802
5812
5136
7214
8090
4271
-985
-1822
1076
2075
-153
-2580
-3413
-4082
-5435
-6085
-4700
-2958
-3560
-5463
-5841
-4061
-2050
-890
-147
1497
4309
6280
6149
4632
4123
5844
8506
9977
9774
8655
6934
4688
2820
2783
4077
4091
1907
-651
-1557
-1610
-2609
-4370
-4707
-3051
-1759
-2321
-3317
-3348
-3322
-3851
-3710
-1829
395
132
-2596
-4397
-3768
-2834
-3399
-4676
-5393
-5697
-7273
-9803
-10686
-7654
-2067
1628
535
-3472
-5068
-2462
941
2144
2515
4777
7892
8382
6178
4990
6060
6253
4271
3363
5859
8280
6102
694
-2357
-1378
-451
-2066
-3881
-3687
-3269
-4690
-6542
-6251
-4620
-4546
-5892
-5927
-3521
-992
-382
-582
937
4068
6382
6677
5510
4743
5564
7214
8385
8831
8473
6764
4219
2004
1261
1838
1746
4
-1593
-1584
-1470
-2868
-5136
-6134
-4792
-2837
-2072
-2086
-1736
-2030
-3369
-3770
-2135
309
957
-913
-2811
-2833
-2295
-3209
-4868
-6057
-6046
-7045
-9485
-10626
-8242
-2202
1356
-70
-4150
-5154
-1744
1568
1996
2045
4775
8339
9207
7227
6270
7064
6403
3821
3118
5977
8523
6225
900
-1893
-1021
-625
-2814
-5067
-4856
-3999
-4536
-5720
-5403
-4329
-4615
-6111
-5807
-3096
-57
722
417
1693
4343
6493
6945
6703
6511
7053
8154
8833
8552
7806
6540
4573
2707
1617
1256
536
-1114
-2761
-2400
-1842
-2937
-5257
-5758
-5116
-3582
-1925
-2508
-1586
-962
-2059
-3202
-2043
70
197
-1346
-2491
-1911
-1954
-3420
-5435
-6488
-6562
-8047
-10287
-10329
-6340
-836
1376
-980
-3776
-2909
216
2085
2195
2981
6116
9015
9301
8184
8009
7932
5798
3223
3578
6079
6547
3465
-140
-744
42
-1403
-4657
-6394
-5909
-5301
-5341
-5013
-3726
-3284
-4598
-5560
-4066
-1218
232
680
2326
5669
8394
8794
8206
7503
6877
6837
7600
8243
8041
6740
4863
3489
2417
733
-967
-2199
-3213
-3347
-2327
-1860
-3033
-4260
-4456
-3601
-2663
-2649
-2753
-1503
-236
-400
-603
78
312
-842
-2330
-2815
-2222
-2387
-4577
-6568
-7168
-8394
-10679
-10796
-6705
-752
1977
149
-2351
-1764
536
1615
2442
4644
7706
9772
10056
9788
9261
7635
4947
3583
4734
6155
5460
2879
390
-681
-1414
-2943
-4792
-5905
-6180
-6026
-5384
-4372
-3748
-3886
-4388
-4036
-2337
-369
732
1483
3435
6204
8241
9165
9324
8434
6985
6418
6656
6854
6308
4673
3195
2385
1017
-1268
-3102
-4035
-4676
-4586
-3854
-3532
-3638
-3807
-3906
-3372
-2687
-2843
-2950
-2013
-991
-672
-413
-165
-446
-1137
-2290
-3616
-4685
-5990
-7863
-8872
-9065
-10283
-12093
-11446
-6571
-509
1640
-938
-3247
-1486
1738
3095
3614
5904
9316
10758
10200
9634
9787
8191
4797
2706
3913
4948
3500
650
-1006
-1337
-3295
-6396
-8077
-7236
-6231
-6351
-6471
-5283
-4074
-3933
-3912
-2472
-245
998
1556
3537
7147
9809
10021
9563
9695
9358
8179
7002
6294
5516
4177
2888
2389
1422
-1219
-3966
-4893
-4941
-5447
-5827
-5366
-4434
-3810
-3660
-3383
-2575
-2215
-2421
-1957
-638
23
-316
-379
409
344
-1426
-3446
-4477
-5169
-6861
-9004
-10605
-11821
-13171
-12674
-7841
-805
2218
-787
-4178
-2789
1302
3384
3691
6004
10134
12321
11415
10811
11720
10484
5935
2535
3734
5878
4993
1850
121
-694
-3341
-7209
-8587
-7112
-6668
-8154
-8397
-5569
-2729
-2530
-3763
-3415
-1437
251
1868
4817
8383
9868
9369
9900
11712
11842
9745
7745
7425
7313
5923
3942
2679
1209
-1612
-3835
-3889
-3828
-5248
-6663
-6486
-5338
-4894
-4963
-4340
-2736
-1890
-2298
-1896
-636
-484
-1558
-1720
-564
-190
-1207
-2725
-3707
-5034
-7583
-10022
-11499
-12953
-14325
-12415
-5246
1666
2049
-2273
-4488
-1446
2030
2283
2706
6046
10418
12044
12180
13845
13637
9026
3100
2137
5680
7073
4519
1819
1270
447
-2805
-5991
-6684
-7374
-9297
-9888
-6639
-2228
-1590
-3997
-4872
-2736
-435
718
2272
5343
8160
9552
11077
13574
13869
10214
6988
7838
9594
8535
5908
4432
3934
2207
-851
-2600
-2802
-4390
-6601
-5976
-3325
-2562
-4175
-5212
-4478
-2977
-2246
-1975
-1044
-401
-928
-1036
90
443
-1329
-3664
-4343
-3829
-4796
-7249
-9590
-11501
-13134
-13700
-10471
-3961
424
-463
-3740
-3661
373
3067
2978
2438
4360
8276
11118
12914
13701
11858
7863
4776
5209
6811
5769
2721
779
1317
1741
-420
-3688
-6242
-8420
-9856
-8966
-5946
-3693
-4403
-6015
-5202
-2097
-93
-355
-80
2440
5794
8740
11508
12735
11058
8419
7662
8826
9056
6739
4286
3856
4075
2731
306
-1644
-3815
-5961
-6180
-4770
-3587
-4178
-5382
-5345
-4167
-3235
-3383
-3522
-3110
-2540
-1868
-779
-256
-1380
-3215
-4204
-4458
-5089
-6496
-8417
-10531
-12436
-12709
-9290
-3510
-664
-2975
-5923
-4361
-224
1585
720
418
2475
5784
8252
10277
10949
8812
5671
4846
6839
7526
5278
2905
2284
2762
2475
1146
-513
-2946
-5828
-7030
-5688
-3788
-3976
-5876
-6333
-4308
-2110
-1781
-2739
-2566
-483
2683
6185
8769
9168
7982
7035
7848
9093
8476
6480
5026
5492
6224
5184
2810
-84
-2308
-3005
-2704
-2242
-2799
-4165
-4892
-4177
-2733
-2347
-3255
-4299
-4231
-3054
-1795
-1325
-1827
-2391
-2589
-2720
-3195
-4399
-6041
-7759
-9519
-10232
-9908
-8239
-4884
-2114
-1722
-3134
-3711
-2062
-427
-363
-621
417
3426
6339
7800
8457
7816
6512
5673
5560
5729
4904
3962
4068
4443
4375
3415
1947
77
-2237
-3742
-3683
-2956
-3041
-3973
-4333
-3227
-1978
-2207
-3402
-3736
-2253
45
1941
3545
4654
5269
5741
6109
6735
6656
5481
4688
5077
6265
6270
4774
2973
1522
890
360
-473
-1480
-2461
-2759
-2361
-1776
-1650
-2051
-2560
-2796
-2600
-2161
-2128
-2346
-2503
-2445
-2186
-2441
-3330
-4548
-5524
-6196
-6993
-8261
-9255
-9189
-6920
-3626
-2351
-2775
-3693
-2839
-695
-598
-1511
-1550
204
3019
4589
5976
6845
6606
6302
5919
5754
5671
5177
4934
4993
5331
5717
5660
4748
2609
398
-582
-438
-728
-1996
-2745
-2111
-835
-510
-1442
-2218
-2185
-1974
-1614
-521
1123
2401
2681
3466
4608
5020
4796
3747
3530
3865
4242
4844
4616
3969
3231
2845
2779
1641
196
-486
-486
-287
-325
-171
-294
-982
-1625
-1908
-2147
-2847
-3503
-3670
-3648
-3779
-4121
-4569
-5438
-6743
-7977
-8882
-9294
-9171
-7766
-5362
-3834
-3780
-3909
-2941
-1818
-1871
-2391
-2195
-612
1386
3149
4977
6199
6533
6477
6197
5840
5404
4938
5024
5314
5384
5756
6028
5356
3611
1861
970
246
-965
-2113
-2412
-1955
-1457
-1393
-1508
-1792
-2391
-2674
-2555
-2018
-1237
-248
765
1554
2470
3027
3081
2549
2039
2294
2832
3118
2933
2834
3163
3067
2450
1641
721
-123
-788
-838
-465
-442
-839
-1310
-1561
-1924
-2696
-3395
-4109
-4484
-4542
-4476
-4688
-5220
-5982
-6839
-7789
-8658
-8796
-7984
-6364
-5271
-4902
-4231
-3164
-2153
-1788
-2266
-2385
-1512
213
2108
3497
4590
5609
6307
6398
6009
5776
5661
5437
5346
5523
6170
6419
5787
4548
3393
2508
1366
18
-1180
-1657
-1443
-1054
-759
-890
-1238
-1435
-1865
-2185
-1958
-1484
-749
-157
796
2002
2576
2738
2421
2295
2531
2630
2823
2712
2631
2877
3131
2998
2173
987
133
-375
-890
-1355
-1523
-1518
-1573
-1768
-2059
-2548
-3392
-4203
-4580
-4506
-4551
-4948
-5410
-5764
-6484
-7310
-7516
-6706
-5207
-4657
-4395
-3957
-3154
-2013
-1678
-1912
-1869
-1176
261
1780
2900
3925
4506
5047
5588
5712
5615
5171
5027
5237
5678
6356
6525
5975
4808
3687
2925
2200
1101
-225
-862
-716
-231
-80
-550
-1149
-1670
-2088
-1935
-1761
-1613
-1271
-810
369
1426
2114
2453
2176
2158
2361
2886
3257
3077
3007
3221
3545
3410
2513
1398
474
-266
-789
-1209
-1559
-2050
-2302
-2621
-3037
-3203
-3623
-4307
-4735
-4835
-4844
-4899
-5611
-6138
-6353
-6356
-5499
-4357
-3371
-2753
-2858
-2448
-977
-702
-889
-1398
-772
911
2322
3658
3610
3992
4858
5336
5383
4900
4469
4528
4820
5363
5925
6249
5870
4827
4143
3490
2807
2103
969
333
229
771
1087
497
-28
-632
-940
-1031
-1381
-1386
-1205
-773
40
829
1466
1727
1642
1673
1885
2283
2572
2734
3070
3452
3723
3502
2710
1655
820
406
-179
-903
-1604
-2114
-2467
-2963
-3504
-4262
-4966
-5331
-5520
-5638
-6062
-6355
-6671
-6891
-7009
-6786
-6292
-4813
-3785
-3162
-2702
-2180
-716
-677
-475
-165
-883
-759
2033
3414
4088
5142
5683
5290
4549
4728
4162
4330
4660
4712
5107
4855
4451
3782
2845
2640
2178
1080
-588
-1408
-1242
-911
-212
-351
-742
-1083
-1864
-2181
-2294
-2149
-1773
-1289
-398
488
1041
972
770
1221
1893
2395
2533
2529
2804
3200
3760
3884
3314
2240
1066
404
-144
-542
-1141
-1802
-2432
-3040
-3770
-4807
-5784
-6602
-6863
-6881
-7030
-7147
-7658
-7918
-8066
-8157
-7458
-6565
-5277
-4122
-3289
-2166
-927
-24
232
-325
50
1482
3007
4356
4838
5391
5955
6160
6103
5592
5193
4877
4771
4909
5071
5089
4552
3807
3181
2573
1804
572
-683
-1362
-1486
-993
-460
-647
-1138
-1464
-1577
-1346
-1539
-1609
-1353
-905
15
479
863
1243
1258
1519
1737
1972
2404
2502
2755
3145
3456
3628
3157
2474
1791
1363
869
198
-365
-1020
-1432
-1966
-2444
-3483
-4620
-5189
-5869
-6291
-6647
-7009
-7414
-7938
-8255
-8374
-8267
-7386
-6016
-5104
-4315
-3592
-2314
-1246
-1065
-729
-184
978
2507
3651
4420
5057
5668
6477
6660
6360
5928
5543
5649
5538
5578
5717
5611
5077
4028
3258
2375
1435
220
-876
-989
-752
-545
-830
-1278
-1257
-1405
-1560
-1743
-1832
-1559
-1186
-441
370
952
1400
1409
1433
1575
1616
1868
2118
2432
2860
3355
3568
3212
2569
1770
1452
1183
601
129
-142
-362
-901
-1424
-2046
-3220
-4001
-4410
-5123
-5444
-5458
-5951
-6721
-6973
-7070
-7131
-7090
-6155
-4891
-4220
-3564
-3044
-2333
-1745
-1449
-904
-74
1195
2696
3777
4608
5083
5474
5720
5642
5593
5442
5523
5966
6060
6067
5990
5743
5177
4289
3362
2406
1686
923
319
142
268
334
-103
-541
-1140
-1374
-1630
-1775
-1574
-1318
-560
-90
354
841
941
1056
1083
1186
1519
1694
1916
2122
2284
2619
2587
2306
1690
1022
607
109
-194
-538
-871
-1129
-1380
-1884
-2674
-3326
-3937
-4546
-5197
-5615
-5883
-6349
-6679
-6937
-6987
-6460
-5750
-5267
-4890
-4363
-3721
-3154
-2711
-2133
-1647
-1006
142
1321
2413
3049
3340
3653
3869
4213
4317
4314
4443
4666
4987
5202
4997
4701
4262
3767
3370
2719
1987
1153
630
528
593
501
79
-391
-884
-1295
-1553
-1621
-1733
-1564
-1117
-590
-161
-190
-267
-152
-10
264
586
1021
1326
1487
1674
1746
1607
1137
687
340
257
222
-147
-368
-635
-966
-1409
-1815
-2359
-2963
-3475
-3886
-3901
-4138
-4720
-5350
-5952
-6062
-6257
-6384
-5747
-4926
-4407
-4445
-4173
-3522
-3106
-2559
-2344
-1865
-691
535
1835
2186
2306
2874
3362
4179
4399
4123
4191
4495
5128
5425
5286
5052
4687
4401
3902
3405
2866
2258
1828
1552
1603
1471
1114
732
133
-290
-661
-948
-1049
-1142
-890
-512
-251
-188
-358
-353
-333
-237
18
216
468
850
1300
1493
1437
1154
880
792
563
264
105
-2
37
54
-283
-660
-1274
-1603
-2249
-2962
-3343
-3263
-3491
-4281
-4543
-4918
-5244
-5671
-5779
-5342
-5079
-4781
-4521
-4125
-3705
-3289
-2725
-2410
-2059
-1458
-566
517
1037
1531
2077
2705
3492
3869
3927
4133
4424
5019
5451
5540
5417
4973
4735
4510
4172
3661
3164
2979
2937
2896
2561
2113
1504
907
572
148
-294
-642
-620
-371
-260
-358
-587
-781
-801
-641
-626
-456
-297
-283
37
533
945
870
576
547
568
659
565
379
150
14
527
693
40
-380
-850
-1142
-1235
-1815
-2072
-2756
-3178
-2988
-3425
-4072
-4315
-4190
-3779
-3612
-3659
-3857
-3940
-3425
-2883
-2529
-2441
-2143
-1476
-571
365
782
762
1113
1806
2593
3096
3215
3502
3850
4411
4925
5162
5041
4571
4510
4575
4528
4245
3687
3467
3585
3762
3622
2921
2008
1387
1117
1037
767
277
-5
-95
-64
-124
-433
-862
-1286
-1231
-760
-668
-753
-814
-803
-779
-327
32
-214
-621
-561
-307
-195
31
-42
-223
-418
-459
-583
-813
-1277
-1435
-1426
-1407
-1368
-2076
-2400
-2686
-3213
-3318
-3705
-4271
-4294
-3851
-3213
-3148
-3434
-3668
-3789
-3598
-3001
-2561
-2437
-2294
-1839
-777
345
731
694
665
1000
1802
2382
2573
2513
2540
3125
3873
4305
4034
3408
3009
2847
2991
3003
2684
2332
2301
2516
2677
2373
1613
890
414
399
418
264
101
-32
-30
-23
-215
-673
-1087
-1246
-1169
-868
-681
-668
-591
-467
-484
-674
-623
-640
-723
-612
-452
-210
-198
-367
-416
-429
-605
-856
-1159
-852
-864
-1019
-1162
-1465
-1839
-2409
-2510
-2767
-3233
-3558
-3519
-3291
-2995
-2814
-2829
-3052
-3195
-3173
-3032
-2663
-2232
-1776
-1251
-622
208
733
894
1011
1113
1467
1763
2156
2638
2973
3256
3428
3611
3651
3339
2950
2584
2251
2158
2172
2177
2230
2409
2353
1991
1627
1208
819
500
321
303
364
510
624
605
398
-3
-325
-589
-663
-532
-373
-226
-198
-78
-124
-277
-454
-698
-919
-558
-154
-285
-266
-293
-272
-332
-316
-233
-260
-573
-774
-754
-675
-523
-575
-1036
-1466
-1825
-2045
-2169
-2384
-2607
-2825
-2994
-2839
-2581
-2480
-2497
-2524
-2576
-2560
-2325
-1816
-1327
-929
-590
-151
345
685
1005
1364
1660
1828
1867
2055
2397
2609
2805
2914
2905
2689
2297
2124
1998
1967
1826
1761
1907
1948
1966
1919
1745
1371
1173
997
805
903
983
1004
1019
952
898
661
474
300
222
266
137
214
439
458
263
-47
-289
-331
-85
169
213
262
290
234
440
629
538
439
364
153
-71
-48
42
253
111
115
-234
-660
-1160
-1738
-1538
-1340
-1423
-1677
-1939
-2282
-2524
-2336
-2036
-1721
-1532
-1684
-1721
-1627
-1405
-1005
-542
-149
42
78
143
392
636
901
1183
1324
1260
1133
1104
1239
1459
1629
1629
1490
1294
1097
1028
938
868
914
894
955
1102
1117
978
878
762
535
348
377
314
234
315
512
438
228
247
418
335
103
114
220
152
255
199
-44
-64
-122
-140
-231
-760
-1827
-938
916
1540
2193
2247
456
-1472
-2033
-1122
-251
-227
76
37
-977
-1899
-1963
-1822
-1616
-1361
-1204
-1275
-1501
-1828
-1779
-1594
-1393
-1092
-1054
-1068
-880
-1037
-1145
-860
-638
-674
-714
-688
-696
-813
-882
-791
-669
-823
-792
-589
-583
-700
-524
-375
-312
-158
-96
-50
-20
189
349
325
408
435
357
392
409
392
713
921
790
841
1113
768
486
722
746
604
804
1257
1193
1197
1220
938
814
769
942
995
972
914
815
898
1274
1322
1346
785
96
38
-61
-232
-21
221
-9
-466
-562
-797
-1361
-1302
-1030
-875
-853
-544
-598
-761
-779
-903
-783
-539
-316
127
339
286
113
66
121
30
-109
-181
77
-120
-531
-443
-671
-987
-810
-958
-1297
-1502
-1621
-1660
-1693
-1606
-1551
-1399
-1447
-1560
-1546
-1415
-1171
-1026
-719
-500
-518
-301
-142
-56
65
208
400
643
725
852
1068
1162
1353
1448
1317
1268
1337
1227
1169
1159
1147
1131
1211
995
973
1150
709
383
177
-31
-305
-366
173
343
139
-16
12
184
-40
-474
-403
-213
420
395
545
1021
581
608
1215
991
910
1714
1384
1200
1681
1630
1104
1516
1327
718
896
941
692
33
270
283
-233
-442
-201
-589
-958
-598
-1074
-1795
-1537
-1233
-1493
-1614
-1469
-1180
-1248
-1137
-1077
-1378
-1142
-518
-459
-450
-458
-346
-138
-52
-6
243
722
943
764
834
721
549
711
840
764
571
768
792
548
594
473
395
312
273
60
-137
56
59
36
22
-30
-172
-354
-235
-10
124
154
-132
226
622
646
381
367
863
1288
814
1231
1635
1271
1296
1368
1403
1103
1885
2770
2742
1861
1055
935
-235
-476
601
608
238
1044
556
-606
-813
-1271
-1436
-926
-699
-1207
-854
-885
-1719
-1643
-1753
-1222
-872
-1444
-1044
-1219
-1557
-1152
-993
-868
-732
-689
-502
-273
-256
115
452
451
506
450
10
-206
-3
-2
73
55
-283
-349
-660
-653
-815
-1392
-1023
-1249
-1662
-1317
-1309
-1560
-1544
-1832
-1403
-1356
-1496
-862
-859
-989
-897
-645
-408
-183
-125
264
564
718
615
975
1046
966
1269
1296
1670
1504
1227
1378
1129
1129
1022
652
755
550
237
249
328
-753
-283
-147
-806
-705
-665
-1077
-1332
-832
-1511
-1486
-1430
-1299
65
615
142
-760
-1022
-1045
-778
-398
185
1105
1041
978
583
924
849
587
721
1419
1411
1087
1521
1437
624
404
372
-236
-63
-345
-829
-629
-634
-873
-1441
-898
-1270
-1888
-1471
-1447
-1785
-1905
-865
-525
-1294
-667
-649
-852
-304
-318
-15
5
307
443
910
574
232
937
925
741
1282
1066
421
1407
456
467
1054
504
296
97
143
64
-325
-689
-142
112
-814
-1121
-153
-553
-1543
-968
-299
-685
-1612
-782
180
-547
-878
112
201
-490
-441
903
523
-323
326
1378
609
852
1486
1240
933
481
1171
962
609
251
1201
966
238
509
-260
151
-4
-452
-202
-174
-962
-649
2
-1233
-1157
-424
-845
-836
272
246
-564
303
-813
-628
487
170
136
275
397
1334
207
106
2092
1409
516
1163
1589
1059
395
1512
1260
-590
935
1145
702
59
530
1279
119
-594
137
-174
-1137
-148
375
-796
-730
78
-32
-19
-484
285
-50
-283
204
993
561
70
1130
559
91
566
697
535
997
1066
860
268
932
948
346
936
583
376
681
260
359
-237
-805
27
324
-502
-719
40
-646
-800
-886
-839
-198
116
-1053
-841
263
-165
-699
-9
-181
76
37
-361
430
141
166
211
562
2
-515
267
567
319
-260
695
291
263
-488
-1
339
-1068
-78
208
-418
-758
-319
-423
-1161
-833
-430
-734
-1437
-860
-553
-1502
-694
-484
-532
-1134
-559
149
-1153
-314
-30
-228
312
123
-542
355
1058
336
-211
-167
1105
-107
-503
467
1294
20
-550
-31
1239
161
-2091
316
619
-1108
-933
-47
75
-911
-2155
-312
355
-1693
-876
272
-1830
-916
248
-669
-295
165
-47
-72
956
-334
-1284
1547
444
-510
1222
-243
-208
681
886
-414
-117
491
239
-388
-698
211
-483
-67
-323
-387
-349
87
-341
-1495
72
-203
-1279
-563
373
-389
-1633
208
165
-1081
-429
1042
80
-1296
590
31
435
320
-601
1423
606
-733
1169
1359
16
159
-7
792
1032
-71
124
1042
-390
-1444
-14
175
-573
-160
184
637
38
-663
-232
-71
-1625
-837
643
-460
-197
-88
-208
232
46
-656
344
689
439
-492
754
960
-525
222
938
37
-111
899
-100
-690
-486
545
-151
-538
859
-524
-170
523
-749
-678
91
164
-858
-566
344
-513
-978
-313
671
-1146
-918
394
-272
143
-572
-392
580
221
-549
-93
51
325
11
293
856
-139
199
651
848
228
-245
1180
925
730
-345
1138
1516
-385
95
693
1330
-572
315
1109
144
363
3
92
223
-270
283
395
-1122
819
54
-411
891
-313
65
217
980
592
-65
117
1376
241
-198
1959
680
462
372
1341
637
-690
944
1154
214
533
211
540
434
238
-539
684
-59
-580
681
-261
239
-761
606
-643
-944
1178
-458
-769
615
-177
-228
115
1
-612
-650
-6
1248
-708
-882
2059
-7
-1258
725
1021
-777
222
821
597
598
-462
215
1002
810
-856
-168
2400
-354
-1355
1097
1420
-982
-465
1184
51
-899
-408
957
56
-1441
471
719
-1303
-522
718
-791
-132
116
-564
448
445
-799
-781
1484
-738
-631
684
-492
237
-321
-314
-507
64
-397
124
514
-1740
-268
-227
36
68
-954
-122
220
-223
-1752
354
-545
-940
-326
-957
-433
-1604
-708
-857
-384
-363
-813
126
-482
-1177
-598
-451
-959
-411
-522
43
-1064
-98
461
-939
-246
-442
363
685
-440
-337
768
170
-79
-477
-303
594
881
-605
143
836
-862
-557
790
-464
-794
102
533
-501
-272
-24
112
-1045
187
-531
-160
758
-349
62
447
329
-727
278
440
-701
72
559
1
93
512
-307
31
888
-60
-539
593
832
-260
422
316
-808
-395
1034
-638
-97
757
-678
-539
-36
-6
-918
-433
-191
-73
-310
-1118
590
-385
-949
-278
42
-695
-1391
-126
-137
-220
-295
-604
236
-33
-1323
849
591
-1699
907
1498
-243
-1058
1035
1730
522
-838
1159
1144
-1195
-370
1594
329
-1727
1826
480
-1273
581
672
-1051
-975
852
248
-584
-50
569
-830
-309
651
416
-1112
533
777
-767
-70
845
34
469
48
-112
1067
553
12
270
1497
250
-1060
798
1619
382
-573
1171
1135
-1184
-493
1565
203
-444
-302
824
680
-1763
105
222
-1170
-147
-147
-655
-55
256
-149
-952
-622
23
-419
-1304
1445
477
-1560
918
854
-457
358
258
1162
-90
501
1621
1123
269
1071
1165
-347
1249
-573
827
838
-20
175
654
-357
157
1475
333
10
195
1932
-38
-566
661
-506
740
-384
-803
1067
771
301
-3
1422
-48
-3
914
452
296
386
-355
1687
1278
-367
500
668
205
-901
1401
1614
-74
242
1308
908
-178
-840
600
1031
921
-328
180
576
-370
-755
-175
215
-1193
344
1036
-1534
-1690
102
548
-1627
-166
5
-975
-542
-312
709
-350
-193
457
-47
-718
-727
17
-13
209
794
-612
110
383
-92
-238
-903
1393
162
-1831
934
136
-1890
-269
-721
659
-330
-480
755
-166
-676
-1381
-269
-290
-1438
-952
857
136
-1502
56
105
-1043
-34
-715
-516
1496
-834
-1300
110
-292
-103
-1081
875
558
-2020
252
1611
-1365
-95
534
175
-147
47
816
480
117
193
550
-97
-7
-363
-1193
-770
417
-579
-1779
-419
1004
-2896
-1214
943
-921
-642
-526
531
247
-371
-276
-22
-124
-74
694
-151
-58
-63
490
331
-905
-76
601
-259
299
-438
-435
168
-677
-824
439
1233
-461
-1813
468
1074
-1743
-662
1143
-543
-406
750
103
229
9
-1691
-235
1231
-571
-898
477
130
212
-573
-869
870
568
-936
-123
1345
-789
-1866
930
1252
-1370
-144
1007
12
-304
73
205
1054
252
481
1316
-975
-160
1487
-709
-179
273
132
342
-526
-525
1028
-332
-503
591
-1587
386
277
-877
-515
-35
771
-366
-1198
1377
919
-1371
-858
968
115
-667
-234
1644
721
-1784
97
1972
-33
-1837
597
1270
-776
-2290
263
1354
-975
-1281
584
1116
-222
-779
73
688
492
-1442
16
1857
-296
-914
857
1449
-186
-1039
702
1076
-177
-63
-797
69
1304
-49
-510
93
19
769
710
-393
311
853
-639
-339
829
62
-1529
737
1737
317
-840
91
2102
-1126
334
1402
316
1048
-110
682
759
807
33
-319
2188
596
-305
186
714
408
-630
781
-264
1277
1
-1909
2199
2026
-1803
-112
1563
162
-979
1160
3059
-1198
-1366
868
249
-396
-444
-1069
1097
632
-904
-1416
1715
460
-2688
2057
2490
-203
-337
406
1135
385
-770
-652
1065
702
-750
352
383
54
-1032
230
-422
1157
378
-1711
875
802
-450
-558
280
495
-401
-565
301
397
-180
-278
-443
313
239
-1370
-252
716
262
-495
470
1215
-432
-659
-797
1464
776
-991
-1207
864
-141
-1894
-184
555
628
-1109
-202
162
161
916
-686
-749
-124
-1017
-1524
-387
147
397
-1048
-694
1236
-1796
-1679
524
-95
-512
-623
-1221
-1401
-1164
-481
-40
53
-335
-597
-442
-1534
574
452
-349
-248
-111
260
-839
-367
479
-642
-332
122
-19
520
-439
-584
287
-378
-1193
-735
-783
-232
-548
-290
570
-74
-39
-469
-1065
475
980
-831
75
-246
-908
432
421
-1170
-83
309
-1090
924
1207
-242
372
832
776
-781
72
930
-479
-681
260
405
-289
-800
-170
696
-410
381
-48
-402
-18
-900
-284
45
633
42
-953
-518
-9
-311
-3
-156
265
-512
-1191
-310
1367
-585
-971
-46
431
637
-773
-869
43
-324
360
398
-266
345
-400
-1228
930
1140
-1682
-316
1875
-481
-1018
968
270
-889
-537
848
281
524
241
-635
-498
-7
-2
-256
78
-742
-1328
-484
312
-455
-916
-723
28
1030
743
-226
-621
-687
-105
462
598
187
284
-113
-815
1539
1426
-950
316
437
326
843
105
-563
-422
-244
185
1236
617
-1272
-429
-398
-732
222
522
-668
-968
285
160
-110
-26
-775
-144
677
639
1156
252
-928
-598
1050
84
389
557
-727
-186
471
57
-296
680
290
-901
292
1452
-157
-947
1015
494
-14
1187
614
-498
-725
471
572
919
632
-650
-200
1254
511
-333
-225
231
224
57
274
611
274
-946
-457
723
508
-212
165
530
-283
-820
-110
350
429
802
33
361
1019
709
-307
121
790
788
582
238
484
-69
-795
-34
519
754
12
-452
-389
214
-188
-466
-392
-72
591
-126
-576
318
381
-861
-556
342
515
-278
-145
592
-565
-628
301
1
-410
148
-178
-953
87
1011
-926
-915
324
-361
516
-884
-391
-312
-680
-122
146
108
-521
-194
-385
974
269
-1234
-709
-142
-577
-363
-129
-932
12
-469
-684
-615
-597
-721
-1613
-701
327
-556
-957
-750
-161
-800
-780
569
-412
-576
-110
-1181
-838
245
-1065
-402
1318
-155
-1329
-73
298
-854
-348
1008
824
-725
-143
56
-615
58
-283
-7
235
-231
-445
-1564
-1155
-340
-1089
3
401
-640
-1134
-1012
-989
-315
-203
-473
-397
-97
222
168
-846
-921
-290
472
432
-126
-92
-519
-977
-122
-112
5
119
-414
-406
140
-460
-907
-497
-68
-254
-626
70
-294
-1740
-1044
-92
-159
-150
6
-292
-532
-782
-1081
-384
92
-139
-333
274
125
-884
-428
-31
-234
483
709
741
655
261
-134
358
1143
1033
874
673
663
502
280
818
1472
415
803
1251
517
745
946
647
23
595
839
595
150
-284
142
-341
195
138
166
-231
-1147
-378
-124
120
-533
-1389
-560
-1017
-691
-1312
-1870
-1223
-2129
-2498
-1201
-914
-2154
-2759
-1811
-1945
-1915
-2254
-2332
-2150
-2725
-2828
-2081
-1079
-872
-1420
-1640
-1623
-908
-273
-101
123
646
996
863
1008
1545
1970
1999
1934
2651
3255
3229
2862
2721
3421
3562
3357
3404
3555
3259
2625
2418
2660
2968
2626
1741
1912
1976
1339
1039
1207
1276
1021
872
506
720
110
-116
-114
42
765
-544
-381
-225
-929
-272
-62
-787
-486
-856
-1474
-1449
-1960
-2055
-2420
-2592
-2260
-2580
-3551
-3531
-3772
-3515
-2100
-1947
-2260
-2618
-2989
-2397
-1274
-517
-292
1
86
327
844
1432
2251
2584
2718
2952
3444
3733
3479
3405
3374
3879
4092
3982
3714
3134
2832
3098
3631
3330
2713
2034
1638
1878
1900
1624
1236
975
543
430
753
756
548
366
105
527
739
425
377
413
381
723
955
680
29
-278
-153
-349
-178
-378
-857
-1619
-2132
-1903
-1968
-2561
-3499
-3557
-3998
-4583
-4196
-4604
-5164
-4390
-2853
-2359
-4090
-5474
-5098
-3387
-1567
-1025
-1375
-1093
-1070
-1393
-656
1322
3020
2943
1792
1701
3145
4006
3573
3333
4034
4748
4529
3656
3421
3658
3094
2755
3809
4649
3656
1577
443
1095
2303
2183
1389
1223
615
-663
-956
69
976
623
-544
-940
-284
36
-413
-708
-324
234
-41
-468
-422
-749
-1167
-1668
-1277
-367
-598
-1764
-2960
-3031
-2674
-2532
-3166
-3712
-4165
-5276
-5916
-5109
-3160
-1955
-3322
-5608
-6498
-4823
-2007
-884
-1468
-2067
-1825
-1401
-917
154
2044
3249
2419
1428
2314
4202
4547
3355
3241
4653
5744
5028
3833
3780
3970
3604
3601
4928
5642
3736
961
415
2136
3514
3063
1797
1094
588
-307
-364
1183
1990
867
-572
-677
333
749
-40
-555
192
656
0
-617
-659
-779
-1553
-1772
-999
-213
-979
-3021
-4042
-3426
-2652
-2972
-3735
-4427
-5234
-6174
-6043
-4043
-1999
-2773
-5765
-7269
-5695
-2675
-1319
-1770
-2329
-2200
-1992
-1827
-507
1767
3052
2208
1057
1886
3840
4399
3476
3274
4486
5493
5042
4045
3970
4204
3771
3657
4742
5821
4812
1933
533
1858
3539
3756
2819
1927
1038
-46
-436
1014
2604
1928
-165
-875
-44
496
304
57
496
712
-72
-748
-488
-195
-877
-1308
-676
-33
-608
-2196
-3226
-2770
-2044
-2496
-3243
-3875
-4612
-5680
-5493
-3346
-1531
-2639
-5594
-7162
-5438
-2109
-749
-1453
-2179
-2217
-2156
-1973
-529
1917
3184
2039
667
1587
3675
4379
3578
3528
4764
5573
4854
3787
3998
4527
4163
3896
5026
5998
4680
2042
1192
2700
4033
3930
3035
2280
1532
360
174
1745
2979
1998
87
-456
196
690
535
506
784
593
-389
-1074
-590
-314
-837
-1465
-1111
-626
-1459
-2941
-3613
-3149
-2727
-3074
-3890
-4566
-5266
-5702
-4862
-2985
-2344
-4206
-6366
-6211
-4017
-2234
-2027
-2196
-2113
-2252
-2702
-2021
330
2174
1731
287
468
2139
3042
2710
2930
4005
4502
3787
3218
3694
4025
3392
2814
3679
4854
4354
2662
1397
1655
2484
2776
2782
2537
1452
16
-235
894
2107
1946
666
-253
-223
50
88
384
701
286
-622
-1145
-811
-507
-1012
-1763
-1775
-1409
-1777
-2851
-3591
-3603
-3697
-3989
-4375
-4828
-5387
-5796
-5231
-3958
-3731
-5082
-6355
-5973
-4302
-3119
-2966
-2794
-2524
-2711
-2901
-1853
408
1875
1372
448
896
2172
2895
2947
3485
4254
4114
3419
3296
3964
4342
3885
3482
3867
4503
4225
3033
2273
2372
2658
2829
2984
2650
1561
451
366
1352
2144
1920
761
-177
-255
75
437
872
977
234
-732
-1025
-481
-79
-554
-1312
-1534
-1411
-1855
-2563
-2862
-2907
-3331
-3974
-4291
-4613
-4961
-5138
-4681
-3761
-3806
-5160
-6145
-5445
-3908
-2838
-2735
-2865
-2690
-2669
-2647
-1569
455
1598
1148
320
645
1895
2760
2954
3404
4062
3995
3261
3014
3608
4232
4069
3650
3790
4219
3885
2821
2210
2609
3144
3088
2848
2486
1738
961
971
1787
2634
2268
1034
216
354
858
1076
1199
1091
460
-528
-880
-393
78
-367
-1333
-1833
-1763
-2041
-2655
-3133
-3261
-3517
-4131
-4734
-5081
-5124
-4858
-4326
-4045
-4621
-5532
-5573
-4606
-3617
-3085
-2802
-2417
-2346
-2745
-2449
-753
1012
1535
936
834
1611
2260
2514
3140
4195
4503
3672
2971
3472
4329
4318
3796
3914
4356
4317
3708
3047
3015
3253
3321
3317
3344
2812
1651
924
1531
2612
2911
2150
1089
696
926
1130
1599
2084
1619
364
-441
-83
571
503
-279
-1007
-1219
-1449
-1986
-2422
-2639
-3041
-3764
-4277
-4609
-4777
-4758
-4543
-4256
-4485
-5350
-5724
-4933
-3798
-3332
-3378
-3199
-2667
-2435
-2333
-1425
14
981
716
422
1081
2090
2489
2557
3149
3899
3807
3061
3012
3670
4094
3769
3434
3738
3918
3471
2865
2716
2795
2648
2516
2626
2645
1872
860
793
1480
1913
1534
888
522
427
412
669
1103
1177
521
-360
-593
-246
-109
-627
-1320
-1654
-1919
-2313
-2782
-3060
-3442
-4121
-4613
-4987
-5076
-4961
-4665
-4543
-4805
-5583
-5991
-5254
-4166
-3560
-3753
-3876
-3548
-3139
-2780
-1998
-618
219
44
-335
180
1221
1889
2056
2358
3012
3121
2585
2482
3201
3764
3514
3053
3184
3688
3485
2723
2366
2592
2669
2460
2412
2400
1921
1076
759
1477
2253
1869
888
509
700
907
872
954
1172
633
-344
-559
82
383
-241
-1233
-1652
-1485
-1600
-2153
-2634
-2932
-3615
-4355
-4669
-4471
-4122
-4208
-4565
-4980
-5438
-5468
-4819
-3936
-3543
-3742
-3796
-3295
-2741
-2269
-1660
-705
80
95
-21
522
1476
2029
2130
2453
3059
3222
2754
2589
3175
3812
3646
3122
3264
3755
3616
2868
2452
2732
2895
2665
2471
2443
2110
1423
1156
1730
2300
1848
1003
636
931
1212
1110
984
1027
712
-13
-245
173
432
-161
-1143
-1530
-1464
-1546
-2057
-2645
-2996
-3517
-4161
-4615
-4436
-3897
-3768
-4335
-5124
-5509
-5005
-4134
-3629
-3564
-3696
-3536
-3221
-2793
-2169
-1212
-326
-193
-466
-116
856
1602
1825
1987
2465
2911
2729
2376
2768
3520
3594
3089
2948
3452
3817
3294
2601
2639
3013
2915
2636
2721
2647
1962
1360
1632
2474
2619
1672
973
1162
1617
1666
1458
1573
1474
703
58
387
1015
754
-370
-1218
-1223
-990
-1369
-2146
-2329
-2566
-3279
-3981
-3889
-3401
-3266
-3852
-4612
-4856
-4600
-4029
-3500
-3282
-3315
-3314
-3046
-2502
-1894
-1278
-624
-223
-40
193
828
1558
1937
2050
2346
2888
3151
2847
2817
3349
3687
3539
3281
3475
3924
3675
2899
2633
2948
3176
3021
2788
2675
2271
1664
1569
2228
2709
2168
1170
886
1249
1497
1458
1341
1299
843
128
-42
393
554
-21
-910
-1302
-1101
-1339
-1969
-2419
-2622
-3032
-3702
-3967
-3629
-3243
-3533
-4395
-4988
-4705
-3966
-3558
-3705
-4000
-3901
-3487
-2962
-2408
-1725
-1148
-863
-830
-685
121
956
1274
1165
1362
1970
2232
2065
1985
2406
2824
2573
2192
2553
3263
3005
2035
1744
2328
2669
2415
2134
2094
1920
1187
874
1636
2301
1789
722
484
1036
1393
1127
933
971
693
-3
-290
127
269
-415
-1335
-1578
-1322
-1526
-2216
-2818
-3070
-3404
-3943
-4009
-3502
-3275
-3944
-4889
-5166
-4340
-3331
-3103
-3572
-3790
-3446
-2870
-2269
-1708
-1105
-714
-764
-835
-280
828
1513
1440
1155
1421
2049
2266
2107
2225
2651
2735
2419
2275
2937
3341
2557
1744
1918
2580
2679
2232
1855
1749
1489
1105
1281
2004
2121
1143
445
824
1486
1466
1012
896
896
558
150
226
534
249
-621
-1211
-982
-810
-1339
-2118
-2533
-2597
-2933
-3251
-3222
-2928
-3142
-4046
-4586
-4029
-3050
-2739
-3182
-3631
-3421
-2701
-2133
-1721
-1329
-923
-762
-725
-303
600
1372
1500
1257
1348
1948
2382
2319
2274
2496
2773
2585
2447
2866
3240
2706
1838
1839
2515
2825
2305
1731
1570
1538
1302
1234
1811
1934
1141
332
590
1397
1540
1023
706
711
523
281
270
544
351
-526
-1145
-932
-606
-982
-1787
-2316
-2466
-2662
-2779
-2637
-2448
-2808
-3715
-4256
-3614
-2473
-2039
-2606
-3187
-3084
-2364
-1604
-1098
-735
-429
-376
-477
79
1104
1897
1904
1508
1601
2138
2562
2534
2551
2765
2881
2695
2734
3079
3288
2779
2159
2537
3198
3115
2356
1756
1764
1930
1844
1799
2031
1875
1169
780
1297
2010
1778
1037
654
658
768
711
747
685
121
-644
-970
-545
-295
-819
-1697
-2075
-2158
-2198
-2042
-1977
-2065
-2645
-3409
-3454
-2582
-1747
-1820
-2480
-2878
-2522
-1699
-999
-679
-561
-514
-490
-185
403
1092
1610
1560
1279
1388
1974
2315
2272
2105
2292
2596
2741
2716
2479
2358
2113
2045
2306
2564
2179
1352
910
1123
1511
1534
1194
656
219
-33
132
649
824
395
-332
-574
-250
113
167
-132
-596
-1123
-1445
-1368
-1157
-1201
-1806
-2475
-2729
-2612
-2324
-2237
-2436
-2884
-3382
-3549
-3014
-2166
-1853
-2311
-2823
-2740
-1988
-1080
-756
-890
-875
-644
-416
21
704
1270
1289
955
987
1501
1966
1942
1756
1970
2333
2563
2369
2026
1836
1802
1977
2334
2441
1809
855
410
851
1493
1425
855
157
-248
-363
-103
460
690
196
-770
-1163
-706
-238
-312
-654
-1076
-1572
-1835
-1657
-1298
-1308
-1880
-2532
-2775
-2512
-2067
-1963
-2173
-2540
-2896
-2889
-2266
-1494
-1273
-1769
-2185
-1902
-1108
-381
-103
-139
-148
3
263
775
1349
1698
1601
1294
1405
1833
2195
2098
1957
2191
2547
2616
2246
1896
1823
2008
2212
2356
2227
1479
710
563
1146
1655
1429
651
-41
-302
-137
303
667
472
-320
-1052
-1157
-743
-276
-358
-944
-1557
-1940
-1869
-1566
-1360
-1593
-2177
-2687
-2755
-2326
-1873
-1793
-2147
-2569
-2681
-2428
-1892
-1311
-1106
-1318
-1647
-1443
-639
154
393
289
415
752
954
1187
1584
1989
2024
1706
1724
2097
2301
2027
1923
2574
3050
2401
1455
1467
1971
2264
2225
2028
1550
798
253
581
1551
1777
701
-386
-452
3
224
327
404
73
-891
-1512
-1055
-200
-198
-951
-1539
-1759
-1652
-1661
-1502
-1247
-1457
-2205
-2643
-2158
-1599
-1590
-1939
-2080
-2026
-1991
-1887
-1385
-834
-763
-969
-984
-326
423
724
733
859
1216
1502
1622
1881
2335
2638
2599
2540
2651
2899
3014
3023
3226
3215
2838
2342
2382
2706
2736
2452
1996
1611
1261
1041
1108
1321
1100
381
-88
-141
-31
-19
-168
-297
-644
-1126
-1291
-1102
-832
-994
-1426
-1756
-1925
-1948
-1937
-1826
-1715
-1981
-2406
-2569
-2400
-1963
-1805
-1900
-2096
-2259
-2216
-1951
-1400
-929
-800
-973
-1047
-810
-258
377
759
904
944
1023
1268
1587
2015
2419
2524
2257
2026
2126
2568
2973
2967
2663
2253
2069
2178
2451
2646
2265
1584
983
779
899
977
711
194
-248
-483
-621
-588
-551
-783
-1267
-1635
-1649
-1557
-1586
-1778
-1985
-2181
-2387
-2392
-2362
-2467
-2673
-2850
-2963
-2934
-2807
-2696
-2659
-2672
-2599
-2603
-2567
-2385
-2039
-1743
-1586
-1329
-1002
-812
-750
-475
120
700
950
944
1013
1262
1558
1878
2238
2536
2508
2310
2395
2866
3114
2914
2681
2693
2733
2658
2528
2322
2010
1507
1137
1240
1359
990
318
-74
-124
-113
-289
-524
-673
-968
-1374
-1513
-1283
-1168
-1563
-2035
-2204
-2132
-2096
-2239
-2352
-2368
-2534
-2781
-2826
-2559
-2387
-2514
-2588
-2451
-2392
-2404
-2259
-1897
-1596
-1533
-1331
-883
-553
-539
-495
-32
644
1025
1077
1200
1436
1652
1762
2173
2675
2915
2782
2760
3001
3153
3070
2985
3237
3295
2979
2548
2377
2320
2039
1712
1647
1553
1070
392
127
243
145
-241
-649
-867
-1111
-1394
-1528
-1430
-1487
-1894
-2327
-2451
-2327
-2250
-2324
-2449
-2581
-2733
-2794
-2702
-2546
-2405
-2424
-2451
-2398
-2377
-2284
-2116
-1770
-1551
-1453
-1272
-872
-527
-456
-311
209
779
961
1031
1259
1712
1877
2001
2336
2877
3100
2993
2950
3081
3247
3195
3293
3499
3444
2965
2452
2399
2578
2477
2079
1682
1439
1012
672
679
769
565
-88
-612
-765
-696
-885
-1121
-1254
-1500
-1865
-2171
-2194
-2104
-2098
-2291
-2319
-2421
-2411
-2375
-2444
-2291
-2169
-2091
-2177
-2225
-2207
-2170
-1727
-1343
-1257
-1011
-682
-489
-284
-19
331
812
1204
1412
1645
1993
2112
2238
2594
3138
3622
3598
3392
3362
3524
3661
3681
3896
3802
3175
2452
2378
2649
2745
2380
1750
1336
979
736
702
791
477
-206
-752
-981
-807
-837
-1181
-1550
-1848
-2042
-2167
-2221
-2295
-2427
-2652
-2849
-2889
-2847
-2893
-3066
-3052
-2918
-2725
-2658
-2686
-2616
-2465
-2283
-1973
-1570
-1258
-1069
-1012
-997
-602
-5
593
983
1119
1294
1524
1860
2281
2802
3086
2986
2729
2724
3007
3251
3323
3132
2892
2609
2382
2298
2328
2212
1727
1205
937
914
773
478
160
-185
-453
-712
-893
-1150
-1443
-1784
-2033
-2080
-2147
-2371
-2715
-2932
-3003
-3011
-3073
-3247
-3415
-3625
-3665
-3464
-3193
-3022
-3089
-3154
-3072
-2816
-2445
-2065
-1750
-1503
-1286
-1133
-788
-277
240
607
878
1138
1389
1735
2182
2559
2783
2898
2867
2933
3080
3116
3104
2993
2949
2861
2652
2449
2304
2112
1849
1605
1452
1248
913
553
289
126
-66
-381
-671
-885
-1100
-1357
-1544
-1612
-1809
-2142
-2476
-2612
-2582
-2589
-2712
-3029
-3204
-3229
-3180
-2985
-2821
-2771
-2866
-2934
-2737
-2341
-1937
-1652
-1415
-1166
-898
-613
-164
331
801
1126
1308
1563
1943
2285
2524
2773
2994
3174
3204
3161
3101
3066
3084
3013
2884
2673
2403
2114
1902
1797
1655
1405
1028
636
382
242
83
-155
-396
-729
-1101
-1339
-1382
-1382
-1526
-1863
-2169
-2303
-2286
-2271
-2378
-2515
-2693
-2816
-2831
-2738
-2621
-2572
-2558
-2553
-2432
-2187
-1898
-1615
-1399
-1165
-844
-491
-103
237
594
865
1227
1588
1924
2214
2381
2566
2787
3044
3116
3029
2978
3024
3037
2921
2852
2695
2453
2187
1963
1912
1805
1519
1077
824
789
592
367
185
-4
-371
-663
-796
-825
-893
-1169
-1478
-1747
-1844
-1920
-1946
-2129
-2233
-2221
-2275
-2272
-2258
-2155
-2152
-2112
-2027
-1897
-1730
-1526
-1215
-790
-421
-148
100
397
773
1189
1482
1803
2106
2425
2639
2758
2960
3159
3209
3092
3058
3068
3074
2966
2760
2545
2319
2162
1985
1857
1613
1312
914
664
587
443
221
-46
-297
-600
-768
-857
-959
-1079
-1293
-1488
-1665
-1756
-1770
-1883
-1991
-2148
-2239
-2308
-2347
-2375
-2368
-2300
-2280
-2121
-1986
-1745
-1522
-1381
-1170
-863
-417
-74
261
556
813
1009
1270
1584
1813
2001
2041
2133
2328
2496
2579
2603
2561
2451
2336
2217
2102
1888
1627
1316
1027
897
673
426
172
-78
-320
-618
-830
-1046
-1241
-1437
-1552
-1657
-1738
-1841
-2103
-2237
-2260
-2241
-2383
-2537
-2614
-2682
-2777
-2758
-2595
-2441
-2372
-2445
-2387
-2173
-1913
-1631
-1359
-1135
-940
-682
-303
139
436
641
850
1124
1435
1665
1865
1995
2038
2085
2131
2209
2231
2147
1994
1883
1800
1791
1682
1465
1265
1018
807
655
451
245
3
-187
-368
-554
-735
-869
-1031
-1247
-1376
-1438
-1493
-1647
-1752
-1852
-1936
-2003
-2089
-2073
-2056
-2106
-2161
-2161
-2073
-1954
-1868
-1733
-1544
-1327
-1158
-935
-682
-373
-115
135
416
678
869
1055
1321
1537
1687
1752
1838
1959
2067
2064
2024
2059
1990
1863
1751
1684
1592
1419
1209
1023
863
695
521
370
232
31
-200
-353
-457
-586
-756
-886
-954
-1008
-1122
-1227
-1373
-1458
-1546
-1624
-1646
-1654
-1740
-1828
-1905
-1911
-1828
-1736
-1713
-1656
-1528
-1368
-1194
-971
-669
-465
-285
-94
175
495
704
933
1098
1275
1408
1553
1732
1873
1890
1873
1878
1851
1847
1789
1724
1641
1472
1295
1232
1050
899
766
617
510
324
134
-8
-132
-243
-319
-416
-525
-653
-765
-788
-811
-865
-930
-1025
-1069
-1168
-1054
-991
-1048
-1067
-1108
-1103
-1046
-982
-915
-772
-680
-636
-572
-365
-156
26
46
244
560
712
910
1069
1312
1327
1326
1429
1627
1655
1532
1552
1708
1767
1661
1576
1546
1480
1313
1171
1149
1096
946
792
693
590
484
390
285
170
33
-43
-89
-124
-220
-360
-404
-482
-448
-611
-657
-769
-892
-916
-958
-925
-916
-894
-1006
-1030
-900
-756
-676
-608
-459
-356
-215
-64
151
363
484
550
634
833
933
1060
1139
1187
1255
1218
1224
1270
1222
1125
1020
1014
938
790
661
560
408
238
62
-137
-268
-381
-490
-591
-628
-696
-718
-740
-765
-769
-833
-835
-913
-964
-984
-1106
-1069
-1092
-1145
-1154
-1167
-1136
-1154
-1158
-1209
-1172
-1093
-907
-770
-675
-576
-540
-336
-105
151
243
197
265
443
674
845
957
992
1025
1023
1050
1077
1044
1001
905
800
690
591
457
325
223
90
-75
-274
-425
-552
-695
-807
-936
-977
-1091
-1220
-1283
-1278
-1283
-1288
-1294
-1190
-1130
-1177
-1140
-1061
-1009
-1037
-1077
-1005
-931
-944
-854
-748
-653
-663
-597
-496
-322
-203
-91
37
209
351
385
592
759
839
916
1015
1116
1210
1228
1275
1297
1283
1271
1246
1261
1211
1067
976
862
782
655
520
361
193
48
-90
-181
-315
-434
-599
-688
-769
-882
-920
-992
-1058
-1137
-1184
-1223
-1222
-1191
-1244
-1258
-1239
-1232
-1216
-1148
-1064
-1034
-950
-905
-788
-668
-539
-408
-253
-59
76
186
325
503
638
809
958
1018
1117
1192
1231
1275
1317
1353
1362
1357
1318
1257
1195
1185
1111
1048
940
757
698
552
464
322
224
98
-72
-183
-265
-335
-450
-529
-646
-686
-744
-816
-862
-942
-1002
-1020
-1025
-1042
-1085
-1120
-1126
-1081
-1055
-1045
-1005
-941
-849
-812
-667
-532
-406
-291
-148
0
163
295
445
566
738
1022
1132
1309
1428
1424
1477
1526
1602
1614
1601
1565
1527
1462
1313
1237
1197
1048
1005
981
905
775
643
486
372
325
263
123
-55
-181
-164
-59
-39
-93
-210
-283
-342
-395
-328
-310
-318
-354
-414
-427
-424
-366
-309
-279
-285
-278
-242
-137
-37
-23
69
114
222
266
282
404
417
476
566
642
711
717
703
755
821
808
825
845
837
789
763
763
749
703
600
569
483
431
380
329
297
198
134
73
38
-2
-38
-122
-200
-196
-279
-350
-363
-375
-439
-465
-580
-725
-810
-849
-803
-800
-719
-723
-726
-690
-596
-440
-394
-344
-348
-349
-321
-327
-195
-115
-114
-63
-17
90
147
155
174
216
276
301
359
402
410
303
284
286
345
274
66
-52
-67
-46
-109
-179
-241
-301
-355
-376
-413
-522
-581
-645
-652
-666
-682
-705
-734
-720
-738
-713
-710
-717
-703
-698
-677
-675
-621
-599
-580
-537
-487
-444
-387
-359
-284
-112
-44
-2
58
70
108
113
185
241
290
340
350
369
363
404
462
468
469
507
449
464
463
389
421
382
346
284
248
208
149
61
4
-54
-117
-200
-216
-239
-324
-415
-453
-444
-482
-503
-574
-607
-639
-638
-649
-633
-628
-639
-663
-623
-512
-530
-484
-499
-434
-355
-309
-268
-191
-116
-94
-90
12
119
155
181
217
257
304
295
346
398
416
407
416
471
469
454
434
485
479
476
476
443
451
449
448
404
366
329
299
290
244
223
182
158
115
61
45
-70
-63
-171
-209
-262
-343
-360
-419
-439
-513
-534
-534
-498
-547
-542
-515
-547
-508
-470
-406
-343
-305
-275
-242
-193
-129
-84
-33
22
80
142
197
218
285
326
390
431
489
532
548
539
544
616
624
778
811
786
825
794
829
868
871
826
770
734
749
689
624
582
560
498
390
545
561
463
401
310
254
204
145
116
24
-72
-70
12
63
27
-69
-106
-119
-130
-104
-128
-103
-63
-74
-65
-65
-13
29
63
109
127
175
229
286
290
359
363
360
417
384
450
470
447
478
501
499
518
545
509
519
473
443
467
434
461
426
428
426
383
373
341
339
300
284
277
264
198
190
218
207
175
126
55
29
23
-34
-24
-42
-108
-198
-252
-314
-448
-531
-619
-624
-646
-673
-686
-653
-611
-592
-541
-513
-451
-499
-512
-509
-539
-491
-422
-379
-385
-381
-395
-343
-304
-254
-232
-190
-197
-166
-49
14
33
21
34
89
138
123
-46
-63
-27
-12
18
20
16
-20
-15
-5
-14
8
-38
-66
-80
-95
-110
-118
-91
-129
-176
-216
-222
-247
-278
-289
-381
-394
-451
-514
-526
-540
-558
-592
-607
-613
-525
-488
-495
-476
-490
-522
-581
-513
-472
-455
-467
-459
-409
-382
-330
-268
-254
-285
-262
-191
-117
-41
-91
-103
-69
-11
0
15
44
83
66
83
150
163
184
170
254
306
281
304
313
334
346
362
393
385
362
324
311
327
300
252
221
234
187
158
118
53
32
1
-53
-70
-105
-167
-239
-297
-263
-302
-348
-375
-443
-417
-455
-497
-482
-512
-504
-492
-449
-426
-460
-485
-330
-213
-198
-220
-243
-134
-120
-35
7
4
-24
-58
7
131
195
163
213
303
361
358
326
383
352
330
404
454
429
345
311
330
375
383
368
324
272
238
163
210
220
203
142
171
125
36
27
-10
23
-11
-22
-100
-108
-143
-207
-167
-184
-195
-208
-257
-270
-288
-290
-303
-286
-299
-188
-130
-125
-114
-116
-25
4
69
55
61
109
158
221
203
189
247
221
205
407
527
526
514
539
553
552
581
606
574
499
492
640
768
792
685
652
687
632
645
639
645
625
607
602
578
561
530
467
421
422
358
354
339
234
224
170
149
142
62
-8
-45
-120
-137
-139
-169
-172
-233
-219
-192
-262
-227
-229
-215
-232
-215
-168
-101
-124
-112
-53
-48
-31
-7
16
53
5
55
78
100
116
125
134
124
136
121
169
132
152
126
