415
369
373
359
356
352
318
289
289
294
334
367
399
408
400
420
405
333
350
355
325
242
191
276
415
448
379
329
329
317
312
356
376
322
347
348
357
354
361
358
353
345
335
322
311
303
281
303
296
235
221
177
144
131
134
134
121
121
58
32
29
47
56
59
70
31
53
35
27
29
30
38
53
56
29
24
17
19
14
26
44
3
30
32
30
30
24
13
16
25
7
-9
-2
-20
17
27
-205
-258
-201
-209
-188
-168
-136
-107
-60
-57
-66
-88
-125
-142
-169
-208
-173
-202
-207
-193
-212
-228
-249
-290
-329
-334
-354
-264
-229
-271
-309
-282
-204
-184
-168
-261
-358
-328
-281
-268
-262
-260
-264
-261
-263
-257
-257
-248
-243
-288
-264
-276
-267
-254
-256
-261
-259
-255
-260
-266
-276
-279
-284
-260
-263
-299
-269
-284
-263
-280
-300
-274
-261
-114
-93
-93
-91
-108
-124
-121
-81
-123
-105
-114
-118
-124
-116
-108
-117
-95
-100
-106
-118
-105
-120
-97
-80
-124
-97
-86
-84
-79
-109
-108
-107
-106
-100
-97
-80
-87
-78
-53
-44
-73
-55
-41
-50
-52
-59
-62
-74
-86
-73
-67
-68
-49
-48
-36
-21
-75
-36
-48
-42
-32
-33
-23
-50
-31
-37
-26
-17
-37
-49
-21
-25
-64
-41
-45
-27
-33
-30
-43
-52
-49
-47
-31
-36
-13
-60
18
-38
-101
-29
-87
-67
-88
-78
-75
-82
-84
-48
-41
-38
-30
-45
-23
-7
-59
-16
-31
-10
-40
-20
-14
-11
-11
-16
-5
-23
11
-15
11
37
-28
10
23
39
48
25
32
41
60
66
85
93
99
89
117
143
132
173
181
194
204
214
214
245
249
293
467
484
505
509
518
558
531
532
512
504
494
495
450
423
422
435
461
491
501
470
482
490
415
393
392
374
321
229
233
375
453
427
350
318
304
285
286
298
257
287
260
259
262
259
268
242
222
199
194
169
142
109
147
130
88
75
12
-9
-39
-61
-65
-62
-96
-166
-152
-152
-167
-154
-150
-139
-177
-139
-161
-157
-154
-176
-165
-145
-124
-147
-143
-158
-123
-100
-67
-46
-80
-49
-22
-12
5
34
60
92
112
133
153
158
174
209
291
126
0
94
121
159
199
232
263
324
376
387
377
344
318
280
263
267
244
259
260
229
206
173
111
57
23
-12
-4
29
-16
-106
-156
-155
-168
-147
-238
-388
-458
-459
-462
-495
-529
-587
-647
-716
-779
-845
-886
-961
-1062
-1084
-1140
-1175
-1211
-1264
-1308
-1362
-1373
-1391
-1431
-1426
-1412
-1433
-1403
-1356
-1340
-1281
-1249
-1229
-1209
-1151
-1021
-946
-792
-645
-601
-524
-464
-386
-281
-164
-95
38
130
235
338
447
568
615
674
746
831
868
925
977
1013
1050
994
991
987
992
990
979
968
980
970
964
969
969
974
960
998
1028
971
987
963
916
890
865
825
776
711
656
612
555
510
423
376
327
203
164
72
17
-39
-119
-187
-281
-375
-413
-475
-557
-643
-754
-797
-862
-986
-1043
-1099
-1191
-1262
-1333
-1383
-1460
-1503
-1555
-1539
-1555
-1529
-1468
-1389
-1278
-1437
-1396
-1420
-1361
-1262
-1149
-1046
-959
-877
-828
-722
-618
-493
-363
-239
-62
21
182
308
427
541
633
746
816
897
928
1026
1070
1133
1136
1130
1111
1029
984
960
970
974
964
908
882
874
848
832
818
807
775
788
801
772
811
809
806
811
794
762
769
788
745
861
944
904
905
876
844
767
735
671
618
572
524
472
372
328
269
261
248
219
159
103
47
-55
-127
-236
-272
-375
-515
-654
-573
-511
-605
-722
-876
-936
-1035
-1067
-1117
-1212
-1227
-1253
-1243
-1205
-1140
-1043
-1005
-982
-1031
-1030
-905
-778
-701
-598
-520
-481
-378
-334
-259
-176
-77
55
177
283
325
444
585
663
726
837
906
922
1001
1045
1071
1061
1047
1014
994
1005
984
991
977
971
956
956
982
938
962
938
926
897
868
853
836
829
818
797
758
747
684
755
614
326
365
353
336
298
292
258
228
253
182
158
110
28
-23
-81
-150
-196
-244
-329
-361
-430
-482
-561
-664
-743
-816
-876
-843
-856
-974
-1044
-1110
-1170
-1166
-1263
-1428
-1582
-1624
-1629
-1667
-1713
-1793
-1839
-1852
-1866
-1866
-1823
-1768
-1722
-1609
-1571
-1538
-1518
-1427
-1319
-1248
-1139
-1041
-951
-859
-766
-693
-551
-442
-347
-197
-63
89
224
336
447
548
622
807
890
910
931
896
909
917
912
957
975
980
932
894
894
912
918
905
908
893
878
860
833
829
785
780
744
740
695
684
669
592
566
511
495
457
424
360
346
353
275
249
224
192
138
110
59
-1
-45
-65
-108
-156
-207
-285
-281
-349
-467
-475
-544
-600
-648
-720
-756
-804
-876
-934
-990
-1038
-1084
-1182
-1212
-1252
-1329
-1346
-1396
-1461
-1492
-1520
-1532
-1545
-1532
-1526
-1493
-1420
-1315
-1165
-1069
-972
-1046
-1018
-932
-866
-721
-579
-467
-365
-253
-190
-59
53
181
333
461
608
658
719
808
839
902
854
808
795
837
864
902
910
919
902
854
844
812
855
872
881
881
916
884
859
868
875
896
866
882
884
857
908
879
855
865
813
799
787
698
680
708
604
645
725
654
696
662
616
538
534
472
409
359
264
226
97
17
-54
-92
-123
-106
-143
-197
-221
-339
-353
-449
-504
-543
-630
-760
-817
-736
-675
-680
-784
-831
-900
-929
-934
-973
-953
-970
-971
-956
-962
-971
-950
-899
-818
-762
-727
-618
-529
-448
-353
-339
-225
-142
-91
-9
63
176
291
390
477
478
478
529
543
583
618
603
661
710
733
725
744
742
758
815
845
857
865
902
911
924
964
934
969
968
1017
1035
1041
1083
1071
1063
1078
1047
985
1012
851
874
917
509
482
448
386
393
342
281
287
246
168
137
8
-49
-122
-206
-228
-333
-335
-382
-450
-516
-579
-683
-773
-848
-930
-964
-974
-916
-976
-1020
-1052
-1112
-1073
-1065
-1147
-1311
-1361
-1339
-1300
-1333
-1344
-1367
-1401
-1400
-1411
-1384
-1378
-1455
-1427
-1417
-1396
-1389
-1370
-1314
-1266
-1214
-1159
-1082
-1016
-940
-900
-810
-709
-670
-567
-502
-400
-309
-242
-203
-131
-76
46
193
228
297
302
375
428
410
466
495
535
562
580
628
672
673
676
689
705
732
751
834
834
844
883
886
942
916
969
931
926
896
873
902
816
830
774
744
716
652
625
544
556
468
391
382
270
248
203
127
115
27
-20
-38
-86
-167
-197
-265
-303
-354
-394
-421
-464
-510
-591
-582
-654
-655
-684
-752
-749
-824
-836
-860
-893
-939
-936
-964
-944
-973
-1010
-1019
-1030
-1035
-1023
-999
-987
-1017
-1098
-1027
-1064
-1045
-1023
-986
-947
-925
-865
-805
-735
-681
-619
-532
-478
-431
-388
-291
-215
-158
-76
-34
21
76
155
210
255
307
370
407
466
466
528
577
621
685
771
797
799
813
824
884
905
962
985
1026
1085
1056
1119
1138
1191
1229
1220
1206
1165
1181
1192
1150
1201
1273
1210
1191
1120
1039
1029
974
914
821
763
687
612
542
462
397
376
349
306
292
267
137
134
54
-43
-44
-128
-235
-289
-263
-147
-124
-256
-271
-340
-308
-304
-405
-378
-387
-387
-405
-418
-424
-440
-496
-498
-531
-582
-573
-630
-619
-625
-704
-674
-727
-750
-781
-808
-802
-780
-754
-716
-677
-680
-640
-622
-552
-491
-467
-380
-320
-249
-190
-124
-65
-17
77
155
198
238
305
332
432
511
511
593
642
650
727
783
831
875
892
904
890
923
950
949
1008
1125
931
843
846
859
926
941
987
912
921
949
904
898
776
684
602
512
401
377
366
269
251
107
67
-16
-141
-176
-263
-308
-276
-306
-323
-432
-469
-367
-424
-404
-581
-672
-677
-654
-617
-662
-682
-698
-747
-776
-745
-787
-848
-846
-898
-902
-922
-931
-948
-958
-1002
-1000
-1012
-1076
-1073
-1092
-1084
-1085
-1128
-1126
-1136
-1128
-1136
-1123
-1106
-1103
-1043
-1047
-884
-781
-756
-703
-663
-622
-622
-523
-453
-392
-311
-231
-164
-111
-46
-2
87
182
221
268
346
382
418
456
503
532
580
606
631
679
700
717
697
705
725
742
793
807
793
856
881
847
915
911
901
982
885
923
802
1425
1341
685
988
606
818
671
694
608
293
518
295
220
62
82
48
26
-122
-61
-154
-112
-273
-317
-210
-350
-324
-516
-430
-396
-453
-494
-452
-358
-409
-482
-452
-502
-494
-620
-614
-515
-633
-590
-750
-745
-755
-695
-735
-733
-748
-890
-789
-889
-806
-848
-876
-775
-913
-829
-886
-844
-791
-795
-734
-756
-673
-555
-520
-454
-490
-431
-374
-338
-202
-145
-62
-45
-8
31
100
181
247
267
322
397
384
478
521
565
626
655
635
674
784
828
904
936
1128
1117
1117
1170
1053
1184
1246
1252
1200
1253
1226
1199
1247
1123
1178
1114
1084
1130
1253
1303
998
953
1030
957
811
638
821
1075
438
520
794
1022
681
368
491
514
440
296
413
338
271
275
213
29
46
8
95
163
14
-109
-131
-184
-227
-303
-302
-288
-398
-439
-546
-539
-619
-647
-711
-707
-746
-808
-762
-927
-899
-881
-887
-795
-839
-869
-893
-906
-912
-810
-753
-738
-723
-637
-571
-559
-443
-427
-292
-274
-164
-121
-133
19
125
184
115
222
280
300
340
381
529
315
233
243
299
327
340
543
376
543
569
704
524
598
521
553
475
605
604
837
728
1306
1596
767
912
547
819
542
1034
923
918
643
403
124
53
105
-45
-127
-219
26
-229
-318
-411
-83
-308
-291
-415
-285
-383
-434
-355
-337
-258
-350
-379
-464
-456
-481
-565
-592
-493
-547
-616
-516
-1138
-947
-1058
-1029
-1089
-1363
-964
-974
-844
-941
-773
-1091
-762
-1054
-907
-832
-824
-749
-814
-876
-1017
-1081
-1150
-1098
-1104
-981
-854
-780
-758
-803
-753
-681
-703
-530
-519
-319
-242
-157
-86
11
141
265
321
306
354
443
651
703
772
806
722
686
673
708
835
859
948
881
840
703
741
722
838
852
894
890
843
891
732
927
912
1116
855
748
699
908
870
1002
886
869
2129
234
791
860
1338
1045
798
740
287
559
234
748
86
332
-88
-185
-1
-95
-486
-255
-251
-187
-244
-428
-813
-875
-1049
-744
-617
-747
-640
-1019
-984
-1191
-1062
-1193
-1304
-1238
-1212
-1142
-1411
-1653
-1671
-1706
-1565
-1489
-1485
-1458
-1655
-1722
-1621
-1485
-1114
-909
-873
-873
-821
-669
-616
-327
-59
209
349
391
373
542
825
991
1246
1224
1294
1347
1307
1371
1408
1453
1598
1649
1474
1402
1415
1466
1534
1490
1349
1210
1125
1276
1259
1147
1242
1025
975
1166
1280
1347
1431
1433
1265
1044
1110
1532
1507
1465
1251
1287
1075
1201
926
2032
1504
796
434
394
971
831
1267
910
1052
196
202
-122
-393
-190
477
610
403
-174
-586
-1005
-1468
-1346
-909
-352
-372
-624
-1224
-1687
-1965
-2154
-1971
-1638
-1428
-1514
-1761
-2046
-2103
-2292
-2432
-2203
-1790
-1484
-1483
-1645
-1753
-1628
-1297
-1003
-930
-708
-423
-64
179
236
439
573
770
884
1120
1597
2005
2022
1808
1603
1692
1858
1974
2055
1895
1790
1562
1256
997
1027
1269
1327
1219
1025
853
816
621
475
295
619
860
673
489
400
533
557
551
566
632
585
611
594
800
833
660
551
503
712
568
432
201
-155
45
541
678
79
-541
-1219
-953
-537
-127
-43
-367
-882
-1828
-1894
-1876
-1290
-1052
-1203
-1501
-1922
-2274
-2472
-2652
-2128
-2218
-2643
-2634
-2510
-2589
-2821
-2914
-3184
-3166
-2931
-2418
-2299
-2304
-2508
-2353
-2026
-1693
-1456
-1323
-875
-413
-159
-130
116
543
881
1061
1291
1738
2165
2375
2288
2135
2206
2383
2604
2756
2816
2653
2359
1935
1692
1630
1695
1825
1682
1302
889
792
866
832
640
589
676
558
403
282
433
604
547
488
481
612
742
751
632
707
851
837
722
695
683
945
832
454
322
235
90
-113
124
-151
-419
-786
-571
-501
-1137
-1199
-1213
-1498
-1613
-1294
-1485
-2051
-2554
-2298
-2047
-2464
-2262
-2254
-2807
-3099
-3091
-3076
-3150
-3025
-2821
-3066
-3229
-3192
-3009
-2693
-2027
-1553
-1574
-1965
-1895
-1079
-376
17
263
784
1168
1170
1175
1687
2490
3037
3188
2984
2985
3144
3311
3410
3393
3456
3384
3180
2832
2542
2374
2349
2250
1981
1662
1565
1575
1320
1028
948
1019
990
721
547
704
870
665
461
574
668
890
921
882
964
1066
1018
749
730
878
841
573
382
306
291
310
193
-211
-427
-198
-307
-587
-901
-867
-983
-1379
-1410
-1528
-1623
-1642
-1750
-2300
-2639
-2399
-2126
-2276
-2754
-3039
-2994
-3047
-3177
-3232
-3153
-3020
-2930
-2794
-2400
-1870
-1736
-2155
-2332
-1458
-118
484
366
266
676
1005
1241
1893
2967
3543
3343
2921
2796
3180
3735
4299
4414
4105
3614
3279
3181
3069
3090
3270
3225
2608
1834
1542
1772
1944
1652
1317
1122
1043
802
584
663
851
806
376
145
344
687
658
478
259
209
388
189
124
247
81
-225
-458
-451
-134
-199
-284
-631
-1117
-1390
-1230
-996
-1030
-1471
-2005
-2230
-2233
-2111
-2204
-2159
-2627
-3472
-4019
-3698
-3225
-3006
-3222
-3861
-4357
-4776
-4498
-4009
-3530
-3478
-3504
-3532
-3551
-3452
-3421
-2826
-1766
-685
-643
-1000
-835
-152
493
771
1460
2498
3179
2787
2283
2449
3212
3791
4093
4307
4141
3600
3076
2959
3081
3376
3558
3384
2560
1601
1426
1733
2026
1893
1787
1830
1366
484
-16
398
1127
1379
964
397
44
18
100
348
766
1101
873
175
-308
-283
260
494
444
99
-316
-723
-844
-746
-635
-462
-793
-1298
-1785
-1968
-1759
-1485
-1688
-2305
-2748
-2815
-2956
-3186
-3174
-3156
-3282
-3650
-3815
-4111
-4268
-4343
-4276
-4044
-3637
-3251
-3011
-3091
-3601
-3845
-3144
-1615
-468
-376
-745
-711
-389
-18
887
2340
3464
3291
2412
2046
2626
3656
4507
4851
4634
4066
3412
3170
3424
3902
4201
3963
3099
2192
1648
2056
2667
2649
2094
1396
896
562
549
920
1443
1372
653
-56
-33
384
672
739
666
597
403
217
236
337
483
457
291
158
109
-101
-274
-458
-424
-238
-237
-500
-1010
-1480
-1592
-1429
-1321
-1393
-1941
-2322
-2600
-2946
-3211
-3118
-2953
-3181
-3522
-3802
-4011
-4425
-4478
-4197
-3683
-3107
-2599
-2728
-3503
-3873
-3144
-1705
-595
-125
-292
-583
-635
-139
925
2273
3333
3382
2694
2159
2643
3814
4873
5141
4859
4332
3747
3473
3675
4238
4505
4282
3512
2724
2272
2419
2752
2707
2352
1848
1780
1457
942
642
978
1334
1336
1041
641
399
125
171
622
1173
1203
630
-10
-251
1
544
907
778
291
-357
-661
-606
-220
192
184
-388
-1147
-1528
-1607
-1294
-874
-978
-1572
-2228
-2656
-2947
-3032
-2745
-2553
-2936
-3627
-4094
-4136
-4336
-4543
-4141
-3241
-2558
-2834
-3797
-4680
-4352
-2661
-791
-293
-936
-1383
-1346
-768
-90
1342
2949
3120
2006
1158
1756
3189
4433
4854
4629
3940
3326
3108
3213
3734
4282
4311
3413
2256
1624
1900
2606
2805
2369
1658
955
272
168
623
1126
1296
646
-417
-890
-539
-83
178
204
13
-301
-776
-1136
-755
22
188
-285
-711
-984
-1165
-1128
-860
-615
-517
-780
-1310
-1702
-1797
-1564
-1325
-1347
-1629
-1987
-2381
-2854
-3180
-3129
-2952
-3109
-3389
-3682
-4113
-4473
-4729
-4365
-3650
-2887
-2728
-3414
-4339
-4645
-3503
-1619
-653
-1076
-1681
-1593
-1022
-383
685
2162
2946
2402
1490
1636
2878
4078
4538
4451
4164
3877
3626
3623
3965
4422
4519
4026
3159
2500
2385
2751
3190
3091
2558
1761
1064
765
971
1502
1782
1356
346
-401
-372
200
621
639
451
82
-431
-726
-361
182
390
120
-409
-731
-685
-557
-639
-515
-268
-466
-1012
-1524
-1679
-1324
-932
-1117
-1664
-2093
-2505
-2727
-2495
-2504
-2862
-3423
-3651
-3698
-3807
-3897
-4335
-4590
-4357
-3641
-2742
-2985
-4418
-5172
-3963
-2010
-915
-1223
-1889
-2012
-1277
-381
528
1609
2507
2263
1367
1363
2834
4374
4546
3972
3724
3985
4049
3921
4122
4434
4477
4072
3465
2858
2632
2807
3027
2985
2736
2389
1751
946
612
1225
2095
1948
839
-66
-231
210
694
952
1011
641
-39
-541
-267
785
1512
1131
218
-291
34
496
504
347
463
331
-278
-705
-733
-575
-670
-585
-646
-1028
-1671
-2235
-2431
-2192
-2095
-2535
-3241
-3829
-3996
-4104
-4004
-4067
-4063
-3590
-2759
-3110
-4685
-5467
-4010
-1600
-822
-1731
-2519
-2033
-1048
-397
241
1557
2660
2361
1304
1307
3023
4631
4723
4028
4052
4509
4408
3855
3908
4757
5189
4693
3517
2689
2602
2933
3163
2881
2726
2861
2195
630
-119
873
2440
2471
825
-614
-515
141
400
629
987
845
-49
-916
-838
592
1756
1214
-77
-521
-23
494
355
132
602
766
15
-773
-937
-676
-321
-337
-612
-1091
-1746
-2282
-2231
-1846
-1727
-2226
-2989
-3832
-4383
-4181
-3577
-3913
-5109
-5070
-3694
-2767
-4162
-6258
-6187
-3723
-1576
-1839
-3523
-3997
-2578
-1373
-1170
-656
953
1775
612
-466
862
3316
4034
3109
2623
3415
3951
3537
3093
3630
4539
4562
3645
2600
2150
2541
3190
3073
2625
2321
2087
1188
265
345
1584
2282
1043
-708
-1083
-125
325
126
-47
255
42
-878
-1280
-335
1033
1033
-70
-846
-469
100
99
-208
145
632
255
-756
-1133
-570
163
215
-386
-960
-1271
-1588
-1623
-1401
-1100
-1601
-2786
-3371
-3408
-2970
-2923
-3286
-4134
-4506
-3954
-2795
-2633
-4165
-5470
-4741
-2211
-1016
-2271
-3926
-3195
-1115
-332
-872
-543
963
1413
679
608
2188
3478
3226
2520
2947
3973
4082
3295
3049
3928
4577
4241
3205
2630
2694
3127
3203
3049
2655
2384
1966
1213
910
1264
2074
1795
602
-495
-219
554
699
209
-78
211
-117
-651
-924
-34
843
312
-802
-834
-133
73
-209
-392
-53
189
-200
-955
-1011
-372
143
-333
-1022
-1165
-1112
-1392
-1658
-1311
-1305
-2116
-2915
-2708
-2802
-3036
-3001
-3426
-3931
-3258
-1931
-2327
-4434
-5521
-3586
-1043
-802
-2495
-3620
-2543
-699
-179
-728
-84
1487
1884
768
557
2340
3831
3480
2739
3468
4385
3974
3190
3517
4713
5283
4524
3226
2611
2986
3754
3949
3479
2565
2320
2284
1832
1563
1960
2397
1877
769
21
374
822
731
320
327
440
-81
-658
-480
584
1106
159
-859
-455
-5
-164
-239
161
285
-195
-535
-834
-687
-152
-19
-494
-810
-1073
-1307
-1515
-1666
-1269
-1503
-2377
-2931
-2789
-2732
-2933
-3418
-3925
-3275
-1808
-1666
-3532
-5083
-4541
-1948
-353
-1171
-2761
-2666
-1237
-606
-702
63
1664
1957
981
457
1703
3153
3448
3137
3449
4101
3801
2914
2823
4030
4939
4737
3590
2608
2471
2927
3448
3740
3416
2323
1370
775
1162
2052
2484
1552
185
-207
92
398
299
139
184
169
-607
-1363
-1100
-64
398
-147
-827
-1082
-922
-933
-926
-506
132
-370
-1518
-1941
-1166
-363
-735
-1408
-1348
-1237
-2067
-2533
-2290
-1842
-2241
-2823
-3491
-3653
-3181
-3410
-4166
-4609
-3235
-1598
-2227
-5233
-6698
-4412
-518
449
-2690
-5036
-3334
-122
133
-1556
-1124
1682
2565
444
-875
1232
3943
3774
2565
2886
4155
3639
2244
2638
4941
5942
4188
2159
1915
3135
3937
3915
3292
2770
2254
1608
1175
1571
2383
2508
1679
-110
-817
12
1065
872
157
35
22
-658
-1482
-919
632
1231
-198
-1629
-1334
-173
168
-441
-518
177
112
-1415
-2087
-723
631
-114
-1363
-1466
-1101
-1456
-1891
-1945
-1485
-1425
-2371
-3551
-3966
-3057
-2486
-3362
-4085
-2738
-1941
-3264
-5655
-5427
-2236
213
-1235
-4301
-4355
-1438
429
-866
-1618
296
2414
1556
-453
27
2907
4377
3437
2544
3173
3922
3187
2733
3788
5449
5176
3379
2083
2460
3727
4266
4028
3188
2483
1981
1746
1617
1948
2576
2314
891
-649
-510
616
1166
357
-299
-94
-261
-1191
-1559
-296
967
537
-1279
-1916
-682
296
-356
-830
109
456
-926
-2058
-1210
196
570
-761
-1810
-1262
-697
-1505
-2437
-1989
-934
-1407
-3563
-4166
-3234
-2513
-3009
-2861
-2244
-2537
-4029
-4751
-3352
-1766
-990
-1982
-2788
-2537
-1328
-724
-636
82
1302
1961
1236
883
1611
3012
3707
4038
4106
3667
3256
3440
4252
4839
5153
4882
4144
3306
3149
3661
4254
4300
3689
3046
2490
2013
1827
2370
2827
2460
1210
79
-15
676
925
553
307
94
-479
-1212
-1104
-282
429
118
-865
-1337
-996
-629
-671
-327
-53
-420
-1083
-1609
-1493
-434
85
-790
-1495
-1270
-1411
-2189
-2345
-1675
-1638
-2225
-3278
-4253
-3943
-3182
-2852
-3056
-3065
-3357
-4653
-5183
-3391
-1642
-1944
-2784
-2815
-2089
-1799
-1490
-835
137
1087
1366
751
366
1436
2884
3797
3964
3835
3504
3071
3211
3998
4798
4908
4405
3525
2965
2968
3309
3675
3706
3389
2638
1552
1003
1445
2259
2475
1570
304
-329
-240
107
226
139
-46
-519
-1267
-1665
-1272
-332
14
-583
-1329
-1599
-1417
-1278
-1069
-576
-498
-1026
-1971
-2414
-1842
-963
-754
-1513
-2335
-2365
-2464
-2968
-3151
-2769
-2784
-3982
-4436
-3951
-4446
-5393
-4087
-1756
-2461
-5718
-6789
-4229
-1163
-928
-3165
-4027
-2084
-245
-891
-1939
-229
2606
2885
894
477
2474
3814
3577
3651
4839
5218
3888
2768
3759
5500
5885
4781
3639
3342
3323
3380
3570
3809
3614
2848
1909
1264
1265
1867
2377
1906
714
-203
-243
106
147
185
489
291
-810
-1799
-1300
61
441
-431
-1126
-880
-731
-1112
-1201
-478
113
-410
-1691
-2094
-1497
-1062
-901
-1404
-1975
-2280
-2494
-3120
-3434
-3205
-3145
-3755
-4494
-4834
-4799
-3954
-2827
-3318
-5629
-6296
-4290
-1489
-1858
-4143
-4232
-1766
12
-970
-1995
-352
2561
2757
1174
1154
3179
4367
3680
3740
5180
5847
4456
3555
4682
6195
5901
4644
4227
4386
4241
3808
3945
4039
3599
2662
2187
2035
1937
1829
1660
1408
791
109
-154
72
3
-30
152
-143
-1068
-1455
-843
-164
-149
-831
-1248
-893
-501
-934
-1087
-733
-326
-512
-1426
-1652
-1334
-902
-1339
-1973
-1861
-1806
-2721
-4267
-3927
-3048
-3246
-4867
-5122
-3399
-2376
-3204
-5631
-6638
-4671
-1322
-1055
-3737
-5104
-2741
-195
-764
-1785
-356
2255
2465
1112
973
3051
4582
4274
4082
5164
6028
5047
4089
4948
6838
6974
5425
4382
4652
5000
4765
4750
4747
4143
3210
2679
2326
2403
2453
2468
2016
787
-106
160
794
493
98
126
210
-623
-1423
-1044
-7
407
-657
-1550
-1269
-659
-1012
-1566
-1300
-620
-974
-2207
-3007
-2038
-1201
-2062
-3309
-3266
-2401
-3274
-5323
-5728
-4439
-4160
-5390
-5279
-3603
-3144
-5708
-8391
-6809
-2525
-523
-3059
-5635
-4339
-1310
-804
-1850
-974
1402
2259
1009
419
1680
3645
4428
4392
4700
5002
4312
3539
4232
5760
6570
5792
4290
3357
3499
4138
4646
4602
3696
2530
2018
1879
1621
1760
2350
2275
926
-453
-724
190
846
447
62
107
-317
-1359
-1371
-210
770
310
-1072
-1643
-1120
-722
-1235
-1377
-868
-836
-2200
-3441
-3285
-2246
-1990
-3249
-3977
-4092
-4545
-5767
-5965
-5700
-5674
-5998
-4749
-3179
-4126
-7599
-9412
-5727
-543
88
-4270
-6327
-3453
49
-469
-1933
160
3418
3439
665
358
3200
5347
4775
4684
5949
6055
3990
2749
4815
7334
7177
4793
3452
3269
3499
3937
4454
4466
3183
1825
1162
1425
1718
1838
2071
1732
391
-660
-383
452
991
906
835
668
-38
-1188
-708
1228
2073
673
-910
-830
-254
-319
-952
-706
-174
-595
-2566
-3743
-3237
-2342
-2819
-4139
-4452
-4839
-6383
-8277
-8023
-6702
-4195
-2586
-4360
-8786
-11112
-7746
-1920
525
-2251
-5010
-4058
-1236
-721
-1241
1060
4938
5753
2692
964
3019
5678
6056
6606
8127
8218
5133
2207
3523
7248
8648
6686
4166
2486
1767
1940
3122
3960
3496
1902
-128
-1251
-1056
71
1328
1724
177
-1436
-1763
-1343
-776
455
2144
2164
269
-1817
-1448
1013
2824
2284
1069
842
487
-466
-824
453
1639
1275
-1082
-3018
-3073
-2888
-3272
-3584
-3421
-4457
-6514
-8853
-9086
-6909
-4055
-2835
-4475
-7806
-9966
-8120
-3635
-573
-1061
-2325
-2399
-1727
-1165
43
2839
5702
6350
4924
4022
4629
5628
6339
8116
10120
9739
6819
4127
4180
6388
7956
7449
5993
3852
2058
1331
1750
2645
2991
2290
540
-1247
-2242
-1895
-613
501
250
-733
-1731
-2724
-2436
-732
1321
2014
982
-748
-1326
-247
982
1621
1833
1616
408
-1116
-1810
-1159
-17
206
-1101
-2916
-4621
-5537
-5649
-5193
-5064
-6695
-9192
-9941
-6774
-3452
-4323
-9271
-11642
-7733
-2215
-792
-3819
-5296
-3021
-66
553
914
2942
4970
4859
4025
5259
7329
7660
6362
6730
9045
9862
7478
4890
4937
6416
7014
5888
4090
2524
1840
1798
1679
1064
330
-173
-570
-1302
-2225
-2201
-1393
-1107
-1735
-1817
-1299
-1101
-1506
-1223
242
1486
1030
-512
-541
935
1807
1094
398
716
879
-360
-1883
-1835
-893
-1331
-3239
-4791
-5082
-5515
-6973
-8187
-8452
-8774
-10191
-9867
-6518
-3952
-6557
-11968
-12542
-6158
49
-275
-3843
-4176
-1064
754
620
2249
6114
8001
6206
4653
6326
8719
8574
7666
8800
10729
9929
6579
4389
4898
6238
6540
5540
3473
1418
225
18
102
-59
-239
-464
-1195
-2792
-3610
-2440
-694
-412
-1028
-1019
-359
-231
-713
136
2562
4114
2978
1006
886
2342
2953
2184
1913
2362
1575
-1148
-2866
-2263
-1216
-2149
-4483
-6215
-6615
-7705
-9879
-10950
-10493
-10362
-11007
-9672
-7040
-6644
-10146
-13052
-9919
-2746
1065
-1102
-3348
-1807
1291
2610
3778
6768
9756
9374
7189
7299
9692
10921
9963
9767
11029
11024
8353
5355
4456
5070
5495
4887
3321
1001
-1233
-2555
-2424
-1571
-1253
-1645
-2686
-4066
-4783
-3833
-1854
-486
-397
-582
-272
466
870
1391
3092
4995
5291
3958
2983
3323
3926
3557
3016
3159
2793
492
-2516
-3416
-2545
-2283
-4155
-6492
-8062
-9249
-11401
-12984
-12668
-12106
-11162
-9377
-7628
-8389
-11622
-13179
-9301
-2467
1051
5
-1425
-107
1917
3162
5392
9351
12146
11237
9094
9284
10962
11196
10417
10850
12194
11370
7864
4738
3739
3807
3892
3695
2657
398
-2434
-4270
-4389
-3245
-2120
-1812
-2445
-3726
-4531
-3741
-1707
-105
900
1581
2223
2339
2162
2817
4591
6422
6897
6150
5091
4404
3576
2918
3215
3697
2622
-606
-3550
-4250
-4013
-4560
-6356
-8060
-9054
-10276
-12342
-14067
-14363
-14179
-12934
-10115
-7251
-7334
-9957
-11566
-8903
-3106
1519
3032
2981
3049
3183
4234
7103
10854
12984
12435
11062
10592
10448
9822
9129
9259
9706
8685
5958
2793
330
-1033
-1188
-517
-574
-2075
-4452
-6518
-7164
-6240
-4582
-3136
-2497
-2780
-3313
-2573
-1043
657
2396
3755
4944
5093
4670
4697
5696
6893
7745
7491
6512
5161
3356
1853
1074
1114
416
-1579
-3865
-5972
-7314
-8026
-8828
-9863
-10805
-11976
-13401
-14553
-15322
-15904
-15245
-12755
-8811
-5569
-5345
-7629
-8704
-5604
114
5026
7133
7357
6964
6677
7273
9651
13009
14847
13948
11850
10671
9740
8283
6833
6569
6822
5667
2613
-1145
-3917
-5438
-5851
-5266
-4451
-4509
-5866
-7867
-8934
-7558
-4258
-1045
356
322
259
1136
3011
5162
6925
8356
9276
9200
8420
7899
8033
8292
8226
7573
6263
4511
2232
-386
-2044
-2240
-2520
-4261
-6915
-9270
-10725
-11498
-11914
-11979
-12125
-12514
-13616
-14750
-15179
-15151
-14774
-12807
-7560
-1877
-19
-2497
-5089
-3250
2457
7813
10407
11537
11668
10246
8681
9779
13113
14972
13621
11043
9568
8206
5533
2965
2357
2772
1797
-871
-3877
-6216
-8623
-10061
-9274
-7158
-5941
-6362
-6917
-6685
-5889
-4348
-863
4066
6775
6246
5367
6150
8255
10304
11449
11931
12204
10854
8396
7665
7900
6721
5076
4106
2917
856
-2106
-4977
-5938
-5867
-6795
-8318
-9393
-10811
-12679
-13644
-12815
-11467
-11178
-11962
-12805
-12792
-12944
-13685
-13182
-8672
-594
5073
3758
-1857
-4313
76
7325
11542
12455
12887
12249
9653
7685
9480
12872
12862
9136
6597
7123
6320
2021
-1823
-1764
-212
-869
-3643
-5952
-7242
-9171
-10316
-8088
-4187
-2847
-4675
-6304
-5236
-2164
1726
6234
10150
10892
8574
6782
8054
10889
12264
12012
11971
11574
8910
5554
4046
3769
2893
1803
1438
1075
-1170
-5455
-8310
-7540
-5998
-6654
-8199
-8919
-9430
-10507
-11264
-10541
-8740
-8484
-9785
-10761
-10166
-10338
-11876
-11301
-5218
3929
7973
3407
-3959
-4632
1826
8472
10822
11099
11558
10369
6853
4998
7739
10638
8704
4614
4416
6762
5141
-943
-5007
-3469
-800
-1298
-3545
-4750
-5966
-8524
-9424
-5941
-1307
-885
-3648
-5501
-2756
1960
5664
8771
10776
9920
7039
6355
8493
10311
9619
8101
8134
8818
6314
1987
-235
-353
-708
-1016
-194
-140
-2971
-7703
-9930
-8184
-5953
-6527
-8108
-8253
-7788
-8712
-9816
-9473
-8314
-8398
-9518
-9661
-9163
-10477
-12697
-9650
350
8256
5530
-3395
-6417
-11
6936
7881
7095
9594
11512
8194
4624
6927
10318
7262
1470
2150
7840
8064
378
-5562
-3841
-747
-2148
-4625
-4200
-3835
-6764
-9123
-5995
-708
-299
-4189
-5244
-1276
3713
6796
8439
9913
9916
7482
6443
9393
11167
7926
5438
6699
8581
7455
3008
-997
-1589
-1209
-2269
-1911
-269
-1760
-6271
-8357
-6810
-5854
-7341
-9684
-9549
-7048
-6230
-8017
-9193
-8618
-8855
-10437
-11239
-10619
-10739
-10110
-4443
4501
7941
2019
-4993
-3202
4728
8786
7310
7673
11291
11898
8218
6826
9299
8643
2562
-318
5032
9352
4684
-3075
-4832
-2344
-2698
-5989
-6514
-4079
-4518
-7518
-6482
-1590
-239
-4025
-6092
-2308
3302
7318
9691
11188
11080
8815
6374
8177
11481
9635
5561
5915
8471
7422
3823
-191
-2340
-2053
-2230
-2560
-1291
-1091
-4659
-7609
-6491
-5229
-6930
-9195
-9397
-7429
-5543
-6081
-7344
-7748
-8674
-10399
-10806
-9836
-10124
-11470
-7477
2709
9031
4882
-3484
-4556
2402
7664
6746
6434
10466
12574
9233
7140
9467
9122
2517
-2429
2347
9683
7423
-1380
-4549
-1999
-2253
-6242
-7473
-4178
-2858
-5961
-6334
-932
2022
-2707
-7014
-3285
4713
9685
9789
9801
11425
10022
6426
7524
11049
9814
5134
4303
7657
8891
4235
-2124
-3020
-655
-1050
-2530
-1542
-781
-3291
-6171
-5888
-4309
-5668
-9342
-10039
-6459
-3507
-4681
-7295
-8317
-8575
-9973
-11070
-10870
-11435
-11887
-6462
4173
9635
4561
-3980
-4662
2374
6870
6154
7118
11596
13130
10027
8412
9623
7081
-255
-2625
4672
10951
6669
-1763
-4185
-2515
-4093
-7910
-7460
-3856
-3693
-6320
-4355
950
961
-5004
-7303
-1605
5946
9505
9893
11452
12429
8948
5527
7590
9869
6972
3681
5387
8590
7234
835
-4177
-3279
-1500
-2718
-2876
-1004
-1350
-4574
-6229
-4709
-4308
-7271
-10360
-9506
-6253
-4761
-5877
-7256
-7974
-9270
-10988
-11994
-12989
-14901
-13385
-3457
7818
9517
1638
-5181
-3631
1976
4389
5544
9902
13485
11565
7763
7997
8358
3089
-2644
-407
6912
8065
1669
-2391
-899
-1191
-6328
-9929
-7694
-4687
-5183
-4433
803
3776
-1205
-7401
-5280
2619
8986
10686
10525
11758
10982
6662
5369
8313
7966
4224
3798
6757
7792
3957
-2130
-4251
-1442
-495
-2583
-3052
-2095
-3062
-5024
-4729
-3863
-5083
-7602
-9007
-8439
-6685
-6351
-7191
-7572
-7658
-8865
-11096
-13658
-15674
-14581
-6002
5579
9108
4141
-1788
-2608
783
3697
5812
9219
11956
10995
8990
10717
11854
5769
-2087
-3065
2019
5218
3121
738
177
-2752
-8070
-9713
-6088
-3809
-6376
-7751
-3237
2383
2824
-191
-335
3036
5734
7976
12010
15028
12999
8169
6712
9506
10562
6929
2590
1528
2862
2977
1151
-920
-3330
-5323
-5111
-3081
-1432
-2569
-5327
-7118
-6502
-4297
-3505
-5113
-7543
-8307
-6872
-5145
-5147
-6649
-8315
-9481
-11606
-13965
-12274
-4366
4198
5557
887
-1901
-255
2405
2656
2793
5832
8142
8271
9240
11963
11374
3599
-3318
-1280
4475
5488
1721
-143
935
-893
-4805
-5658
-3655
-3934
-7228
-7033
-1471
2644
1169
-1592
-118
4461
6791
7729
10162
11096
8979
7626
9347
11637
10728
6667
3313
2935
4110
3653
1489
-605
-2408
-2629
-1448
-1543
-3433
-5016
-5676
-5922
-5708
-4618
-4218
-6034
-7940
-7583
-5390
-4927
-6910
-8174
-7793
-8143
-9805
-11581
-9797
-2908
3057
4111
1492
-449
476
2333
3126
3893
5634
6961
7245
8236
11161
10658
4800
-592
-60
3750
4117
1433
745
1942
305
-3144
-4438
-3362
-4082
-6918
-6546
-2030
1522
530
-1461
-405
2815
5561
7391
8454
8497
7826
7541
9142
10627
9680
7204
5039
4407
4705
4138
1830
-1019
-1726
-368
60
-1638
-4171
-5423
-5585
-6130
-6287
-5399
-5348
-6840
-7992
-7135
-5393
-5286
-6876
-8126
-8080
-8257
-9371
-10391
-9904
-5622
661
3581
1669
-1479
-2156
-580
747
1727
3416
4243
4050
5362
8432
9783
5910
744
134
2911
4034
2782
2410
3549
2982
604
-120
-7
-1911
-5139
-5924
-3079
162
847
-182
-206
558
1431
2599
3352
2951
2445
3388
5460
7055
6904
5640
4115
3176
3147
3227
2334
708
506
1987
2944
1807
-377
-1968
-2753
-3297
-3538
-2827
-2407
-3358
-4668
-4798
-4205
-4429
-5640
-7017
-7765
-7900
-7942
-8606
-9000
-7987
-5283
-3336
-4091
-5538
-6308
-6201
-5184
-3952
-2491
-1509
-1529
-739
1621
3941
4532
3854
4039
5182
5846
6101
6787
7779
7668
6539
6669
7736
7594
5423
3050
2395
3098
4035
4197
3583
2761
2153
1767
1379
447
-773
-1119
-879
106
1251
1737
1135
-17
-555
-353
-40
-72
-30
389
946
1515
1626
1057
-451
-2074
-2841
-2864
-2762
-2855
-3154
-3585
-3805
-4204
-5065
-6976
-9058
-10431
-10345
-8402
-5893
-4192
-4047
-5138
-6209
-5997
-5618
-5835
-5882
-5089
-2209
1347
3972
5125
4523
3436
3171
3983
4988
5872
6592
7606
8872
9845
10048
8569
5622
2883
2030
3001
4126
4438
4112
4274
4440
3648
1903
93
-1302
-1820
-803
1062
2497
2776
2047
1315
858
402
-215
-612
-454
417
1882
3074
2967
1365
-770
-2416
-3075
-3400
-3853
-3943
-3924
-4056
-4454
-4969
-6285
-8194
-9688
-11050
-11224
-9053
-5707
-3487
-3620
-4942
-5244
-4421
-4107
-4518
-4624
-3719
-1334
2213
5139
6303
5507
3867
3292
3987
4793
5536
6451
7636
8767
9661
9821
8626
6123
3370
1913
2131
3323
4027
3871
3635
3890
3525
1990
238
-1075
-1526
-784
971
2832
3850
3536
2459
1585
1184
1012
953
1219
1979
3126
4048
3831
2103
-211
-1784
-2588
-3169
-3457
-3701
-4147
-4473
-4960
-5742
-7182
-9144
-10998
-12283
-12365
-10772
-7279
-4203
-3550
-4314
-5506
-5429
-4788
-4925
-4911
-3250
-1377
1611
4562
5476
4655
2947
2485
2709
3738
4381
4853
6126
7319
8370
8751
7829
5795
3428
2021
2360
3706
4591
4223
3525
3683
3561
2052
-265
-1611
-1621
-834
655
2102
3044
2836
1785
978
796
761
541
656
1664
3251
4317
4113
2630
680
-1204
-2551
-3150
-3388
-3481
-3945
-4298
-4363
-5409
-7305
-9341
-10963
-11549
-12282
-12180
-10037
-6566
-4366
-4337
-5043
-5393
-5224
-4506
-4725
-3033
-1967
347
3542
4618
5461
3755
2531
2087
2409
2488
3516
5035
6012
6857
7449
7196
5943
3963
1611
892
2106
3686
4631
4680
4535
4740
3447
1048
-630
-1082
-1073
-81
1748
3351
4094
3515
2467
1667
908
311
638
1807
3347
4827
5433
4728
2521
48
-1610
-2299
-2736
-3123
-3144
-3623
-3937
-4750
-6695
-8555
-10648
-12057
-12673
-13018
-11714
-8102
-4948
-4115
-4507
-5296
-5379
-5092
-5063
-4024
-2456
1163
4521
6224
6041
4536
3791
3439
4848
5150
4755
4261
4712
5890
7514
8450
7239
4611
1262
-605
-325
1330
2924
3594
3556
3627
2792
865
-1068
-1777
-1565
-746
782
2069
2681
2880
2839
2745
2419
1598
999
1388
2835
4813
6539
6517
4710
2170
213
-551
-1074
-1709
-2115
-2530
-3297
-3977
-5023
-6862
-8677
-10454
-12053
-13263
-13856
-12536
-9007
-6056
-5337
-5400
-6400
-6609
-5776
-5318
-3866
-1631
1296
4498
6631
7301
6785
5869
5211
5232
5781
6408
6832
7330
7638
7979
7771
6155
4023
1483
-101
203
1450
2627
2725
2440
2298
1516
34
-1068
-1365
-1252
-253
1356
2650
3521
3544
2746
2091
1676
1730
2352
3206
4199
5322
6158
5737
3960
2003
670
-118
-858
-1678
-1856
-2150
-2898
-3773
-5214
-7032
-8680
-10105
-11622
-12562
-12186
-10053
-7069
-5802
-5758
-6422
-6681
-5956
-5535
-5210
-4133
-1647
1791
4673
5921
5826
5489
5203
5043
5114
5510
6141
7016
7874
8408
8410
7025
4728
2281
636
696
1616
2528
2568
2524
2966
2596
1025
-1016
-2374
-2524
-1316
468
1953
2796
2989
2623
2093
1301
703
741
1268
2548
4128
5570
5691
4209
2296
815
-281
-961
-1576
-1816
-2009
-2093
-2432
-3960
-5873
-7675
-9616
-10729
-11553
-11802
-9936
-7611
-6477
-6198
-6991
-7510
-7103
-6961
-6782
-5887
-4072
-1268
1758
3657
4169
3760
3233
3155
3709
4413
5195
6288
7351
8394
8619
7566
5903
3961
2321
1654
1912
2664
3045
2993
3221
3205
2055
135
-1814
-2700
-2210
-830
498
1316
1726
1552
1071
459
6
-79
140
988
2466
3902
4536
3988
2641
1349
406
-238
-911
-1507
-1521
-1482
-1408
-1997
-3145
-4653
-6599
-8251
-9787
-10374
-9856
-7864
-5167
-4605
-5064
-5933
-6816
-6937
-7304
-7146
-5980
-3911
-781
1963
2922
2522
1693
1445
2075
2762
3373
4249
5703
7317
8139
8188
7147
5691
3928
2383
2489
3542
4583
4687
4571
4815
4054
2435
372
-1121
-1120
-208
1011
1883
2255
2105
1483
855
131
-659
-694
-66
1125
2625
3438
3285
2206
917
-161
-967
-1355
-1385
-1287
-1279
-1050
-855
-2006
-3510
-4683
-6304
-7085
-7441
-8045
-7957
-6317
-4264
-3750
-4351
-5751
-6688
-6391
-6203
-6097
-5786
-4418
-1687
786
1779
1370
344
-50
725
1610
2299
3063
4452
6074
7052
7138
6182
5113
3958
3038
3179
3911
4897
5273
5221
5439
4672
3218
1803
293
-283
513
2044
3228
3549
2983
1863
1073
520
-5
-114
214
1268
2663
3197
3189
2177
781
-82
-958
-1496
-1506
-1156
-1355
-1005
-487
-1443
-3172
-4066
-4509
-5136
-5720
-5440
-5638
-5502
-4222
-3121
-3558
-4730
-5416
-5498
-4853
-4604
-4316
-3759
-3470
-2331
-818
202
120
-916
-1185
-525
829
2032
2743
3514
4280
5197
5780
5392
4437
3544
3339
4200
5181
5635
5678
5415
5467
5006
4341
3823
2790
2381
2798
3629
4141
3878
3297
2403
1667
1093
697
840
1003
1357
1863
2403
1990
694
-836
-1563
-1305
-1039
-1548
-2098
-1581
-959
-1437
-2567
-3162
-3715
-4184
-4388
-4794
-5494
-5779
-5634
-5292
-4727
-4172
-4429
-5152
-5707
-5972
-5436
-4616
-3927
-3511
-3947
-3475
-1832
-757
-801
-1742
-1869
-489
1278
2182
1958
1742
2407
3720
4911
4839
3726
3021
3223
4607
5722
5654
4981
4282
4650
5196
4822
3970
3087
2846
3383
3932
3607
2475
1577
1335
1722
1771
1133
557
408
844
1263
988
234
-716
-1111
-860
-1109
-1551
-1809
-2042
-1771
-1821
-2457
-2890
-3076
-3261
-3433
-3609
-4030
-4343
-4764
-5335
-5801
-6025
-5438
-4220
-3906
-4490
-4829
-5171
-5199
-4706
-4402
-4190
-3921
-3338
-2005
-900
-451
-847
-1576
-1237
173
1455
1662
1550
2075
3287
4509
4977
4495
3772
3379
3880
4941
5376
5254
4811
4862
5679
5934
5161
3939
3084
3321
3805
3787
3363
2800
2687
2729
2629
1951
965
206
49
473
670
557
-10
-769
-1047
-912
-1505
-2381
-2889
-2690
-2120
-2261
-2006
-2222
-3146
-3177
-2958
-3780
-4252
-4115
-4700
-4584
-4013
-4108
-4566
-4480
-4224
-4223
-4199
-4580
-4861
-4535
-3772
-3024
-2631
-3043
-3022
-2216
-1361
-505
-423
-440
28
1085
2131
2815
2884
2713
3001
3797
4561
4718
4250
3911
4254
5017
5649
5706
5074
4511
4430
4499
4503
4291
3803
3545
3494
3544
3253
2478
1759
1301
1193
1195
1125
561
224
182
-246
-288
-585
-877
-1328
-1985
-2322
-2041
-1560
-1566
-2057
-2182
-2629
-2691
-2469
-2350
-2701
-2899
-2642
-3101
-3070
-2979
-3321
-3769
-4413
-4430
-3554
-2908
-3083
-3195
-3583
-3820
-3441
-3161
-2790
-2710
-2785
-2219
-1217
-62
742
719
364
390
888
1731
2575
3121
3465
3866
4423
4876
4944
4547
3953
3866
4222
4828
5414
5563
5320
4947
4569
4122
3655
3164
2794
2584
2653
2695
2378
1876
1434
718
-144
-615
-695
-500
-280
-246
-355
-672
-1184
-1254
-1593
-1863
-1652
-1285
-1252
-1683
-1756
-1643
-1452
-1603
-1996
-2054
-2209
-1865
-1997
-2209
-1944
-2188
-2768
-2986
-3231
-3730
-3972
-3911
-3209
-2480
-2278
-2129
-2565
-2967
-3007
-2804
-2264
-1816
-1216
-717
-289
123
579
901
1026
1306
1577
1927
2334
2820
3300
3532
3614
3421
3262
3054
2829
2742
2754
3007
3051
2913
2640
2293
1749
1069
536
338
432
435
402
202
-162
-575
-653
-658
-722
-847
-932
-314
79
351
518
674
499
-776
-1186
-771
-792
-973
-737
-496
-857
-1053
-824
-1470
-2616
-2645
-2225
-2610
-2591
-1693
-1965
-2546
-2325
-2419
-2982
-3225
-2976
-2821
-2609
-2109
-1670
-1431
-1460
-1437
-1406
-1346
-1065
-777
-642
-467
-40
459
898
1114
1143
1153
1018
1059
1343
1718
1991
2037
1922
1697
1534
1452
1408
1231
911
749
722
852
1023
1118
1002
773
389
-26
-160
-145
188
470
709
798
481
214
-43
15
358
567
374
181
370
-139
-432
-96
-72
54
350
683
-17
-1226
-1307
-801
-528
-586
-574
-561
-1060
-877
-26
276
416
80
-537
-788
-479
3
-33
-383
-741
-939
-818
-477
-143
-43
-424
-657
-1012
-1013
-676
-389
-352
-412
-545
-685
-681
-627
-628
-724
-836
-918
-950
-729
-505
-328
-244
-355
-616
-866
-790
-418
32
231
190
86
4
42
252
531
634
601
527
581
575
627
630
675
657
677
909
926
992
1097
1054
1091
1429
1355
1329
1251
905
1128
855
501
370
884
934
862
915
1051
1054
953
723
113
-99
189
279
232
815
870
353
309
463
260
274
528
482
178
-73
-51
269
-127
-752
-683
-554
-813
-816
-707
-1046
-1282
-1293
-1370
-1559
-1544
-1628
-1803
-1876
-1715
-1505
-1458
-1358
-1315
-1335
-1380
-1209
-921
-684
-493
-239
61
196
248
348
493
652
996
1104
1130
1310
1217
1337
1470
1399
1215
1114
922
879
1329
1387
1133
851
964
1211
930
848
1174
1426
1926
1823
1907
2076
1249
459
548
574
539
1473
1904
1826
1931
1644
1158
1205
918
427
101
113
-48
-307
55
-173
-458
-562
-922
-1294
-1426
-1427
-1906
-1907
-1890
-1913
-1863
-2042
-2247
-2632
-2589
-2587
-2602
-2512
-2336
-2381
-2508
-2200
-2076
-2081
-1997
-1919
-1669
-1318
-1100
-922
-795
-783
-532
-407
-351
-446
-310
21
276
390
555
758
564
466
412
695
663
1043
1308
1152
1202
1176
1050
809
725
568
438
208
383
860
1257
1620
2756
2920
1097
-68
-310
-691
-683
471
1478
1682
1852
1772
1058
-1
-141
-558
-456
67
336
550
482
583
-137
-324
182
-41
-539
-176
-712
-2014
-2015
-1678
-1256
-1740
-1317
-1344
-2053
-2149
-2024
-1836
-1547
-950
-1317
-1356
-992
-781
-528
-435
-375
-342
217
-73
-417
117
12
-113
97
258
-215
185
442
17
248
230
68
176
626
348
382
182
-26
367
252
83
329
353
-178
82
55
240
319
274
661
604
57
296
826
559
526
762
1005
824
559
948
878
516
682
645
207
481
570
139
-76
-220
-623
-525
-708
-1107
-255
-475
-217
83
-430
-668
-865
-794
-222
491
606
597
539
223
-180
39
470
204
33
-183
327
350
-370
-346
-346
-437
-57
18
-150
486
153
-93
185
75
124
416
374
163
450
-211
-330
406
-14
-309
418
76
-99
303
163
-45
394
212
60
-92
34
125
-167
31
348
576
230
727
704
-73
-24
284
102
-231
524
283
91
154
136
185
56
241
-142
-113
47
240
576
207
91
321
400
-41
258
1002
677
881
916
554
643
800
522
528
200
551
615
75
867
1190
417
115
931
77
694
910
496
703
115
-593
-95
-31
-224
42
292
-174
565
236
-680
-944
-1071
-578
165
806
256
951
536
20
650
374
360
1242
855
236
-6
192
-778
-665
192
-463
-792
132
-833
-1800
-836
-1281
-1725
-1165
-568
-926
-1286
-965
-828
-962
-1111
-823
12
-813
-784
697
-513
-585
329
-221
-55
336
-467
142
155
-187
266
299
389
75
150
220
-249
-30
848
-133
-216
676
-40
-255
-584
-237
-148
-284
497
161
51
-355
-181
-1255
-1124
-350
-399
-325
6
16
-509
-186
-177
-159
298
303
140
1008
-136
-1025
-80
-297
-721
-782
82
-418
-26
265
-882
180
-142
-936
-63
-211
-1055
-1076
-653
-524
-646
-191
-56
-401
-4
327
-388
-254
-164
114
-223
244
28
-155
47
266
-163
-574
358
-307
167
-93
-438
106
97
-156
-281
-193
-537
-201
16
173
140
-64
555
-71
-1075
545
237
-814
31
663
-326
-370
473
21
-120
64
241
173
227
-48
-330
168
186
-526
-3
366
-169
-150
519
483
-1100
-95
260
-1150
-721
464
-140
-530
-415
399
-90
-206
675
-14
-366
-869
-462
55
79
695
1391
932
-59
613
196
-236
-148
915
943
606
-43
198
105
144
-191
-129
341
-688
-497
-832
-329
-270
-502
-466
-170
-193
-325
-544
38
-699
-263
25
-834
-158
687
-184
-811
550
319
-531
-11
109
156
360
32
664
367
564
401
31
242
613
1140
87
-29
1278
623
-181
307
565
222
-103
387
743
372
186
171
832
145
-274
249
178
611
1447
885
298
189
605
97
-774
947
702
-395
937
802
351
-394
257
538
-537
857
572
-21
1369
653
135
1182
-327
529
473
-1068
466
921
345
-256
711
501
-889
-451
-266
-67
-274
88
-115
-329
105
406
-370
-12
272
-846
-260
4
456
687
232
1185
19
216
289
27
-37
886
131
-181
479
212
79
645
174
-595
698
-370
-693
201
-671
-92
1074
-515
-304
766
-301
-92
194
-1084
-635
386
-599
244
209
-409
601
434
-706
-466
576
-633
-422
833
158
-527
87
-390
-365
-175
-876
-325
-158
-1534
149
-58
-1841
-139
474
-1152
-1729
594
-514
-1314
-444
218
-1106
-1212
187
-779
-874
-606
306
-90
-520
353
-1
-322
-313
255
-612
617
89
119
322
-601
-914
-280
-54
-953
877
1582
-986
-311
-439
-1774
-792
-845
1040
600
2
367
202
-1847
298
619
-58
1518
893
-338
-1129
-616
-645
-67
249
360
-95
-256
-475
-477
-540
-445
915
-467
-781
1513
-945
-591
638
-1117
-733
270
33
-846
594
-128
391
-567
-484
46
-614
-118
-428
195
208
697
343
-51
914
1022
-119
614
183
118
830
316
1510
-489
-544
355
-96
-367
-217
378
-400
231
147
-773
3
-1024
176
666
-627
-1213
-105
43
-1770
1
557
462
12
-124
205
-395
-569
-414
554
-37
-36
1304
1148
651
-124
337
-463
-714
-388
-198
-480
-272
763
-93
-915
-257
198
-585
-305
-556
-344
747
-808
-1119
813
-491
-754
233
-53
-5
-296
496
400
146
-133
-129
1669
-175
69
1243
583
426
452
1026
212
717
263
645
-342
586
577
-318
846
365
-769
-191
79
48
39
-625
-618
393
-223
340
874
-1290
-412
26
527
-598
-7
1022
-55
-832
623
1194
-972
-97
1645
407
-744
1061
1123
-171
370
353
265
359
435
-248
-380
985
432
-1013
389
178
-217
871
372
-76
173
-965
251
339
-1171
287
1498
485
-138
1364
-286
-390
1283
1026
-116
1176
1432
-267
654
1527
394
-234
554
911
791
494
262
445
970
-193
-532
576
549
-1612
-594
1574
413
-1063
-71
-366
-1597
-741
374
-40
-426
33
229
-188
-750
2
-407
-658
658
826
776
-1197
598
1197
-805
-508
-118
681
674
-314
-543
534
148
-1023
-674
255
-529
-740
836
-46
-1673
61
191
-789
-2123
259
532
-1325
716
-159
-2834
-730
368
-355
-400
1481
885
-1157
873
-69
-2283
688
1485
-396
476
1296
-64
-8
616
-490
394
-665
-649
556
-179
-1157
-1386
332
-2065
-921
173
334
-644
-807
376
-1355
-696
-266
68
-998
-365
-186
-1621
139
806
-423
-555
562
1129
-1369
70
582
-379
-9
605
9
123
1060
-70
121
71
-704
-1081
973
-99
-143
732
-1151
733
-528
-1343
-36
436
-1210
159
1376
-866
-425
-246
198
-1021
137
-186
316
1834
-1507
237
471
-525
-644
-116
468
396
1215
-695
380
550
-1451
-600
157
979
-1471
66
2263
-96
-819
-632
103
-1924
376
-98
-597
-727
-615
1257
-1477
369
1904
-77
-1577
885
323
-1087
437
1221
-747
540
1537
-1701
1234
2281
-958
-752
1859
33
-1312
1591
1469
-138
260
1288
-530
-1408
-866
-541
523
725
549
-420
-187
-403
138
-140
-372
777
655
-58
-177
-389
88
-137
752
112
-67
759
-1102
979
520
-2166
1123
995
-1466
435
1478
-1251
-1265
211
367
73
-1348
-116
511
-822
-873
-504
475
-1018
458
520
-163
256
-1738
85
1013
-169
-1307
1678
1396
-233
1519
1418
-329
-371
1708
1197
1163
-539
195
2664
-84
-1371
1881
-441
-547
2745
137
-852
2212
1190
-996
700
750
-949
142
781
901
132
800
949
517
958
-835
1492
1270
-899
123
2256
384
-948
1047
947
-120
-471
256
2229
-237
-1173
1773
-841
-944
442
-803
-600
725
699
-1235
-52
-848
-917
-792
582
-505
147
922
-1460
-462
276
-294
-1206
1351
1272
221
-10
451
857
-582
709
885
-57
-315
730
-348
-585
1096
418
-46
728
494
-1000
155
1032
-164
-723
1387
397
-1436
1200
828
-1215
-1668
1952
240
-1254
128
1441
-1219
-960
1029
75
-782
194
514
758
-827
-1995
1523
-290
-1502
-32
848
-1813
-122
33
-1549
-353
-1274
-451
166
-357
-1807
-178
560
-2056
-263
-1564
-323
719
-1932
-674
365
-130
-1770
1160
971
-1131
-122
-460
710
258
-2277
-167
1573
-842
-1393
2516
939
-1181
193
-837
-201
-224
-532
-967
1524
-55
-1099
306
604
61
-1855
391
2192
-1478
-2373
1511
2819
-1766
-2094
1508
318
-1123
483
1541
1080
-426
-710
100
-216
-1007
-2761
1235
1821
-2294
-839
1412
-316
-1687
294
-112
809
-787
-2506
1288
823
-1513
-1262
1655
-267
-1942
-514
-226
1560
-1137
-879
1255
-114
-1647
-625
2928
-154
-1595
44
552
184
-2071
822
2153
220
152
93
239
189
155
378
846
436
-553
119
785
-322
-1597
-47
1085
508
-1406
-16
2387
-319
-1829
639
1732
-1635
-903
1929
544
-610
-1054
193
91
-185
-1197
621
-531
-934
429
369
-837
-2241
2359
-51
-1383
64
-387
134
-1127
368
914
-1530
-1065
1933
-836
-2706
1696
1567
-2364
-1272
1777
252
-2105
5
1470
1979
-2311
332
2309
-1431
-1901
2768
2866
-2423
35
2076
-1119
-893
1113
139
-370
818
1109
31
-358
-132
796
413
879
230
688
166
-1508
-216
1573
-1
-466
573
1131
191
-956
1558
668
-407
314
507
1105
-1388
-458
-474
1442
-88
-1248
868
107
1619
-2064
-653
1136
-757
-656
565
343
444
633
372
445
-833
299
14
-491
1415
668
-1476
-81
1148
-295
-1885
1730
1010
-1113
1152
1551
-45
-80
772
-212
527
842
1535
26
-572
835
-408
665
748
-703
-352
2522
242
-444
2063
-1275
-1064
1055
892
143
-373
147
941
284
-2078
1502
78
-1887
730
496
-1093
239
-666
-1119
668
-657
-945
1608
1055
-1155
-1322
1250
-671
-2559
1070
-492
-1214
-1352
54
334
-2333
-606
-579
568
-300
-1230
-342
-1207
267
-144
-1788
-1066
57
-925
-1028
1139
44
-643
837
-706
137
-578
526
-885
-464
134
-387
1287
-788
1698
1299
-1841
-728
1240
743
-2226
43
963
-228
-1329
503
1269
-853
-1200
-1061
1255
883
-2316
-766
1463
663
-2378
162
1288
-1715
-1127
2052
751
-2229
238
-796
-1477
479
-836
-982
-1475
-602
115
-301
-874
-577
-202
-1211
367
435
-1730
-1800
682
201
-1168
414
273
-248
-792
-125
189
508
-223
-840
926
257
-1106
208
860
-824
-830
604
607
-900
363
1144
-1706
-216
785
-395
-504
-135
1122
523
56
1614
372
837
1034
583
123
238
216
-1720
151
321
-941
-101
997
-725
118
358
-769
571
201
-578
1759
105
-1537
888
-1176
-2304
287
508
-577
-364
217
-908
-1496
-1270
-661
266
75
-1005
556
-39
-1367
475
65
177
445
-130
226
1009
12
-1433
650
2000
-832
-495
1631
1452
-961
103
999
-80
50
388
1164
365
463
-176
-241
655
729
-877
-497
1316
646
-484
-250
668
288
-982
222
863
346
-183
51
185
309
21
-369
96
1071
348
-406
584
12
-315
-129
510
-333
-566
-434
-1115
-273
26
1113
535
-398
261
-245
-657
-743
-177
-722
-901
-765
-68
1164
-895
-759
805
1628
105
1032
2148
-872
-179
2454
1267
505
911
700
484
1307
1923
363
125
833
505
877
1418
1028
331
278
844
876
897
16
-414
817
530
-242
1129
1854
497
559
1100
1399
680
49
137
-327
350
1365
186
155
-373
-100
-141
-417
856
487
-733
716
848
-1287
51
-623
-1278
134
-688
-350
183
-53
-898
-1202
-279
86
-595
-485
1088
-153
-677
649
723
54
-795
-832
518
329
97
701
447
-493
-1
1503
-116
-85
1404
161
-602
1912
605
-628
249
97
57
214
-136
-435
971
-635
-56
1610
260
-464
311
500
489
836
236
81
680
678
-871
-286
499
-550
-767
-666
-578
-173
-753
-570
242
-609
-661
-273
-408
-369
713
15
-456
178
182
-762
-916
97
-668
-697
-138
213
-508
-1344
-1326
-1053
-240
-691
120
-919
-1170
-310
-953
-985
-542
447
-235
307
538
145
-756
-954
-680
-227
-119
-1434
-213
672
-675
-942
-213
1051
-16
-329
11
419
56
-551
-430
-35
57
96
-321
339
619
-114
-562
356
924
541
-16
74
729
105
-142
-9
629
832
299
-36
882
1155
481
580
684
1266
769
536
1084
954
253
927
431
1318
1651
325
725
641
738
510
-78
595
816
337
91
-319
-809
-1366
-1589
186
-303
-2149
-1302
-1286
-1726
-1999
-1722
-3182
-3117
-1478
-1914
-2271
-1934
-2013
-3156
-2851
-1916
-2561
-2965
-3052
-2661
-1776
-415
-371
-1632
-2133
-1440
-303
581
912
1294
1092
498
1325
2676
2751
2499
2143
2662
3778
3997
3574
3068
2925
2883
3148
3578
3626
2524
1360
1473
1812
2283
1518
835
348
-341
-5
533
117
-2
-412
-1338
-647
160
-1391
-1331
-647
-1704
-997
-12
-696
-1953
-1323
-2052
-2007
-754
-1240
-1938
-2298
-3170
-2914
-2520
-2991
-3424
-3060
-4125
-4070
-3126
-2242
-1925
-2527
-3251
-3052
-1624
-509
-185
-214
-47
619
791
1066
2002
2250
2087
2302
2854
3988
4228
3300
2661
3340
4361
4591
4309
3754
3263
2632
2230
2918
3431
2661
1342
865
867
859
670
295
66
254
324
50
352
131
-1049
-735
326
181
136
-507
-1118
-1518
-1138
-423
-250
-1224
-1912
-1873
-2361
-1662
-2175
-3266
-3289
-3596
-3530
-3937
-4162
-4727
-5161
-4695
-3879
-2151
-2014
-4022
-5078
-4027
-2288
-1314
-824
-486
-513
-601
-298
642
1775
2540
2086
1744
2883
3814
3368
2483
2689
3707
4404
4466
4109
3738
2948
2064
2489
3625
3575
2142
866
433
630
858
477
43
-89
-411
-759
-991
-798
-631
-1222
-997
-329
148
-777
-1003
-1406
-2069
-1395
-1077
-1339
-1579
-1670
-3126
-3408
-2911
-2804
-3093
-3663
-4088
-5026
-4740
-4625
-5927
-5904
-4072
-2611
-2930
-4038
-5251
-5230
-3528
-1993
-1234
-530
-390
-1223
-1611
-523
1299
2682
2490
1933
2590
3426
3151
2708
3187
4027
4644
4980
4659
4014
3238
2393
2553
4107
4836
3181
1287
397
466
1049
1365
1206
783
202
-700
-999
-518
-322
-356
-516
-305
176
-491
-1147
-1369
-1400
-1016
-684
-916
-1256
-2122
-2706
-3039
-3125
-2256
-2612
-3990
-4565
-5004
-5429
-5430
-5616
-4608
-3049
-2487
-3958
-5670
-5766
-3757
-1713
-1290
-1242
-843
-817
-1436
-1206
790
2826
3049
1984
2094
3320
3755
3003
2819
4147
5125
4736
4362
4722
4300
2787
2453
3710
5244
4932
2119
179
851
1665
1484
1619
1777
758
-630
-1295
-620
683
634
-297
-664
-30
395
-287
-968
-840
-274
-384
-875
-1058
-1364
-2212
-3110
-2806
-1989
-2130
-3522
-5041
-5484
-5308
-5241
-5628
-4835
-3083
-2567
-4356
-6427
-6074
-3603
-1653
-1372
-1697
-1258
-1107
-1484
-1196
872
3297
3532
2149
1753
3282
4004
3286
3352
4774
5710
4910
3881
4333
5168
4365
3232
3984
5358
4942
2517
791
1569
2847
2309
1345
1424
1118
-82
-1103
-252
1416
1732
258
-884
-294
423
115
-484
-138
377
-186
-1309
-1225
-833
-1172
-1828
-2295
-2124
-2060
-3336
-4843
-4802
-4120
-4624
-5228
-3869
-2047
-2636
-5346
-6735
-5173
-1941
-311
-1289
-2212
-1692
-1295
-1256
-37
2419
3987
2749
865
1712
4066
4747
3694
3570
5020
5495
4076
3284
4336
5200
4405
3493
4022
4768
3442
999
639
2637
3449
1940
399
213
373
-254
-685
342
1537
713
-1336
-1759
-241
909
332
-596
-475
-163
-1029
-2121
-1904
-1085
-1214
-2312
-2930
-3056
-3408
-4452
-5202
-4475
-3817
-4869
-5539
-3916
-2875
-4327
-6555
-6288
-3394
-1045
-1591
-3183
-2871
-1763
-1478
-1111
823
3017
2734
499
169
2754
4603
4013
3117
3642
4559
3761
2451
3272
5017
4906
3362
2981
3715
3559
1648
433
2110
3741
2300
-145
-501
314
362
-275
-60
1120
862
-1193
-2126
-725
946
822
-515
-1016
-546
-926
-2055
-2094
-991
-607
-1532
-2925
-3473
-3187
-3664
-4653
-4470
-3900
-4758
-5259
-3893
-2745
-3896
-6010
-6432
-3835
-882
-1093
-3066
-3260
-2076
-1355
-835
834
2802
2682
396
-378
2389
4909
4483
3029
3264
4461
4230
2761
3227
5390
5371
3674
3247
4081
4009
2346
1057
2287
4419
3236
141
-528
637
967
401
387
1165
1184
-865
-2328
-757
1492
1419
-324
-1326
-800
-568
-1714
-2036
-849
-260
-1542
-3250
-3634
-3150
-3289
-4263
-4635
-3898
-4257
-4888
-4059
-2862
-3583
-5397
-5824
-3533
-720
-984
-2971
-3216
-1683
-648
-280
851
2426
2456
525
63
2602
4948
4509
2922
2964
4128
4276
2965
3107
5059
5278
3459
2835
3675
3783
2398
1099
2302
4262
3112
-84
-674
856
1471
859
423
900
961
-771
-1943
-315
1842
1510
-586
-1661
-763
-194
-1198
-1840
-936
-308
-1534
-3104
-3393
-2849
-2912
-4021
-4408
-3745
-3962
-4303
-3405
-2684
-3512
-4903
-4999
-2684
-405
-914
-2759
-2711
-1116
-251
182
1342
2589
2277
553
591
3339
5285
4322
2713
3052
4082
3871
2915
3414
5132
4977
3179
2825
3979
3779
2229
1400
2701
4300
2925
1
-229
1560
1902
934
785
1432
1129
-750
-1595
347
2323
1629
-524
-1362
-518
-81
-1195
-1615
-417
-183
-1914
-3462
-3326
-2657
-2887
-3991
-4577
-3959
-3518
-3559
-3388
-3681
-4618
-5143
-3965
-1667
-584
-2005
-3444
-2868
-1238
16
870
1775
1969
865
-63
1320
3953
4862
3500
2563
3258
3687
3048
2684
4006
5208
4286
2707
2624
3073
2388
1249
1569
3210
3228
651
-1306
-270
1291
1214
459
343
379
-615
-1870
-1278
873
1660
-5
-1772
-1752
-903
-1055
-1998
-1791
-858
-1427
-3182
-4033
-3614
-3148
-3507
-4289
-4605
-3989
-3399
-3428
-3996
-4788
-5137
-4189
-2362
-1390
-1895
-3007
-3075
-2025
-797
329
1456
1666
555
-328
719
3011
4237
3329
2367
2873
3410
2724
2253
3459
4716
4251
2705
2297
2901
2540
1446
1446
2910
3235
1265
-884
-442
1247
1358
378
63
264
-369
-1431
-1310
319
1400
143
-1675
-1768
-852
-757
-1667
-1988
-1333
-1225
-2476
-3678
-3638
-3146
-3431
-4244
-4603
-3746
-2728
-2818
-3955
-4860
-4874
-3569
-1779
-1144
-1781
-2489
-2496
-1769
-506
823
1872
1920
778
39
1327
3442
4155
3329
2701
3254
3606
2931
2497
3627
4845
4265
2913
2588
3050
2659
1656
1749
3007
3097
1032
-762
-267
1176
1390
450
-6
72
-451
-1355
-1089
338
972
-191
-1794
-1963
-990
-816
-1685
-2149
-1708
-1815
-2760
-3678
-3643
-3349
-3623
-4463
-4701
-3524
-2373
-2802
-4446
-5257
-4343
-2267
-1048
-1471
-2325
-2415
-1883
-1063
58
1533
2347
1677
334
641
2777
4312
3947
2926
3128
3885
3671
2889
3167
4542
4990
3818
2784
2928
3047
2352
1893
2655
3315
2096
-99
-803
484
1525
1019
100
-252
-551
-1183
-1205
29
1035
427
-1179
-2047
-1431
-675
-865
-1391
-1553
-1672
-2374
-3241
-3427
-3067
-3164
-3742
-4306
-3725
-2597
-2390
-3492
-4543
-4326
-2733
-1063
-1078
-2117
-2553
-1923
-739
339
1440
2314
2149
1033
739
2422
4451
4772
3733
3267
3848
4131
3612
3565
4740
5621
4776
3263
2979
3384
3131
2732
3024
3434
2584
613
-448
394
1582
1302
186
-405
-582
-1128
-1422
-646
375
184
-1228
-2334
-2158
-1513
-1480
-1916
-1991
-1908
-2523
-3664
-4088
-3629
-3377
-3761
-4348
-4035
-3095
-3010
-4105
-4906
-4338
-2682
-1465
-1566
-2319
-2539
-2063
-1287
-268
1032
1786
1362
336
269
1838
3473
3745
3218
3165
3446
3397
2952
3228
4601
5471
4534
3117
2778
3014
2752
2657
3161
3257
2095
169
-585
400
1428
963
-175
-730
-939
-1489
-1745
-957
-94
-517
-1950
-2866
-2737
-2310
-2412
-2699
-2590
-2501
-3344
-4580
-4867
-4421
-4042
-4303
-4537
-3960
-3400
-4059
-5303
-5166
-3641
-2052
-1715
-2410
-2805
-2417
-1755
-1032
302
1649
1678
713
163
1260
3073
3854
3417
3263
3560
3552
3126
3086
4178
5368
5077
3733
2966
2921
2872
2996
3554
3722
2773
923
-173
489
1692
1648
588
-329
-661
-1050
-1404
-846
-105
-347
-1552
-2461
-2495
-2292
-2434
-2677
-2598
-2447
-3161
-4415
-4875
-4512
-4165
-4206
-4020
-3482
-3469
-4421
-5234
-4750
-3118
-1890
-1916
-2457
-2510
-2199
-1735
-808
714
1803
1572
656
553
1786
3092
3569
3616
3793
3740
3206
2773
3383
4845
5672
4891
3635
2995
2843
2961
3564
4143
3739
2233
666
325
1224
1987
1505
501
-188
-744
-1114
-949
-267
60
-724
-1932
-2448
-2398
-2346
-2531
-2587
-2440
-2692
-3742
-4813
-4975
-4385
-4257
-4197
-3706
-3412
-4035
-5168
-5340
-3938
-2146
-1619
-2251
-2746
-2520
-1927
-1116
168
1512
1832
978
380
1277
2810
3667
3718
3700
3797
3525
2945
3133
4571
5792
5398
4060
3378
3302
3338
3678
4275
4229
3217
1694
840
1540
2469
2205
1201
558
219
-425
-775
-268
379
-55
-1188
-1974
-2217
-2176
-2392
-2460
-2217
-2073
-3017
-4568
-4992
-4625
-4221
-3901
-3517
-3281
-3769
-4727
-5134
-4017
-2135
-1309
-1835
-2290
-2168
-1793
-1054
192
1644
2177
1539
832
1324
2540
3428
3871
4077
4161
3777
3041
3124
4591
5909
5449
4256
3541
3264
3262
3617
4151
4147
3244
1713
843
1301
2072
1879
1058
598
154
-598
-983
-444
118
-289
-1264
-2029
-2316
-2589
-2826
-2763
-2386
-2526
-3732
-4936
-5179
-4810
-4474
-3994
-3492
-3717
-4666
-5487
-4933
-3333
-2397
-2546
-2766
-2467
-2199
-2063
-1505
-43
1199
1189
570
842
1874
2423
2507
3044
3866
3921
2873
2294
3463
4927
4794
3872
3636
3527
2907
2528
3022
3688
3327
1840
756
1211
1846
1251
486
636
707
-331
-1295
-1060
-334
-502
-1380
-1933
-2015
-2342
-3093
-3540
-2944
-2407
-3306
-4783
-5390
-5140
-4764
-4204
-3750
-3832
-4669
-5480
-5213
-3837
-2622
-2419
-2751
-2804
-2563
-1932
-985
175
815
641
459
1065
1991
2371
2549
3139
3691
3608
3036
2998
4045
4800
4347
3685
3870
3781
3109
2910
3375
3549
2837
1752
1296
1685
1712
907
419
706
632
-290
-976
-595
-181
-673
-1442
-1625
-1625
-2185
-2928
-3088
-2473
-2401
-3372
-4391
-4661
-4482
-4365
-3978
-3482
-3592
-4483
-5012
-4338
-2972
-2394
-2687
-2708
-2050
-1573
-1480
-1030
113
1023
1068
923
1382
2089
2313
2349
3009
3821
3814
2995
2927
4144
4818
4078
3478
3846
3850
3218
2867
3114
3344
2736
1574
1174
1781
1670
471
2
681
725
-415
-1160
-789
-506
-1062
-1678
-1733
-1640
-2297
-3202
-3233
-2491
-2414
-3628
-4640
-4634
-4306
-3980
-3624
-3414
-3806
-4480
-4519
-3480
-2424
-2333
-2600
-2279
-1571
-1208
-923
-84
867
1048
688
1154
2412
2875
2356
2315
3275
3989
3503
3333
4338
4770
3764
3006
3849
4608
4134
2882
2429
2993
3112
2190
1597
2272
2161
676
-49
772
1393
344
-808
-648
-42
-465
-1413
-1705
-1455
-1615
-2520
-2933
-2449
-2207
-3268
-4431
-4257
-3825
-3526
-3539
-3648
-3947
-4284
-4006
-2968
-2059
-2198
-2551
-2248
-1313
-619
-303
344
1035
1187
1000
1600
2881
3345
2874
2771
3646
4164
3766
3786
4937
5289
4050
3257
3922
4863
4500
3300
2751
3161
3062
1893
1408
2136
2026
438
-349
383
780
-132
-1139
-985
-600
-1049
-1959
-2242
-1882
-2069
-2947
-3337
-2828
-2787
-3828
-4701
-4568
-3940
-3623
-3698
-4017
-4410
-4533
-3986
-2881
-2294
-2731
-3025
-2418
-1547
-1020
-714
-97
571
575
500
1402
2678
2825
2314
2632
3705
3974
3518
3815
4586
4431
3424
3189
4060
4581
3815
2455
2270
2914
2610
1434
1203
1582
954
-217
-364
300
164
-888
-1460
-1251
-1223
-1757
-2401
-2555
-2422
-2714
-3304
-3480
-3335
-3732
-4502
-4875
-4582
-4095
-3910
-4279
-4835
-4992
-4482
-3573
-2993
-3098
-3244
-2902
-2258
-1699
-1182
-399
232
212
102
763
2003
2522
2207
2256
3097
3680
3644
4015
4592
4427
3761
3645
4223
4777
4365
3084
2549
3078
3142
2357
1918
1801
1093
255
291
740
477
-466
-1071
-1151
-1056
-1163
-1530
-1981
-2315
-2626
-2914
-2910
-2848
-3324
-4084
-4334
-4016
-3566
-3585
-3951
-4395
-4662
-4086
-2991
-2456
-3054
-3600
-3131
-1991
-1117
-841
-566
-204
-61
-22
733
2166
2737
2150
1769
2515
3510
4008
4130
4127
3974
3626
3631
4179
4830
4340
2975
2511
3092
3284
2595
1900
1564
1167
700
600
685
358
-412
-964
-965
-767
-980
-1589
-2117
-2243
-2271
-2475
-2591
-2842
-3370
-3863
-3866
-3410
-3018
-3193
-3717
-4085
-4123
-3372
-2376
-2101
-2671
-3066
-2605
-1582
-772
-518
-350
-55
138
204
917
2029
2374
1955
1688
2286
3478
4115
3640
3193
3402
3656
3666
3989
4210
3494
2610
2559
3155
3419
2676
1533
992
1192
1359
1100
663
173
-254
-755
-732
-309
-495
-1370
-2114
-2044
-1797
-1802
-2163
-2745
-3173
-3453
-3299
-2730
-2399
-2773
-3498
-3698
-3181
-2037
-1481
-1934
-2463
-2308
-1546
-650
-65
86
121
268
568
1237
2113
2549
2360
2083
2111
3193
4278
4021
3213
3038
3461
3723
4059
4099
3325
2505
2361
2852
3293
3038
1768
751
843
1363
1465
901
337
-253
-889
-987
-509
-465
-1240
-2160
-2367
-2127
-2024
-2237
-2857
-3332
-3490
-3449
-2992
-2647
-2889
-3601
-3969
-3424
-2233
-1550
-1843
-2429
-2443
-1698
-710
153
399
153
32
332
1036
1986
2509
2332
1948
1906
2974
3816
3265
2529
2571
2869
3053
3286
3091
2350
1855
1888
2180
2532
2158
777
-117
232
745
654
102
-348
-949
-1544
-1373
-781
-840
-1706
-2563
-2784
-2380
-2138
-2421
-3113
-3475
-3648
-3583
-3119
-2847
-3209
-3863
-4106
-3594
-2456
-1826
-2027
-2530
-2552
-1973
-975
-81
163
-98
-194
169
943
1826
2228
2190
1907
2210
3265
3621
3069
2721
2925
3093
3321
3291
2663
2003
1769
1749
2010
2278
1580
222
-258
233
647
361
-182
-700
-1227
-1533
-1233
-842
-1088
-1845
-2383
-2415
-2133
-2017
-2406
-2890
-3089
-3118
-2913
-2598
-2549
-3034
-3430
-3320
-2580
-1747
-1566
-1805
-2070
-1879
-1244
-220
501
463
175
162
712
1529
2100
2346
2169
2320
2991
3246
2972
2907
3188
3214
3388
3548
3001
2183
1934
2032
2211
2355
1764
524
-80
201
488
440
170
-352
-1218
-1675
-1359
-922
-947
-1641
-2258
-2474
-2332
-2150
-2320
-2643
-2858
-3031
-2977
-2688
-2494
-2735
-3085
-3109
-2633
-1959
-1664
-1651
-1714
-1575
-1160
-419
319
504
446
487
768
1367
1962
2298
2393
2629
2875
2807
2765
3012
3333
3445
3523
3283
2651
2286
2361
2466
2441
2196
1566
757
468
611
666
487
127
-445
-1126
-1358
-1124
-1035
-1236
-1636
-2074
-2432
-2461
-2389
-2423
-2544
-2798
-2936
-2849
-2765
-2748
-2749
-2654
-2499
-2274
-1881
-1386
-1064
-1049
-971
-463
236
805
1015
1064
1271
1542
1814
2323
3020
3342
3395
3036
2958
3287
3631
3766
3792
3729
3047
2287
2298
2837
3044
2637
1888
1263
937
884
859
819
588
58
-596
-928
-820
-739
-997
-1295
-1515
-1817
-2165
-2291
-2251
-2309
-2507
-2597
-2633
-2712
-2943
-3034
-2850
-2522
-2396
-2384
-2094
-1684
-1488
-1424
-965
-311
178
371
544
984
1438
1636
1887
2590
3313
3510
3073
2798
3186
3610
3772
3832
3816
3234
2405
2223
2705
3032
2605
1675
964
780
702
521
352
121
-463
-1290
-1720
-1523
-1489
-1910
-2286
-2447
-2487
-2686
-2897
-2977
-2976
-3046
-3041
-3000
-3092
-3276
-3446
-3227
-2883
-2695
-2653
-2465
-2127
-1920
-1776
-1406
-878
-530
-270
105
584
908
1050
1426
2198
2841
2729
2396
2600
3092
3273
3331
3583
3650
3162
2612
2653
2996
2870
2275
1652
1391
1247
867
470
314
81
-581
-1226
-1327
-1259
-1667
-2260
-2500
-2562
-2824
-3234
-3412
-3380
-3437
-3608
-3569
-3460
-3391
-3495
-3402
-3094
-2892
-2881
-2816
-2384
-1782
-1531
-1435
-1065
-643
-350
20
603
1101
1214
1324
1800
2466
2850
2785
2748
3057
3294
3311
3389
3580
3508
3046
2776
2930
3089
2742
2223
1937
1841
1612
1202
948
701
294
-225
-544
-626
-886
-1401
-1822
-1936
-2096
-2446
-2803
-2974
-3038
-3156
-3183
-3227
-3360
-3507
-3545
-3375
-3122
-3004
-3002
-2766
-2342
-1983
-1730
-1364
-972
-693
-297
166
711
1048
1223
1578
2089
2456
2555
2651
2833
3018
3100
3211
3344
3253
2971
2697
2711
2828
2702
2280
1910
1757
1594
1264
1026
900
570
96
-261
-399
-478
-799
-1131
-1443
-1648
-1884
-2103
-2209
-2325
-2387
-2561
-2717
-2778
-2742
-2758
-2707
-2622
-2604
-2512
-2243
-1935
-1756
-1592
-1347
-947
-566
-266
66
441
762
1068
1403
1836
2076
2093
2174
2454
2730
2758
2659
2663
2656
2617
2570
2539
2620
2420
1969
1748
1736
1634
1304
954
697
483
171
-128
-298
-400
-634
-923
-1083
-1101
-1389
-1610
-1682
-1800
-1733
-1767
-1886
-1959
-1921
-1808
-1637
-1530
-1420
-1209
-1016
-876
-715
-399
-85
203
449
731
1057
1281
1416
1605
1894
2067
2143
2205
2297
2383
2358
2290
2253
2253
2103
1954
1799
1730
1598
1379
1086
842
662
449
263
26
-301
-531
-750
-857
-926
-1111
-1349
-1607
-1720
-1700
-1696
-1825
-1916
-2014
-2022
-1956
-1883
-1736
-1673
-1673
-1565
-1296
-1031
-865
-674
-410
-96
191
417
660
915
1117
1239
1468
1657
1733
1812
1846
2016
2157
2164
2100
2048
1928
1751
1632
1536
1360
989
717
567
392
157
-132
-389
-623
-880
-1241
-1474
-1562
-1673
-1800
-1936
-2051
-2233
-2326
-2337
-2314
-2356
-2510
-2554
-2450
-2349
-2264
-2157
-1992
-1825
-1668
-1466
-1251
-1047
-699
-391
-79
200
382
654
990
1332
1558
1716
1833
1922
2019
2163
2257
2211
2105
1931
1874
1891
1870
1703
1444
1214
1059
1026
866
665
385
76
-179
-450
-609
-819
-1085
-1301
-1493
-1624
-1806
-1985
-2136
-2198
-2252
-2315
-2414
-2423
-2394
-2390
-2244
-2107
-1992
-1867
-1695
-1549
-1262
-901
-570
-322
-106
178
489
847
1183
1430
1621
1737
1879
2051
2295
2429
2373
2237
2129
2133
2162
2125
1968
1760
1493
1235
1129
1011
816
503
182
-63
-207
-347
-594
-854
-1086
-1279
-1401
-1452
-1568
-1776
-1918
-2008
-2023
-2021
-2063
-2124
-2145
-2100
-1986
-1845
-1702
-1557
-1418
-1222
-949
-681
-335
-74
125
337
628
954
1223
1428
1606
1790
1872
2020
2159
2244
2235
2107
2113
2019
1955
1815
1644
1514
1340
1177
953
721
494
278
59
-72
-259
-570
-811
-974
-1112
-1211
-1318
-1458
-1612
-1733
-1795
-1838
-1867
-1877
-1930
-1930
-1839
-1754
-1595
-1465
-1327
-1152
-908
-670
-410
-146
133
389
608
1008
1266
1509
1710
1824
2000
2105
2219
2309
2361
2336
2313
2253
2153
2065
1937
1826
1690
1601
1441
1176
851
725
541
283
134
-60
-338
-618
-690
-656
-697
-877
-1055
-1136
-1213
-1270
-1275
-1286
-1332
-1385
-1399
-1333
-1217
-1135
-1085
-984
-821
-670
-563
-339
-37
173
406
587
831
994
1174
1335
1484
1691
1787
1805
1828
1889
1884
1829
1784
1705
1610
1461
1278
1177
1065
888
686
513
389
241
41
-144
-284
-390
-492
-704
-802
-882
-949
-1053
-1159
-1173
-1218
-1280
-1290
-1290
-1334
-1340
-1315
-1244
-1174
-1206
-1220
-1247
-1149
-942
-688
-519
-385
-233
-31
195
439
615
664
726
790
865
987
1093
1108
1044
1058
1095
1087
985
814
632
515
405
362
325
112
-195
-351
-359
-369
-482
-739
-977
-1049
-1095
-1158
-1194
-1230
-1261
-1329
-1313
-1273
-1313
-1303
-1300
-1221
-1151
-1064
-981
-905
-774
-681
-519
-332
-211
-142
-27
87
167
336
486
565
582
616
696
791
829
803
899
940
874
818
783
760
613
489
390
302
237
62
-116
-228
-332
-441
-566
-670
-752
-849
-927
-916
-999
-1016
-1058
-1095
-1066
-1022
-985
-990
-1004
-990
-891
-794
-697
-622
-520
-443
-345
-162
3
148
239
355
479
638
800
903
959
988
1059
1120
1192
1231
1157
1128
1074
1040
1007
926
841
727
592
470
385
274
177
11
-98
-224
-390
-491
-651
-731
-804
-926
-1035
-1090
-1128
-1208
-1238
-1213
-1210
-1214
-1187
-1145
-1087
-953
-878
-812
-774
-670
-560
-445
-290
-158
-62
11
190
391
562
706
730
815
931
1021
1123
1152
1204
1208
1201
1254
1234
1221
1200
1097
1017
992
896
808
680
570
454
345
246
139
39
-110
-272
-390
-450
-541
-608
-710
-828
-881
-958
-1013
-1016
-1019
-1036
-1072
-1044
-1027
-952
-931
-777
-564
-478
-376
-319
-201
-70
66
185
288
390
504
620
681
808
882
989
1063
1179
1276
1325
1345
1215
1324
1272
1286
1323
1327
1152
981
1005
1107
1140
975
867
753
598
546
498
466
371
213
113
23
-14
-45
-152
-270
-323
-361
-390
-435
-520
-560
-590
-556
-525
-497
-540
-571
-568
-466
-324
-253
-230
-229
-167
-67
15
103
141
209
234
286
386
487
511
490
525
588
633
620
611
620
601
636
640
654
591
554
499
461
473
466
417
319
293
224
182
144
-12
-151
-319
-426
-433
-473
-491
-528
-562
-545
-568
-532
-548
-623
-622
-677
-732
-693
-695
-654
-641
-578
-498
-436
-360
-398
-357
-341
-283
-186
-17
37
-34
-78
-45
85
145
141
-1
-37
-13
-5
17
5
-20
-56
-68
-55
-114
-141
-195
-240
-215
-211
-221
-223
-233
-265
-303
-305
-244
-236
-293
-341
-452
-428
-425
-439
-432
-494
-520
-564
-581
-532
-481
-385
-371
-374
-305
-278
-294
-232
-193
-109
-57
9
60
76
116
186
247
284
321
340
364
399
402
400
424
409
389
375
361
314
279
212
138
55
20
-29
-58
-89
-186
-178
-229
-265
-294
-303
-296
-328
-332
-347
-362
-370
-356
-372
-341
-305
-355
-316
-295
-299
-287
-268
-211
-206
-209
-190
-166
-137
-54
-25
15
86
44
85
102
165
216
235
257
298
342
367
421
444
468
483
538
573
529
541
503
481
477
441
383
316
280
223
171
104
48
-2
-60
-91
-167
-198
-223
-295
-334
-333
-348
-382
-401
-363
-340
-336
-332
-308
-280
-220
-240
-178
-151
-128
-123
-106
-35
4
19
6
49
95
131
153
198
237
192
222
255
291
326
326
342
348
354
371
375
371
320
433
557
548
546
542
535
552
535
513
511
480
444
388
328
309
287
280
344
361
291
265
287
304
266
212
89
170
150
94
161
292
388
324
278
293
283
339
344
380
412
415
407
420
436
453
482
462
444
443
417
412
368
386
384
337
315
275
240
181
143
109
80
29
11
4
-12
-41
-93
-66
-88
-96
-69
-47
-39
-15
25
55
87
137
172
202
243
289
250
292
328
315
310
327
354
302
293
305
290
218
213
202
216
181
73
19
-123
-165
-191
-182
-164
-194
-207
-237
-215
-195
-199
-214
-223
-271
-347
-375
-407
-430
-527
-561
-583
-611
-637
-707
-718
-759
-751
-718
-603
-504
-580
-594
-578
-485
-357
-319
-398
-445
-367
-250
-161
-113
-40
-38
20
95
113
179
152
136
155
206
211
180
179
189
164
145
148
120
97
48
-50
-63
-81
-136
-215
-229
-247
-274
-322
-357
-391
-356
-286
-328
-317
-338
-439
-467
-456
-426
-409
-421
-438
-467
-464
-449
-419
-385
-376
-391
-363
-341
-336
-276
-258
-220
-224
-201
-140
-121
-52
-4
39
69
85
107
173
256
283
327
361
387
389
418
447
486
493
464
452
406
405
381
358
338
255
219
133
97
67
13
-56
-97
-109
-149
-210
-290
-283
-285
-273
-280
-323
-301
-349
-359
-348
-312
-292
-342
-319
-288
-271
-293
-291
-226
-175
-195
-219
-179
-158
-142
-112
-72
-71
-37
-68
-64
9
65
105
114
169
211
206
255
306
348
354
357
345
393
406
442
438
409
410
389
405
392
341
333
277
240
195
183
173
108
93
59
28
11
-41
-71
-52
-60
-97
-95
-83
-94
-129
-107
-82
-40
-39
-65
-77
-49
-52
22
169
182
163
181
182
211
250
246
240
262
283
275
233
212
260
276
337
396
415
458
467
478
475
471
502
532
537
473
502
589
755
701
557
691
633
648
633
616
615
588
585
539
493
463
440
394
347
300
326
318
230
176
141
161
135
112
79
43
14
-57
-34
-18
-26
-54
-84
-68
-134
-145
-153
-138
-117
-144
-160
-151
-139
-131
-141
-132
-70
-84
-52
-39
-62
12
40
86
117
118
161
185
226
249
263
291
304
306
325
359
288
245
168
132
136
90
55
54
67
44
66
64
72
26
-30
-52
-140
-186
-256
-264
-262
-318
-360
-359
-372
-429
-478
-509
-520
-536
-504
-406
-429
-453
-500
-470
-396
-354
-388
-522
-553
-490
-431
-412
-393
-405
-368
-345
-354
-330
-331
-307
-312
-290
-263
-241
-222
-210
-148
-102
16
58
9
27
53
124
127
162
168
89
66
115
153
161
122
72
184
194
182
155
115
129
13
-50
-49
-48
-94
-134
-125
-142
-151
-208
-230
-215
-178
-186
-229
-179
-208
-207
-183
-146
-125
-143
-153
-118
-110
-103
-106
-116
-86
-69
-115
-119
-102
-94
-95
-88
-61
-38
-32
-45
-30
-36
-17
-5
27
67
70
100
92
121
116
112
120
113
111
112
125
82
44
92
108
132
79
73
54
19
15
7
-12
-23
-20
-24
-14
-18
-22
-36
14
45
-1
27
9
18
42
57
30
20
30
-2
-24
0
8
-28
9
17
-33
-34
-49
-20
-47
-33
-65
-93
-70
-66
-32
-32
1
-6
18
31
12
45
67
61
64
67
93
134
152
152
139
133
159
136
154
176
163
202
192
198
182
183
227
266
287
268
229
237
239
235
387
448
373
386
374
380
