-5
17
5
22
20
40
14
21
57
13
19
17
20
51
38
67
41
16
19
32
32
27
45
22
13
15
29
26
72
90
57
90
107
100
118
127
165
308
325
337
357
375
389
411
434
427
376
387
369
329
279
271
276
338
401
292
439
437
382
365
316
310
272
321
281
213
224
380
456
413
367
337
319
313
362
386
396
411
359
369
352
341
344
352
336
340
322
312
299
246
300
252
272
241
165
159
128
130
73
126
142
103
98
93
71
68
83
68
104
131
84
108
91
87
78
99
101
66
71
57
81
85
97
75
91
99
64
79
68
55
73
60
51
30
0
-30
-59
-159
-203
-257
-286
-219
-254
-216
-204
-161
-160
-134
-119
-172
-209
-250
-298
-324
-322
-345
-323
-333
-375
-371
-380
-418
-417
-437
-410
-433
-431
-404
-403
-437
-440
-390
-311
-274
-428
-513
-499
-449
-404
-391
-401
-399
-405
-395
-376
-389
-385
-401
-379
-356
-392
-361
-349
-323
-327
-334
-291
-284
-295
-282
-298
-297
-280
-294
-271
-255
-265
-233
-247
-217
-199
-119
-8
-36
-9
-40
-23
-9
-24
3
11
41
-5
12
-2
-1
16
5
2
16
18
12
12
-29
-2
-17
6
18
-21
-11
-38
-40
-65
-84
-87
-98
-94
-77
-100
-85
-74
-98
-70
-87
-112
-87
-110
-98
-136
-151
-139
-152
-174
-187
-160
-194
-195
-202
-210
-194
-242
-211
-214
-209
-207
-240
-223
-202
-205
-196
-215
-219
-205
-221
-192
-173
-217
-193
-195
-192
-184
-179
-172
-165
-122
-125
-94
-76
-84
-78
-33
-18
-79
-41
-30
-26
-14
20
14
61
89
91
127
108
135
166
161
211
155
184
176
186
204
196
224
235
228
223
240
229
224
205
240
230
225
258
238
210
181
189
168
156
152
136
133
102
107
82
93
109
63
80
44
46
28
31
16
151
212
153
149
156
147
134
153
131
83
65
49
9
-45
-73
-78
-74
-23
22
-116
-11
20
-56
-71
-109
-132
-105
-107
-185
-187
-61
59
71
28
-8
3
30
67
98
166
216
204
255
277
309
341
372
414
422
475
487
523
558
537
593
647
662
623
653
646
667
679
675
664
656
718
703
701
689
696
692
712
726
680
676
625
627
601
588
577
497
468
430
404
409
347
306
280
225
142
114
94
14
-10
-59
-107
-146
-193
-257
-319
-395
-481
-593
-669
-668
-714
-743
-727
-713
-746
-714
-696
-722
-751
-819
-866
-900
-944
-995
-986
-1006
-1015
-982
-996
-992
-996
-980
-964
-933
-931
-859
-813
-843
-855
-760
-608
-470
-511
-586
-552
-460
-371
-298
-227
-169
-115
-85
-34
13
48
64
97
143
141
196
218
255
313
349
356
343
335
340
383
393
412
414
434
467
403
455
456
474
466
444
558
565
545
522
449
439
408
382
360
339
294
236
203
112
110
63
8
-18
-80
-106
-149
-173
-243
-295
-287
-317
-365
-404
-476
-464
-539
-555
-588
-663
-634
-678
-705
-736
-760
-759
-779
-787
-852
-847
-852
-857
-877
-891
-911
-912
-904
-910
-879
-863
-826
-778
-737
-693
-691
-611
-560
-515
-452
-404
-321
-211
-142
-80
-18
24
76
105
167
252
269
328
343
375
402
423
443
439
474
497
513
502
521
533
604
643
600
580
544
576
545
595
582
604
701
636
672
693
681
690
662
659
585
595
574
586
546
548
512
474
454
371
406
350
350
305
284
253
187
197
135
138
60
32
22
-68
-57
-104
-164
-176
-247
-298
-299
-329
-399
-399
-451
-476
-546
-536
-610
-559
-426
-478
-486
-544
-538
-549
-523
-474
-571
-555
-604
-633
-691
-719
-659
-568
-448
-289
-282
-327
-136
-165
-123
-79
-16
128
219
261
233
385
580
677
672
672
728
762
815
851
928
976
923
906
905
910
941
954
960
964
995
995
990
970
924
899
904
988
897
921
930
843
875
811
835
789
797
817
728
761
726
716
703
675
646
614
562
535
524
493
454
421
373
302
315
279
283
189
236
134
100
113
-13
16
-126
-125
-233
-252
-310
-372
-441
-541
-626
-756
-837
-922
-926
-1052
-994
-1008
-1081
-1033
-1074
-1036
-1139
-1136
-1209
-1242
-1220
-1298
-1254
-1298
-1334
-1218
-1172
-1067
-1013
-954
-899
-880
-868
-734
-537
-453
-378
-302
-159
-39
11
-40
-37
96
197
274
290
317
346
357
359
330
300
282
306
332
291
304
320
300
332
321
392
439
334
262
275
341
378
344
365
399
317
300
336
312
460
362
483
530
384
504
428
406
376
349
359
353
278
232
298
210
196
94
146
10
77
67
-61
-88
-222
-97
-261
-209
-344
-363
-433
-596
-482
-675
-563
-708
-835
-779
-1042
-873
-995
-1008
-1008
-1057
-1110
-1186
-1191
-1190
-1171
-1236
-1223
-1276
-1262
-1247
-1247
-1188
-1112
-983
-864
-800
-794
-710
-654
-556
-368
-181
-48
82
182
247
313
386
505
614
712
776
727
750
800
798
790
742
704
682
670
666
650
641
628
600
541
583
607
656
584
461
426
486
591
550
614
591
611
550
617
608
623
709
683
602
539
562
559
608
461
527
439
475
343
380
378
379
332
164
139
192
173
135
-8
-158
-98
-133
-142
-324
-274
-316
-443
-404
-582
-533
-577
-582
-706
-825
-765
-779
-928
-1003
-905
-882
-954
-983
-1011
-947
-871
-880
-1004
-1014
-1041
-1021
-1023
-970
-784
-640
-510
-460
-353
-460
-227
79
298
437
481
619
653
708
713
929
1265
1498
1520
1402
1360
1348
1379
1371
1405
1442
1389
1279
1168
1151
1103
1007
1004
1027
1032
885
831
899
735
886
755
806
840
678
863
731
770
820
570
884
605
786
764
704
798
470
784
558
856
439
637
328
646
351
480
179
222
225
35
253
237
768
9
9
-318
-28
-150
-69
-156
-357
-537
-688
-816
-891
-1047
-1231
-1423
-1573
-1558
-1696
-1903
-2089
-2097
-2190
-2013
-2009
-1876
-1929
-2019
-2088
-2131
-2104
-1887
-1711
-1450
-1307
-1348
-1289
-1276
-1120
-846
-438
-100
93
77
132
260
441
675
961
1274
1431
1369
1158
992
1061
1261
1370
1392
1281
1034
881
738
724
634
588
517
538
355
175
8
-108
-32
-3
106
69
119
-67
-124
-166
-61
116
252
320
270
228
207
258
407
432
623
618
495
529
473
532
320
419
409
1500
446
-308
-297
-132
262
168
252
-310
-541
-861
-748
-1083
-846
-1024
-1188
-1370
-1278
-1490
-1863
-2055
-2102
-1862
-1856
-1810
-2121
-2396
-2585
-2631
-2448
-2244
-1990
-2010
-2233
-2446
-2420
-2020
-1543
-1064
-894
-1003
-1307
-1250
-734
-11
472
696
777
714
618
860
1364
1901
2246
2138
1955
1828
1956
2076
2251
2257
2147
1931
1676
1560
1454
1394
1188
987
859
792
754
580
289
-22
-113
87
447
524
301
63
-129
-155
13
452
750
830
661
385
332
625
877
1174
1275
1086
923
795
814
802
957
959
847
499
406
342
243
184
-60
-309
-437
41
-345
-984
-1130
-1281
-1303
-1154
-1344
-1571
-1688
-2163
-2392
-2452
-2234
-2293
-2549
-2772
-2795
-2764
-2850
-2797
-2749
-2682
-2628
-2627
-2364
-2038
-1592
-1262
-1161
-1219
-1031
-332
469
895
824
931
1173
1483
1770
2204
2777
3080
2867
2513
2670
3039
3436
3577
3350
3148
2801
2508
2351
2354
2346
2164
1851
1469
1231
1059
978
853
469
180
160
278
182
28
-78
140
375
380
233
188
359
607
874
1048
1201
1164
1092
1061
1266
1636
1862
1849
1504
1247
1186
1246
1418
1315
1117
843
579
222
-3
42
-55
-166
-664
-1020
-1226
-1292
-1536
-1817
-2029
-2236
-2317
-2855
-2958
-3055
-3008
-3094
-3319
-3390
-3527
-3538
-3446
-3282
-3350
-3325
-3112
-2571
-2085
-1893
-2159
-2451
-2067
-999
-26
312
180
125
544
1061
1613
2372
3068
3185
2607
2123
2490
3275
3710
3601
3173
2885
2604
2353
2344
2424
2320
1919
1333
768
619
622
491
130
-251
-459
-518
-608
-968
-1071
-917
-824
-874
-832
-634
-501
-584
-576
-204
315
514
420
315
429
693
1002
1262
1383
1358
1157
953
908
1076
1265
1164
777
371
-25
-176
-162
-259
-432
-814
-1294
-1772
-1945
-1971
-1944
-2074
-2564
-2944
-3283
-3634
-3551
-3465
-3421
-3648
-4021
-4089
-4026
-3757
-3759
-3666
-3451
-2870
-2395
-2306
-2619
-2653
-1909
-860
-13
178
166
268
490
852
1614
2611
3309
3170
2499
2285
2934
3829
4199
3975
3661
3349
3014
2811
2884
3108
3054
2536
1795
1273
1091
1112
986
715
433
74
-193
-496
-583
-455
-351
-340
-402
-442
-548
-541
-428
-31
447
659
484
196
262
628
1116
1413
1525
1419
1107
872
1001
1367
1671
1507
929
495
322
287
305
226
-62
-514
-1045
-1323
-1534
-1542
-1580
-1875
-2506
-2992
-2973
-2873
-3180
-3499
-3548
-3767
-3797
-3782
-3774
-3899
-3980
-3818
-3307
-2755
-2418
-2449
-2850
-2856
-1886
-500
180
-159
-447
11
830
1466
1961
2541
2817
2603
2440
2829
3610
4073
3964
3550
3400
3486
3591
3486
3196
3033
2949
2748
2390
1949
1719
1635
1374
1064
867
763
540
37
-295
-127
266
300
-51
-369
-350
-24
124
378
881
961
714
428
636
1146
1616
1654
1395
1337
1502
1656
1657
1608
1605
1518
1274
944
795
699
690
605
250
-255
-652
-777
-914
-1130
-1521
-1769
-1852
-2084
-2731
-3007
-2872
-2973
-3165
-3338
-3545
-3722
-3729
-3554
-3561
-3802
-3546
-2758
-2235
-2582
-3108
-2863
-1737
-665
-236
-457
-497
11
693
1205
1632
2352
2871
2617
2173
2556
3578
4146
3775
3295
3469
3660
3321
2983
3052
3208
2979
2441
1917
1577
1329
1160
955
677
290
-41
-288
-659
-747
-339
-69
-292
-604
-648
-591
-546
-387
105
444
187
-223
-288
225
795
1087
1005
845
761
684
706
849
1050
1121
811
222
3
109
149
-16
-338
-701
-1010
-1344
-1604
-1718
-1884
-2001
-2123
-2469
-3231
-3623
-3208
-2888
-3391
-3871
-4051
-4218
-4260
-3955
-3591
-3870
-4259
-3946
-2993
-2589
-3076
-3590
-2986
-1594
-697
-734
-1187
-998
-200
663
1167
1735
2376
2368
1912
1967
3040
4089
3971
3203
2923
3358
3557
3327
3140
3134
3022
2620
2132
1776
1586
1442
1320
990
556
250
-95
-422
-488
-174
23
-291
-791
-924
-695
-531
-428
-103
335
268
-134
-226
168
880
1276
1152
880
859
957
1068
1201
1357
1412
1111
640
396
550
629
331
53
-162
-464
-827
-1080
-1326
-1362
-1474
-1762
-2237
-2709
-2899
-2797
-2662
-2848
-3463
-4026
-4062
-3731
-3468
-3485
-3606
-3835
-4062
-3627
-2668
-2353
-2899
-3237
-2309
-954
-533
-1049
-1200
-279
777
1195
1272
1652
2155
2381
2372
2801
3682
4023
3542
3066
3355
4052
3998
3378
3015
3178
3219
2762
2200
1977
1895
1637
1246
847
625
492
207
-182
-308
-159
17
-241
-695
-846
-565
-260
-183
-61
90
19
-146
15
513
1130
1153
759
680
1071
1355
1369
1237
1318
1432
1199
1075
1087
1137
949
481
124
80
108
-186
-589
-1086
-1371
-1399
-1430
-1754
-2208
-2549
-2355
-2181
-2666
-3287
-3569
-3360
-3240
-3183
-3448
-3655
-3591
-3318
-2557
-1865
-2297
-3107
-2813
-1242
5
-285
-905
-537
663
1427
1571
1905
2525
2814
2733
2927
3646
4308
4128
3648
3765
4237
4389
3867
3372
3420
3640
3373
2753
2130
1906
1881
1668
1283
844
550
274
19
-149
-54
2
-271
-720
-797
-576
-330
-273
-307
-171
-9
-96
-134
247
723
952
748
599
797
1071
1096
1042
1141
1083
876
641
514
485
379
10
-363
-540
-799
-1068
-1291
-1472
-1527
-1532
-1997
-2660
-2902
-2927
-2915
-3052
-3362
-3855
-4339
-4434
-3982
-3717
-3949
-4176
-4170
-3999
-3615
-3119
-3115
-3291
-2835
-1681
-1004
-1376
-1702
-690
594
931
824
1155
1843
2146
2131
2614
3478
3840
3449
3027
3304
3819
3796
3399
3176
3263
3119
2604
2100
1891
1935
1751
1219
680
345
57
-89
-229
-500
-632
-755
-935
-1062
-1037
-1014
-958
-801
-606
-297
-219
-506
-468
64
559
676
564
511
690
897
1013
1171
1254
1028
725
647
831
870
541
166
106
-68
-425
-855
-1083
-1145
-1112
-1429
-2153
-2479
-2558
-2820
-2775
-2807
-3257
-3795
-4124
-4162
-3984
-3597
-3669
-4165
-4571
-4159
-3134
-2628
-3245
-3925
-3168
-1449
-562
-1313
-1987
-1028
721
1237
826
1123
2222
2650
2204
2506
3842
4495
3704
3106
3789
4730
4432
3454
3384
3989
4002
3228
2528
2413
2500
2210
1634
1224
963
650
292
26
-137
-183
-199
-618
-1011
-1019
-840
-804
-838
-661
-307
-343
-786
-663
114
678
558
225
362
736
933
851
1022
1381
1252
739
612
919
1062
746
243
167
219
-347
-811
-719
-638
-1009
-1664
-2058
-2002
-2123
-2603
-2854
-3121
-3440
-3535
-3566
-3936
-4269
-4070
-3808
-3861
-4095
-3883
-3280
-2974
-3413
-3533
-2435
-1172
-665
-1239
-1462
-306
1113
1459
1168
1626
2724
3171
2709
2856
4006
4743
4309
3959
4405
4923
4755
4093
4157
4675
4374
3432
2888
2899
2892
2583
2144
1759
1426
999
640
418
275
267
131
-187
-500
-515
-467
-504
-397
-136
89
-124
-461
-246
501
933
789
611
703
980
1114
1114
1326
1509
1259
795
677
963
1146
774
105
34
255
-158
-802
-946
-909
-1122
-1701
-1968
-2034
-2467
-3017
-3246
-2924
-3070
-3803
-4459
-4441
-3951
-3742
-3841
-4082
-4211
-3888
-3268
-3167
-3534
-3123
-1769
-861
-1344
-1978
-1178
410
1046
745
1057
1980
2536
2364
2497
3490
4443
4369
3694
3713
4328
4456
3886
3646
4066
4147
3247
2295
2325
2629
2422
1671
1078
744
385
-55
-183
-201
-288
-443
-870
-1206
-1182
-1002
-1075
-1062
-866
-621
-766
-1078
-911
-140
425
343
65
20
368
598
767
895
1068
939
542
291
511
857
708
53
-292
-233
-546
-1015
-1291
-1321
-1322
-1827
-2695
-2735
-2746
-3128
-3499
-3485
-3363
-3986
-4815
-4679
-3974
-3918
-4205
-4430
-4120
-3627
-3465
-3759
-3778
-2517
-1020
-1092
-2167
-2019
-302
1179
1100
886
1681
2504
2565
2408
3130
4271
4568
3909
3612
4149
4616
4246
3778
4006
4365
3967
2863
2215
2548
2776
2253
1505
1102
1053
642
104
-97
62
56
-468
-1051
-936
-518
-684
-923
-873
-465
-305
-567
-794
-376
361
519
279
159
400
799
870
727
994
1239
877
398
421
774
842
318
-219
-284
-330
-755
-1155
-1049
-1201
-1706
-2414
-2676
-2630
-2927
-3474
-3742
-3723
-4014
-4536
-4616
-3953
-3744
-4388
-4611
-3763
-3147
-3475
-3807
-3147
-1822
-1006
-1417
-1767
-956
519
1266
1140
1383
2413
2951
2593
2795
3949
4782
4332
3775
4031
4647
4569
4042
3996
4223
3991
3279
2715
2494
2547
2315
1732
1229
926
837
678
225
-99
-47
-125
-510
-603
-332
-76
-246
-575
-355
123
291
48
53
531
1012
973
535
721
1249
1360
1172
1296
1424
1448
1038
563
912
1009
570
-38
-201
-350
-652
-933
-1132
-1303
-1718
-2197
-2736
-3008
-2918
-3185
-3579
-3690
-3947
-4382
-4355
-3804
-3571
-3947
-3964
-3250
-3007
-3309
-3049
-1856
-703
-681
-1132
-927
351
1597
1800
1713
2377
3248
3224
2993
3669
4774
4961
4355
4123
4509
4728
4277
3954
4178
4176
3533
2705
2271
2227
2150
1742
1151
662
382
349
143
-193
-338
-338
-510
-799
-830
-589
-263
-280
-500
-309
96
89
8
302
662
925
723
522
883
1361
1273
1089
1255
1371
1067
530
321
497
340
-348
-808
-1017
-1323
-1609
-2111
-2538
-2732
-3054
-3564
-3851
-4135
-4673
-4974
-4936
-4908
-5343
-5615
-5151
-4527
-4720
-5045
-4704
-3928
-3526
-3544
-3074
-1770
-762
-1137
-1462
-242
1635
2164
1617
1784
3186
3993
3509
3475
4474
5235
4798
4071
4205
4802
4515
3689
3531
3683
3246
2312
1626
1406
1325
917
212
-276
-423
-438
-557
-987
-1361
-1155
-884
-1031
-1261
-1143
-489
-119
-322
-318
309
710
693
844
1345
1895
1963
1572
1584
2107
2386
2098
1717
1735
1723
1258
646
549
544
15
-751
-1254
-1522
-1881
-2509
-2910
-3026
-3522
-4432
-5027
-5204
-5009
-5095
-5498
-6116
-6473
-6038
-5065
-4607
-5095
-5066
-4375
-3534
-3411
-2961
-1760
-413
-172
-706
-42
1829
3142
2903
2870
3914
5114
4897
4135
4848
6234
6258
5107
4658
5128
5174
4225
3566
3783
3670
2515
1303
870
825
460
-237
-997
-1416
-1491
-1630
-1949
-2206
-1918
-1545
-1497
-1784
-1680
-909
-104
119
172
708
1231
1343
1536
2262
2995
3215
2812
2674
3110
3496
3230
2798
2708
2654
2148
1297
802
602
272
-483
-1074
-1682
-2501
-3472
-4098
-4027
-4005
-4800
-6122
-6827
-6804
-6536
-6555
-6925
-7198
-6924
-5990
-5409
-5422
-5420
-4518
-3238
-2540
-1817
-640
399
434
630
1999
4059
4941
4462
4305
5378
6549
6635
6383
6778
7389
6792
5920
5884
6083
5601
4426
3688
3456
2827
1527
488
171
-45
-690
-1626
-2454
-2934
-3062
-2996
-3009
-2636
-1995
-2021
-2804
-3012
-1821
179
1383
1109
622
962
1866
2860
3983
4679
4787
4318
3748
4079
5101
5441
4813
4053
3515
3139
2495
1681
1283
1222
500
-777
-1921
-2639
-3382
-4050
-4363
-4512
-5071
-6432
-7974
-8358
-7679
-7087
-7579
-8489
-8397
-7315
-6486
-6477
-6364
-5244
-3549
-2856
-3013
-2316
-157
1636
1741
1568
3082
5264
5765
4968
5354
7108
8012
7198
6410
7116
7889
7025
5651
5595
5941
5038
3131
1885
1777
1397
-51
-1412
-2148
-2660
-3481
-4433
-4996
-4694
-3939
-4179
-5134
-5589
-4939
-3692
-2559
-2027
-1606
-932
-659
-160
1246
2857
3738
3788
3571
4035
5082
5515
5408
5501
5645
5259
4381
3729
3660
3640
2749
1584
877
275
-791
-2014
-2653
-2657
-3159
-4679
-5951
-6356
-6436
-6715
-7426
-8101
-8484
-8837
-8934
-8813
-8536
-7830
-6906
-6182
-5980
-5815
-4662
-2956
-2139
-1750
-406
1871
3000
2285
2174
4367
7033
7444
6449
6630
7872
7901
6918
7066
8217
8115
5991
4188
4227
4450
3274
1623
877
375
-940
-2651
-3714
-3957
-4183
-4811
-5578
-6080
-6548
-6591
-6060
-4586
-2440
-1766
-2726
-3244
-2315
49
2931
4193
4163
4226
4018
4295
5808
7269
8034
8048
6614
5300
5478
5821
5654
5240
4309
3236
1913
0
-1053
-752
-657
-1790
-3319
-4633
-5484
-6230
-6897
-6724
-6081
-6414
-8025
-9370
-9591
-8797
-8172
-7970
-8073
-7747
-6975
-5689
-4797
-4173
-3206
-2170
-1139
57
1660
3239
3949
3410
3996
6278
8028
7988
7099
7073
7907
8222
7479
7146
7361
6268
4345
3496
3524
3129
1533
-458
-1469
-1848
-2853
-4068
-4809
-5417
-5884
-6316
-6740
-6775
-6481
-6362
-5930
-5067
-3103
-809
630
202
-205
1320
4035
6259
7222
7477
7344
7341
7108
7901
9362
9569
8071
6544
5705
5424
5009
3873
2993
2472
1186
-655
-1977
-2675
-3000
-3487
-4117
-4301
-4831
-6162
-7454
-7365
-6497
-5890
-6024
-6817
-7723
-8121
-7849
-7323
-6152
-5423
-4914
-4502
-3981
-2766
-1485
-813
-363
664
2332
4292
5105
4524
3849
5042
7217
8122
7919
7596
7205
6419
5552
5749
6650
6227
4036
1938
1408
1453
491
-1015
-1931
-2478
-3399
-4644
-5422
-5329
-5468
-6053
-6168
-5541
-5092
-5080
-5061
-4433
-3082
-1156
1540
2880
2382
2844
4469
6003
7728
8526
8370
8898
8587
7377
8006
8464
7233
6385
5408
3966
3488
2432
529
185
-86
-1578
-2577
-3428
-4644
-4849
-4777
-5076
-4770
-5025
-6361
-6832
-6291
-5865
-5508
-5296
-5891
-6436
-6749
-7282
-7045
-6330
-5934
-5452
-4237
-3111
-2346
-1643
-1396
-1569
-1185
940
3614
5042
4117
2469
3106
5432
6513
6225
6281
6117
5213
4099
3768
4793
5184
3105
723
380
297
-824
-2140
-3005
-2961
-2980
-4368
-5625
-5625
-5917
-6305
-5684
-4780
-3956
-3582
-4023
-4071
-2543
-649
1905
4220
3918
3454
5104
6797
7875
8789
8359
8166
8587
7372
6822
7586
6391
4526
3921
2936
1989
1286
-689
-1780
-1237
-1872
-3232
-3714
-4600
-5494
-5165
-4859
-4547
-4115
-5125
-6242
-5453
-4729
-4714
-4722
-5106
-5393
-5464
-6128
-6490
-6045
-5959
-5645
-4026
-1538
70
-418
-2234
-3143
-1304
2390
5054
5308
4118
3102
3654
5162
6209
6707
6857
5979
4307
3704
4389
4774
3822
1818
464
661
200
-1892
-3293
-3449
-3249
-3369
-4228
-5106
-5438
-6239
-6906
-5544
-3140
-1976
-2287
-3007
-2817
-721
2472
4961
5960
5980
5644
5921
7145
8577
9387
9285
8402
7284
6800
6505
5229
3696
2847
2227
1544
392
-1266
-2585
-3112
-3463
-3577
-3506
-4218
-5467
-6130
-5650
-4455
-3507
-3779
-4691
-5204
-5474
-5337
-4404
-3555
-3770
-5081
-6947
-7644
-7009
-5881
-3923
-1121
851
379
-2203
-3718
-1825
1911
4624
5338
5064
4964
4615
4473
5375
6878
7599
6649
5047
4463
4802
4499
3142
1940
1478
814
-525
-2200
-3339
-3387
-3265
-3495
-3880
-4230
-5028
-6002
-6372
-5328
-3031
-1224
-953
-1463
-1412
-257
2265
5325
7161
7240
6891
7151
8172
9271
9362
8634
8106
7862
7386
6650
5282
3197
1572
981
733
344
-535
-2186
-3692
-3974
-3584
-3234
-3384
-4321
-5063
-4599
-3603
-3030
-2975
-3439
-3823
-4019
-4264
-4309
-4019
-4047
-4786
-5841
-6642
-7035
-7094
-6075
-3451
-161
1441
-379
-3527
-3669
-118
3894
5569
5080
4635
5180
5455
5394
6159
7208
6772
4905
3828
4556
5387
3974
1186
-238
-141
-505
-2051
-3702
-4374
-4416
-4801
-5030
-4629
-4480
-5581
-7033
-6802
-4472
-1793
-686
-839
167
2320
3726
4307
4666
5392
6926
8256
8552
8627
8244
6760
5574
5395
5562
5399
4010
1388
-293
-503
-875
-1754
-2602
-3357
-3784
-3993
-4450
-4487
-4017
-4039
-4492
-4240
-3179
-2537
-2991
-4018
-4338
-3869
-3394
-3551
-4425
-5640
-7309
-8728
-8457
-6912
-5236
-3609
-2093
-1012
-1260
-3154
-3904
-1155
3022
5250
5031
4845
5767
6167
5158
4782
6636
7958
6383
3903
3522
4488
3791
1098
-516
75
-125
-2533
-4798
-4869
-4050
-4392
-5277
-5008
-3982
-4466
-6258
-6565
-4371
-1757
-343
164
930
1945
2779
3880
5130
6488
8007
9150
9366
8708
7447
6206
5701
5602
5325
4914
3674
1216
-921
-1735
-1919
-2079
-2507
-3257
-3355
-3198
-3595
-3886
-3384
-2918
-2861
-2661
-2176
-1612
-1671
-2583
-3271
-2947
-2699
-3408
-4590
-5830
-7056
-7840
-8325
-8007
-6469
-3898
-939
830
-776
-3828
-3558
554
4161
4529
4342
6142
8243
7178
4719
5267
7767
7232
4046
3001
5111
5729
1943
-1803
-1345
650
-712
-4326
-5383
-4192
-4494
-6475
-6541
-3689
-1949
-3819
-6045
-4825
-1890
-634
-671
725
4073
6945
7019
5877
5684
6055
6769
7782
8841
8971
7447
4930
3087
2823
2813
1725
68
-1195
-1685
-1950
-2473
-3581
-4171
-3809
-2942
-2555
-2131
-2033
-2289
-1794
-2006
-904
800
906
-623
-2190
-2459
-2275
-2835
-4064
-4922
-5626
-7102
-8639
-9010
-7541
-4769
-1627
656
873
-1001
-2433
-641
2956
4940
5131
6317
8835
9717
8239
6652
6527
6251
4550
3617
4914
5862
3550
-334
-2069
-1720
-2306
-4465
-5698
-4958
-4267
-4884
-5190
-4182
-3548
-4262
-4758
-3026
-179
1411
2184
4184
6920
7944
7431
6996
7102
7198
7213
7381
7943
7803
5959
3896
2623
1017
-816
-1745
-2135
-2309
-2483
-2887
-3194
-3529
-4424
-5041
-4346
-3103
-2438
-1728
-939
-642
-899
-1428
-1436
-886
-1057
-2075
-2821
-3243
-4297
-6189
-8143
-8861
-8892
-9068
-7774
-3720
1055
2336
-111
-2161
-562
2597
4073
4366
5987
8781
9786
8650
7623
7296
6044
3658
2217
2732
3328
2168
62
-1104
-1957
-4105
-6870
-8070
-7194
-5706
-5005
-4826
-4424
-4132
-4022
-3452
-2265
-1071
-137
1307
4152
7549
9536
9337
8260
7479
6688
6003
5755
5810
5621
4764
3646
2618
953
-1755
-4018
-4617
-4366
-4277
-4185
-3587
-2985
-3125
-4001
-4479
-3826
-2980
-2271
-1324
-337
-104
-509
-649
-554
-1004
-2484
-4270
-5183
-5474
-6694
-8582
-9837
-10672
-11052
-9477
-5241
58
2383
247
-2121
-658
2853
4692
5176
7157
10426
11741
10122
8702
9350
8995
5442
1987
2137
4096
3795
856
-1620
-2651
-4499
-7434
-8575
-7074
-6041
-7095
-7687
-5609
-2571
-1841
-3121
-3258
-1286
751
2341
5432
9226
10890
10006
9005
9176
8953
6988
5150
5256
5861
4992
3472
2698
1188
-1978
-4966
-5635
-4633
-4295
-4754
-4379
-3221
-2946
-3626
-3656
-2800
-2395
-2704
-2105
-299
943
586
-329
-408
-673
-2318
-4414
-5416
-6133
-8008
-10064
-10945
-10924
-10916
-9769
-5555
-436
1092
-1244
-2536
207
3689
4686
4930
7419
10703
11637
10722
11030
11658
9269
4813
2735
4221
5344
3489
742
-585
-1785
-4355
-6796
-7173
-6988
-8027
-8761
-7112
-4018
-2566
-3299
-3761
-2691
-947
559
3081
6641
8934
9684
10231
11028
11043
9428
7066
6294
6694
6223
5338
4816
3613
888
-1822
-3336
-3776
-4471
-5685
-5720
-4077
-2936
-3128
-3351
-3199
-2968
-3003
-2618
-1544
-464
-302
-551
102
682
-412
-2349
-3988
-5154
-6496
-8119
-9678
-10740
-11168
-10230
-6481
-1514
868
-408
-1690
-627
1358
2671
3369
4914
7441
9538
11147
12548
12252
9524
6058
4493
4624
4778
4348
3306
1901
197
-1400
-2508
-4060
-6597
-8723
-8755
-6695
-4531
-3411
-3089
-3124
-3037
-2466
-1107
1036
3113
4739
6998
9702
11288
11145
9616
7883
6793
6574
6504
6306
5727
4449
3034
1773
-16
-2246
-3994
-5019
-5293
-4784
-4093
-3801
-3923
-4362
-4423
-3834
-3298
-3532
-3697
-3123
-2164
-1423
-1312
-1700
-2685
-3880
-5351
-6931
-8112
-9497
-11147
-11493
-9785
-5946
-1888
-407
-1459
-2571
-1764
136
1372
1946
3079
5190
7335
9031
10418
10692
8780
5752
4042
4413
5086
4462
3024
1907
1496
907
-576
-2650
-5194
-7309
-7839
-6789
-5201
-4259
-4090
-4174
-3945
-3236
-2324
-1181
106
1360
3305
6058
8184
8763
7898
7006
7058
7113
6658
5991
5642
5306
4463
3500
2436
978
-1128
-2968
-3598
-3365
-3245
-3547
-3767
-3558
-3057
-2726
-2921
-3417
-3715
-3601
-3088
-2326
-1935
-1987
-2355
-2985
-3782
-4734
-5824
-7454
-9113
-9623
-8837
-7374
-5346
-3267
-2150
-2328
-2916
-2267
-840
-379
-656
187
2713
5382
6690
7062
7101
6783
5972
5301
5252
5297
4958
4508
4376
4524
4441
3366
1507
-482
-1793
-2196
-2528
-3085
-3474
-3262
-2718
-2556
-2702
-2610
-2394
-2352
-1980
-825
677
2032
2765
3137
3896
4680
4827
4462
4046
4007
4403
4651
4318
4087
4021
3509
2789
2120
1415
790
22
-636
-466
94
-27
-500
-1064
-2011
-2697
-3426
-3870
-4055
-4476
-5041
-5129
-5120
-5869
-7220
-8591
-9453
-9815
-9803
-9425
-7930
-6072
-4921
-4635
-4214
-3207
-1944
-1389
-1717
-1405
100
2393
4543
6089
6928
7523
7770
7492
7322
7206
6935
6512
6314
6769
7430
7233
5827
4252
3099
2130
1010
-375
-1437
-1911
-1959
-1745
-1365
-1372
-1944
-2600
-3098
-3122
-2531
-1860
-1241
-367
591
1969
3012
2956
2543
2548
2919
3205
3540
3853
4074
4332
4460
4423
4084
3116
1784
867
595
409
366
174
-348
-955
-1503
-2181
-3169
-4402
-5217
-5474
-6084
-6541
-6819
-7482
-8336
-8796
-8348
-7248
-6488
-6141
-5899
-5337
-4191
-3160
-2219
-1469
-1247
-760
649
2767
4673
5148
5273
5983
6889
7507
7443
7084
6773
6714
7056
7439
7232
6252
4978
3864
3160
2589
1886
634
-519
-865
-429
100
-368
-1426
-2120
-2188
-2177
-2224
-2115
-1948
-1614
-842
167
1049
1222
746
607
1108
1820
2104
2194
2125
2091
2417
2648
2255
1414
402
-181
-395
-760
-1147
-1491
-1751
-2083
-2391
-2533
-3222
-4550
-5430
-5926
-6325
-6859
-7569
-7704
-7087
-6253
-5566
-5246
-5383
-5545
-5366
-4850
-4099
-3280
-2571
-1859
-840
751
2241
3134
3115
3075
3809
4696
5363
5557
5617
5801
6215
6609
6728
6227
5058
3884
3104
2730
2278
1667
953
484
444
574
462
-277
-1307
-1742
-1462
-1225
-1325
-1366
-1123
-623
-9
494
786
708
419
562
1227
1868
2051
1934
1939
2082
1978
1572
884
65
-574
-791
-876
-1264
-1937
-2689
-3163
-3265
-3422
-3971
-4531
-5019
-5454
-5718
-6175
-6576
-6726
-6363
-5114
-4049
-3608
-3590
-3523
-3046
-2377
-1941
-1824
-1831
-1340
-67
1459
2612
3112
3305
3398
3517
3795
4146
4317
4166
4239
4925
5753
5971
5264
4335
3613
3148
2682
2146
1554
1180
1207
1419
1484
1051
317
-431
-770
-788
-728
-663
-759
-593
-6
599
805
646
473
467
725
1128
1500
1745
1872
2023
2214
2169
1603
696
-91
-607
-1007
-1406
-1917
-2389
-2989
-3371
-3908
-4690
-5450
-6296
-6948
-7320
-7604
-7591
-6899
-5583
-4455
-4033
-3923
-3634
-2695
-1866
-2024
-2187
-1364
190
1829
2628
3139
3904
4437
4494
4235
4289
4459
4347
4136
4380
5304
6063
5510
4452
3860
3736
3309
2204
1337
1210
1548
1765
1865
1891
1621
931
204
-166
101
60
-425
-172
487
1397
1628
1171
749
783
815
509
555
1082
1526
1710
1938
2279
2202
1576
786
354
204
-80
-490
-785
-1010
-1317
-1890
-2772
-3438
-4307
-5239
-6088
-6776
-7124
-7805
-8052
-7049
-5655
-4876
-4573
-4370
-3886
-3376
-3151
-2706
-1834
-745
443
1834
3526
4884
5493
5372
5247
5538
5750
5680
5501
5602
6038
6408
6442
6066
5221
4061
2940
2011
1405
1010
655
525
685
990
928
358
-459
-1027
-1111
-1088
-986
-702
-213
432
868
1042
993
760
483
302
639
1019
1235
1320
1334
1481
1377
767
-78
-791
-1230
-1485
-1541
-1650
-1987
-2123
-2556
-3071
-3478
-4041
-4935
-6068
-6468
-6600
-7136
-7557
-6808
-5265
-4611
-5057
-5614
-5655
-5064
-4567
-4393
-3999
-2926
-1178
508
1712
2824
3559
3841
3956
4171
4868
5519
5866
6099
6635
7564
7869
7116
5871
4791
4036
3278
2454
1945
1708
1710
1638
1445
917
-5
-981
-1699
-1948
-1927
-1730
-1515
-1198
-538
130
341
41
-321
-286
-51
221
631
1064
1389
1706
1880
1754
1238
385
-425
-940
-947
-1108
-1427
-1740
-1944
-2278
-2676
-3109
-3961
-4852
-5514
-5939
-6129
-6184
-6173
-5170
-3837
-3350
-3761
-4632
-4805
-4067
-3688
-3984
-4102
-3074
-1243
95
691
1211
1890
2141
2079
2283
3104
4011
4469
4782
5804
7167
7566
6770
5612
5178
5284
4800
4004
3610
3723
3898
3710
3265
2656
1793
648
-353
-628
-542
-581
-661
-578
-140
284
-35
-811
-1287
-1148
-900
-691
-268
115
464
807
972
865
399
-220
-716
-854
-778
-649
-903
-1242
-1458
-1838
-2450
-3088
-3777
-4616
-5086
-5335
-5251
-5657
-5956
-4523
-3119
-3172
-3987
-4327
-3657
-2769
-2843
-3222
-2691
-1467
-84
527
814
1359
1763
1773
1531
1868
2688
3164
3050
3290
4419
5623
5579
4704
4032
4249
4594
4050
3505
3599
4015
4322
4378
4121
3597
2828
1979
1371
1388
1435
1145
780
812
1441
1555
1132
410
-40
8
-10
50
99
91
209
300
511
331
-174
-651
-1097
-1038
-1077
-1163
-1206
-1396
-1703
-1972
-2091
-2461
-3088
-3575
-3749
-4068
-4556
-4719
-4598
-4369
-3675
-3221
-3148
-3174
-3031
-2711
-2592
-2546
-2150
-1435
-698
147
936
1592
2033
2108
2161
2352
2593
2845
3116
3429
3780
4200
4385
4264
3964
3597
3304
3118
2907
2728
2726
2882
3123
3207
3049
2650
2142
1772
1612
1446
1229
1159
1153
1236
1336
1162
835
477
251
60
49
-94
-88
57
-36
-133
-157
-372
-1037
-1531
-1647
-1748
-2250
-2543
-2586
-2516
-2798
-3391
-3428
-3536
-3966
-4547
-4690
-4775
-5030
-5186
-5101
-4631
-3454
-2850
-3202
-3543
-3311
-2586
-2315
-2395
-2369
-1907
-787
290
806
1011
1362
1829
2093
2199
2332
2643
2889
2825
2906
3401
3834
3779
3099
2545
2559
2681
2483
1889
1574
1897
2461
2529
2100
1645
1456
1409
1284
1053
962
1131
1255
1455
1578
1489
1376
902
647
694
771
695
393
270
103
226
217
-253
-952
-1301
-1709
-1830
-1901
-2454
-2453
-2573
-3008
-3244
-3446
-3881
-4281
-4542
-4492
-5016
-4960
-4778
-5337
-5175
-3755
-2602
-2768
-3211
-2827
-2200
-1663
-1505
-1830
-1771
-805
479
1477
1805
1907
2172
2565
2807
2609
2515
2648
2818
3089
3543
4026
4064
3529
2791
2339
2228
2057
1706
1382
1368
1911
2471
2484
1833
1110
858
976
1117
904
765
908
1345
1915
2064
1659
1067
1109
1369
1082
771
798
896
692
582
506
85
-242
-861
-1459
-1356
-1392
-1557
-2050
-2433
-2439
-2679
-2746
-3331
-3901
-4135
-4216
-4288
-4699
-4782
-4952
-5131
-4446
-3285
-2627
-2923
-3498
-3490
-2763
-1889
-1563
-1838
-1690
-690
718
1876
2038
1518
1354
1886
2740
3081
2903
2705
2991
3657
4250
4274
3735
3136
2834
3058
3128
2906
2591
2210
2230
2621
2957
2657
1839
1189
1062
1304
1421
1130
840
745
1144
1610
1836
1557
763
495
700
1173
1275
1063
638
574
1039
1286
1125
319
-496
-717
-379
-619
-617
-949
-1530
-1480
-1397
-1622
-2471
-3115
-3296
-3206
-3379
-3347
-3879
-4138
-3932
-3834
-3266
-2899
-3053
-3210
-3213
-2995
-2648
-2210
-1856
-1758
-1481
-700
356
1126
1258
1016
1078
1638
2317
2737
2727
2568
2628
3185
3898
4146
3645
2845
2546
2749
3164
3180
2633
2156
2304
2916
3266
2707
1722
904
702
1032
1274
1148
653
218
537
998
932
30
-822
-931
-714
-40
311
124
-625
-308
369
350
-251
-905
-818
-1110
-831
-369
-658
-1199
-1149
-1093
-1457
-1539
-1849
-2626
-2894
-2969
-2712
-2681
-2949
-3531
-4039
-4169
-3762
-3269
-3359
-3433
-3616
-3440
-3185
-2906
-2607
-2445
-2514
-2418
-1787
-1019
-299
108
167
203
573
1127
1518
1692
1671
1612
1882
2483
3069
3176
2884
2507
2401
2519
2656
2566
2337
2293
2437
2729
2809
2624
2028
1373
1184
1107
1034
794
610
557
491
500
296
-131
-570
-614
-607
-565
-450
-314
-434
-439
-375
-156
-319
-1005
-1087
-743
-831
-984
-682
-462
-715
-1036
-829
-1107
-1334
-1409
-1307
-1396
-1829
-2116
-2100
-2186
-2515
-2556
-2763
-2735
-2678
-2431
-2220
-2317
-2531
-2840
-2835
-2655
-2345
-1937
-1753
-1649
-1342
-827
-264
200
400
481
600
885
1299
1669
2048
2305
2574
2680
2716
2755
2733
2671
2522
2460
2520
2623
2696
2824
2850
2509
2051
1587
1234
1000
899
831
697
567
542
462
277
-93
-279
-107
-245
-197
-10
36
113
138
109
-58
-571
-328
-244
-726
-604
-435
-249
-315
-141
-253
-712
-766
-1059
-1013
-856
-811
-726
-995
-973
-1215
-1415
-1619
-1639
-1701
-1881
-2049
-2169
-2369
-2169
-2025
-1947
-1947
-2268
-2366
-2429
-2326
-2130
-1751
-1462
-1052
-607
-257
166
516
786
1027
1168
1350
1756
2139
2516
2775
2936
2951
2887
2810
2598
2465
2369
2523
2682
2617
2447
2184
1971
1508
1086
993
750
563
833
1028
1160
1274
1167
944
924
766
653
593
912
1059
1150
1095
850
501
517
810
364
23
-242
-181
-250
18
-9
-223
-492
-598
-507
-346
-258
-253
-660
-982
-931
-1092
-892
-684
-852
-979
-1173
-1440
-1572
-1555
-1579
-1513
-1735
-1968
-2023
-1950
-1756
-1589
-1401
-1362
-1320
-1270
-1122
-866
-608
-361
-101
68
244
490
775
1093
1344
1450
1479
1370
1186
1037
1072
1186
1247
1137
991
864
711
786
813
823
769
444
404
369
309
296
526
672
981
1264
996
675
717
1113
945
1117
1082
870
481
125
-22
107
244
-51
-587
-998
-1090
-1092
-962
-738
-238
-502
-1188
-1631
-1323
-1430
-1111
-384
-419
-906
-788
-1081
-1375
-698
-485
-529
-402
-489
-741
-646
-794
-700
-496
-749
-955
-995
-1179
-1181
-1090
-1050
-981
-1081
-1073
-1066
-1015
-1061
-944
-828
-754
-695
-645
-511
-475
-581
-555
-288
-349
-373
-241
-142
-55
-7
42
-34
-15
-9
77
272
503
685
850
927
1081
1314
1324
1194
1321
1424
1439
1407
1515
1398
1237
1346
1205
798
888
980
273
276
282
-133
-340
-416
-842
-652
-676
-536
-297
-420
-843
-903
-934
-622
-389
-795
-566
-827
-1159
-1008
-236
-279
-116
816
1284
1428
1535
1003
432
-18
170
345
469
681
978
407
-34
-132
-118
-285
-268
64
-358
-670
-678
-654
-691
-1121
-1093
-786
-937
-1140
-976
-1001
-1226
-1246
-1058
-1056
-1164
-1117
-1139
-968
-617
-426
-234
-137
-208
-141
-3
261
454
434
516
820
1115
1006
1123
1546
1081
654
971
996
458
494
650
779
760
687
356
33
-398
-256
174
-371
-286
-218
78
271
457
214
7
-380
-401
269
395
768
759
1503
1654
1787
1212
542
443
676
343
1296
1655
1146
1361
1201
1169
444
266
893
834
707
417
615
289
-499
-209
-371
-395
-148
-473
-735
-181
-622
-806
-216
-455
-1075
-516
-135
-454
-405
-16
181
141
-13
13
104
106
210
1061
508
164
472
539
-11
201
559
469
150
423
67
21
344
-229
-347
-425
-447
-674
-112
-206
-713
-281
-346
-632
-202
-620
-772
-127
-700
-351
39
-36
589
783
1162
1030
555
609
470
503
530
645
1587
1734
1132
1618
1123
142
361
652
424
178
654
382
-99
413
303
-377
138
-289
-801
-702
-678
-871
-997
-591
-576
-1290
-1357
-1132
-1106
-1740
-1359
-840
-1229
-1036
-557
-375
-504
-48
-603
-851
-101
-375
-699
-206
542
719
-143
-146
-519
-606
-336
-187
462
103
-144
-206
-39
-918
-604
-20
-893
-374
-14
-823
-770
-526
-955
-1445
-682
-541
-636
-557
241
-441
-368
434
251
-126
89
368
-532
321
367
564
459
589
367
370
722
3
534
973
970
485
819
1353
-673
165
635
-60
-112
-19
-377
-16
-55
-957
-201
-661
-1078
-200
-363
-1129
-484
-784
-1581
-705
-657
-186
194
672
186
78
-632
-912
-51
-32
966
621
565
415
-252
379
-306
-316
157
-665
-333
313
-284
-47
365
-78
6
-125
-282
18
-400
-450
285
617
45
102
444
-658
-211
608
-494
6
793
-245
-74
400
-369
-150
627
254
223
620
185
-98
-337
151
123
-150
204
338
-350
-294
257
-466
-331
731
-44
-703
575
-202
-225
345
-252
-329
206
-549
374
41
-473
280
-207
-135
-467
492
273
15
376
-586
-560
78
-324
-128
628
-801
-276
732
-54
-888
95
739
-847
-150
295
-141
272
596
34
1008
352
-259
1097
-29
1127
1279
33
905
1440
-234
317
1489
423
-275
893
852
30
379
649
276
-38
425
76
773
-503
-1103
757
426
-1319
-102
859
-323
-197
250
957
18
-272
742
679
-303
195
1576
732
296
1015
861
949
904
-622
905
2077
-255
239
1841
375
-106
606
70
404
560
267
614
234
-1602
-525
-10
-444
-480
-182
70
-225
-138
-400
371
-287
-886
-283
886
-252
-584
441
508
-764
565
1191
-215
209
678
510
328
735
694
53
611
1356
413
-772
651
954
-923
173
389
-315
18
-535
-147
-216
-278
374
-193
-787
-912
-1176
-409
-968
-1301
92
-137
-1209
-885
-301
-869
-691
-702
60
-465
-106
-349
210
111
-1899
1211
482
-497
572
558
-508
-71
833
-363
-582
73
-64
-136
590
-640
-189
-525
-724
373
-803
-885
324
-565
-1539
-191
308
-1591
-1409
1041
-113
-268
437
62
117
-475
-149
-225
-290
-823
658
189
598
89
-368
292
516
778
-653
509
488
11
721
552
91
-424
-547
82
680
-843
-413
363
-976
-754
-315
-809
-1398
-952
-786
-463
-621
-512
36
-192
-1024
-507
373
-538
-729
590
811
-487
190
159
453
-292
389
-295
-364
1440
0
415
-49
1029
-574
-336
-270
292
-56
-615
734
-487
-532
277
248
-525
-326
138
537
294
-18
57
-113
24
-715
46
494
-589
-732
1419
115
-597
784
302
-22
871
246
163
422
-43
653
447
-325
852
59
-514
524
-278
115
267
3
-762
-1047
-37
-707
-982
-262
-277
-106
124
860
1
-318
-304
12
-1027
-821
1203
-674
297
742
319
656
-510
-817
1334
559
-1514
1297
939
-810
145
363
626
380
491
165
878
641
-997
-1204
178
-1086
-1472
941
249
-1397
79
-344
-815
598
-618
178
464
52
773
290
1137
517
201
703
708
658
841
534
942
1443
227
1071
1673
-364
1136
1798
-195
578
1047
-90
611
735
1245
148
398
582
450
-130
-567
-485
695
1330
-742
143
-42
156
18
485
396
-580
286
236
178
313
602
412
368
387
-54
34
630
433
-861
1532
647
-391
-381
451
450
-1035
966
-211
595
476
-932
758
-355
-310
207
-211
76
-279
228
-583
-985
-845
-558
-435
-356
-277
-55
349
-186
144
-683
-679
325
271
639
917
978
-370
13
543
74
-248
527
166
534
399
292
-538
74
1021
-963
-472
842
-462
-1395
-553
341
-211
-1486
73
-339
-1474
78
419
-1369
-816
518
-859
-428
-371
-864
896
569
237
78
-24
-790
-785
459
-629
282
142
-824
260
-380
-1912
-282
488
-1572
25
-100
-587
-947
-1121
302
-941
-1107
-648
83
-353
-301
-738
892
-1149
-2243
380
-125
-353
-531
227
-410
-69
-994
783
545
-13
285
709
552
-162
22
518
549
2
254
894
248
-128
-936
1122
147
-519
103
-1387
160
-1089
-1394
549
761
-918
-390
467
-598
-563
-631
109
-201
-343
116
407
443
-214
861
237
542
-180
859
-23
547
1057
-181
494
182
35
-539
-189
942
-199
-1488
-463
740
-327
-1773
787
342
-2430
-597
1474
-1254
-959
619
-1030
-819
94
-1236
-410
1431
-592
-903
1724
219
-1187
-557
747
-120
-472
229
1281
322
-790
893
619
-1234
-61
1335
505
-380
857
-668
-103
1228
-1276
522
899
-1189
267
370
-741
-368
-439
-403
200
-363
28
347
-242
-1090
-182
253
-704
536
-386
502
1264
-573
-667
1862
-121
-736
1926
1063
11
-204
644
920
429
269
1230
-615
-161
-170
-915
1071
952
-632
704
584
-559
-1042
1253
357
-1557
971
1242
-414
-740
178
-400
1323
-216
254
1306
-394
-675
539
245
-6
-378
999
1539
50
438
-183
1197
-428
-319
780
997
584
-732
866
820
527
-990
885
1725
-960
760
1179
206
-528
459
753
395
298
477
3
-54
648
-1087
385
99
-437
447
759
389
-554
-308
1001
66
-1107
1054
1919
671
-1264
-33
1312
-61
-664
1214
811
36
61
891
868
-1305
-257
421
1066
-455
28
1571
-1166
286
907
-552
-19
647
-1255
124
1386
-760
-1470
720
143
-439
632
-539
-398
-618
2
313
195
-1172
-57
-522
-152
1005
-768
-88
-481
-187
-138
52
-1152
-468
1219
-592
-1242
-403
51
-313
-326
593
-61
-519
-390
-718
-23
-520
-402
271
-531
-578
664
-651
-1389
496
-231
-643
782
-949
-468
501
-1839
-764
522
194
-421
-905
996
528
-1036
-1477
682
322
-1472
4
1515
-911
-891
1565
-356
-422
201
-783
111
1065
-648
-1088
415
679
-1135
-228
1117
-1061
-1100
928
-621
206
-81
-496
1328
229
-913
-302
-23
-738
916
-493
-879
928
-778
-1331
407
-77
-1875
-92
1472
-1751
-667
738
123
-458
-19
191
496
652
-498
-29
-52
527
-320
80
1336
-723
-1049
423
1347
-443
-1172
459
968
-605
-483
379
-108
-545
-693
467
-55
-16
-679
338
905
-1032
760
-497
-774
871
-85
-144
930
-104
-1119
681
395
-257
368
96
324
539
-559
-760
1334
-851
-448
782
334
281
-549
-33
386
-66
-140
-324
-320
-330
-173
327
705
-218
-98
-590
690
175
-772
643
-336
-567
-130
-41
-689
-206
-1557
820
701
-1130
-119
538
-316
-823
-428
901
440
-228
-570
1599
323
-1261
389
971
976
-750
-330
1073
739
-773
-552
1035
150
-1190
380
823
-362
-1491
-77
1872
-114
-530
1048
-149
-173
815
153
284
1253
-546
214
2541
246
-350
-81
1214
665
-399
912
704
267
12
1263
848
-910
-8
843
924
-56
-145
-138
583
187
-796
966
774
-695
-864
775
795
-189
-491
-631
1633
819
-49
61
670
644
-949
790
1220
-627
-873
616
1835
-607
-889
333
631
-55
132
277
-8
-93
-12
-301
1159
543
-618
-27
1407
288
-157
-656
-82
775
-253
-545
547
102
-433
-403
375
98
-61
-891
124
879
-1268
-776
1110
103
-1450
767
639
-439
392
-757
-137
711
-763
-201
-218
-274
-157
-298
-868
576
402
-952
980
402
-352
-828
-1325
824
1
-1334
-307
-335
-792
-502
-1498
-19
852
-1669
-1026
606
-78
-2080
-957
1031
-613
-674
-459
293
708
-1537
-1109
419
-541
-903
-505
-466
192
18
-910
-286
262
-1148
-154
20
610
-1125
-604
-42
-411
661
-423
-505
428
-294
-1114
-1143
-1
-1066
-841
-745
352
83
-985
-683
-993
476
-227
-268
313
-440
-552
815
228
-1139
428
-107
-871
1380
149
-613
-193
239
-500
264
302
181
-1132
-674
482
-699
-1003
-23
14
75
-505
-209
-202
-241
-799
-667
-225
90
-186
-724
156
-335
-425
169
-341
103
375
-1129
138
26
-16
-64
2
871
-551
-607
904
-665
-306
148
-525
196
381
-304
62
-435
-50
-233
-141
1366
74
-311
313
-372
366
249
-808
80
-38
14
-480
-334
-255
-601
254
588
-197
-380
500
-251
-599
814
159
-883
-140
-114
-454
-202
858
262
-314
87
-66
170
214
-120
750
-158
-628
-146
746
-741
-1278
257
280
264
-361
404
-620
-137
902
227
-464
141
151
-948
264
1710
159
-363
236
-258
136
878
-64
183
505
575
-594
481
907
-112
75
769
156
836
-43
-455
428
72
786
1279
603
270
235
-126
286
1122
300
383
572
681
624
59
246
116
-558
885
1451
55
-68
706
791
-553
470
1796
-423
180
731
453
547
-635
414
1543
379
550
904
-51
-110
563
950
-147
835
978
-469
310
1062
-467
-402
673
621
-30
-499
729
347
-798
-124
523
-30
-95
259
-294
323
425
-37
-239
833
630
-125
754
553
221
672
705
986
696
27
457
965
669
4
171
436
348
18
266
593
348
5
84
820
-111
621
758
-497
650
1207
99
389
961
8
-22
305
324
465
274
90
703
281
265
677
295
598
375
-189
26
83
-334
-180
-127
369
13
-1032
-205
214
-805
-1230
-491
-1089
-965
-348
-1231
-1741
-601
-1041
-1279
-966
-807
-1162
-1674
-1194
-533
-1475
-1160
-1398
-1496
-686
-1024
-1426
-1130
-1131
-1366
-1158
-951
-711
-514
-1188
-594
-165
-451
-56
273
183
283
667
1026
1300
1355
1464
1637
1721
2251
2405
2270
2407
2625
2658
2544
2552
2722
2531
1996
1947
2251
1838
1438
1759
1264
712
1062
520
460
529
415
-648
30
413
-967
-513
-759
-500
-1235
-1254
-1535
-1215
-1316
-1908
-1537
-2552
-2360
-1994
-2497
-2922
-3020
-2843
-3719
-3961
-3514
-3795
-3754
-3449
-2715
-1926
-2146
-2325
-2119
-1849
-1022
-9
599
739
1050
1081
1322
2012
2842
3154
3304
3527
3467
3335
3369
3561
3981
4306
4100
3879
3432
2934
2708
2638
2642
2682
2286
1415
1019
605
251
368
618
242
106
38
-448
-381
-434
-221
-141
-166
62
266
-364
-1062
-112
-149
-815
-395
306
-1301
-1686
-638
-1975
-2168
-1748
-1774
-2512
-3143
-3281
-3799
-3947
-4051
-4075
-4188
-3478
-2389
-2568
-3602
-4250
-3652
-2118
-987
-545
-294
-372
-690
-583
519
2133
2852
2747
2645
2893
3201
3300
3330
3709
4135
4289
4179
4593
4846
4088
3012
2845
3674
4207
3663
2767
2141
1468
1006
1134
1755
1905
1095
116
-36
473
581
267
235
393
192
300
228
-262
-319
-402
-476
-316
-179
-551
-1575
-2108
-1801
-1884
-1958
-2090
-2680
-3401
-3920
-4283
-4481
-4370
-4719
-4708
-2908
-1691
-2899
-4737
-5287
-3904
-1495
-197
-235
-306
-628
-1339
-1016
874
3107
3858
2933
2152
2665
3355
3283
3440
4054
4548
4279
3691
3813
4124
3694
2853
3010
3789
3759
2699
1579
1325
1375
1207
1273
1617
1410
339
-624
-467
500
830
79
-189
101
-172
-478
-296
-53
-36
-644
-1227
-1081
-955
-1528
-2162
-2309
-2008
-2114
-2819
-3394
-4010
-4596
-4983
-5236
-5435
-5426
-5166
-4216
-3094
-3720
-5907
-6754
-4776
-2248
-1308
-1585
-1713
-1844
-2170
-1778
217
2750
3627
2207
1002
1826
3221
3512
3416
4043
4668
4145
3087
3003
3906
4031
3329
3362
3757
3254
1820
737
1201
2043
1676
894
881
574
-418
-1035
-466
754
964
-256
-1105
-737
-413
-596
-462
223
527
-306
-1489
-1477
-1032
-1289
-1875
-1879
-1676
-2171
-3475
-4396
-4177
-4002
-4626
-5238
-5586
-5441
-4489
-3497
-3611
-5086
-6476
-5631
-3023
-1333
-1513
-2210
-2339
-2156
-1832
-387
2006
3390
2379
624
913
2812
3848
3598
3587
4237
4243
3216
2637
3467
4266
3847
3526
3818
3732
2255
926
1311
2693
2891
1796
908
735
253
-256
195
1463
1794
467
-902
-679
229
505
424
498
661
42
-1182
-1447
-735
-584
-1395
-1941
-1805
-2038
-3200
-4338
-4371
-3802
-4019
-5007
-5854
-5718
-4746
-3738
-3732
-4822
-5948
-5812
-4011
-2247
-1761
-1926
-2128
-2169
-1931
-883
1236
2989
2597
1170
1007
2410
3709
3740
3683
4262
4402
3569
2852
3366
4147
3955
3657
3921
3907
2616
1106
1086
2426
3085
2126
1068
638
163
-369
148
1478
2034
818
-721
-894
84
752
843
941
1046
429
-628
-973
-65
434
-324
-1069
-1178
-1309
-2048
-3016
-3329
-2976
-3187
-4102
-4983
-4744
-3834
-3511
-3898
-4432
-4867
-4579
-3476
-2669
-2026
-1741
-1952
-2148
-1747
-663
818
1759
1684
1373
1659
2347
3041
3362
3580
3999
3985
3553
3281
3632
3950
3797
3938
4462
4350
3035
1766
1838
2876
3408
2955
2213
1508
740
264
988
2335
2519
1178
-61
-189
383
920
1087
1255
1055
217
-654
-599
88
136
-599
-1206
-1309
-1628
-2269
-2767
-3015
-3199
-3721
-4459
-4927
-4787
-4316
-3784
-3655
-4339
-5113
-5050
-4119
-3094
-2443
-2071
-1911
-2086
-2353
-1599
161
1521
1622
1020
958
1505
1959
2313
3026
3839
3828
3108
2715
2995
3287
3199
3442
4159
3865
2358
1097
1151
2246
2783
2332
1706
1011
56
-605
180
1537
1930
782
-429
-607
-202
269
692
1060
878
1
-946
-926
-252
-73
-593
-1104
-1319
-1714
-2503
-3177
-3194
-3214
-3754
-4504
-4981
-4887
-4565
-4340
-4380
-4729
-5004
-4929
-4213
-3478
-3147
-2924
-2638
-2315
-1920
-1272
-342
546
802
789
1154
1920
2507
2534
2609
3141
3366
3192
2993
3061
3200
3024
3280
3895
3691
2544
1534
1548
2471
2827
2250
1591
1055
394
113
813
1812
1745
569
-311
-131
507
869
904
818
646
149
-365
-184
316
54
-708
-1122
-1119
-1183
-1792
-2559
-2779
-2991
-3594
-4109
-4198
-3913
-3590
-3963
-4522
-4511
-4190
-3989
-3671
-3356
-2969
-2466
-2352
-2231
-1742
-818
63
477
633
937
1480
1797
2007
2456
3054
3288
3042
2777
2933
3187
3084
3151
3831
4124
3071
1729
1460
2239
2967
2644
1900
1337
648
-1
368
1599
2042
1096
-59
-214
341
804
1000
1123
1076
525
-72
-113
469
586
-73
-731
-869
-892
-1392
-2045
-2346
-2608
-3197
-3826
-3997
-3758
-3522
-3636
-4252
-4583
-4471
-3939
-3512
-3189
-3043
-2829
-2437
-2153
-1812
-1011
-102
416
554
701
1358
2011
2290
2421
2778
3317
3604
3283
3057
3405
3544
3360
3775
4475
4057
2643
1751
2152
3192
3398
2505
1784
1376
693
749
1565
2360
2066
629
-131
376
1030
1185
1036
847
646
278
62
368
773
282
-620
-933
-886
-931
-1392
-1941
-2244
-2595
-3229
-3532
-3190
-2777
-2808
-3505
-4099
-3860
-3233
-2856
-2684
-2612
-2300
-1957
-1819
-1522
-896
-82
324
438
668
1147
1725
1888
1938
2320
2890
3076
2826
2599
2715
2923
2911
3419
3941
3457
2231
1504
1836
2774
3149
2382
1485
899
608
705
1380
1889
1382
294
-235
218
997
1114
851
513
219
-73
-191
-17
93
-383
-1130
-1412
-1336
-1480
-1989
-2474
-2760
-3190
-3644
-3934
-3807
-3365
-3540
-4227
-4660
-4349
-3584
-3117
-3172
-3107
-2688
-2320
-2038
-1702
-940
-106
154
76
418
1202
1719
1849
1747
1944
2406
2541
2335
2205
2396
2379
2495
3038
3173
2285
1201
1004
1804
2508
2150
1170
497
234
206
600
1317
1295
218
-741
-471
468
887
645
216
-37
-203
-276
-126
209
1
-821
-1298
-1146
-1065
-1488
-2036
-2511
-2742
-3053
-3324
-3148
-2896
-3164
-3787
-4012
-3492
-2814
-2658
-2968
-3019
-2531
-1833
-1361
-1098
-758
-287
-15
179
771
1562
1924
1808
1663
1941
2472
2704
2561
2450
2531
2436
2543
3026
3234
2587
1604
1356
1981
2547
2175
1334
685
460
410
649
1157
1095
190
-691
-529
263
745
547
94
-112
-282
-247
-96
132
-20
-694
-1316
-1254
-978
-1279
-1977
-2519
-2639
-2754
-2849
-2806
-2594
-2785
-3632
-3967
-3243
-2153
-1987
-2686
-2987
-2299
-1403
-1070
-777
-252
227
205
156
842
1917
2387
2045
1868
2304
2788
2830
2531
2550
2720
2632
2746
3315
3223
2123
1272
1454
2454
2824
1951
791
324
344
504
892
1307
821
-410
-1044
-403
562
736
188
-346
-486
-462
-386
-173
-13
-414
-1285
-1674
-1276
-1072
-1529
-2265
-2594
-2735
-2760
-2511
-2247
-2155
-2715
-3466
-3159
-1872
-1096
-1570
-2294
-2159
-1189
-370
-60
216
647
670
722
1282
2300
3066
2815
2230
2241
2889
3316
3162
2862
2848
2836
2966
3446
3721
2949
1719
1378
2233
3101
2721
1486
649
569
686
983
1474
1325
245
-797
-618
500
1142
643
-151
-499
-487
-352
-177
-7
-282
-1192
-1858
-1693
-1197
-1344
-2161
-2828
-3002
-2860
-2627
-2437
-2521
-2938
-3605
-3380
-2231
-1235
-1391
-2238
-2454
-1657
-474
238
458
587
666
695
1081
2069
2988
3122
2533
2194
2649
3132
3285
2989
2796
2700
2884
3235
2951
1958
1108
1107
1737
2415
1974
714
-206
-372
168
847
1102
369
-965
-1657
-1146
-170
405
42
-879
-1551
-1576
-1076
-600
-584
-1158
-2035
-2578
-2325
-1942
-1983
-2560
-3230
-3562
-3329
-2837
-2733
-3080
-3625
-3991
-3470
-2201
-1423
-1817
-2623
-2668
-1617
-304
338
370
356
373
543
1176
2337
3149
2950
2242
2059
2744
3430
3361
2963
2722
2821
3169
3293
2830
2050
1409
1419
2126
2546
1873
442
-416
-219
535
1020
704
-304
-1304
-1551
-910
8
394
-248
-1389
-1895
-1491
-800
-516
-931
-1713
-2374
-2539
-2267
-1948
-2144
-2941
-3636
-3592
-2952
-2483
-2806
-3430
-3795
-3433
-2451
-1522
-1349
-1956
-2447
-1929
-495
714
960
679
613
946
1486
2369
3287
3603
2957
2403
2818
3697
4043
3708
3225
3273
3821
3808
3101
2411
2087
2102
2514
2771
2146
763
-367
-363
585
1235
679
-579
-1490
-1565
-968
-244
165
-206
-1419
-2307
-1878
-821
-383
-943
-1956
-2565
-2537
-2380
-2235
-2268
-2777
-3587
-3779
-3101
-2546
-2768
-3574
-3944
-3284
-2117
-1356
-1478
-2058
-2345
-1680
-183
1040
1360
898
611
834
1727
2894
3796
3763
2978
2419
2867
3842
4296
4044
3478
3737
4117
3675
2917
2620
2667
2758
2882
2714
1954
639
-206
240
1346
1607
420
-986
-1483
-1111
-585
-53
373
-262
-1608
-2298
-1604
-501
-308
-1194
-2145
-2366
-2307
-2348
-2355
-2356
-2737
-3255
-3344
-2860
-2427
-2869
-3394
-3202
-2232
-1400
-1277
-1772
-2138
-1725
-572
695
1441
1349
1006
1022
1604
2595
3675
4171
3699
2918
2893
3770
4497
4462
4046
4326
4783
4163
3116
3026
3580
3702
3409
3094
2586
1562
451
439
1655
2066
766
-875
-1263
-708
-498
-500
-176
-440
-1755
-2787
-2280
-1058
-745
-1736
-2752
-2932
-2796
-2936
-2973
-2772
-2917
-3510
-3826
-3388
-2935
-3236
-3765
-3548
-2643
-1837
-1748
-2142
-2354
-1941
-859
321
959
862
548
562
1076
1978
2948
3518
3153
2346
2265
3067
3962
3997
3834
4248
4255
3183
2211
2621
3504
3603
2806
2022
1587
961
264
639
1623
1415
-243
-1641
-1462
-662
-564
-739
-681
-1088
-2137
-2782
-2213
-1304
-1472
-2555
-3320
-3362
-3252
-3516
-3596
-3398
-3504
-3976
-4199
-3950
-3846
-4059
-4130
-3603
-2792
-2335
-2422
-2792
-2741
-2039
-764
337
570
181
48
547
1318
2201
2991
3322
2858
2194
2257
3212
4075
4125
4327
4511
3743
2583
2408
3358
4257
3933
2725
1833
1356
997
1033
1671
1975
888
-730
-1277
-599
-88
-225
-462
-798
-1527
-2250
-2294
-1688
-1254
-1795
-2761
-3220
-3257
-3270
-3394
-3397
-3442
-3674
-3847
-3785
-3741
-3861
-3841
-3514
-2886
-2268
-2097
-2273
-2466
-2108
-1035
291
882
602
330
619
1243
1964
2796
3421
3328
2595
2112
2772
3684
4335
4615
4226
3220
2368
2384
3279
4164
3854
2638
1546
1136
1175
1456
1819
1616
650
-466
-753
-401
-95
-81
-395
-874
-1383
-1667
-1730
-1547
-1492
-1886
-2300
-2658
-2890
-3085
-3104
-3128
-3221
-3279
-3333
-3438
-3643
-3889
-3681
-3172
-2640
-2242
-2021
-2174
-2351
-1988
-904
348
742
451
303
693
1288
1982
2671
3189
3117
2411
2231
2861
3852
4619
4524
3604
2753
2509
2835
3685
4106
3417
2196
1383
1337
1661
1971
1718
1213
536
0
-47
86
291
112
-385
-856
-955
-1092
-1346
-1500
-1635
-1733
-2007
-2388
-2795
-2802
-2891
-3022
-2839
-2742
-2867
-3389
-3674
-3442
-2903
-2600
-2362
-1776
-1467
-1627
-1771
-1094
147
1003
990
854
1154
1570
1925
2393
3154
3668
3348
2721
2703
3596
4661
4803
4055
3319
3026
2956
3356
3987
3810
2670
1526
1169
1629
2001
1625
911
375
40
-231
-283
31
68
-635
-1344
-1228
-980
-1212
-1705
-2010
-1943
-1977
-2358
-2659
-2743
-2914
-3359
-3293
-2815
-2590
-3085
-3701
-3650
-3078
-2645
-2459
-1992
-1567
-1646
-1945
-1531
-410
443
530
291
595
1070
1235
1557
2251
2841
2740
2356
2329
3188
3890
3593
2921
2771
2803
2621
2663
2794
2607
1818
1135
1175
1494
1315
520
1
-41
0
-376
-614
-469
-689
-1309
-1489
-1170
-1246
-1778
-2287
-2347
-2169
-2386
-2760
-2898
-2861
-3180
-3660
-3547
-3059
-2939
-3433
-3729
-3520
-3169
-2948
-2771
-2224
-1721
-1603
-1678
-1314
-662
-135
322
708
1064
1229
1359
1650
2154
2563
2686
2776
3194
3666
3533
3031
2934
3235
3369
3246
2943
2501
2055
1648
1600
1799
1698
1004
163
-144
25
46
-174
-330
-633
-1243
-1556
-1340
-1060
-1235
-1701
-2068
-2256
-2302
-2448
-2498
-2518
-2705
-3141
-3329
-3042
-2800
-2948
-3213
-3125
-2890
-2758
-2644
-2450
-2056
-1583
-1175
-827
-556
-377
-104
485
1145
1612
1840
1916
1950
2063
2468
3001
3761
4078
3647
2893
2704
3172
3753
3976
3550
2726
1897
1560
1812
2222
2144
1345
414
-169
-131
75
91
-46
-494
-1156
-1534
-1384
-1180
-1265
-1561
-1836
-2027
-2244
-2363
-2517
-2537
-2579
-2730
-2894
-2969
-2949
-3062
-3191
-3089
-2837
-2741
-2673
-2677
-2641
-2147
-1430
-808
-561
-621
-537
-67
634
1279
1815
2061
2077
1970
2185
2813
3741
4340
3947
3289
2980
3191
3634
4095
4056
3373
2430
1827
1946
2335
2342
1785
1046
519
153
24
241
347
15
-637
-997
-958
-946
-1132
-1290
-1316
-1403
-1708
-2078
-2167
-2212
-2263
-2389
-2311
-2135
-2297
-2554
-2703
-2507
-2349
-2274
-2158
-2029
-2150
-2176
-1541
-565
36
-37
-279
-69
540
1205
1754
2251
2490
2344
2181
2688
3828
4447
4133
3533
3453
3579
3770
4042
4163
3778
2894
2280
2378
2581
2242
1692
1196
940
651
243
127
99
-306
-954
-1067
-821
-992
-1456
-1742
-1663
-1576
-1721
-2003
-2149
-2274
-2589
-2727
-2482
-2328
-2541
-2888
-3003
-2840
-2709
-2569
-2352
-2240
-2395
-2494
-2042
-1143
-579
-555
-590
-424
-12
439
973
1559
1812
1777
1782
2249
3023
3418
3426
3405
3401
3320
3265
3431
3573
3248
2649
2244
2142
1957
1525
1181
1018
790
267
-101
-277
-513
-959
-1260
-1212
-1182
-1479
-1919
-2039
-1959
-1931
-2210
-2454
-2472
-2710
-2963
-2982
-2787
-2767
-2920
-3030
-3029
-3055
-3079
-2931
-2645
-2445
-2500
-2468
-2144
-1613
-1130
-887
-691
-459
-180
160
657
1216
1606
1764
1872
2144
2599
2966
3054
3028
3116
3232
3234
3210
3235
3005
2658
2396
2228
2069
1688
1297
1052
895
610
246
-8
-349
-712
-933
-956
-955
-1173
-1609
-1756
-1699
-1723
-1811
-1910
-2031
-2279
-2496
-2483
-2349
-2361
-2426
-2515
-2574
-2591
-2525
-2363
-2121
-1970
-1993
-1886
-1546
-1124
-814
-566
-392
-196
148
571
1012
1318
1551
1781
2056
2312
2559
2703
2775
2852
2861
2950
2903
2813
2687
2537
2370
2146
1943
1657
1376
1070
846
628
454
174
-234
-509
-735
-862
-972
-1081
-1243
-1428
-1575
-1652
-1658
-1702
-1838
-2004
-2027
-2086
-2159
-2130
-2117
-2111
-2102
-2054
-1990
-1879
-1807
-1678
-1497
-1340
-1122
-953
-671
-439
-192
74
389
760
1020
1217
1420
1653
1850
2070
2253
2345
2386
2417
2348
2425
2477
2439
2278
2038
1845
1712
1597
1489
1336
1077
732
410
244
189
73
-167
-447
-642
-810
-962
-829
-762
-896
-1092
-1258
-1336
-1352
-1332
-1432
-1512
-1584
-1660
-1796
-1748
-1706
-1623
-1588
-1604
-1276
-1050
-841
-728
-641
-516
-244
76
303
608
774
963
1336
1737
2017
2157
2268
2255
2362
2574
2666
2680
2618
2502
2385
2241
2078
2073
1971
1681
1460
1227
1037
885
694
514
366
146
-118
-383
-402
-505
-680
-756
-872
-914
-995
-1091
-1200
-1295
-1427
-1474
-1455
-1489
-1536
-1653
-1719
-1640
-1552
-1518
-1462
-1393
-1323
-1186
-960
-695
-508
-435
-259
127
482
757
954
1120
1174
1337
1640
1902
2021
1904
1754
1774
1797
1735
1572
1457
1316
1071
986
959
891
681
434
335
222
80
-106
-304
-415
-545
-665
-733
-786
-881
-1021
-1089
-1106
-1080
-1221
-1408
-1506
-1493
-1480
-1560
-1606
-1723
-1797
-1860
-1844
-1735
-1739
-1788
-1853
-1665
-1416
-1222
-1028
-833
-621
-424
-191
133
470
655
758
937
1193
1426
1511
1602
1664
1636
1608
1599
1628
1511
1241
1035
928
832
670
467
325
162
-95
-235
-201
-193
-372
-592
-711
-777
-823
-924
-944
-937
-981
-1054
-1076
-1061
-1107
-1129
-1193
-1196
-1184
-1238
-1337
-1325
-1254
-1211
-1188
-1206
-1129
-1046
-898
-697
-531
-383
-329
-216
53
400
635
749
837
972
1133
1311
1504
1609
1585
1486
1427
1533
1496
1370
1240
1112
983
857
755
629
433
201
69
-9
-80
-232
-454
-579
-660
-715
-715
-759
-849
-1012
-1102
-1026
-967
-1027
-1113
-1168
-1194
-1198
-1174
-1056
-1058
-1142
-1163
-1037
-868
-778
-720
-605
-460
-321
-181
-2
243
362
416
576
802
960
1025
1126
1242
1334
1372
1406
1483
1423
1327
1230
1243
1244
1062
927
782
688
566
445
308
179
8
-172
-292
-379
-461
-511
-575
-658
-757
-858
-904
-903
-893
-926
-940
-986
-1013
-1030
-1055
-1062
-1001
-971
-964
-953
-958
-854
-726
-663
-420
-159
-71
49
255
541
782
943
1098
1265
1427
1553
1640
1763
1834
1780
1812
1761
1896
2041
1918
1847
1689
1508
1322
1227
1166
993
674
473
427
430
315
79
-96
-240
-397
-463
-482
-550
-630
-707
-704
-697
-748
-763
-835
-842
-816
-788
-751
-733
-776
-798
-731
-689
-572
-546
-549
-461
-491
-350
-162
57
204
323
425
553
655
898
1143
1292
1343
1408
1556
1641
1690
1745
1793
1751
1659
1544
1443
1390
1301
1167
1047
829
645
427
283
136
-61
-198
-382
-522
-698
-843
-938
-1066
-1168
-1319
-1441
-1535
-1523
-1568
-1522
-1450
-1426
-1352
-1364
-1297
-1245
-1203
-1111
-1099
-1094
-1084
-1059
-949
-846
-707
-522
-403
-341
-278
-183
-17
182
342
514
614
653
720
855
1068
1216
1257
1125
1036
1048
1160
1197
1155
1085
958
834
731
656
565
456
258
84
-82
-199
-339
-531
-634
-758
-878
-997
-1109
-1220
-1337
-1402
-1426
-1432
-1533
-1621
-1694
-1669
-1590
-1594
-1566
-1525
-1365
-1309
-1262
-1124
-982
-890
-826
-726
-578
-411
-256
-83
78
155
305
430
533
674
810
909
1010
1104
1111
1177
1249
1278
1267
1293
1270
1180
1098
1024
971
914
822
718
605
472
375
287
208
109
-53
-145
-212
-337
-392
-492
-576
-676
-778
-850
-869
-919
-1000
-1047
-1113
-1152
-1213
-1222
-1218
-1223
-1175
-1163
-1123
-1058
-985
-907
-802
-692
-600
-505
-439
-289
-141
-2
154
229
324
384
497
612
693
788
844
910
934
923
934
989
953
920
897
828
787
716
657
604
567
506
439
382
291
235
189
141
94
-11
-98
-206
-199
-240
-270
-359
-419
-520
-558
-562
-613
-628
-726
-755
-761
-700
-737
-769
-767
-773
-753
-711
-613
-573
-542
-496
-391
-288
-219
-124
-82
54
143
189
310
404
430
458
699
802
832
873
885
898
894
898
910
976
957
835
764
709
677
710
632
594
750
697
639
622
585
513
366
323
291
213
150
103
188
218
135
31
9
-6
-50
-97
-166
-159
-124
-95
-79
-163
-176
-154
-113
-24
13
-11
4
8
66
191
260
294
234
207
245
278
356
352
387
362
343
380
441
437
382
356
326
392
424
406
396
309
253
253
259
293
249
200
130
144
176
189
179
140
75
63
165
247
216
70
-24
-8
41
78
69
-39
-220
-355
-434
-275
-217
-327
-384
-447
-374
-318
-211
-138
-225
-307
-353
-390
-338
-388
-423
-411
-410
-325
-324
-373
-386
-410
-411
-359
-331
-315
-300
-310
-279
-243
-183
-111
-109
-186
-286
-318
-202
-154
-144
-201
-219
-193
-220
-229
-252
-259
-269
-317
-356
-328
-339
-363
-359
-350
-377
-421
-428
-429
-422
-427
-454
-450
-460
-475
-452
-428
-373
-396
-356
-343
-239
-132
-122
-89
-103
-130
-71
-38
-44
-26
-43
-17
-2
-56
-36
-22
-59
-76
-59
18
-23
-51
-30
-14
18
7
-1
32
35
-8
-9
-13
5
-37
-75
-76
-80
-76
-94
-91
-133
-149
-145
-139
-116
-180
-202
-211
-241
-235
-220
-229
-228
-253
-234
-218
-221
-216
-215
-190
-172
-188
-125
-134
-134
-113
-101
-72
-20
-6
-10
-18
-1
34
55
94
110
93
96
57
101
137
141
138
112
166
186
200
181
196
193
146
164
127
157
162
134
95
118
125
126
120
100
81
51
34
16
-8
-33
-148
-136
-130
-102
-128
-213
-222
-266
-227
-228
-229
-257
-295
-320
-264
-208
-199
-206
-234
-224
-227
-153
-124
-90
-67
-67
-3
24
70
89
126
216
188
236
231
275
292
386
557
560
579
567
570
615
669
606
615
633
571
546
489
506
496
549
458
573
693
615
589
544
540
436
409
394
338
263
177
276
370
361
252
168
135
88
100
89
90
70
14
37
-3
0
19
28
54
47
14
44
129
141
133
168
228
239
212
203
247
278
265
246
279
277
270
265
280
320
280
270
291
326
331
341
299
331
297
296
320
318
358
337
366
353
357
343
350
358
360
345
251
195
189
210
148
100
22
-21
-89
-210
-291
-412
-430
-473
-547
-502
-561
-552
-565
-527
-460
-518
-509
-537
-590
-602
-601
-546
-512
-527
-502
-444
-432
-430
-425
-395
-392
-373
-367
-259
-198
-214
-220
-215
-117
-39
-27
-141
-221
-140
-90
-11
22
28
25
3
28
33
63
68
44
27
53
69
29
53
33
-10
-26
-41
-77
-113
-166
-229
-267
-301
-342
-388
-396
-441
-550
