117
110
108
111
95
135
131
108
107
90
100
119
143
98
123
101
106
110
107
94
90
97
87
106
83
82
28
-5
-55
-126
-161
-175
-155
-152
-160
-109
-91
-79
-36
-30
-41
-62
-106
-103
-108
-188
-156
-182
-193
-193
-197
-197
-219
-223
-265
-273
-287
-190
-198
-230
-237
-275
-198
-162
-176
-322
-404
-366
-328
-301
-303
-299
-304
-286
-294
-278
-259
-317
-307
-323
-315
-290
-282
-262
-255
-256
-245
-237
-250
-237
-249
-227
-225
-262
-247
-261
-242
-238
-226
-209
-199
-170
-55
-12
-44
-31
-62
-23
1
-52
-26
-30
3
-2
-10
-18
-11
-4
-10
6
1
-14
-40
-3
-6
-39
-31
-42
-35
-33
-31
-22
-32
-33
-45
-36
-30
-12
-17
-1
10
-19
14
20
24
24
29
36
34
28
24
14
-2
10
19
48
40
2
31
0
11
-4
-15
-18
-7
-12
-42
-2
1
16
2
-2
6
-30
-24
-41
-28
-32
-18
-13
-27
-25
-19
-20
-13
15
10
37
48
-1
40
34
20
-4
5
19
12
24
25
31
65
91
86
128
121
98
118
102
126
107
137
117
138
156
159
177
173
182
172
202
213
174
199
190
204
229
237
220
196
186
179
197
193
197
192
190
190
148
171
168
179
188
193
197
176
152
169
152
285
353
298
332
347
310
342
359
344
328
299
279
246
194
156
167
190
255
268
188
300
230
203
176
120
115
125
93
18
36
187
283
256
208
167
206
228
235
292
314
335
335
345
354
367
405
409
439
444
473
494
539
550
508
581
573
573
570
549
535
555
569
559
553
590
593
578
579
605
555
563
569
573
581
583
581
553
550
561
515
469
474
432
453
448
381
380
346
299
270
248
209
155
128
72
40
-23
-67
-141
-208
-307
-448
-551
-616
-620
-643
-647
-650
-672
-697
-698
-715
-765
-820
-889
-925
-955
-1055
-1053
-1063
-1097
-1089
-1107
-1071
-1039
-1005
-953
-890
-894
-807
-705
-656
-602
-570
-417
-297
-171
-184
-225
-145
-16
107
204
294
348
437
490
539
570
524
521
519
550
590
615
634
657
653
629
647
634
646
623
616
612
550
536
479
458
425
375
332
298
256
300
356
273
240
166
134
117
4
-6
-61
-98
-136
-190
-222
-272
-291
-334
-394
-441
-446
-543
-546
-569
-671
-657
-706
-746
-769
-826
-852
-890
-968
-1004
-1053
-1083
-1092
-1123
-1126
-1090
-1096
-1044
-943
-868
-791
-742
-752
-745
-684
-603
-512
-420
-298
-213
-99
-1
21
135
203
293
395
476
561
650
728
761
785
834
807
773
758
755
757
786
789
804
795
777
761
740
729
727
745
729
751
748
764
792
725
710
672
658
602
579
554
504
525
470
426
404
396
358
329
296
212
223
154
168
112
96
78
7
-17
-59
-98
-144
-177
-248
-243
-295
-401
-400
-461
-524
-535
-572
-641
-692
-769
-828
-839
-927
-955
-992
-1053
-1056
-1121
-1115
-1086
-1040
-982
-867
-797
-728
-702
-674
-638
-518
-284
-214
-71
56
121
263
351
445
511
585
662
753
790
861
919
996
1086
1151
1155
1076
1123
1061
1023
1032
1051
1088
1079
997
940
1027
1159
1182
1122
1065
1066
1100
1074
1107
1123
1131
1115
1089
1071
1026
1001
1012
961
933
920
842
858
805
709
707
654
648
551
474
463
358
371
342
237
201
151
80
76
14
-83
-124
-193
-222
-263
-316
-367
-405
-488
-544
-572
-669
-719
-800
-829
-844
-932
-964
-1035
-1105
-1155
-1158
-1157
-1149
-1124
-1069
-984
-914
-863
-857
-832
-875
-876
-846
-822
-673
-544
-427
-308
-193
-122
-4
148
260
324
370
445
505
474
464
461
416
402
415
458
507
495
477
462
431
423
479
496
474
409
436
490
537
531
412
330
368
418
469
458
411
438
395
371
389
301
297
266
225
206
170
149
110
74
21
-6
-48
-61
-115
-149
-142
-270
-278
-315
-382
-406
-467
-509
-561
-617
-623
-564
-603
-665
-726
-801
-847
-950
-996
-1040
-1114
-1146
-1200
-1270
-1333
-1383
-1437
-1463
-1483
-1449
-1440
-1413
-1332
-1334
-1216
-1152
-1081
-1013
-943
-876
-781
-648
-527
-394
-292
-174
-68
45
143
213
361
468
559
623
633
626
622
622
624
651
663
692
703
715
735
708
746
735
730
728
736
726
712
719
709
716
752
774
786
817
797
755
744
690
711
725
637
646
613
581
547
480
447
430
365
351
332
239
236
188
133
110
33
19
-4
-82
-101
-164
-242
-247
-311
-341
-344
-469
-466
-506
-593
-610
-705
-758
-825
-876
-941
-968
-1041
-1087
-1121
-1144
-1158
-1251
-1259
-1253
-1238
-1225
-1172
-1160
-1120
-1099
-1056
-985
-890
-763
-666
-543
-429
-349
-208
-73
43
159
268
392
474
567
611
677
672
823
926
975
1088
1070
1105
1101
1122
1117
1131
1148
1160
1178
1148
1133
1150
1188
1242
1297
1210
1248
1279
1271
1261
1227
1258
1256
1221
1123
1086
1213
1271
1221
1096
1008
1021
945
945
900
863
812
741
692
620
589
534
505
458
383
341
316
290
179
121
96
18
-55
-142
-223
-295
-336
-423
-499
-537
-616
-686
-754
-818
-897
-954
-992
-1026
-1088
-1117
-1166
-1202
-1204
-1200
-1156
-1136
-1150
-1135
-1107
-1057
-1045
-977
-902
-802
-704
-582
-475
-342
-204
-58
51
165
281
354
427
482
386
366
320
317
387
464
526
505
593
551
574
631
680
679
690
702
645
630
566
590
569
597
573
622
644
621
637
649
625
600
675
630
502
454
441
497
432
327
187
103
88
101
77
-7
-74
-135
-190
-215
-252
-306
-333
-380
-406
-431
-446
-501
-524
-548
-609
-624
-663
-714
-698
-744
-821
-821
-896
-954
-1014
-1063
-1113
-1152
-1170
-1201
-1193
-1125
-1155
-1218
-1241
-1286
-1289
-1271
-1248
-1198
-1190
-1158
-1131
-1135
-1105
-1032
-967
-881
-772
-657
-535
-361
-281
-163
-83
-57
1
68
149
248
338
393
449
453
489
496
561
616
561
622
664
694
717
735
782
765
814
774
767
799
834
855
809
948
875
936
953
903
948
953
867
870
888
831
810
843
736
1197
1005
-126
512
494
63
393
175
171
122
-104
-33
-122
-177
-69
-177
-142
-116
-169
-208
-257
-293
-359
-399
-416
-439
-491
-539
-583
-649
-702
-733
-764
-803
-855
-955
-974
-1016
-1092
-1112
-1190
-1211
-1226
-1223
-1142
-1103
-1079
-1085
-1072
-1047
-1004
-977
-915
-763
-622
-561
-400
-273
-166
-71
-27
66
131
234
316
427
554
544
578
628
603
656
710
761
833
791
823
868
882
1039
1144
1288
1248
1188
1307
1188
1327
1306
1327
1386
1289
1405
1306
1310
1253
1318
1337
1413
1262
1255
1282
1218
1140
900
954
809
895
664
650
686
724
707
546
586
426
441
394
364
395
406
222
639
838
300
283
-90
-159
-55
-185
69
-177
-341
-142
-758
-582
-745
-917
-766
-1022
-832
-1027
-1162
-1035
-1343
-1409
-1367
-1399
-1332
-1225
-1087
-1104
-1080
-1055
-1014
-930
-829
-656
-535
-404
-310
-153
20
156
251
336
405
456
525
643
747
833
859
841
793
791
822
784
883
845
767
678
674
656
633
724
649
690
645
698
805
767
870
810
681
779
780
651
713
601
663
573
601
429
538
497
351
642
26
167
198
98
137
25
14
47
-77
21
-114
-492
-431
-324
-341
-310
-379
-447
-323
-604
-723
-781
-665
-745
-960
-889
-1077
-1017
-1165
-1323
-1108
-1376
-1337
-1548
-1464
-1614
-1779
-1783
-1972
-1913
-1973
-1707
-1668
-1550
-1560
-1598
-1552
-1494
-1284
-1144
-853
-697
-567
-420
-323
-170
-42
146
246
372
482
565
743
783
859
904
857
820
761
785
827
819
793
771
735
692
734
745
812
864
798
709
717
791
815
880
870
824
898
767
771
863
925
920
858
868
749
834
654
734
638
663
574
396
569
336
413
363
361
290
194
23
84
102
73
39
-195
-88
-226
-192
-435
-328
-474
-606
-449
-802
-709
-895
-908
-962
-1067
-1286
-1344
-1374
-1460
-1524
-1659
-1767
-2089
-2115
-2114
-1938
-1654
-1487
-1436
-1531
-1601
-1590
-1506
-1181
-847
-457
-275
-153
-109
-2
198
486
751
889
1072
1131
1241
1323
1367
1443
1423
1326
1207
1182
1246
1308
1329
1150
928
756
784
935
983
1048
901
868
742
728
867
895
929
914
934
829
977
969
1245
1058
1302
1194
1152
1122
1169
1222
961
1166
920
877
723
623
764
601
582
548
259
368
553
631
504
447
323
321
278
370
177
-48
-134
-3
-42
-468
-615
-795
-978
-1165
-1386
-1536
-1849
-2196
-2400
-2457
-2559
-2692
-2673
-2578
-2242
-2031
-1953
-2100
-2175
-1973
-1703
-1185
-684
-165
108
169
58
163
579
1171
1719
2100
2249
2271
2164
2133
2198
2388
2595
2640
2465
2301
2135
2091
1877
1786
1571
1218
1491
1417
1227
1028
1099
1031
750
559
657
628
731
633
553
577
516
647
755
773
810
465
648
674
389
634
802
717
445
412
276
510
691
795
238
-357
-830
-710
-280
-73
-333
-708
-1138
-1815
-2284
-2000
-1804
-1755
-1823
-2412
-2971
-3343
-3633
-3656
-3464
-3334
-3596
-3904
-4058
-4294
-4144
-3538
-2801
-2645
-3054
-3325
-3003
-2302
-1629
-978
-436
-73
-3
9
213
948
1847
2439
2499
2418
2525
2728
2971
3119
3160
3163
3022
2759
2557
2423
2385
2271
1839
1303
1272
1616
1694
1139
641
413
388
550
256
390
467
92
-200
-253
34
306
518
359
126
140
278
415
468
633
783
740
402
62
90
471
645
358
-125
-496
-361
-267
-618
-806
-973
-1283
-1599
-1749
-2109
-1841
-1998
-2648
-3219
-3603
-3606
-3839
-4028
-4050
-3983
-4327
-4720
-4602
-3799
-2828
-2567
-3187
-3898
-3760
-2712
-1577
-783
-217
272
223
-187
-99
969
2534
3568
3661
3145
2814
2919
3351
3884
4378
4636
4393
3743
3049
2928
3187
3391
3183
2780
2610
2461
2064
1397
926
789
1085
1164
876
650
406
-37
-486
-616
-150
650
1159
672
-172
-603
-447
-30
496
919
1210
884
-141
-941
-464
364
614
442
-92
-556
-911
-986
-1342
-1531
-1379
-1186
-1581
-2292
-3028
-3288
-3660
-4257
-4255
-4067
-3935
-4243
-4815
-5394
-4905
-3556
-2816
-3529
-4449
-4115
-2870
-1759
-1288
-692
30
233
-180
-64
1160
3054
4102
3936
3319
3118
3624
4278
4834
5373
5815
5338
4625
4077
3964
4520
4905
4813
4436
3822
3070
2484
2159
2180
2589
2891
2261
1138
374
169
429
498
288
401
629
207
-537
-919
-596
36
412
329
157
-97
-491
-853
-517
220
626
293
-665
-1399
-1483
-1286
-1295
-1181
-1291
-1533
-2356
-3458
-4024
-4055
-3810
-3655
-3916
-4454
-4946
-5335
-4944
-3937
-3167
-3407
-4472
-5003
-4233
-2521
-1279
-1001
-940
-926
-998
-686
494
2256
3560
3576
2737
2359
2872
3930
5000
5456
5263
4597
4035
3694
3843
4247
4624
4514
4031
3498
3246
3220
2805
2187
1820
2042
2296
1839
812
167
-31
-40
-118
35
499
379
-664
-1737
-1792
-863
101
31
-567
-1111
-1473
-1717
-1439
-737
-223
-508
-1250
-2143
-2558
-2206
-1676
-1298
-1560
-2333
-3065
-3884
-4430
-4197
-3915
-3899
-4300
-4912
-5676
-6166
-5384
-3686
-2981
-4267
-5995
-6189
-4315
-2275
-1428
-1530
-1709
-1871
-2186
-1660
352
2887
3887
2959
1545
1478
2816
4360
5458
5674
5174
4432
3868
3884
4372
5099
5588
5175
4281
3646
3684
3675
3166
2494
2618
3176
3070
1863
623
248
545
832
697
688
747
63
-1402
-2011
-1023
370
593
-522
-1585
-1787
-1494
-1257
-882
-298
-262
-1150
-2177
-2438
-1830
-1143
-1119
-1686
-2300
-2741
-3123
-3411
-3691
-3660
-3710
-4099
-4626
-5193
-5399
-4600
-3007
-2457
-4021
-6218
-6082
-3577
-1291
-1084
-1774
-1921
-1802
-1986
-1397
903
3348
3735
2118
961
1550
3184
4635
5394
5395
4878
4119
3744
4025
4688
5253
5479
5101
4474
3993
3726
3531
3245
3182
3415
3768
3278
1854
635
622
1441
1980
1625
865
353
-289
-1044
-978
176
1067
338
-1387
-2307
-1699
-937
-833
-852
-683
-1246
-2396
-3031
-2562
-1504
-1014
-1720
-2833
-3388
-3418
-3424
-3556
-3392
-3256
-3915
-4846
-5178
-5180
-4317
-2845
-1682
-2919
-5606
-6221
-3537
-265
187
-1271
-2098
-1520
-1101
-790
782
3324
4244
2479
621
1443
3890
5319
5441
5006
4753
4446
4089
4274
4974
5396
5317
5115
5016
4521
3953
3608
3542
3774
4230
4409
3509
1772
524
1169
2775
3345
2196
658
-184
-389
-173
417
1254
1356
-82
-2158
-2464
-912
415
78
-1047
-1617
-1768
-2151
-2603
-2007
-1062
-1004
-2322
-3209
-3390
-3174
-3130
-3545
-3547
-3660
-4176
-4935
-5451
-5435
-4556
-3065
-2126
-3280
-6129
-7256
-4851
-937
382
-1235
-2828
-2658
-1840
-1268
379
3134
4412
2545
132
662
3458
5410
5270
4708
4614
4301
3689
3667
4570
5380
5503
5363
5243
4446
3237
2830
3459
4386
4707
4059
2541
737
-168
869
2926
3487
1580
-888
-1740
-1123
-124
613
820
63
-1704
-3223
-2881
-1004
262
-540
-2307
-3026
-2582
-2191
-2521
-2512
-1941
-1642
-2863
-4015
-3930
-3412
-3666
-4297
-4088
-3837
-4526
-5715
-6167
-6089
-4669
-2704
-2009
-4526
-8073
-8033
-3709
356
-118
-3176
-4559
-3043
-1561
-816
749
2963
3185
822
-563
1652
4738
5323
4052
3658
4599
4819
3982
3690
4558
5328
5515
5574
5302
3960
2690
2938
4407
5503
5106
3628
1865
631
891
2949
4618
3449
142
-1648
-600
1008
1432
942
415
-522
-2039
-2718
-1456
346
414
-1519
-2988
-2485
-1560
-1799
-2877
-2339
-1280
-1530
-3462
-4571
-3685
-2753
-3101
-4062
-4241
-4184
-5112
-6133
-5838
-4391
-2361
-2153
-4507
-7875
-7942
-3838
272
-171
-3645
-5048
-3023
-1140
-1086
-535
1647
3001
1333
-542
732
3782
4675
3632
3431
4732
5187
3837
2753
3757
5620
6242
5528
4608
3781
3048
3309
4479
5505
5285
3844
1956
995
1591
3495
4741
3475
441
-1207
88
1721
1774
793
445
200
-950
-2319
-1630
585
1018
-1052
-2649
-1895
-1072
-1643
-2585
-1825
-671
-1158
-3182
-4591
-3663
-2137
-2325
-3485
-4364
-4181
-4789
-5896
-5687
-4100
-2081
-2193
-4699
-7727
-7446
-3931
152
-25
-3465
-5195
-3149
-652
-809
-754
1375
3254
1679
-696
375
3897
5035
3759
3553
5051
5392
3485
2551
4403
6606
6555
5180
4295
3856
3374
3840
5278
6173
5183
3334
1920
1910
2669
3788
4538
3497
998
-606
419
2068
2217
1071
513
245
-692
-1804
-1297
515
959
-666
-2415
-2062
-947
-1140
-2193
-1782
-450
-903
-3434
-4539
-2746
-1324
-2210
-4022
-4536
-3871
-4149
-5116
-5332
-3857
-1701
-1790
-5197
-8679
-7086
-1809
1028
-1603
-5388
-5081
-1948
-758
-1667
-829
1798
2548
198
-1388
904
4065
4171
2778
3298
4780
4029
1730
1827
4803
6680
5339
3341
3152
3567
3348
3806
5221
5647
4007
1902
1617
2607
3124
3407
3602
2374
-4
-783
936
2327
1460
-106
-559
-503
-1298
-2296
-1434
408
246
-2210
-3905
-2699
-1016
-1625
-3169
-2704
-1360
-2404
-4931
-5248
-2412
-1338
-3483
-5586
-4889
-4038
-5057
-6054
-5256
-2417
-1474
-3630
-7848
-8869
-4585
619
284
-4466
-6211
-3328
-677
-1597
-2033
593
2688
1031
-1428
-438
2960
4016
2816
2911
4649
4500
2081
1175
3900
6802
6024
3401
2403
3825
4135
3503
3794
4995
4606
2871
1842
2205
2971
3034
3343
3180
1838
-339
-293
1917
2866
1160
-338
-254
-174
-1256
-1661
61
1371
-460
-3199
-2915
-1045
-701
-1921
-2317
-1639
-1751
-3428
-4647
-3503
-1723
-1982
-4647
-5838
-4544
-3578
-4911
-6523
-3859
-632
-2462
-8223
-9559
-4145
854
-469
-5073
-5991
-2672
-105
-1760
-3020
-10
3555
2422
-1244
-1163
2987
4927
3259
2771
5022
5390
2266
933
4427
7901
6307
3027
2769
4571
4475
3198
3993
5681
4888
2244
1517
2905
3619
2800
2795
3323
2178
-320
-512
2021
3292
1222
-897
-469
319
-542
-1473
-188
980
-191
-2635
-2968
-1164
-540
-1651
-2382
-1585
-1586
-3457
-4642
-2783
-1083
-2635
-5194
-5351
-4377
-4064
-5369
-5362
-2637
-1212
-4025
-9149
-8856
-2486
1605
-2039
-7023
-5685
-813
-168
-3359
-2526
2253
3710
229
-1775
1424
4677
3835
2598
4592
6519
4291
1010
2438
7061
8347
5097
2714
4199
5675
4440
3396
5059
6404
4556
1844
1977
3854
4132
3185
3294
3481
1753
-464
457
3274
3509
765
-702
269
665
-410
-531
1069
1308
-808
-2737
-1770
-16
-468
-2109
-1733
-823
-2066
-3882
-4002
-2262
-1391
-3163
-5023
-5071
-4227
-3922
-5707
-4778
-1270
-1693
-7430
-10494
-5324
1040
-242
-6080
-6997
-2697
-310
-2877
-4035
-324
2900
1320
-1947
-1144
2774
3996
2455
2857
5236
5104
1981
1288
5118
8056
6091
2945
3383
5532
5058
3176
3899
5975
5294
2470
1498
3078
3907
3075
2819
3318
2356
-114
-640
1906
3542
1442
-1202
-1004
164
-309
-1255
-408
618
-451
-2658
-2882
-1254
-791
-1951
-2445
-1838
-2097
-3719
-4595
-2974
-1767
-2774
-5109
-6305
-4407
-3923
-5426
-4376
-2045
-2986
-7722
-9500
-4549
547
-1473
-6977
-7314
-2315
-104
-3739
-5244
-747
2932
540
-3257
-1790
2552
3308
1590
2400
4533
3445
734
1616
5702
7102
4220
2211
3751
5745
4734
3222
4394
6007
4896
2739
2569
3684
3793
3190
3516
3627
2047
-67
381
2914
3498
953
-793
88
754
-321
-896
328
1144
-494
-2735
-2427
-634
-524
-2171
-2540
-1627
-2016
-4060
-4960
-2822
-1401
-3675
-5871
-5497
-3970
-4263
-4551
-3074
-2342
-5152
-8372
-6325
-1243
149
-4343
-6906
-3659
253
-1549
-4967
-2336
2691
2594
-1630
-2481
1414
3752
2152
1847
4370
4664
1571
613
4269
7212
5068
2266
3057
4941
4502
2889
3690
5448
4707
2402
2357
3866
3684
2179
2650
4054
2995
371
-100
2178
3505
1695
-425
160
1290
534
-646
256
1495
590
-1440
-1823
-242
-16
-1376
-2103
-1388
-1333
-2940
-4157
-3506
-2038
-2724
-5122
-6114
-4347
-4226
-5058
-3404
-2247
-5274
-8947
-6758
-1188
87
-4810
-7370
-3860
80
-1474
-4689
-2540
2290
2602
-1325
-2231
1675
4218
2397
1752
4434
5357
2299
1050
4711
8023
5653
2365
3512
5961
5040
3198
4415
6190
4842
1854
2315
4729
4735
2059
2028
3926
3401
689
3
2465
3523
1747
-352
286
1271
558
-407
757
1954
372
-1656
-1254
653
567
-1037
-1479
-815
-1177
-2694
-3338
-1905
-1264
-3013
-4993
-5297
-3547
-3466
-4173
-3214
-2653
-5564
-8744
-6003
-350
-267
-5841
-7744
-3142
373
-2511
-5443
-1682
3159
1669
-2831
-2275
2746
4306
1786
1870
4858
4769
1354
1266
5678
8049
4828
2130
3937
5693
4007
3002
5653
6956
3769
675
2373
5380
4632
1642
1913
3754
2301
-663
61
3181
2932
-340
-1564
206
853
-954
-1678
470
1549
-1046
-3471
-1914
746
142
-2208
-2465
-1131
-1612
-3892
-4085
-1880
-1439
-4105
-6301
-5157
-4145
-3759
-2868
-3046
-5686
-8894
-7003
-1822
-430
-5073
-7941
-4631
-537
-2195
-5973
-3669
1570
1904
-2226
-3153
839
3246
1585
1477
4293
4465
1034
528
4915
7489
4463
1859
4082
6028
3897
1983
4778
7511
4616
603
1738
5235
4797
1665
1662
3905
2693
-806
-606
2900
3546
68
-1911
99
1395
-552
-2126
-310
1577
-655
-3826
-3032
30
131
-2571
-3311
-1479
-1622
-4467
-4804
-1993
-1489
-4715
-6670
-4840
-3415
-2917
-3029
-4035
-6646
-7757
-4214
-282
-1995
-6793
-6110
-1618
-540
-4242
-4825
23
2474
-650
-3063
-285
2999
2150
691
3152
5291
2634
69
3035
7422
6108
1824
2663
6334
5695
2016
2418
6742
7883
3189
408
3205
5516
3942
2475
4115
3874
573
-842
2160
4514
2311
-1238
-681
1902
517
-2109
-1016
1844
914
-2776
-3987
-1616
250
-1452
-3437
-2611
-1494
-3563
-5675
-4125
-2068
-3481
-6288
-6508
-3781
-1563
-3042
-6467
-8028
-5423
-1793
-1186
-4565
-7010
-4332
-834
-1669
-4358
-2930
960
1244
-1686
-1978
1253
2962
1470
1382
4039
4585
1399
709
4919
7638
4679
1479
3531
6315
4669
1901
3651
6700
5685
2691
2369
4120
3819
2419
3684
5631
3296
-696
105
4352
4805
1273
-462
1392
2654
607
-1293
586
2833
630
-2591
-2239
-62
-455
-2392
-2450
-1281
-1993
-4424
-5217
-3319
-2429
-5022
-7239
-5497
-1493
-1334
-5947
-9626
-7101
-1332
512
-3674
-7558
-5144
-723
-521
-3752
-3158
1162
1982
-1064
-1856
1563
3667
1790
1418
4962
5559
1429
50
4854
8747
5615
1052
2797
6444
5020
1770
3194
6631
5125
1151
2256
5318
4163
846
1573
5643
4835
-242
-1381
3206
5304
1940
-993
997
2939
666
-1029
709
2937
936
-2548
-1920
683
-46
-2863
-2902
-787
-1449
-4836
-6185
-3915
-2804
-4915
-7474
-5281
-1407
-2768
-8537
-10832
-5565
-216
-1544
-6999
-7518
-3475
-1249
-3231
-4242
-638
1647
-757
-2978
-497
2806
2195
450
2838
5554
2978
-640
1710
7262
7464
2491
1217
4631
5436
2576
2035
5241
5962
2365
771
3461
4291
1552
520
3900
5141
741
-2323
690
4587
3040
-705
-724
1729
1109
-1275
-704
2033
1747
-1900
-2973
-567
235
-2037
-3454
-1820
-1183
-4248
-6519
-5130
-3026
-4333
-7005
-5659
-2205
-3282
-8923
-10317
-4610
336
-2524
-7671
-7141
-2966
-1821
-4114
-3492
208
905
-2235
-3051
608
3179
1657
773
3542
4900
1931
95
3576
7496
6045
2524
2829
4937
4316
2750
3967
6145
4788
1577
1683
4128
4448
2246
2038
3766
3233
396
-153
2635
3965
1843
-277
820
1983
681
-574
788
2411
632
-2016
-1725
56
-151
-2046
-2547
-1769
-2536
-4953
-5724
-4135
-3549
-4820
-5376
-4325
-4380
-6664
-7914
-5705
-2839
-3025
-5389
-6111
-4571
-3247
-3082
-2521
-1096
-513
-1380
-1784
-265
1491
1984
1971
2465
2872
2241
1829
3080
4984
5334
3932
2771
3204
3921
3961
3957
4164
3930
2648
1850
2317
3301
3865
3334
2346
1490
1242
1663
2684
3096
2336
1384
1036
1192
1452
1798
1928
1756
1124
16
-443
-47
355
-58
-1088
-2124
-3050
-3651
-4246
-4327
-4201
-3584
-3221
-4278
-6483
-7879
-6154
-3371
-2589
-4303
-5626
-5360
-4053
-3084
-2364
-1146
-485
-744
-1307
-837
596
1828
2639
3302
2974
1823
1523
3018
4890
5298
4587
3632
3019
2782
3227
4297
4843
3755
2198
1724
2103
2547
2839
2760
2868
2496
1236
694
1425
2530
2889
2591
1867
1297
1261
1637
2292
2952
2617
1119
435
602
686
866
605
-337
-1861
-3212
-3902
-3662
-3129
-2638
-2865
-4058
-5658
-6960
-6153
-4330
-2972
-3307
-4945
-5969
-5255
-3682
-2307
-1427
-1037
-867
-1393
-1719
-399
1582
2978
3012
2319
2007
1833
2245
3651
5107
4977
3498
2126
2136
2867
3504
3911
3476
2406
920
203
846
1655
1910
1606
861
696
-111
-375
639
2058
2570
1468
22
-419
984
2157
2474
1929
1132
109
-221
566
988
569
-368
-1755
-3148
-3921
-3541
-2343
-1873
-3049
-4741
-5288
-5557
-5741
-4915
-3140
-2686
-4714
-6625
-5754
-3316
-1997
-2093
-1725
-1189
-1934
-2419
-866
1609
2275
1624
1355
1541
1337
1505
2982
4347
4203
2532
1428
1540
2130
2733
3105
2680
1520
391
-224
200
1271
1818
1052
-59
-676
112
1161
976
831
1144
1455
932
900
1200
1762
2388
2447
1790
927
588
702
1553
1451
91
-1503
-2244
-2240
-1764
-1472
-2018
-3107
-3427
-3573
-4237
-4540
-4005
-2648
-2521
-3953
-4764
-3850
-2791
-2168
-1489
-826
-1132
-1899
-1237
380
1175
1344
1457
1641
1406
1024
1868
2931
3056
2620
2451
2039
1342
1285
2256
2643
1804
795
37
96
297
365
532
457
-382
-1033
-738
394
1115
1061
540
154
731
1449
1748
2070
2341
1956
1439
1371
1633
1771
1366
722
34
-653
-1189
-1503
-1379
-1438
-1800
-2003
-2236
-3207
-4218
-3894
-2208
-1141
-2227
-3693
-3631
-2454
-1538
-989
-502
-247
-676
-823
-69
989
1615
1785
1939
1754
1238
1184
1862
2520
2760
2324
1517
873
677
1091
1519
1471
888
-34
-777
-880
-428
-1
-109
-568
-1083
-1428
-1234
-610
-40
628
1336
1042
626
409
1146
2829
3709
3237
2072
1729
1646
2069
2585
2394
1218
-113
-650
-654
-459
-532
-1040
-904
-1113
-2617
-4145
-3751
-1782
-908
-1779
-3122
-3124
-2588
-1955
-906
228
458
-453
-672
151
1181
1928
2445
2789
2524
1888
1656
2106
2918
3329
3126
2370
1451
764
926
1556
1869
1417
151
-803
-1085
-887
-694
-485
-417
-1091
-1830
-1943
-1430
-741
-343
-31
335
601
330
225
1127
2009
2765
2676
2051
1293
1232
1751
2076
2089
924
-392
-864
-399
-307
-622
-310
-542
-2015
-3738
-3377
-1503
-885
-1741
-2604
-2682
-2942
-2819
-1765
-549
-111
-628
-780
-615
-66
682
1572
2113
1863
1347
1009
1088
1570
2222
2480
2048
1044
235
189
651
855
556
-47
-693
-1385
-1912
-1619
-954
-835
-1605
-2295
-2223
-1952
-1921
-1632
-730
-289
-762
-1037
-448
859
1276
1275
1472
1704
1632
1155
1238
1786
2207
1345
389
-160
-349
-506
-540
-246
-110
-312
-1909
-3473
-3069
-1494
-807
-1215
-2018
-2776
-3067
-2443
-1032
20
-72
-684
-896
-622
-237
491
1433
1834
1610
1084
828
919
1301
1967
2543
2243
1057
77
186
827
1090
871
355
-389
-1204
-1610
-1342
-695
-576
-1158
-1949
-2039
-1865
-1803
-1237
-476
-367
-735
-763
-641
-109
763
1412
1832
1694
1159
1007
1608
1994
1861
1710
1284
734
-62
-537
-355
-292
-720
-574
151
-1085
-3281
-3644
-1788
-293
-553
-1753
-2707
-2666
-2225
-1273
-145
274
-254
-889
-783
-90
738
1167
1480
1576
1251
906
833
1138
1719
2268
2116
1270
422
54
264
779
981
488
-298
-977
-1422
-1404
-826
-483
-840
-1538
-1823
-1797
-1501
-892
-570
-317
-172
-303
-381
122
749
1352
1860
1917
1619
1387
1626
2275
2805
2401
1521
987
770
391
-7
-495
-876
-695
-75
-187
-1842
-3573
-3462
-1808
-624
-790
-1837
-2904
-3115
-2326
-942
303
457
-309
-861
-438
471
1103
1437
1809
2021
1859
1361
1068
1505
2293
2685
2295
1773
961
339
409
1022
1474
945
-123
-1079
-1314
-1052
-781
-607
-560
-868
-1644
-2082
-1627
-807
-159
84
71
-58
-154
85
914
1908
2509
2415
2016
1898
2077
2498
3070
3559
3321
2569
2013
1825
1612
1132
715
461
4
-977
-2022
-1723
-764
-1162
-2692
-3484
-3071
-2691
-2468
-2270
-2157
-2300
-2560
-2442
-1604
-566
-401
-502
-114
466
733
858
1257
1706
2160
2355
2092
1798
1750
1758
1764
1996
1829
1120
315
-44
-124
-94
-261
-908
-1568
-1907
-2041
-2266
-2265
-2066
-1883
-1931
-2096
-2077
-1883
-1528
-1071
-351
273
323
113
321
983
1787
2344
2477
2502
2442
2184
2230
2648
2969
2756
2227
1639
1317
1163
981
770
149
-1070
-2242
-2881
-3155
-3064
-2850
-2561
-3033
-4461
-5678
-5352
-4034
-2792
-2176
-2700
-3359
-3383
-2644
-1377
171
899
781
638
696
1142
1847
2548
2972
3244
3023
2259
1596
1559
1946
2317
2208
1422
299
-631
-950
-898
-640
-577
-1247
-2201
-2826
-2935
-2600
-2078
-1795
-1665
-1614
-1948
-2085
-1572
-630
111
613
733
783
977
1269
1924
2939
3514
3230
2810
2566
2690
3038
3186
2987
2704
2069
1248
757
463
327
97
-285
-967
-1684
-2406
-2772
-2611
-2371
-2479
-3044
-3861
-4666
-5007
-4787
-3215
-1215
-1115
-2741
-4420
-3848
-1241
868
1217
903
475
-124
446
1767
2925
3438
3214
2575
2433
2329
1902
2132
2517
2617
2296
1408
13
-779
-472
26
340
-16
-1026
-1992
-2550
-2538
-1793
-847
-667
-1364
-1974
-1791
-1263
-617
9
593
1010
890
529
614
1281
1816
2228
2641
2598
1964
1299
1063
1525
2094
2072
1767
1219
595
-459
-651
-195
247
288
-676
-1629
-2277
-2157
-2006
-1224
-942
-1562
-2026
-2491
-2209
-1762
-1127
-904
-593
-703
-1040
-851
-780
-229
91
175
-647
-652
989
1938
1277
-281
-558
263
1521
1842
1455
1196
387
-139
474
1391
1663
1305
659
540
818
930
679
498
754
952
817
464
43
103
535
866
994
913
574
6
-59
362
862
1064
661
247
124
200
111
221
433
270
0
-250
-218
-185
-220
-429
-279
-74
-334
-623
-805
-681
-510
-415
-422
-372
-432
-661
-614
-326
-48
211
463
805
846
426
150
422
1055
1440
1416
946
648
339
356
681
876
840
445
16
-369
-405
-410
-319
-237
-406
-584
-964
-1202
-1262
-940
-621
-584
-647
-677
-479
-302
-109
250
802
1141
1072
1055
1132
1295
1295
1340
1446
1384
1017
596
343
255
99
-120
-373
-656
-1182
-1603
-1825
-1855
-1852
-1986
-2019
-2172
-2268
-2384
-2242
-1940
-1688
-1521
-1574
-1549
-1696
-1663
-789
390
542
-235
-759
-333
727
1078
944
923
838
567
654
964
1012
961
592
523
622
345
-77
-373
-371
-196
-36
-262
-595
-897
-1005
-738
-428
-215
-206
-288
-506
-523
-262
82
326
215
138
313
391
286
286
433
484
516
384
306
197
-42
-137
-33
37
-176
-466
-718
-771
-804
-851
-785
-814
-978
-1076
-957
-794
-777
-794
-645
-384
-302
-341
-228
-12
92
188
392
716
1203
955
591
396
495
785
1053
1051
722
383
-49
128
196
145
45
-130
-285
-496
-556
-699
-624
-1138
-878
-606
-90
580
18
-295
-558
-342
429
1035
1217
1502
1006
597
1101
1353
1209
1019
934
933
906
656
350
-71
-405
-588
-620
-666
-899
-1263
-1538
-1570
-1531
-1435
-1495
-1484
-1516
-1520
-1248
-987
-786
-795
-761
-483
541
1158
956
590
480
994
1602
1778
1645
1513
938
743
903
937
935
459
-62
-272
-287
-588
-849
-1071
-1037
-821
-755
-756
-879
-941
-910
-529
-83
338
594
453
414
693
1101
1354
1406
1297
1228
1071
1013
1431
1698
1293
776
411
429
687
422
402
375
-83
-401
-483
-471
-463
-550
-682
-588
-432
-365
-415
-386
-258
45
304
393
420
388
394
665
1009
1114
1112
979
785
796
780
757
727
618
460
240
41
-126
-189
-294
-398
-403
-404
-431
-603
-600
-327
-112
18
108
305
527
617
614
781
1070
1250
1189
1090
1115
1122
1081
855
732
588
452
262
87
-111
-430
-706
-860
-815
-937
-1072
-1237
-1264
-1152
-1041
-924
-883
-794
-740
-565
-299
-162
-73
45
100
7
19
357
979
1384
1096
603
307
250
409
578
586
504
87
-436
-549
-511
-439
-428
-615
-753
-769
-962
-1163
-1062
-766
-500
-297
-308
-351
-306
-402
-397
21
451
492
365
160
192
345
387
394
460
413
226
22
-170
-240
-307
-322
-327
-426
-587
-799
-973
-1001
-919
-836
-812
-806
-879
-880
-777
-529
-163
166
523
316
202
177
398
757
845
720
578
538
375
338
182
188
92
-63
-126
-232
-310
-557
-632
-562
-379
-358
-488
-585
-662
-567
-518
-370
-642
-752
-26
314
-4
-269
-11
199
308
257
380
601
414
145
173
337
246
158
63
-51
-3
-70
-403
-525
-371
-382
-398
-304
-438
-523
-443
-484
-404
-69
18
-60
28
-11
147
250
148
256
482
369
176
115
19
98
90
-39
87
26
-242
-340
-288
-212
-133
-172
-190
-47
-85
-157
-42
99
153
227
265
344
527
445
419
482
519
570
562
516
388
215
146
118
72
-45
-86
-170
-85
-83
178
330
7
-261
-467
-208
53
118
-101
-135
-313
-326
-159
-245
-101
-326
-388
-344
-231
-231
-401
-491
-479
-369
-364
-260
-393
-473
-398
-158
413
637
734
752
795
966
1134
1326
1436
1593
1525
1376
1239
1130
987
797
731
558
432
193
71
-176
-272
-242
-290
-220
-252
-224
-268
-259
-142
11
362
666
644
606
677
791
948
1020
937
864
857
770
663
511
238
147
80
-56
-267
-490
-638
-709
-758
-861
-855
-957
-1172
-1370
-1554
-1262
-428
-47
-126
-111
48
279
590
826
1114
1336
1269
1269
1389
1324
1122
978
874
778
722
456
60
-272
-499
-592
-579
-547
-662
-850
-896
-791
-659
-335
-130
-48
218
431
599
748
859
963
1168
1263
1193
1139
999
855
824
989
1242
1650
1296
650
100
-293
-217
-156
-344
-557
-869
-1459
-1520
-1530
-1513
-1391
-1469
-1407
-1187
-1119
-1098
-1040
-927
-699
-315
45
136
-43
-238
-314
-243
-246
-547
-904
-757
-73
303
-172
-1008
-1548
-1344
-347
344
133
-377
-770
-858
-427
203
466
340
18
-3
240
367
234
34
30
278
508
377
24
-385
-508
-256
114
446
430
-62
-511
-469
-227
102
334
231
43
-85
-139
-177
-86
-41
-1
106
134
-28
-275
-469
-448
-302
-93
-101
190
544
294
84
-19
69
343
605
569
769
545
226
252
83
152
317
282
281
154
-232
-432
-546
-655
-412
-317
-409
-547
-900
-1047
-963
-785
-481
-287
-508
-829
-1144
-1298
-1336
-1712
-1685
-589
851
1037
109
-773
-757
-165
531
1429
2014
1720
959
640
863
1084
1035
887
995
1095
810
285
-263
-556
-639
-458
-117
-86
-549
-1126
-1314
-1157
-699
-290
-80
-91
-322
-485
-375
-95
249
538
719
680
393
120
-26
20
174
371
480
327
-144
-595
-771
-485
325
820
874
659
258
147
466
807
1267
1522
1397
1410
1331
920
678
511
434
627
659
451
58
-611
-1095
-952
-649
-423
-485
-747
-1022
-1101
-1233
-972
-1101
-1441
-1732
-1929
-1558
-613
765
1513
1171
198
219
895
1556
2139
2563
2845
2450
1791
1588
1462
918
556
597
561
382
-50
-695
-1323
-1618
-1582
-1277
-1016
-989
-1059
-1073
-775
-338
42
411
688
936
1152
1462
1598
1547
1552
1668
1689
1389
1077
871
615
282
57
5
-131
-354
-548
-360
-31
97
108
278
679
981
1086
1347
1630
1785
1921
2041
2142
2094
1731
1319
1131
968
681
262
-190
-647
-1393
-2150
-2722
-3252
-3680
-4104
-4262
-4276
-4511
-4612
-3723
-2064
-354
243
-136
-146
587
1440
2435
3747
4490
4092
3115
2886
3026
2478
1481
1058
737
-64
-1042
-1936
-2787
-3578
-3884
-3622
-3269
-3145
-3226
-3146
-2730
-1878
-983
-202
560
1111
1525
2012
2663
3069
3109
2963
2859
2593
1972
1411
868
289
-246
-598
-901
-1285
-1769
-2146
-2194
-1961
-1428
-700
-42
254
445
667
1115
1736
2172
2484
2746
2678
2180
1649
1116
773
306
-430
-1064
-1857
-3032
-4086
-4848
-5479
-6104
-6564
-6576
-6036
-5084
-3962
-2344
-1010
-605
-476
461
2073
3458
4626
5450
5709
5114
4483
4357
4086
3155
2212
1583
702
-549
-1762
-2719
-3673
-4396
-4482
-4286
-4227
-4148
-3815
-3219
-2388
-1286
-239
652
1461
2235
2989
3721
4314
4518
4371
4007
3650
3123
2414
1688
1028
318
-295
-798
-1476
-2044
-2126
-1958
-1639
-1338
-1142
-754
-293
102
702
1323
1657
2049
2273
2245
2156
1737
1005
385
-284
-971
-1740
-2631
-3655
-4658
-5747
-6465
-6738
-6642
-5750
-4584
-3235
-1844
-1144
-1102
-563
760
2594
4238
5280
5918
5847
5121
4666
4664
4235
3413
2599
1894
821
-579
-1879
-2960
-3861
-4338
-4171
-4030
-4121
-4116
-3759
-3100
-2146
-1032
105
981
1688
2498
3281
3840
4262
4465
4391
4088
3553
2885
2160
1554
1271
952
623
60
-910
-1650
-1974
-1864
-1308
-831
-695
-379
-149
12
454
797
1146
1488
1460
1225
866
293
-495
-1385
-2115
-2658
-3252
-4087
-4729
-4982
-5282
-4916
-3934
-2737
-1224
-410
-361
-64
818
1988
3380
4534
5371
5589
5033
4545
4438
4007
3178
2427
1932
1373
281
-924
-1873
-2780
-3377
-3381
-3036
-2866
-2924
-2817
-2195
-1347
-571
367
1328
2059
2585
3114
3648
3941
4036
3903
3726
3438
2821
2232
1970
2021
1695
835
21
-609
-1019
-1114
-1009
-844
-656
-720
-592
-298
-227
-284
-160
-33
90
42
-136
-419
-1088
-1816
-2653
-3356
-3810
-4311
-4654
-4727
-4604
-4005
-3283
-2627
-1390
-100
321
379
903
2259
3614
4009
4177
4603
4408
3490
2905
2658
1980
703
-189
-283
-815
-2257
-3337
-3577
-3727
-4021
-3802
-3015
-2517
-2564
-2104
-803
157
601
1165
2142
2908
3115
3203
3374
3235
2727
2370
2120
1542
1042
1343
1439
659
-446
-1232
-1326
-998
-1011
-835
-375
-442
-414
41
220
283
244
107
433
445
-120
-592
-1206
-2035
-2639
-3362
-4149
-4831
-5695
-6303
-6066
-5649
-5247
-4161
-3436
-2088
32
1353
1651
1769
2524
4223
5511
5580
5598
5698
4986
3889
3106
2639
1407
-349
-1135
-1127
-2015
-3623
-4607
-4743
-4698
-4773
-4192
-3005
-2444
-2318
-1310
396
1528
1938
2587
3704
4332
4283
4473
4708
4218
3225
2496
2304
2491
2069
790
-177
-893
-1565
-1553
-1337
-1305
-1133
-1115
-723
231
481
206
583
967
1158
1340
1093
793
346
-552
-1130
-1732
-2854
-4206
-5285
-5666
-5825
-6214
-6312
-5790
-4930
-3974
-2302
-3
1310
1219
1183
2791
4926
5708
5553
5945
6328
5411
4156
3633
3034
1271
-534
-872
-760
-2089
-4098
-4843
-4704
-4886
-5137
-4361
-3098
-2776
-2508
-1064
848
1676
1826
2718
4122
4698
4608
4893
5173
4469
3477
3480
4134
3593
1703
381
42
-413
-1035
-1300
-1274
-1299
-1662
-1452
-502
-245
-714
-534
229
799
892
506
398
337
-161
-753
-1079
-1793
-2875
-3793
-4397
-4825
-5431
-5510
-4862
-3862
-2974
-1792
98
1651
1702
1524
2478
4234
5550
5607
5843
6206
5550
4076
3222
2711
1469
-161
-754
-464
-1226
-3163
-4357
-4281
-4240
-4448
-3978
-2628
-1758
-1601
-820
832
2012
2150
2605
3898
4840
4835
4712
5010
4709
3908
3770
4255
3892
2251
811
402
356
-201
-703
-606
-459
-745
-716
-232
-71
-462
-586
7
713
835
276
-184
-367
-767
-1250
-1651
-2439
-3386
-4175
-4822
-5344
-6062
-6508
-5755
-4497
-3438
-2070
-287
1381
1711
1231
1880
3743
5077
5251
5433
5793
5395
3705
2288
1915
1104
-600
-1627
-1447
-1851
-3553
-5085
-5044
-4636
-4991
-4900
-3506
-2165
-1849
-1356
223
1795
1972
1981
3251
4585
4605
4129
4299
4682
4326
3477
3392
3207
1764
207
-108
-40
-557
-1386
-1572
-1041
-1086
-1540
-1320
-793
-780
-763
-238
520
786
-41
-709
-631
-752
-1243
-1602
-2220
-3063
-4040
-5320
-6013
-6701
-7552
-7423
-5828
-3816
-2005
-789
234
958
655
865
2569
4741
5685
5646
5880
6066
4847
2690
1542
1178
281
-815
-1131
-1309
-2728
-4818
-5558
-4921
-4711
-4878
-4059
-2398
-1351
-1132
-390
1070
1862
1870
2789
4509
5220
4757
4415
5201
5559
4652
3980
3629
2626
1365
753
853
845
-335
-1090
-630
-590
-1161
-1416
-1183
-702
-407
-284
172
331
-516
-1291
-1193
-908
-1128
-1704
-2380
-3017
-4063
-5338
-6024
-6741
-7510
-7311
-5448
-2828
-1050
-255
619
1201
1003
1335
2976
4896
5676
5702
6109
6239
4649
2318
1194
886
280
-599
-930
-1238
-2838
-4756
-5196
-4620
-4368
-4364
-3388
-1705
-654
-453
167
1407
2060
2302
3212
4539
5073
4566
4439
5267
5388
4437
3685
3165
2399
1466
732
766
694
-222
-482
-45
-131
-576
-809
-708
-54
366
475
714
559
-267
-908
-1111
-1231
-1425
-2067
-2713
-3374
-4407
-5716
-6870
-7717
-8142
-7655
-6445
-4067
-1647
148
1449
2033
1899
2239
3500
5028
6293
6644
6935
6824
5550
3491
1928
969
146
-543
-972
-1185
-2556
-4369
-5113
-4847
-4545
-4200
-3245
-1775
-652
0
1034
2258
2863
3114
3923
5166
5807
5554
5562
6268
6280
5341
4496
3780
2715
1580
778
638
502
-330
-541
-262
-574
-992
-990
-659
-2
584
832
1274
1230
612
104
-221
-631
-884
-1251
-1961
-3019
-4441
-5839
-7314
-8453
-9062
-9064
-8207
-5710
-2690
-605
121
334
971
1793
2722
4230
6383
7471
7527
7202
6461
4713
2335
855
610
602
-319
-1587
-2884
-4356
-5816
-6512
-5944
-5088
-4460
-3528
-1934
-701
-51
492
1544
2921
3846
4580
5315
5841
5878
6027
6060
5723
5031
3894
2836
2107
1155
46
-489
-972
-1159
-1176
-1466
-1677
-1696
-1831
-1521
-610
54
446
467
331
226
-218
-906
-1253
-1318
-1745
-2516
-3512
-4745
-6358
-7938
-9073
-9640
-9756
-8669
-5791
-2693
-750
-124
36
116
673
2100
4436
6501
7171
7358
7191
6087
3955
1980
1083
876
629
-141
-942
-2451
-4402
-5670
-5870
-5337
-4988
-4351
-3095
-1625
-757
-299
204
1003
2046
3216
4538
5609
6014
5984
6191
6165
5809
5391
4596
3743
2990
1909
828
163
-542
-677
-678
-1037
-1203
-1398
-1842
-1752
-996
-380
121
232
163
132
-393
-1119
-1433
-1484
-1814
-2575
-3473
-4439
-5740
-7260
-8361
-9185
-9935
-9006
-5710
-2046
-96
272
219
413
559
1456
3861
6329
7435
7814
7962
7015
4579
2100
1318
1623
1376
628
-245
-1533
-3221
-4709
-5211
-5102
-5058
-4675
-3270
-1453
-452
-393
-487
40
1016
2203
3534
4886
5739
6152
6413
6239
6044
5585
4731
4351
4135
3199
2035
944
202
126
-265
-780
-875
-1191
-1774
-1804
-1310
-1000
-821
-804
-585
-449
-850
-1490
-1959
-1995
-2370
-2788
-3291
-4315
-5483
-6654
-7813
-8571
-9187
-9093
-6640
-3059
-5
1222
737
285
595
1605
3169
5401
7298
8318
8438
7657
6201
3966
2051
1492
1877
1924
1081
-297
-1670
-2767
-3856
-4536
-4685
-4306
-3485
-2124
-494
214
44
-361
145
1491
2814
3889
4722
5767
6499
6418
6345
6224
5334
4458
4338
4062
3416
2226
1191
1043
522
-307
-717
-1037
-1567
-1549
-1149
-1004
-1040
-1228
-1155
-899
-823
-1186
-1663
-2062
-2467
-2654
-3047
-3843
-4641
-5571
-6504
-7330
-8351
-9062
-7667
-4325
-860
1005
867
409
296
461
1014
3349
5920
7132
7868
7916
7178
5190
3109
2272
2109
1689
1502
1144
212
-889
-2427
-3812
-4652
-4993
-4614
-3422
-2025
-1055
-1037
-1409
-1058
-190
725
1679
2842
4536
5910
6423
6920
6883
5660
4506
4211
4110
3928
2855
1618
1085
128
-830
-1510
-2183
-2844
-2986
-2761
-2479
-2277
-2464
-2429
-2268
-1987
-1686
-1769
-1916
-2083
-2243
-2562
-3242
-3896
-4383
-5271
-6109
-6562
-7328
-8094
-7558
-4958
-1753
9
69
-390
-284
-2
1089
2967
4240
5006
5642
6672
7153
5681
3482
1803
1242
1594
2111
2162
1209
-280
-1619
-2487
-3191
-3968
-4449
-4337
-3249
-1684
-929
-1149
-1684
-1790
-1150
-126
1350
2981
4113
4980
5990
6664
6174
4973
4286
4310
4622
4580
4131
3389
2051
691
-112
-898
-1792
-2389
-2476
-2284
-2150
-2322
-2756
-3221
-3578
-3413
-3025
-2761
-2522
-2522
-2667
-2928
-3304
-3752
-4409
-5058
-5125
-5271
-5341
-4373
-2740
-1053
-219
-114
-67
29
223
866
2162
2972
3615
4314
4827
5038
4127
3022
2346
1983
2100
2482
2545
2160
1423
394
-423
-1242
-2050
-2550
-2601
-2165
-1454
-1151
-1483
-1830
-2096
-2078
-1611
-724
483
1489
2426
3649
4320
4066
3640
3398
3575
4046
4338
4638
4476
3607
2849
2224
1187
240
-219
-453
-477
-576
-812
-1307
-2244
-2856
-2924
-3011
-3067
-2944
-2789
-2838
-2989
-3224
-3583
-4111
-4669
-4807
-4721
-4866
-4514
-3521
-2404
-1419
-1113
-1026
-1017
-977
-555
48
848
1570
2246
2835
3151
3380
3230
2798
2622
2835
3329
3649
3755
3739
3333
2624
1953
1401
772
162
-31
154
305
206
-336
-751
-1187
-1699
-1698
-1423
-943
-324
601
1171
1264
1360
1316
1436
1797
2168
2970
3450
3604
3899
3789
3277
2787
2491
2261
2261
2312
2299
2119
1303
673
127
-615
-1149
-1505
-1616
-1920
-2241
-2613
-3275
-3801
-4472
-4932
-5305
-5936
-5957
-5826
-5152
-4193
-3864
-3418
-3362
-3286
-2848
-2785
-2108
-1210
-570
404
1306
2173
2631
2745
2912
3182
3543
3845
4510
5042
5120
5176
4725
4259
3754
2936
2486
2121
1876
1824
1481
907
173
-614
-1356
-1839
-1791
-1428
-1213
-1158
-893
-731
-937
-926
-929
-709
-194
188
995
1578
1574
1576
1664
1640
1612
1731
1684
1845
1928
1747
1406
679
48
-485
-1027
-1473
-1728
-2190
-2809
-3464
-4145
-4902
-5608
-6218
-6725
-6541
-6080
-5426
-4756
-4607
-4500
-4230
-4108
-3879
-3163
-2448
-1702
-702
311
1344
1932
2040
2343
2688
2890
3435
4041
4433
4791
4892
4805
4485
3710
3003
2501
2122
1971
2031
1771
1347
933
229
-451
-913
-969
-885
-902
-591
-308
-197
-288
-462
-389
-331
-251
283
926
1255
1493
1664
1567
1385
1243
1108
1063
1005
1068
1077
659
183
-322
-934
-1535
-2042
-2365
-2743
-3257
-3668
-4040
-4644
-5406
-5888
-6022
-5370
-4694
-4216
-3919
-4114
-3856
-3595
-3461
-2776
-2154
-1411
-484
450
1395
1886
1965
2105
2555
3019
3541
4223
4591
4781
4852
4703
4551
3969
3217
2706
2244
2134
2043
1629
1015
534
129
-317
-646
-736
-873
-934
-668
-286
65
36
-136
59
356
569
976
1374
1553
1938
2275
2278
2098
1712
1416
1200
1021
1003
751
192
-314
-608
-1064
-1710
-2386
-2991
-3409
-3702
-4059
-4183
-4705
-5362
-5668
-5850
-5180
-4324
-4005
-3824
-3818
-3448
-3153
-3169
-2755
-2135
-1418
-653
393
1410
1818
1887
1879
2380
3025
3459
4139
4743
5137
5530
5473
5232
4776
4061
3517
3192
3209
3049
2464
1807
1256
786
3
-511
-543
-727
-773
-622
-412
-22
-85
-150
160
522
763
1306
1777
1961
2421
2972
3139
3011
2720
2535
2267
1993
1903
1560
932
371
-69
-618
-1408
-2291
-2927
-3343
-3955
-4252
-4524
-5037
-5419
-5905
-6103
-5500
-4439
-3794
-3545
-3596
-3422
-2849
-2873
-2571
-1790
-1241
-537
429
1518
2149
2050
1737
2107
2738
3110
3792
4381
4827
5255
5356
5191
4894
4186
3520
3275
3291
3404
2973
2270
1840
1354
545
-156
-424
-746
-1087
-1090
-919
-640
-829
-1065
-950
-742
-532
-50
531
846
1408
1955
2267
2233
2188
2208
2045
1905
1881
1705
1084
354
-209
-807
-1580
-2556
-3246
-3848
-4487
-4841
-5315
-5865
-6369
-6883
-7168
-6719
-5683
-4718
-4339
-4360
-3950
-3542
-3522
-3100
-2264
-1623
-926
68
1240
2005
1878
1625
1831
2201
2570
3149
3624
4014
4457
4659
4662
4360
3760
3105
2675
2710
3027
2843
2249
1906
1534
948
421
-49
-496
-846
-905
-669
-371
-536
-849
-839
-813
-550
-48
232
468
1059
1740
2018
1989
1871
1878
1818
1762
1928
1730
1106
501
91
-445
-1344
-2290
-3069
-3777
-4290
-4751
-5153
-5782
-6491
-6803
-7118
-6598
-5367
-4738
-4488
-4401
-4016
-3320
-3149
-2749
-1846
-1017
-238
817
1988
2544
2474
2284
2427
2968
3294
3708
4123
4313
4693
4803
4598
4320
3729
3058
2735
2925
3145
2891
2330
1982
1749
1207
697
304
-146
-365
-396
-104
80
-307
-671
-724
-694
-399
-37
146
426
1042
1626
1849
1759
1573
1509
1467
1639
1881
1606
1050
508
143
-319
-1206
-2072
-2809
-3471
-3927
-4370
-4982
-5776
-6442
-6915
-7036
-6191
-5064
-4664
-4605
-4622
-3998
-3386
-3353
-2662
-1788
-960
-37
1078
2371
2812
2588
2380
2726
3287
3695
4192
4428
4648
4940
4913
4770
4366
3717
3280
3115
3297
3485
3073
2581
2262
1945
1515
1093
707
287
146
198
575
554
-138
-461
-586
-490
-211
-69
-37
345
1107
1742
1744
1469
1436
1417
1512
1791
1893
1567
1119
750
489
-44
-989
-1812
-2415
-2885
-3229
-3919
-4798
-5594
-6031
-6380
-6490
-5598
-4768
-4439
-4419
-4350
-3696
-3443
-3232
-2308
-1292
-429
436
1779
2931
3114
2791
2710
3198
3739
4295
4801
4902
5120
5301
5196
4863
4129
3310
2843
3066
3610
3527
2855
2167
1924
1732
1260
759
249
63
124
435
657
134
-531
-787
-728
-487
-322
-366
-294
222
830
1165
967
506
454
597
765
984
742
290
-6
-163
-355
-1069
-1993
-2668
-3012
-3191
-3441
-4232
-5239
-5972
-6453
-6677
-6279
-5493
-5143
-5073
-5062
-4650
-4075
-4099
-3698
-2801
-1904
-959
141
1348
2078
2120
1991
2378
2995
3380
3848
4210
4548
4966
5040
4839
4372
3576
2910
2702
3012
3393
3161
2535
2039
1749
1333
730
252
-92
-225
-18
377
297
-343
-937
-1256
-1156
-954
-866
-739
-476
96
584
632
198
-124
9
234
542
704
481
139
-98
-275
-605
-1379
-2165
-2558
-2840
-3106
-3474
-4117
-4788
-5421
-5891
-5995
-5596
-4761
-4459
-4416
-4353
-4169
-3839
-3744
-3199
-2316
-1716
-933
139
1403
1998
1970
1900
2040
2635
3152
3777
4209
4298
4611
4803
4777
4401
3567
2853
2728
3222
3686
3561
3034
2541
2332
2015
1516
1040
595
350
630
1031
845
104
-579
-951
-876
-742
-774
-699
-562
-83
394
380
27
-363
-429
-224
215
465
305
30
-179
-240
-559
-1157
-1817
-2201
-2347
-2520
-2813
-3484
-4196
-4670
-5069
-5441
-5375
-4672
-4058
-3804
-3622
-3667
-3698
-3638
-3251
-2293
-1600
-1188
-368
853
1832
2147
2040
1918
2081
2638
3375
4057
4270
4297
4401
4376
4393
3953
3069
2474
2729
3391
3735
3423
2870
2476
2054
1720
1541
1229
820
769
1142
1346
1035
292
-396
-664
-663
-342
-132
-160
25
327
382
251
36
-247
-309
-142
295
461
263
-5
-92
-200
-430
-829
-1356
-1463
-1736
-1967
-2168
-2705
-3216
-3886
-4496
-4716
-4462
-3643
-3102
-3019
-3104
-3321
-3353
-3215
-2767
-1975
-1493
-1046
-157
989
1909
2153
2013
1822
2114
2821
3682
4368
4545
4537
4604
4769
4793
4271
3453
2976
3138
3751
4023
3664
3090
2457
1995
1731
1575
1234
792
637
815
937
734
138
-606
-959
-891
-639
-471
-392
-271
-205
-160
-186
-297
-381
-510
-472
-113
119
177
105
-93
-367
-609
-908
-1090
-1272
-1657
-2042
-2280
-2476
-2798
-3346
-3902
-4409
-4656
-4150
-3520
-3122
-3022
-3324
-3592
-3607
-3451
-3013
-2545
-2216
-1683
-892
172
852
1023
843
728
1023
1713
2621
3333
3611
3661
3624
3651
3752
3526
3061
2692
2687
3092
3431
3398
3059
2433
1701
1229
1029
907
712
531
442
307
3
-437
-857
-1183
-1401
-1405
-1166
-799
-501
-449
-628
-945
-1097
-1047
-909
-700
-514
-378
-444
-406
-271
-371
-683
-914
-1135
-1308
-1468
-1486
-1394
-1648
-1871
-2294
-2983
-3482
-3824
-3811
-3416
-2806
-2506
-2434
-2786
-3112
-3034
-3015
-2668
-2167
-1696
-1058
-423
400
814
831
709
644
1011
1600
2430
3137
3405
3485
3471
3360
3215
3015
2754
2716
2889
3209
3502
3518
3133
2523
1889
1242
1083
1073
1001
974
814
639
295
-43
-451
-823
-1063
-1101
-807
-519
-230
-202
-446
-738
-1003
-1002
-803
-613
-431
-219
-177
-176
-107
-434
-806
-917
-1171
-1207
-1055
-958
-710
-727
-1056
-1481
-2228
-2751
-2866
-2785
-2470
-2214
-2057
-2090
-2209
-2319
-2384
-2403
-2403
-2262
-1757
-1191
-692
-246
-26
47
41
169
456
934
1451
1931
2374
2572
2653
2612
2509
2470
2410
2426
2463
2632
2842
3035
3050
2722
2286
1816
1288
1140
1225
1238
1337
1245
983
679
258
-120
-416
-495
-350
-27
170
439
920
544
-325
-707
-309
-190
-273
77
140
291
193
-75
-538
-1159
-1135
-799
-565
-268
197
-127
-765
-1232
-1508
-1297
-1094
-1046
-1187
-1564
-1846
-1773
-1510
-1150
-1001
-1139
-1345
-1578
-1617
-1266
-851
-499
-375
-384
-386
-170
303
735
1016
1052
1036
1082
1257
1565
1999
2254
2144
1975
1764
1691
1731
1836
1959
2064
2034
1824
1767
1748
1669
1441
1300
1223
1068
1111
1031
965
804
615
494
442
400
413
456
407
295
170
25
-156
-261
-298
-398
-401
-328
-450
-527
-360
-761
-1017
-812
-768
-851
-767
-755
-938
-945
-958
-850
-851
-744
-1007
-1346
-1092
-732
-848
-829
-916
-1502
-1786
-1680
-1535
-1604
-1412
-1268
-1362
-1443
-1401
-1410
-1541
-1488
-1331
-1100
-940
-700
-500
-353
-212
-137
-75
-127
-15
293
606
812
914
990
1003
1046
1197
1288
1241
1235
1277
1263
1247
1149
1117
1131
995
853
837
790
576
595
624
476
304
39
51
79
-114
-218
-457
-689
-559
-397
-346
-601
-743
-436
-317
-599
-515
-512
-865
-635
-337
-60
74
-57
-71
-333
-295
-3
-20
-93
-356
-385
-516
-683
-544
-459
-577
-731
-867
-1181
-1314
-1288
-1217
-1233
-1244
-1322
-1365
-1387
-1449
-1355
-1279
-1322
-1199
-1117
-1105
-1020
-776
-545
-377
-184
-37
55
117
295
528
738
938
1132
1305
1331
1337
1353
1404
1400
1439
1446
1414
1318
1043
1022
900
599
548
610
397
332
354
302
227
139
165
197
172
188
392
632
423
453
346
280
309
368
442
201
497
421
291
-36
-30
-56
-355
-105
-83
58
10
-239
-333
-516
-656
-718
-659
-726
-692
-863
-974
-1016
-1103
-1176
-1112
-965
-1061
-1184
-1168
-1142
-1071
-1091
-1012
-947
-1097
-1023
-815
-656
-521
-257
-243
-177
-159
-160
17
136
301
414
549
560
672
655
796
872
819
819
834
961
1018
1032
1114
981
871
860
806
828
854
1065
1215
1335
1422
1128
1115
1250
1341
1399
1346
1660
1528
1380
1361
1218
1152
1127
946
917
709
872
667
366
193
3
-271
-436
-328
-331
-197
-257
-55
-760
-839
-1098
-965
-862
-481
-438
-698
-315
-448
-659
-623
-371
-388
-276
-191
44
-98
-189
201
-1
-161
137
220
163
223
266
303
166
30
51
-45
-263
-128
16
-300
-286
-147
-306
-440
-506
-356
-313
-378
-203
121
13
-24
285
303
223
317
537
434
725
639
640
937
827
627
857
842
626
753
699
737
535
629
477
562
42
141
93
-227
-180
-505
-609
-850
-403
-786
-643
-830
-754
-984
-919
-712
-922
-565
-744
-521
-637
-878
-701
-725
-562
-343
-575
-171
-203
-493
-81
53
-143
82
-40
-85
-13
-204
197
-218
-360
-64
-516
-687
-266
-579
-811
-657
-971
-716
-792
-1026
-671
-469
-404
-671
-440
-296
-185
-316
41
167
344
351
113
628
437
137
243
529
203
280
442
175
-146
374
187
-404
-220
199
-350
-260
-281
-515
-187
-435
-822
-423
-172
-1010
-238
-144
-666
-513
-23
-458
-229
-254
-133
179
-86
-77
316
450
-166
246
551
536
-127
934
410
165
59
314
749
-462
18
729
-255
-299
63
167
-815
-448
25
-342
-788
-272
232
-670
-402
299
-329
-528
-24
245
-30
-18
449
253
38
511
396
132
691
312
398
45
452
-97
82
74
-237
-86
-418
243
-348
-719
-278
-292
-550
-708
-264
-341
-519
-731
-344
-593
-636
-136
-164
-542
-335
-597
-3
-207
-52
33
45
-89
363
288
-145
195
397
776
-212
879
677
163
-80
644
470
84
453
77
633
83
-55
292
41
-365
-318
685
83
-148
392
539
464
118
366
696
301
358
624
988
117
792
776
747
664
611
854
426
962
572
219
247
544
207
57
161
-9
67
-122
420
-162
-131
-110
-496
-114
17
-212
-264
662
-478
-342
38
60
-89
-184
452
229
-99
282
325
220
186
410
441
95
502
627
234
583
411
217
182
447
507
-295
800
99
73
-73
376
48
-746
476
-89
-617
-33
-99
-400
-12
-39
-109
-41
-93
4
290
70
267
912
74
160
942
-295
348
610
363
195
250
392
39
-495
49
349
-803
-560
-131
-164
-812
-6
-255
-834
-60
-499
-981
-322
-647
-278
-122
-695
-1142
-150
-493
-1172
-376
-363
-118
-633
-275
335
-673
-533
-135
-491
-76
-523
2
204
-161
-357
-519
571
-98
-1156
602
309
-1311
-115
245
-697
-636
-694
-501
-827
-1375
-501
154
-523
-730
141
-645
-859
-169
-711
161
-384
449
178
-791
-36
-158
30
-332
-109
340
244
-272
389
-160
178
-143
-569
349
-534
6
187
-368
-60
75
-363
-1195
287
301
-762
-566
251
-388
-204
305
-280
16
-593
-123
319
-43
-792
349
97
-477
241
168
-17
439
60
109
449
-188
-433
369
-189
-120
168
108
-294
-98
363
37
41
-140
633
-650
-655
-299
-974
-323
-319
288
785
-463
-481
603
-654
-632
-41
-101
184
43
-60
206
33
-110
99
-37
-446
-129
722
-166
36
283
57
80
-183
300
-276
-525
422
-119
-608
-128
508
-149
-311
251
-6
-397
147
20
349
-27
212
6
-533
62
14
-202
357
165
-399
56
579
92
-990
194
369
-63
565
103
163
-41
-276
482
504
-146
-355
300
189
-206
-442
350
-468
-467
-116
-100
-14
-351
671
380
265
210
-17
113
245
564
294
615
559
537
314
482
107
-282
604
282
-233
176
142
207
-330
185
780
21
-56
505
320
633
309
-225
891
1127
-420
320
1049
603
438
361
734
365
258
967
101
22
806
726
336
-283
752
507
491
-74
181
1178
9
-201
776
405
83
146
873
257
-267
314
994
-205
-986
232
888
-539
-238
358
56
89
-168
208
116
855
-327
-5
850
487
-364
607
362
305
71
-282
475
871
-283
-537
397
-376
-62
-766
-63
765
-1247
-557
432
-146
-869
-74
163
-709
-75
-35
-501
-151
102
-32
161
698
213
-345
359
334
44
-651
140
159
-443
165
-732
-160
-207
-602
478
-461
-1524
-337
404
-1176
-544
-430
-197
-41
-1214
-38
-74
-1373
-759
-389
-707
-583
-500
-433
-206
-727
-751
173
-435
-1522
1040
335
-802
614
116
-802
77
798
-239
-187
361
-117
614
-33
-404
-151
-198
-383
-244
65
-1023
-254
-339
-156
-452
-1005
-632
-51
-91
-408
-93
480
-808
-368
711
-37
-213
-625
139
1189
-91
-720
587
463
-331
161
772
116
-85
-27
-215
-16
-71
204
-304
-278
54
-91
-29
-134
-222
-629
-645
115
-374
-186
-278
-292
-51
-483
-789
11
-236
-10
-44
-490
-304
20
-124
129
396
-353
246
284
1440
97
-180
408
598
76
-24
1209
1341
-819
-600
1752
195
-1163
-57
773
50
-611
270
353
-680
-376
815
30
-986
-259
1043
-379
-284
1011
-503
-360
-150
851
-255
851
247
-548
-83
276
743
-561
-556
1164
-31
-917
73
539
-494
-474
500
551
-340
380
-311
-837
-349
874
-783
-1359
1430
194
-1220
-725
751
-1260
-765
147
517
-55
-1327
-128
1046
-219
-1051
24
1262
165
-994
966
1126
-31
-461
786
1528
248
116
851
769
246
1043
169
221
899
943
428
280
941
478
-362
62
905
293
-58
1088
767
-472
773
1183
688
-281
447
1036
476
-409
3
1494
-49
269
733
291
327
-77
958
623
40
87
700
-445
901
635
-20
86
-533
637
96
-201
697
-377
-479
686
706
-760
-509
254
0
-383
-273
227
315
-779
2
1433
-1214
-179
530
157
281
219
150
68
-13
38
1779
49
-1009
882
842
333
-734
1339
398
-1203
819
1302
130
-198
142
447
371
-350
486
46
294
1008
-1777
62
663
10
-617
-134
574
148
-858
63
938
-558
-1008
681
299
-1660
205
1333
-910
-1412
91
-156
-155
-978
-393
184
-417
-1526
130
274
-1221
-1013
474
233
-1656
-722
-240
17
-529
-1776
-31
-109
-539
-320
-256
-504
-566
-1056
237
36
-1371
283
-342
-375
-39
-258
-299
-656
133
-144
261
-908
66
1066
-1324
-98
-121
-214
81
381
214
36
346
-1404
538
495
-55
-394
104
773
-933
-17
507
-152
-514
276
241
299
-886
-581
638
-485
-863
124
-137
41
203
-775
-366
472
-176
-31
-63
55
-220
206
140
-287
-26
-354
808
-451
-433
1059
-279
-1293
339
1013
-806
-818
1027
-317
-1052
-121
722
-971
-947
-27
1075
24
-1827
699
521
-243
-738
1012
259
-617
225
481
-35
-678
583
381
-247
270
461
-122
-129
569
323
-397
433
804
-394
-481
298
567
-823
139
423
-321
-444
-150
704
-489
-794
-494
154
-435
-163
380
-396
-100
85
721
-960
222
394
168
-352
-109
472
-602
-454
-147
834
-446
-23
461
149
448
149
-298
-464
125
358
602
-399
1138
-630
-1410
534
398
-685
-674
595
805
-633
-988
-107
386
-763
560
1333
304
279
-239
925
340
-562
544
905
478
-512
1347
969
-293
-209
829
713
-289
1231
554
-267
-148
-233
362
-41
-311
647
451
592
120
-686
83
524
-478
-35
534
67
-691
960
894
-1068
330
918
-288
-142
1308
323
-975
1152
449
-15
931
-279
237
1591
619
504
790
589
365
-361
722
407
573
-179
-58
-144
-44
519
-209
-305
-160
212
547
626
-919
-267
759
-675
-797
989
392
51
509
761
892
-1248
-417
2183
-142
-429
1058
275
-362
-337
-455
-88
345
596
-406
458
94
-690
-474
-5
-357
-515
232
-165
-696
-878
-1308
-382
305
-710
-71
-144
-519
-721
195
231
-1139
-194
-530
-258
-135
-1185
156
85
-1454
-7
886
-368
-300
-132
767
-545
-488
740
-549
-678
-223
-351
-484
87
-1451
-245
289
-500
-1110
-451
8
-1199
-672
103
-53
-135
-539
-894
-10
881
-111
-1572
866
505
-934
-580
-147
720
-1312
-588
1471
76
-1520
-212
-58
-447
-520
-667
-498
235
-305
-1690
190
756
-1519
-1593
1495
557
-2262
-851
503
27
-1610
-817
1243
189
-2282
8
1221
-641
-1348
-808
994
-3
-1167
-310
895
-124
-1094
405
613
143
218
-732
1
840
-924
-790
440
329
-545
-409
426
369
-1080
-766
324
535
-121
-910
-99
408
-229
-829
151
388
-53
-951
-2
716
-64
-742
-54
813
-286
-125
-48
789
139
-581
202
262
-396
112
459
-771
34
223
-811
-480
55
-612
-784
-201
-291
-446
-344
-477
-343
-22
-84
-612
-515
-55
-28
395
166
-729
-123
73
-577
642
521
-348
470
376
-141
-248
180
28
-117
303
-199
280
206
-844
-882
742
235
-702
187
205
-351
-102
380
-436
-485
21
-77
504
446
-324
-172
201
165
215
387
758
601
-420
709
692
-574
-606
17
504
404
268
-101
1131
941
-399
-127
727
248
398
244
121
771
-247
-316
-38
1014
-344
-260
1052
424
-24
542
-64
-293
505
485
98
-43
804
468
657
-163
696
517
-424
1133
1367
892
-569
386
640
555
-139
-134
997
244
24
265
598
-404
-271
79
301
952
641
838
-451
24
698
-107
-508
891
1027
181
31
648
90
-1557
285
1559
979
-285
25
569
-418
-1216
-310
1204
269
-56
46
467
-133
-1532
-548
1158
896
-502
570
847
-262
-859
-76
379
-75
348
195
891
-224
-926
-505
-416
134
21
307
644
-684
-491
-435
207
32
-191
245
130
840
-319
-764
-147
110
401
-250
-376
323
202
-467
-709
-56
-228
-794
-996
140
527
-294
-1675
-361
-51
2
37
-1005
785
-180
-749
-700
-75
-373
-1527
-293
1248
206
-1637
168
921
-754
-1176
-37
459
-496
-643
-363
-603
-376
-719
-243
373
-403
-401
443
465
-281
-342
-672
-727
-106
362
425
13
-485
736
191
-1046
-213
416
243
-511
582
647
-1103
-1028
-66
447
-310
56
1156
429
-902
-440
564
403
-154
41
170
157
-248
-722
313
380
-601
-109
1065
336
-547
-301
-179
-395
63
717
303
-81
352
178
116
244
-238
542
264
55
-150
10
-67
-490
-79
-154
-183
552
445
125
-342
-513
407
667
244
-306
232
-21
-110
-260
-59
802
193
-538
218
569
-421
-88
-312
-192
679
216
-30
191
-107
20
-72
-274
704
135
-833
-96
499
221
-531
-322
522
305
-298
246
409
-307
-812
85
551
197
-393
84
365
-672
48
624
175
175
792
385
636
501
-25
259
885
843
395
656
237
344
98
702
389
502
371
102
337
142
346
95
428
108
470
432
7
-67
400
206
169
932
469
257
-245
432
480
50
239
497
502
242
112
137
253
-241
183
629
640
231
341
-141
-158
142
155
-27
267
235
-217
-268
-165
113
88
127
-27
85
274
511
-94
-499
9
527
566
401
111
284
421
255
579
1049
832
684
911
818
1088
1144
895
784
1312
1127
1237
1792
710
795
1400
1203
876
1008
1310
818
581
572
968
654
62
647
718
205
88
236
68
27
-131
119
-123
118
-287
-1098
-393
-548
-433
-737
-1007
-760
-1238
-1136
-1274
-1181
-1145
-1755
-1633
-1538
-1563
-2075
-2079
-1971
-1976
-1969
-1985
-1612
-1864
-2006
-1814
-1554
-1089
-730
-620
-812
-888
-424
144
553
820
1142
1333
1315
1849
2441
2540
2245
2508
3012
3272
3145
2939
2868
2697
2442
2448
2442
2167
1789
1321
1161
1180
914
580
243
-123
-325
-467
-292
-1022
-1221
-1453
-1450
-1579
-1779
-1335
-1750
-1923
-1995
-2194
-2131
-1934
-2034
-2698
-2550
-2453
-2889
-2810
-2764
-2985
-3161
-3291
-3021
-2876
-2852
-2186
-1233
-1169
-2018
-2369
-1541
-238
299
376
812
1148
948
846
1627
2638
2741
2491
2931
3946
4216
3278
2741
3185
3900
4012
3805
3691
3313
2394
1571
2010
2805
2539
1410
665
757
786
252
-22
85
90
-137
-406
-426
-428
-948
-1469
-1079
-329
-348
-1191
-1572
-1638
-1615
-1439
-1319
-1104
-2069
-2791
-2498
-2442
-2813
-2921
-3143
-3662
-3609
-3672
-3708
-3503
-2605
-1798
-1898
-2629
-2935
-2220
-1031
-346
59
277
504
772
972
1288
2021
2708
2796
2773
3097
3471
3326
3008
3472
4471
4543
3748
3269
3283
3205
2822
2805
3258
3097
1913
909
1027
1330
960
593
605
752
291
-340
-447
-157
-120
-224
-128
-9
-72
-678
-1187
-1094
-801
-1035
-1233
-1260
-1670
-2129
-2663
-2705
-2690
-3135
-3028
-3102
-4025
-4433
-4255
-4253
-3498
-2448
-2153
-2532
-3196
-3410
-2539
-1005
22
374
238
410
858
1130
1659
2593
3326
3368
3328
3549
3929
3751
3417
3756
4810
5679
5180
4055
3173
2896
3070
3568
4029
3758
2463
1089
849
1395
1723
1391
959
821
504
7
-137
190
248
8
25
365
394
-316
-1041
-1105
-696
-396
-599
-1059
-1627
-2024
-2274
-2512
-2510
-2459
-2936
-3676
-4032
-4228
-4524
-4223
-3190
-2495
-2752
-3455
-3967
-3535
-2427
-1149
-443
-482
-517
-209
128
655
1512
2371
2852
2897
2952
3229
3418
3244
3247
3809
4616
5009
4624
3657
2848
2663
2960
3605
3931
3189
1648
527
264
690
1118
1016
485
-169
-643
-846
-492
-153
-103
-294
-424
-402
-612
-943
-1257
-1317
-1097
-981
-1160
-1595
-2192
-2633
-2701
-2621
-2583
-3040
-3661
-4265
-4666
-4813
-4711
-3811
-2981
-3077
-3874
-4624
-4529
-3450
-2110
-1328
-984
-1106
-1301
-1013
-422
619
1587
2039
2061
2173
2360
2486
2686
2865
3158
3702
4097
4170
3872
2972
2256
2506
3199
3691
3378
2195
972
457
542
1133
1504
1130
333
-520
-731
-413
-61
72
-139
-440
-702
-665
-679
-903
-976
-1041
-1151
-1260
-1525
-1974
-2257
-2382
-2585
-2686
-2922
-3317
-3935
-4511
-4629
-4498
-3874
-3014
-2764
-3528
-4511
-4572
-3399
-1946
-1216
-848
-862
-1170
-1249
-538
918
2050
2259
2045
2112
2393
2630
2783
3215
3620
3698
3743
3834
4051
3738
2881
2486
3092
3746
3480
2445
1385
948
920
1143
1529
1466
629
-564
-942
-370
392
483
-53
-472
-736
-870
-712
-416
-363
-629
-1222
-1517
-1446
-1622
-1879
-1997
-2167
-2541
-2829
-3242
-3709
-3974
-4184
-4324
-3858
-3060
-2811
-3267
-4064
-4450
-3654
-2256
-1141
-724
-1017
-1587
-1445
-587
666
1877
2397
2172
1835
1812
2376
3155
3546
3611
3555
3506
3565
3719
3709
3495
3081
2945
3280
3342
2682
1748
1171
1101
1461
1585
1309
763
-108
-652
-277
487
785
393
-175
-517
-503
-193
220
329
-73
-678
-1121
-1180
-1036
-983
-1195
-1685
-2211
-2562
-2940
-3169
-3273
-3684
-3749
-3258
-2566
-2557
-3333
-4018
-4035
-3042
-1815
-1057
-717
-823
-1396
-1411
-284
1279
2450
2540
1975
1743
2096
2732
3447
4012
4182
3828
3316
3379
3986
4364
4037
3378
3145
3427
3325
2680
2199
1866
1570
1411
1444
1460
911
6
-465
37
799
776
183
-495
-714
-614
-270
164
245
-360
-1364
-1832
-1518
-1073
-1030
-1418
-2066
-2653
-3069
-3353
-3409
-3376
-3700
-3948
-3497
-2819
-2971
-3822
-4423
-3936
-2580
-1558
-1226
-1266
-1631
-2018
-1601
-286
1428
2227
1709
978
1082
1856
2713
3360
3681
3586
3019
2364
2721
3657
3993
3446
2598
2340
2491
2426
2005
1797
1574
1003
561
485
644
338
-393
-762
-260
231
30
-599
-1051
-980
-719
-548
-385
-372
-979
-1819
-2060
-1618
-1115
-1239
-1930
-2630
-3029
-3315
-3418
-3329
-3462
-3869
-3903
-3273
-2899
-3403
-4167
-4245
-3253
-2163
-1753
-1614
-1463
-1712
-1934
-1193
533
1942
1895
1117
964
1665
2366
2754
3341
3709
3279
2389
2259
3273
4186
3990
3132
2561
2422
2304
2136
2324
2391
1715
689
244
600
919
504
-156
-215
62
-66
-431
-504
-376
-399
-586
-521
-251
-327
-1063
-1731
-1656
-1159
-893
-1251
-1983
-2600
-2921
-3028
-2946
-2933
-3205
-3491
-3243
-2834
-3027
-3470
-3525
-2961
-2313
-2051
-1776
-1183
-940
-1272
-1211
11
1482
1889
1246
1128
1837
2365
2420
2779
3493
3588
2748
2095
2868
4085
4088
3155
2577
2494
2386
2165
2293
2762
2312
846
-7
531
1297
1119
235
-200
-5
-166
-497
-263
182
84
-666
-1047
-681
-240
-629
-1328
-1513
-1346
-1368
-1623
-1840
-2103
-2465
-2929
-3103
-2994
-3145
-3360
-3101
-2623
-2815
-3377
-3439
-2812
-2128
-1964
-1887
-1270
-732
-931
-1065
-124
1261
1769
1333
1260
2093
2669
2492
2628
3436
3888
3260
2491
3209
4473
4485
3570
3007
3065
2995
2611
2556
3098
2865
1352
188
581
1455
1402
536
100
121
-4
-376
-354
303
351
-420
-1072
-815
-356
-640
-1175
-1161
-961
-1145
-1603
-1919
-1916
-2088
-2545
-2879
-2874
-2927
-2919
-2595
-2374
-2760
-3270
-3003
-2104
-1535
-1670
-1798
-1010
-370
-551
-412
597
1719
1759
1162
1458
2714
3226
2643
2622
3517
3946
3208
2572
3363
4555
4265
3041
2714
3022
2896
2308
2381
3075
2651
828
-212
538
1376
1120
96
-265
-55
-454
-1084
-778
65
55
-899
-1564
-1243
-784
-1090
-1580
-1613
-1477
-1834
-2374
-2690
-2630
-2772
-3305
-3585
-3462
-3344
-3292
-2960
-3008
-3552
-3773
-3170
-2161
-1909
-2359
-2367
-1585
-1078
-1034
-542
633
1349
894
389
1205
2637
2976
2376
2463
3240
3341
2624
2599
3891
4601
3554
2365
2401
2954
2721
2113
2418
2913
1872
65
-376
680
1286
447
-597
-665
-504
-1055
-1518
-968
-275
-689
-1734
-2092
-1596
-1341
-1871
-2265
-2100
-1979
-2380
-2899
-2990
-2871
-3139
-3573
-3551
-3396
-3199
-3038
-3120
-3555
-3829
-3306
-2133
-1531
-1946
-2409
-1921
-940
-556
-343
448
1419
1403
715
999
2529
3445
2963
2465
3091
3788
3316
2767
3679
4973
4580
3001
2375
3181
3639
2927
2543
2960
2628
1016
-42
745
1856
1362
-158
-723
-409
-512
-1096
-976
-270
-352
-1419
-2232
-1791
-1162
-1394
-1966
-2060
-1933
-2176
-2724
-2960
-2728
-2739
-3170
-3517
-3588
-3347
-3067
-3015
-3321
-3718
-3468
-2421
-1603
-1889
-2418
-2039
-920
-368
-330
214
1218
1534
907
1028
2541
3776
3231
2307
2768
3909
3904
3212
3753
4993
4863
3199
2349
3467
4365
3633
2733
2839
2826
1444
358
969
2197
1748
-16
-792
-242
-40
-729
-915
-392
-274
-1358
-2249
-1878
-1187
-1369
-2043
-2294
-2187
-2359
-2904
-3085
-2830
-2849
-3271
-3735
-3840
-3483
-2974
-2837
-3387
-3827
-3319
-2075
-1495
-1985
-2388
-1516
-281
-83
-99
678
1819
1822
1098
1496
3340
4358
3441
2479
3221
4376
4143
3716
4691
5802
4805
2999
2932
4535
5063
3793
2864
3124
2936
1503
745
1893
2811
1582
-267
-487
415
347
-509
-664
-92
-396
-1513
-1884
-1215
-880
-1547
-2220
-2156
-1886
-2222
-2807
-2884
-2765
-3014
-3369
-3494
-3346
-3107
-3009
-3281
-3756
-3639
-2637
-1522
-1601
-2462
-2530
-1245
-122
-49
-9
852
1589
1154
808
2056
3851
3929
2624
2371
3661
4460
3932
3855
4944
5197
3575
2460
3565
4925
4356
2835
2459
2852
2215
991
1058
2132
1846
111
-1032
-472
36
-738
-1414
-1024
-663
-1547
-2489
-2361
-1685
-1741
-2378
-2644
-2554
-2764
-3466
-3800
-3477
-3341
-3795
-4240
-4205
-3769
-3553
-3898
-4332
-4051
-3149
-2276
-2201
-2699
-2776
-1928
-837
-317
33
543
863
588
468
1534
3199
3639
2679
2137
2811
3707
3879
4042
4638
4574
3204
2234
3233
4557
4338
3010
2189
2161
1908
1247
1180
1781
1383
-7
-863
-462
3
-560
-1289
-1156
-896
-1526
-2215
-2156
-1852
-2005
-2537
-2701
-2475
-2763
-3602
-3997
-3671
-3383
-3610
-4052
-4003
-3576
-3607
-4178
-4227
-3284
-2232
-1948
-2587
-2916
-2303
-1178
-418
-44
475
907
860
564
1160
2616
3661
3336
2546
2669
3301
3837
4184
4711
4880
3939
2769
2996
4263
4671
3802
2799
2455
2243
1694
1482
1881
1880
853
-273
-383
139
29
-696
-995
-738
-936
-1700
-2035
-1867
-1837
-2212
-2606
-2546
-2492
-3047
-3735
-3842
-3588
-3524
-3866
-3946
-3591
-3451
-3991
-4507
-3882
-2355
-1538
-2107
-2917
-2736
-1564
-582
-72
478
1071
1038
547
800
2255
3745
3734
2901
2625
3200
3919
4216
4636
4993
4398
3114
2850
3990
4752
4104
2953
2454
2333
1995
1480
1598
1809
1155
55
-355
65
150
-535
-1095
-845
-703
-1189
-1793
-1991
-1884
-2010
-2262
-2294
-2314
-2787
-3505
-3715
-3461
-3208
-3365
-3513
-3455
-3435
-3658
-4040
-3374
-1998
-1266
-1789
-2497
-2344
-1249
-173
388
848
1247
1162
758
1086
2380
3784
3893
3235
3028
3479
4143
4495
4796
4962
4418
3461
3319
4255
4814
4195
3209
2744
2776
2380
1881
1797
1837
1259
467
261
495
296
-510
-949
-663
-450
-1012
-1731
-1904
-1861
-2041
-2221
-2152
-2143
-2756
-3681
-3919
-3488
-3162
-3312
-3489
-3385
-3559
-4222
-4352
-3065
-1472
-1263
-2345
-3009
-2310
-900
5
510
1091
1274
798
502
1458
3087
3977
3450
2720
2975
3696
4113
4393
4709
4553
3701
3027
3559
4377
4109
2976
2235
2335
2270
1571
985
887
711
124
-375
-287
-161
-758
-1569
-1602
-998
-933
-1712
-2409
-2649
-2605
-2655
-2627
-2549
-2879
-3677
-4330
-4214
-3725
-3410
-3467
-3707
-4069
-4478
-4595
-3820
-2327
-1463
-1967
-2885
-2948
-2009
-738
128
744
991
668
270
742
2051
3293
3477
2856
2702
3225
3731
3871
4033
4078
3759
3293
3322
3782
3642
2662
1933
2111
2323
1835
914
299
180
26
-221
-228
-256
-901
-1880
-2097
-1429
-926
-1397
-2286
-2736
-2753
-2734
-2638
-2496
-2629
-3266
-4051
-4241
-3766
-3302
-3264
-3378
-3638
-3974
-4145
-3690
-2394
-1273
-1434
-2348
-2606
-1806
-436
501
995
1267
1126
782
1022
2127
3352
3727
3325
3183
3718
4109
3948
3954
4264
4356
3971
3662
3744
3618
2813
2132
2398
2776
2230
1016
209
238
395
162
-71
-191
-787
-1787
-2220
-1581
-911
-1371
-2353
-2933
-2863
-2782
-2808
-2808
-2869
-3340
-4097
-4349
-3948
-3406
-3252
-3437
-3897
-4133
-3954
-3301
-2153
-1305
-1463
-2081
-2152
-1395
-1
954
1333
1422
1344
1295
1812
2785
3615
3948
3778
3856
4187
4222
4034
4086
4404
4450
4180
3819
3552
3118
2506
2258
2583
2596
1715
574
-18
104
221
108
-64
-476
-1309
-2024
-2001
-1446
-1162
-1728
-2451
-2804
-2806
-2796
-2815
-2803
-2998
-3464
-3926
-3934
-3621
-3312
-3268
-3502
-3622
-3657
-3435
-2563
-1497
-1103
-1523
-1933
-1528
-352
825
1446
1683
1631
1501
1714
2516
3538
4321
4248
4240
4396
4446
4357
4318
4692
4993
4772
4074
3676
3542
3247
2889
2828
2927
2398
1258
430
370
643
603
352
-14
-665
-1467
-1815
-1429
-911
-997
-1819
-2458
-2616
-2570
-2570
-2503
-2552
-2948
-3574
-3955
-3822
-3348
-3115
-3376
-3731
-3753
-3601
-3054
-2142
-1470
-1525
-2068
-2044
-1075
334
1106
1263
1234
1306
1555
2072
2941
3885
4324
4100
3861
3948
4138
4244
4423
4783
4750
4066
3282
3005
2967
2821
2607
2350
1976
1091
119
-248
-34
27
-299
-825
-1317
-1731
-2036
-2033
-1700
-1461
-1830
-2551
-2967
-3049
-3010
-3038
-3071
-3202
-3622
-4116
-4205
-3810
-3474
-3576
-3849
-3974
-3943
-3525
-2533
-1738
-1824
-2396
-2444
-1391
36
678
603
593
861
1148
1536
2475
3653
4080
3579
3090
3370
3907
4079
4161
4482
4383
3553
2701
2678
3033
2861
2233
1766
1499
905
49
-327
-50
24
-603
-1320
-1559
-1662
-2010
-2261
-2055
-1742
-1897
-2556
-2960
-2842
-2773
-2827
-2934
-2989
-3141
-3518
-3708
-3428
-3061
-3045
-3280
-3452
-3382
-2903
-2096
-1276
-1195
-1794
-2103
-1294
68
869
1032
1040
1160
1129
1365
2417
3923
4424
3537
2841
3189
3874
4134
4384
4693
4449
3323
2467
2781
3451
3182
2191
1655
1565
1052
227
-26
346
257
-597
-1270
-1316
-1346
-1860
-2213
-1910
-1537
-1902
-2638
-2945
-2885
-2741
-2835
-2797
-2744
-3010
-3562
-3626
-3154
-2753
-2709
-2899
-3022
-3025
-2637
-1704
-762
-745
-1493
-1705
-686
589
1140
1119
1252
1403
1254
1478
2821
4204
4039
2875
2513
3368
3952
3957
3986
4284
3821
2708
2250
2945
3499
2712
1611
1324
1583
1161
261
86
360
-26
-876
-1196
-977
-1206
-1924
-2272
-1822
-1524
-1954
-2700
-3035
-2883
-2803
-2805
-2825
-2763
-3052
-3396
-3363
-2931
-2531
-2486
-2630
-2697
-2535
-1924
-845
-218
-461
-1006
-736
480
1496
1778
1794
2003
2013
2010
2743
3970
4451
3638
2734
3078
3978
4324
3985
3888
3941
3233
2499
2551
3158
3017
1897
1084
1268
1458
1004
362
158
188
-260
-851
-828
-678
-1088
-1698
-1770
-1379
-1318
-1913
-2482
-2502
-2248
-2283
-2465
-2496
-2579
-2681
-2819
-2632
-2299
-2169
-2278
-2292
-2097
-1751
-1040
-370
-176
-422
-600
8
1045
1699
1862
1943
2144
2333
2571
3136
3714
3594
3029
2950
3480
3744
3385
2941
2750
2718
2400
2047
1988
1898
1305
587
475
778
644
-124
-748
-822
-834
-990
-1222
-1282
-1466
-1906
-2268
-2278
-1987
-2053
-2427
-2666
-2602
-2625
-2712
-2704
-2669
-2493
-2492
-2593
-2641
-2619
-2491
-2231
-1935
-1683
-1359
-938
-599
-540
-465
4
726
1349
1553
1706
2000
2287
2491
2726
3095
3195
2914
2711
2875
3074
2880
2460
2176
2181
1974
1467
1072
938
647
149
-203
-298
-368
-782
-1283
-1500
-1463
-1524
-1753
-1854
-1912
-2033
-2243
-2349
-2251
-2183
-2302
-2516
-2608
-2603
-2546
-2522
-2291
-1970
-1961
-2040
-2181
-2056
-1737
-1424
-1167
-1039
-835
-561
-234
44
407
873
1275
1472
1592
2027
2507
2776
2754
2770
2883
3016
3093
3063
2967
2750
2459
2209
2145
2035
1675
1204
815
607
384
84
-237
-495
-801
-1099
-1261
-1365
-1460
-1700
-1879
-1969
-2034
-1986
-2000
-2097
-2240
-2254
-2233
-2251
-2264
-2307
-2259
-2073
-1777
-1637
-1625
-1619
-1593
-1392
-1096
-732
-476
-403
-362
-67
449
925
1238
1390
1545
1750
2074
2410
2699
2884
2829
2728
2706
2770
2813
2705
2516
2279
2078
1790
1519
1262
1015
704
336
122
-149
-426
-779
-1051
-1216
-1341
-1461
-1669
-1837
-1986
-2049
-2079
-2047
-2017
-2092
-2193
-2333
-2409
-2279
-2153
-2089
-2038
-1889
-1655
-1512
-1429
-1309
-1057
-759
-533
-404
-134
143
443
788
1148
1467
1630
1738
1946
2312
2642
2859
2871
2880
2838
2837
2945
2970
2923
2684
2379
2094
1920
1755
1528
1222
857
479
118
-161
-355
-581
-681
-956
-1262
-1269
-1410
-1487
-1543
-1627
-1748
-1810
-1850
-1891
-1935
-1810
-1693
-1741
-1807
-1830
-1735
-1544
-1290
-1109
-1008
-934
-744
-453
-143
72
277
522
828
1189
1613
1874
2073
2179
2420
2780
3079
3255
3178
3085
2985
2991
3014
3061
2966
2540
2100
1826
1701
1557
1255
815
415
40
-290
-512
-698
-933
-1342
-1639
-1790
-1916
-1945
-2057
-2191
-2271
-2329
-2324
-2310
-2255
-2206
-2261
-2326
-2274
-2129
-1989
-1868
-1820
-1656
-1476
-1351
-1217
-1073
-786
-568
-365
-62
289
683
1000
1285
1534
1887
2171
2388
2544
2678
2775
2756
2740
2822
2829
2716
2498
2281
2123
1857
1582
1312
995
703
355
-12
-283
-611
-958
-1292
-1520
-1783
-2127
-2389
-2538
-2591
-2658
-2749
-2863
-2826
-2826
-2836
-2866
-2835
-2734
-2643
-2606
-2577
-2427
-2217
-1970
-1786
-1556
-1325
-1183
-1010
-705
-321
-26
196
427
688
945
1207
1483
1744
1964
2137
2381
2642
2673
2711
2684
2692
2719
2586
2416
2254
2081
1850
1619
1418
1183
854
478
167
-61
-293
-622
-846
-1055
-1335
-1585
-1790
-1845
-1938
-2066
-2192
-2257
-2356
-2446
-2506
-2485
-2365
-2329
-2383
-2369
-2212
-2059
-1920
-1717
-1477
-1281
-1194
-1014
-694
-370
-139
-10
295
581
856
1047
1250
1467
1664
1841
2021
2174
2232
2265
2249
2308
2327
2262
2189
2097
1944
1748
1581
1432
1259
1027
731
504
321
111
-124
-348
-541
-752
-877
-1068
-1195
-1308
-1466
-1606
-1649
-1675
-1771
-1923
-2030
-2000
-1948
-1932
-1952
-1960
-1822
-1754
-1637
-1437
-1214
-1056
-1046
-863
-568
-274
-36
195
436
601
710
869
1248
1531
1678
1689
1759
1880
1955
2009
2073
2117
2041
1911
1771
1754
1649
1406
1244
1115
965
742
529
333
142
-22
-144
-218
-374
-558
-757
-875
-910
-956
-834
-930
-1069
-1183
-1212
-1175
-1099
-1087
-1143
-1176
-1151
-1110
-1083
-1015
-858
-783
-610
-439
-382
-80
83
250
481
644
749
880
1059
1216
1275
1473
1774
1879
1884
1820
1883
1948
1959
1894
1830
1834
1762
1639
1499
1359
1223
1044
886
722
640
409
199
59
-63
-131
-311
-435
-554
-664
-809
-904
-943
-949
-958
-1114
-1130
-1126
-1161
-1208
-1164
-1111
-1084
-1047
-995
-854
-746
-682
-625
-442
-250
-153
21
175
271
377
550
772
968
1063
1069
1142
1202
1316
1446
1519
1478
1311
1212
1179
1170
1128
948
729
535
292
243
157
83
-37
-166
-281
-432
-528
-575
-655
-792
-947
-1069
-1127
-1166
-1155
-1183
-1204
-1228
-1243
-1294
-1300
-1278
-1298
-1234
-1127
-1003
-982
-1013
-988
-859
-649
-460
-399
-474
-410
-364
-207
22
191
347
404
424
439
529
647
789
823
791
714
687
702
692
692
642
519
399
260
176
119
13
-107
-227
-357
-451
-505
-566
-631
-727
-791
-691
-652
-684
-741
-827
-863
-864
-805
-742
-723
-737
-793
-801
-765
-685
-540
-492
-516
-434
-392
-358
-269
-182
-115
-48
-7
53
152
207
277
284
352
431
454
519
560
590
558
562
625
637
612
556
487
453
415
366
334
257
106
13
-62
-94
-106
-156
-258
-354
-417
-467
-468
-473
-494
-558
-591
-576
-551
-491
-497
-487
-490
-469
-441
-369
-308
-295
-282
-245
-211
-177
-89
-18
-55
-20
12
82
140
178
183
202
255
252
264
275
321
330
322
331
287
340
347
348
344
277
230
215
189
172
124
88
53
3
5
-20
-99
-123
-159
-184
-159
-189
-232
-262
-291
-305
-258
-249
-230
-262
-257
-217
-246
-199
-195
-145
-120
-87
-49
-12
51
57
59
97
188
222
263
337
263
402
528
537
586
625
651
647
687
681
694
692
671
649
604
531
459
466
532
506
352
453
372
296
236
152
151
143
108
-33
-88
60
179
211
83
75
81
99
135
187
274
287
269
250
325
342
371
384
380
476
464
414
409
441
438
457
444
438
471
422
370
344
395
392
286
359
374
327
320
286
265
284
328
309
247
197
212
178
167
198
154
93
57
42
12
-12
-56
-50
-71
-100
-96
-166
-200
-238
-200
-176
-188
-175
-227
-246
-284
-313
-327
-355
-384
-359
-344
-323
-233
-115
-99
-63
3
78
40
-1
-29
-43
-88
-108
-8
16
34
-4
-23
-5
26
66
-4
1
10
157
203
69
-32
-41
29
86
91
-11
-89
-199
-248
-245
-242
-210
-281
-328
-345
-400
-486
-509
-472
-431
-519
-589
-549
-497
-547
-591
-604
-537
-521
-565
-542
-537
-526
-541
-523
-444
-347
-309
-348
-364
-306
-184
-79
-2
53
87
30
33
84
165
206
193
222
263
280
242
290
326
287
314
320
319
324
285
203
164
188
206
161
95
63
21
-16
-57
-134
-121
-149
-169
-206
-237
-231
-275
-278
-304
-256
-254
-285
-273
-280
-278
-323
-295
-296
-311
-315
-319
-309
-296
-276
-251
-275
-293
-251
-223
-182
-109
-119
-62
-32
-11
74
109
127
131
193
258
299
333
382
433
438
405
373
454
475
444
432
427
392
355
339
336
298
209
152
112
128
109
27
-32
-14
-6
-48
-48
-53
-82
-138
-151
-141
-167
-147
-161
-160
-150
-206
-159
-161
-180
-169
-195
-231
-238
-195
-208
-186
-151
-149
-152
-106
-52
-86
-33
-6
47
66
109
184
213
193
223
337
381
405
418
437
483
481
483
646
743
734
678
618
638
664
630
553
541
558
482
373
331
283
310
274
289
334
185
273
239
172
151
75
33
70
83
32
44
116
259
274
222
164
164
244
271
280
342
386
354
299
299
402
447
386
396
390
371
377
406
439
442
440
403
385
389
417
364
387
404
327
315
312
385
389
310
273
275
267
256
234
225
222
151
130
95
45
0
-45
-65
-110
-93
-161
-197
-221
-222
-215
-233
-215
-251
-247
-257
-260
-167
-134
-146
-139
-155
-161
-140
-229
-191
-121
-70
-46
25
97
121
96
153
188
188
151
97
69
9
-34
-56
-92
-93
-115
-150
-159
-180
-234
-251
