-235
-367
-517
-473
-428
-404
-405
-389
-421
-425
-407
-422
-403
-425
-417
-422
-427
-381
-416
-407
-402
-402
-402
-387
-399
-404
-397
-402
-410
-421
-416
-433
-406
-375
-407
-388
-362
-359
-232
-152
-174
-167
-183
-173
-145
-167
-116
-99
-97
-62
-91
-98
-99
-60
-76
-52
-23
-18
-32
-17
-9
-5
20
14
24
65
17
40
29
15
10
19
14
35
67
44
67
48
61
53
63
84
47
61
60
36
32
46
22
20
-21
19
32
-57
5
-66
-54
-12
-138
-93
-106
-120
-111
-143
-155
-135
-115
-193
-240
-234
-220
-216
-232
-216
-286
-272
-268
-320
-279
-321
-315
-271
-305
-260
-285
-325
-249
-310
-292
-238
-352
-294
-321
-338
-267
-323
-264
-229
-241
-190
-212
-164
-143
-174
-74
-98
-104
-67
-89
-54
0
26
58
59
84
138
131
139
185
180
231
304
281
333
309
321
347
332
414
423
394
460
473
414
459
459
507
527
477
529
468
488
546
490
637
722
662
669
672
690
629
599
697
656
544
559
457
452
400
337
483
413
470
382
305
354
294
211
177
160
88
62
-5
-43
20
108
35
59
-72
-130
-42
-153
-102
-150
-106
-139
-235
-168
-221
-225
-217
-274
-278
-271
-317
-257
-301
-345
-287
-302
-301
-310
-338
-322
-295
-261
-263
-233
-130
-109
-53
-19
62
133
213
301
409
497
522
596
652
743
813
870
882
933
959
1006
1029
1051
1068
1038
1051
1076
1010
973
956
900
870
866
798
777
732
601
468
386
350
252
135
190
127
115
135
70
85
3
40
-72
-195
-209
-316
-380
-504
-440
-507
-543
-516
-677
-687
-665
-775
-735
-839
-967
-754
-766
-992
-997
-958
-905
-906
-1053
-1137
-1175
-1186
-1124
-1184
-1249
-1184
-1200
-1243
-1211
-1267
-1267
-1268
-1262
-1179
-1135
-1104
-1043
-976
-924
-906
-828
-742
-638
-527
-435
-328
-247
-175
-110
9
118
192
288
367
420
523
675
684
679
705
695
751
763
771
768
800
845
808
786
693
700
685
677
706
738
697
659
642
590
588
564
605
663
495
445
556
461
396
485
349
374
331
267
235
201
356
53
243
50
47
57
9
-20
-279
-114
703
138
-382
29
-695
-300
-532
-343
-281
-523
-465
-851
-975
-1029
-1085
-1090
-1114
-1064
-1112
-1272
-1360
-1506
-1568
-1550
-1466
-1394
-1364
-1306
-1356
-1447
-1534
-1515
-1388
-1187
-1022
-874
-708
-676
-623
-567
-342
-120
51
250
390
532
648
714
778
921
1046
1157
1183
1272
1348
1365
1353
1222
1123
1046
1006
970
944
927
837
771
666
627
592
561
485
394
394
433
506
524
471
429
451
407
465
570
631
722
675
631
667
703
753
758
777
721
776
781
576
714
668
780
667
483
659
576
666
445
464
274
-178
-2
58
10
-193
-273
-275
-589
-593
-631
-709
-656
-790
-768
-890
-1012
-1198
-1202
-1382
-1612
-1485
-1334
-1255
-1236
-1339
-1369
-1505
-1531
-1482
-1401
-1130
-811
-563
-436
-451
-471
-403
-133
204
534
799
1008
1197
1153
1203
1339
1635
1815
1779
1817
1814
1915
1835
1744
1682
1546
1458
1297
1225
1179
1138
1050
899
710
556
573
546
489
421
342
273
253
257
348
453
523
475
377
455
605
666
739
815
717
734
744
685
742
778
747
531
332
310
214
295
153
35
-124
-150
-105
-226
-219
-369
-430
-567
-609
-729
-854
-1044
-1379
-1464
-1350
-1515
-1658
-1754
-1875
-1994
-2018
-2182
-2356
-2390
-2474
-2437
-2466
-2428
-2410
-2383
-2438
-2684
-2714
-2568
-2280
-1884
-1511
-1296
-1315
-1392
-1241
-848
-414
12
352
659
822
791
835
1089
1533
1829
1955
1926
1961
1952
1899
1778
1719
1735
1582
1407
1224
1100
1042
876
649
441
384
341
321
331
210
134
-17
-166
-216
-81
197
295
272
148
157
263
351
552
712
782
693
621
565
659
822
826
793
657
591
572
559
396
236
150
-118
-300
-330
-262
-235
-432
-715
-1029
-1131
-1221
-1285
-1292
-1351
-1477
-1682
-1969
-2191
-2261
-2221
-2193
-2386
-2511
-2587
-2634
-2646
-2707
-2625
-2527
-2496
-2735
-2718
-2459
-1958
-1323
-1034
-1058
-1299
-1176
-756
-111
448
917
1343
1410
1237
1180
1609
2287
2779
2837
2710
2661
2614
2508
2481
2575
2652
2386
1990
1663
1556
1556
1384
1009
718
517
371
331
327
364
235
37
-251
-467
-218
179
438
393
285
252
331
402
585
938
1134
1090
952
946
1087
1204
1268
1231
1126
1102
1053
936
767
591
453
277
84
1
-42
-227
-529
-889
-1106
-1216
-1294
-1358
-1516
-1765
-1932
-2146
-2416
-2444
-2366
-2412
-2509
-2717
-2877
-3108
-3072
-2894
-2789
-2792
-2889
-2941
-2663
-1871
-1278
-935
-1088
-1312
-949
-167
626
1176
1656
1877
1701
1454
1863
2921
3925
4220
3814
3344
3149
3215
3401
3705
3973
3811
3228
2394
1919
1907
2055
1975
1569
1002
575
242
-18
-124
-155
-152
-243
-537
-418
-101
-25
-322
-677
-493
206
895
1085
1046
871
633
542
999
1737
2342
2464
1831
1110
955
1309
1750
1910
1709
1202
680
191
65
242
255
-7
-556
-1100
-1445
-1474
-1603
-1918
-2324
-2635
-2722
-2763
-3013
-3377
-3789
-4115
-4378
-4346
-4001
-3691
-3645
-3876
-4154
-4303
-4166
-3506
-2299
-1428
-1494
-2302
-2803
-2214
-773
591
1289
1520
1440
1049
752
1298
2763
4147
4413
3627
2813
2645
2916
3387
3861
4065
3563
2585
1673
1280
1484
1713
1530
898
182
-315
-511
-735
-1011
-1174
-1199
-1285
-1331
-980
-702
-941
-1569
-1835
-1154
44
768
757
328
-180
-355
170
1214
2232
2585
2008
933
409
839
1888
2637
2490
1735
849
231
-32
349
796
738
0
-979
-1604
-1743
-1631
-1591
-1869
-2378
-2940
-3241
-3352
-3487
-3596
-3747
-4040
-4337
-4296
-4166
-4100
-4197
-4279
-4267
-4130
-3915
-3313
-2243
-1620
-2019
-2748
-2524
-1129
513
1282
1194
1168
1331
1384
1668
2787
4316
4972
4220
3052
2862
3622
4338
4567
4452
4064
3275
2436
1927
2080
2503
2425
1659
648
-93
-214
-130
-329
-692
-846
-844
-966
-936
-837
-981
-1316
-1421
-885
202
823
526
-78
-393
-76
888
1914
2374
2277
1553
759
710
1575
2599
2956
2246
1065
369
437
860
1279
1307
575
-459
-1226
-1580
-1292
-871
-1029
-1784
-2688
-3225
-3286
-3084
-3120
-3356
-3678
-4072
-4354
-4289
-4145
-4163
-4178
-4237
-4217
-4007
-3691
-3221
-2430
-1926
-2293
-2807
-2249
-575
832
1045
640
784
1523
1938
2350
3377
4564
4674
3870
3263
3790
4942
5362
4971
4466
4131
3736
3261
3092
3163
3153
2552
1547
787
532
685
516
123
-310
-193
52
-397
-1144
-1326
-743
-261
-260
-272
210
398
-91
-256
567
1630
2108
1826
1249
1181
1578
2010
2431
2653
2505
2010
1384
977
1216
1832
1883
1158
209
-380
-488
-376
-370
-621
-1010
-1781
-2672
-3088
-3029
-2678
-2642
-3199
-4034
-4394
-4317
-4238
-4282
-4239
-4111
-4164
-4344
-4543
-4086
-2944
-2000
-2117
-3030
-3216
-1905
-4
728
386
355
1071
1624
1666
2282
3757
4846
4261
3047
3101
4386
5246
4927
4291
4065
3971
3358
2785
2713
2967
2796
1844
868
488
733
788
61
-794
-1076
-870
-940
-1224
-1137
-926
-1300
-2064
-2025
-816
392
158
-811
-1137
-541
297
946
1214
1337
1221
745
591
1214
2007
2211
1567
557
182
620
982
809
419
-112
-631
-965
-1110
-1232
-1429
-1946
-2584
-2901
-3014
-3061
-3286
-3840
-4379
-4319
-4062
-4205
-4677
-5025
-5031
-4823
-4520
-4217
-3795
-3333
-3260
-3554
-3743
-3018
-1288
187
223
-611
-637
425
1541
2179
2796
3615
3883
3240
2690
3454
4960
5550
4877
4014
3770
3879
3748
3495
3520
3542
2966
1874
960
755
971
1008
440
-320
-834
-1173
-1442
-1468
-810
-200
-637
-1976
-2528
-1532
-116
412
-102
-449
-355
-217
92
898
1696
1965
1474
779
892
1701
2337
2183
1603
1241
1221
1215
840
551
603
528
5
-577
-964
-1207
-1509
-1907
-2114
-2257
-2650
-3239
-3840
-4123
-3987
-3726
-3878
-4481
-4981
-5047
-4854
-4574
-4243
-3747
-3123
-2944
-3488
-4052
-3534
-1723
120
436
-513
-936
53
1322
2002
2656
3706
4269
3459
2551
3108
4942
5925
5278
4339
4100
4153
3835
3547
3772
4123
3653
2389
1199
845
1114
1271
954
319
-204
-750
-1521
-1581
-632
179
-371
-1787
-2402
-1459
-214
-20
-298
-295
-61
-85
26
456
1365
1911
1519
1136
1408
2070
2272
1894
1541
1838
2188
1672
934
749
841
666
245
-187
-363
-619
-1364
-1839
-1946
-1875
-2064
-2705
-3405
-3901
-3857
-3827
-4166
-4657
-4783
-4379
-4013
-4041
-4154
-3562
-2990
-3286
-3944
-3239
-1153
226
-330
-1380
-787
1059
2144
2092
2465
3489
4022
3460
3131
4261
5742
5809
4825
4276
4782
5043
4544
4066
4077
4192
3740
2733
1927
1688
1696
1580
977
402
131
-141
-650
-859
-490
-189
-706
-1587
-1666
-727
-52
-384
-880
-716
-120
188
192
393
964
1084
699
596
1243
1810
1640
1113
937
1312
1310
712
285
281
386
-20
-522
-838
-1010
-1268
-1697
-1915
-2145
-2478
-3121
-3676
-4001
-3939
-4009
-4339
-4997
-5542
-5271
-4739
-4379
-4660
-4739
-4296
-3908
-4201
-4270
-2998
-1191
-798
-1888
-2100
-413
1208
1217
886
1827
3138
3122
2415
2798
4288
4975
4381
3769
4072
4428
4111
3545
3467
3767
3551
2750
1835
1394
1353
1451
1129
522
-108
-444
-650
-862
-801
-489
-613
-1345
-1799
-1317
-403
-250
-676
-852
-376
125
157
181
593
996
940
672
800
1385
1542
1108
872
1147
1325
955
366
177
447
333
-321
-875
-978
-1046
-1467
-1988
-2337
-2577
-3127
-3532
-3629
-3766
-4085
-4335
-4679
-5188
-5238
-4662
-4062
-4164
-4662
-4415
-3745
-3495
-3681
-3161
-1721
-687
-1028
-1642
-968
665
1721
1646
1839
2720
3285
2966
2823
3826
5007
5020
4120
3817
4211
4370
4033
3795
3862
3669
2979
2126
1589
1517
1615
1436
896
186
-371
-751
-882
-646
-130
313
-389
-1714
-2066
-951
349
829
259
-408
-368
-71
370
1198
2022
1899
1185
673
967
1871
2275
1836
1476
1310
967
555
357
349
418
96
-597
-1187
-1600
-2082
-2289
-2386
-2606
-2925
-3563
-4410
-4977
-4659
-4345
-4441
-4869
-5136
-5072
-4774
-4496
-4080
-3599
-3484
-3617
-3262
-2187
-954
-645
-1009
-716
724
1941
1899
1919
2804
3882
4064
3842
4274
5188
5257
4549
4493
5179
5351
4600
3815
3626
3780
3558
2905
2486
2067
1543
1227
1135
947
385
-193
-780
-970
-611
-231
-259
-692
-981
-724
-96
59
-9
281
672
721
795
1234
1693
1937
1802
1773
2141
2434
2214
1889
2001
2157
2081
1611
1073
886
757
414
1
-456
-941
-1442
-1890
-2264
-2642
-3052
-3571
-4112
-4578
-4808
-4834
-4805
-5314
-5683
-5326
-4594
-4411
-4659
-4542
-3885
-3582
-3513
-2716
-1144
-405
-1050
-1219
183
1878
2382
2142
2502
3459
3943
3777
4025
4971
5401
4875
4253
4365
4675
4398
3763
3427
3409
3047
2293
1644
1260
987
825
453
-184
-864
-1341
-1576
-1680
-1518
-913
-836
-1851
-2927
-2379
-706
345
31
-887
-926
-280
377
983
1818
2059
1622
1185
1311
2157
2752
2480
1840
1658
1653
1396
1036
778
691
443
-239
-1042
-1505
-1915
-2503
-2697
-3008
-3716
-4377
-4831
-5380
-5708
-5656
-5626
-5960
-6350
-6269
-5645
-5211
-5306
-5247
-4662
-4118
-3661
-2860
-1823
-1133
-994
-734
384
1881
2494
2461
2816
3755
4331
4397
4685
5305
5614
5213
4827
5024
5232
4772
4151
3839
3660
3151
2376
1689
1241
794
394
-19
-542
-1255
-1736
-1641
-1487
-1641
-2185
-2635
-2525
-1796
-1164
-979
-1147
-1342
-968
-129
594
958
1208
1353
1451
1757
2287
2832
3016
2772
2531
2709
2839
2570
2223
1970
1739
1400
823
206
-252
-577
-1161
-1782
-2281
-2933
-3710
-4404
-4843
-5019
-5269
-5941
-6614
-6753
-6373
-5953
-5765
-5851
-5732
-5377
-4916
-4553
-3744
-2402
-1324
-1288
-1559
-809
1008
2394
2601
2767
3597
4484
4635
4556
5242
6313
6513
5815
5332
5595
5642
5010
4433
4366
4260
3427
2174
1358
1145
889
385
-264
-707
-1016
-1598
-2518
-2733
-2228
-1715
-1869
-2590
-2742
-2162
-1578
-1445
-1114
-468
97
144
118
637
1635
2359
2379
2299
2596
2982
3009
2881
3151
3584
3257
2479
2090
2146
2007
1454
808
347
-151
-1028
-1752
-2128
-2589
-3305
-4003
-4775
-5197
-5206
-5658
-6287
-6412
-5796
-5363
-5683
-6077
-5704
-4902
-4348
-3924
-3062
-1730
-869
-1011
-1022
211
2159
3329
3310
3345
4269
5176
5319
5455
6274
7025
6748
5919
5559
5862
6041
5470
4732
4328
3820
2930
1911
1193
995
735
264
-533
-1461
-2131
-2413
-2396
-2268
-2100
-2194
-2624
-2973
-2755
-1751
-963
-899
-918
-458
99
418
779
1508
2210
2469
2378
2413
2888
3242
3184
3122
3161
3045
2524
1821
1567
1721
1485
729
-291
-929
-1372
-1978
-2691
-3179
-3594
-4323
-5315
-6179
-6195
-6006
-6351
-6831
-6611
-5987
-5935
-6451
-6351
-5371
-4407
-4081
-3747
-2552
-1411
-1247
-1301
-245
1771
3002
2866
2719
3667
4807
5110
5119
5688
6383
6159
5380
4929
5108
5175
4625
3905
3278
2700
1957
1116
383
19
-46
-490
-1640
-2762
-2900
-2583
-2605
-2919
-2927
-2569
-2602
-3071
-3036
-1994
-871
-544
-726
-513
100
607
971
1635
2493
2813
2386
2045
2565
3286
3441
3032
2685
2351
1845
1332
1110
1021
679
-170
-1067
-1722
-2360
-2885
-3349
-3885
-4579
-5274
-6033
-6612
-7006
-6998
-6458
-5710
-5653
-6423
-6763
-6037
-4726
-3816
-3219
-2365
-1338
-981
-1098
-247
1844
3552
3914
3712
4190
5087
5442
5487
6219
7177
7104
6046
5199
5137
5229
4982
4411
3840
3004
1734
597
-82
-411
-545
-736
-1492
-2784
-3711
-3781
-3261
-2817
-2846
-3036
-3097
-3039
-2774
-1964
-1044
-390
-66
231
760
1355
1767
2204
2960
3655
3742
3412
3293
3538
3647
3571
3451
3212
2559
1552
899
863
862
258
-727
-1602
-2231
-2913
-3511
-3818
-3993
-4577
-5670
-6501
-6964
-6921
-6970
-7004
-6595
-5876
-5608
-5947
-6005
-5140
-3560
-2386
-1987
-1503
-336
771
1131
1504
2909
4764
5610
5218
5056
5889
6789
6848
6769
7067
7137
6362
5152
4581
4671
4497
3553
2344
1363
662
-235
-1152
-1800
-2237
-2580
-3244
-4094
-4547
-4189
-2921
-2402
-3475
-4318
-3421
-1651
-374
25
345
893
1412
1756
2891
4411
4831
4434
4346
4587
5024
5288
5042
4875
4734
4179
3378
2749
2014
1402
1075
593
-117
-1167
-2340
-3251
-3585
-3720
-4032
-4472
-5427
-6575
-7245
-7143
-6843
-6862
-7341
-7739
-6915
-5570
-4707
-4946
-4878
-3861
-2454
-1311
-460
945
2134
2151
1855
3388
6095
7335
6528
5558
6474
7973
7977
7111
7120
7406
6520
5130
4428
4561
3933
2314
924
304
-159
-1298
-2605
-3668
-4313
-4557
-4850
-5383
-6038
-6169
-5752
-4470
-3156
-3357
-3990
-3374
-1856
-84
1740
2263
2169
2648
3386
4820
6285
6240
5525
5819
6013
5580
5557
5286
4741
4062
3042
2361
2233
1152
-828
-1523
-1392
-1696
-2690
-4088
-5233
-5509
-5694
-6190
-5919
-5788
-6912
-8232
-8594
-8135
-7600
-7610
-7952
-7479
-6233
-5194
-4608
-4050
-3523
-2915
-1742
-414
1117
2709
3508
3239
3276
4437
6261
7604
7521
6824
6812
7142
6872
6418
6295
6082
5309
3870
2537
2012
1502
196
-1110
-1732
-2273
-3258
-4660
-5866
-6139
-5975
-6039
-6251
-6385
-6471
-6413
-5905
-4842
-2127
811
554
-1598
-1286
1974
5706
7546
6459
5440
6094
6454
6739
8186
8755
7682
6218
4641
4151
4920
4270
2364
1519
1100
124
-890
-2528
-3885
-3635
-3324
-3982
-4648
-5475
-6675
-7013
-6769
-6338
-5567
-5300
-6734
-8366
-8580
-7900
-6617
-5594
-5287
-4728
-3456
-2893
-2732
-2158
-1314
-130
1857
3812
4677
4407
3588
3661
5513
7475
8148
8090
7334
5950
5139
5298
5879
6213
5132
3091
1705
945
-23
-936
-1479
-2185
-2976
-3937
-5094
-5861
-6237
-6533
-6239
-5441
-5130
-5235
-5240
-5214
-4354
-2648
269
2664
3582
3476
2920
3093
5065
7935
9718
10100
8254
6009
5646
6466
7059
7453
6620
4381
2579
1298
293
376
454
-594
-1637
-2557
-3992
-4850
-5011
-5209
-4547
-3799
-4278
-5407
-6230
-6827
-6305
-5046
-4364
-4495
-5277
-6687
-7723
-6864
-4748
-2562
-1126
-793
-1129
-1556
-2204
-1855
1278
5445
6947
5060
3016
3180
5037
6449
6997
8141
8892
7153
4273
3250
4259
5267
4810
3517
2725
1848
-327
-2537
-2973
-2160
-1680
-2437
-3906
-5191
-5937
-6322
-6006
-4754
-3429
-2834
-3056
-3822
-3656
-1440
1532
3885
4661
4442
4263
4478
5298
7218
9315
9788
8237
6153
5466
6039
6145
5220
4379
3848
2583
633
-902
-1192
-827
-1269
-2297
-2884
-3237
-4332
-5434
-5282
-3950
-2897
-3222
-4358
-4998
-4971
-4920
-4645
-3859
-3698
-4713
-6100
-6583
-5975
-5082
-4243
-3087
-1336
-129
-878
-2623
-3066
-611
2973
5157
4883
3377
2988
3629
4654
5611
6921
7632
6611
4338
2936
3529
4273
3651
2229
1476
1129
6
-2245
-3772
-3620
-2977
-3258
-4138
-4798
-5390
-6256
-6833
-6055
-4089
-2665
-2755
-3458
-3299
-2063
329
3371
5469
6124
5433
4374
4533
6678
8782
9376
8392
6457
5170
4895
4479
3579
3068
2449
1267
-122
-1561
-2580
-2991
-3374
-3721
-3473
-3413
-4648
-6038
-6499
-5582
-3863
-2781
-3294
-4392
-5133
-5691
-5479
-4761
-4329
-4474
-5026
-6053
-6379
-5187
-2947
-562
791
-72
-1998
-2165
145
3133
4898
4794
4262
4594
4926
4841
5315
6373
6620
5725
4518
4157
4224
3387
1751
970
1267
948
-569
-2499
-3748
-3974
-3914
-3952
-3947
-4125
-5012
-6075
-6195
-5095
-3494
-2334
-1941
-1605
-109
1784
2854
3606
4507
5251
6048
6979
7607
8068
7985
6954
6113
6173
6047
5200
3891
2183
975
790
164
-1068
-1933
-2622
-3395
-3756
-3956
-4156
-4089
-4412
-4968
-4514
-3459
-3149
-3479
-3938
-4219
-4008
-3789
-4106
-4382
-4731
-5728
-6520
-6247
-5298
-3530
-1047
363
-152
-1981
-2707
-675
2842
4559
4213
4158
4953
5326
4967
5137
6345
7267
6142
4361
4231
4847
3922
1949
972
1373
1468
-242
-2598
-3756
-3847
-4063
-4270
-3905
-3623
-4297
-5672
-6496
-5573
-3678
-2184
-1503
-982
-76
1391
3006
4240
5302
6241
6925
7207
7547
8014
8298
7999
6840
5862
5699
5290
3713
1864
715
344
-88
-1114
-1951
-2424
-2892
-3798
-4223
-3769
-3456
-3854
-4527
-4539
-3611
-2685
-2767
-3270
-3326
-3432
-3932
-4442
-4775
-4922
-5179
-5978
-6647
-5680
-3239
-470
1293
587
-1907
-2838
-466
3520
6437
6603
5052
4218
4866
6064
7190
7720
7008
5427
4340
4253
4605
4147
2350
467
-128
-79
-605
-2074
-3965
-5163
-5208
-4478
-3688
-3315
-4024
-5464
-6249
-5399
-3225
-1069
201
1014
1949
3082
4370
5360
5389
5518
6433
7497
8320
8264
6847
5336
4491
4006
4055
3947
2339
-96
-1644
-2228
-2275
-1972
-2497
-3587
-4046
-4358
-4617
-4303
-4133
-4322
-3995
-3144
-2518
-2404
-3353
-4953
-5416
-4524
-3904
-4041
-4959
-6856
-8578
-8869
-7446
-4268
-628
797
-541
-2915
-3830
-1603
2508
5135
5384
5224
5285
5097
5123
5958
7086
7265
5845
4302
4340
4606
3027
673
-277
229
380
-910
-3002
-4588
-5516
-6154
-5727
-4017
-2729
-3435
-5253
-6087
-5111
-3118
-1439
168
2403
4232
4745
4785
4941
4940
5426
6536
7626
8343
7926
5999
4071
3086
2538
2597
2544
1128
-766
-1930
-2694
-3187
-3314
-3563
-3592
-3250
-3631
-4363
-4423
-4281
-4473
-3907
-2449
-1352
-1528
-3117
-4865
-5319
-5021
-5114
-5348
-5721
-6704
-7837
-7881
-5793
-2215
358
-58
-2210
-2701
-555
2853
5134
5058
3994
4356
6143
7794
8252
7394
6069
4855
4162
4174
4874
4554
2053
-877
-1705
-758
-474
-2112
-4530
-5665
-5435
-4974
-4387
-3563
-3238
-4023
-4654
-3640
-1352
350
826
1916
4235
6397
7409
7401
6632
5858
5785
6402
7468
7823
6436
4321
2828
1844
1198
713
-316
-1752
-2679
-3060
-3094
-3140
-3742
-4353
-4027
-3224
-3225
-3565
-3937
-4085
-3639
-2323
-1233
-935
-2259
-4569
-5202
-5537
-5277
-5518
-6667
-7936
-8697
-7686
-4928
-1535
505
-530
-2849
-2372
1668
5468
6163
4676
3735
4938
7277
8731
8854
8182
6757
5078
4335
5003
4964
2604
-665
-1969
-763
347
-709
-3448
-5617
-6350
-6017
-5010
-3793
-3149
-3577
-4268
-3474
-769
1355
1910
2430
4167
6319
7792
8554
8419
7719
7297
7452
8194
8585
7095
4425
2850
2446
2094
1634
589
-1072
-2359
-2962
-3372
-3413
-3569
-4206
-4132
-2922
-2110
-2351
-2855
-3480
-3545
-2501
-1429
-1134
-1505
-2768
-4264
-4902
-5189
-6128
-7370
-8331
-9192
-9279
-7323
-3621
-212
367
-1765
-2671
-32
3830
5414
4880
4623
6012
7993
9155
9396
9141
8004
5976
4807
5337
5686
3853
415
-1791
-1535
-746
-1644
-3799
-5489
-6286
-6689
-6491
-5467
-4580
-4673
-5260
-4627
-2247
43
869
1473
3002
5290
7556
8780
8806
8182
7349
6946
7536
8104
7144
5194
3561
2414
1804
886
-679
-1998
-2660
-3028
-2984
-2790
-3553
-4647
-4831
-4048
-3094
-2616
-2885
-3526
-3399
-2726
-2158
-1836
-2305
-3885
-5361
-5914
-6375
-7355
-8821
-10356
-10933
-10041
-7429
-3656
-836
-1124
-3120
-2858
397
3814
5034
4487
4419
6426
8980
10099
9700
8361
6770
5649
5682
6113
5658
3435
138
-1724
-1303
-926
-2396
-4794
-6369
-6339
-5525
-5001
-4976
-5264
-5679
-5676
-4144
-1499
376
1095
2099
4179
6595
8208
8410
7682
6947
6575
6865
7545
7469
5994
4193
3139
2518
1514
-79
-1707
-2607
-2543
-2191
-1943
-2083
-2888
-3687
-3633
-2804
-2208
-2253
-2590
-2558
-1882
-1141
-1215
-1970
-2902
-3931
-4882
-5590
-6767
-8441
-9923
-10651
-10439
-8898
-6007
-3020
-1459
-1914
-2479
-1086
1588
3172
3440
4052
5696
7924
9353
9564
8866
7675
6525
6017
6228
5934
4477
2376
785
9
-543
-1813
-3672
-4969
-5314
-4931
-4373
-4178
-4487
-4954
-4844
-3996
-2535
-1073
405
2383
4433
6341
7693
7666
6810
6246
6044
6092
6557
6644
5896
5082
3970
2390
970
-461
-1967
-2415
-2213
-2280
-2431
-2221
-2397
-2698
-2585
-2815
-3015
-2713
-2304
-1815
-843
-534
-1268
-2000
-2546
-3275
-4165
-5044
-6248
-7592
-8910
-10341
-10778
-9145
-5787
-2493
-1165
-1738
-2008
-275
1937
2553
2399
3581
5863
7571
8023
8324
8931
8609
6921
5508
5717
5681
4019
2416
2224
2254
604
-2145
-3722
-3630
-3698
-4440
-4439
-3427
-3072
-3638
-3578
-2397
-1396
-1331
-803
1613
4894
6984
7563
8038
8554
7721
6222
5884
6436
6077
5038
4733
4981
4275
1789
-611
-1346
-1656
-3001
-3843
-3191
-2363
-2330
-2413
-2030
-1872
-2413
-3230
-3062
-1843
-1161
-1281
-1235
-787
-1136
-2177
-3440
-4790
-6266
-7732
-8705
-9045
-9117
-8457
-6087
-2856
-1297
-1695
-1818
-929
-423
-529
478
2973
5114
5753
6284
7730
8519
6978
5056
4736
4889
4029
3240
3566
3957
2717
373
-1133
-1777
-2658
-3952
-4221
-3433
-3207
-3568
-3460
-2786
-2501
-3137
-3425
-2196
112
2074
3531
5331
6515
6339
5696
5531
5405
4772
4005
3831
4575
4990
4206
2825
1314
-577
-2195
-2767
-2734
-2859
-3013
-2946
-2674
-2365
-2344
-2448
-2621
-3036
-3286
-2867
-1977
-1551
-1502
-1478
-1835
-2628
-3641
-4674
-5829
-7006
-8021
-8432
-7878
-6428
-4402
-2542
-1632
-1703
-2022
-1932
-1476
-863
46
1295
2461
3594
5040
6270
6628
5880
4796
4089
3819
3812
3982
4066
3661
2910
2336
1910
1155
-22
-1255
-2063
-2283
-2227
-2015
-1845
-1951
-2252
-2326
-1752
-1092
-707
-240
540
1451
2368
3096
3589
3743
3441
3115
3227
3609
3559
3332
3182
2920
2584
2022
1459
890
306
-189
-540
-484
-701
-831
-712
-708
-781
-1115
-1452
-1771
-1925
-1992
-2075
-2036
-2157
-2611
-3085
-3751
-4634
-5301
-6003
-6543
-6969
-6796
-5695
-4402
-3506
-3140
-2806
-2637
-2636
-2372
-1817
-1271
-938
-547
717
2550
3798
4335
4556
4841
4777
4607
4660
4602
4340
3854
3953
4585
4890
4445
3417
2521
1661
884
353
-203
-874
-1314
-1250
-658
-254
-283
-587
-769
-861
-630
-152
43
1
176
925
1823
2326
2204
2041
2003
2008
2021
2033
1861
1570
1430
1671
1685
1827
1829
866
447
299
-210
-949
-1292
-1348
-1528
-1482
-1588
-2198
-2979
-3599
-4193
-4989
-5694
-6164
-6590
-6801
-6957
-6362
-4851
-3642
-2589
-1963
-1783
-1884
-1657
-1158
-712
-494
63
1488
3490
5089
5784
5939
5633
5207
4900
4825
4637
4263
4204
4614
5148
5101
4317
3152
2034
972
153
-474
-1027
-1311
-1060
-361
184
464
331
-131
-553
-601
-310
27
375
884
1781
2746
3161
3124
2952
2507
2136
1947
1919
1720
1429
1294
1369
1487
1117
389
-512
-1236
-1781
-1960
-1859
-1999
-1923
-1964
-2162
-2050
-2318
-3057
-3417
-3886
-4419
-4660
-5002
-5561
-6144
-6217
-5803
-4682
-3526
-2813
-2414
-2276
-2039
-1649
-1158
-993
-878
-283
898
2541
3792
4305
4456
4310
4250
4119
3792
3492
3167
3267
3674
4048
4084
3430
2362
1253
339
-345
-985
-1643
-2020
-1898
-1156
-521
-213
-244
-741
-1023
-993
-618
-328
-170
303
1178
2422
3338
3587
3278
2627
2202
2164
2158
1978
1545
1321
1342
1348
1124
234
-968
-2027
-2664
-2868
-3129
-3342
-3466
-3593
-3452
-3138
-3263
-3774
-4071
-4706
-5037
-5085
-5124
-5249
-5742
-5790
-5533
-4242
-2646
-1864
-1626
-1651
-1470
-941
-471
-58
175
279
1017
2312
3768
4547
4416
4008
3846
3947
3827
3596
3187
2931
3197
3641
3977
3545
2487
1446
474
-149
-683
-1201
-1574
-1670
-1306
-700
-119
158
-169
-582
-653
-562
-173
178
448
980
1872
3042
3746
3786
3317
2859
2908
2943
2726
2370
2069
1962
1906
1768
1157
161
-936
-1800
-2538
-2988
-3373
-3870
-3927
-3959
-4009
-3967
-4182
-4688
-5125
-5317
-5556
-5620
-5689
-5885
-5807
-5483
-4489
-2895
-1615
-980
-1046
-891
-391
-57
233
167
470
1467
2753
4141
4575
4450
4186
4086
4059
3704
3342
3149
3269
3352
3572
3615
3498
3055
1891
610
-4
-305
-771
-1513
-1934
-1293
-343
112
2
-328
-357
-53
-41
-168
-243
151
1015
1848
2567
3048
3421
3561
3209
3153
3208
3168
2974
2603
2536
2533
2490
1976
1134
111
-910
-1270
-1887
-2866
-3715
-3927
-3731
-3809
-3992
-4304
-4611
-4992
-5543
-5727
-5897
-6316
-6555
-6537
-6026
-4604
-2499
-1086
-697
-807
-265
647
856
712
481
941
2306
3885
5098
5390
5246
5220
5130
4909
4259
3738
3522
3254
3306
3810
4302
3983
2684
1449
715
253
-309
-1196
-1825
-1810
-990
-266
-119
-126
-309
-341
-273
-355
-415
-296
26
770
1626
2464
2829
2863
2857
2700
2804
2883
2684
2423
2273
2607
2783
2481
1735
830
305
-496
-1227
-1712
-2415
-3073
-3460
-3577
-4075
-4699
-5149
-5624
-5854
-6111
-6234
-6305
-6664
-6993
-6777
-6454
-5528
-3794
-2776
-2192
-1933
-1247
-202
21
-45
-242
179
1333
2380
3459
3927
4098
4496
4578
4647
4151
3506
3349
3044
3178
3426
3509
3281
2436
1807
1250
746
27
-946
-1543
-1568
-1100
-750
-724
-683
-630
-672
-566
-735
-894
-935
-806
-289
278
939
1365
1736
1959
1886
2074
2066
1851
1717
1778
2145
2360
2222
1917
1535
1039
354
-282
-951
-1646
-2270
-2802
-3105
-3559
-4045
-4488
-5033
-5288
-5545
-6220
-6628
-7016
-7065
-6815
-6524
-5426
-4157
-3272
-2913
-2645
-2029
-1377
-963
-708
-488
344
1550
2640
3562
4061
4521
4835
4907
4796
4482
4377
4397
4466
4637
4760
4757
4391
3650
2937
2217
1511
770
-13
-463
-481
-319
-287
-365
-535
-754
-856
-1021
-1260
-1374
-1148
-772
-297
203
585
885
1053
1062
1253
1599
1752
1764
1870
2180
2385
2360
2119
1849
1431
913
541
133
-495
-1155
-1682
-2011
-2542
-3049
-3711
-4326
-4701
-5246
-5817
-6037
-6410
-6860
-6806
-6798
-5816
-4597
-4045
-4022
-3745
-2901
-1975
-1319
-1388
-1259
-465
929
2334
3321
3428
3830
4719
4936
4997
4862
4695
4671
4945
5233
5478
5521
5027
4238
3602
3094
2551
1727
673
1
66
492
718
306
-330
-699
-737
-788
-1007
-1157
-1292
-893
-26
680
1046
1077
1054
1169
1355
1529
1614
1638
1640
1870
2391
2694
2308
1889
1262
1130
652
701
240
-1033
-715
-1259
-2161
-3095
-3292
-3627
-4287
-4509
-5011
-5447
-5938
-6506
-6578
-5997
-5163
-4175
-3559
-3504
-3183
-2264
-1490
-848
-739
-576
397
1813
2973
3521
3703
3993
4599
5108
5007
4789
4782
4670
4966
5238
5249
5038
4492
3906
3317
2778
2219
1519
920
660
873
1123
1019
378
-281
-606
-657
-656
-904
-1165
-1186
-686
183
554
444
246
421
809
1055
1105
918
889
1174
1689
2005
1768
1320
659
339
260
15
-401
-753
-1190
-1572
-1305
-1360
-2107
-2934
-3211
-3194
-3857
-4759
-5381
-5630
-5885
-6218
-6138
-5525
-4571
-3847
-3937
-4227
-3733
-3084
-2505
-2518
-2808
-2160
-881
568
1561
1801
2075
2637
3475
3884
3524
3266
3431
4130
4767
4828
4694
4420
4162
4026
3577
2986
2452
1863
1396
1718
1802
1049
817
668
-124
-594
-565
-737
-1098
-1461
-1121
-678
-761
-476
-528
-1074
-845
-296
23
197
270
260
624
1202
1124
776
371
281
430
414
93
-159
-233
-545
-749
-1202
-1620
-2124
-2471
-2644
-3148
-3459
-3859
-4275
-4744
-5017
-5101
-4880
-4222
-3616
-3716
-4158
-3933
-3186
-2625
-2472
-2429
-2235
-1591
-311
926
1397
1340
1586
2287
3127
3588
3432
3149
3319
4101
4829
4947
4636
4108
3918
3946
3649
3520
2926
1970
2015
2569
2534
1867
1279
870
423
-16
195
-22
-985
-828
-174
-71
-44
-112
-577
-831
-672
-250
-269
-339
-166
-90
271
607
781
306
-305
-360
-203
-50
-317
-483
-678
-698
-643
-807
-1444
-2202
-2301
-2422
-2627
-2946
-3290
-3690
-4141
-4224
-3899
-3642
-3533
-3270
-3308
-3403
-3121
-2849
-2458
-2196
-1963
-1577
-1058
-122
932
1379
1460
1559
1994
2638
3093
3338
3190
3160
3588
4170
4657
4507
3958
3432
3259
3439
3346
2992
2444
2272
2572
2769
2592
1935
1185
630
562
920
738
203
122
149
246
419
327
113
-431
-316
53
80
211
31
-5
107
364
432
22
-208
-457
-305
86
-100
-123
-98
-148
-496
-939
-830
-1036
-1326
-1282
-1524
-1853
-2270
-2336
-2483
-2824
-3006
-3181
-2927
-2519
-2260
-2371
-2622
-2667
-2490
-2149
-1564
-1288
-1278
-1044
-330
620
1293
1650
1632
1695
1896
2389
2976
3127
3138
3209
3566
3983
4090
3976
3523
2998
2686
2627
2652
2595
2385
2314
2200
2022
1720
1240
716
326
110
46
5
-3
50
116
165
-221
-686
-909
-711
-627
-709
-730
-544
-479
-531
-299
-207
-560
-786
-658
-528
-381
-555
-605
-777
-877
-816
-807
-915
-1382
-1632
-1615
-1502
-1520
-1840
-2225
-2553
-2736
-2906
-3181
-3354
-3233
-2932
-2775
-2822
-2807
-2978
-3130
-2851
-2482
-2126
-1796
-1546
-1167
-571
115
638
928
1047
1162
1299
1643
2042
2361
2584
2754
2942
2952
2933
2836
2486
2162
1876
1681
1675
1752
1816
1755
1560
1148
717
421
185
49
12
-53
-194
-186
-84
53
83
-53
-366
-436
-486
-564
-565
-395
-161
-84
-98
-166
-352
-462
-330
-439
-492
-371
-271
-296
-295
-247
-241
-406
-338
-439
-603
-719
-980
-1151
-1194
-1114
-1313
-1603
-1719
-1853
-2141
-2418
-2405
-2450
-2729
-2709
-2381
-2189
-2140
-1948
-1727
-1677
-1643
-1348
-1016
-710
-326
102
478
718
1062
1346
1515
1593
1638
1748
1776
1827
1912
1964
1930
1877
1775
1636
1464
1360
1342
1350
1355
1298
1142
888
545
392
311
211
238
453
687
680
471
126
310
433
168
142
294
430
261
213
423
297
-9
-99
2
-348
-540
-612
-725
-728
-592
-431
-342
-92
172
410
-5
-380
-435
-405
-326
-226
-167
-311
-627
-916
-946
-1060
-1231
-1237
-1254
-1312
-1357
-1259
-1164
-1140
-1109
-1193
-1154
-1087
-919
-544
-234
69
197
253
242
243
280
349
496
522
486
495
527
598
754
862
729
815
752
726
617
520
494
554
642
727
767
745
780
911
1089
975
921
768
1017
1056
1191
1432
1600
1591
1517
1658
1645
1589
1485
1528
1541
1245
1116
1226
1019
973
897
825
662
410
283
52
122
69
-93
-216
-353
-316
-312
-277
-360
-546
-699
-820
-819
-825
-829
-731
-715
-798
-579
-420
-490
-422
-297
-234
-220
-54
74
329
420
339
372
293
181
58
27
-162
-305
-365
-360
-450
-607
-703
-875
-1005
-1219
-1375
-1434
-1472
-1518
-1406
-1137
-1012
-954
-812
-779
-762
-728
-645
-571
-396
-218
-69
183
367
462
481
483
487
569
711
820
834
957
1073
946
1145
1249
1202
913
771
664
550
775
754
445
389
188
70
-52
-283
-351
-637
-746
-822
-970
-991
-1032
-956
-951
-973
-998
-968
-1109
-930
-773
-674
-380
-211
119
9
-71
289
405
153
292
914
831
691
802
590
536
496
282
165
135
-92
-240
-359
-605
-712
-890
-1102
-1195
-1286
-1314
-1386
-1604
-1541
-1410
-1494
-1520
-1560
-1478
-1195
-1115
-1143
-741
-637
-943
-629
-197
-151
-77
261
408
542
549
544
903
915
588
934
1145
693
620
985
782
536
473
803
580
164
224
33
-342
-400
-316
-508
-494
-459
-27
-134
-391
-239
-358
-728
-565
-330
-112
-117
63
266
1077
2120
1949
1530
951
284
129
304
789
1652
1802
1779
1598
1105
664
200
-39
262
278
152
167
-221
-724
-913
-891
-1339
-1245
-1122
-1399
-1500
-1338
-1555
-1545
-1385
-1448
-1298
-942
-819
-1052
-783
-599
-460
-323
63
69
236
495
761
759
924
1054
1159
1234
1048
978
953
965
730
830
1066
901
567
287
80
-106
-425
-678
-395
-252
-524
-545
-339
-562
-847
-508
-455
-594
-406
-195
19
229
365
400
524
701
1218
1263
1196
1494
1451
1163
1245
1205
983
1004
1464
1342
973
1024
1099
1290
1236
786
766
1138
691
525
608
160
-482
-411
-359
-713
-881
-566
-693
-1164
-519
-263
-479
-638
-320
-1032
-1029
-528
21
360
768
1021
527
376
538
758
735
1255
1233
1344
1194
1163
1237
988
708
949
1073
973
750
528
249
-482
-197
-339
-820
-701
-930
-1461
-1144
-958
-817
-575
-841
-963
-770
-852
-890
-347
0
-419
-108
421
205
-247
441
869
335
512
486
475
140
2
79
746
1277
1664
1714
1218
498
-352
-374
-404
-705
109
647
373
94
-286
-448
-989
-1568
-1025
-639
-133
-156
-267
-220
-594
-971
-1358
-988
-911
-752
-345
8
-422
-619
-399
-149
63
-243
-114
324
59
-215
227
484
-167
-234
430
36
-78
-114
64
-679
-751
219
-111
-708
-639
-428
-1170
-1371
-466
-315
-1252
-765
-141
-333
-1261
-786
-257
-258
-94
799
826
363
211
-355
394
-263
171
1024
1424
1002
1158
1535
602
427
574
703
168
320
500
-68
-91
-154
-812
-479
-327
-790
-722
-448
-693
-836
-559
-778
-621
-318
-291
-770
-674
-173
-232
-526
-241
465
-242
-67
342
-56
255
550
492
-130
830
627
-497
627
1241
-72
-332
980
194
-73
-210
565
403
-1072
122
174
-1255
-1692
-130
-44
-285
-24
330
-344
-1142
-998
-369
591
-459
76
1288
192
-188
747
566
-151
240
1124
591
151
577
406
109
134
341
263
-48
70
-329
273
346
-232
-452
-92
-508
-852
-36
-209
-559
-708
213
-470
-868
55
-518
-368
-348
-368
-251
271
74
-115
-250
428
308
-54
644
73
50
145
290
596
730
525
241
1199
318
254
1608
439
33
754
1050
727
479
250
867
861
-196
-870
637
520
-1124
-274
851
-576
-981
598
262
-631
489
449
182
236
249
-170
43
609
-639
819
1433
562
848
1326
1240
699
215
933
469
138
276
628
658
560
-402
-817
919
221
-217
1148
871
-1256
-663
-391
-57
-935
-622
1601
-187
-644
786
-167
-437
-77
180
1048
830
800
1189
1124
763
-9
600
1636
657
420
815
454
-432
-144
561
322
-181
125
474
-205
-906
-949
436
-380
-1306
598
-79
-825
-702
-251
223
-854
-941
-234
160
-299
-342
-507
628
-26
-1143
-172
765
-985
-921
443
925
-342
-230
656
221
-785
122
503
-2
-413
17
287
-260
-1125
-745
203
-360
-1205
-595
353
-434
-905
-325
332
-1471
-1857
208
405
-1372
-568
419
-176
-1148
-677
-48
-1195
-1170
-278
362
-419
-770
546
-84
-669
-597
-67
98
215
270
825
1074
156
-115
-170
-531
367
27
-218
213
-323
-272
537
-172
-242
-465
-743
-313
-264
-491
-993
-443
-1448
-1004
-124
-520
-79
488
-167
-511
-858
-439
306
-319
-103
924
-3
-83
683
398
289
101
295
1275
459
-534
-108
891
-796
-503
1345
-171
-903
1131
760
-1388
219
636
-859
-420
386
-289
-807
-829
-917
-359
-1484
-1059
990
-1071
-1190
618
-134
-2183
-551
488
-606
-636
373
548
318
574
-273
421
119
-213
1256
373
235
1101
746
-155
203
631
-737
-102
758
245
-591
-292
1129
-259
-1459
-154
111
-538
-1100
-597
-73
-1002
-589
175
469
-304
-261
-124
-282
165
749
-51
-461
1105
716
745
-122
285
-3
-504
936
701
99
658
454
-313
-741
253
-11
-124
107
316
-791
296
281
-1043
-687
142
-65
248
962
-293
420
83
-523
-853
-963
-740
508
947
-311
-179
913
41
-932
851
1014
6
140
614
878
429
1205
651
410
597
1097
79
149
1833
918
-507
835
1461
-843
-217
722
315
-158
251
578
-352
807
-99
-590
593
-193
-1179
518
1551
311
-277
1109
513
-975
750
1367
146
244
882
712
242
-168
830
1211
464
703
152
438
543
403
-1214
135
1211
443
-31
-101
-191
-41
234
-737
487
-738
-775
798
-362
-1067
-375
726
-1060
-518
110
-392
343
101
536
-730
109
934
52
680
1562
52
-363
-186
-1243
72
813
695
272
647
607
-1124
-1225
-978
-166
852
53
-38
855
-640
-1632
455
37
-1216
-940
443
892
-804
-820
631
-626
-1658
-779
1122
-911
-1399
595
316
-584
-1009
-560
477
-1535
-1382
1748
378
-238
46
-641
306
669
-1256
-585
768
267
-739
86
197
-1273
-632
-374
484
-668
-1151
1070
-157
-844
-802
230
-1814
-1109
137
-688
-481
121
-546
74
-928
-1905
-961
221
-1334
-223
931
-638
-876
728
-451
-913
1415
1070
-560
-673
1081
-125
33
410
-141
-115
719
1043
-619
-229
578
-609
-9
765
-538
-932
220
414
-578
136
492
-657
-615
642
-233
-1363
673
-120
-955
1386
1051
-1278
-340
2121
-782
-1785
1128
324
-561
1046
988
-36
-838
87
863
146
-13
790
297
232
341
-831
-150
130
253
-246
-125
158
532
-576
-710
183
-436
-974
683
1688
-1047
-1430
979
-411
-1565
-281
-110
-1116
-287
419
-374
-1132
1076
85
-1416
340
310
-1407
-449
632
252
-682
113
1564
-451
-62
191
570
-287
-106
1202
881
-386
-65
840
-153
-511
239
211
300
-135
-910
-206
-349
-572
-314
1714
-60
-1457
693
783
-65
-1023
437
923
-744
-632
1014
150
-1245
360
1377
-185
-531
809
789
-358
-106
400
1425
395
334
1147
165
498
636
604
1353
238
93
771
-4
99
766
916
-540
366
179
131
573
373
-181
249
244
-142
-669
838
703
-1512
208
1740
-837
-797
1621
1888
-1664
-603
3279
934
-1277
734
1973
515
93
1764
356
98
31
600
1376
577
358
-708
616
831
-1093
-275
984
990
-687
-754
1142
118
-1137
-897
1773
712
-1522
13
1134
50
-609
-697
1353
561
-1356
-288
2550
214
-1265
824
692
-773
-238
683
532
990
-450
-346
1727
720
-1163
-375
1147
851
-1041
-328
1095
-333
-1227
65
1261
-375
-2355
-1138
1688
427
-1724
-456
299
-101
-1134
-253
741
-127
-1425
-460
1526
-496
-1710
-175
749
-116
-686
159
-216
401
-315
-412
242
115
-1611
-542
576
-1033
-1032
-22
-40
-502
-271
-131
142
-637
-942
176
-130
-730
354
110
-382
-706
-458
669
-1046
-143
-286
-1099
152
728
-38
-576
-802
-871
-553
157
332
521
-212
-683
-458
694
-828
-1645
268
-587
-192
-98
952
1314
-210
-606
-621
-26
-389
-932
335
1000
-888
-147
1099
-562
-1129
-255
917
280
-521
-167
-659
517
-596
-614
379
40
-391
-98
-44
-35
656
-826
-746
23
243
-354
-507
628
-1136
-387
1906
-384
-2602
129
849
-4
-19
988
-537
-764
82
-501
282
251
-548
286
1727
365
-707
-690
539
45
-1007
-704
1727
1641
-1954
-404
1032
-111
-595
-116
458
900
-390
412
1117
-284
-1001
-1926
1385
1826
-2383
-1048
695
-272
-261
-184
237
-316
-534
24
1787
653
-822
-1466
-309
1161
-634
-645
820
367
-1324
1049
1269
-1167
-196
260
406
491
-188
130
843
505
-1390
455
1236
-1265
-952
-258
451
95
246
-169
-830
-392
-64
-455
505
540
-1119
-161
986
149
-906
-185
-147
309
204
65
843
33
-1858
586
1996
-163
118
843
853
142
1199
1396
-51
595
-41
232
1205
20
-162
929
-75
200
730
220
-366
129
85
1232
215
-516
1286
262
-1003
80
1226
-446
503
288
164
1703
398
328
1321
645
-32
-464
840
632
-164
173
659
743
1039
405
-422
403
-141
563
1585
-95
-2
624
-186
499
6
-1063
-183
1410
-176
298
1519
-1278
-1418
1544
884
-697
-570
593
-384
-929
149
-140
-119
608
-420
5
858
-42
-77
-269
-495
89
549
590
-254
-251
515
443
-178
47
-83
268
856
-545
-1077
-147
-239
-824
-976
277
671
-1056
-1170
555
36
-726
275
917
-512
-768
747
123
-240
-761
-1135
18
-158
-653
-694
-1522
-861
-316
-967
-1551
535
341
-764
-450
90
729
-465
-1240
536
643
-1521
-552
737
-618
-765
-482
-268
-290
-998
-123
37
-638
5
319
-349
-650
236
-587
-269
633
280
-770
-40
-475
-849
-295
-537
-413
-1156
310
204
-1245
-736
136
57
-1472
-169
1085
-145
-315
-159
33
612
632
-868
176
1647
-216
-479
1112
904
-1421
-1623
773
466
-1102
181
375
-446
95
-187
-1118
21
765
-669
-394
497
492
-1401
-1161
1251
118
-484
330
140
-381
-275
-912
-368
-525
-150
26
105
701
-131
186
504
752
90
165
258
22
-94
82
-799
-615
1156
374
-78
608
-33
699
-215
-813
678
315
-1115
71
590
-1021
-602
-170
-764
341
372
-896
95
664
-397
-1448
234
1159
-344
-578
335
559
31
-610
41
517
-283
-610
129
101
325
184
-411
342
892
325
-1171
-144
1092
-257
-306
-55
-79
33
-499
82
176
279
-489
-199
515
-798
-134
695
-44
-769
-69
131
-635
-461
967
398
-819
192
242
-300
90
938
493
118
592
212
-584
171
1334
303
641
1012
672
-12
735
707
101
1264
543
495
466
157
-233
-80
485
304
781
259
293
808
-489
378
659
-44
1064
619
-124
674
691
-109
526
925
1106
931
-730
-6
1371
11
-272
938
652
-400
289
500
-269
186
506
221
949
452
-17
225
-87
235
763
372
276
596
-112
-184
76
252
-18
-139
50
422
311
-490
-208
217
123
483
707
-81
-157
376
-113
124
900
385
-170
134
-14
118
-305
-58
1079
336
336
697
307
307
132
567
468
727
803
218
-148
14
-140
-57
362
-276
197
5
-657
167
87
-23
138
225
-255
-516
-341
-207
-662
-436
37
-453
-286
195
-264
-686
-203
-451
-426
-332
-672
-576
-929
-951
-744
-605
-355
-835
-913
-1035
-975
-490
-1258
-1129
-816
-1117
-1005
-548
-345
-949
-1161
-725
-644
-674
-513
-511
-917
-709
-394
-313
-308
-524
-226
-137
-61
149
164
151
121
340
900
875
737
981
1067
1095
1542
1897
1476
1456
1538
1299
1313
1552
1714
1250
1082
1261
1231
983
756
795
860
668
437
517
258
126
535
-45
-62
451
-546
-1310
-309
-756
-1143
-33
-960
-1940
-1681
-1168
-1947
-2193
-1716
-1863
-2632
-2380
-2342
-3447
-3119
-2679
-2968
-3356
-2948
-2646
-3009
-2529
-2000
-1839
-1825
-1524
-971
-436
-121
165
428
840
1361
1577
1856
2309
2644
2657
2687
2830
3195
3144
2956
3098
3557
3774
3312
2870
2478
2391
2435
2364
2316
1899
1402
846
575
670
650
465
121
-2
-39
-198
-148
-236
-373
-431
-290
144
-100
-134
-2
-140
-210
-201
-247
-183
-599
-1011
-945
-1360
-1366
-1257
-1800
-2657
-2380
-2405
-3631
-3842
-3772
-4133
-4225
-3403
-2547
-2668
-3355
-3911
-3653
-2672
-1579
-741
-477
-570
-745
-463
476
1531
2209
2489
2534
2785
3123
3336
3340
3397
3620
3810
4005
3977
3580
3093
3027
3347
3376
3049
2575
2045
1572
1272
1319
1498
1363
1114
611
550
649
421
313
210
268
424
510
466
364
305
267
283
385
401
121
-327
-732
-853
-843
-881
-680
-1529
-2346
-2208
-2466
-3013
-2987
-3060
-4163
-4604
-4458
-4092
-2901
-1954
-2725
-4341
-4797
-3469
-1643
-765
-741
-956
-1031
-874
-327
848
2171
2777
2350
1982
2712
3722
3753
3156
3104
3796
4322
4074
3580
3144
2699
2424
2953
3912
3838
2252
661
504
1281
1848
1607
1043
576
-56
-508
-191
493
581
-11
-454
-291
276
139
-389
-433
-140
200
226
31
-412
-911
-1521
-1512
-798
-639
-1377
-2578
-3353
-3325
-3203
-3509
-3964
-4372
-4844
-5507
-5707
-4928
-3389
-2969
-4389
-5921
-5620
-3587
-1898
-1451
-1713
-1741
-1553
-1235
-549
854
2261
2469
1730
1561
2745
3807
3649
3012
3101
4035
4425
3732
3018
2847
2821
2789
3193
3859
3489
1621
96
356
1737
2239
1483
551
-41
-451
-579
-45
676
699
-163
-755
-343
267
368
-131
-225
195
426
84
-340
-530
-878
-1264
-1151
-641
-649
-1759
-3142
-3503
-3058
-2856
-3267
-4045
-4755
-5515
-5799
-4608
-2712
-2555
-4492
-6288
-5845
-3516
-1693
-1570
-1918
-1884
-1822
-1720
-839
1060
2557
2378
1372
1619
3209
4099
3563
3157
3761
4568
4597
3986
3678
3521
3073
2908
3769
4810
4186
1978
385
812
2129
2676
2235
1439
548
-432
-547
424
1542
1365
66
-674
-332
285
357
234
352
520
331
-10
-98
-147
-603
-1156
-1033
-494
-581
-1652
-2846
-3194
-2816
-2685
-3173
-3869
-4623
-5240
-5033
-3781
-2662
-3282
-4962
-5756
-4647
-2840
-2106
-2074
-1991
-1837
-2053
-1779
-302
1489
2043
1257
894
1907
3129
3288
3018
3382
4056
4184
3804
3711
3856
3586
3066
3280
4447
4904
3623
1735
1147
1986
2837
2910
2433
1703
640
-148
211
1518
2128
1256
-3
-257
265
671
744
811
851
534
12
-162
93
-19
-665
-1007
-535
-315
-1010
-2194
-2640
-2295
-2274
-2624
-3221
-3849
-4738
-4958
-3804
-2426
-2592
-4095
-5149
-4743
-3284
-2280
-1850
-1367
-1265
-1969
-2217
-834
1380
2419
1765
1156
1752
2776
3058
3021
3691
4393
4287
3685
3677
4062
3863
3203
3139
4167
4930
4052
2232
1289
1734
2534
3065
3025
2246
974
-85
55
1416
2498
1909
470
-247
-77
345
830
1136
956
341
-431
-555
-184
-76
-653
-1146
-1131
-1019
-1565
-2504
-2975
-2923
-3046
-3443
-3862
-4266
-4700
-4791
-4340
-3782
-3925
-4732
-5005
-4344
-3484
-3132
-2655
-1967
-1532
-1850
-1992
-756
975
1559
841
617
1643
2632
2564
2488
3300
3963
3482
2694
2918
3762
3681
2774
2520
3431
4056
3215
1831
1451
1845
1997
1925
2017
1823
743
-303
-98
1046
1781
1123
12
-342
-12
239
421
741
713
77
-741
-689
-139
-126
-845
-1460
-1415
-1364
-1930
-2734
-3062
-3147
-3692
-4192
-4435
-4490
-4507
-4442
-4330
-4344
-4650
-4853
-4247
-3425
-3219
-3379
-2967
-2110
-1704
-1686
-1200
4
850
738
692
1563
2504
2506
2287
2819
3747
3844
3078
2821
3564
3900
3378
2888
3285
3853
3517
2578
2040
2184
2312
2182
2228
2249
1762
850
518
1217
1838
1591
848
527
560
664
727
897
1102
693
-31
-308
-12
96
-469
-1098
-1235
-1262
-1764
-2370
-2752
-2940
-3395
-4072
-4324
-4131
-4117
-4194
-4223
-4400
-4748
-4766
-4183
-3324
-3022
-3283
-3180
-2386
-1703
-1551
-1044
-101
747
815
563
1153
2205
2565
2412
2697
3409
3645
3106
2740
3229
3727
3540
3024
3077
3550
3606
2962
2236
2223
2308
2243
2211
2255
1972
1301
853
1149
1766
1730
1095
657
732
905
907
991
1169
1013
420
20
127
230
-165
-872
-1183
-1184
-1435
-2087
-2592
-2936
-3498
-4198
-4476
-4145
-3789
-3770
-4337
-4801
-4883
-4342
-3436
-3027
-3034
-3134
-2758
-2053
-1487
-1063
-446
441
891
842
956
1770
2543
2635
2643
3180
3689
3652
3204
3076
3661
3938
3534
3043
3094
3505
3493
2976
2498
2449
2409
2263
2317
2331
1930
1300
1033
1465
2051
1926
1184
828
1039
1308
1314
1259
1366
1103
540
365
618
663
53
-755
-1034
-934
-1191
-1785
-2339
-2842
-3443
-3979
-4046
-3698
-3419
-3780
-4574
-5112
-4766
-3854
-3271
-3414
-3728
-3518
-2852
-2199
-1799
-1306
-517
-93
-63
219
1061
1851
2058
1977
2372
3141
3307
2910
2693
3070
3600
3433
2983
2856
3095
3143
2858
2437
2048
1861
1682
1689
1838
1697
1158
807
938
1182
1270
882
475
440
530
519
590
702
545
211
11
26
-5
-326
-910
-1308
-1351
-1481
-1900
-2424
-2990
-3486
-3923
-4085
-3899
-3754
-4061
-4705
-5247
-5114
-4332
-3625
-3596
-4131
-4206
-3535
-2692
-2259
-1941
-1325
-741
-578
-568
71
1075
1582
1438
1463
2187
2684
2404
1971
2310
3066
3073
2459
2103
2512
2985
2783
2231
2022
2107
1887
1735
1927
1981
1486
837
762
1298
1592
1226
670
618
872
898
821
893
846
450
-22
97
378
85
-619
-1160
-1171
-1073
-1432
-2087
-2610
-3010
-3503
-3722
-3403
-3063
-3468
-4347
-4958
-4581
-3527
-2934
-3223
-3815
-3927
-3338
-2408
-1760
-1414
-1094
-884
-697
-333
391
1136
1547
1465
1444
2000
2524
2463
2159
2303
2772
2939
2568
2153
2514
3095
2930
2201
1871
1955
1968
1837
1799
1860
1600
1020
763
1246
1679
1307
742
667
1016
1059
815
859
982
754
255
80
191
43
-586
-1065
-987
-884
-1310
-2175
-2660
-2803
-3136
-3278
-3154
-2893
-3257
-4196
-4809
-4189
-2972
-2517
-3056
-3756
-3603
-2856
-2007
-1540
-1240
-975
-792
-699
-373
486
1300
1521
1243
1292
1843
2233
2229
2085
2361
2760
2692
2147
1978
2638
3159
2782
2021
1801
1915
2025
1960
1912
2058
1666
1070
1115
1727
2008
1494
1005
1114
1426
1298
1088
1134
1216
947
544
555
699
353
-331
-525
-452
-480
-1131
-1905
-2150
-2301
-2620
-2791
-2520
-2345
-2923
-3740
-3956
-3054
-2136
-2103
-2753
-3177
-2849
-1968
-1200
-834
-694
-597
-439
-138
385
1129
1701
1771
1528
1589
2038
2407
2391
2304
2478
2701
2490
2004
2261
2859
2717
1974
1549
1812
2029
1787
1415
1413
1451
1053
750
1123
1516
1173
581
677
1187
1324
845
635
913
957
646
347
400
344
-177
-786
-743
-486
-833
-1800
-2410
-2459
-2384
-2403
-2568
-2880
-3340
-3974
-4151
-3450
-2583
-2417
-2991
-3460
-3262
-2275
-1336
-961
-1033
-1089
-932
-569
-85
502
1018
1212
1071
976
1324
1712
1825
1743
1766
2000
1924
1660
1797
2244
2153
1521
1209
1436
1656
1331
854
768
957
752
319
490
805
605
108
24
467
651
334
28
170
363
205
-130
-226
-206
-562
-978
-1021
-811
-1054
-1848
-2395
-2454
-2284
-2275
-2430
-2718
-3070
-3459
-3486
-2925
-2242
-2114
-2574
-3072
-2910
-2044
-1099
-729
-895
-1029
-730
-193
262
625
1134
1451
1269
1137
1416
1945
2173
1910
1781
2027
2127
2032
2084
2274
2021
1522
1331
1705
1930
1514
795
689
1014
1011
774
669
646
440
266
403
791
831
416
71
130
402
406
100
-186
-362
-636
-846
-779
-715
-1123
-1848
-2334
-2244
-1747
-1667
-2234
-2763
-2989
-2896
-2585
-2116
-1794
-2005
-2576
-2736
-2021
-891
-342
-629
-974
-683
-20
449
713
1092
1402
1357
1147
1379
1938
2183
1904
1690
1914
2142
2174
2100
2025
1911
1640
1568
1814
1921
1498
853
688
1018
1133
899
592
345
235
185
339
674
626
129
-207
-109
195
205
-92
-421
-625
-777
-908
-906
-924
-1246
-1756
-1992
-1833
-1602
-1697
-2117
-2391
-2361
-2155
-1958
-1796
-1600
-1571
-1794
-1838
-1293
-519
58
-44
-294
-8
665
1096
1223
1443
1771
1830
1650
1696
2087
2371
2155
1869
2035
2506
2766
2414
2072
1954
1966
1972
2022
2030
1590
981
707
1006
1452
1361
769
220
258
506
574
563
480
213
-96
-155
72
215
-128
-646
-864
-731
-681
-969
-1303
-1449
-1663
-1858
-1687
-1396
-1539
-2080
-2392
-2166
-1707
-1455
-1421
-1402
-1308
-1487
-1384
-645
232
410
-24
-124
486
1102
1208
1299
1658
1924
1715
1446
1710
2208
2164
1751
1714
2266
2538
2042
1470
1519
1830
1893
1740
1635
1306
651
387
741
1235
1022
100
-522
-314
17
17
-136
-186
-360
-809
-1021
-664
-309
-637
-1332
-1630
-1544
-1526
-1811
-2101
-2116
-2225
-2422
-2372
-2194
-2335
-2705
-2823
-2480
-2030
-2034
-2089
-1809
-1452
-1443
-1449
-843
16
267
-264
-322
441
1185
1211
1053
1461
1886
1683
1322
1585
2156
2124
1520
1515
2264
2415
1473
817
1260
1845
1629
1088
885
748
265
-138
299
968
520
-726
-1154
-433
140
-194
-595
-476
-406
-875
-1214
-814
-437
-816
-1610
-1760
-1360
-1387
-1952
-2226
-1965
-1942
-2233
-2396
-2263
-2164
-2350
-2475
-2120
-1704
-1746
-1887
-1600
-1112
-930
-803
-391
165
393
332
485
1135
1588
1569
1616
2021
2338
2218
2066
2286
2510
2442
2390
2729
2849
2202
1473
1585
2182
2254
1611
973
746
637
407
448
740
461
-431
-1004
-622
-94
-229
-627
-830
-858
-1015
-1245
-1189
-988
-1064
-1550
-1958
-1819
-1622
-1889
-2255
-2286
-2180
-2087
-2217
-2406
-2427
-2296
-2258
-2122
-1815
-1624
-1615
-1546
-1256
-859
-435
-152
20
320
601
838
1191
1599
1896
2064
2098
2224
2391
2502
2605
2669
2916
3183
3137
2744
2286
2222
2457
2610
2400
1826
1213
840
813
934
968
565
-124
-645
-734
-489
-410
-541
-828
-1197
-1449
-1431
-1323
-1371
-1515
-1673
-1866
-2012
-2085
-2104
-2184
-2169
-2179
-2252
-2069
-1992
-2176
-2299
-2075
-1711
-1521
-1515
-1471
-1296
-945
-683
-312
107
351
552
720
1252
1673
1855
2034
2216
2385
2496
2674
2818
2854
2986
3328
3763
3637
3090
2690
2849
3154
3198
2912
2395
1904
1514
1493
1617
1609
1014
186
-150
-10
88
-103
-376
-649
-943
-1252
-1274
-1168
-1309
-1699
-2019
-1996
-2001
-2167
-2353
-2550
-2553
-2529
-2548
-2553
-2628
-2771
-2782
-2585
-2260
-2057
-2060
-2096
-1892
-1472
-942
-523
-372
-298
-85
465
1062
1393
1516
1757
2018
2175
2303
2575
2908
2987
3119
3372
3452
3050
2629
2691
3078
3109
2552
1966
1618
1545
1475
1525
1474
973
157
-418
-327
-86
-293
-859
-1276
-1413
-1608
-1795
-1810
-1835
-2087
-2474
-2655
-2672
-2686
-2950
-3082
-3006
-2912
-2944
-3026
-3112
-3105
-2929
-2840
-2669
-2468
-2461
-2477
-2325
-1813
-1220
-826
-742
-733
-514
-44
498
904
1173
1322
1454
1552
1819
2173
2387
2653
2981
3152
2861
2489
2487
2866
3179
3046
2560
2034
1704
1531
1646
1785
1573
951
209
11
136
175
-112
-466
-778
-1190
-1408
-1424
-1411
-1613
-1951
-2207
-2354
-2431
-2645
-2822
-2822
-2797
-2857
-2908
-2967
-3046
-3081
-2976
-2691
-2394
-2293
-2379
-2446
-2135
-1463
-820
-590
-685
-596
-174
364
788
1081
1408
1609
1581
1692
2074
2411
2782
3040
3120
3009
2780
2588
2802
3307
3382
2920
2358
1991
1855
1955
2027
1793
1359
690
226
192
307
252
-125
-590
-978
-1194
-1342
-1373
-1415
-1578
-1886
-2220
-2377
-2504
-2584
-2634
-2625
-2617
-2699
-2890
-3094
-3049
-2811
-2497
-2318
-2311
-2420
-2520
-2138
-1357
-728
-610
-729
-592
-103
368
643
1000
1416
1662
1481
1515
1955
2466
2922
3150
3042
2707
2398
2459
3029
3511
3221
2416
1923
1860
1991
2040
1998
1676
1047
394
239
511
619
317
-192
-570
-732
-860
-1017
-1068
-1080
-1264
-1586
-1878
-1978
-1917
-2004
-2067
-1996
-1967
-2143
-2431
-2560
-2353
-2026
-1854
-1845
-1883
-2002
-2112
-1597
-739
-124
-198
-545
-250
329
821
1038
1343
1699
1780
1628
1772
2514
3235
3350
3040
2973
3071
2961
2993
3298
3452
3056
2420
2165
2287
2194
1838
1645
1480
1161
606
325
428
494
125
-333
-448
-609
-955
-1206
-1101
-1007
-1205
-1625
-1974
-2033
-2025
-2051
-2036
-1972
-2096
-2442
-2571
-2316
-1968
-1901
-1954
-1983
-1945
-1804
-1463
-863
-482
-500
-598
-323
227
656
910
1190
1503
1609
1570
1953
2617
2894
2568
2425
2659
2876
2751
2572
2527
2475
2023
1605
1664
1700
1305
755
690
760
546
72
-285
-308
-486
-849
-1053
-1128
-1321
-1670
-1884
-1748
-1610
-1827
-2237
-2435
-2462
-2420
-2508
-2419
-2298
-2497
-2751
-2658
-2296
-2062
-2043
-2156
-2139
-1940
-1564
-1098
-770
-672
-715
-437
129
606
779
889
1194
1448
1573
1821
2301
2564
2376
2155
2250
2527
2497
2328
2238
2123
1797
1436
1299
1285
1089
618
325
269
131
-230
-513
-467
-578
-825
-1059
-1180
-1246
-1422
-1522
-1488
-1486
-1675
-1945
-2085
-2040
-1936
-2008
-2048
-2126
-2245
-2253
-2102
-1960
-1902
-1868
-1831
-1707
-1505
-1187
-831
-490
-393
-413
-111
384
799
1083
1292
1538
1761
1951
2238
2534
2608
2488
2466
2629
2737
2567
2386
2229
2146
1968
1730
1538
1291
941
595
468
361
128
-227
-514
-682
-850
-965
-1107
-1277
-1371
-1469
-1550
-1608
-1661
-1775
-1894
-1971
-1902
-1835
-1842
-1920
-1993
-1935
-1868
-1711
-1561
-1507
-1488
-1445
-1233
-895
-620
-463
-262
-26
197
477
804
1164
1421
1619
1826
2069
2260
2387
2537
2585
2632
2551
2497
2469
2421
2319
2107
1944
1695
1426
1180
997
806
525
210
-34
-251
-435
-610
-800
-978
-1198
-1396
-1446
-1482
-1573
-1674
-1780
-1882
-1976
-1956
-1881
-1807
-1821
-1830
-1843
-1725
-1555
-1435
-1352
-1219
-975
-842
-646
-378
-55
201
353
529
815
1140
1333
1495
1701
1875
2039
2174
2355
2574
2515
2473
2579
2536
2452
2247
2072
2010
1966
1770
1471
1300
1277
1100
832
641
522
305
56
-107
-229
-319
-453
-592
-700
-781
-872
-1009
-1030
-1082
-1133
-1221
-1280
-1311
-1456
-1468
-1356
-1281
-1327
-1362
-1351
-1216
-1107
-1087
-924
-783
-598
-414
-206
63
265
391
618
939
1219
1359
1469
1598
1731
1827
1959
1996
1992
1876
1744
1736
1744
1680
1507
1303
1064
919
779
667
527
295
54
-154
-254
-371
-518
-756
-956
-1069
-1241
-1303
-1337
-1334
-1477
-1498
-1481
-1500
-1461
-1551
-1540
-1541
-1569
-1579
-1515
-1476
-1387
-1282
-1120
-930
-868
-766
-595
-399
-159
25
188
404
556
702
906
1111
1290
1325
1279
1245
1297
1372
1367
1283
1215
1073
932
819
722
553
321
132
-8
-141
-337
-494
-624
-712
-793
-905
-967
-1090
-1167
-1204
-1194
-1198
-1256
-1321
-1369
-1331
-1339
-1300
-1258
-1244
-1254
-1278
-1075
-932
-853
-778
-770
-679
-525
-349
-157
7
150
298
447
644
838
894
1026
1183
1303
1353
1393
1422
1388
1346
1356
1349
1270
1129
915
792
697
568
434
191
-26
-224
-379
-478
-554
-677
-856
-1016
-1105
-1116
-1122
-1093
-1109
-1200
-1224
-1196
-1136
-1078
-1027
-1016
-1022
-1005
-984
-919
-845
-778
-771
-710
-564
-430
-330
-255
-111
49
237
378
509
664
817
957
1142
1311
1421
1469
1542
1559
1652
1651
1606
1599
1537
1401
1242
1165
1074
893
663
498
310
135
-74
-283
-411
-614
-775
-891
-992
-1082
-1232
-1311
-1348
-1387
-1412
-1489
-1492
-1461
-1391
-1388
-1290
-1203
-1198
-1256
-1160
-960
-805
-704
-623
-501
-371
-194
4
278
401
417
553
740
966
1161
1294
1334
1395
1435
1517
1666
1724
1697
1580
1537
1501
1425
1388
1317
1347
1178
1002
922
857
739
572
423
282
150
-20
-134
-259
-439
-546
-614
-623
-597
-706
-853
-789
-853
-911
-977
-1027
-1052
-1088
-1074
-1082
-1044
-874
-718
-677
-677
-567
-383
-216
-71
89
263
509
709
836
999
1152
1210
1339
1494
1610
1649
1628
1670
1650
1632
1615
1555
1470
1320
1209
1116
1025
869
741
596
498
344
233
130
23
-115
-177
-222
-308
-380
-448
-481
-540
-633
-633
-697
-752
-815
-879
-877
-874
-900
-957
-977
-978
-950
-946
-883
-832
-790
-678
-542
-435
-312
-254
-158
-79
51
121
201
331
431
513
662
840
825
916
946
936
913
865
807
751
670
561
495
406
347
212
106
-13
-194
-272
-343
-438
-489
-539
-605
-679
-752
-759
-765
-779
-892
-1038
-1028
-989
-997
-993
-1017
-998
-964
-957
-960
-918
-853
-816
-769
-681
-591
-535
-448
-327
-230
-125
-57
38
148
235
299
323
375
406
414
434
473
484
459
427
377
469
521
459
411
323
258
236
165
101
55
-18
-75
-142
-151
-198
-284
-336
-406
-386
-401
-456
-493
-546
-566
-571
-586
-603
-586
-587
-590
-556
-582
-494
-431
-434
-374
-312
-244
-159
-57
3
88
94
142
243
353
416
349
397
423
446
470
489
498
480
442
415
419
403
361
301
290
271
217
172
112
93
55
60
18
-15
-90
-147
-183
-191
-184
-188
-221
-282
-372
-367
-376
-382
-392
-429
-427
-411
-410
-397
-374
-347
-316
-298
-214
-170
-179
-111
-72
45
116
156
209
228
283
307
324
393
392
381
384
432
412
438
435
414
378
353
333
321
311
264
228
171
169
140
138
110
27
19
8
21
-6
-22
-30
-29
-17
-8
-10
-27
-18
-1
12
24
-52
-3
-29
72
143
101
139
165
175
173
206
201
241
245
243
252
167
157
174
238
347
399
302
393
420
369
365
330
355
375
426
357
318
441
520
556
488
461
442
409
415
403
434
456
429
369
338
313
294
324
322
290
269
231
252
251
280
337
298
295
289
287
317
344
289
286
255
320
332
298
245
222
228
216
211
156
108
15
-5
-32
-82
-100
-182
-272
-313
-307
-276
-307
-330
-350
-336
-330
-325
-294
-248
-207
-241
-207
-162
-111
-103
-116
-127
-122
