52
77
96
57
71
67
64
67
59
63
48
46
45
40
30
14
-24
-63
-117
-245
-219
-247
-257
-230
-241
-198
-175
-171
-128
-115
-154
-186
-250
-252
-242
-299
-280
-262
-280
-234
-234
-259
-322
-348
-383
-403
-419
-356
-303
-308
-329
-400
-309
-249
-237
-343
-430
-401
-347
-314
-315
-307
-319
-309
-321
-286
-279
-321
-305
-305
-296
-303
-287
-263
-262
-262
-254
-237
-237
-244
-258
-225
-219
-255
-230
-243
-225
-219
-203
-201
-192
-185
-95
4
3
19
4
21
18
-24
17
17
15
35
18
14
6
14
-2
4
13
15
-4
26
7
-37
1
-19
-11
-15
-26
-26
-33
-42
-45
-50
-37
-27
-28
-5
7
-38
4
9
-7
18
24
17
26
13
20
27
6
7
-4
21
27
-12
18
8
8
8
7
-3
-16
-4
-33
-35
-25
-23
-5
-2
24
-40
-11
-21
-13
-11
-11
8
22
18
23
21
16
46
56
83
94
40
65
69
66
38
41
43
44
48
55
59
67
111
101
128
130
94
125
106
134
118
117
106
108
110
112
125
111
114
99
129
140
84
103
98
90
114
123
120
93
93
89
90
84
79
79
85
107
60
95
96
116
137
152
153
146
141
156
147
206
375
372
386
395
344
376
386
374
356
339
331
334
283
262
254
252
289
289
329
328
295
306
296
267
263
277
104
139
143
245
367
353
324
292
307
321
293
322
323
320
330
341
347
345
372
362
379
357
366
330
345
352
301
321
308
310
280
264
238
216
218
217
200
201
183
169
175
186
128
134
134
138
119
121
140
112
117
121
136
89
112
81
107
139
100
127
107
93
86
82
69
64
55
37
42
17
3
-11
-29
-61
-190
-229
-246
-231
-236
-211
-215
-215
-215
-183
-150
-197
-204
-231
-221
-270
-369
-335
-323
-339
-336
-355
-371
-401
-423
-448
-473
-477
-424
-345
-333
-375
-461
-393
-313
-236
-293
-406
-420
-377
-316
-290
-284
-293
-265
-273
-228
-204
-238
-202
-197
-187
-173
-149
-110
-91
-71
-62
-47
-36
-26
-29
8
27
-7
22
25
39
58
61
69
66
83
101
212
252
235
216
227
244
193
206
193
200
193
191
162
128
142
136
108
73
88
50
66
59
-20
-3
-28
-41
-65
-73
-80
-109
-137
-158
-186
-203
-206
-212
-211
-229
-269
-279
-280
-289
-294
-289
-323
-337
-333
-358
-370
-383
-390
-400
-385
-373
-416
-405
-419
-406
-401
-406
-395
-365
-339
-332
-330
-283
-226
-189
-139
-100
-89
-35
17
91
148
186
272
318
374
412
450
464
515
538
593
646
616
658
674
683
687
690
681
681
700
691
699
682
700
685
686
699
610
630
556
550
526
483
457
410
389
347
322
262
249
187
171
149
64
36
-17
-65
-95
-111
-146
-200
-254
-299
-332
-376
-402
-434
-441
-453
-535
-542
-558
-572
-588
-605
-614
-639
-646
-664
-664
-713
-597
-453
-469
-427
-454
-411
-389
-337
-294
-257
-212
-169
-135
-96
-37
22
121
195
320
405
432
524
581
645
694
770
849
868
839
999
1148
1206
1146
1104
1091
1034
1168
1202
1172
1141
1115
1082
1101
1090
1079
1065
1059
1046
1022
985
972
952
858
874
825
802
746
683
618
537
498
451
421
372
322
262
224
164
92
58
6
-16
-60
-108
-155
-172
-208
-246
-254
-314
-352
-399
-416
-406
-488
-491
-519
-549
-572
-559
-608
-635
-669
-679
-721
-729
-740
-783
-781
-810
-905
-918
-1016
-1045
-985
-957
-909
-873
-792
-713
-631
-556
-539
-538
-497
-481
-478
-415
-330
-254
-188
-126
-119
-86
-73
-39
-4
25
100
194
286
259
157
149
160
234
264
147
87
105
161
194
210
207
188
190
213
253
225
276
267
273
293
306
342
371
414
409
423
426
420
393
402
411
349
337
315
295
289
266
260
232
201
153
182
256
200
170
136
106
22
-24
-65
-109
-158
-218
-268
-326
-399
-429
-481
-531
-560
-628
-674
-711
-838
-855
-892
-959
-993
-1033
-1060
-1089
-1112
-1141
-1168
-1202
-1194
-1212
-1182
-1150
-1123
-971
-874
-793
-756
-726
-681
-626
-557
-469
-374
-289
-205
-140
-39
55
80
164
235
309
412
498
571
622
673
668
630
574
584
600
651
687
617
627
585
574
590
602
597
605
613
607
622
615
634
636
642
655
621
629
674
662
660
646
633
636
618
592
590
565
554
552
554
548
467
486
448
403
394
341
321
287
260
225
202
135
101
34
-10
-36
-151
-185
-262
-316
-373
-408
-451
-503
-574
-662
-701
-760
-805
-870
-884
-911
-1003
-1004
-1038
-1048
-1037
-1048
-1064
-1079
-1081
-1120
-1083
-1080
-971
-721
-574
-423
-336
-258
-227
-165
-107
-19
76
170
285
318
368
442
520
620
744
876
912
1002
1070
1090
1041
1049
1014
899
803
823
1035
1084
1055
921
928
945
792
929
950
953
958
941
944
934
946
941
965
969
960
959
979
974
915
925
899
873
846
823
765
729
677
637
637
598
564
535
506
478
402
358
363
303
262
211
172
142
64
27
-8
-57
-124
-209
-259
-295
-368
-396
-442
-477
-562
-615
-646
-740
-780
-836
-885
-915
-950
-1009
-1036
-1092
-1203
-1251
-1329
-1347
-1382
-1409
-1411
-1378
-1303
-1204
-1097
-932
-822
-784
-751
-748
-731
-610
-487
-349
-243
-133
-52
1
39
56
100
170
259
361
519
539
442
382
349
395
443
408
279
231
231
248
276
292
318
330
340
359
301
298
292
290
340
360
362
386
395
413
441
457
486
457
451
454
399
388
384
376
335
325
301
299
273
251
256
334
345
285
285
248
167
140
96
28
-6
-52
-114
-169
-237
-276
-345
-417
-441
-509
-554
-595
-707
-751
-821
-865
-924
-978
-1001
-1066
-1097
-1173
-1198
-1211
-1222
-1247
-1224
-1224
-1305
-1285
-1304
-1266
-1224
-1117
-1021
-947
-834
-755
-671
-608
-497
-379
-235
-81
-8
145
285
381
490
584
652
704
772
799
803
774
784
789
801
795
698
692
631
592
575
562
563
586
623
638
608
569
529
514
542
598
594
610
611
622
605
615
619
629
620
609
621
587
595
582
595
616
539
516
484
438
470
437
400
379
313
315
304
256
241
195
139
133
20
18
-35
-102
-172
-250
-263
-332
-393
-466
-553
-600
-659
-745
-775
-839
-932
-952
-976
-1006
-1063
-1095
-1114
-1140
-1138
-1152
-1132
-1159
-1180
-1051
-1004
-953
-874
-729
-632
-541
-471
-436
-379
-283
-144
-12
97
227
368
514
685
857
951
1067
1147
1192
1201
1228
1248
1236
1156
1063
1095
1219
1129
984
1057
1010
923
934
918
966
1020
990
955
893
888
894
930
981
1034
1044
1057
1055
986
1029
1021
1033
1036
999
961
908
875
846
834
792
762
715
679
684
609
603
554
512
448
428
393
345
348
268
186
133
70
34
-54
-16
-177
-294
-304
-442
-452
-531
-565
-640
-751
-816
-878
-947
-1001
-1059
-1112
-1168
-1314
-1419
-1496
-1526
-1539
-1533
-1529
-1540
-1559
-1562
-1503
-1385
-1231
-1103
-1010
-962
-1034
-1040
-915
-717
-490
-305
-129
2
108
163
259
366
488
562
671
757
696
722
745
794
814
731
535
406
408
450
468
401
320
239
270
349
399
375
313
226
194
286
321
412
473
501
477
371
423
489
541
570
514
459
483
474
499
524
392
453
454
407
375
458
533
434
448
353
306
310
162
252
192
147
19
-96
-117
-220
-208
-319
-430
-536
-575
-685
-744
-767
-922
-976
-1066
-1138
-1150
-1259
-1291
-1360
-1470
-1488
-1581
-1593
-1555
-1527
-1506
-1557
-1544
-1619
-1636
-1569
-1456
-1222
-1053
-909
-891
-912
-857
-716
-442
-187
-1
177
295
428
502
633
829
989
1072
1053
1055
1072
1135
1182
1185
1102
931
852
782
790
754
736
665
524
404
437
533
610
555
450
441
399
430
522
642
733
731
626
530
601
708
807
875
700
669
742
756
867
699
750
725
578
594
522
527
508
539
301
286
318
164
226
102
121
11
-57
-123
-212
-256
-301
-386
-442
-561
-637
-755
-855
-836
-1015
-1075
-1207
-1302
-1352
-1413
-1371
-1401
-1492
-1589
-1671
-1678
-1698
-1607
-1552
-1571
-1532
-1362
-1256
-1104
-820
-674
-558
-509
-411
-279
-29
240
545
715
811
897
989
1225
1484
1711
1843
1888
1846
1841
1786
1824
1858
1765
1479
1396
1455
1453
1412
1284
1186
974
891
865
944
965
848
784
679
637
620
710
892
935
887
870
823
854
929
968
1033
1035
1072
956
899
801
854
803
849
608
717
475
755
480
1643
1034
-262
370
-492
682
304
857
101
-116
-551
-884
-683
-804
-414
-840
-722
-1199
-1211
-1516
-1709
-1737
-1820
-1833
-1706
-1744
-1891
-2068
-2213
-2373
-2358
-2334
-2077
-2056
-2095
-2232
-2125
-1895
-1645
-1398
-1274
-1037
-811
-395
-199
102
323
610
750
918
951
1331
1627
1885
1920
1754
1832
1733
1890
1766
1866
1781
1761
1400
1089
894
899
975
721
506
97
134
96
19
-61
-165
-163
-225
-199
-170
-23
45
-82
-119
-99
139
380
569
503
409
451
573
606
528
690
717
718
601
488
346
295
394
331
88
-74
-169
-236
-265
-480
-513
-736
-775
-938
-918
-1263
-1535
-1643
-1912
-2019
-1938
-1897
-2120
-2444
-2751
-2757
-2899
-2937
-3019
-2813
-2726
-2643
-2807
-2993
-2918
-2498
-1949
-1655
-1524
-1475
-1309
-1006
-575
-153
273
741
1132
1242
1281
1518
1997
2411
2568
2619
2712
2784
2778
2742
2727
2706
2618
2466
2167
1967
1833
1708
1411
1064
880
840
792
552
239
60
35
2
-110
-109
-13
87
8
-101
-158
-26
282
465
544
525
606
624
664
675
752
960
962
922
800
708
631
614
460
283
200
145
84
-158
-452
-755
-1046
-1013
-1003
-1149
-1435
-1763
-2152
-2431
-2681
-2843
-2754
-2791
-2963
-3241
-3520
-3831
-3828
-3747
-3365
-3098
-3071
-3135
-2894
-2632
-2458
-2211
-1778
-1090
-543
-202
0
312
643
1125
1609
2144
2629
3009
3146
3086
3145
3289
3624
3854
3995
3755
3635
3429
3156
2996
2852
2809
2681
2400
1902
1582
1250
1043
811
715
681
533
359
167
37
-13
79
243
386
422
357
354
202
249
501
767
1083
1220
1177
1018
870
933
1111
1209
1220
1117
945
665
474
355
334
155
-123
-419
-633
-762
-1079
-1422
-1902
-2196
-2312
-2472
-2761
-3219
-3606
-3783
-3800
-3932
-3940
-3841
-3635
-3595
-3785
-3598
-3089
-2701
-2587
-2454
-1888
-1122
-528
-286
-105
330
965
1470
1941
2450
2852
3135
3148
3186
3423
3835
4142
4229
3943
3582
3409
3433
3395
3127
2859
2645
2298
1834
1475
1296
1092
742
392
160
72
11
-117
-316
-411
-468
-434
-325
-358
-273
-231
-222
-238
-162
16
199
311
308
212
138
218
343
427
458
347
254
69
-174
-311
-326
-486
-889
-1242
-1395
-1511
-1797
-2236
-2800
-3038
-3233
-3499
-3662
-3865
-4188
-4549
-4714
-4617
-4206
-4100
-4147
-4157
-3928
-3558
-3372
-3153
-2564
-1734
-1102
-1061
-1018
-496
341
1004
1447
1958
2441
2725
2735
2950
3426
3898
4209
4231
4075
3754
3535
3547
3531
3363
3102
2891
2625
2158
1710
1489
1426
1215
871
509
349
150
-134
-319
-313
-237
-227
-328
-481
-518
-400
-253
-188
-54
98
100
81
121
290
462
502
520
524
478
347
272
198
59
-64
-213
-354
-722
-934
-1238
-1467
-1734
-2168
-2594
-2923
-3136
-3448
-3637
-3947
-4206
-4463
-4389
-4058
-3871
-3833
-4030
-3983
-3771
-3368
-2839
-2069
-1370
-1137
-1230
-1081
-268
833
1645
2026
2201
2395
2556
2807
3393
4040
4370
4257
4014
3801
3751
3858
3996
3952
3617
3230
2856
2689
2389
2145
2006
1790
1379
897
659
506
388
86
-68
-118
-130
-351
-555
-559
-521
-399
-335
-344
-369
-307
-278
-143
-13
108
204
154
85
96
252
310
182
-44
-196
-301
-349
-479
-611
-838
-1084
-1494
-1938
-2375
-2589
-2569
-2912
-3245
-3595
-3690
-3790
-3871
-3762
-3531
-3435
-3671
-3766
-3584
-3057
-2429
-1744
-1289
-1183
-1075
-658
238
1112
1766
2174
2428
2517
2664
3102
3715
4396
4608
4468
4326
4280
4330
4411
4472
4359
4044
3649
3329
3179
3044
2870
2547
2207
1820
1517
1314
1061
868
608
465
278
122
-69
-188
-179
-172
-211
-299
-295
-305
-293
-271
-166
-54
-26
-112
-218
-205
-98
-20
-96
-254
-426
-511
-690
-821
-912
-975
-1301
-1715
-2054
-2512
-2775
-2981
-3160
-3457
-3673
-3936
-4208
-4189
-3917
-3476
-3485
-4012
-4378
-3869
-2949
-2351
-2141
-1999
-1795
-1582
-1096
-174
888
1535
1634
1672
1936
2401
3024
3619
3934
3797
3633
3680
3815
3880
3826
3813
3798
3476
2938
2514
2397
2462
2384
2223
1810
1264
665
400
567
745
532
0
-507
-765
-722
-554
-325
-245
-481
-760
-1000
-932
-619
-334
-293
-415
-517
-571
-546
-444
-276
-213
-256
-444
-680
-941
-1151
-1085
-819
-976
-1533
-2180
-2610
-2829
-3033
-3285
-3499
-3604
-3872
-4307
-4580
-4307
-3858
-3724
-4162
-4658
-4440
-3581
-2894
-2690
-2541
-2187
-1751
-1438
-889
6
770
1184
1365
1716
2212
2642
3000
3384
3727
3897
4039
4081
3971
3756
3818
4118
4110
3741
3198
2913
2834
2746
2660
2533
2150
1501
1001
880
1055
1106
726
149
-243
-222
-128
-133
-232
-296
-396
-602
-716
-562
-284
-274
-387
-453
-331
-256
-315
-333
-300
-161
-126
-283
-554
-772
-792
-698
-660
-896
-1239
-1758
-2263
-2615
-2762
-2843
-3073
-3406
-3741
-4064
-4103
-3791
-3584
-3818
-4417
-4401
-3622
-2826
-2678
-2748
-2497
-1981
-1572
-1126
-272
528
934
945
1191
1848
2481
2910
3202
3458
3637
3802
3866
3975
3998
4002
4088
4106
3787
3334
3042
3171
3447
3259
2552
1786
1575
1715
1751
1542
1120
641
270
16
92
279
181
-199
-470
-585
-546
-499
-521
-327
-340
-416
-497
-339
-278
-396
-343
-116
-2
-267
-554
-578
-372
-280
-339
-640
-948
-1208
-1454
-1675
-1895
-2176
-2478
-2861
-3305
-3332
-3013
-2615
-2648
-3313
-3798
-3830
-2995
-1753
-1490
-2100
-2384
-1787
-976
-573
-148
720
1393
1322
1096
1668
2659
3074
2935
3150
3722
3979
3689
3353
3546
3971
4226
4146
3716
3087
2736
2939
3342
3410
2880
2213
1687
1513
1625
1850
1803
1238
531
250
396
471
312
87
-8
-113
-403
-646
-737
-645
-405
-444
-692
-899
-893
-908
-968
-804
-514
-554
-1020
-1494
-1504
-989
-904
-1273
-1796
-2046
-2243
-2518
-2789
-2988
-3177
-3469
-3564
-3757
-3747
-3438
-2985
-3249
-4245
-4654
-3611
-2178
-2145
-2957
-2872
-1771
-1138
-1290
-1071
34
1033
1063
827
1347
2236
2626
2541
2791
3556
3954
3494
2887
3038
3616
3940
3746
3343
2904
2548
2494
2595
2721
2596
2203
1512
794
598
1151
1638
1214
122
-479
-166
183
-101
-434
-296
-164
-591
-1230
-1286
-771
-382
-640
-1095
-1161
-980
-961
-1072
-934
-528
-328
-860
-1538
-1638
-1174
-900
-1019
-1472
-1829
-2168
-2589
-2894
-3034
-3211
-3576
-3775
-3885
-3876
-3709
-3450
-3950
-4756
-4651
-3513
-2423
-2531
-3310
-3294
-2290
-1347
-1096
-938
-72
865
1088
853
1354
2564
3231
3074
3048
3678
4234
4039
3613
3955
4559
4600
4208
3785
3538
3433
3475
3662
3564
2983
2262
1852
1852
1928
1952
1723
1109
352
169
408
572
258
-273
-308
-217
-519
-1001
-1057
-704
-437
-716
-1238
-1409
-1207
-982
-1042
-975
-786
-783
-1260
-1757
-1555
-923
-741
-1239
-1757
-1893
-2223
-2370
-2433
-2841
-3112
-3374
-3624
-3612
-3304
-3131
-3217
-3858
-4484
-4320
-3115
-1930
-2375
-3382
-3204
-1759
-900
-1242
-1327
-51
1206
1155
624
1161
2505
2992
2749
2926
3781
4131
3550
3270
3880
4622
4549
3969
3676
3630
3553
3548
3720
3673
3136
2544
2202
2239
2388
2395
2165
1711
1061
740
949
1102
749
258
221
308
-53
-676
-687
-213
-4
-451
-977
-962
-696
-691
-891
-840
-549
-568
-1142
-1662
-1382
-849
-797
-1047
-1497
-1752
-2098
-2540
-2418
-2341
-2984
-3426
-3284
-2945
-2624
-2640
-3452
-4324
-4085
-2600
-1528
-2244
-3303
-2938
-1482
-825
-1245
-1157
-155
904
1069
681
997
2036
2738
2834
2929
3505
3872
3517
3178
3762
4618
4580
3882
3479
3683
3788
3559
3353
3532
3587
3105
2449
2053
1955
2135
2395
2099
1304
729
650
809
882
596
331
316
-28
-666
-777
-271
-102
-729
-1330
-1344
-1071
-1122
-1520
-1580
-1122
-847
-1343
-2138
-2245
-1680
-1363
-1745
-2051
-2358
-2881
-3158
-3668
-3484
-3228
-3796
-4362
-4162
-3246
-2921
-3840
-5387
-5170
-3363
-1643
-2144
-3921
-4020
-2318
-925
-1330
-1791
-785
749
935
292
544
1781
2654
2541
2629
3384
3668
2935
2559
3523
4617
4505
3525
2949
3154
3454
3400
3312
3481
3134
2386
1862
1872
2036
2126
2035
1580
975
436
415
746
1093
802
334
163
-108
-473
-583
-123
239
-173
-1052
-1288
-853
-662
-1000
-1162
-826
-814
-1523
-2318
-2122
-1408
-1206
-1662
-2524
-2932
-2975
-3272
-3514
-3498
-3700
-4201
-4598
-4057
-3163
-3199
-4468
-5505
-4641
-2617
-1630
-2903
-4215
-3228
-1020
-596
-1702
-1484
325
1518
999
536
1339
2660
3030
2832
3193
3896
3930
3267
3220
4251
4954
4327
3331
3258
3689
3742
3336
3295
3484
3058
2249
1837
2134
2317
2181
1796
1362
924
670
743
1002
1105
520
167
190
101
-252
-284
85
202
-228
-893
-966
-515
-300
-817
-1090
-733
-713
-1425
-2276
-1863
-1003
-1129
-2403
-2925
-2661
-2646
-3266
-3990
-4034
-3913
-4171
-4283
-3467
-3107
-4087
-5691
-5524
-3204
-1436
-2359
-4228
-3890
-1632
-526
-1511
-1864
-210
1660
1528
405
705
2339
3313
3185
3237
3896
4089
3399
3185
4224
5202
4776
3811
3500
3820
3928
3569
3526
3905
3660
2650
1903
2017
2432
2460
2104
1665
1207
701
557
969
1441
1162
531
328
354
172
21
314
739
434
-330
-475
-49
192
-35
-203
-63
-103
-792
-1576
-1638
-891
-665
-1387
-2315
-2524
-2750
-3487
-3727
-3627
-3714
-4309
-4053
-2899
-2863
-4658
-6360
-5304
-2265
-692
-2563
-4785
-3926
-1159
-218
-1482
-1353
866
2171
1148
257
1604
3398
3553
3230
3991
4738
4038
2830
3362
5189
5757
4548
3273
3252
3538
3310
3072
3490
3791
2792
1231
813
1575
1995
1763
1327
709
149
-328
-325
275
598
163
-330
-504
-658
-863
-563
270
662
66
-778
-962
-373
-28
-162
-165
-246
-741
-1710
-2110
-1561
-1082
-1529
-2675
-3241
-3221
-3860
-4973
-4974
-4370
-4465
-4327
-4027
-4299
-5645
-6745
-5822
-3420
-1748
-2928
-4977
-4564
-2120
-1017
-1546
-1212
723
1886
971
76
1248
3281
3912
3739
4149
4657
4024
3082
3686
5422
6093
4886
3550
3278
3419
3156
3081
3761
3796
2463
802
379
1090
1753
1712
1003
333
-442
-1001
-879
-106
375
-75
-702
-1126
-1265
-1174
-733
-75
148
-286
-1028
-1204
-826
-417
-279
-36
3
-774
-1862
-2117
-1165
-544
-1154
-2510
-3004
-3137
-3761
-4340
-4801
-4676
-3894
-2968
-3283
-4904
-6780
-6771
-4140
-1309
-1453
-4181
-5221
-3106
-997
-1258
-1668
147
2349
2080
278
375
2641
4222
4263
4483
5218
4871
3351
3104
5116
6955
6294
4327
3536
3844
3715
3275
3862
4694
3884
1726
491
941
1768
1965
1551
1026
177
-914
-1323
-506
497
401
-318
-921
-1327
-1640
-1410
-373
496
150
-1194
-1794
-1245
-640
-649
-620
-224
-593
-1636
-2716
-2439
-1433
-1215
-2138
-3259
-3657
-4236
-5042
-5451
-4581
-3282
-2591
-3416
-5470
-6892
-6188
-3590
-1298
-1365
-3093
-3897
-2850
-1546
-1071
-318
1429
2782
2291
995
1088
2762
4353
5075
5528
5694
4743
3298
3278
5254
7089
6648
5030
3847
3477
3210
3520
4621
4969
3679
1716
786
967
1613
1959
1889
1522
462
-843
-1047
24
835
847
566
54
-901
-1519
-1107
97
1195
793
-573
-1269
-993
-709
-682
-372
-116
-616
-1980
-3011
-2492
-1685
-2064
-3022
-3566
-4137
-5342
-6397
-5995
-3418
-1624
-2875
-6043
-7574
-5885
-2898
-1279
-1893
-2593
-2186
-1587
-1642
-1353
502
2854
3743
2909
2239
2521
3153
3964
5298
6873
7095
5193
3169
3458
5341
6455
6139
5051
4087
3091
2108
2365
3717
4117
2782
1279
586
355
332
629
1188
1442
495
-1153
-1607
-730
22
455
659
247
-746
-1580
-1291
48
1081
632
-452
-940
-1025
-1394
-1591
-1107
-703
-1159
-2904
-4252
-4142
-3503
-3745
-4658
-5499
-6266
-7237
-8192
-6931
-4175
-3190
-5783
-8712
-8062
-4533
-2205
-2899
-3862
-2726
-860
-835
-1703
-716
2174
4230
3917
3146
3597
4204
4185
4782
6567
7865
6800
4344
3524
4787
5865
5601
4806
4228
3287
2148
1740
2153
2330
1565
772
603
288
-725
-1206
-508
566
594
-582
-1253
-908
-378
39
624
1078
758
-125
-467
295
1310
1269
415
159
474
-146
-1254
-1477
-759
-758
-2023
-3323
-3885
-4221
-5096
-6029
-6314
-6419
-7549
-8315
-6789
-4692
-5248
-8429
-9789
-6773
-2596
-2012
-4218
-4669
-2211
-198
-294
-72
2083
4310
4368
3518
4401
6121
6318
5692
6599
8490
8514
6237
4588
5363
6667
6443
5157
4150
3329
2338
2013
2302
2006
800
-238
-295
-27
-479
-1521
-1624
-607
-156
-948
-1484
-1074
-508
77
560
946
1064
652
190
805
2061
2227
1235
476
579
553
22
-625
-786
-933
-1886
-3268
-3975
-4249
-5242
-6653
-7615
-7743
-7932
-7316
-6153
-5911
-7821
-9937
-9064
-5331
-2571
-3179
-4558
-3836
-1654
-505
-169
1345
3861
5092
4542
4384
5747
6848
6768
7137
8605
9333
7857
5733
5377
6514
6897
6005
4875
3810
2267
1157
1424
1910
1079
-204
-963
-1065
-1052
-1550
-1761
-1104
-368
-764
-1311
-1059
-453
80
860
1713
2082
1873
1278
1380
2468
3298
2929
2239
1902
1438
766
220
186
-23
-837
-2324
-3416
-3884
-4702
-5813
-6916
-7448
-8360
-9181
-8500
-6270
-5494
-7675
-10039
-9170
-5243
-2600
-2929
-3603
-2342
-467
113
608
2634
5191
6096
5581
5968
7433
7922
7257
7571
9243
10046
8601
6339
5579
5944
5784
5032
4396
3380
1699
402
136
-10
-583
-1348
-1824
-1781
-2025
-2852
-3023
-2038
-1184
-992
-933
-658
-378
90
791
1811
2832
2994
2333
2100
2740
3123
2836
2295
2004
1495
426
-704
-1460
-1816
-2467
-3508
-4475
-5368
-6826
-8643
-9771
-10092
-9926
-8919
-7276
-6870
-8757
-11087
-10557
-6656
-2795
-1968
-2750
-2426
-1011
-74
790
3170
6313
7651
6808
6325
7365
8123
7738
7885
9418
10341
8653
5672
4170
4416
4630
4163
3526
2310
164
-1824
-2504
-2142
-1842
-2097
-2619
-3012
-3521
-4114
-3751
-2369
-1143
-732
-496
-150
125
368
1119
2704
4245
4485
3473
2771
2936
3286
3351
3215
2984
2086
432
-1351
-2120
-2266
-3029
-4216
-5240
-6158
-8006
-9941
-11128
-11307
-11174
-10930
-9364
-7510
-7358
-9623
-11030
-8687
-3997
-748
-225
-250
553
1648
2388
4204
7433
9812
9833
8788
8808
9443
9277
8697
9174
10230
9669
7042
4307
3064
2602
2118
1712
1048
-545
-2728
-4223
-4557
-4149
-3736
-3651
-3562
-3452
-3749
-3760
-2694
-1206
38
1074
1909
2516
2662
2831
3786
5564
6741
6431
5481
4748
4476
4148
3716
3398
2894
1459
-751
-2386
-3176
-3795
-4980
-6048
-6727
-7712
-9559
-11349
-12076
-12126
-12431
-13173
-12264
-9228
-6908
-7450
-9050
-8365
-5023
-1392
579
1834
3584
4987
4984
5339
7698
10665
11830
11152
10685
11178
10846
9188
8098
8491
8738
7209
4629
2467
916
-712
-2005
-2320
-2483
-3751
-5603
-6439
-6263
-5898
-5636
-5025
-3828
-2807
-2477
-1978
-543
1124
2245
3203
4556
5766
6102
6066
6651
7719
8304
7917
7081
6521
5735
4396
3217
2576
1864
412
-1558
-3173
-4135
-5145
-6559
-7512
-7866
-8583
-9727
-10600
-10920
-11211
-11904
-13003
-13121
-11130
-7739
-5018
-3995
-4172
-4835
-4125
-839
3812
7421
8278
7092
6457
7530
9252
10830
11839
11977
11369
10441
9410
8046
6314
4707
4343
4695
3695
681
-2697
-4828
-5693
-5639
-5071
-4713
-5502
-6812
-7299
-6417
-5044
-3474
-1892
-332
753
1627
2714
3442
5091
6122
7246
8239
8409
7826
6969
6688
6958
7076
6664
5585
3864
2143
259
-1009
-1463
-2014
-3292
-4830
-6318
-7416
-8260
-8982
-9210
-9514
-9557
-10095
-10898
-11373
-11562
-11790
-11577
-9620
-6518
-2931
-817
-1624
-3609
-2832
1423
5954
8367
8302
7843
8161
8104
7949
8861
10429
10932
9876
8166
6689
4816
2223
917
1560
2227
807
-2122
-5061
-7009
-7806
-7738
-6733
-5733
-5894
-6799
-6793
-5601
-3751
-1731
22
1975
3614
4119
4342
5291
6453
7484
8354
8694
8653
7891
6251
5232
5266
5253
4584
3341
1654
-78
-1680
-2996
-3348
-3468
-4444
-6119
-7300
-7810
-8072
-8261
-8705
-8732
-8444
-8292
-8468
-8762
-9347
-9956
-10353
-9730
-6309
-1147
2198
1350
-1911
-3193
69
5077
7953
8685
8869
8549
7289
6336
7298
9452
9927
8161
6717
6507
5175
1948
-765
-564
1182
1233
-1084
-3768
-5708
-7395
-8173
-6914
-4324
-2923
-3930
-5306
-4557
-2452
-955
341
3301
6984
7576
5452
4444
5642
7198
8093
8350
8414
8077
5602
2599
2668
4048
3404
1805
1090
233
-1652
-3893
-5123
-4485
-3642
-4703
-6427
-6695
-6674
-7774
-8741
-8381
-7101
-6319
-6929
-8081
-8744
-9565
-10828
-10048
-5436
756
3577
1453
-2182
-2884
159
4165
6988
8831
9823
8944
6921
5748
6344
7549
7912
7431
6982
6313
4007
597
-1490
-1310
-134
211
-1346
-3909
-5886
-7182
-7674
-6361
-3949
-2479
-2752
-3469
-3005
-1634
-328
1603
5468
9266
9501
6654
4498
4981
6832
8274
8901
9105
8029
4815
1812
1495
2228
1899
1335
1248
786
-1191
-4137
-6024
-5626
-4445
-4426
-4943
-5326
-6184
-7785
-8745
-8064
-6604
-5792
-6426
-7668
-8519
-9330
-10198
-8585
-3151
2697
4498
1576
-2017
-1718
2086
5726
7907
9769
10779
9400
6870
5841
6748
7398
6584
6028
6727
6413
3042
-1320
-3130
-2130
-1192
-1741
-2840
-3979
-5726
-7793
-8044
-5712
-3090
-2549
-2994
-1963
-62
593
973
4168
8660
10368
8631
6618
6366
7125
7335
7294
8430
9078
6734
3172
1796
1512
355
-534
56
911
22
-2863
-5820
-6626
-6133
-6130
-6198
-5391
-5087
-6489
-8283
-8764
-7948
-7176
-7180
-7440
-7734
-9045
-10746
-10033
-4850
1883
4474
1549
-2110
-1501
2368
5502
6513
7670
9383
9886
8453
6655
5928
5418
4312
3852
5315
6161
3399
-1541
-4513
-4198
-3023
-3262
-4668
-5476
-5907
-7026
-7751
-6536
-4595
-3936
-3939
-2268
923
2518
1945
3396
6946
9795
9251
7263
7164
7599
7358
6367
6803
7851
6303
2972
1492
1651
448
-1519
-1934
-845
-611
-2413
-5036
-6428
-6552
-7128
-7548
-6644
-5438
-5842
-7558
-8628
-8417
-8108
-7893
-7774
-7967
-8480
-9599
-9313
-4580
1673
3948
1644
-1267
-474
3494
6234
6340
7171
8824
8748
7309
7194
7838
6497
2974
1234
3929
6284
3426
-1842
-3983
-3280
-3209
-4577
-5080
-4298
-4950
-7023
-7082
-4289
-2552
-3989
-4844
-1450
3101
4193
3389
5182
8573
9174
7484
7344
8736
8877
6982
6001
7355
7529
4283
1507
2210
2783
665
-1382
-1053
-376
-1588
-3745
-4751
-4584
-5242
-6858
-7003
-5539
-5235
-6835
-7819
-7589
-7526
-7735
-7864
-7705
-7935
-9272
-10598
-8825
-3763
1410
3438
2130
112
329
2687
4529
5304
6611
8974
10647
10022
7807
5753
4116
2454
2221
4090
5574
3734
-838
-3720
-3992
-3578
-4576
-5675
-4771
-3984
-4402
-5275
-4603
-3536
-3964
-3848
-385
3930
5204
4936
6156
8596
9443
7928
6892
7758
8528
7530
6785
7130
6330
3603
1717
2134
2170
507
-934
-688
-326
-1242
-2762
-3946
-4697
-5646
-6257
-5793
-4912
-5395
-6644
-6957
-6640
-6906
-7713
-8056
-8241
-8954
-10676
-11023
-7489
-1476
3427
4226
2217
628
1234
3507
5740
7632
10066
10998
9224
7410
7485
7536
5111
1960
1774
3797
3380
660
-1413
-1866
-3658
-6985
-8033
-5650
-3488
-4092
-4957
-4010
-2827
-3811
-4171
-411
4665
5941
5282
7106
10454
10774
8392
7724
8707
9174
7894
6997
7325
6228
2776
626
1633
2240
469
-1081
-1235
-1685
-2969
-3556
-3492
-3915
-5113
-6059
-5871
-5576
-6098
-6967
-6885
-6790
-7412
-7798
-7156
-7272
-9093
-10645
-10823
-8687
-3729
1661
4340
3282
702
401
2705
4896
5680
6668
8449
8863
8416
8421
8193
5444
1106
-794
1187
3081
2209
50
-1568
-3401
-6090
-7454
-6267
-4714
-5140
-5924
-4678
-2618
-2363
-3414
-2578
271
2274
3319
6025
9383
9783
7861
6674
7158
7932
7621
6856
6626
5930
3836
2368
2601
2290
265
-964
-910
-914
-1693
-2513
-3362
-4732
-5762
-5946
-5477
-5581
-6507
-7226
-7403
-7647
-8164
-8262
-7594
-7982
-9631
-10477
-10613
-9995
-6648
-1227
2694
2785
762
655
2995
5119
5498
5539
6799
7801
8438
9473
10022
7761
3627
1082
1599
2716
2166
743
-722
-1823
-3121
-3964
-4349
-5201
-6487
-6980
-5511
-3322
-2148
-2427
-2506
-1376
407
2081
4162
6662
7936
7728
7446
7689
7924
7726
7233
6739
6388
5784
4760
3873
3058
1680
458
161
-19
-749
-1849
-2758
-3902
-4894
-5263
-5375
-5769
-6311
-6570
-6610
-7023
-7735
-8130
-8237
-8280
-8501
-9001
-9350
-9456
-8281
-4468
203
2399
1677
530
1053
2420
3772
4948
6527
7747
7471
7358
8329
8775
6751
3632
2238
3082
3617
2737
1403
285
-834
-2399
-3023
-2861
-3179
-4676
-5773
-4732
-2838
-2109
-2614
-2490
-1405
104
1888
3617
4852
4921
4571
5071
6190
7017
6893
6284
6065
5976
5826
5211
3893
2645
1867
2071
2172
1328
88
-1163
-2212
-3208
-3667
-3675
-4165
-4886
-5214
-5044
-5047
-5963
-6980
-7364
-7058
-6769
-6699
-7214
-7912
-8262
-7423
-4592
-1376
289
18
-554
-272
850
1904
2412
2717
3381
4195
5287
6461
6792
5885
4267
3325
3714
4297
4094
3279
2621
2657
2850
2671
1882
606
-796
-1701
-1470
-628
-268
-540
-697
-412
-62
104
223
605
740
944
1789
2646
3071
3168
3127
3431
3878
4145
4275
4273
4253
4111
4283
4269
3606
2812
2411
2027
1054
-333
-1344
-1463
-1810
-2591
-3493
-4532
-5510
-6211
-6512
-7078
-7691
-8129
-8165
-8076
-8396
-8466
-7717
-6222
-5039
-4455
-3933
-3324
-2623
-2066
-1517
-407
710
1560
2300
3405
4731
5268
4822
4298
4695
5321
5254
5050
5340
5773
5816
5432
5053
4767
3650
2143
1505
1787
1891
1380
1057
1038
678
-49
-705
-1018
-1298
-1569
-1163
-477
14
232
365
447
340
416
713
1140
1407
1551
1962
2205
1836
1133
533
2
-891
-1631
-1935
-2251
-3037
-3926
-4576
-5056
-5886
-7249
-8477
-9152
-9456
-9083
-7775
-6422
-5303
-5048
-5126
-4479
-3855
-3563
-3183
-2564
-1063
816
2222
3315
4030
4389
4141
3921
4429
4852
5013
5095
5405
6141
6418
5782
4911
4012
3108
2337
2016
2221
2358
2175
1845
1835
1265
238
-664
-1182
-1283
-1157
-392
290
656
682
526
456
231
149
438
949
1562
2264
2857
3024
2461
1634
862
100
-635
-1128
-1252
-1326
-1922
-2560
-3373
-4330
-5769
-7111
-8010
-8894
-9177
-9449
-8715
-7357
-6050
-5491
-5644
-5682
-5171
-4297
-3437
-2454
-1494
-308
1076
2784
4398
5026
4642
4128
4320
5089
5926
6195
6193
6395
6662
6752
6140
4973
3537
2552
2186
2403
2844
2771
2183
1458
1185
741
-58
-943
-1661
-1419
-815
-239
250
403
431
288
64
111
242
555
991
1759
2593
3057
2964
2357
1707
1159
636
57
-308
-629
-1124
-1655
-2051
-2703
-3837
-5052
-6193
-7206
-8112
-8660
-9238
-8806
-7654
-6462
-5605
-5780
-5911
-5615
-5009
-4234
-3128
-1648
-403
594
1838
3465
4671
4685
4025
4412
5382
6000
6408
6578
6860
6958
6784
6609
6076
4910
3472
2550
2647
3069
3239
2962
2357
2114
1526
706
-97
-801
-955
-832
-210
533
886
713
126
-25
228
392
557
646
1146
1915
2485
2703
2394
1821
1108
660
430
196
37
-431
-976
-1473
-1810
-2602
-3838
-5068
-6263
-6753
-7218
-8100
-8211
-7555
-6519
-5501
-5370
-5345
-5263
-5087
-4328
-3370
-2734
-2075
-956
837
2824
4083
3913
3539
3856
4282
4753
5139
5527
6056
6419
6630
6753
6149
4932
3763
3009
2719
2579
2669
2623
2337
2155
1869
1329
708
-155
-898
-986
-557
198
596
660
333
160
196
135
32
-93
227
795
1445
1787
1435
755
145
-225
-558
-1001
-1403
-1713
-1882
-2034
-2453
-3295
-4251
-5305
-6026
-6547
-7077
-7718
-8029
-7569
-6740
-5531
-5123
-5306
-5434
-5127
-4172
-3497
-3224
-2824
-1692
-116
1652
2675
3137
3041
2799
3412
4379
4851
4800
4819
5217
6072
6539
6130
5151
3978
3083
2655
2607
2644
2654
2178
1873
2105
1694
855
-219
-857
-780
-378
475
862
847
728
569
671
479
233
201
411
1101
1683
2216
1969
1117
455
-44
-293
-852
-1494
-1709
-1700
-1864
-2334
-2912
-3914
-5088
-5795
-6587
-6997
-7362
-7939
-7483
-6560
-5392
-4470
-4654
-4978
-4973
-4400
-3777
-3253
-1942
-1257
-178
1527
2071
2991
2271
2133
3131
3939
5128
5638
5265
4919
6097
6623
6555
6021
5150
4005
3107
2768
2676
3053
3005
2594
2460
1826
669
-390
-1069
-819
-266
278
626
621
658
738
791
748
647
546
715
1393
2211
2720
2885
2179
1327
618
223
-217
-986
-1258
-1244
-1387
-1932
-2837
-3805
-4861
-5574
-5922
-6704
-7252
-7615
-7969
-7901
-7267
-5835
-4867
-5095
-5135
-4700
-3688
-3002
-3038
-2303
-1300
-1
1453
2712
3675
3804
3570
3906
4693
5149
4855
4738
5533
6642
7173
6508
5400
4570
3790
3327
3111
2987
2987
2697
2441
2716
2322
1168
198
-386
-474
-265
292
631
637
782
808
955
803
558
594
941
1736
2443
2903
2853
2306
1703
1286
910
138
-652
-942
-936
-973
-1509
-2387
-3305
-4184
-4988
-5804
-6531
-6879
-7072
-7297
-7432
-6935
-5472
-4747
-4750
-4511
-4035
-3126
-2816
-2699
-1988
-1143
150
1613
2847
3607
3698
3579
3882
4474
4902
4756
4807
5474
6370
6727
6126
5445
4902
4278
3657
3290
3367
3450
3113
2810
2784
2347
1453
365
-187
-547
-540
-78
107
311
326
279
167
-215
-291
-330
-41
611
1286
1896
1849
1504
772
284
39
-619
-989
-1089
-1148
-1238
-1836
-2506
-3163
-4188
-4828
-5383
-6137
-7210
-7490
-7576
-7543
-6966
-6007
-5222
-5253
-5112
-4595
-4192
-4136
-3760
-2676
-1662
-485
885
2084
2994
2994
2909
3060
3518
4017
4132
4394
5054
5901
6245
5830
5206
4471
3932
3610
3398
3339
3310
3219
3282
3273
2514
1581
812
344
-27
-123
202
235
179
203
99
-206
-706
-849
-711
-419
-49
363
804
995
733
313
33
-221
-661
-1068
-1317
-1221
-1009
-1441
-1885
-2661
-3501
-4112
-4758
-5054
-5807
-6144
-6287
-6494
-6258
-6018
-5332
-4755
-4347
-4030
-4094
-3765
-3447
-2829
-1978
-1236
-33
1254
2394
3046
2822
2670
2933
3483
4034
4389
4818
5274
5612
5679
5449
4990
4407
3928
3768
3830
3835
3668
3325
3352
3267
2610
1990
1336
793
551
463
577
601
626
423
211
-5
-281
-472
-587
-266
153
584
886
526
60
-205
-432
-543
-750
-956
-1104
-1256
-1152
-1596
-1973
-2752
-3527
-3601
-4097
-4763
-5381
-5606
-5799
-5860
-5757
-5392
-4774
-4630
-4168
-3935
-4046
-3515
-3217
-2631
-1946
-1487
-429
706
1807
2477
2547
2482
2585
3106
3613
3997
4439
4907
5487
5824
5570
5063
4457
4054
4029
4105
4226
4002
3537
3468
3408
3005
2412
1774
1212
993
1051
958
737
517
255
198
160
-52
-313
-594
-412
204
576
484
302
42
-108
-181
-490
-700
-835
-924
-794
-912
-1410
-1885
-2313
-2633
-2638
-2701
-2936
-3314
-3898
-4635
-4731
-4504
-4516
-4220
-3729
-3415
-3122
-3281
-3372
-3074
-2866
-2319
-1820
-1516
-715
303
1300
1645
1562
1591
2106
2953
3318
3331
3556
4108
5003
5480
5225
4828
4404
4290
4490
4562
4446
4078
3945
4278
4303
3695
2920
2302
1903
1730
1503
1179
735
514
501
402
67
-407
-716
-890
-852
-831
-604
-358
-589
-780
-679
-529
-827
-1528
-1355
-1167
-1389
-1483
-1464
-1739
-2212
-2081
-2634
-3185
-3524
-3799
-3605
-4140
-4477
-4448
-4501
-4663
-4384
-3735
-3269
-3125
-3302
-3373
-3092
-2839
-2399
-1859
-1657
-1153
-339
524
1169
1225
1047
1214
1876
2575
2931
2938
3020
3561
4215
4541
4340
3717
3211
3051
3312
3573
3477
3171
3188
3428
3203
2650
1888
1090
661
687
888
781
574
319
168
36
-359
-784
-1125
-1208
-839
-376
-229
-457
-563
-843
-914
-1094
-1440
-1682
-1774
-1657
-1474
-1271
-1588
-1923
-2480
-3044
-2972
-2765
-3220
-3517
-3799
-3732
-3404
-3596
-3999
-4525
-4443
-3481
-2562
-2650
-2840
-2713
-2545
-1760
-1046
-1023
-1309
-1243
-508
592
1467
1663
1534
1684
2322
2953
3012
2681
2576
2890
3592
4242
4313
3745
3048
2746
3002
3385
3265
2771
2544
2727
2855
2704
2108
1240
699
658
964
1032
695
267
61
209
295
87
-373
-653
-447
-175
-119
-82
-300
-618
-357
-623
-1046
-914
-1214
-1456
-1754
-1625
-1243
-1631
-1783
-2016
-2383
-2289
-2387
-2529
-2999
-3168
-3078
-3271
-3148
-3041
-3718
-3948
-2892
-2187
-2025
-2119
-2204
-2058
-1887
-1477
-1160
-1155
-1060
-552
306
1262
1866
1713
1343
1340
1836
2377
2711
2762
2747
2926
3241
3565
3478
2952
2404
2214
2586
2986
2961
2539
2134
1932
2033
2038
1545
988
508
518
785
1041
1173
807
443
251
483
543
296
150
89
706
944
560
554
529
-2
-865
-702
-381
-659
-646
-659
-767
-514
-680
-1372
-1664
-1847
-1707
-2130
-1961
-1412
-1926
-1948
-1958
-2096
-2654
-2637
-2356
-2597
-2347
-1664
-1200
-1198
-1185
-1202
-1352
-1348
-951
-556
-427
-114
440
1099
1555
1701
1594
1354
1353
1482
1730
2021
2296
2499
2597
2783
2815
2470
1768
1210
1312
1812
2190
2431
2417
2148
1819
1471
1263
1075
780
816
1016
1395
1585
1414
1167
770
473
278
443
413
363
469
244
463
290
-28
-196
-437
-628
-857
-958
-806
-823
-973
-1028
-1191
-1516
-1831
-1751
-1809
-1673
-1807
-1866
-1395
-1512
-1862
-1896
-1723
-2038
-2571
-2509
-2416
-2496
-2392
-1741
-1198
-1379
-1699
-1850
-2006
-2040
-1659
-1255
-1024
-899
-844
-582
-94
305
322
-37
-241
-101
292
666
915
1098
1123
1195
1298
1332
1231
1138
1159
1387
1725
1984
2082
1959
1794
1559
1398
1188
1070
1207
1321
1308
1260
1059
877
473
298
356
182
149
242
465
360
705
527
-806
-1215
-604
-504
-628
-501
-458
-891
-1212
-871
-908
-1278
-1110
-986
-1157
-1326
-903
-497
-813
-984
-1193
-1478
-1555
-1319
-917
-956
-1451
-1489
-1446
-1588
-1509
-1316
-1459
-1760
-1824
-1599
-1386
-1272
-1088
-1124
-1382
-1603
-1532
-1233
-868
-508
-320
-251
-223
-37
159
299
446
587
688
825
1172
1506
1674
1776
1829
1869
1859
1996
2133
2149
2019
1784
1678
1618
1639
1662
1541
1348
1206
1259
1133
822
688
600
479
161
34
176
365
64
-291
-312
-463
-420
-365
-249
-289
-559
-448
-317
-433
-470
-530
-503
-255
-184
-95
-161
-303
-305
-333
-217
-216
-324
-616
-722
-711
-690
-716
-640
-728
-1081
-1304
-1468
-1528
-1576
-1632
-1576
-1695
-1777
-1734
-1636
-1518
-1450
-1412
-1388
-1325
-1250
-1046
-712
-387
-178
-44
135
290
492
647
857
1228
1376
1453
1577
1785
2017
2172
2263
2297
2262
2042
1935
1785
1700
1588
1574
1634
1578
1500
1325
1230
1005
979
811
737
777
627
683
648
706
520
425
375
444
295
165
406
299
177
193
278
301
272
228
350
302
247
456
464
395
271
276
122
-325
-272
-269
-537
-452
-259
-409
-543
-459
-690
-1003
-938
-880
-820
-816
-622
-566
-547
-583
-583
-512
-535
-430
-472
-466
-423
-303
-168
-258
-252
-219
-320
-302
-108
-17
-22
23
-5
-12
-81
-24
133
256
231
376
398
246
182
-50
209
244
366
521
330
360
419
385
500
556
338
480
379
420
548
450
409
492
535
409
282
241
435
61
-46
138
-31
-111
-211
-126
-355
-337
-336
-521
-623
-784
-787
-1045
-1071
-856
-748
-686
-450
-272
-128
-282
-291
-509
-690
-494
-271
-177
-199
-62
-86
-332
-377
-114
40
-66
44
-77
-310
-274
-178
-365
-252
-160
-393
-351
-182
-541
-759
-140
-196
-564
-556
-706
-794
-612
-689
-895
-664
-481
-794
-796
-530
-599
-725
-515
-303
-500
-393
65
-125
-80
33
-54
-25
260
229
422
271
121
516
272
233
355
329
160
355
443
206
239
674
187
-224
537
157
-20
61
173
257
181
32
350
237
-102
288
311
380
-1
436
276
106
243
58
396
292
336
292
133
-319
12
91
321
604
781
488
-40
-1031
-802
297
-171
-205
676
672
-241
-56
-36
-372
-315
110
-74
-328
-76
-288
-805
-401
149
-566
-529
141
-63
-545
-215
172
130
-619
-173
321
-55
-418
91
-17
-353
-94
-351
269
86
-262
-293
-30
-150
-305
-10
97
119
-53
-35
71
200
204
-80
455
156
42
73
383
610
483
580
367
663
368
549
838
872
543
669
1003
713
600
540
1118
904
429
330
958
332
-117
466
411
161
-15
350
125
-73
251
285
-115
-560
238
47
-801
-81
427
128
380
443
214
355
209
1041
1126
794
467
28
181
508
782
475
1494
636
-232
963
760
-236
55
465
69
-462
-127
553
120
-359
291
31
-517
-83
-42
-221
-391
-186
-358
-93
-28
100
70
-537
418
3
-257
272
180
-134
857
790
202
506
201
462
-81
49
1108
489
-38
475
94
-81
39
295
-64
-492
-176
-125
-355
-692
484
38
-728
-610
-223
-439
-1437
-459
539
-242
22
931
203
-842
-789
-10
-92
-240
139
372
115
69
79
455
671
-141
-248
360
119
-627
-325
88
56
-506
-202
276
-493
-966
-610
-4
-750
-791
-185
-946
-412
-780
-693
-562
-463
-449
-312
-410
-880
-341
-340
-375
-525
-215
-58
73
-486
101
59
-437
412
-487
-255
525
-74
-451
-225
75
-133
-532
-10
294
-654
-490
-286
-1136
-185
-289
-777
-170
-62
115
-190
372
30
-417
-319
226
23
-584
503
1037
125
79
1088
967
-336
393
812
169
45
-188
182
383
-297
-537
845
-6
-722
-161
359
383
-585
-4
-145
459
-1049
-448
647
-780
-578
-18
76
-205
-214
-278
508
-187
-1053
472
584
-719
-134
471
-398
162
406
-96
230
198
-304
282
283
-27
-115
-128
-264
-241
13
-561
-44
-133
-302
-370
366
-584
-769
91
217
-19
-603
418
140
-161
0
65
211
-487
468
645
-83
238
765
453
-860
432
1018
-321
-371
632
589
31
211
-72
586
32
-430
176
-114
-669
493
361
-1069
157
285
-348
-479
142
387
-801
-714
531
159
-1251
200
1092
-452
-589
452
354
-517
105
204
324
705
-628
343
797
-536
394
373
259
123
530
416
183
571
2
-212
63
108
520
137
-710
329
337
-183
-389
617
728
-457
115
320
388
18
335
1347
713
133
916
1165
-95
-219
1015
830
-343
1217
1626
54
153
860
-87
627
459
510
63
1300
117
-1155
623
459
-1214
-698
1105
61
-1191
-175
717
-801
-314
763
-696
1021
60
-151
1177
-157
-603
897
150
36
455
-265
-919
623
652
-681
257
272
-313
-836
345
308
-1437
201
-54
-53
-682
-682
-335
-197
-793
-471
697
-610
-93
683
-225
-1420
-67
123
-644
134
684
-12
-254
185
246
-31
-503
857
-23
-524
495
709
-941
-842
507
-516
-469
-665
183
-1145
-1140
-356
-275
-1265
-1639
747
-824
-851
6
-307
-791
92
-1069
-1559
1106
-909
-1145
769
-346
-137
12
814
-762
635
-295
-437
759
-492
-370
-88
718
-1099
-161
-88
-52
302
-888
172
556
-1032
-1444
139
-166
-1835
-206
-1161
305
-548
-1166
-56
103
-1077
-898
2168
-1552
520
822
-403
-461
267
554
-1001
358
383
675
-321
295
1083
-885
258
857
-450
-901
740
742
-2187
-805
535
-146
-1209
-123
570
221
-1291
-715
176
-2255
-41
-437
-706
1121
-275
-634
318
-183
-363
-553
1001
534
-565
55
1484
-343
-932
547
223
-988
573
38
295
-220
596
-150
-442
1058
-896
-751
29
1409
-685
-430
958
-970
-133
-1430
908
-57
255
206
908
884
-1196
867
628
-875
-264
641
457
21
600
1122
-510
-235
-15
-415
580
687
-278
-606
601
-332
-954
518
-342
-829
1509
274
-1876
901
449
-604
-814
614
-143
-808
990
749
-651
-490
380
-345
-297
-1056
440
30
-366
77
183
-595
-775
880
-1046
1141
333
398
-388
-564
263
-115
196
-271
596
-359
460
277
-108
1019
-32
505
598
-759
1311
1118
527
127
711
1032
493
-1260
577
2657
-512
-124
1746
1115
-764
479
1559
-7
-234
1386
819
-1068
162
2051
462
-1531
-497
2046
330
-1717
765
1798
-701
-1187
1497
829
-1530
596
254
567
487
-728
914
954
166
-1487
1073
1012
-488
453
684
-354
-539
-36
493
1049
-1193
-850
681
-225
-790
-239
-265
-519
-204
-418
248
-16
-721
-357
1095
-220
-773
832
868
-914
124
1403
-121
139
805
-479
942
1903
-1014
1228
2496
-1029
566
1335
87
-276
429
1305
-131
-354
-1459
1596
-151
-1453
-527
621
-78
-1413
386
-407
-985
-393
-442
-992
384
-250
-1004
1705
-594
-1063
918
623
-1288
-153
1355
-893
90
-224
-1079
356
-421
-645
-171
1048
-1322
-562
-130
-1215
-14
-426
-1164
-1329
1201
-1769
-1145
256
-236
-1025
-1069
-801
1005
-1057
-2785
910
1427
-1899
-699
1301
-1483
-1036
337
-120
-258
-209
-16
1223
143
-797
862
1109
-1312
252
1547
717
-487
1146
1423
464
-992
-308
1686
-725
-957
1905
895
-2031
-749
1574
-1053
-202
1090
-1596
505
-180
-101
-1307
-358
1221
-1704
855
840
482
-706
451
1343
-187
-335
-608
2159
-295
-1640
349
1855
554
-2057
1975
1857
-1105
-1846
1452
1078
-2889
-382
624
8
-1631
416
-266
-1184
95
379
-331
-527
402
-457
-519
827
-1238
-707
1284
211
-942
62
817
564
245
-715
2277
155
-1960
2064
1229
-1031
-831
1771
523
-775
-681
446
1539
-1334
-533
376
843
-1284
-603
625
-202
34
-601
49
103
-610
-10
679
411
-842
-22
627
-355
-643
305
186
-442
136
1450
-342
-144
741
362
543
61
-613
547
608
-1178
796
1232
-439
-646
275
510
389
-94
-180
2257
-44
-2255
-359
1298
437
-763
-839
1673
1698
-1493
-1890
1521
2228
-2017
7
2568
-228
-1236
1981
2363
-384
-56
1289
1142
326
-835
-527
2068
708
-890
152
1881
839
-695
271
856
-864
-872
1209
605
-2295
154
1213
738
-24
885
773
-1082
957
1164
-220
-527
443
448
512
-1026
-70
726
1161
1108
-434
1173
1558
-672
-851
2497
552
-1707
1241
2316
-371
-683
353
468
-51
-419
-864
-255
29
181
-328
394
1272
-974
-756
472
78
-1510
1386
330
-133
868
-936
1518
300
-966
-135
1697
382
-358
1493
-418
-285
-1015
464
1298
-1647
-393
1749
367
-2299
417
1523
-1512
-1491
411
684
-1400
-1154
543
311
-911
-1316
-362
66
-1146
-266
949
502
-1053
-1254
-532
-156
788
-1334
-386
1351
72
-785
-687
538
-487
-345
-438
433
520
-672
-328
656
-300
-2174
93
1679
-526
-616
-72
781
-1581
-2045
1760
64
-1363
478
504
-1462
-681
1176
-750
-1553
-405
2471
217
-2969
172
2799
-2310
-2851
3517
799
-2798
876
1643
-720
-719
270
190
242
-320
-619
-58
-55
-1508
-349
-249
-1245
-333
-412
-256
-20
635
-765
-2819
945
538
-2745
-1032
2092
-1217
-1799
1795
819
-1523
-1364
312
1677
-1615
-988
1087
-189
-1093
440
1424
-904
599
-625
-809
732
443
184
-378
284
-731
-102
-5
-456
7
149
178
441
450
-1502
790
1294
-838
-834
1747
743
-1127
810
1234
-1045
-920
1432
282
-700
445
1458
892
-1219
-955
2153
-752
-2162
784
1922
-1280
-2429
2001
-189
-2666
378
1356
-383
-590
487
1506
-568
-3111
-361
1517
-247
-671
32
343
300
-934
-826
969
769
-1679
-75
1873
428
-2359
-86
1262
-1161
-496
1343
1199
-1516
422
1593
-682
-478
-560
-186
1461
-203
-1621
-538
2580
-1455
-2203
1557
-204
-2006
486
2380
-1011
-828
1273
-266
58
-791
-91
1510
154
-1194
2112
2002
-465
-516
1458
1075
20
1106
35
141
-392
-931
822
259
-2307
-139
1718
-99
194
-559
468
450
-788
647
3093
876
-585
175
862
-712
-282
-881
-85
2367
-1011
-620
1955
-1722
-2040
1589
1672
638
895
-510
1349
1413
-1574
-369
2659
257
-1840
1678
899
-515
-393
676
459
465
1286
-71
-1047
269
495
-537
-822
803
323
-1598
496
1736
-158
-970
-217
1186
624
-1628
-896
2428
466
-1806
-463
2241
-75
-1484
510
1892
1343
-1711
94
1846
806
-803
-1933
1034
184
-1991
-617
827
1382
-874
-1713
233
801
-1526
-1540
1022
1033
-1778
-1013
374
-1047
-580
763
-469
1048
2558
-427
-906
768
-505
-1477
-376
-289
587
-552
-2188
644
-6
-2640
-1922
2418
239
-1578
771
1216
85
-895
-166
215
-553
-1310
137
705
-1362
-1093
-471
1087
-1175
-1932
-173
-245
-13
-801
-36
579
-681
-2397
877
833
-1398
-89
1860
-44
-2084
404
375
-1641
-1142
720
-15
-1627
220
-164
-1116
-190
251
48
-965
105
989
279
496
10
261
-1161
781
994
-736
-643
-731
461
-944
416
-1287
-927
1467
-266
897
-1154
-329
883
-31
-626
620
1089
-1215
1011
470
287
-1116
-1387
1077
-1361
-239
1641
123
-1276
-1295
919
86
-986
-999
499
-229
218
1976
-1453
-445
450
-357
454
1274
903
-1194
-963
-526
-176
411
-919
-461
-92
158
84
38
-431
-1363
887
829
1059
784
-597
-460
325
833
-814
-134
-391
-1668
-127
1672
78
-926
-110
-345
-26
-666
560
783
-912
799
473
208
-278
-723
-503
-15
686
412
239
266
-364
-141
915
1061
-104
207
858
1428
749
-447
-1184
-131
980
-1218
159
1215
-1224
-1669
335
-46
83
912
345
1065
671
-597
-221
789
45
-501
650
1931
509
-984
105
-1171
-1094
1501
-860
65
1229
-585
-396
639
1228
-857
-489
1979
436
-692
1711
1435
-795
411
1058
-39
-46
1586
977
-1166
1010
2296
-670
-683
1204
656
1000
667
858
540
-944
-802
1350
1849
2
-12
561
617
321
-519
318
1567
-433
-259
1711
1437
-1360
-1118
185
855
809
439
793
31
421
349
-520
76
1432
-441
-1555
1234
2177
-1300
-1856
1348
817
-500
270
267
304
-831
-755
411
1027
832
-436
-121
872
-938
221
62
-244
1321
227
-1173
553
784
-1270
-741
201
1727
719
-941
396
405
-477
159
1049
252
473
-250
-621
450
389
-275
-262
737
649
880
-234
-924
788
-572
-972
697
536
-551
-1049
-206
22
-246
-1003
-713
463
-24
-439
3
324
-495
-1281
-493
366
-543
-220
-444
-980
-1
-174
-638
-180
198
-62
-302
-295
476
-219
-1170
-429
344
-446
-975
-129
-376
-1299
-890
566
204
-943
-863
-361
401
-929
-651
1039
402
-751
-159
671
44
222
-255
-87
38
-336
-630
-930
188
459
-270
-718
660
192
-928
-411
1256
790
-1013
-184
-61
-139
-679
-574
37
170
17
-325
565
466
-59
-231
222
568
986
-633
-124
1122
-147
78
475
-659
353
311
-515
159
362
349
-759
344
578
358
-612
-70
177
-258
615
56
-325
393
238
-588
47
527
98
-817
-908
-279
-506
-1305
-835
-275
-994
-1005
-632
-354
-983
-1304
-551
-780
-556
-175
-919
-1311
-1320
-671
-720
-520
-461
-886
-932
-1213
-917
-812
-1108
-891
-218
-258
-302
28
-442
-288
139
290
520
789
1119
842
986
1662
2161
2022
2059
2354
2444
2709
2333
2453
2541
2048
2173
2476
2431
2053
1459
1066
1048
1484
990
1124
680
249
647
616
326
-734
-574
-195
-1004
-901
-679
-807
-1376
-1252
-1219
-1414
-2087
-2393
-1155
-2002
-2349
-2220
-3043
-3071
-3116
-3697
-3495
-3085
-3633
-3736
-4073
-3497
-1928
-1784
-2006
-2106
-2204
-1425
-211
393
677
1057
1578
1964
2314
2981
3548
3545
3531
3942
4709
5010
4643
4148
4209
4866
5008
4787
4198
3741
3449
2779
2778
2840
2608
1785
1070
859
892
832
82
-126
286
368
131
262
173
-19
-237
-245
738
1147
158
-170
-150
-629
-296
-67
-613
-915
-1636
-1982
-2084
-2200
-2622
-3206
-3684
-3998
-4115
-4455
-4651
-5105
-5813
-5160
-3501
-2200
-2391
-4129
-4644
-3563
-1689
-140
338
319
433
711
1157
2049
3111
3665
3542
3598
4455
5177
4521
3575
3187
3789
5088
5800
5414
3969
2416
1588
2101
3434
3876
2782
1192
245
85
337
349
79
-118
-71
226
202
12
-808
-1302
-713
578
1311
906
134
-676
-1376
-814
155
-106
-400
-1307
-2389
-2536
-2162
-2400
-3047
-3384
-3729
-4364
-4646
-5140
-6000
-6396
-6495
-5701
-3895
-2506
-3080
-5443
-6882
-5389
-2105
-53
-99
-605
-723
-354
141
1189
2858
4133
3830
3130
3968
5131
4838
3317
3009
4731
6349
6435
5488
4698
3551
2110
2243
3913
5243
4210
1680
-3
262
1103
906
606
761
603
13
-334
-471
-374
-426
-547
261
1368
1412
-93
-1412
-1403
-558
492
432
-445
-1368
-2452
-2876
-2622
-2146
-1981
-3080
-4471
-4994
-5163
-5461
-5991
-6597
-6131
-4429
-2505
-2624
-5178
-7164
-6142
-2946
-157
478
-381
-827
-663
-684
485
3180
5110
4822
3294
3207
4702
5427
4269
3555
4906
6576
6304
4912
4368
4231
3451
2688
3490
5036
4490
1774
-123
403
1799
1557
704
667
735
113
-677
-518
439
943
324
-13
887
1505
667
-596
-454
651
956
294
-677
-1270
-1652
-2165
-2539
-2298
-2132
-2864
-4294
-5621
-5776
-5624
-6052
-6503
-5795
-3597
-2494
-4139
-6888
-7661
-5078
-1390
34
-895
-1464
-1240
-1111
-810
1014
3956
5425
4105
2351
3161
5061
5255
4086
4247
6322
7333
5802
3773
4129
5060
4630
4377
5200
5557
3709
818
-36
2336
3878
2306
576
577
832
45
-357
556
1758
1672
299
-157
768
1358
563
-153
597
1736
1361
-432
-1481
-1187
-848
-1296
-1594
-1623
-2272
-3768
-5139
-5092
-4584
-4962
-6123
-6869
-5399
-2923
-2660
-5399
-7714
-6901
-3673
-655
-236
-1550
-2350
-2100
-1427
-20
2446
4530
4434
2427
1538
3411
5569
5432
4106
4418
6141
6557
4607
3057
4059
5325
4734
4209
4835
4313
1940
-65
637
3256
4104
1731
-722
-432
463
266
213
1164
1725
661
-779
-637
900
1644
790
18
652
1088
222
-1513
-1933
-875
-432
-1332
-2243
-2660
-3512
-4672
-5304
-4697
-4182
-5357
-7528
-7996
-5784
-3172
-3395
-6293
-8510
-7412
-3888
-1512
-1828
-2991
-3210
-2656
-1857
-400
1901
3569
2704
965
1234
3727
5417
4373
2962
3813
5707
5828
4017
3014
4033
4876
4170
3753
4388
4090
1730
-172
846
3348
3740
1125
-1036
-353
749
271
-142
868
1459
103
-1377
-722
1233
1639
176
-646
363
1172
210
-1337
-1517
-514
-435
-1482
-2247
-2564
-3414
-4585
-5105
-4459
-4053
-5505
-7854
-7979
-5179
-2460
-3206
-6738
-8816
-7050
-3333
-1198
-1712
-2890
-3103
-2730
-2149
-442
2139
3784
2533
384
918
3909
5540
4176
2936
4181
6095
5648
3489
2964
4386
5267
4550
4141
4737
3973
1449
149
2079
4519
3928
927
-903
-86
1082
901
621
1428
1517
-151
-1430
-388
1648
1928
486
-449
342
1049
-59
-1377
-1211
-86
-83
-1430
-2515
-2761
-3169
-4064
-4255
-3753
-3740
-5352
-7679
-7991
-5540
-2599
-2638
-5782
-8475
-8021
-4685
-1760
-1422
-2520
-3099
-3071
-2566
-1212
1122
3078
2708
901
626
2824
4751
4100
2723
3454
5669
5933
3922
2562
3463
4817
5040
4701
4560
4048
2048
467
1845
4401
4413
1794
-379
-124
1212
1515
1058
1303
1669
594
-786
-344
1433
2155
1034
-48
409
1173
536
-792
-863
67
513
-477
-1868
-2447
-2626
-3158
-3521
-3270
-3361
-4673
-6580
-7434
-5818
-3157
-2493
-4837
-7524
-7909
-5450
-2339
-1377
-2427
-3362
-3293
-2654
-1476
225
1952
2640
1602
754
1982
4017
4399
3531
3455
4955
6133
4898
3083
3233
4974
5967
5393
4524
3991
3100
1896
2245
4070
4746
2882
521
217
1446
2345
1837
1196
1366
1119
189
-85
978
1993
1515
207
-39
752
704
-389
-1032
-487
89
-713
-2320
-3063
-2922
-3165
-3792
-3910
-4140
-5243
-7121
-7391
-4769
-2022
-3279
-7347
-9278
-6985
-2925
-1491
-3013
-4267
-3811
-3186
-2828
-1349
1376
2499
688
-1136
115
3376
4433
2769
2065
3882
5441
4581
2639
2685
4306
4892
4478
4465
4359
2924
1022
1289
3912
5385
3057
-261
-711
1055
2067
1723
1405
1382
620
-809
-817
1232
2688
1513
-513
-839
368
868
-230
-995
-378
-10
-993
-2315
-2751
-2566
-2954
-3820
-3915
-3513
-4575
-6868
-7914
-6258
-3187
-2193
-4509
-7658
-8500
-6769
-3890
-1895
-1707
-2844
-4365
-4899
-3404
-501
1854
2171
892
-38
624
2229
3157
3313
3770
4373
4449
3706
2742
2785
3798
4971
5642
5192
3433
1632
1259
2547
4579
5160
3098
563
-248
565
1964
2986
2711
1440
102
-541
89
1517
2343
1799
631
-198
-211
122
131
-18
-186
-405
-1069
-2025
-2980
-3282
-3111
-3064
-3327
-4194
-5640
-6872
-6446
-4534
-2887
-3459
-5804
-7504
-6816
-4647
-2838
-2267
-2379
-2891
-3727
-3728
-1788
930
2160
1320
341
854
2045
2501
2537
3286
4457
4620
3605
2803
3078
3714
4269
5017
5384
4441
2264
1069
2184
4242
4790
3059
1177
639
902
1291
2200
2845
2176
641
-301
251
1590
2188
1689
971
732
498
105
-127
104
220
-137
-840
-1569
-2154
-2825
-3255
-3333
-3044
-3638
-5228
-6510
-5728
-3782
-2937
-4377
-6393
-6539
-4981
-3739
-3500
-3255
-2678
-2551
-3225
-3323
-1393
1152
1705
419
49
1557
2833
2527
2201
3416
5024
4761
3223
2825
4056
4731
4426
4592
5137
4448
2523
1618
3053
4891
4473
2268
1134
1715
2150
1883
2139
2757
2330
840
60
982
2282
2427
1548
1012
1287
1310
541
127
624
795
106
-841
-1220
-1491
-2151
-2890
-2866
-2620
-3357
-4977
-5513
-4137
-2833
-3285
-4995
-6012
-4985
-3378
-2978
-3526
-3477
-2733
-2331
-2367
-1974
-616
768
815
190
810
2301
2766
2200
2057
3289
4470
4044
2795
2726
3792
4528
4571
4260
3673
2860
2304
2748
3927
4147
2482
784
880
1929
2384
1944
1377
1051
807
546
857
1508
1718
1115
37
242
904
729
-151
-591
-320
-164
-547
-1285
-1968
-2394
-2738
-3012
-3093
-3659
-4929
-5409
-4284
-2947
-3296
-5115
-6408
-5656
-3536
-2613
-3246
-3907
-3512
-2941
-2469
-1731
-523
474
212
-530
-64
1797
2803
2154
1617
2370
3524
3355
2426
2409
3372
4174
4103
3524
2895
2389
2006
2515
3774
3904
1995
38
99
1483
2442
2046
917
201
23
85
497
1345
1619
747
-397
-410
500
1026
383
-471
-566
-355
-542
-1300
-1980
-2064
-2216
-2670
-3143
-3549
-4121
-4079
-3217
-2782
-3506
-4722
-5140
-4037
-2450
-2242
-3025
-3140
-2523
-2005
-1653
-973
108
717
339
-60
869
2248
2545
2053
2175
3112
3529
2866
2272
2860
4062
4476
3883
2974
2561
2503
2623
3318
3907
2969
1113
373
1145
2337
2454
1349
351
210
506
640
916
1263
995
157
-343
28
629
419
-508
-994
-811
-688
-1243
-2060
-2475
-2392
-2446
-2911
-3590
-3957
-3620
-2945
-2767
-3479
-4163
-4246
-3259
-2308
-2247
-2569
-2429
-1871
-1584
-1200
-347
588
820
463
597
1639
2570
2433
2054
2430
3178
3339
2747
2516
3184
4070
3976
3262
2757
2639
2512
2621
3184
3351
2200
693
453
1501
2267
1753
637
89
215
339
351
756
1263
730
-360
-621
90
636
88
-814
-1123
-716
-793
-1618
-2296
-2131
-1943
-2484
-3171
-3432
-2867
-2076
-2315
-3293
-3830
-3473
-2475
-1819
-2078
-2482
-1972
-1140
-884
-871
-163
985
1502
1142
966
1993
3056
2795
2195
2715
3936
4098
2927
2327
3409
4868
4740
3473
2686
2793
2873
2898
3437
3763
2627
680
146
1468
2724
2217
566
-289
149
639
370
300
752
668
-254
-900
-412
239
-184
-1299
-1609
-1000
-863
-1867
-2731
-2699
-2421
-2622
-3350
-3603
-2918
-2255
-2802
-3763
-3804
-2790
-1828
-1864
-2526
-2508
-1320
-418
-664
-823
94
1291
1561
979
1238
2509
3138
2443
2076
3043
4037
3562
2204
2268
3698
4604
3555
1885
1799
2596
2769
2399
2465
2366
1224
-159
-23
1496
2151
626
-1274
-1164
-29
214
-437
-674
-383
-646
-1462
-1706
-1035
-675
-1475
-2516
-2418
-1770
-2032
-3119
-3635
-3331
-3133
-3686
-4267
-3829
-2733
-2833
-4039
-4535
-3314
-1841
-1834
-2858
-2919
-1368
-285
-762
-1333
-199
1596
1981
1045
977
2434
3397
2755
2247
3346
4533
3704
2099
2152
4245
5406
3976
2095
1972
2784
2759
2617
2864
2705
1212
-360
-68
1512
2043
326
-1267
-910
38
-163
-999
-913
-319
-644
-1583
-1757
-1139
-1017
-2021
-2812
-2359
-1721
-2321
-3681
-4131
-3515
-3270
-3989
-4382
-3665
-2830
-3372
-4610
-4257
-2516
-1607
-2385
-3174
-2255
-395
-2
-1039
-884
1040
2354
1802
1102
2139
3735
3756
2718
3025
4777
5030
3452
2580
3991
5929
5480
3344
2340
3177
3593
3146
3123
3333
2220
73
-529
1002
2416
1305
-1075
-1709
-674
-161
-946
-1358
-730
-581
-1746
-2524
-1941
-1126
-1757
-2861
-2925
-2282
-2282
-3625
-4488
-3957
-3219
-3721
-4543
-4285
-3281
-3167
-4279
-4663
-3479
-2209
-2251
-2795
-2384
-1118
-532
-927
-792
840
2200
2038
1300
1840
3325
3918
3493
3448
4504
5046
4260
3450
4237
6038
6118
4346
3066
3578
4238
4044
3680
3451
2664
1275
495
1108
2142
1614
-375
-1426
-742
-146
-784
-1305
-997
-818
-1497
-2239
-2039
-1579
-1949
-2823
-3104
-2643
-2441
-3367
-4270
-4195
-3660
-3837
-4325
-3915
-3146
-3127
-4202
-4764
-3632
-1931
-1487
-2255
-2617
-1863
-755
-212
171
1179
2134
2091
1561
2038
3563
4476
4234
3815
4378
5051
4762
4085
4980
6700
6548
4551
3354
4253
5324
5092
4172
3557
3112
2214
1298
1565
2595
2054
-64
-1229
-498
175
-678
-1574
-1432
-1248
-1888
-2850
-2928
-2383
-2531
-3504
-4027
-3616
-3452
-4272
-5122
-4849
-4332
-4518
-4827
-4434
-3645
-4190
-5323
-5018
-3010
-1674
-2277
-3411
-3104
-1500
-476
-370
160
1234
1697
952
754
2482
4029
3978
3109
3340
4348
4507
3782
4568
6292
6267
4096
2778
3865
5234
5038
3871
3225
3086
2356
1220
1465
2679
2202
-83
-1335
-348
576
-423
-1630
-1474
-930
-1622
-2884
-3102
-2520
-2692
-3885
-4500
-3904
-3585
-4634
-5786
-5635
-4845
-4825
-5306
-5121
-4481
-4892
-5962
-5492
-3410
-2117
-2865
-4056
-3495
-1665
-726
-829
-338
849
1258
701
809
2474
3935
3707
2908
3224
4365
4313
3967
5124
6450
5768
3736
3276
4729
5837
5053
3765
3330
3287
2553
1676
2220
3048
1964
-53
-535
489
659
-542
-1285
-831
-712
-1737
-2757
-2554
-1951
-2464
-3693
-3903
-3339
-3553
-4812
-5504
-4935
-4501
-4775
-4963
-4559
-4452
-5487
-5940
-4397
-2357
-2200
-3650
-4291
-2887
-1088
-585
-517
206
894
746
429
1636
3545
3945
3032
2629
3744
4555
4308
4630
5634
5650
4190
3457
4433
5780
5386
3730
2977
3468
3524
2489
2086
2675
2379
906
70
599
1027
99
-934
-834
-480
-840
-2095
-2655
-2291
-2150
-3001
-3690
-3456
-3392
-4139
-5156
-5055
-4467
-4368
-4682
-4653
-4420
-5040
-5623
-4709
-2878
-2152
-3122
-4022
-3204
-1449
-519
-452
6
775
902
558
1342
3056
3867
3226
2569
3330
4330
4698
4837
5120
4946
4172
3826
4544
5523
5039
3437
2722
3385
3633
2763
2111
2106
1890
1152
798
1009
1012
341
-446
-401
-38
-334
-1393
-2003
-1827
-1709
-2287
-2963
-3022
-3101
-3681
-4301
-4312
-4059
-3944
-3934
-3886
-4096
-4853
-4921
-3579
-2102
-2136
-3243
-3464
-2103
-632
-353
-302
558
1356
1081
733
2015
3819
4088
2998
2774
4017
5240
5331
4908
4978
5019
4695
4450
5158
5828
4681
2953
2863
4004
4034
2637
1454
1351
1646
1251
571
250
198
-362
-1183
-1065
-506
-739
-1943
-2782
-2517
-2104
-2430
-3046
-3385
-3564
-3882
-4364
-4489
-4133
-3776
-3703
-4040
-4606
-4833
-3909
-2544
-2014
-2702
-3251
-2600
-1371
-640
-438
272
1039
1029
475
870
2708
3525
2808
2168
3116
4859
5053
4015
3698
4538
4912
4404
4246
4544
4049
2678
2298
3348
3933
2574
516
102
1218
1577
466
-656
-596
-492
-1325
-1788
-1238
-923
-1950
-3353
-3533
-2746
-2565
-3436
-4168
-4203
-4123
-4574
-5105
-4837
-3980
-3754
-4390
-5253
-5146
-3933
-2778
-2444
-2939
-3187
-2600
-1543
-772
-257
399
989
923
615
1358
2958
3657
3083
2490
3505
5158
5064
3812
3561
4813
5401
4699
4204
4301
3859
2882
2620
3450
3834
2303
79
-56
1444
1871
413
-832
-694
-670
-1341
-1600
-1102
-882
-1919
-3217
-3240
-2385
-2248
-3090
-3799
-3784
-3792
-4389
-4919
-4444
-3337
-3276
-4437
-5446
-4896
-3133
-1954
-2250
-3314
-3396
-2198
-892
-422
-178
506
979
912
988
2103
3622
3770
2823
2942
4904
6011
4753
3408
4202
5740
5813
4850
4310
4225
3684
2942
3250
4224
3766
1222
-513
559
2160
1495
-403
-1136
-877
-1150
-1773
-1646
-1108
-1627
-2948
-3720
-3098
-2355
-2888
-3854
-4063
-3742
-4000
-4675
-4760
-3763
-3181
-3811
-4903
-5019
-3620
-2209
-2004
-2863
-3293
-2462
-1258
-583
-319
209
757
860
769
1529
2993
3571
2890
2732
4360
5629
4837
3423
3982
5603
6038
5153
4265
4167
4026
3504
3426
4147
4117
1998
137
736
2236
1972
301
-583
-570
-726
-1305
-1332
-779
-1017
-2171
-3071
-2730
-2042
-2336
-3220
-3612
-3424
-3585
-4189
-4302
-3650
-3241
-3693
-4373
-4461
-3564
-2466
-1891
-2270
-2786
-2464
-1337
-263
138
290
582
1046
1325
1858
2866
3711
3528
3331
4441
5474
5124
4108
4412
5670
6249
5617
4626
4320
4460
4295
4014
4316
4161
2424
875
1218
2374
2102
618
-375
-614
-728
-1022
-1132
-1051
-1498
-2479
-3097
-2855
-2435
-2642
-3341
-3694
-3672
-3919
-4414
-4458
-3829
-3293
-3583
-4278
-4774
-4179
-2855
-1831
-2155
-3071
-3065
-1863
-582
-149
12
389
728
719
1002
2143
3317
3203
3053
3704
4400
4114
3232
3887
5075
5377
4387
3365
3574
4122
3914
3456
3635
3326
1764
577
1085
2031
1543
110
-680
-733
-864
-1244
-1405
-1297
-1676
-2688
-3367
-3178
-2657
-2809
-3406
-3695
-3844
-4202
-4661
-4471
-3727
-3336
-3838
-4597
-4920
-4245
-2821
-1802
-2171
-3245
-3418
-2096
-620
-116
-224
-96
287
486
752
1822
2851
3047
2962
3059
3352
3292
3276
3854
4632
4744
3575
2496
2809
3630
3585
3012
2697
2159
1174
672
1241
1794
1273
101
-807
-1001
-817
-826
-1008
-1167
-1611
-2341
-2805
-2643
-2299
-2383
-2803
-3231
-3551
-3857
-4112
-3795
-3062
-2866
-3512
-4416
-4473
-3282
-1746
-1325
-2325
-3249
-2644
-1130
-32
253
190
267
411
674
1475
2637
3262
3244
3007
3100
3220
3342
3723
4353
4680
3923
2634
2373
3164
3580
3075
2506
2034
1258
529
528
1126
1263
422
-754
-1286
-1028
-919
-1124
-1246
-1410
-1939
-2582
-2752
-2428
-2154
-2346
-2823
-3173
-3400
-3626
-3689
-3106
-2402
-2635
-3433
-4159
-3852
-2293
-880
-911
-2178
-2868
-1987
-325
807
944
675
644
740
1048
2008
3425
4176
3563
2631
2733
3583
4143
4181
4436
4325
3283
2183
2347
3401
3604
2522
1315
952
948
466
66
430
583
-352
-1640
-1830
-1218
-1118
-1563
-1940
-1865
-2028
-2719
-3023
-2523
-1946
-2239
-2995
-3402
-3425
-3331
-3027
-2387
-1893
-2268
-3383
-3876
-2764
-809
200
-663
-2185
-2398
-916
908
1700
1452
1068
939
1097
1885
3404
4942
4686
3043
2301
3417
4809
4913
4669
4518
3881
2949
2626
3446
4147
3495
1694
687
1412
1629
556
228
625
210
-967
-1567
-1310
-1041
-1287
-1849
-1986
-1771
-2312
-3096
-2960
-2245
-1989
-2668
-3439
-3638
-3495
-3375
-3010
-2316
-2256
-3328
-4283
-3700
-1892
-277
-249
-1678
-2687
-1904
116
1585
1767
1080
551
704
1482
2908
4224
4274
3038
2225
2987
4308
4830
4402
3825
3515
3210
2833
2907
3335
3077
2003
1110
1328
1165
204
-229
-48
105
-671
-1646
-1982
-1749
-1611
-1768
-2001
-2231
-2842
-3549
-3532
-2935
-2670
-3216
-4000
-4353
-4241
-4006
-3632
-3286
-3368
-4026
-4600
-4178
-2826
-1472
-1076
-1940
-2876
-2423
-634
1021
1339
702
218
645
1571
2623
3656
3916
3138
2278
2672
3811
4435
4099
3374
3067
3000
2684
2385
2574
2657
1957
1017
785
784
273
-279
-332
-161
-638
-1595
-2227
-2128
-1837
-1861
-2127
-2525
-2851
-3278
-3396
-3006
-2698
-2943
-3665
-4152
-4032
-3550
-3082
-3027
-3379
-3823
-3897
-3317
-2242
-1302
-1167
-1769
-2203
-1553
-4
1328
1556
1011
769
1304
2367
3339
3789
3659
3227
3016
3312
3996
4343
4059
3498
3147
3016
2852
2658
2431
2098
1649
1234
827
395
-27
-267
-371
-613
-1043
-1652
-2099
-2231
-2123
-2024
-2179
-2632
-3183
-3517
-3378
-3028
-2965
-3319
-3756
-3920
-3658
-3268
-3021
-3107
-3317
-3444
-3078
-2213
-1341
-1041
-1430
-1544
-854
411
1320
1546
1382
1536
1903
2524
3422
3895
3827
3288
3145
3605
4159
4120
3657
3348
3185
2939
2648
2433
2304
1862
1281
818
636
348
-264
-738
-834
-887
-1354
-1964
-2356
-2375
-2332
-2431
-2590
-2824
-3130
-3395
-3399
-3125
-2969
-3239
-3686
-3797
-3406
-2906
-2731
-2970
-3115
-2986
-2496
-1816
-1222
-983
-1019
-906
-313
639
1432
1674
1672
2053
2659
3274
3789
4010
4082
4134
4236
4405
4520
4395
4074
3806
3713
3622
3280
2849
2461
2149
1916
1563
1033
433
-35
-378
-624
-950
-1464
-1950
-2192
-2250
-2342
-2482
-2735
-3100
-3350
-3368
-3235
-3225
-3409
-3657
-3680
-3450
-3096
-2841
-2816
-2839
-2762
-2350
-1714
-1185
-878
-737
-511
-50
623
1275
1658
1801
1972
2384
2951
3327
3414
3528
3663
3738
3890
3968
3937
3737
3500
3377
3331
3240
2875
2393
2101
1953
1611
1179
787
391
-17
-427
-668
-911
-1287
-1782
-2105
-2205
-2254
-2508
-2945
-3188
-3247
-3344
-3521
-3652
-3696
-3794
-4243
-4169
-3749
-3504
-3523
-3545
-3231
-2680
-2244
-1921
-1582
-1164
-763
-420
107
621
1028
1317
1731
2200
2553
2667
2792
3037
3240
3296
3201
3203
3283
3158
3043
2956
2774
2458
2136
1945
1671
1342
1008
644
253
-102
-399
-549
-746
-1165
-1576
-1860
-1946
-2086
-2340
-2571
-2753
-2892
-3080
-3214
-3325
-3402
-3571
-3638
-3497
-3398
-3406
-3487
-3322
-2981
-2623
-2348
-2114
-1849
-1555
-1097
-622
-30
420
630
887
1235
1697
2014
2228
2398
2528
2597
2684
2849
2937
2865
2703
2556
2493
2458
2309
2060
1799
1503
1272
1040
813
552
213
-139
-430
-673
-825
-955
-1108
-1389
-1672
-1875
-1910
-1907
-2029
-2194
-2405
-2542
-2645
-2617
-2579
-2544
-2522
-2507
-2379
-2216
-1982
-1808
-1553
-1294
-997
-696
-423
-164
106
420
738
1062
1231
1376
1509
1696
1906
2029
2110
2090
2017
1965
1951
1925
1834
1704
1533
1344
1162
1057
891
712
445
201
72
-101
-166
-564
-673
-820
-993
-1031
-1127
-1229
-1379
-1539
-1626
-1606
-1584
-1639
-1725
-1870
-1884
-1852
-1773
-1678
-1611
-1456
-1388
-1197
-1028
-732
-477
-283
-67
123
433
644
826
1016
1210
1358
1465
1603
1739
1789
1748
1782
1767
1708
1578
1477
1469
1329
1122
902
759
632
467
292
139
-17
-243
-450
-614
-516
-483
-687
-798
-863
-901
-968
-982
-1014
-1006
-1096
-1213
-1218
-1247
-1223
-1291
-1241
-1102
-1097
-1011
-919
-735
-592
-534
-386
-133
107
222
300
543
902
1141
1321
1501
1647
1747
1791
1943
2130
2180
2164
2110
2111
2095
2072
2034
1916
1710
1489
1356
1222
1030
734
507
334
165
-129
-357
-533
-727
-909
-1106
-1191
-1330
-1438
-1588
-1649
-1532
-1546
-1672
-1765
-1729
-1673
-1654
-1627
-1545
-1497
-1482
-1371
-1224
-969
-846
-802
-602
-329
-37
101
290
511
705
894
1026
1214
1388
1475
1531
1650
1739
1787
1672
1723
1621
1382
1456
1298
1202
1070
1010
951
830
693
484
250
18
-211
-297
-413
-635
-888
-1059
-1105
-1146
-1303
-1438
-1540
-1680
-1826
-1936
-1908
-1844
-1897
-2006
-2040
-1936
-1848
-1854
-1813
-1769
-1698
-1607
-1510
-1293
-1110
-980
-804
-583
-355
-211
-111
64
303
496
569
657
838
1005
1113
1169
1224
1282
1247
1265
1229
1240
1171
1009
890
747
649
546
424
249
46
-116
-169
-139
-244
-391
-547
-620
-745
-809
-870
-905
-1015
-1102
-1095
-1081
-1097
-1244
-1251
-1273
-1196
-1192
-1238
-1134
-1135
-1101
-1048
-914
-725
-635
-632
-528
-367
-227
-150
-73
83
212
279
339
465
593
659
654
713
858
896
849
824
833
837
773
713
667
599
523
375
273
245
158
-10
-124
-181
-231
-351
-476
-511
-546
-568
-643
-724
-715
-714
-755
-787
-827
-788
-807
-855
-808
-802
-746
-753
-725
-661
-557
-554
-461
-446
-235
-171
-211
-25
-24
110
196
307
404
451
455
567
667
704
768
743
749
785
771
761
669
655
554
468
396
297
194
87
-27
-156
-208
-347
-438
-572
-649
-700
-710
-720
-815
-889
-899
-831
-777
-761
-791
-816
-768
-718
-636
-599
-560
-531
-474
-386
-300
-220
-183
-102
-43
152
387
408
486
582
659
708
773
824
867
882
904
973
994
1033
1037
1034
1081
1082
1136
1110
1078
1014
907
785
784
585
515
383
183
243
219
102
-77
-234
-302
-412
-559
-600
-625
-632
-706
-761
-745
-713
-659
-627
-638
-607
-564
-593
-514
-458
-342
-402
-357
-216
-169
-91
-72
-39
29
119
179
293
393
392
410
412
540
654
688
714
657
745
785
841
814
870
840
769
801
783
792
700
637
569
610
533
419
336
222
169
9
-10
-52
-164
-348
-540
-607
-650
-781
-890
-995
-1080
-1070
-1020
-1018
-1017
-1079
-1067
-1033
-1056
-1005
-1089
-1067
-1075
-1013
-921
-885
-814
-775
-721
-596
-588
-537
-485
-390
-308
-293
-183
-24
74
106
115
207
359
388
401
254
277
354
328
390
431
406
285
247
261
276
217
165
81
70
35
-41
-47
-110
-121
-232
-327
-313
-376
-372
-453
-520
-572
-636
-665
-723
-771
-784
-817
-903
-875
-829
-817
-833
-891
-883
-899
-895
-897
-869
-788
-747
-734
-716
-623
-513
-426
-405
-357
-205
-142
-19
12
23
127
188
261
296
341
364
382
373
395
413
439
437
387
442
438
433
414
413
418
386
364
303
327
312
229
169
179
186
82
34
4
-8
-100
-202
-238
-253
-260
-373
-468
-535
-565
-614
-645
-676
-750
-740
-750
-763
-785
-824
-829
-789
-745
-620
-552
-581
-557
-503
-363
-237
-254
-193
-156
-109
-28
56
101
97
73
141
227
259
292
248
301
379
390
428
438
402
395
400
463
472
431
411
376
405
368
397
356
277
179
141
142
134
42
-35
-102
-152
-142
-144
-231
-279
-334
-380
-385
-382
-422
-405
-400
-416
-420
-402
-343
-286
-268
-239
-192
-195
-146
-157
-107
125
144
199
245
278
276
223
282
283
303
271
273
169
125
270
287
354
350
428
429
484
549
548
538
490
558
581
538
434
466
601
628
541
438
443
403
349
257
288
229
183
162
176
184
139
170
131
142
184
153
130
194
108
144
141
160
230
119
106
130
137
150
109
168
180
105
91
18
38
26
7
-1
-44
-75
-84
-93
-122
-176
-171
-119
-124
-129
-145
-104
-99
-77
15
35
-13
-38
-57
15
63
38
28
-6
7
-61
-23
-70
-184
-251
-377
-297
-250
-204
-240
-295
-269
-271
-176
-135
-151
-251
-261
-249
-184
-131
-159
-117
-161
-142
-116
-58
-88
-128
-164
-141
-128
-153
-101
-54
-81
-166
-201
-144
-87
-157
-330
-397
-338
-346
-362
-375
-389
-460
-488
-482
-482
-515
-593
-646
-644
-588
-555
-577
-629
-655
-615
-551
-549
-582
-568
-582
-596
-533
-464
-442
-471
-463
-399
-322
-315
-267
-104
-37
23
-43
21
78
89
85
88
150
166
150
183
174
188
205
166
209
225
196
163
160
166
166
168
142
110
113
104
111
72
34
-23
-55
-82
-103
-65
-136
-227
-285
-311
-326
-319
-328
-388
-451
-457
-467
-508
-476
-450
-491
-466
-449
-414
-366
-338
-343
-297
-253
-198
-184
-140
-67
-98
-62
-2
19
75
73
97
110
107
80
129
165
153
137
131
185
169
160
174
153
178
209
228
252
241
217
223
215
239
223
197
182
154
115
161
190
164
93
-3
-5
16
-43
