-57
-42
-51
-26
5
-43
-13
-14
-13
-22
-14
-24
-35
-17
-17
-12
-15
-3
-25
-24
-2
-31
-9
-4
3
-21
-11
-3
-9
8
-24
-14
-21
-9
-31
3
-2
-28
-7
-20
-7
-18
-8
-26
0
-1
2
21
-1
11
5
-2
11
-35
-7
-2
-6
11
-2
19
35
49
50
46
29
66
38
81
72
28
48
39
56
56
70
51
62
53
59
61
48
66
55
61
99
58
83
68
50
53
55
54
52
57
51
55
57
77
89
110
143
112
125
131
131
161
148
278
356
339
365
394
403
426
445
461
485
418
425
392
353
330
325
352
433
472
330
453
451
409
387
356
371
339
345
259
248
372
513
492
401
380
369
361
363
412
420
428
427
386
406
386
394
375
380
370
384
376
383
320
318
363
304
302
267
207
183
198
155
138
171
149
138
140
104
118
101
115
112
123
148
86
120
99
96
113
106
98
90
81
97
97
102
124
108
104
113
74
88
69
73
72
75
60
41
25
-19
-82
-181
-174
-253
-223
-186
-212
-184
-134
-104
-122
-63
-73
-92
-140
-161
-182
-207
-231
-236
-240
-215
-247
-230
-247
-268
-297
-312
-329
-317
-223
-250
-272
-300
-266
-200
-146
-216
-384
-372
-328
-281
-266
-248
-244
-251
-235
-241
-233
-250
-247
-268
-254
-221
-258
-228
-219
-219
-229
-221
-200
-204
-197
-197
-201
-209
-204
-214
-190
-165
-207
-189
-195
-184
-122
-19
-15
-28
-22
-51
-21
-35
-36
-22
-7
9
-34
-23
-45
-18
-39
-33
-23
-30
-42
-50
-37
-66
-40
-55
-37
-15
-58
-53
-52
-79
-86
-93
-102
-90
-81
-81
-90
-85
-58
-55
-49
-20
-45
-33
-35
-27
-33
-26
-25
-31
-17
-6
-13
-24
0
-8
14
31
-18
12
19
23
13
11
42
22
41
39
32
32
34
39
42
64
20
51
49
67
68
65
55
60
76
66
92
81
78
53
69
58
-1
22
4
1
14
15
10
27
46
41
50
23
43
11
25
38
-30
11
-19
0
-5
2
5
-5
-19
-15
-17
-35
-30
-36
-23
8
-10
16
-9
-36
-33
-41
-20
-33
-9
-13
-12
2
9
9
41
85
60
79
101
89
122
127
183
342
344
341
378
400
411
428
470
494
449
453
447
421
388
365
400
407
514
443
410
555
477
470
435
429
405
419
362
288
361
523
564
504
433
421
406
401
434
449
476
488
417
425
398
387
376
363
328
308
304
279
300
223
238
240
216
190
81
88
40
63
15
-23
15
-52
-50
-83
-89
-109
-121
-129
-103
-81
-130
-105
-114
-105
-101
-84
-94
-101
-91
-77
-62
-52
-28
-16
34
45
18
68
59
65
113
109
141
146
152
140
119
44
39
-28
-40
26
22
67
124
167
167
240
264
248
226
188
164
134
105
84
101
108
83
78
71
46
20
-31
-69
-100
-70
-51
-120
-163
-164
-174
-121
-137
-356
-452
-470
-472
-447
-491
-525
-563
-615
-638
-666
-712
-741
-785
-802
-818
-876
-869
-887
-894
-906
-917
-913
-920
-926
-929
-925
-931
-905
-898
-859
-817
-815
-742
-688
-597
-510
-331
-217
-182
-98
-57
11
100
165
207
293
365
371
436
466
500
527
534
571
601
619
627
663
654
691
687
713
750
725
738
716
737
716
704
701
677
690
652
618
598
556
560
522
497
412
332
337
250
195
134
46
13
-86
-126
-163
-265
-286
-370
-415
-448
-568
-591
-654
-713
-755
-840
-875
-893
-940
-946
-1008
-1048
-1067
-1114
-1101
-1111
-1173
-1128
-1118
-1093
-1052
-999
-923
-842
-744
-656
-558
-468
-362
-261
-101
21
80
229
352
448
555
659
707
771
772
735
720
684
698
718
685
709
628
644
596
559
596
622
680
648
635
638
621
602
579
592
576
620
621
648
687
662
633
603
572
549
523
527
469
454
474
373
417
384
306
350
263
259
207
168
151
208
292
193
184
149
90
48
17
-41
-152
-230
-333
-387
-506
-593
-650
-699
-716
-665
-847
-827
-773
-869
-867
-943
-972
-917
-882
-910
-829
-609
-362
-240
-222
-166
-27
102
259
400
574
728
801
941
1030
1124
1182
1193
1137
1060
1053
1056
1037
983
924
919
895
868
752
712
664
635
675
697
694
722
680
662
624
626
631
608
636
650
609
615
649
640
629
643
625
560
555
524
487
477
469
467
445
437
367
365
351
271
263
168
97
78
33
-70
-127
-364
-400
-594
-744
-636
-884
-796
-1011
-976
-1119
-1212
-1057
-1316
-1283
-1372
-1507
-1489
-1616
-1653
-1615
-1667
-1632
-1623
-1550
-1408
-1343
-1214
-1148
-1071
-912
-700
-553
-457
-298
-118
93
304
317
347
449
556
623
601
553
512
481
462
464
443
387
289
272
284
223
262
238
245
291
303
326
309
314
310
319
300
326
311
349
380
307
403
394
454
449
487
567
510
519
514
449
452
480
440
358
374
338
210
425
-26
202
9
-107
219
-424
-49
-321
-517
-183
-729
-467
-717
-963
-588
-1264
-866
-1135
-1452
-1160
-1571
-1391
-1486
-1620
-1487
-1630
-1568
-1533
-1588
-1508
-1439
-1324
-1202
-1115
-962
-859
-675
-513
-357
-170
-24
167
299
466
636
743
879
973
1016
1007
975
901
904
852
873
822
735
669
590
628
612
553
570
561
652
684
611
626
589
643
675
647
705
731
719
731
697
683
706
718
697
719
632
672
605
629
608
698
495
540
545
481
481
175
521
55
179
87
172
2
10
-164
-275
-232
-709
-200
-652
-637
-694
-1088
-759
-1254
-1333
-1025
-1450
-1477
-1493
-1633
-1625
-1688
-1746
-1665
-1653
-1638
-1515
-1468
-1309
-1205
-1097
-953
-784
-566
-341
35
257
439
628
801
987
1209
1403
1455
1577
1552
1578
1481
1427
1404
1355
1379
1347
1312
1061
1169
1051
1013
973
844
902
959
1029
887
874
1015
1089
992
981
1013
920
1086
1086
1008
1196
898
1159
1111
849
1161
655
1197
845
886
870
749
842
457
909
566
685
520
436
317
82
157
45
-168
-55
-230
-389
-219
-658
-619
-753
-784
-1005
-1056
-1108
-1190
-1337
-1500
-1381
-1621
-1617
-1608
-1738
-1755
-1716
-1671
-1597
-1540
-1389
-1343
-1240
-1089
-975
-727
-525
-297
-116
61
247
372
575
659
815
910
978
1037
1074
1032
1081
1031
990
1010
964
928
801
684
532
436
329
289
323
270
440
256
268
228
111
202
229
238
300
385
349
240
327
436
459
459
492
249
189
374
251
554
132
412
258
-56
422
-297
107
224
56
-142
-208
-228
-297
-327
-463
-302
-768
-875
-539
-995
-1015
-1206
-1252
-1286
-1667
-1568
-1860
-1922
-1922
-2031
-2023
-1877
-1856
-2012
-1961
-2024
-1947
-1847
-1784
-1578
-1461
-1303
-1095
-889
-680
-466
-215
-22
177
391
626
840
1057
1183
1294
1345
1397
1365
1339
1304
1312
1259
1180
1120
942
810
782
689
537
648
589
502
706
576
812
536
233
722
272
953
434
784
669
468
757
820
806
518
1431
125
811
735
491
847
444
682
619
354
492
328
197
297
249
203
-310
161
75
-442
-43
-382
-868
-527
-741
-974
-1128
-1057
-903
-1250
-1590
-1561
-1880
-2123
-2024
-2074
-1971
-2073
-1978
-2004
-2191
-2043
-1990
-1855
-1702
-1575
-1347
-1127
-839
-647
-356
-141
105
293
436
755
990
1296
1463
1635
1688
1664
1634
1633
1595
1586
1647
1494
1411
1282
1145
1100
912
765
644
561
570
625
808
753
702
547
447
481
621
878
748
735
817
887
1044
966
912
1114
1031
1228
1120
702
1186
803
799
1149
708
557
919
487
766
511
326
474
247
39
-109
188
-149
-15
-552
-691
-962
-1028
-820
-1133
-967
-1564
-1587
-1755
-1802
-1693
-1835
-1676
-1927
-1858
-1911
-1807
-1705
-1613
-1399
-1319
-1073
-975
-685
-422
-166
195
412
613
791
1023
1265
1499
1738
1862
1999
1973
1938
1927
1917
1926
1823
1790
1643
1529
1343
1173
1052
858
774
692
582
643
813
763
726
483
293
432
452
770
674
837
760
673
630
388
878
740
640
701
438
574
457
317
443
-153
357
268
61
-94
-110
241
-482
75
-570
-570
-462
-1316
-585
-1355
-989
-1492
-1533
-1905
-2169
-2062
-2722
-2296
-3015
-2552
-2743
-2524
-2512
-2806
-2668
-2891
-2504
-2579
-2265
-2165
-1933
-1675
-1471
-1154
-953
-554
-270
45
262
589
883
1095
1397
1571
1768
1793
1743
1779
1725
1775
1786
1769
1647
1428
1287
1033
881
715
588
411
321
311
346
429
290
331
279
134
102
386
406
721
598
560
813
428
607
711
509
666
689
639
600
514
590
501
322
-15
225
296
-307
-333
-215
-415
-373
-890
-751
-1052
-1378
-1344
-1481
-1683
-1893
-1946
-2266
-2390
-2647
-2940
-2669
-2629
-2507
-2545
-2652
-2541
-2487
-2319
-2331
-2148
-1946
-1584
-1311
-932
-563
-275
86
245
475
723
1118
1474
1809
2093
2278
2336
2355
2321
2300
2306
2292
2253
2091
1916
1805
1674
1444
1183
918
730
668
660
610
668
591
361
123
-29
75
316
503
502
524
589
536
377
452
738
796
958
909
872
877
820
560
579
418
344
651
332
215
-474
-261
-423
-517
-814
-1249
-1294
-1512
-2019
-2285
-2184
-2495
-2835
-3387
-3557
-3403
-3063
-2823
-2867
-3034
-3183
-3149
-2902
-2589
-2224
-1783
-1452
-1281
-1056
-618
-46
428
777
1178
1423
1804
2275
2659
3015
3240
3261
3117
3030
3123
3350
3435
3290
2990
2587
2268
2136
1976
1860
1835
1536
1170
798
736
832
774
474
11
-25
181
560
649
672
654
416
398
508
783
1020
1259
1266
1055
896
1040
1142
1126
979
882
810
639
505
56
68
-118
-543
-996
-1108
-1445
-1783
-2257
-2724
-3067
-3450
-3724
-3985
-3655
-3229
-3019
-3363
-3862
-4137
-3914
-3382
-2711
-1976
-1502
-1263
-1351
-1379
-964
-112
796
1475
1773
2009
2256
2466
2758
3098
3438
3642
3686
3592
3608
3731
3736
3504
2953
2474
2194
2105
2035
1749
1485
1052
644
347
245
260
284
138
-253
-521
-519
-418
-383
-371
-378
-479
-529
-467
-274
-81
96
41
-202
-223
-167
-95
-203
-324
-436
-509
-671
-953
-1110
-1349
-1805
-2216
-2441
-2724
-3057
-3554
-4064
-4509
-4502
-4029
-3598
-3569
-4000
-4528
-4646
-4401
-3848
-3217
-2431
-1746
-1563
-1757
-1847
-1176
-156
752
1279
1730
2079
2243
2380
2582
3075
3571
3811
3798
3821
3891
3901
3778
3448
3117
2902
2802
2757
2496
2192
1785
1501
1182
854
654
582
522
250
-11
-180
-173
-237
-295
-328
-328
-243
-274
-278
-264
-212
-229
-414
-509
-472
-448
-572
-715
-829
-1050
-1305
-1642
-1828
-1926
-2154
-2559
-3030
-3512
-3951
-4179
-4374
-4260
-3773
-3262
-3306
-3931
-4495
-4515
-3850
-3003
-2225
-1505
-1080
-1173
-1555
-1433
-437
967
2071
2461
2481
2465
2497
2634
3176
3898
4499
4649
4363
3958
3707
3713
3768
3727
3484
3361
3247
3019
2567
2137
2067
1822
1344
955
991
1137
1128
622
50
-101
-28
83
126
307
331
1
-417
-711
-469
-83
60
-187
-585
-926
-1184
-1315
-1318
-1306
-1433
-1859
-2373
-2844
-3148
-3424
-3682
-4062
-4615
-5039
-5041
-4314
-3541
-3495
-4340
-5161
-5234
-4458
-3356
-2263
-1315
-991
-1496
-2194
-1917
-406
1503
2696
3100
2890
2509
2411
2924
4057
5244
5750
5473
4714
4118
4044
4454
4898
4939
4539
3984
3642
3325
2856
2690
2930
3066
2717
1946
1410
1344
1186
900
739
1062
1406
1181
558
177
291
394
405
441
525
499
105
-460
-756
-717
-596
-681
-884
-1268
-1848
-2460
-2899
-2941
-3127
-3366
-4019
-4588
-5238
-5497
-4881
-3774
-3194
-4092
-5465
-6025
-5140
-3719
-2462
-1652
-1287
-1723
-2610
-2679
-1129
1268
2862
2960
2254
1777
1791
2450
3769
5116
5743
5259
4243
3579
3607
4340
5101
5286
4648
3736
3185
3077
3094
3197
3333
3011
2281
1477
1243
1514
1661
1286
694
478
692
775
628
488
477
463
131
-141
-7
286
-23
-805
-1442
-1455
-1184
-1090
-1509
-2030
-2662
-3258
-3645
-3604
-3556
-3896
-4751
-5926
-6533
-6151
-4673
-3260
-3415
-5410
-7283
-7294
-5490
-3317
-1922
-1540
-2168
-3496
-4443
-3465
-470
2471
3197
1907
400
111
1026
2743
4663
5875
5481
3812
2413
2521
3863
5257
5780
5144
3681
2552
2379
2851
3440
3708
3440
2560
1604
1066
1439
2016
1993
1312
780
771
750
604
428
490
590
442
94
27
216
110
-530
-1109
-1021
-637
-601
-1108
-1857
-2341
-2780
-3071
-2965
-2766
-3203
-4406
-5673
-6303
-5708
-4084
-2481
-2631
-4807
-7377
-7686
-5291
-2443
-1106
-1308
-2340
-3891
-4911
-3750
-225
3119
3609
1449
-628
-693
1010
3151
5084
5945
5115
3107
1715
2318
4277
5934
6171
5065
3323
2197
2358
3444
4270
4282
3692
2578
1424
942
1593
2623
2774
1769
736
551
675
582
537
849
1110
692
-136
-627
-384
-145
-455
-945
-936
-769
-1076
-1949
-2541
-2470
-2308
-2528
-2847
-3103
-3838
-4830
-5637
-5451
-4464
-2982
-2252
-3420
-5960
-7575
-6236
-3252
-1214
-1110
-2038
-3351
-4494
-4305
-1824
1764
3640
2372
-281
-1367
36
2506
4556
5546
5267
3719
1942
1679
3508
5742
6608
5666
3908
2494
2232
3261
4551
5299
4777
3519
2056
1249
1675
3023
3974
3322
1726
565
491
745
1027
1544
1950
1423
168
-802
-737
384
839
285
-426
-889
-1292
-1827
-2024
-1673
-1293
-1662
-2623
-3322
-3624
-3884
-4201
-4359
-4343
-3843
-2888
-2608
-4154
-6352
-6756
-4361
-1513
-844
-2157
-3496
-3973
-3826
-2696
-91
2769
3007
308
-2018
-1024
2119
4459
5097
4688
3717
2322
1707
3125
5691
6969
6040
4103
2649
2479
3502
5075
6015
5355
3676
2166
1613
2035
3297
4387
4110
2238
277
-52
973
1931
1936
1618
1032
-56
-1303
-1399
-145
975
398
-1299
-2308
-2259
-2066
-2074
-2058
-1912
-2319
-3570
-4531
-4250
-3408
-3473
-4306
-5122
-5130
-4191
-3390
-3705
-5083
-6330
-6150
-4319
-2616
-2392
-3385
-4244
-4431
-3913
-2453
-263
1099
326
-1571
-2000
-61
2284
3303
3306
2912
2224
1690
2169
3834
5230
5162
3910
2906
2814
3431
4131
4681
4726
3989
3002
2204
2247
2996
3817
3789
2708
1379
835
1186
1724
1897
1632
1116
224
-734
-932
-284
444
241
-1046
-2253
-2443
-1991
-1694
-1680
-1714
-2304
-3378
-4105
-3901
-3176
-3078
-3920
-4852
-5384
-5252
-4225
-2917
-2877
-4776
-6691
-6394
-3936
-2074
-2278
-3326
-3969
-4062
-3680
-2276
-224
886
28
-1553
-1558
244
2077
2667
2540
2387
2253
2081
2433
3577
4360
4215
3686
3490
3429
3413
3647
4294
4549
4062
3497
3137
2948
2951
3558
4120
3615
2200
1303
1564
2255
2348
1959
1681
1099
56
-553
-7
972
852
-624
-1918
-2072
-1591
-1428
-1584
-1724
-2173
-3134
-4036
-3789
-3041
-2984
-3998
-4978
-5277
-4947
-3894
-2927
-3007
-4727
-6632
-6319
-3451
-1414
-2288
-4045
-4181
-3281
-2943
-2190
-311
970
-119
-1828
-1313
1059
2510
2254
2009
2379
2528
2272
2493
3461
4147
3966
3620
3480
3351
3192
3412
4148
4452
4002
3296
2866
2677
2728
3375
3972
3611
2148
1097
1359
2368
2535
2028
1679
1173
302
-363
240
1312
1327
-247
-1564
-1374
-697
-785
-1254
-1263
-1505
-2426
-3365
-3158
-2611
-2797
-3867
-4599
-4660
-4311
-3354
-2422
-2745
-5206
-6727
-5125
-1904
-1008
-3092
-4645
-3899
-2716
-2456
-1484
458
1008
-764
-2006
-231
2457
2933
2041
2119
3032
3173
2740
3033
4130
4610
4304
4012
4002
3748
3604
3920
4711
4991
4423
3579
2837
2672
3133
4251
4471
3180
1324
1018
1915
2587
2276
1632
1240
487
-469
-600
615
1357
248
-1741
-2255
-1375
-957
-1715
-2131
-1727
-1884
-3193
-3957
-3322
-2574
-3213
-4359
-4566
-4450
-3981
-3034
-2306
-3675
-6057
-6248
-3413
-1189
-2150
-4365
-4824
-3244
-2267
-2275
-1743
-361
-160
-1419
-1655
554
2336
1670
701
1657
2970
2617
1709
2375
3670
3860
3404
3328
3369
2895
2904
3762
4635
4139
3268
2847
2933
3002
3316
4090
3799
2198
928
1480
2460
2389
1355
940
1008
357
-607
-449
483
402
-1013
-2122
-2060
-1563
-1834
-2593
-2614
-2182
-2758
-4280
-4561
-3664
-3144
-4287
-5479
-5078
-4425
-4327
-3698
-3112
-4789
-6823
-5844
-2395
-1107
-3255
-5064
-3887
-1891
-1870
-2277
-1107
213
-219
-1348
-647
1395
2132
1347
1345
2570
3020
2219
1799
2957
4126
4038
3349
2984
2919
2904
3404
4235
4525
3744
2955
2925
3102
3134
3554
4197
3614
2055
1459
2229
3004
2571
1726
1611
1623
660
-270
389
1489
1068
-753
-1783
-1353
-775
-1389
-2151
-1861
-1874
-3178
-4180
-3682
-3136
-3778
-4470
-4575
-5017
-5321
-4194
-2647
-3552
-6246
-6972
-4743
-2140
-2026
-4178
-5367
-3745
-1876
-2137
-2585
-1124
315
-624
-1738
-161
2179
2069
914
1657
3310
3173
1979
2246
3766
4425
3937
3605
3414
3086
3192
4228
5014
4329
3328
3197
3478
3152
3078
3865
4349
3169
1512
1482
2637
3050
2089
1410
1711
1417
251
-239
1005
1892
658
-1203
-1508
-608
-544
-1383
-1705
-1147
-1775
-3138
-3730
-3216
-2451
-3059
-4589
-5073
-4531
-3863
-3464
-3346
-4257
-6346
-6188
-3243
-1249
-3239
-5569
-4603
-2050
-1829
-3043
-2198
-331
-64
-1183
-1019
702
1683
1305
1580
2753
3377
2600
2059
3306
4668
4644
3918
3619
3621
3668
4009
4829
5252
4387
3699
3735
3856
3529
3567
4323
4320
3016
1742
2052
2964
2973
1983
1718
1871
1056
111
371
1555
1605
39
-1306
-1157
-442
-654
-1329
-1250
-1262
-2443
-3477
-3123
-2555
-2804
-3709
-4323
-4474
-4174
-2899
-2643
-4032
-5957
-5947
-3290
-1401
-2902
-5267
-4920
-2515
-1732
-3022
-2871
-1034
-398
-1303
-1544
-66
1219
940
851
2002
2736
2006
1472
2515
4035
4083
3412
3047
2968
3084
3402
3991
4113
3838
3535
3598
3213
2742
3070
4206
4207
2521
1287
1686
2427
2258
1749
1408
1282
545
-219
24
1003
856
-588
-1635
-1430
-1072
-1439
-2009
-1918
-1605
-2585
-4021
-4204
-3386
-3297
-4210
-4936
-5188
-4330
-3067
-3495
-5386
-6521
-5325
-2888
-2016
-4152
-5768
-4446
-2300
-2251
-3281
-2533
-1000
-798
-1752
-1358
259
939
493
915
2125
2075
1204
1375
2975
3876
3325
2753
2961
3177
3207
3628
4013
3925
3454
3499
3637
3110
2684
3276
4192
3611
2130
1588
2356
2781
2273
1739
1703
1549
746
337
859
1298
651
-457
-815
-652
-889
-1379
-1514
-1333
-1900
-3180
-3817
-3143
-2826
-3984
-4809
-4739
-4333
-3791
-3376
-3942
-5753
-6396
-4448
-2101
-2588
-4928
-5312
-3130
-1874
-2927
-3134
-1537
-411
-1049
-1602
-476
770
896
897
1857
2503
1854
1350
2405
3848
3904
3214
2944
3160
3264
3400
3846
3993
3539
3592
3881
3484
2551
2636
3945
4523
3137
1594
1799
2855
2933
2125
1909
1970
1344
627
810
1657
1487
200
-473
-198
-257
-1019
-1256
-949
-1246
-2499
-3550
-3612
-2975
-3130
-4365
-5264
-4982
-3641
-2875
-4215
-6679
-6713
-4263
-2121
-3069
-5511
-5540
-3322
-2090
-3122
-3306
-1707
-580
-1323
-1791
-517
874
954
846
1828
2428
1769
1404
2641
4089
4056
3204
3158
3467
3532
3848
4270
4232
3572
3471
4362
4235
3015
2484
3694
4470
3441
2062
2051
2970
2892
2343
2485
2673
1681
689
1314
2339
2003
606
-94
331
472
-251
-627
-148
-292
-1814
-2950
-2702
-2237
-2937
-4201
-4456
-3249
-2277
-3152
-5581
-6877
-5012
-2207
-2087
-4590
-5810
-4311
-2500
-2700
-3486
-2365
-920
-1137
-2014
-1478
34
609
826
1636
2105
1336
975
2241
3642
3949
3448
3194
2988
2937
3519
4373
4300
3267
2899
3396
3959
3618
3035
3135
3180
2715
2348
2744
2750
1981
1603
2065
2263
1450
638
796
1702
1568
231
-389
-76
78
-738
-1181
-902
-1153
-2306
-3190
-2822
-2354
-3165
-4818
-4491
-2458
-1955
-4669
-7349
-6326
-2991
-2103
-4581
-6102
-4846
-3157
-3522
-4095
-3062
-1681
-1823
-2648
-2068
-613
-290
-472
494
1605
1107
86
717
2400
3049
2615
2524
2569
2182
2256
3339
3934
3036
2262
2603
2766
2467
2747
3728
3607
1817
695
2006
3521
2730
1229
1335
2238
1558
379
630
1918
1899
221
-754
-57
401
-366
-769
-429
-625
-2129
-3333
-2868
-2015
-2735
-4139
-3818
-2410
-2828
-5147
-6307
-4722
-2340
-2725
-4843
-5289
-3944
-3204
-3450
-3094
-2037
-1629
-2207
-2251
-1168
-329
-79
363
1049
932
352
734
1838
2576
2654
2554
2315
1967
2038
2974
3808
3308
2328
2243
2718
2439
2008
2327
3527
3769
2070
925
1481
2537
2652
2475
2194
1755
1028
765
1660
2435
1951
569
271
535
197
-168
30
89
-795
-2362
-3095
-2586
-2477
-2831
-2508
-2117
-3182
-5143
-5594
-4043
-2420
-2293
-3447
-4807
-5094
-4182
-2603
-1492
-1787
-2278
-2275
-2044
-1584
-573
528
1191
1006
383
149
495
1761
2771
2939
2286
1441
1255
1716
2423
3149
3252
2324
1384
1150
1742
2268
2414
2355
2158
1646
929
965
2135
2856
2411
1636
1072
1056
1505
2142
2374
2132
1332
653
606
826
949
1052
735
-449
-1693
-2162
-1784
-1525
-1536
-1618
-1872
-2476
-3949
-4630
-3442
-1773
-1582
-3004
-4491
-4375
-3125
-2372
-1848
-1374
-1246
-1850
-1975
-1186
-75
712
984
1026
744
389
474
1680
2861
3005
2528
1772
1326
1547
2362
3080
2937
2088
1384
1175
1349
1770
2156
2267
1472
607
456
1506
2272
2076
1499
1089
1381
1457
1548
1735
2333
2109
1343
881
1044
1211
1075
1230
853
-46
-1346
-1771
-1288
-905
-1259
-1937
-2194
-2454
-3315
-3910
-3218
-1985
-1821
-3179
-4157
-3600
-2719
-2077
-1711
-1429
-1515
-1844
-1664
-771
47
517
917
776
386
154
923
1842
2036
1871
1611
1251
760
905
1717
2417
1762
815
408
631
802
724
875
996
383
-666
-820
256
1186
1056
184
-224
212
506
752
1156
1409
988
609
743
978
945
788
921
621
-331
-1257
-1391
-897
-1046
-1440
-1825
-1852
-2158
-3145
-3634
-3073
-1936
-2191
-3170
-3771
-3397
-2794
-2279
-1695
-1691
-1869
-1979
-1399
-734
-394
52
515
539
47
55
764
1457
1561
1432
1406
1118
849
1097
1798
2106
1432
648
507
661
664
536
714
667
69
-655
-661
-299
370
647
516
367
-446
-483
325
1701
1782
1141
555
570
972
1185
1452
1428
1244
122
-604
-722
-365
-170
-393
-962
-1342
-1289
-2053
-2887
-2613
-1420
-1151
-2074
-3238
-3327
-2494
-1795
-1208
-1162
-1411
-1738
-1464
-846
-226
481
760
644
198
325
696
1339
1631
1717
1746
1201
615
645
1542
1920
1471
697
423
277
195
238
571
666
46
-767
-1043
-508
48
237
-90
-285
-502
-63
375
709
650
732
1191
1248
1144
969
1400
1620
1553
1191
704
255
-48
28
18
-72
-604
-763
-590
-1351
-2302
-2396
-1311
-895
-1693
-2509
-2770
-2316
-1745
-1291
-1234
-1263
-1412
-1208
-764
-421
105
461
593
502
338
689
1078
1346
1574
1673
1459
852
783
1252
1688
1457
1074
674
515
576
483
616
623
362
-229
-582
-395
-262
-221
61
21
-381
-742
-474
206
1261
1295
875
534
550
1319
1881
2335
1912
1596
1200
1259
1666
1592
1248
605
528
27
59
578
653
-180
-1563
-1655
-877
-389
-967
-1395
-1604
-1860
-1598
-1323
-983
-967
-955
-854
-672
-642
-558
-34
478
480
296
396
413
632
1064
1533
1375
858
534
850
1124
1133
989
763
721
244
38
134
521
309
-168
-329
-380
-624
-704
-345
33
121
-442
-749
-586
-70
311
577
765
733
460
517
1057
1498
1767
1572
1310
963
804
953
1290
1201
535
-30
-371
-493
-113
788
126
-1888
-2903
-2078
-853
-808
-1649
-2518
-2547
-2298
-2266
-2058
-1557
-1497
-1778
-1615
-1550
-1363
-987
-437
2
174
-23
-470
-422
323
1099
1100
700
314
221
418
862
892
676
526
209
-239
-246
85
136
64
-243
-594
-844
-798
-702
-434
-205
-257
-521
-811
-786
-487
160
480
423
215
253
512
930
1381
1479
1634
1606
1616
1460
1266
1299
1362
1399
873
357
-390
-870
-901
305
971
-697
-2899
-3494
-2054
-940
-869
-2003
-2973
-3259
-2995
-2451
-1770
-1220
-1556
-1675
-1744
-1695
-1241
-399
267
545
636
224
-277
48
1228
2074
2091
1386
593
459
953
1455
1675
1705
1126
218
-168
228
601
725
519
110
-306
-776
-941
-663
117
216
-230
-787
-1040
-124
278
378
78
218
543
663
807
876
1470
1542
1650
1536
1603
1653
1719
1950
1674
1491
954
563
91
-275
-655
-1115
-1206
-671
-604
-2225
-3729
-3605
-2442
-1629
-1763
-2951
-3696
-3514
-2944
-2225
-1463
-1207
-1700
-1580
-1339
-782
-131
500
754
1082
1339
896
838
1332
2345
2650
2513
1860
1274
1399
1695
2039
2067
1876
1035
455
356
607
786
654
204
-304
-473
-816
-871
-593
-265
-256
-609
-836
-660
-223
101
285
534
639
535
682
1032
1471
1734
1866
1822
1826
1833
1897
1948
2230
2292
1945
1417
781
513
356
31
-500
-1231
-1656
-1793
-1381
-1346
-2245
-3448
-3725
-3046
-2383
-1980
-2462
-3055
-3013
-2320
-1703
-1135
-760
-714
-308
121
478
970
1551
1804
2233
2680
2547
2272
2468
2884
3264
3352
2894
2368
2133
2031
1958
1920
1735
1111
471
96
-92
-132
-290
-626
-870
-1110
-1428
-1657
-1564
-1426
-1262
-1213
-1204
-1439
-604
173
-54
-115
-368
470
1249
1643
1219
1351
1606
1491
2058
1881
1908
1587
1351
1096
1173
1147
478
246
-528
-860
-1217
-1719
-2379
-2892
-2880
-2779
-2426
-3523
-4563
-4710
-4132
-2887
-2320
-2489
-3229
-3270
-2523
-1512
-429
59
250
406
772
1205
1858
2595
2857
3158
3091
2944
2610
2492
2777
2932
3148
2457
1612
837
568
526
446
286
-496
-1164
-1753
-2015
-2050
-1966
-2070
-2200
-2307
-2680
-2728
-2642
-2265
-1755
-1304
-1094
-1095
-92
197
284
448
767
1859
2529
2512
1928
2192
2022
2396
2765
2479
2185
1433
1030
760
1099
539
-70
-834
-1666
-1913
-2527
-3005
-3532
-3625
-3978
-3588
-3282
-3880
-4352
-4586
-3795
-2424
-1320
-1482
-1947
-1688
-692
579
1533
1952
2128
2494
2747
3055
3557
3936
3947
4006
3940
3684
3059
2501
2236
2307
2334
1494
412
-518
-861
-1146
-1233
-1416
-1923
-2444
-3097
-3358
-3219
-2723
-2564
-2334
-2328
-2348
-2190
-1845
-1228
-540
239
942
1954
1764
1327
1290
2163
3485
4139
3802
2848
2546
1995
2488
2755
2687
2042
1182
258
-374
-452
-978
-1049
-1798
-2286
-3185
-4093
-4732
-4787
-4328
-4167
-3394
-3301
-3713
-4579
-4381
-2957
-876
522
222
-347
-315
741
1969
3391
4066
4156
3972
3582
3569
3994
4417
4314
4187
3652
2798
1655
906
605
861
811
-169
-1486
-2606
-2995
-3066
-2691
-2521
-2647
-3269
-3799
-3792
-3048
-2171
-1633
-1073
-868
-625
-516
-102
729
1765
3436
4289
3630
2698
2346
3212
4704
5509
4781
4066
2837
1825
2092
2164
2223
1712
652
-691
-1456
-2168
-2358
-2215
-2525
-2812
-3828
-5038
-5803
-5642
-4713
-3112
-1869
-2074
-3042
-3983
-3271
-693
1730
2630
2245
1759
1778
2555
3685
4805
5588
5592
4958
4124
3522
3272
3245
3441
3505
2852
1252
-509
-1688
-1699
-1031
-1003
-1731
-2997
-4073
-4754
-4462
-3576
-2872
-2460
-2758
-3089
-3011
-2302
-1433
-240
832
1407
1494
1205
1465
2300
4451
5579
5161
4114
3190
3343
4091
4564
4018
3628
2062
863
405
-192
-303
-530
-1101
-1975
-2730
-4178
-4720
-4763
-4753
-4255
-4585
-5445
-6415
-6456
-5362
-2718
-1143
-1786
-2709
-2882
-1137
1110
2554
2865
3038
3115
3172
3817
4121
4474
4738
4688
4271
3529
2345
1339
901
828
967
273
-1351
-2960
-3860
-3905
-3625
-3547
-3804
-4211
-4719
-5099
-4567
-3650
-2731
-2071
-1662
-1130
-672
-292
257
1475
2557
3409
4081
4163
4017
3901
4106
4773
5310
4919
4139
3267
2380
1946
1520
1055
584
-229
-1375
-2223
-2927
-3486
-3745
-4044
-4380
-4907
-5818
-6378
-6134
-6006
-5753
-4889
-3442
-1842
-1465
-2502
-2615
-1001
1286
3361
4103
3678
3146
3189
3774
4928
5690
5534
4851
3808
2962
2407
1822
1163
730
300
-421
-1681
-3288
-4266
-4279
-3865
-3636
-3723
-4255
-4741
-4839
-4321
-3063
-1736
-962
-633
-301
228
971
1774
2805
3782
4511
5145
5181
4814
4593
4673
5043
5542
5158
4029
2793
1678
1250
1035
576
-141
-1061
-2164
-3105
-3741
-4280
-4403
-4573
-4890
-5492
-6225
-6676
-6596
-6210
-5613
-4151
-2135
-621
-1156
-2524
-2028
329
2946
4668
5017
4324
3594
3402
4160
5420
5974
5584
4510
3229
2318
1520
632
135
-24
-405
-1288
-2840
-4416
-5145
-4864
-4155
-3512
-3428
-3896
-4340
-4300
-3379
-1767
-292
525
982
1374
1901
2416
3013
3907
5101
6095
6456
5978
5125
4777
4897
5240
5228
4743
3499
1856
792
311
-148
-649
-1300
-2165
-3033
-3891
-4646
-4931
-4910
-5098
-5358
-5910
-6545
-6705
-6210
-5130
-3780
-1815
203
38
-1450
-1266
1131
3800
5410
5791
5410
4717
4156
4596
5574
5948
5591
4787
3506
2279
1215
111
-586
-573
-693
-1448
-2868
-4357
-5042
-4976
-4276
-3376
-2877
-2965
-3092
-3030
-2451
-1035
498
1645
2305
2785
3134
3278
3480
4364
5953
6793
6580
6018
5060
4057
3843
4005
4122
3947
2499
648
-607
-1457
-1885
-2068
-2469
-2953
-3777
-4997
-5764
-6081
-6235
-6259
-6586
-6818
-6626
-6037
-5320
-4590
-2888
-496
142
-1012
-775
1469
3661
4669
5056
5317
4997
4206
4186
4952
4911
4147
3407
2470
1282
259
-788
-1793
-2368
-2522
-2757
-3608
-4787
-5315
-5232
-4791
-3809
-2940
-2663
-2539
-2327
-1802
-596
978
2085
2541
2979
3608
3866
4072
5030
6308
6559
5523
4304
3908
3868
3411
3062
2688
1634
218
-1050
-1984
-2461
-2948
-3739
-4062
-4302
-5043
-6009
-6826
-7125
-7004
-7246
-7042
-5865
-5267
-5187
-4459
-2339
510
1313
-32
44
2316
4251
5170
5665
5854
5273
4212
4150
5071
4787
3263
2467
1772
858
-228
-1419
-2354
-3114
-3473
-3349
-3806
-4702
-5043
-4944
-4172
-2824
-1815
-1468
-1168
-889
-155
1157
2656
3814
4149
4289
4757
5602
6335
6383
5805
5233
4797
4398
4491
3754
2239
1045
279
-126
-757
-2001
-3096
-3531
-4052
-4496
-4597
-4821
-5517
-6394
-6874
-6752
-6523
-6548
-5936
-4765
-3939
-3257
-1645
1046
2237
1038
438
2594
5288
6043
5746
5734
5532
4306
3577
4278
4460
3004
1402
629
-97
-1405
-2730
-3332
-3572
-3738
-3586
-3799
-4547
-4888
-4498
-3569
-2253
-888
-106
160
566
1571
2876
3896
4702
5224
5371
6153
7527
7334
5996
4838
4369
4850
4914
3558
2259
906
-939
-1306
-1116
-1923
-2867
-3959
-4690
-4525
-4757
-5428
-5413
-5612
-6139
-6238
-6186
-5936
-5706
-4933
-3227
-1629
-1007
495
2938
3390
2215
2365
4712
6723
6453
5650
5915
5424
3620
3132
3933
3555
1544
40
-281
-1262
-3009
-3897
-3848
-4109
-4213
-3928
-3954
-4241
-4009
-2927
-1650
-691
490
1677
2219
2692
3737
4782
5464
6024
6632
8015
8902
7599
5916
5202
4966
5197
5073
3574
2170
671
-1214
-1682
-1723
-2433
-3188
-3947
-4555
-4672
-5446
-6171
-5863
-5499
-5418
-5827
-6558
-6728
-6165
-5074
-3249
-1394
-681
-51
1856
3505
3238
2511
3834
6181
6917
6026
5589
5367
3815
2307
2744
3509
1946
-676
-1762
-2104
-3511
-4838
-4657
-4263
-4739
-5234
-4744
-4332
-4751
-4295
-2360
-494
441
1127
1919
2648
3323
4279
5560
6419
7159
8107
8129
6902
5369
4487
4963
5478
4449
2795
1111
-759
-1770
-2102
-2564
-2757
-3456
-4725
-5265
-5593
-6139
-6218
-6045
-5850
-5734
-6396
-7322
-7732
-7603
-6014
-3585
-1858
-914
-567
426
2278
3013
2680
3571
5388
6314
5986
5234
4938
4106
2584
2295
2957
2052
-492
-2426
-3069
-3694
-4920
-5295
-4682
-4874
-5713
-5544
-4646
-4242
-4009
-2756
-607
858
1272
1968
2977
3532
4078
5314
6967
8414
8783
7905
6912
5942
5036
5222
5512
4630
2912
982
-601
-1210
-1731
-2535
-2637
-2849
-3777
-4750
-5459
-5868
-5846
-5687
-5315
-5101
-5966
-7294
-8034
-7980
-7027
-4730
-2114
-528
-185
293
1736
2550
2390
3233
5648
7293
6579
5287
5107
4722
3185
2616
3546
3195
461
-2042
-2681
-3193
-4634
-5195
-4103
-3752
-5064
-5790
-5006
-4309
-4214
-3062
-426
1495
1585
1669
2689
3506
3936
5455
7862
9685
9272
7267
6304
6221
5637
5404
5611
4567
2633
429
-1061
-1107
-1449
-2424
-2419
-2135
-3118
-4543
-5579
-5658
-4900
-4610
-4674
-4544
-5511
-7569
-9045
-8889
-7074
-4410
-2126
-580
-153
23
876
1668
2140
3389
5617
7137
6722
5287
4644
4297
3230
2835
3552
3151
466
-2308
-3180
-3330
-4278
-4788
-3827
-3448
-4717
-5814
-5197
-3991
-3350
-1994
590
2629
2599
2195
3007
4107
5046
6747
9128
10745
9665
7091
6097
6223
5768
5358
5098
4005
2014
-162
-1394
-1218
-1618
-2558
-2456
-2091
-2752
-4172
-5140
-4603
-3463
-3182
-3405
-3589
-4846
-6704
-7719
-7256
-6202
-5305
-3427
-320
1691
1191
175
528
1980
3377
4741
6523
7146
5487
3742
3828
4226
3364
2117
1654
1063
-873
-2968
-3770
-3793
-4284
-4482
-3849
-3574
-4474
-5423
-4708
-2845
-1197
281
1871
2820
2743
2657
3612
5674
7371
8518
9912
9815
7980
6278
5281
5195
5313
4181
2883
1877
-174
-1794
-2137
-2373
-2506
-2765
-3129
-3106
-3512
-4690
-5057
-4286
-3566
-3573
-4251
-5279
-6327
-7208
-7742
-7202
-6236
-4965
-2336
104
1109
906
140
7
1320
3605
5949
6856
5472
3846
3528
3493
2809
1999
1546
704
-1074
-2731
-3331
-4016
-5210
-5542
-4604
-3919
-4738
-5803
-5401
-3898
-2438
-778
1335
2558
2283
1871
2975
5411
6976
7853
9557
9981
8301
6396
5066
4805
4924
3682
2837
2407
164
-2122
-2729
-2822
-2771
-2866
-3168
-2856
-2974
-4220
-4602
-3800
-3123
-3258
-3921
-4651
-5419
-6738
-7487
-6819
-6185
-6214
-4832
-581
2188
781
-1528
-584
2248
3644
3999
5862
7275
4868
1719
2696
5112
3747
315
-354
1080
-303
-3961
-4888
-3348
-3671
-5222
-4699
-2830
-3483
-6038
-5506
-1440
1180
744
925
2748
3375
2634
4078
7419
9176
9015
8409
8623
8140
5367
3478
4711
5054
3063
1394
389
-653
-2004
-3308
-2722
-1382
-1903
-3010
-2652
-2295
-2968
-3757
-3179
-2120
-2422
-3862
-5113
-5022
-5009
-5652
-5724
-5603
-6507
-6181
-3256
423
1926
361
-1358
-178
2177
3429
4058
4328
4282
3943
3843
4032
3468
1206
-587
-508
43
-511
-2132
-3420
-3638
-3412
-3472
-3370
-3582
-3948
-3535
-1914
215
1377
1381
1345
2120
3471
5238
6650
7559
8649
8922
8252
7424
6000
4408
3816
3450
2940
2411
724
-1004
-1604
-2093
-2506
-2387
-2300
-2103
-1834
-1950
-2202
-2367
-2578
-2680
-2825
-3268
-4039
-4690
-4992
-4961
-5327
-6617
-8061
-7448
-3904
417
2496
1668
78
240
1854
3460
4578
4942
5184
5320
5500
5186
3713
1162
-867
-870
69
-27
-1696
-3394
-4077
-3994
-4011
-4145
-4193
-4201
-3565
-1719
611
1928
1996
1921
2846
4427
6079
7467
8508
9686
10256
9573
8453
6777
4630
3544
3485
3249
2560
837
-1236
-1915
-2269
-3009
-3234
-2798
-2262
-1708
-1468
-1598
-2230
-2904
-3192
-3027
-2718
-3451
-4641
-5334
-5740
-6233
-6935
-8141
-8632
-6442
-1723
2779
3532
802
-1181
244
2901
4250
4513
5060
5874
5758
5141
4257
2006
-1367
-2957
-1438
343
-786
-3693
-5045
-4679
-4845
-5662
-5591
-4815
-4117
-3093
-629
1905
2059
720
952
3506
6345
7545
8044
9348
10364
9485
8039
6814
5088
3242
2532
2934
3024
1201
-1666
-2665
-2472
-3009
-3740
-3439
-2524
-1641
-1506
-1778
-2097
-3250
-4187
-3913
-3223
-3564
-4834
-6186
-6324
-6430
-7802
-9249
-9960
-8576
-3942
1555
3983
2350
-716
-864
1876
3713
4003
4649
6081
6858
6411
4990
2759
-626
-3245
-2231
423
323
-2614
-5010
-5208
-5074
-6262
-6858
-5849
-4620
-3446
-1129
1507
2166
749
244
2768
6273
7973
8257
9212
10725
10592
8946
7430
5808
3877
2893
3258
3539
2292
-674
-2327
-1914
-2018
-3172
-3482
-2483
-1149
-461
-853
-1600
-2844
-3948
-3927
-3118
-3126
-4412
-5794
-6069
-6059
-7274
-8988
-10511
-10643
-7414
-1185
3789
4075
730
-1006
1030
3319
3564
3883
5778
7622
7862
6803
4938
1346
-2670
-3191
-223
1388
-910
-4075
-4710
-4267
-5556
-7245
-6913
-5326
-3929
-2034
810
2431
1257
-231
1301
4824
7225
7716
8378
10195
11262
10094
8127
6529
4670
3348
3403
3827
3192
904
-1429
-1723
-1225
-2093
-3187
-2832
-1426
-92
82
-798
-1815
-2972
-3441
-2987
-2894
-3803
-4835
-5479
-5715
-5998
-7718
-9915
-11567
-11386
-7444
-767
3664
3510
870
-272
1398
2665
2709
3636
6376
8635
8979
7421
4483
630
-2523
-1914
1031
1693
-1008
-3495
-3604
-3384
-5035
-6924
-6561
-4858
-3141
-922
1620
2642
1467
535
2520
5768
7443
7669
8740
11075
11980
10092
7585
5812
4499
3731
3714
3888
3088
806
-1131
-961
-765
-2182
-3330
-2667
-882
339
223
-602
-1242
-1966
-2558
-2576
-3176
-4074
-4978
-5251
-4926
-5448
-7598
-9902
-11491
-11505
-7724
-1459
3505
3903
1446
337
1505
1988
1591
3217
6676
9118
8754
7094
4592
784
-2582
-2230
397
512
-2177
-3787
-2798
-2544
-4770
-6792
-6289
-4728
-3483
-1375
1511
2866
1746
1071
2892
5426
6451
6865
8324
10569
10966
8910
6898
5756
4599
3474
2971
2548
1673
-82
-1231
-759
-625
-2077
-3453
-3052
-1588
-540
-538
-1056
-1384
-1643
-2335
-2888
-3569
-4496
-5029
-5433
-5781
-6242
-7897
-9759
-10869
-11658
-10102
-5282
445
3302
2159
-4
22
1082
1206
2358
5099
7548
7766
6561
5414
3269
-200
-2396
-1599
-901
-2017
-3246
-2392
-1561
-3461
-6135
-6839
-5553
-4455
-3039
-608
1672
1950
1304
2288
4634
6409
6856
7451
9150
10701
10068
8456
7540
6137
4150
2681
2131
1957
799
-1121
-1672
-1246
-1639
-2603
-2893
-2348
-1636
-1359
-1234
-891
-907
-1728
-2404
-2867
-3380
-4148
-5349
-6226
-6560
-7114
-8099
-9518
-11344
-11604
-7975
-1327
3530
3235
1
-1305
478
2419
3693
4736
5611
5937
6444
7873
7338
2812
-2414
-3541
-1149
262
-732
-2251
-3214
-4301
-5161
-4743
-4005
-4629
-5348
-3434
668
3427
3081
1895
2394
4516
6796
8328
9165
9611
9223
8555
8790
8506
6156
3232
1685
2104
2808
1335
-919
-1917
-1992
-2009
-2010
-2065
-2272
-2436
-2313
-1306
-508
-1133
-2682
-3547
-3246
-3165
-3822
-5218
-6373
-6495
-6754
-7810
-9184
-10998
-10896
-6431
-194
3484
2384
-1120
-1708
778
2688
3493
3984
4302
5310
6982
8200
6812
2086
-2298
-1978
548
1234
-97
-1757
-2364
-2488
-2825
-3131
-3739
-5142
-5268
-2740
698
2433
1773
756
1647
3848
5804
6999
7572
8371
8866
9210
9817
9122
6737
4380
3633
4528
4730
2596
298
-514
-592
-599
-990
-2091
-2672
-2591
-2054
-1174
-1411
-2693
-3890
-3999
-3327
-3399
-4367
-5323
-5932
-5903
-6053
-7290
-8807
-10190
-10064
-5859
-197
2933
2361
-531
-1269
703
2274
2882
3055
3292
4573
6991
8486
7237
3203
-854
-868
1436
2209
1263
-225
-645
-104
-171
-1241
-2937
-4895
-5407
-3377
-363
1235
734
-300
143
2018
3554
4111
4518
5636
7005
8257
9507
9090
7126
5332
4730
5552
5646
3720
1725
1000
961
960
23
-1930
-3144
-3214
-2662
-2008
-2481
-3552
-4495
-4901
-4635
-4475
-5268
-6411
-6764
-6437
-6341
-7155
-8331
-9343
-9971
-8574
-4204
140
1612
-106
-1925
-908
741
1304
1229
1081
1862
3994
6588
7621
5501
1634
-165
1347
2862
2438
1055
538
1500
2059
1215
-553
-2949
-4684
-4558
-2830
-850
-459
-1290
-1474
-243
1056
1239
988
1655
3144
4748
6748
8007
7350
5974
4956
5237
5743
4513
2866
2403
2759
3194
2807
927
-1262
-2196
-2297
-2003
-2095
-2846
-3543
-3950
-3980
-4064
-4773
-6162
-7054
-6746
-6261
-6556
-7523
-8194
-8933
-9431
-8659
-6210
-3056
-1604
-1752
-2054
-1472
-414
-219
-418
-547
606
2900
5314
7008
6407
4548
3379
3871
4528
4040
3229
3303
4247
4753
4093
2350
233
-1526
-2401
-2294
-1716
-1474
-1817
-1852
-973
65
90
-510
-270
404
1647
3714
4960
5363
5201
4722
5089
5309
4397
3725
3612
3628
4433
4686
3319
1671
579
27
-325
-1160
-2150
-2592
-2962
-3259
-3438
-4448
-6017
-6941
-7055
-7393
-7987
-8601
-9417
-10093
-10439
-10024
-7807
-5176
-3750
-2987
-3533
-3300
-1456
-519
-127
-141
615
3152
6217
8209
7811
6128
5534
6779
7460
6018
4894
5035
5582
5565
4369
2868
1343
-498
-1948
-2405
-2065
-1761
-2132
-2715
-2305
-886
-266
-550
-770
-753
737
2838
3673
3850
3653
3917
5055
5378
4496
4027
4083
4065
4518
4507
4021
3254
2212
1507
935
75
-1109
-2073
-2840
-3253
-3292
-4084
-5619
-6930
-7525
-8059
-8791
-9537
-10466
-11064
-11000
-10338
-8088
-5476
-4054
-3530
-3879
-3002
-987
357
1023
1688
3236
5939
8568
9659
9162
7995
7141
7456
7824
7037
6542
6271
5835
5622
4612
2769
615
-1773
-3022
-2699
-2176
-2506
-3090
-3053
-1886
-392
-326
-757
-818
-458
1098
2494
3083
3668
3576
4075
5118
4908
4300
3935
3781
3916
4908
5288
4295
3110
2249
1530
928
-145
-1674
-2809
-3192
-3267
-3836
-5027
-6782
-7780
-8268
-8689
-9420
-9928
-10997
-11496
-13170
-12403
-8575
-6031
-3893
-2724
-2477
-2367
65
1374
1726
3227
5579
7714
9668
10418
9168
8029
7893
8052
7508
5938
4555
3700
3225
2922
2019
202
-2431
-4476
-5359
-5307
-4920
-4904
-4876
-4274
-2642
-1298
-1095
-1236
-935
424
2297
3760
4661
5145
5569
6435
7203
6622
5476
4634
4169
4288
4631
4415
3210
1449
286
-436
-1805
-3455
-4578
-5096
-5143
-4948
-5582
-6940
-8108
-8735
-8791
-9179
-9781
-10355
-10874
-10988
-10685
-9322
-6351
-3272
-1636
-1051
-1060
301
2172
2735
2985
3607
5752
8223
9862
10108
8939
7505
6520
6205
5485
4224
3408
2803
2438
2036
1002
-716
-2923
-4719
-5306
-4981
-4614
-4512
-4446
-3579
-1493
63
-4
-146
158
1287
3227
4701
5700
6225
6448
6920
7206
6462
5227
4439
4062
4222
4427
3870
2518
848
-102
-828
-1963
-3385
-4573
-4965
-4912
-4622
-5092
-6369
-7309
-7739
-7889
-8397
-8847
-9493
-9888
-9885
-9590
-8553
-6345
-3544
-1506
-513
-821
45
1774
2535
2916
3632
5251
7428
8985
9272
8422
7269
6357
5762
4980
4096
3591
2861
2534
2302
1546
19
-2183
-3898
-4518
-4403
-4110
-3980
-3991
-3326
-1770
-359
-258
-293
276
1098
2812
4265
5202
5754
6008
6545
6965
6600
5532
4804
4183
4002
4276
3812
2788
1343
379
-229
-1302
-2551
-3646
-4158
-4282
-4224
-4527
-5511
-6280
-6717
-6930
-7470
-8194
-8435
-8811
-9060
-8812
-8587
-7571
-4849
-2304
-577
-262
-288
933
1961
2705
3193
4005
5642
7708
9033
8872
8173
7207
6480
6074
5142
4518
3949
3105
2875
2696
1951
364
-1735
-3312
-3911
-3847
-3694
-3670
-3481
-2540
-919
-93
-102
312
478
1497
3127
4169
5089
5463
6003
6755
6811
6117
5256
4444
3739
3962
4225
3783
2769
1417
768
-39
-1239
-2464
-3551
-3927
-3989
-3949
-4525
-5412
-6131
-6657
-7120
-7748
-8128
-8893
-9395
-9312
-9248
-8868
-7186
-4351
-2119
-923
-1094
-439
973
1581
2165
2630
3841
6034
7830
8706
8331
7540
6695
6093
5402
4642
4175
3221
2772
2764
2292
1260
-586
-2395
-3572
-4013
-4090
-4104
-4317
-3915
-2537
-1292
-1088
-919
-614
-306
1073
2325
3320
3998
4280
5265
5861
5738
4976
4170
3552
3427
4001
4004
3451
2169
1246
698
-480
-1583
-2875
-3576
-3754
-3861
-4147
-5190
-5981
-6554
-7013
-7743
-8481
-9009
-9784
-10066
-10074
-9906
-9102
-6662
-4072
-2413
-1778
-1847
-549
804
1485
2089
2633
4286
6624
8276
8547
7941
7394
6738
6301
5545
4870
4229
3352
3313
3312
2566
951
-1064
-2628
-3520
-3795
-3944
-4197
-4184
-3288
-1726
-928
-1011
-997
-953
-166
1217
2225
2970
3390
4181
5198
5624
5243
4498
3927
3658
4120
4557
4335
3535
2611
2222
1458
343
-954
-2273
-2827
-2972
-3039
-3767
-4928
-5721
-6212
-6753
-7729
-8552
-9306
-10020
-10222
-10121
-9945
-8834
-6207
-3744
-2371
-1994
-1657
-248
878
1708
2228
3031
5183
7604
8867
8573
7980
7356
6861
6321
5445
5015
4480
3979
3951
3762
2872
1122
-923
-2467
-3110
-3246
-3332
-3606
-3478
-2337
-1037
-958
-1317
-1571
-1488
-376
915
1769
2274
2835
3822
4699
4853
4252
3738
3597
3831
4584
4901
4536
3723
3184
2893
2050
757
-710
-1765
-2112
-2062
-2493
-3670
-4876
-5647
-6109
-6826
-7756
-8649
-9550
-10105
-10037
-9985
-9812
-8740
-6234
-3754
-2518
-2182
-1845
-421
1095
2087
2593
3326
5221
7363
8625
8628
8061
7420
6783
6385
5980
5629
5089
4533
4506
4387
3614
2161
203
-1103
-1568
-1701
-1982
-2427
-2231
-1148
-545
-770
-1200
-1549
-1336
-409
484
933
1621
2271
3349
4172
3964
3595
3358
3412
3894
4670
4989
4696
4377
3972
3536
2561
1199
-27
-1092
-1276
-1424
-2271
-3581
-4682
-5275
-5757
-6646
-8007
-9071
-9760
-9991
-10047
-10242
-9542
-7245
-4872
-3562
-3118
-3063
-1895
-312
504
1031
1780
3506
5674
7208
7444
6968
6646
6312
6093
5865
5590
5489
5095
5283
5527
4899
3518
1650
61
-673
-745
-1033
-1556
-1464
-837
-378
-647
-1414
-2162
-2395
-1840
-1187
-446
289
914
1822
2341
2159
1836
1753
1809
2280
3160
3797
4027
3778
3334
2788
1941
872
-429
-1305
-1484
-1705
-2306
-3371
-4381
-4941
-5707
-6887
-8228
-9146
-9628
-9988
-10233
-9974
-8554
-6131
-4810
-4566
-4690
-4099
-2435
-1280
-930
-369
839
2867
4788
5603
5164
4915
5196
5405
5542
5232
5124
5256
5505
5990
5993
5063
3293
1654
750
466
635
463
320
755
1100
1025
31
-1492
-2098
-1865
-1301
-601
-153
153
842
1503
1318
861
472
541
1157
1871
2634
3108
3105
2833
2301
1745
927
-63
-862
-1190
-1147
-1367
-2028
-3069
-3992
-4585
-5288
-6408
-7376
-8090
-8487
-8553
-8353
-6945
-4939
-4314
-4443
-4732
-4113
-2501
-2092
-2598
-2595
-1086
1508
3338
3861
3481
3601
4200
4643
4612
4081
4571
5691
6638
7051
6314
5301
4227
3214
2621
2411
2257
2096
2381
2618
2649
2149
719
-756
-1259
-1089
-577
-364
-442
51
873
1154
498
-492
-945
-355
567
1100
1425
1584
1939
2058
1579
812
-161
-690
-862
-800
-676
-1076
-1789
-2484
-3006
-3471
-4309
-5433
-6440
-6884
-6969
-6987
-6121
-4663
-3859
-4078
-4533
-4822
-4371
-3890
-3868
-3607
-2726
-523
1753
2741
2498
2053
2438
3212
3772
3715
3877
4909
6079
7138
7026
5996
5215
4734
4513
4062
3527
3155
3411
3954
4009
3643
2481
1147
405
136
215
318
164
265
864
1389
1132
182
-609
-767
-55
674
1053
1011
970
1300
1323
892
65
-776
-913
-734
-414
-434
-1017
-1552
-1696
-1918
-2706
-3432
-4410
-5298
-5259
-5048
-5330
-5245
-4092
-3423
-3762
-4457
-5156
-4628
-3749
-3227
-2848
-2532
-1191
520
1568
1510
1057
1326
2181
3326
3683
3637
4296
5176
6246
6458
5617
4841
4393
4356
4255
3925
3617
3617
3993
3991
3637
2612
1346
855
665
719
861
745
607
705
819
478
-103
-708
-960
-587
-172
209
154
-107
-113
-241
-391
-816
-1539
-1755
-1383
-1019
-988
-1327
-1831
-1989
-1996
-2578
-3202
-3889
-4481
-4555
-4285
-4563
-5308
-5174
-4168
-3543
-3949
-4643
-5353
-5076
-3862
-3247
-3061
-3234
-2641
-1043
280
668
20
-114
684
2113
3231
3280
3274
3495
4509
5481
5248
4292
3370
3468
4222
4656
4365
3744
3726
3877
4133
3551
1896
1050
1047
1407
1438
1180
662
196
386
492
-81
-986
-1514
-1376
-772
-242
-319
-728
-866
-795
-802
-1173
-1557
-1830
-1780
-1356
-968
-999
-1440
-1588
-1537
-1813
-2368
-2748
-2920
-3299
-3604
-3633
-3658
-4085
-4594
-4162
-3442
-3600
-4082
-4511
-4640
-3884
-3063
-2558
-2535
-2758
-2005
-680
303
414
235
514
1515
2955
3584
3413
3105
3213
4205
4911
4883
4382
3928
4205
4851
5217
4828
4168
3720
3870
3972
3206
2564
1928
1646
1858
1774
1286
682
280
-25
-186
-527
-1066
-1396
-1468
-1100
-810
-995
-1279
-1311
-1182
-1277
-1403
-1428
-1577
-1301
-905
-548
-503
-857
-1124
-1426
-1499
-1753
-2243
-2354
-2317
-2402
-2492
-2795
-3593
-4179
-4440
-4048
-3585
-3398
-3088
-3429
-3573
-2980
-2778
-2553
-2636
-2633
-1941
-852
413
964
1212
1220
1532
2139
2523
2910
2949
3311
4062
4779
5248
4990
4492
4092
4189
4679
4783
4446
4067
3817
3558
3521
3089
2260
1502
1144
1038
939
701
126
-311
-646
-857
-892
-1038
-1245
-1311
-1190
-1037
-881
-823
-829
-784
-802
-568
-200
-227
-175
-328
-242
-385
-522
-546
-848
-864
-766
-848
-1082
-1465
-1803
-2057
-2343
-2697
-3105
-3443
-3389
-2733
-2309
-2341
-2596
-2803
-2620
-2198
-1783
-1333
-1110
-874
-202
580
1178
1427
1482
1640
2139
2789
3401
3703
3852
3999
4260
4417
4318
4072
3607
3332
3435
3584
3440
3085
2672
2153
1659
1006
562
102
-361
-441
-507
-598
-787
-911
-1037
-1191
-1305
-1252
-1067
-813
-502
-244
-209
-114
108
74
-77
-252
-289
-8
140
40
-149
-168
-409
-469
-503
-959
-1014
-792
-919
-1125
-1363
-1675
-1819
-2028
-2126
-2220
-2449
-2668
-2973
-3066
-2938
-2743
-2447
-2159
-2237
-2429
-2167
-1961
-1699
-1224
-871
-545
-250
-5
336
883
1375
1546
1686
1762
1917
2158
2318
2430
2339
2124
1877
1733
1639
1451
1166
942
807
532
366
235
74
-116
-206
-483
-657
-603
-554
-270
-154
-254
-218
-61
148
258
355
352
251
390
716
844
711
444
172
300
292
141
-24
-110
-283
-523
-297
-395
-646
-984
-1056
-1127
-1024
-810
-965
-933
-1138
-1141
-1376
-1198
-821
-949
-1044
-1198
-1269
-1244
-699
-516
-418
-445
-544
-643
-616
-254
35
283
295
142
-93
-217
-342
-263
-187
-254
-277
-377
-437
-443
-312
-283
-366
-510
-545
-419
-189
85
290
359
368
548
619
748
840
939
1063
1181
1261
1268
1323
1186
1370
1159
1155
1061
997
895
998
931
813
796
711
443
113
92
28
320
397
84
-598
-234
-409
-482
-363
-172
-299
-705
-93
-201
-181
-289
-62
-141
-25
354
307
325
140
301
157
274
424
270
182
101
-31
-360
-377
-535
-575
-733
-1022
-1405
-1579
-1574
-1696
-1588
-1773
-1909
-1985
-1815
-1681
-1507
-1362
-1437
-1248
-1203
-908
-635
-431
-232
122
284
573
792
890
1031
1082
1296
1344
1335
1343
1424
1648
1693
1876
1769
1645
1527
1504
1513
1354
1443
1375
1255
1174
818
854
952
972
1092
882
787
846
758
546
313
708
435
946
940
927
703
461
1004
660
632
702
571
5
373
309
384
309
-65
54
-37
-459
-850
-566
-670
-662
-772
-1010
-867
-1071
-1385
-1131
-1005
-1280
-1256
-763
-952
-1187
-1047
-967
-788
-945
-685
-491
-491
-459
-165
-208
-275
-190
-347
-261
-137
76
54
240
301
377
258
143
104
23
19
177
229
222
290
270
28
220
342
287
441
671
482
429
317
227
351
341
394
297
504
471
522
796
336
104
400
492
205
260
515
-235
-95
-163
-482
-358
-630
-542
-666
-657
-740
-584
-885
-920
-703
-1029
-1036
-1441
-1362
-1172
-881
-1027
-902
-962
-1136
-835
-875
-604
-308
-190
-198
-293
-155
-479
-106
-41
15
14
-132
252
17
137
-10
455
-15
158
299
-155
-283
-99
149
-46
257
-283
-390
-455
-295
-382
-472
-127
-256
-88
-622
-37
-450
-398
151
-9
-92
-164
-62
-131
221
567
545
135
225
-175
-238
52
110
-122
98
-140
-607
-453
-347
-901
-612
-338
-544
-890
-622
-504
-577
-615
-435
-864
-869
-584
-978
-232
-118
280
25
229
679
242
289
428
673
190
1087
782
876
1016
1114
1009
913
1374
661
1124
734
925
473
691
336
63
22
-723
166
-410
-283
-474
-377
-841
-589
-462
-949
-335
-446
-42
-306
-151
-257
231
568
439
398
101
151
-205
-399
-251
265
-59
233
138
-316
-316
-330
-671
-758
-369
-795
-1218
-724
-422
-490
-815
-803
-425
-803
-1175
-299
-466
-785
-366
-133
320
-414
194
545
404
578
39
794
617
551
1148
1357
1624
1544
1456
1308
1482
1045
1261
1474
466
794
951
795
247
590
38
613
-29
-94
-360
398
-291
-171
338
-349
-486
174
315
-581
502
767
499
442
1169
413
514
604
425
395
753
-179
488
262
-103
202
227
-592
40
274
-412
-383
-314
-600
-533
-209
-639
-339
-426
-691
-889
329
-407
-426
-90
535
-309
122
526
360
431
278
844
299
909
705
946
776
1011
1120
794
359
1137
519
6
194
1044
-307
-64
654
-737
-655
268
-327
-1126
784
-557
-1117
473
191
-564
11
663
-424
-88
119
298
-66
529
490
162
300
309
622
-251
-253
330
-48
-522
-422
-210
-747
-877
-284
-1210
-1288
-383
-787
-1459
-737
-1128
-989
-144
-1242
-984
-431
-1047
-1449
-13
-352
-1038
23
-115
-399
-308
273
-285
-105
197
397
159
450
754
397
531
619
493
222
-247
355
-38
-233
120
155
-307
54
-123
-1014
-591
-654
-827
-873
-426
-256
-578
-1000
384
-373
-980
162
-213
-69
-298
33
630
64
-78
337
607
25
480
52
349
92
248
-86
-186
322
-326
310
-154
6
-348
-653
49
-606
-420
-656
-751
-155
-509
-618
-500
-823
-505
166
-692
-462
510
-2
-432
333
1069
-281
583
786
283
854
1008
1069
787
421
894
546
-173
414
1145
-293
-147
907
-470
-1035
290
-132
-1024
-704
226
-463
-697
144
-194
-655
-128
-310
-549
-284
-143
-86
200
-218
78
-440
226
-184
110
820
2
-118
-177
110
-729
695
-2
18
593
177
-159
315
-309
-322
-4
-214
384
267
-502
-240
998
-634
-367
615
4
-877
867
694
-825
-381
1752
-216
-553
562
1282
-148
7
1176
334
41
840
188
836
313
65
714
852
-194
-328
886
-663
35
278
-24
64
15
-252
559
170
-1027
531
752
-907
367
192
-541
-39
846
-34
-346
248
366
312
404
639
929
-473
550
1225
-2
37
754
611
127
350
-198
449
910
-179
390
750
-150
504
474
196
427
859
-544
779
143
-61
566
181
484
-281
1314
652
122
530
1239
1431
-187
1127
544
142
-366
1418
425
-565
459
1019
296
-475
215
-495
563
-788
-215
466
-676
-504
448
-524
-824
786
233
-178
-196
-322
-710
-177
17
-292
323
577
-584
210
502
-798
293
307
-140
46
325
-479
998
-1262
-552
495
-368
-892
172
266
-487
309
139
127
-523
113
123
695
-1381
174
366
155
-1128
-275
662
-233
-396
583
-7
-550
-217
134
591
-386
-216
414
664
-1222
41
290
122
-932
-680
219
-308
-1022
-159
-159
-1394
84
-142
-376
-1513
250
563
-1056
-1165
471
-323
-327
-857
646
297
-1061
-438
661
-407
-1951
943
-32
-1082
-167
244
96
-373
-402
0
-524
67
-1134
1523
-69
-1608
718
336
239
-439
-427
320
464
-1185
-90
513
-671
-473
881
-306
-468
-154
97
-29
130
-397
-183
1057
-169
951
183
-216
645
-131
-392
1262
168
-1310
957
214
-953
466
-591
-443
467
-143
-803
-519
279
-960
-599
-44
598
-2515
-98
705
-1078
-732
85
68
-1130
-122
105
-257
125
-258
53
149
-226
173
-398
699
572
-345
406
1138
-110
-584
1051
980
-81
-802
580
693
-972
289
1174
-437
-668
404
158
-331
-427
158
316
-941
-405
-383
-11
-170
-445
923
-558
-258
316
60
-188
-29
-130
54
924
-153
107
343
859
-539
-470
498
1262
-668
110
740
-69
11
-217
327
-1000
-523
-483
412
-684
-1724
-287
-208
-1067
-718
162
-189
-350
-842
507
-895
-600
1554
-617
45
1018
5
412
682
1598
358
1066
763
956
988
375
208
1365
1284
-715
1260
875
-234
115
724
700
99
514
858
213
-507
513
550
-643
-303
566
609
68
432
-312
806
758
-473
1061
973
523
540
849
307
-121
263
1189
559
-133
1044
420
450
-267
176
735
-939
670
383
-132
-973
375
-329
-344
-748
-756
840
-1337
-498
242
-475
747
-678
-868
879
521
-1372
-8
1320
-727
-425
1395
699
-1075
404
119
908
1157
-116
208
1806
-710
-851
1081
-248
-458
886
359
-49
-32
127
-67
-590
-1128
187
36
-1437
-2
159
-231
-384
-140
145
-576
1057
89
-553
101
277
209
-115
-90
258
-493
-753
1281
253
-818
-173
-346
-638
-443
445
-680
-672
-178
-425
-292
-789
-885
-1228
247
-128
-1992
-397
726
-1489
-1618
280
-173
-711
-1503
406
267
-1225
-441
-290
-568
-27
572
-495
-238
1018
-652
-100
439
-341
-1142
402
322
-1012
330
-333
-35
-171
-401
-206
-85
-312
-754
695
396
-1236
363
244
-903
-929
977
106
-785
900
-500
-632
340
785
-1222
50
991
-9
-440
182
845
-289
-857
826
180
91
-878
404
644
-270
-1642
872
730
-2008
202
529
-268
-1117
238
397
-1186
-482
299
261
-231
-837
160
-749
1070
-406
96
293
241
-334
786
829
-1034
-456
757
450
-336
-1001
652
48
-316
71
-223
-57
-326
-260
-773
50
-431
-1282
435
33
-365
-671
-3
-290
-19
-80
868
-528
-656
1051
-19
451
181
344
-409
149
487
1050
-550
-989
1231
606
-859
99
1277
395
-2042
889
1328
-687
-1904
896
144
-916
-325
266
-495
-210
-57
172
134
-796
-401
-354
187
-381
-632
754
1387
-867
30
1015
75
-1045
319
1156
1329
-555
242
1073
-1084
-386
978
873
-1051
762
1330
-412
-280
1074
677
-1083
109
1668
841
-939
178
558
-512
-65
182
418
191
174
470
260
387
-237
263
522
554
321
403
-108
874
1084
-354
856
1274
142
-475
1889
1233
-1160
679
1187
-257
127
381
141
245
-72
-225
1125
-994
-592
1957
-420
-1073
1497
626
-612
397
120
-53
978
-172
-59
1220
-387
-341
1993
441
-781
319
88
-214
-290
1755
-47
-2085
1333
358
-420
-928
-721
1489
77
-954
750
-14
-908
112
-845
47
447
-935
-162
436
219
-75
471
-92
-84
667
236
-331
898
8
-1101
306
178
-434
271
206
-425
807
-104
-634
-583
-504
-547
-331
-646
-1285
-209
60
-1152
-331
-210
-1016
-764
-289
-524
324
-972
-576
868
-1351
16
357
-446
352
-972
545
406
-975
600
35
-1042
-235
432
-103
25
-836
-487
434
-381
-897
-1279
659
-471
462
-107
-911
-715
-79
-1521
-378
713
-1252
-380
-52
516
-1057
-1526
51
571
-851
151
1389
89
-730
146
619
-63
238
189
-45
461
759
5
922
-685
-857
887
370
40
-260
-527
-853
-8
-436
-73
-430
-985
-263
453
-528
-316
218
-1029
-875
320
283
-445
-232
-317
571
104
-860
431
413
-1026
305
1719
87
-409
227
-298
749
-74
-1163
240
901
9
-843
385
671
-974
-1407
586
740
-1029
-651
565
61
-918
-279
712
-459
-1233
1130
1025
-1519
257
1119
-739
761
-612
300
1734
-731
-1463
1257
2188
-1503
-707
1631
-149
-382
-39
1109
469
-1931
-282
818
-296
-1116
-833
1086
-266
-836
857
-300
-361
-914
-297
744
603
-801
-337
428
-495
-440
671
298
-1188
308
1950
-654
-562
166
834
617
-1460
184
998
-816
-388
-297
728
-618
350
940
-567
-738
32
445
-572
-214
380
475
359
175
264
518
-863
52
1249
1233
1616
451
-706
810
1433
252
594
378
41
1047
533
888
154
-390
1220
753
1044
417
49
851
-244
-28
262
244
609
-506
594
1317
144
-803
842
516
-566
53
505
567
-263
326
146
743
803
-200
-746
1118
956
-1371
1155
2169
-813
-869
1247
1031
-676
-265
739
834
-45
-490
872
-253
-553
-441
-382
819
746
-1340
-250
677
-382
-50
-225
457
154
-1102
231
1842
-477
-1275
315
953
-67
-314
598
912
252
-472
1379
22
-776
-402
734
947
-308
555
115
21
-636
-930
0
631
66
-1108
711
-118
-1419
-649
-62
-548
-909
718
-398
-1473
505
-683
-1528
-100
627
-822
376
126
-1092
-4
209
-337
-469
-263
-376
55
916
-688
-640
428
-1363
-80
1178
-1571
-441
332
-1704
-176
436
-578
-1390
-130
441
-620
-405
-576
-829
-484
101
-699
584
-1139
-1457
542
407
-896
472
-37
-1477
881
315
-209
235
-599
44
477
-398
315
182
-1061
-60
1481
-442
-921
1108
-684
-1632
1181
194
-1721
-512
62
-338
-82
-613
-85
459
-1505
-216
1121
-247
-497
-296
-534
569
54
-388
-106
394
-641
491
1386
-399
-810
391
323
-239
318
-1197
559
1591
-1180
-527
1567
55
-1382
-20
-37
95
-215
-539
443
-442
-1148
-145
380
23
-312
-528
322
363
-103
-938
117
641
-641
858
345
179
49
-700
-89
1361
-97
-730
424
132
-453
-225
-329
-266
499
-1595
695
686
-912
-435
-625
125
-978
-470
-718
-124
-50
-1078
661
189
-846
283
64
-234
883
524
-284
94
661
-458
-917
899
926
-824
402
1115
-180
13
-41
475
-636
-81
281
-238
271
209
-1266
-624
1264
329
-1064
-28
982
-508
-774
59
563
35
-1574
846
1640
-883
-488
1100
-22
-17
711
-146
1081
182
-373
1082
2048
-202
-294
1429
776
-445
-411
723
663
-416
-538
160
1055
89
-799
629
1044
-43
-827
896
309
-615
-600
268
1270
501
-36
144
593
719
80
106
978
1239
-417
-514
2341
675
-875
-148
1188
1092
-352
-237
1351
594
-1207
-80
1800
763
-854
156
794
-63
-987
-237
552
-72
-377
-342
603
639
-607
-518
424
32
221
-675
43
1064
195
-550
245
1063
-360
-287
1443
702
-198
814
-331
-197
45
-456
209
248
94
-885
-749
-571
1135
-796
-1192
1183
400
-1500
-494
851
-1465
-936
-103
458
506
-750
-262
28
15
-1081
41
459
108
32
-557
-348
399
-218
-805
-98
429
474
-1059
-1415
586
-627
-1085
-95
1021
517
-2323
-467
431
-177
-1435
-1440
674
-130
-1743
-259
195
-118
-1113
-1383
566
587
-999
-776
46
372
-934
-966
1291
-86
-726
-256
445
416
-213
-967
54
173
-655
480
-752
-1122
196
-1126
-1269
930
46
-1481
158
778
-384
90
-456
-592
-5
624
-104
-957
686
-642
-1159
244
540
764
-672
-473
781
412
-703
177
-77
29
115
-153
667
239
-104
-1361
-340
-110
556
707
-1394
52
-694
-616
-159
145
203
-506
-543
222
899
-1378
-894
257
608
-722
225
543
-799
-19
-354
279
339
451
-269
-420
616
189
-853
186
229
-452
654
33
143
37
115
-389
-462
-264
496
-395
-1233
833
-32
-598
-204
32
151
483
-287
-277
993
-377
-773
-214
1443
3
-339
715
-197
519
-718
-108
714
20
-431
560
35
172
820
-1143
-651
1570
375
-1392
660
466
-1286
-768
-26
932
-261
-992
422
-24
-805
-780
-163
-443
329
400
-834
744
4
-1063
105
696
-22
30
-118
48
905
-857
182
638
730
385
-230
-153
661
654
-694
15
736
588
228
143
1255
-245
-241
483
850
182
342
525
-85
324
110
20
870
236
352
1327
275
-96
917
-115
-558
1149
765
37
842
43
-371
685
889
-496
788
1650
-214
-61
833
98
-333
-31
1155
568
-420
703
-82
-792
705
232
38
496
253
97
-102
-727
360
144
-297
1119
338
322
-517
-286
295
300
240
674
350
-920
192
508
-355
-316
716
615
-493
-95
854
-1055
-505
218
291
-25
137
17
-393
-185
-51
49
647
350
-18
-48
169
-20
-477
-162
-48
25
359
-1043
-627
207
-565
34
304
-79
83
11
-344
463
-596
-993
41
251
-304
-801
-443
-561
-1311
-449
639
-1413
-688
-256
-489
-850
-430
594
-1378
-981
500
121
-944
29
-211
-385
-283
-47
754
-209
-816
237
-84
-580
183
-29
-434
-179
-229
-84
-763
87
-161
-838
206
241
-486
-46
-333
-322
-387
-110
833
-404
-692
46
313
-656
8
1026
-659
-226
403
432
-210
-167
344
-175
382
-72
-41
81
-268
-303
193
-565
44
382
-985
-533
345
-53
-774
-157
-332
-372
-601
-394
132
-667
-772
-676
-375
569
-555
-1443
387
90
-278
-15
-256
706
-88
-919
345
451
-120
-367
-138
293
357
-256
-100
313
-108
152
-19
295
228
45
-329
-91
535
157
-128
324
135
454
-80
-382
857
649
49
-260
1170
443
-583
210
583
682
163
324
492
614
59
357
878
612
764
247
57
575
437
-123
2
394
509
-395
-84
-249
-60
-180
-617
-551
-267
-789
-1473
-543
-507
-1141
-1248
-994
-1194
-489
-1236
-1614
-301
-1104
-1722
-1267
-1092
-1247
-1295
-1541
-1010
-954
-1541
-1192
-1445
-1218
-1074
-756
-834
-583
-408
-711
-484
-111
725
707
598
994
1197
1178
1495
2216
2623
2636
2502
2707
3139
3247
3132
3234
3475
3435
3154
2917
2994
2725
2349
2396
2268
2362
1740
945
892
617
619
635
377
-462
-718
-615
-789
-1329
-178
-400
-1266
-1481
-1435
-1065
-1883
-1258
-1650
-2179
-1921
-1938
-2128
-2269
-2400
-2324
-2649
-2961
-1981
-2321
-3489
-2852
-1830
-1422
-1612
-2318
-2016
-1759
-1505
-250
340
89
-193
-81
391
1358
1878
2021
2114
2210
2404
2585
2816
3022
3038
2985
3625
4496
3953
2519
2106
2701
3419
3871
3386
2642
1770
961
1279
2155
2380
1530
640
78
436
613
135
7
78
-263
-518
-723
-721
-554
-1157
-1487
-889
-315
-895
-2226
-2487
-1243
-1465
-1419
-1043
-2486
-3485
-2994
-2954
-2567
-2728
-3570
-4113
-4195
-4149
-3898
-3496
-2968
-2862
-3390
-3991
-3868
-2802
-1817
-1491
-1544
-1547
-1136
-897
-751
-78
1089
1636
1519
1548
1868
2293
2185
2170
2966
3713
3544
2756
2532
3243
3904
3555
3003
2965
2910
2605
2300
2426
2505
2161
1392
1093
1357
1380
749
261
471
711
446
16
-235
-246
-343
-556
-536
-427
-1003
-1562
-1945
-1595
-1395
-1511
-1706
-2241
-2515
-2748
-2373
-2474
-2828
-2758
-3416
-3714
-3417
-4049
-4756
-4262
-3371
-2497
-2398
-3836
-5106
-4752
-2870
-1140
-897
-1671
-1899
-2063
-1620
-457
1005
1825
1667
1084
1294
2221
2912
2742
2690
3434
4298
4190
3194
2703
3291
3911
4306
4567
4349
3029
1821
1708
2980
4149
3652
1937
884
888
1221
1521
1605
1451
993
233
-120
175
448
246
-39
-134
-52
-340
-1107
-1555
-1472
-1193
-844
-1019
-1755
-2742
-3305
-2957
-2326
-2157
-2301
-3709
-4654
-4687
-4630
-4283
-3758
-3531
-3466
-3412
-4475
-5177
-4586
-3273
-1946
-1215
-1619
-2299
-2544
-2013
-753
622
1777
2174
1514
977
1324
2588
3516
3983
4125
4206
3891
3159
2897
3582
4792
5332
4951
4164
3222
2314
2376
3560
4542
4314
2805
1134
787
1447
2281
2482
2268
1681
637
-70
174
1148
1495
1034
397
-197
-553
-849
-1182
-967
-365
-609
-1464
-2040
-2274
-2467
-2540
-2231
-1973
-2612
-3914
-4458
-4680
-4772
-4228
-3586
-3145
-2847
-3519
-5242
-5889
-4492
-1918
-539
-1280
-2387
-2792
-2514
-1396
179
1739
2404
1750
662
879
2349
3664
4005
4031
4372
4578
3735
2927
3307
4526
5591
5592
4891
3956
2806
2136
3031
4740
5287
3805
1492
498
1384
2458
2801
2595
1801
724
-226
-231
840
1683
1242
268
-357
-517
-628
-1043
-1036
-606
-583
-1422
-2329
-2593
-2819
-2881
-2395
-2393
-3072
-4093
-5035
-5474
-5039
-4696
-4695
-4223
-3845
-4001
-5080
-6340
-5800
-3404
-1522
-1623
-3052
-3848
-3476
-2415
-1219
334
1565
1297
-63
-551
857
2860
3628
3183
3096
3607
3405
2634
2668
3978
5288
5188
4184
3493
3104
2449
2483
3947
5180
4336
1796
194
944
2612
3056
2446
1648
764
-206
-532
486
1805
1743
196
-1032
-981
-672
-613
-819
-979
-1015
-1627
-2596
-2996
-2661
-2486
-2761
-3040
-3358
-3998
-4835
-5143
-5045
-4510
-4610
-4758
-4207
-3938
-4989
-6265
-6170
-4202
-1967
-1916
-3419
-4171
-3639
-2482
-1300
-139
1050
1156
-85
-604
971
3053
3856
3306
3063
3629
3829
3155
3075
4309
5375
5244
4475
4074
3985
3513
3085
3986
5428
4920
2698
1015
1478
3046
3565
2827
2017
1346
460
85
832
2048
2133
580
-866
-982
-208
-99
-551
-812
-1082
-1623
-2491
-2805
-2271
-1963
-2700
-3444
-3687
-3854
-4333
-4906
-5017
-4729
-4901
-4987
-4345
-3770
-4683
-6232
-6430
-4417
-2140
-1922
-3360
-4280
-3659
-2493
-1408
-342
769
1035
34
-622
878
3086
3829
3216
2894
3638
4155
3489
3166
4190
5395
5180
4467
4299
4363
3793
3117
3828
5310
5205
3097
1322
1761
3229
3718
2843
2159
1808
1001
349
933
2170
2254
755
-737
-699
114
185
-442
-890
-928
-1427
-2359
-2739
-2097
-1729
-2615
-3511
-3586
-3599
-3960
-4507
-4765
-4729
-4758
-4512
-3672
-3386
-4681
-6159
-6031
-3807
-1666
-1749
-3476
-4220
-3208
-1887
-840
211
1065
849
-144
-152
1752
3587
3624
2970
3175
4174
4463
3681
3509
4737
5632
5220
4702
4873
4860
4045
3524
4601
5985
5273
3021
1757
2699
4097
4014
3028
2461
2162
1306
817
1768
2760
2242
437
-685
-221
525
256
-552
-904
-1169
-1927
-2661
-2592
-1990
-2298
-3255
-3969
-3911
-3952
-4534
-5142
-5172
-5103
-5087
-4410
-3768
-4327
-6001
-6813
-5248
-2576
-1673
-3045
-4432
-4051
-2775
-1802
-967
353
938
43
-947
88
2404
3454
2604
2111
3003
3985
3418
2548
3541
5239
5226
4165
3999
4599
4233
3000
3115
4973
5614
3590
1285
1403
3239
3936
2732
1884
1877
1288
195
390
2009
2573
913
-1053
-1137
36
352
-699
-1466
-1499
-1750
-2767
-3398
-2731
-2102
-2985
-4305
-4649
-4341
-4539
-5372
-5845
-5613
-5246
-4707
-4363
-4854
-6268
-7039
-5761
-3253
-2167
-3324
-4895
-4765
-3288
-2077
-1323
-315
194
-450
-1264
-379
2073
3458
2729
2022
2798
3849
3570
2769
3478
5145
5240
3996
3709
4633
4701
3515
3205
4656
5603
4130
1957
1816
3523
4262
3093
2058
2209
2055
1043
824
2155
2917
1454
-563
-823
365
879
52
-943
-1148
-1317
-2226
-2902
-2442
-1843
-2569
-3923
-4611
-4332
-4163
-4868
-5620
-5554
-4979
-4244
-4197
-5146
-6369
-6553
-5202
-3123
-2479
-3580
-4748
-4460
-3175
-1945
-1031
-194
33
-670
-1100
177
2352
3124
2378
1922
2815
3664
3284
2892
3788
5089
4819
3778
3964
4817
4601
3559
3551
4948
5485
3883
2121
2339
3835
4237
3038
2273
2526
2148
1175
1313
2589
2937
1352
-407
-302
660
869
14
-801
-1039
-1411
-2225
-2727
-2277
-1958
-2697
-4032
-4533
-4294
-4429
-5135
-5604
-5313
-4249
-3897
-4912
-6394
-6810
-5546
-3594
-2772
-3463
-4471
-4580
-3760
-2673
-1416
-344
79
-663
-1256
-365
1706
2938
2725
2373
2848
3553
3398
3093
3891
5291
5473
4356
4065
4924
5116
4212
3910
4966
5726
4536
3016
2862
4044
4771
3865
2860
2835
2613
1753
1590
2626
3175
2059
480
266
918
1012
456
-208
-487
-871
-1678
-2170
-1905
-1673
-2398
-3518
-3943
-3798
-4060
-4822
-5346
-4949
-3968
-3684
-4583
-5918
-6408
-5305
-3588
-2827
-3450
-4243
-4324
-3709
-2656
-1570
-527
-162
-785
-1190
-391
1340
2482
2369
2092
2523
3067
2947
2813
3503
4666
4763
4031
3989
4633
4595
3862
3880
4861
5352
4291
2966
2842
3749
4253
3612
2920
2840
2346
1535
1655
2544
2649
1309
-5
2
436
535
48
-666
-1150
-1555
-2071
-2363
-2172
-2148
-3123
-4345
-4649
-4387
-4755
-5442
-5760
-4967
-4220
-4930
-6322
-6800
-6102
-4787
-4045
-4239
-4606
-4639
-4442
-3772
-2697
-1509
-927
-1400
-1811
-1165
209
1258
1482
1544
2096
2404
2106
2050
2887
4000
4190
3504
3491
4221
4232
3581
3537
4348
4958
4196
3052
2829
3460
3854
3522
3014
2892
2511
1627
1529
2439
2860
1894
608
353
843
911
387
-197
-508
-982
-1773
-2262
-1959
-1827
-2591
-3640
-4174
-4074
-4328
-5084
-5541
-4635
-3591
-4067
-6029
-7002
-6075
-4234
-3364
-3895
-4614
-4567
-4187
-3719
-2820
-1311
-451
-1051
-1930
-1280
524
1830
1670
1380
2160
2857
2448
1917
2758
4253
4437
3464
3448
4397
4391
3361
3256
4575
5492
4328
2695
2524
3624
4259
3742
3106
3107
2674
1638
1617
2924
3559
2262
578
399
1019
1098
489
-25
-284
-876
-1806
-2114
-1737
-1749
-2600
-3699
-3973
-3935
-4300
-5058
-4960
-3912
-3497
-4744
-6248
-6358
-4914
-3658
-3595
-4100
-4303
-4174
-3868
-3307
-2105
-664
-468
-1349
-1634
-532
1050
1638
1548
1890
2482
2354
1885
2197
3476
4322
3786
3384
3850
4067
3370
3108
4059
5077
4579
3034
2266
2911
3779
3796
3284
2975
2655
1811
1418
2463
3416
2694
1093
529
1029
1270
860
325
171
-244
-1104
-1685
-1381
-1129
-1750
-2861
-3519
-3546
-3758
-4439
-4357
-3294
-3103
-4364
-5712
-5730
-4189
-3112
-3159
-3475
-3645
-3736
-3668
-2994
-1639
-376
-488
-1230
-1021
178
1266
1623
1824
2418
2818
2376
1975
2709
3892
4350
3835
3848
4355
4015
3081
3296
4609
5349
4426
2835
2405
3049
3603
3680
3377
2970
2150
1115
1312
2739
3362
2168
546
332
872
924
607
316
-42
-715
-1601
-1862
-1416
-1413
-2285
-3322
-3445
-3345
-3886
-4631
-3981
-3011
-3326
-4803
-5735
-4875
-3439
-3206
-3707
-3559
-3245
-3338
-3448
-2711
-930
-109
-921
-1542
-796
511
1025
906
1341
2333
2155
1350
1489
2757
3783
3422
3069
3667
3718
2582
2101
3176
4584
4327
2487
1396
1903
2831
2961
2479
2310
1809
601
263
1556
2680
2058
393
-406
109
402
-59
-486
-593
-993
-1853
-2416
-2163
-1951
-2486
-3280
-3706
-3865
-4221
-4527
-3770
-3124
-3712
-5060
-5543
-4593
-3410
-3412
-3792
-3438
-3065
-3183
-3344
-2386
-698
-205
-1036
-1250
-143
867
975
973
1866
2941
2371
1421
1893
3246
3736
3299
3353
4013
3543
2114
2160
3825
4995
3937
1778
1134
2155
2905
2612
2292
2264
1405
3
43
1751
2567
1291
-400
-678
37
99
-401
-656
-672
-1210
-2103
-2548
-2083
-1791
-2466
-3369
-3722
-3537
-3657
-3558
-3066
-3103
-3801
-4430
-4240
-3303
-2793
-3061
-2929
-2466
-2464
-2531
-2225
-1008
105
-124
-597
109
1057
1329
1245
1802
3000
3002
1859
1728
2838
3640
3545
3542
4033
3680
2266
1840
3366
4843
4263
2186
958
1737
2712
2507
2041
2047
1399
15
-362
1014
2029
1098
-444
-905
-347
-184
-772
-1094
-979
-1302
-2105
-2570
-2484
-2165
-2598
-3421
-3671
-3400
-3609
-3686
-3265
-2970
-3120
-3909
-4271
-3352
-2318
-2133
-2331
-2459
-2269
-1751
-1312
-459
448
420
145
417
1198
2004
2287
2289
2748
2993
2720
2625
2957
3502
4281
4459
4004
3059
2577
3095
4124
4802
4272
2624
1297
1720
2757
3195
2747
1708
687
83
486
1188
1375
670
-145
-660
-843
-565
-644
-997
-1516
-1933
-2209
-2492
-2794
-3059
-3135
-3054
-3191
-3767
-4100
-3396
-2693
-3093
-3581
-3565
-3119
-2626
-2345
-2051
-1392
-1315
-1622
-1333
-392
927
1501
923
882
1954
2671
2751
2846
3404
4089
3705
2879
3330
4179
4681
4818
4438
3879
3197
2882
3516
4532
4539
3069
1263
1016
2250
2698
2131
1357
563
-82
-291
220
703
349
-578
-1384
-1599
-1320
-1309
-1762
-2079
-2327
-2734
-3126
-3378
-3497
-3509
-3659
-4077
-4627
-4837
-4290
-3523
-3704
-4217
-4443
-4168
-3320
-2730
-2512
-2073
-1813
-1924
-1646
-954
285
1064
625
619
1531
2318
2525
2548
3081
3922
3837
2993
3114
3852
4783
5178
4557
3653
3183
3217
3825
4574
4222
2708
1034
847
2030
2518
1835
695
-207
-519
-424
-150
-118
-578
-1333
-1874
-2124
-2065
-2104
-2495
-2874
-3121
-3336
-3679
-4109
-4354
-4197
-4296
-4733
-5196
-5356
-4577
-3820
-4208
-4785
-4705
-4117
-3280
-2888
-2638
-2035
-1809
-1936
-1412
-512
639
1271
1032
1146
2096
2793
3079
3302
3768
4536
4391
3723
3975
4928
5926
5938
4893
4005
3955
4262
4905
5218
4511
2976
1617
1786
2696
2889
2041
732
-125
-198
80
8
-300
-814
-1279
-1866
-2308
-2308
-2337
-2812
-3201
-3366
-3579
-3875
-4260
-4680
-4806
-4652
-4650
-5160
-5481
-4659
-4021
-4550
-5056
-4693
-3736
-3125
-3253
-3043
-1988
-1464
-1462
-1302
-475
1055
1707
1225
1463
2685
3473
3464
3367
4288
5297
4869
3967
4452
6285
6905
5604
4224
4563
5375
5476
5113
4783
4207
2955
2218
2673
3475
2980
1140
-149
202
968
416
-625
-1081
-1048
-1510
-2268
-2504
-2363
-2721
-3560
-4092
-3807
-3653
-4272
-5252
-5413
-4991
-4857
-5346
-5803
-4936
-4246
-4770
-5499
-5274
-4263
-3266
-3210
-3332
-2583
-1959
-1749
-1379
-608
876
1645
1226
1286
2506
3701
4135
3950
4403
5315
5351
4738
5235
6839
7471
6263
4749
5065
6215
6543
5892
5193
4432
3852
3446
3542
4013
3530
1806
378
632
1483
994
-416
-880
-617
-1017
-1947
-2357
-2165
-2503
-3299
-3856
-3794
-3794
-4221
-4971
-5327
-5038
-4880
-5399
-5697
-4784
-4181
-4763
-5516
-5090
-3812
-3049
-3229
-3411
-2641
-1816
-1468
-1358
-704
741
1498
1161
1242
2490
3587
3782
3518
4060
5154
5159
4411
5288
6936
6987
5367
4396
5343
6649
6466
5361
4605
4261
3847
3332
3505
4013
3064
1049
228
1213
1834
700
-816
-1016
-820
-1388
-2236
-2524
-2532
-3180
-4190
-4667
-4179
-4200
-5066
-5942
-5947
-5535
-5635
-6223
-5830
-4906
-5113
-6204
-6425
-5237
-3830
-3654
-4335
-4062
-3050
-2260
-2084
-1817
-667
477
492
270
1230
2616
3169
2859
3141
4173
4703
4038
4360
6020
6654
5384
4016
4630
6145
6547
5512
4553
4025
3715
3403
3270
3682
3268
1523
137
665
1604
937
-614
-1141
-830
-1332
-2210
-2520
-2404
-2774
-3667
-4349
-4319
-4096
-4567
-5465
-5841
-5384
-5322
-6061
-6223
-5235
-4675
-5515
-6423
-5718
-4174
-3408
-3959
-4228
-3345
-2305
-1751
-1692
-1061
169
809
585
969
2270
3212
3250
2994
3803
4828
4752
4721
5628
6433
5857
4711
4814
6159
6748
5863
4599
4142
4529
4394
3675
3428
3256
2342
1188
1032
1684
1392
-115
-1041
-854
-752
-1375
-2270
-2569
-2629
-3108
-3790
-4102
-4054
-4228
-4848
-5394
-5449
-5374
-5632
-5889
-5249
-4681
-5032
-6167
-6075
-4495
-3096
-3256
-4106
-3867
-2678
-1608
-1346
-1041
-131
591
709
809
1856
3218
3589
3024
3203
4261
5099
5217
5308
5751
5694
5065
5008
6029
6640
5829
4275
3928
4646
4810
3805
2888
2699
2450
1750
1220
1410
1189
124
-898
-891
-611
-1122
-2140
-2739
-2643
-2849
-3522
-4015
-3978
-4063
-4684
-5318
-5370
-5180
-5437
-5692
-5053
-4589
-4942
-5891
-5715
-4165
-2713
-2979
-3872
-3673
-2357
-1178
-819
-410
469
1095
1006
1274
2578
3792
3927
3351
3665
4883
5805
5716
5489
5692
5794
5565
5826
6525
6713
5497
4069
4255
5101
4898
3564
2556
2414
2327
1837
1419
1442
1059
-97
-956
-802
-513
-1058
-2136
-2583
-2404
-2459
-3121
-3825
-3898
-3806
-4177
-4847
-5105
-4797
-4862
-5120
-4788
-4290
-4438
-5291
-5113
-3726
-2558
-2931
-3537
-3094
-1874
-906
-673
-368
386
1048
1142
1524
2541
3616
3726
3270
3655
4998
5862
5590
5158
5153
5485
5595
5986
6316
5789
4567
3763
4263
4891
4442
2932
1837
1855
2037
1639
1010
601
-72
-939
-1442
-1390
-1389
-2093
-3117
-3612
-3503
-3362
-3826
-4576
-4752
-4617
-4854
-5463
-5581
-5345
-5380
-5347
-5157
-4952
-5573
-5793
-4618
-3000
-2743
-3745
-4080
-3005
-1307
-626
-484
-168
323
688
1068
2008
3376
3818
2996
2731
4021
5609
5699
4898
4661
5155
5327
5376
5710
5634
4698
3425
3435
4331
4431
2970
1351
1233
1922
1764
683
-26
-257
-727
-1532
-1750
-1365
-1741
-2997
-3823
-3576
-3220
-3691
-4645
-4923
-4644
-4727
-5390
-5737
-5461
-5184
-5165
-5281
-5165
-5129
-5193
-4707
-3586
-2801
-3021
-3374
-3010
-1678
-428
25
245
585
897
1514
2306
3200
3816
3757
3567
4254
5455
5954
5603
5068
5121
5565
5911
6058
5698
4841
3962
3884
4351
4369
3326
1994
1491
1674
1734
1111
284
-227
-656
-1204
-1457
-1415
-1769
-2645
-3395
-3382
-3126
-3435
-4211
-4674
-4751
-4854
-5127
-5371
-5367
-5302
-5104
-5100
-5322
-5283
-5100
-4448
-3595
-3079
-3175
-3306
-2861
-1652
-387
54
262
532
909
1698
2665
3526
3923
3788
3776
4658
5788
6187
5821
5369
5402
5807
6191
6376
5869
4959
4210
4142
4498
4339
3329
2006
1478
1685
1766
1058
155
-426
-897
-1330
-1509
-1469
-1940
-2860
-3505
-3495
-3311
-3616
-4217
-4665
-4867
-5072
-5353
-5411
-5385
-5246
-5092
-5016
-5309
-5430
-4912
-3931
-3225
-3166
-3368
-3100
-2257
-1184
-190
339
679
968
1303
2102
3239
4151
4197
3964
4515
5670
6257
6038
5792
5931
6222
6376
6609
6555
5999
5151
4539
4754
5026
4416
2939
2020
2077
2234
1815
1068
509
-54
-767
-1224
-1239
-1245
-1900
-2905
-3344
-3022
-2998
-3699
-4308
-4518
-4604
-4935
-5270
-5205
-5015
-4855
-5025
-5181
-5274
-4818
-4008
-3538
-3405
-3517
-3170
-2442
-1488
-824
-302
212
489
927
1517
2537
3447
3680
3534
4080
5254
5884
5672
5436
5769
6088
6137
6111
6266
5976
5066
4476
4576
4927
4363
3063
2077
2097
2211
1644
852
397
-1
-799
-1360
-1359
-1422
-2085
-3057
-3569
-3414
-3423
-3872
-4417
-4683
-4680
-4946
-5463
-5730
-5455
-5039
-5125
-5633
-5920
-5790
-4886
-3968
-3618
-3958
-4204
-3636
-2546
-1487
-997
-599
-344
-105
532
1574
2735
3134
2925
3276
4351
5159
5122
4865
5106
5646
5845
5783
5802
5581
4889
4265
4278
4665
4294
2939
1810
1805
2207
1727
645
35
-131
-662
-1450
-1536
-1403
-1950
-2994
-3601
-3312
-3079
-3704
-4479
-4685
-4542
-4756
-5220
-5439
-5174
-4724
-4976
-5393
-5433
-5197
-4677
-4088
-3609
-3328
-3335
-3418
-2860
-1664
-665
-120
-147
-152
520
1404
2212
2896
3154
3613
4072
4466
4789
5006
5220
5489
5719
5680
5599
5195
4831
4730
4681
4700
4067
3055
2365
2212
2322
2026
1212
366
-234
-571
-772
-903
-1135
-1736
-2557
-3040
-3005
-2898
-3150
-3825
-4330
-4344
-4492
-4763
-4913
-4778
-4598
-4687
-4977
-5067
-4949
-4266
-3556
-3294
-3275
-3231
-2976
-2443
-1518
-660
-68
37
-51
409
1286
2298
2857
3164
3481
3882
4125
4332
4635
5075
5407
5349
5132
4954
4808
4595
4482
4495
4285
3521
2627
2191
2205
2214
1713
897
210
-228
-530
-676
-775
-1065
-1738
-2450
-2772
-2642
-2649
-3029
-3538
-3824
-3951
-4178
-4295
-4374
-4310
-4117
-4128
-4415
-4495
-4318
-3736
-3187
-2879
-2560
-2279
-2206
-2019
-1291
-274
631
785
447
725
1610
2500
3212
3752
4303
4320
3858
3884
4714
5701
5841
5336
4694
4451
4302
4348
4655
4781
4112
2748
2112
2240
2573
2214
1450
780
208
-362
-687
-458
-381
-856
-1702
-2214
-2264
-2220
-2402
-2820
-3017
-3189
-3420
-3736
-3923
-3794
-3524
-3477
-3684
-3788
-3771
-3277
-2918
-2789
-2300
-1592
-1100
-1369
-1558
-828
586
1396
1245
1116
1463
2089
2558
3296
4463
4823
3963
3114
3692
5083
5610
5152
4534
4203
3786
3413
3683
4226
4014
2536
1239
1282
1995
1752
760
183
-21
-636
-1353
-1301
-946
-1213
-2165
-2692
-2597
-2432
-2828
-3485
-3536
-3481
-3698
-4174
-4392
-4238
-3944
-3838
-3826
-3705
-3773
-3761
-3440
-2965
-2613
-2296
-1734
-1271
-1240
-1426
-852
476
1320
1362
1122
1438
2182
2841
3504
4060
4138
3531
3317
3999
5011
5133
4271
3496
3390
3413
3169
2984
2988
2582
1553
815
972
1158
540
-466
-888
-913
-1256
-1892
-2183
-2076
-2208
-2737
-3131
-3081
-3065
-3401
-3824
-3816
-3472
-3657
-4184
-4398
-4076
-3631
-3558
-3597
-3682
-3378
-2887
-2719
-2558
-2165
-1504
-1079
-725
-540
-328
127
742
1495
2095
2429
2570
2701
3079
3827
4244
4219
4010
4015
4311
4418
4278
3959
3762
3540
3231
2914
2662
2398
1903
1358
1059
937
577
-160
-797
-913
-941
-1258
-1793
-2139
-2249
-2416
-2614
-2800
-2900
-3087
-3375
-3588
-3498
-3396
-3411
-3691
-3733
-3352
-3110
-3058
-3203
-2946
-2430
-2078
-1946
-1730
-1309
-945
-638
-203
556
1070
1177
1192
1760
2650
3223
3309
3242
3457
3655
3817
4075
4396
4324
3741
3318
3364
3611
3476
2928
2324
1955
1633
1393
1147
847
393
-220
-617
-827
-780
-1078
-1676
-1836
-1888
-2185
-2418
-2371
-2535
-2782
-2917
-2877
-2915
-2969
-2992
-3135
-3077
-2848
-2545
-2345
-2368
-2355
-2074
-1618
-1251
-946
-779
-818
-588
-87
454
908
1166
1324
1520
1892
2360
2703
2945
3086
3119
3163
3283
3525
3565
3394
3201
3098
3076
2967
2697
2341
1977
1721
1463
1165
942
626
175
-203
-355
-437
-643
-793
-1129
-1232
-1316
-1536
-1682
-1851
-1973
-2140
-2289
-2353
-2341
-2340
-2405
-2387
-2245
-2043
-2006
-1898
-1661
-1450
-1211
-881
-526
-287
-81
133
480
954
1368
1610
1870
2088
2293
2578
2921
3183
3266
3204
3147
3124
3149
3149
2968
2740
2447
2219
2049
1811
1493
1208
882
623
423
166
-166
-387
-585
-873
-1119
-1189
-1291
-1512
-1630
-1672
-1858
-2060
-2161
-2160
-2172
-2270
-2359
-2462
-2529
-2549
-2446
-2323
-2200
-2077
-1935
-1771
-1580
-1287
-1001
-824
-589
-206
241
640
965
1321
1617
1903
2254
2567
2806
2908
2884
2959
3048
3124
3088
2870
2651
2430
2268
2032
1716
1427
1095
670
397
135
-265
-562
-800
-1062
-1377
-1637
-2013
-2372
-2442
-2475
-2526
-2719
-2917
-2980
-2926
-2853
-2870
-2862
-2942
-2987
-2953
-2796
-2638
-2494
-2356
-2216
-2019
-1752
-1457
-1168
-780
-467
-255
34
375
794
1178
1514
1757
1983
2214
2456
2683
2940
3176
3183
3136
3083
3025
3022
2879
2660
2445
2139
1872
1662
1424
1130
781
379
25
-226
-466
-741
-1047
-1340
-1618
-1837
-2023
-2160
-2267
-2371
-2506
-2685
-2804
-2781
-2726
-2738
-2748
-2725
-2767
-2739
-2617
-2418
-2199
-2070
-1944
-1808
-1483
-1098
-785
-557
-294
32
360
697
966
1365
1565
1802
2052
2358
2540
2637
2802
2893
3003
2938
2913
2881
2849
2749
2520
2382
2216
1974
1669
1432
1196
1007
732
424
145
-80
-340
-652
-838
-1013
-1269
-1495
-1619
-1729
-1883
-2087
-2247
-2334
-2342
-2381
-2499
-2525
-2578
-2477
-2427
-2346
-2310
-2234
-2147
-1986
-1704
-1473
-1240
-1054
-786
-532
-226
62
445
705
901
1131
1334
1746
1919
2085
2211
2291
2420
2534
2616
2646
2639
2575
2468
2321
2283
2215
2022
1877
1690
1473
1189
980
847
738
530
246
-25
-275
-401
-432
-405
-604
-894
-999
-1129
-1208
-1288
-1432
-1558
-1687
-1689
-1723
-1772
-1880
-1877
-1709
-1556
-1342
-1413
-1224
-988
-924
-746
-581
-330
-164
-53
86
359
760
1121
1251
1370
1552
1711
1854
1993
2139
2184
2186
2235
2313
2395
2321
2216
2168
2143
2078
1930
1780
1642
1483
1341
1196
1015
847
623
417
284
128
-74
-334
-460
-549
-642
-732
-990
-1068
-1188
-1234
-1335
-1406
-1396
-1421
-1424
-1413
-1289
-1273
-1221
-1198
-827
-553
-691
-898
-844
-365
-12
179
73
-6
-16
145
508
818
977
838
649
768
1064
1250
1150
1021
976
994
998
1056
1095
1023
892
789
878
815
659
423
302
353
326
172
-50
-207
-349
-401
-394
-390
-589
-872
-1028
-963
-854
-821
-1024
-1128
-1260
-1326
-1245
-1186
-1116
-1333
-1431
-1342
-1164
-1059
-1054
-998
-821
-652
-617
-529
-495
-397
-304
-177
-25
89
152
159
257
402
535
544
585
633
598
619
664
729
718
662
591
583
577
524
447
424
503
469
306
243
166
95
20
-92
-75
-171
-294
-438
-482
-480
-549
-633
-728
-762
-818
-864
-902
-845
-874
-944
-965
-906
-862
-808
-780
-702
-570
-584
-563
-508
-323
-134
-77
18
74
113
155
304
511
617
611
579
629
728
832
850
880
853
773
814
825
859
808
747
685
655
612
542
501
434
367
298
217
136
83
0
-62
-189
-272
-328
-393
-444
-534
-597
-623
-682
-713
-817
-833
-818
-879
-762
-797
-801
-825
-831
-789
-736
-597
-523
-518
-474
-342
-223
-120
-41
90
162
217
278
389
474
541
614
660
726
788
753
752
813
904
906
789
849
885
802
758
743
777
697
606
617
624
602
483
380
332
324
218
164
77
9
-115
-231
-242
-242
-298
-497
-558
-609
-569
-661
-594
-490
-574
-536
-562
-554
-523
-507
-581
-518
-414
-274
-252
-323
-228
-141
27
183
282
340
479
506
539
679
756
724
719
756
767
889
1057
1191
1186
1086
1044
1090
1164
1186
1149
1066
1066
1122
1142
1113
1048
969
910
892
881
811
649
622
462
389
397
270
176
34
-60
-144
-191
-319
-437
-389
-427
-511
-626
-656
-688
-707
-714
-664
-665
-722
-709
-686
-601
-577
-495
-486
-445
-379
-380
-263
-147
-36
-25
3
16
103
222
322
360
326
365
419
532
594
530
556
564
562
506
451
552
524
561
597
639
551
410
463
503
514
441
321
209
158
125
122
11
-38
-162
-356
-381
-376
-443
-645
-646
-566
-685
-741
-730
-729
-731
-758
-792
-877
-993
-1045
-1096
-1067
-951
-933
-923
-913
-939
-863
-825
-713
-628
-612
-636
-656
-487
-335
-267
-286
-295
-228
-144
-26
-3
67
51
24
113
240
327
274
249
294
355
360
422
531
557
515
477
456
472
463
444
441
401
371
282
227
250
271
207
240
250
157
-72
-138
-141
-86
-57
-187
-349
-448
-519
-538
-456
-435
-497
-625
-615
-601
-599
-564
-574
-524
-540
-547
-560
-585
-536
-486
-422
-371
-359
-397
-426
-327
-246
-135
-79
-86
-61
-105
-29
134
256
250
206
232
290
329
401
462
471
467
443
472
495
512
474
507
504
505
461
353
356
337
355
331
231
205
38
6
-29
-15
-41
-185
-243
-338
-318
-317
-340
-364
-365
-389
-455
-460
-435
-465
-437
-422
-435
-434
-461
-402
-360
-354
-354
-312
-290
-239
-262
-199
-162
-132
-115
-72
2
62
111
145
198
232
258
305
370
386
357
425
474
506
514
534
548
531
564
572
594
538
543
519
466
635
661
656
588
565
546
482
418
366
335
255
247
179
100
37
132
152
157
119
22
133
39
68
27
-11
5
-14
-80
-159
1
112
158
192
135
119
96
102
166
208
281
341
298
299
345
417
509
503
515
577
535
579
555
581
621
602
574
524
531
519
510
414
403
398
351
346
337
350
249
179
134
174
127
101
72
50
10
-61
-26
-12
4
-32
-153
-190
-154
-139
-129
-141
-81
-67
-143
-121
-99
-26
-1
23
78
40
5
45
12
30
-25
-76
-30
-30
23
-19
45
64
32
58
18
-6
-91
-98
-77
-72
-72
-74
-113
-108
-142
-155
-160
-205
-207
-308
-410
-386
-301
-293
-332
-314
-280
-285
-270
-287
-433
-517
-504
-493
-482
-507
-581
-589
-555
-454
-503
-580
-553
-494
-454
-480
-403
-292
-232
-265
-265
-160
-81
-68
-62
17
87
62
8
72
158
200
104
109
226
182
125
163
271
283
186
127
109
139
57
-37
-54
52
34
-91
-175
-119
-85
-233
-247
-136
-186
-239
-306
-329
-294
-302
-352
-412
-364
-360
-411
-468
-451
-400
-401
-423
-435
-366
-359
-362
-330
-252
-225
-208
-157
-112
-5
21
65
98
156
292
312
333
365
440
465
446
514
589
552
503
530
564
544
487
475
431
376
453
352
296
262
215
123
70
97
42
-39
-104
-117
-150
-189
-223
-302
-275
-236
-282
-401
-443
-414
-441
-493
-490
-451
-496
-525
-533
-481
-394
-425
-451
-433
-384
-330
-316
-280
-173
-186
-141
-68
18
83
115
213
235
261
355
390
399
410
445
467
476
540
593
599
561
574
587
599
607
526
503
466
485
451
400
380
350
288
225
292
293
188
86
42
185
238
187
116
93
57
-19
-95
-135
-146
-179
-222
-265
-271
-305
-318
-244
-181
-71
-206
-151
-49
-64
-11
-34
82
139
120
60
168
404
513
504
473
535
577
616
666
751
802
803
786
885
932
908
944
954
996
945
904
940
942
921
859
828
824
792
685
583
519
504
420
313
268
225
134
78
-36
-115
-173
-210
-236
-293
-335
-398
-432
-447
-459
-432
-450
-478
-485
-455
-422
-435
-413
-389
-356
-302
-258
-235
-231
-240
-182
-108
-11
21
-43
-27
-43
-65
-54
-57
-81
-35
-8
45
150
207
247
316
425
466
418
397
385
374
357
349
342
311
300
258
188
145
137
92
14
-80
-156
-122
-243
-285
-331
-318
-274
-339
-481
