-66
-62
-54
-54
-58
-64
-116
-110
-136
-99
-98
-61
-131
-140
-60
-60
-68
-90
-56
-80
-58
-31
-83
-81
-69
-55
-52
-50
-49
-54
-54
-88
-80
-76
-57
-54
-24
8
-32
-43
-39
-39
-38
-59
-59
-47
-35
-32
-19
-33
-45
-28
8
6
-17
-19
-33
-38
-18
-13
-15
-6
-5
16
37
-3
-22
-33
-22
-21
-84
-48
-71
-43
-15
-23
2
12
42
17
38
29
30
22
27
64
35
71
69
99
76
50
54
33
-9
-28
-30
-26
54
11
10
27
-9
49
39
48
35
52
50
40
45
50
82
76
82
95
119
123
90
131
75
194
323
309
349
360
380
398
418
396
394
361
391
367
321
322
340
236
339
415
382
406
360
358
309
308
320
324
259
183
183
373
462
435
384
346
339
322
342
347
346
356
381
366
380
397
353
352
313
255
197
203
185
185
197
205
250
197
126
172
123
94
68
73
55
54
53
50
22
47
21
-4
18
-3
-19
-38
-14
-30
-51
12
11
-9
1
-7
2
0
28
26
21
18
52
16
19
12
-54
-7
-58
-75
-89
-120
-139
-281
-331
-385
-332
-267
-289
-269
-246
-208
-199
-161
-124
-151
-202
-208
-276
-263
-262
-262
-259
-309
-315
-368
-355
-374
-424
-446
-453
-448
-410
-335
-324
-318
-343
-349
-275
-246
-265
-423
-463
-394
-398
-374
-362
-361
-362
-352
-367
-367
-390
-413
-401
-400
-390
-393
-374
-350
-396
-370
-364
-382
-375
-356
-338
-325
-304
-306
-296
-293
-280
-288
-283
-263
-322
-207
-129
-140
-121
-130
-133
-150
-159
-146
-129
-116
-107
-126
-92
-94
-110
-106
-106
-71
-70
-63
-80
-109
-112
-144
-151
-173
-152
-154
-155
-130
-185
-160
-152
-138
-119
-116
-130
-121
-131
-184
-165
-130
-78
-81
-65
-48
-85
-66
-75
-74
-79
-74
-50
-52
-51
-30
-36
-30
-27
-70
-50
-76
-113
-145
-173
-143
-158
-114
-128
-123
-108
-109
-117
-123
-103
-97
-67
-47
-73
-43
-33
-20
-3
-7
-12
-27
-56
-53
-65
-86
-88
-102
-101
-95
-142
-113
-115
-104
-72
-58
-27
-29
-11
-2
-32
-9
8
12
46
80
41
83
76
66
78
37
45
26
33
23
27
-7
57
94
55
109
48
77
63
56
67
85
77
72
52
52
47
47
87
89
101
132
108
148
116
137
320
330
342
342
368
403
387
385
357
317
363
337
275
276
206
209
78
225
249
203
226
215
230
216
219
248
255
152
77
179
327
326
271
234
225
234
226
198
240
253
249
234
218
242
193
187
189
189
186
234
232
228
260
243
307
237
182
224
212
199
162
178
187
167
161
156
162
148
178
198
197
147
136
117
129
176
128
189
202
177
188
150
165
180
191
211
202
197
216
179
199
195
140
172
135
128
73
38
35
-82
-217
-290
-292
-222
-255
-240
-229
-228
-244
-276
-249
-291
-352
-371
-398
-451
-454
-483
-471
-511
-533
-577
-604
-592
-682
-718
-738
-780
-799
-780
-765
-779
-833
-872
-798
-729
-705
-825
-873
-806
-803
-732
-724
-682
-665
-651
-602
-571
-527
-497
-486
-462
-415
-373
-311
-255
-262
-216
-164
-129
-90
-46
27
78
146
219
283
343
413
464
506
577
585
674
840
834
818
848
805
769
712
658
638
583
573
506
488
460
394
409
353
345
300
228
217
187
158
148
108
54
4
-60
-115
-167
-290
-339
-417
-444
-513
-585
-640
-700
-754
-822
-843
-929
-973
-1044
-1111
-1137
-1205
-1236
-1267
-1293
-1288
-1288
-1252
-1235
-1196
-1124
-1071
-1027
-989
-929
-836
-701
-624
-479
-373
-239
-141
-79
-5
78
157
211
275
355
475
548
655
742
788
878
916
946
973
996
1005
1023
1053
1110
1154
1202
1257
1274
1279
1215
1086
1059
1009
959
957
974
1003
971
947
937
851
805
726
639
620
576
529
505
484
447
423
370
324
235
171
106
48
-38
-52
-71
-167
-224
-385
-451
-539
-609
-726
-846
-975
-1092
-1206
-1314
-1375
-1479
-1531
-1613
-1655
-1664
-1661
-1551
-1467
-1422
-1262
-1120
-1103
-1006
-869
-745
-552
-418
-300
-170
-62
66
117
248
391
532
537
791
1042
1191
1279
1295
1405
1443
1501
1498
1556
1570
1438
1524
1663
1705
1670
1522
1445
1415
1399
1386
1371
1336
1347
1334
1328
1306
1165
1162
1143
1140
1082
1043
1075
1066
1046
1022
979
1007
902
834
854
767
708
687
581
538
486
453
384
270
261
139
107
12
-105
-198
-263
-345
-510
-608
-671
-760
-888
-1030
-1142
-1260
-1367
-1501
-1620
-1749
-1827
-1845
-1777
-1654
-1627
-1620
-1707
-1704
-1642
-1593
-1500
-1339
-1325
-1290
-1210
-1088
-883
-815
-629
-478
-302
-38
151
333
503
624
771
855
869
953
1035
1087
1154
1146
1195
1248
1179
1178
1074
984
881
778
716
630
527
449
417
475
612
638
533
494
430
428
435
430
411
393
455
522
530
504
507
516
484
399
374
404
370
360
312
267
264
234
179
56
-35
-77
-177
-313
-391
-482
-536
-634
-777
-881
-908
-911
-1078
-1207
-1381
-1523
-1634
-1802
-1917
-2016
-2034
-1961
-1793
-1722
-1868
-1986
-2029
-1974
-1870
-1780
-1683
-1490
-1381
-1288
-1175
-1126
-995
-858
-677
-440
-277
-46
157
338
550
729
868
1018
1113
1171
1282
1324
1387
1464
1513
1541
1513
1490
1380
1238
1110
983
910
846
776
743
787
893
967
944
880
810
740
784
736
749
832
884
920
931
953
945
924
860
764
719
749
740
654
605
570
520
483
423
331
261
184
42
-62
-145
-240
-324
-370
-475
-596
-675
-775
-897
-1041
-1143
-1231
-1370
-1512
-1671
-1833
-1960
-2047
-2140
-2078
-1910
-1803
-1904
-2085
-2128
-2041
-1898
-1807
-1697
-1575
-1430
-1306
-1210
-1136
-963
-779
-604
-416
-245
-24
202
439
621
780
897
1080
1202
1303
1380
1451
1532
1626
1678
1637
1650
1635
1512
1402
1476
1476
1483
1484
1430
1407
1495
1645
1596
1441
1363
1234
1282
1226
1186
1146
1147
1362
1303
1293
1306
1330
1293
1156
1003
1023
1015
787
726
760
843
858
687
538
435
415
351
206
101
52
9
-16
-81
-237
-267
-314
-388
-565
-701
-781
-913
-1057
-1204
-1363
-1435
-1596
-1746
-1784
-1934
-2014
-1927
-1819
-1723
-1829
-1917
-1904
-1890
-1754
-1652
-1507
-1358
-1251
-1188
-1072
-930
-803
-639
-475
-248
-53
162
376
557
716
884
1046
1152
1207
1263
1353
1441
1436
1481
1496
1496
1455
1314
1201
1083
1014
902
842
842
1022
1147
1097
1000
876
910
940
958
899
850
844
855
761
714
744
750
667
522
372
353
281
163
51
-36
-103
-139
-150
-219
-317
-349
-428
-497
-521
-608
-726
-785
-868
-888
-885
-913
-939
-1049
-1141
-1220
-1260
-1348
-1472
-1569
-1604
-1656
-1721
-1795
-1924
-1972
-2057
-2166
-2318
-2367
-2310
-2155
-1931
-1877
-1980
-2037
-1971
-1881
-1732
-1559
-1406
-1277
-1161
-924
-792
-621
-462
-330
-172
9
188
327
470
610
783
938
998
1112
1206
1296
1363
1401
1366
1338
1324
1265
1224
1174
1198
1239
1365
1455
1315
1211
1145
1110
1110
1143
1172
1188
1161
1141
1114
1061
1055
1002
906
796
601
590
597
367
351
319
220
150
103
35
27
-22
-91
-160
-216
-236
-306
-308
-355
-450
-491
-516
-561
-620
-647
-719
-777
-865
-924
-979
-992
-999
-1090
-1137
-1198
-1294
-1411
-1465
-1541
-1608
-1674
-1762
-1853
-1940
-2017
-2098
-1984
-1744
-1554
-1454
-1526
-1577
-1467
-1290
-1142
-965
-817
-678
-545
-503
-318
-181
-51
103
167
318
465
618
738
896
1003
1107
1209
1282
1352
1415
1408
1383
1362
1228
1185
1223
1304
1415
1533
1488
1282
1118
1109
1124
1139
1154
1135
1177
1233
1204
1096
1119
1117
1077
984
977
980
984
971
852
844
820
755
710
613
522
460
407
303
214
146
29
186
181
108
84
56
-6
-146
-218
-223
-237
-403
-592
-616
-482
-459
-538
-647
-728
-799
-863
-932
-1005
-1073
-1132
-1121
-1177
-1304
-1356
-1396
-1422
-1482
-1535
-1496
-1386
-1289
-1151
-1053
-964
-920
-1009
-904
-737
-617
-428
-283
-133
14
136
168
217
342
477
615
759
894
1016
1147
1260
1274
1345
1335
1290
1183
1080
1027
1040
1138
1160
1144
1199
1206
1072
986
915
900
996
981
1024
1077
1059
1038
968
984
846
814
731
724
668
579
651
528
510
483
413
331
224
92
38
-52
-91
-167
-248
-268
-314
-333
-384
-489
-520
-621
-720
-805
-878
-850
-867
-898
-1034
-1114
-1118
-1100
-1100
-1189
-1357
-1431
-1398
-1422
-1456
-1493
-1510
-1506
-1544
-1562
-1590
-1632
-1652
-1676
-1715
-1720
-1693
-1669
-1576
-1534
-1472
-1438
-1407
-1355
-1325
-1278
-1148
-947
-784
-671
-575
-404
-251
-184
-43
54
343
540
611
742
868
1011
1078
1045
939
865
755
758
851
929
1012
986
935
870
759
752
766
808
877
949
966
1020
963
963
974
945
1009
995
956
933
913
879
841
720
722
678
549
529
420
340
392
225
179
123
11
-35
-109
-127
-138
-196
-227
-257
-345
-361
-385
-352
-391
-463
-453
-491
-494
-523
-492
-494
-539
-615
-629
-674
-727
-719
-757
-805
-817
-921
-893
-931
-950
-964
-1025
-1056
-1078
-1110
-1143
-1167
-1146
-1058
-1103
-1099
-1081
-1129
-1070
-1038
-1006
-985
-866
-689
-574
-460
-349
-176
-44
45
112
184
321
387
494
535
618
682
746
751
724
758
775
785
785
853
900
1058
1068
912
884
906
992
1018
999
1040
1049
1084
1058
1051
1116
1131
1160
1102
1077
1010
1055
1012
968
862
915
1027
935
892
815
836
804
729
650
641
580
626
508
538
311
830
948
275
660
201
437
357
124
433
153
296
169
-65
-160
-406
-212
-348
-314
-302
-386
-252
-425
-420
-570
-660
-667
-806
-784
-861
-811
-896
-907
-901
-931
-939
-986
-998
-994
-941
-913
-811
-839
-832
-721
-767
-733
-627
-448
-303
-191
-134
-14
88
147
255
293
405
515
581
667
653
787
845
841
829
763
804
761
880
930
1013
1127
1065
974
870
788
865
896
961
948
1039
1007
902
930
938
955
864
793
752
941
898
891
764
822
643
756
814
754
715
589
424
474
591
172
419
184
48
362
317
197
-215
-406
-459
-656
-322
-467
-624
-704
-788
-799
-875
-745
-1198
-1143
-1383
-1421
-1098
-1351
-1175
-1394
-1406
-1540
-1691
-1613
-1727
-1550
-1634
-1650
-1599
-1721
-1645
-1717
-1812
-1741
-1735
-1648
-1577
-1477
-1427
-1331
-1273
-1242
-1200
-1177
-1024
-780
-601
-449
-352
-200
38
95
111
223
346
494
580
598
647
734
823
767
725
689
771
747
766
793
769
913
1017
1017
849
784
834
872
942
1060
1044
1137
986
829
908
1018
1118
1001
893
996
976
913
873
1093
921
900
724
606
709
427
717
594
337
504
-32
463
31
1490
1262
-426
26
-557
279
25
490
198
-522
-374
-1024
-899
-840
-978
-788
-1013
-945
-903
-1171
-1260
-1262
-1387
-1596
-1419
-1368
-1307
-1389
-1299
-1331
-1603
-1637
-1585
-1376
-1527
-1541
-1583
-1477
-1425
-1319
-1240
-1273
-1173
-1136
-1080
-1045
-872
-558
-344
-222
-155
-75
82
109
338
429
668
844
956
1030
976
1197
1205
1228
1143
1145
1205
1230
1376
1156
1115
1069
1089
1282
1332
1503
1368
1270
965
1020
1226
1333
1420
1358
1456
1166
1312
1176
1162
1239
1268
1260
1375
1331
1115
1524
1082
1096
1012
808
803
646
691
592
820
462
139
-95
140
310
735
876
278
90
-419
-342
-220
137
98
-50
-325
-538
-776
-985
-992
-1116
-882
-908
-966
-1108
-1077
-1234
-1323
-1586
-1582
-1555
-1421
-1238
-1132
-1354
-1545
-1807
-1838
-1703
-1497
-1062
-957
-1036
-1160
-1170
-1218
-1020
-665
-264
61
76
155
336
610
789
967
1159
1288
1478
1649
1789
1878
2003
1974
1825
1581
1620
1808
1924
1900
1747
1494
1241
1099
1160
1272
1352
1386
1194
985
938
1093
1094
925
764
777
682
687
735
865
953
780
576
438
675
823
951
695
529
210
20
32
23
18
48
-164
-449
-734
-777
-490
-555
-603
-922
-1285
-1543
-1540
-1145
-885
-1053
-1264
-1546
-1578
-1897
-1781
-1977
-1937
-1917
-1912
-1900
-1976
-2071
-2322
-2366
-2536
-2397
-2345
-2368
-2495
-2549
-2544
-2641
-2532
-2400
-2111
-1934
-1877
-1775
-1638
-1465
-1231
-874
-610
-365
-65
200
439
594
898
1243
1452
1728
1919
2062
2199
2308
2335
2286
2172
2173
2131
2102
2041
1890
1748
1482
1189
1007
948
901
888
1172
1399
1285
807
348
117
376
824
1030
1237
1158
872
364
170
317
757
1112
1120
782
491
393
261
355
311
239
189
151
-110
-161
-291
-270
-464
-835
-1005
-847
-562
-602
-922
-1025
-1372
-1405
-1568
-1433
-1291
-1309
-1520
-1812
-2192
-2519
-2308
-2175
-2068
-2116
-2454
-2813
-2857
-2924
-2797
-2778
-2700
-2806
-2729
-2531
-2185
-2039
-1924
-1694
-1389
-1152
-1012
-621
-53
530
897
940
997
1303
1788
2202
2495
2760
3004
3040
2874
2714
2848
3125
3221
3051
2741
2500
2331
2130
1811
1589
1429
1281
1070
854
1164
1333
1103
417
156
62
398
726
832
906
764
495
213
291
447
1004
1353
1133
746
646
674
703
814
763
822
777
452
112
205
194
137
90
-172
-288
-273
-261
-642
-977
-1139
-1135
-1021
-1129
-1284
-1543
-1768
-2059
-2290
-2187
-2039
-1934
-2103
-2514
-2835
-2968
-2947
-3134
-3175
-2941
-2802
-2688
-2566
-2372
-2172
-1944
-1682
-1413
-1133
-881
-320
472
1096
1306
1286
1543
2052
2642
2952
3303
3665
3923
3718
3379
3413
3690
4032
3921
3485
3138
2907
2636
2318
2125
1960
1835
1490
966
526
699
1244
1275
666
-92
-267
-6
319
522
705
780
537
-17
-175
184
889
1458
1360
787
573
622
731
901
980
1057
1016
572
66
16
240
169
-270
-692
-956
-778
-774
-1157
-1480
-1615
-1579
-1723
-1893
-2276
-2476
-2487
-2783
-3182
-3259
-3169
-3141
-3338
-3599
-3841
-3845
-3963
-4219
-4252
-3965
-3566
-3339
-3293
-3437
-3196
-2660
-2108
-1749
-1332
-887
-541
-53
165
468
1133
1986
2457
2576
2662
2992
3398
3464
3357
3456
3895
3987
3629
3174
2899
2838
2787
2413
2030
1788
1518
1025
457
73
405
1084
986
8
-884
-992
-610
-29
257
512
523
81
-625
-630
77
927
1516
1250
451
167
441
753
1072
1233
1213
1052
565
-89
-27
571
662
263
-195
-534
-535
-536
-978
-1370
-1398
-1338
-1402
-1696
-2107
-2604
-2833
-3150
-3184
-2989
-2712
-3053
-3594
-4233
-4594
-4255
-3728
-3592
-3934
-3911
-3914
-3666
-3568
-3136
-2628
-2051
-1897
-1790
-1327
-506
289
689
739
907
1732
2516
2956
3117
3383
3585
3574
3618
3847
4341
4535
4183
3520
3193
3087
3270
3289
2841
2257
1774
1378
893
742
775
1223
1279
535
-537
-972
-669
-39
439
376
203
-49
-401
-606
-48
738
1267
1285
660
253
407
858
1144
1328
1267
1084
830
432
138
428
794
679
243
-220
-658
-809
-769
-889
-887
-1104
-1554
-2084
-2476
-2699
-2438
-2263
-2651
-3214
-3538
-3812
-3966
-3844
-3623
-3610
-3878
-4450
-4859
-4384
-3406
-2652
-2558
-2978
-3053
-2395
-1781
-1304
-382
807
1160
515
223
1089
2567
3535
3507
3439
3594
3849
3961
4012
4505
5045
5047
4362
3637
3497
3698
3558
3094
2687
2468
2266
1697
986
587
902
1259
1230
586
-63
-332
-376
-206
159
808
928
440
-274
-496
88
1097
1654
1552
1135
747
608
756
1148
1727
1923
1540
705
207
310
744
1014
772
345
-131
-386
-630
-686
-785
-873
-997
-1286
-1639
-2058
-2406
-2746
-2708
-2600
-2474
-2895
-3652
-4087
-3926
-3718
-3573
-3739
-4044
-4292
-4119
-3657
-3212
-2987
-3059
-2860
-2557
-2257
-1819
-920
-115
-43
-339
-2
1304
2439
2757
2556
2755
3131
3318
3439
3739
4225
4263
3769
3109
3065
3402
3478
3079
2439
1933
1632
1310
835
383
287
206
82
181
-37
-491
-1193
-1471
-1261
-266
236
-159
-812
-1278
-1067
-292
542
806
820
405
-163
-181
598
1328
1621
1153
429
227
374
563
584
664
256
-17
-393
-739
-882
-841
-906
-1270
-1511
-1957
-2083
-2304
-2507
-2719
-2736
-2908
-3192
-3388
-3603
-3726
-3819
-3896
-4167
-4284
-4336
-3967
-3412
-3069
-3307
-3648
-3535
-2908
-2097
-1350
-676
-375
-356
-611
-172
1188
2483
2975
2645
2452
2726
3295
3622
3924
4396
4581
4173
3592
3416
3520
3689
3584
3150
2778
2339
1810
1211
786
657
802
716
298
173
-117
-718
-1302
-1030
-271
356
77
-797
-1163
-830
-270
366
716
561
424
196
20
472
1382
1695
1367
720
427
716
1021
1011
903
897
496
97
-271
-405
-209
-18
-429
-1081
-1431
-1630
-1758
-2021
-2288
-2419
-2356
-2725
-3245
-3514
-3518
-3345
-3333
-3575
-4084
-4240
-4032
-3677
-3302
-3177
-3199
-3280
-3057
-2594
-2003
-1559
-936
-245
-30
-322
-86
1126
2278
2546
2497
2802
3225
3398
3307
3595
4302
4672
4328
3789
3547
3623
3684
3546
3285
3064
2794
2149
1447
1107
1147
1238
1042
609
467
459
137
-391
-435
-69
419
224
-307
-413
-160
155
317
511
555
736
834
573
759
1358
1661
1594
1250
1022
1203
1299
1023
933
1240
1251
872
313
56
127
220
-154
-662
-893
-1004
-1186
-1401
-1651
-2068
-2293
-2659
-2834
-2856
-2842
-3133
-3623
-4001
-4128
-3856
-3461
-3184
-3246
-3330
-3592
-3527
-2949
-2232
-1537
-1079
-881
-754
-615
-313
605
1726
2448
2446
2356
2582
2972
3431
3820
4339
4626
4413
3900
3659
3840
4047
4123
3894
3475
2947
2339
1880
1784
1717
1647
1257
682
-116
-23
514
263
-592
-1173
-939
-523
-370
-922
-843
-553
-486
-487
-138
45
47
169
11
115
611
823
485
286
284
620
938
604
192
224
221
4
-87
-181
-326
-515
-1015
-1513
-1394
-1137
-1303
-1985
-2672
-3088
-2816
-2673
-3157
-3626
-3688
-3800
-4175
-4218
-4257
-4406
-4474
-4124
-3622
-3498
-3851
-3963
-3530
-3023
-2400
-1616
-1007
-1014
-1200
-1099
-269
1132
2054
1981
1674
1839
2526
3061
3289
3517
4042
4217
3684
3427
3645
3889
3774
3567
3305
3069
2687
2056
1698
1628
1603
1489
916
135
-413
183
673
222
-635
-994
-717
-338
-243
-580
-349
-258
-463
-491
-99
64
364
525
308
288
718
847
661
753
806
1024
993
557
293
626
638
441
208
-117
-296
-407
-768
-1047
-900
-1072
-1491
-1953
-2095
-2482
-2716
-2713
-2865
-3069
-3453
-3663
-3969
-4142
-4267
-3942
-3798
-3599
-3434
-3656
-3933
-3721
-2843
-2216
-1901
-1583
-1120
-955
-910
-492
623
1795
2056
1798
1803
2374
2986
3362
3559
3906
4215
4051
3547
3457
3885
4163
3978
3577
3171
2831
2557
2015
1904
1909
1774
1146
433
-156
134
846
548
-469
-1115
-755
-243
-15
-533
-678
-264
-195
-425
-235
104
297
480
304
319
785
1015
763
726
929
1242
1323
875
388
753
1173
888
502
238
284
246
19
-331
-278
-333
-747
-1212
-1680
-1773
-1681
-1892
-2556
-2750
-2772
-2997
-3412
-3523
-3594
-3590
-3402
-3366
-3310
-3337
-3380
-3284
-2874
-2486
-2163
-1837
-1408
-878
-486
-301
82
892
1660
1942
1970
2285
2822
3416
3656
3758
4028
4278
4226
3988
4008
4221
4291
3995
3608
3331
3207
2817
2250
2117
1989
1555
1020
436
82
10
127
525
298
-698
-1498
-1135
-294
213
-118
-612
-613
-373
-198
111
544
628
761
677
462
774
1339
1346
1264
1342
1361
1293
934
691
899
1213
1029
551
52
-418
-427
-442
-763
-1197
-1493
-1746
-2069
-2249
-2591
-2750
-2844
-3241
-3424
-3509
-3793
-4160
-4356
-4413
-4354
-3994
-3712
-3928
-4272
-3925
-3240
-2917
-2893
-2575
-1876
-1384
-1265
-1091
-451
458
1203
1377
1384
1916
2570
2786
2716
3164
3761
3846
3480
3288
3535
3842
3701
3256
3057
2875
2537
2151
1711
1510
1438
1094
402
-135
-331
-498
-686
-865
-550
-416
-1043
-2024
-2033
-1002
-131
-106
-811
-1062
-730
-305
96
559
922
1118
918
528
700
1367
1776
1719
1441
1246
1179
1044
844
791
1114
1061
492
-330
-650
-583
-636
-980
-1163
-1309
-1800
-2318
-2805
-2998
-2853
-2651
-3101
-3940
-4151
-4078
-4205
-4269
-4032
-3708
-3578
-3711
-3974
-3811
-3193
-2539
-2221
-2133
-1773
-1070
-597
-626
-319
784
1861
2002
1826
2032
2654
3285
3576
3814
4161
4221
3863
3652
3790
4169
4269
3882
3295
2960
2737
2396
2029
1791
1547
1191
549
-183
-524
-515
-601
-775
-511
-462
-1175
-2199
-2252
-1030
152
108
-968
-1450
-987
-199
408
750
927
1048
914
601
903
1758
2237
2142
1670
1478
1468
1422
1168
1310
1589
1476
619
-234
-397
-191
-200
-526
-819
-1371
-1805
-2242
-2504
-2671
-2448
-2557
-3331
-4054
-4075
-3923
-4087
-4301
-4272
-3797
-3561
-3704
-4184
-4025
-3167
-2256
-2117
-2384
-1939
-886
-101
-200
-90
1136
2531
2654
2211
2469
3458
4264
4108
4024
4592
5139
4624
3989
4131
4809
5083
4288
3467
3311
3474
3029
2280
1815
1748
1432
631
-291
-423
-246
-375
-1138
-1213
-398
-562
-1810
-2713
-1606
26
653
-672
-1508
-833
231
636
844
1123
1416
1668
1107
1019
2011
2919
2663
2062
1741
2079
2201
1572
1175
1731
1995
1186
122
-575
-421
-148
-439
-1226
-1461
-1687
-2354
-3198
-3226
-2610
-2373
-3158
-4447
-4770
-4287
-3858
-4257
-4497
-4133
-3505
-3506
-4218
-4233
-3188
-1967
-1871
-2160
-1783
-575
23
-267
-225
1112
2663
2761
2005
1980
3080
4181
4305
3958
4391
4943
4538
3745
3776
4416
4612
3842
2740
2381
2514
2153
1325
892
732
536
-299
-1482
-1965
-1638
-1583
-2126
-2651
-2631
-1818
-1849
-2826
-3136
-2081
-923
-711
-1277
-1529
-746
-48
125
640
1396
1600
1448
1171
1340
2307
2859
2391
2010
1980
2063
2000
1505
1227
1483
1389
401
-525
-674
-706
-1103
-1773
-2090
-2181
-2246
-2958
-3780
-4102
-3995
-3742
-3902
-4425
-4737
-4747
-5106
-5310
-4684
-3882
-3873
-4185
-4199
-3836
-3008
-2308
-2229
-2123
-1186
-23
456
199
309
1462
2853
3247
3122
3376
3945
4259
4287
4518
5142
5464
4750
3965
3964
4326
4192
3593
2946
2627
2353
1526
723
391
304
-40
-721
-1658
-2155
-2274
-2432
-2833
-2901
-2867
-2127
-1328
-2139
-3343
-3179
-1524
242
1062
39
-697
-234
587
1606
2897
3143
2723
2379
1917
2406
3598
3900
3420
3065
2457
2139
1991
1487
1386
1769
1287
193
-830
-1693
-1724
-1457
-1783
-2349
-2670
-3576
-4381
-4324
-4041
-3953
-4159
-4882
-5398
-5143
-4935
-4981
-4918
-4458
-3947
-3526
-3618
-3690
-3048
-1978
-1300
-1023
-479
307
1119
1278
1317
2178
3786
4528
3977
3826
4448
5227
5336
4987
5103
5688
5380
4121
3572
3907
4022
3473
2540
1700
1323
818
-44
-469
-539
-1019
-1620
-2476
-3150
-2919
-2641
-2960
-3277
-3186
-2785
-1756
-1670
-2612
-2607
-763
916
1291
568
51
1422
2946
3301
3353
3902
4060
4062
4131
4113
4705
5060
4189
3321
3366
3370
3016
2423
1663
1460
1462
239
-975
-1249
-1293
-1677
-2185
-2984
-3472
-3588
-4116
-4473
-4094
-3638
-4178
-5055
-5716
-5459
-4457
-4100
-4599
-4953
-4527
-3995
-3317
-3002
-2719
-2066
-1064
-673
-744
-397
793
2353
3025
2737
2718
3694
4530
4663
4817
5410
5961
5738
4780
4462
5164
5275
4389
3622
3416
3074
2133
998
574
672
270
-889
-1921
-2447
-2728
-2868
-3230
-3594
-3622
-3740
-4259
-4538
-4175
-3288
-2255
-1895
-2331
-2098
-1056
531
1766
1720
1440
2058
3114
3805
4194
4064
4227
4676
4736
4513
4509
4120
3556
3332
2914
2665
2331
1341
344
81
-120
-610
-1258
-2253
-2857
-3185
-3709
-4057
-4041
-4301
-4765
-5052
-5280
-5296
-4894
-4576
-4855
-5526
-6125
-6048
-4965
-4149
-4084
-4248
-4173
-3865
-3278
-2264
-1146
-469
-702
-946
-70
1786
2912
2827
2668
3140
4066
4690
4736
4794
5271
5359
4986
4806
4680
4341
3713
3011
2695
2600
1943
615
-372
-829
-1035
-1302
-2023
-2911
-3368
-3676
-4013
-4033
-3914
-3855
-3869
-4045
-3963
-3326
-2627
-2026
-1255
-503
-267
212
929
2301
3352
3418
3309
4052
5026
5193
5008
4675
4979
5346
5043
4261
3832
3410
2976
2597
2064
1716
1204
138
-884
-1096
-1067
-1382
-2104
-3025
-3496
-3435
-3562
-3746
-3880
-4101
-4550
-4763
-4618
-4046
-3839
-4425
-4808
-4961
-4780
-4667
-4310
-3885
-3236
-3115
-3026
-2621
-1771
-845
-489
-545
-13
1462
2775
3055
2518
2577
3650
4804
5052
4926
5130
5244
4808
4165
4165
4701
4496
3186
2146
1841
1613
817
-237
-806
-861
-1351
-2400
-3214
-3487
-3514
-3614
-3796
-3869
-3766
-3737
-3820
-3656
-3010
-2205
-1532
-1227
-273
1421
1800
962
945
2602
4990
6170
5159
4055
4333
4849
5260
5819
5755
5189
4240
3011
2673
3312
3280
2256
1355
669
276
-121
-1120
-1711
-1383
-1384
-1968
-2721
-3364
-3549
-3364
-3231
-3201
-2838
-3150
-3816
-4316
-3907
-3313
-3532
-4422
-5004
-4058
-3338
-3656
-4232
-3446
-2115
-1461
-1580
-1549
-592
111
317
945
2795
4176
3934
2994
3073
4609
6030
6001
5381
5463
5470
4732
4018
3971
4329
4171
2806
1289
761
503
-284
-1118
-1616
-1880
-2193
-3151
-4209
-4309
-3905
-3824
-3807
-3797
-3562
-3097
-3142
-3101
-2168
-854
-41
934
2402
2673
1848
1783
3372
5930
7484
6255
4414
4244
4680
5299
5911
5486
4536
3603
2021
1086
1562
1644
813
10
-945
-1447
-1443
-2267
-2966
-2566
-2137
-2306
-2671
-3454
-4066
-3906
-3761
-3543
-2904
-2896
-3508
-3902
-4484
-5127
-5037
-4375
-3803
-3697
-4465
-5248
-4775
-3528
-2647
-2169
-1457
-859
-746
-1027
-687
1224
3385
3703
2834
2938
3830
4473
4492
4432
5020
5563
4672
3181
2914
3104
2671
1853
1067
597
200
-1076
-2535
-2890
-2913
-3194
-3510
-3985
-4433
-4490
-4635
-4743
-4110
-3257
-2714
-2442
-2308
-1862
-823
123
722
2589
4573
4196
2620
2245
3989
6695
7681
6164
4953
4510
3642
3518
4085
4248
3967
2580
338
-296
319
-34
-640
-1069
-1173
-1384
-1716
-2862
-2972
-2489
-2321
-1600
-1765
-1848
-2470
-2877
-3819
-3800
-2227
-1596
-2030
-2228
-3566
-5380
-6137
-5438
-4002
-3420
-3750
-4648
-4434
-3450
-2759
-2543
-1669
-999
-346
385
1275
2846
3582
3119
3066
4328
5433
5974
5527
4895
4853
5086
4570
3911
3851
2992
1653
733
253
-143
-693
-1966
-2939
-3379
-3845
-4110
-4291
-4756
-4785
-4307
-4052
-3793
-3375
-2913
-2528
-1899
-946
219
1362
1774
2436
4448
5495
4749
3922
4276
6031
7710
7313
5463
4439
3780
3056
3266
3558
2944
1901
169
-1299
-1027
-509
-1030
-1616
-1938
-1960
-1650
-1886
-2514
-2373
-1816
-1621
-1255
-891
-1199
-1784
-2498
-2681
-1789
-844
-1449
-2720
-3643
-4546
-5201
-5224
-4713
-4299
-4091
-4515
-4385
-3413
-2786
-2606
-2009
-1119
-187
1109
2226
3098
3802
3932
3857
5169
6659
7044
6695
6030
5481
5386
5124
4482
4167
3372
1924
888
227
-697
-1635
-2593
-3344
-3445
-3570
-4211
-4760
-4969
-5073
-4539
-3629
-2832
-2091
-1582
-1352
-742
274
1355
2518
3388
4258
6084
7266
6173
4593
4852
6369
7950
7862
5825
4252
3148
2006
2046
2688
2163
924
-821
-2302
-1985
-1284
-1781
-2246
-1957
-1616
-1229
-1237
-1866
-1952
-1439
-1003
-264
638
366
-962
-2169
-2633
-1977
-1039
-1388
-2471
-3344
-4846
-6212
-6531
-6081
-5792
-5882
-6157
-5780
-4560
-3799
-3825
-3211
-1961
-818
544
2093
3408
4206
4188
3941
5048
6752
7306
6886
6157
5495
4936
4355
3601
3136
2525
939
-546
-1497
-2557
-3728
-4704
-5357
-5263
-5003
-5503
-6076
-6341
-6408
-5828
-4552
-3328
-2203
-1265
-901
-468
539
1805
2900
3887
4682
6365
7988
7079
4867
4172
5155
6549
7058
5741
3823
2187
399
-345
512
800
-127
-1542
-2770
-2963
-2191
-2263
-2740
-2137
-1182
-535
-286
-649
-1102
-888
-440
221
1226
1318
-194
-1895
-2739
-2597
-1868
-1664
-2950
-4912
-6636
-7739
-7591
-6928
-7157
-7514
-6930
-5878
-4535
-3449
-2999
-2637
-1771
-489
1495
4059
5743
5744
5263
5562
6879
7944
7888
7281
6477
6309
5119
4363
2886
1881
1283
-1288
-1903
-2112
-3462
-5711
-6828
-6575
-6157
-5734
-5840
-6117
-6321
-5566
-4628
-3380
-1530
-288
391
1022
2163
3274
4003
4385
5000
6316
8505
9355
7192
4818
4348
4794
5544
5568
4282
2685
809
-992
-962
-485
-1119
-1784
-2465
-2526
-1584
-1176
-1884
-2066
-1166
-324
778
1435
930
587
309
664
1251
1467
718
-805
-1944
-2714
-2601
-2397
-3447
-5636
-7237
-8200
-8454
-8247
-8690
-8646
-7645
-6308
-4808
-3431
-2342
-2135
-1832
-177
2434
5171
6698
6877
6799
7354
8178
8599
8550
7583
6776
6337
5453
4539
3449
1533
-526
-1904
-2812
-3303
-4042
-5574
-6861
-6871
-6316
-5906
-5712
-5704
-5474
-4596
-3351
-1798
-97
920
1524
2404
3726
4740
5397
5735
6318
7411
8620
9002
8031
6183
4701
4172
4193
4096
3105
1552
256
-652
-1126
-1300
-1791
-2367
-2446
-1960
-1124
-421
-254
-256
253
1080
1831
2344
2268
1905
1596
1607
1644
1230
209
-1140
-2035
-2678
-3000
-3649
-5517
-7687
-8988
-9302
-9064
-9119
-9357
-8616
-6876
-4900
-3386
-2368
-1815
-1066
464
2489
4986
7002
7782
7833
8068
8887
9221
8717
7561
6589
6155
5477
4351
2763
1012
-1003
-2791
-3630
-3921
-4632
-6088
-7348
-7552
-6970
-6642
-6565
-6052
-5113
-4200
-2932
-1402
61
1089
1736
2639
3994
5113
5370
5190
5321
5890
7034
7730
6636
4800
3581
3038
2689
2101
907
-109
-671
-1540
-1920
-1865
-2608
-3053
-2518
-1452
-430
33
-264
-256
770
1606
2069
2550
2367
1908
1800
1569
1126
183
-1263
-2524
-3083
-3487
-4127
-5149
-7132
-9124
-10041
-10294
-10253
-10227
-9969
-8930
-7014
-4963
-3577
-2290
-1123
104
1541
3344
5521
7353
8503
8864
9181
9439
8841
7539
6709
6348
5835
4634
2917
1179
-474
-2272
-4025
-4848
-5331
-6175
-6852
-6975
-6644
-6375
-6361
-6138
-5082
-3454
-2142
-785
605
1590
2306
3049
3920
4809
5339
5391
5534
5742
5645
6048
6061
4660
2925
2101
1796
1585
1075
18
-581
-944
-1915
-2336
-1863
-1798
-1495
-731
-217
483
990
1212
1632
2587
2858
2842
3178
3264
3040
2554
1642
451
-720
-1785
-2621
-3067
-3906
-5124
-6092
-7782
-9589
-10665
-10920
-10683
-10348
-9363
-7532
-5341
-3664
-2836
-1838
-305
1129
2788
4634
6838
8513
8997
9183
9132
9295
8472
7240
6703
6363
5422
3563
2044
865
-702
-2635
-4413
-5247
-5487
-6143
-6461
-6164
-6035
-6259
-6293
-5419
-3913
-2681
-1678
-561
1165
2322
2711
3512
4214
4650
4874
5154
5737
5979
5816
5982
5634
4206
2873
2305
2141
1644
728
-66
-479
-1040
-1971
-1920
-1441
-1609
-1344
-704
77
836
1178
1512
1975
2477
2640
2926
3494
3398
2832
2240
1614
812
-334
-1578
-2323
-2905
-3601
-4479
-5688
-7315
-8974
-9875
-9971
-9821
-9259
-8099
-6159
-4083
-2909
-2059
-1351
-409
843
2341
4558
6726
7899
8483
8677
8999
8724
7737
6894
6445
6220
5433
4434
3547
2188
78
-1682
-2909
-3428
-4079
-4817
-4996
-4979
-5085
-5441
-5251
-4676
-4312
-3739
-2771
-1280
122
829
1437
2206
2743
3089
3851
4994
5616
5451
5282
5475
5448
4742
3872
3566
3098
2229
1570
1265
755
-368
-1357
-1415
-1279
-1450
-1557
-1235
-755
-737
-597
-138
318
460
503
1049
1584
1595
1226
957
675
-14
-791
-1352
-1988
-2548
-3028
-3792
-4837
-5982
-6958
-7229
-7499
-7684
-7520
-6829
-5834
-5037
-4040
-3119
-2746
-2259
-1681
-247
1297
2193
3009
3662
4600
5065
5147
5227
4993
4600
4537
4641
4724
4249
3252
2487
1647
997
290
-440
-942
-1631
-1970
-2078
-2376
-2694
-3205
-3471
-3452
-3368
-3063
-2836
-2548
-2236
-1988
-1496
-1045
-696
-152
648
1626
2367
2664
2983
3086
3129
3137
3198
3326
3289
3167
3111
3113
2947
2367
2048
1813
1469
1396
1543
1674
1460
980
796
808
392
-83
-564
-862
-1080
-1202
-1263
-1585
-2077
-2519
-2829
-3093
-3602
-4040
-4075
-4224
-4602
-4962
-5349
-5374
-5333
-5235
-4624
-4124
-3756
-3362
-2823
-2186
-2118
-2007
-1367
-766
103
555
1343
2282
2684
3222
3479
3727
3669
3549
3910
4303
4486
4383
4261
4179
3762
3129
2710
2142
1573
1133
828
771
349
-249
-704
-1126
-1542
-2101
-2450
-2599
-2835
-2801
-2733
-2544
-2255
-2173
-1663
-1188
-857
-113
506
877
1441
1731
2042
2487
2626
3173
3464
3597
3631
3904
4257
3717
3559
3437
3231
3301
2646
2299
1995
1172
890
546
18
-742
-1444
-1807
-2167
-2497
-3058
-3506
-3878
-4423
-4666
-4535
-4865
-5501
-5683
-5859
-5894
-5777
-5778
-4945
-4356
-4033
-3286
-2641
-2086
-2035
-1725
-860
-224
638
1377
2236
3193
3350
3817
4299
4393
4405
4493
5074
5375
5406
5425
5381
5043
4447
3823
3403
2710
1860
1533
1350
1199
764
21
-500
-1256
-1993
-2288
-2702
-2925
-3009
-2775
-2398
-2230
-2057
-1903
-1560
-893
-283
39
725
899
1398
2245
2619
3209
3022
3068
3447
3702
4059
3587
3624
3589
3444
3711
3136
2751
2209
1740
1592
1105
644
-10
-472
-907
-1423
-1690
-2255
-2694
-3181
-3610
-3718
-4060
-4421
-4741
-5030
-5356
-5588
-5745
-5843
-5550
-5208
-4516
-4108
-3606
-2973
-2749
-2230
-2221
-1696
-920
-464
565
1270
2089
2764
2964
3637
3701
3781
3938
4073
4714
4809
4922
4816
4463
4151
3534
2941
2324
1684
1316
1046
715
263
-345
-913
-1599
-2324
-2797
-3099
-3314
-3394
-3347
-3111
-2930
-2877
-2357
-1450
-851
-822
-321
-50
600
1398
1681
2215
2054
2476
3074
3474
3487
2620
2894
2852
2784
3017
2374
2291
1675
1381
1464
720
-12
-884
-1072
-1297
-1667
-1828
-2441
-2879
-3249
-3521
-3507
-3854
-4343
-4766
-4885
-5203
-5429
-5439
-5607
-5215
-4910
-4384
-3770
-3511
-3264
-3127
-2762
-2038
-1816
-1692
-470
393
962
2095
2796
2762
2820
3061
3304
3651
4462
4884
4830
4799
4521
4474
4034
3375
3265
2769
2416
1966
1397
923
143
-301
-784
-1217
-1781
-2451
-2784
-3179
-3379
-3311
-3144
-2975
-2650
-2046
-1372
-947
-290
62
614
1320
1692
2426
2559
2927
3391
3785
4219
3811
3785
3642
3308
3385
2970
2710
2227
1643
1447
880
293
-424
-929
-1346
-1846
-1993
-2502
-2934
-3446
-3749
-3685
-3813
-3987
-4594
-4735
-4923
-5071
-5087
-5350
-5271
-4887
-4133
-3417
-3021
-2836
-2626
-2169
-1731
-1308
-672
-127
581
1423
2270
2776
2805
3004
3136
3392
3557
3788
4211
4143
4226
4211
4123
3700
3039
2521
2049
1742
1489
1268
838
265
-223
-564
-1015
-1574
-2115
-2386
-2481
-2469
-2376
-2274
-2088
-1830
-1293
-912
-415
230
687
1149
1643
2010
2503
2884
3209
3594
3740
3773
3880
4158
4039
3719
3599
3303
2973
2635
2139
1820
1196
577
235
-199
-655
-1072
-1418
-1872
-2224
-2461
-2909
-2968
-3059
-3242
-3519
-3677
-3744
-4126
-4162
-4363
-4517
-4430
-4359
-3650
-3127
-2576
-2346
-2217
-1830
-1503
-1172
-686
-307
345
1266
1950
2572
2680
2767
3068
3207
3330
3456
3598
3840
4030
4042
3973
3470
3049
2526
2125
1827
1344
1251
848
524
203
-202
-625
-1235
-1716
-2002
-2051
-1981
-1966
-1921
-1987
-1930
-1728
-1248
-368
297
275
779
1029
1361
2056
1892
2401
2323
2877
3741
3730
3911
2789
2637
2767
2057
2296
1523
1298
1254
787
742
-278
-1095
-1673
-1857
-1928
-2637
-2685
-2802
-2902
-2970
-3285
-3611
-4136
-4289
-4466
-4363
-4300
-4727
-4626
-4782
-4606
-3890
-3627
-3512
-3483
-3000
-2304
-1881
-1472
-1218
-888
-174
589
1239
1730
1857
2151
2710
2900
3132
3194
3270
3508
3408
3531
3425
3106
2658
2198
2063
1697
1353
1088
641
257
-30
-328
-765
-1295
-1661
-1794
-1735
-1890
-1997
-2025
-2032
-1755
-1331
-605
248
421
711
1195
1154
1828
1857
2086
2393
2539
3647
3771
3829
3233
2471
2857
2247
2100
1869
1231
1399
1049
855
201
-884
-1391
-1794
-1717
-2170
-2289
-2191
-2359
-2412
-2711
-2685
-3288
-3623
-3652
-3685
-3205
-3594
-3559
-3374
-3658
-3254
-3070
-2930
-2972
-2787
-2039
-1813
-1559
-1260
-1041
-496
-42
577
1140
1275
1457
1947
2413
2617
2835
2921
3157
3299
3351
3522
3262
2923
2666
2609
2430
1982
1655
1185
782
549
352
7
-497
-849
-1068
-1117
-1305
-1497
-1453
-1403
-1199
-944
-507
-171
89
786
1018
1178
1464
1562
2123
2213
2530
2809
2972
3295
3037
3122
2719
2182
2186
1787
1662
1303
939
764
128
-361
-956
-1382
-1531
-1891
-1941
-2291
-2437
-2421
-2568
-2749
-2969
-2842
-2740
-2556
-2696
-2897
-2597
-2766
-3000
-2719
-2378
-2009
-1833
-1712
-1475
-1370
-1175
-964
-866
-723
-149
560
1102
1352
1648
1899
2162
2471
2489
2619
2646
2827
3323
3520
3549
3303
2996
2845
2535
2337
2086
1819
1582
1350
1192
930
596
200
-156
-334
-459
-549
-698
-662
-383
55
339
429
674
568
842
1055
1167
1505
1630
2267
2519
2723
2749
2404
2540
2110
2010
2091
1852
1858
1538
1362
1034
377
-78
-699
-915
-1146
-1480
-1549
-1951
-2027
-2341
-2655
-2759
-2949
-3002
-3143
-2986
-2781
-2801
-2844
-2947
-3158
-3210
-3033
-2772
-2556
-2238
-1912
-1564
-1329
-1130
-1009
-949
-774
-316
252
722
1179
1270
1439
1726
1737
1791
1652
1715
1985
2183
2414
2273
2137
1921
1669
1504
1142
825
705
640
576
484
343
137
-153
-487
-750
-709
-571
-352
-72
71
253
229
228
211
161
432
594
971
1267
1457
1658
1501
1527
1424
1171
1143
1072
1214
1198
1040
906
567
249
-214
-536
-854
-1141
-1327
-1441
-1456
-1493
-1870
-2283
-2332
-2502
-2810
-3036
-2961
-2864
-2637
-2678
-2862
-3106
-3042
-2885
-3074
-2941
-2372
-1894
-1625
-1517
-1241
-996
-907
-648
-626
-512
11
595
1125
1243
1278
1575
1710
1897
1704
1542
1668
1779
2151
2206
2006
1879
1661
1546
1295
918
672
541
662
680
578
516
356
242
230
188
251
353
557
718
859
979
979
933
1019
1138
1113
1280
1455
1495
1505
1488
1525
1324
1180
1122
905
759
742
773
594
295
135
-123
-299
-596
-917
-1250
-1302
-971
-1313
-1885
-1998
-1951
-2050
-2304
-2472
-2668
-2707
-2608
-2406
-2700
-2808
-2839
-2905
-2808
-2761
-2491
-2177
-1946
-1819
-1646
-1324
-1135
-954
-817
-607
-129
369
838
975
1193
1523
1666
1913
1885
1906
2027
2107
2308
2364
2283
2098
1854
1767
1541
1289
1103
972
927
819
740
669
492
281
433
510
495
544
537
655
734
931
1123
1159
1157
1289
1515
1610
1666
1683
1516
1672
2001
2013
1646
1361
1365
1349
1334
1029
725
501
498
428
178
-412
-584
-331
-696
-1109
-1086
-957
-1300
-1684
-1668
-1272
-1582
-1941
-1905
-1720
-1652
-1897
-2078
-1903
-1906
-1837
-1807
-1945
-1865
-1780
-1620
-1291
-1137
-1212
-1144
-773
-555
-410
-179
-23
207
483
842
1144
1288
1350
1451
1595
1694
1780
1834
1869
2008
1977
1852
1653
1466
1347
1144
1097
944
783
687
585
554
447
345
220
139
72
96
313
377
257
145
410
561
549
684
651
852
1149
1344
1133
970
1172
1249
913
794
690
550
234
331
310
130
90
-461
-719
-784
-557
-741
-1292
-1513
-1390
-1355
-1252
-1357
-1724
-2127
-1957
-1576
-1723
-1930
-2081
-2276
-2340
-1950
-1740
-1941
-2173
-2091
-1920
-1955
-1791
-1808
-1877
-1963
-1708
-1160
-868
-908
-1059
-1010
-891
-616
-274
-88
-59
-15
230
551
682
589
490
416
564
819
917
923
763
622
664
665
624
406
233
167
222
486
395
262
126
41
333
292
348
271
300
636
722
812
808
961
847
709
1138
1258
1054
809
865
1310
767
643
494
425
493
317
240
-52
-124
-135
-91
7
45
-443
-817
-454
-513
-933
-910
-530
-587
-1013
-892
-903
-1054
-1062
-748
-909
-1229
-1162
-707
-973
-1266
-1037
-1073
-1235
-1173
-874
-916
-1023
-927
-833
-948
-855
-644
-441
-484
-649
-526
-276
-198
-138
106
-63
-133
-112
7
34
-148
-96
-63
-233
-265
-177
-208
-324
-383
-411
-428
-450
-303
-239
-307
-207
-121
-46
81
260
419
544
636
786
966
1100
1228
1281
1289
1148
1523
1700
1598
1372
1500
1481
1024
1143
1295
927
667
894
575
75
43
479
76
-214
-105
-196
-645
-619
17
-98
-562
-460
-238
-471
-142
102
0
-251
-64
-49
-255
-229
42
-144
-310
-236
-311
-721
-556
117
-17
-438
-517
-358
-336
-222
-44
-93
-242
-75
-72
99
262
323
203
329
575
479
521
492
472
406
345
525
443
227
224
218
119
-105
-26
-78
-241
-340
-323
-236
-220
-347
-422
-279
-231
-169
-57
23
7
347
550
434
448
634
875
934
952
898
827
873
935
813
672
776
765
638
537
355
285
171
73
66
4
-255
-121
-111
-244
-253
-256
-476
-353
-362
-32
324
-218
-274
-561
-948
-978
-722
-204
-143
-187
-717
-955
-804
-539
-122
-357
-515
-557
-1125
-1202
-653
-352
-408
-564
-669
-402
-515
-680
-390
-182
-259
-349
-319
2
57
18
177
130
-34
-39
47
-37
53
-156
-119
-159
-184
-331
-358
-161
-226
-510
-629
-448
-476
-634
-268
-127
-306
-314
-93
-141
-262
77
103
15
211
195
-84
29
254
335
53
-15
122
0
-73
-62
60
183
-70
-144
-156
-388
-378
-75
-70
-334
-397
-246
-308
-561
-99
-197
-440
19
-109
-540
-373
-169
-141
-205
-149
-37
-413
-870
-410
-152
-516
-701
-655
-667
-818
-680
-344
-535
-792
-627
-417
-683
-461
-104
-65
-47
-293
-42
61
152
519
513
229
633
471
174
503
628
59
93
570
404
-200
31
363
113
-145
34
105
-1
-257
216
-3
-440
32
137
-201
-233
184
131
218
42
523
263
-50
452
410
124
509
490
55
176
412
220
78
112
307
350
35
-76
29
83
-237
-4
395
-190
-163
365
105
-36
-29
74
-159
-156
-15
234
22
-297
-286
-414
-170
-396
-146
-431
-199
-508
-792
-309
-545
-541
-344
-377
-671
-443
-482
-249
-8
186
142
14
293
88
39
374
749
491
920
1025
627
700
969
1087
828
668
479
737
749
367
760
711
354
234
511
373
363
722
121
393
588
311
290
844
417
73
635
771
682
280
623
737
248
511
548
590
789
390
307
416
301
488
873
383
270
574
286
518
409
294
512
-79
-32
110
184
-239
-257
248
415
-395
-167
151
-318
-143
384
53
-273
-367
-119
-29
-274
-6
125
-511
-479
-17
-304
-690
-147
31
-619
-207
70
-175
110
-253
325
339
-250
-84
363
488
258
209
376
536
94
117
268
181
227
298
588
228
38
479
157
205
340
470
139
-20
193
-158
-21
375
8
-194
-129
181
6
-798
-122
523
-693
-448
441
-316
-711
-34
-134
39
-92
-224
172
-312
-337
-112
-47
-680
-139
-20
-750
-411
-363
-140
-383
-914
-502
-599
-632
-794
-51
-399
-998
-266
-407
-604
-860
-93
-706
-1012
-259
-99
-546
-816
-78
-333
-472
-626
-330
-233
-269
-81
-122
16
75
-526
-334
485
-252
54
544
-637
-19
447
-248
83
192
76
149
481
342
515
204
-29
761
104
-72
513
522
842
298
197
149
543
-42
271
230
267
168
-317
259
183
11
-686
62
424
-496
-420
254
-161
-232
269
570
-58
-268
249
438
167
76
380
68
281
296
-383
-56
353
-69
166
62
56
-852
-471
306
-527
-428
-256
-574
-854
-634
-337
-413
-544
-31
-682
-349
-60
-589
-350
125
-295
-82
-230
-157
336
-399
158
795
-164
-429
526
648
-463
139
585
-551
-32
455
96
72
-135
93
163
-375
403
818
-217
32
1141
132
-483
715
1064
331
591
794
-95
389
494
254
298
1040
72
-500
385
369
167
-370
-102
873
27
-356
68
-358
284
528
56
354
916
-33
833
638
-36
1067
986
189
924
752
-173
826
1093
-1097
629
1320
-112
-779
1103
1223
-1290
-465
1346
-189
-1935
785
1076
-1604
-474
1784
-350
-1754
1384
538
-865
322
41
502
430
158
95
270
438
2
264
178
856
537
-523
1210
856
-745
376
544
-627
901
502
-233
668
502
57
4
1108
565
48
492
1117
828
-1088
944
1454
-618
534
97
465
324
249
472
-297
-24
635
-278
-253
850
-182
55
-209
-298
425
-321
82
771
221
-1270
-296
1156
-448
-294
461
-552
-451
570
-484
-683
-27
353
410
-875
-92
149
-837
-96
839
-748
-1284
-529
168
-167
-1745
-411
364
-1284
-1431
-53
53
-1139
-804
-1026
-69
-318
-722
-155
-524
146
-263
-1269
234
149
-1340
-290
446
-119
-529
-581
378
-290
-244
-939
-416
469
-473
-1019
827
449
-2109
31
1491
-901
-518
1340
-207
-657
151
48
234
152
3
-654
752
728
-445
-243
-138
668
269
-287
-45
202
114
-280
644
125
-1669
-978
1731
-377
-1396
-90
316
-614
-1156
359
287
-659
-839
195
648
-1028
-486
3
-54
-410
-688
427
-432
-599
-320
-17
645
-1520
-841
848
38
-1688
-467
910
-913
-1010
-298
-20
592
-531
-1038
-369
868
-718
-1208
125
-51
6
-432
537
7
-1276
-527
1752
-26
-1752
505
895
-26
-1475
235
1909
-1461
-895
1422
1683
-1138
-1589
1941
369
-1201
7
692
842
10
-46
599
674
-204
546
452
-78
948
-199
534
947
43
10
184
1394
-482
-1178
1162
585
-665
-32
796
-116
-1052
-166
407
-646
-942
319
909
-570
-778
520
-413
-486
122
-474
357
366
-315
-553
-257
472
129
-685
-353
1105
-464
-1413
1054
794
-1501
149
569
-759
-307
-110
75
296
-417
-818
884
481
-1131
563
1378
-923
563
481
-215
465
497
122
-172
1307
483
-248
939
-225
415
373
403
-19
-88
61
713
597
193
680
733
-40
493
1649
-483
44
1118
1007
280
346
1322
-205
658
1694
141
710
1122
1010
134
1018
351
-665
1195
352
-331
400
506
345
-417
-189
21
-676
524
-682
-395
571
-327
-1031
139
378
-964
-1190
846
655
-1158
-230
889
348
-869
-666
256
247
-495
201
661
-713
-104
66
292
375
-350
23
195
572
477
-1498
-121
823
-898
-618
585
-461
-1092
318
-22
-54
-1286
-667
1290
-874
-1177
-5
182
-147
-1854
792
308
-1471
-1026
967
565
-1926
-315
316
-329
-420
-671
576
-396
-887
621
-198
-522
-335
213
200
-37
317
-496
359
521
-1252
684
557
-413
14
-230
-316
-693
-928
245
-792
-1264
-47
-909
-2016
286
-32
-2188
-128
-28
-986
-840
-1358
442
-771
-797
550
-947
-809
272
361
-1235
375
-133
-405
376
-1376
909
944
-1568
-623
1329
45
-1703
658
630
300
111
-922
1564
-766
-1957
804
1229
-1721
-653
1455
-575
-936
-385
214
235
-1062
-157
845
448
-865
-554
1218
-441
-840
182
229
-1044
-437
1006
-673
4
604
-1403
450
1276
-1006
-615
1288
521
67
80
126
464
-155
-816
1040
579
-596
567
969
1570
-926
-979
1346
156
-1775
399
1248
-710
-668
-51
-44
-829
-721
-1210
512
298
-1369
378
788
-1341
-1296
94
158
-763
-223
558
1463
-595
-818
16
-76
140
-323
988
553
292
-573
200
1090
-998
-549
956
757
-1340
-808
1240
945
-1524
330
1805
68
-1407
201
1388
-491
-1100
507
964
-483
-1114
361
439
-609
174
657
-129
-316
732
-89
-819
105
98
-259
375
-433
-91
1309
213
-803
60
1420
-43
-304
1558
965
678
273
1605
1448
-639
719
2374
586
-758
1052
1121
-265
-11
422
735
-88
-839
1042
1241
-779
-208
909
-1104
-970
687
-957
178
67
-812
134
552
-443
-351
1419
449
386
924
577
95
646
1000
-64
653
1111
150
285
383
512
931
1306
97
-628
362
29
-64
-106
-94
786
852
-780
-184
1206
-625
-1642
2311
826
-1581
367
176
-204
-462
738
-217
-256
-433
-22
1495
-120
-564
1639
917
-979
-363
1446
797
-1639
749
1624
-1206
-735
940
-71
135
313
-21
1034
-188
1154
990
-1267
508
534
-671
-629
921
-326
-1433
116
156
-879
-804
308
-385
-474
-497
176
-77
-896
-284
-1736
-932
237
-608
-873
-197
32
-729
-551
-578
269
-50
-134
732
-119
-754
427
-89
-569
-208
13
-305
-628
-33
552
-788
-966
438
361
-1391
-629
2394
-534
-1386
609
-325
-1003
-477
18
-1034
-901
-106
-800
618
-477
-1886
-164
1542
185
-1306
-63
87
1049
-567
-69
429
-786
-406
532
1586
52
-844
254
1094
1483
-582
-506
624
-232
-1
-645
516
-147
-1628
1113
683
107
-1267
-555
1530
-97
58
945
14
-850
102
-30
-346
-514
-30
-203
-92
-81
-1595
40
193
-1017
-326
-3
-561
-363
-584
-991
522
201
-1150
-157
1744
-585
-1391
898
1214
-524
-278
1207
116
120
-1147
142
749
-289
-242
90
191
332
-158
-660
-25
-928
67
-159
583
731
-569
260
402
-893
-401
-411
-39
-137
244
501
-237
-89
-817
460
172
-198
350
670
-931
150
1619
2
-1468
-1257
937
1463
-1439
-166
2378
679
-188
1156
1436
-75
-66
1243
1592
-212
-641
456
-220
-816
-506
-356
273
223
-1280
-347
689
-582
-1241
872
-338
-1138
319
244
846
-309
-1138
-645
724
297
-812
-350
475
503
1017
620
-71
-17
-9
1199
819
1293
166
-739
774
1536
-599
-255
420
-280
-366
895
929
-606
88
743
968
-102
-428
1413
883
-755
853
1685
-93
-833
181
1253
859
-168
-48
1162
307
-548
393
279
211
-226
-4
1675
1228
-776
853
652
-811
1386
1152
503
326
1462
233
-1046
986
144
8
-91
1298
1854
397
-398
-342
653
-343
-554
1150
380
-257
-159
496
240
-1155
-820
381
835
-191
-423
256
-815
-397
-461
-212
-434
94
949
-548
-237
891
431
-920
396
1609
-125
36
306
-11
-7
-721
-1108
-881
394
243
-525
-149
-276
-801
-421
-766
605
-120
-558
169
-132
-61
-587
-600
399
765
-163
-1044
585
868
-1467
-1079
388
1200
-677
-1424
-103
395
-1258
-1257
437
-160
-1122
-1262
-1064
134
-395
-1513
333
443
-665
-1028
-631
466
-391
28
537
421
-50
-1068
-807
869
557
-420
-174
-231
239
495
-1342
-523
1481
-1415
-1749
769
146
-1456
-1013
146
66
-1135
-868
-172
-766
491
-481
-248
28
-62
-778
-982
474
-187
-449
246
1433
327
-1089
-346
200
435
-284
-293
320
225
-433
-1323
-250
34
-1322
184
533
340
-138
-938
343
-497
-772
542
436
585
483
-248
16
426
-575
-450
747
885
761
-354
-947
-87
-531
-620
256
419
293
-781
-803
-156
-661
-921
-620
259
250
-181
442
-268
-145
-363
-227
1114
1333
617
-352
216
488
-328
-898
441
971
-95
-392
-141
-294
-646
-1304
-606
463
-122
467
74
-1219
-711
-180
-801
-374
478
-34
-560
49
302
-978
-505
1242
329
-109
788
442
-576
-337
295
512
358
84
333
-120
-98
128
-366
-25
533
93
-454
-208
217
-40
-255
145
524
130
-73
341
128
8
137
470
329
302
260
-68
142
38
213
76
-38
499
317
78
137
133
350
404
237
439
378
297
457
242
310
645
563
217
299
788
539
328
600
456
267
522
927
646
15
431
703
24
341
447
312
221
73
59
315
110
-265
-207
394
301
453
285
-175
81
216
67
147
726
240
-120
265
-68
151
192
-191
122
35
453
118
84
315
92
389
119
420
621
158
124
412
562
485
559
414
314
386
395
544
466
89
148
264
301
490
342
8
-111
-236
-4
393
-162
-372
-25
-221
-424
185
30
-856
-523
-176
-48
-71
-280
-284
-556
-171
-64
-294
-113
-155
-417
-343
-210
-234
-330
-755
-359
-405
-517
-67
-468
-803
-866
-819
-936
-636
-556
-1014
-835
-828
-858
-858
-813
-698
-640
-774
-882
-615
-687
-920
-800
-507
-252
-306
-463
-453
-360
-413
-364
50
178
156
160
96
346
467
526
521
543
870
788
754
996
920
904
961
1057
1325
1299
978
799
951
1200
1005
931
1087
857
594
634
576
370
365
315
117
35
128
147
-488
-691
-508
-613
-753
-835
-699
-1152
-1653
-1593
-1699
-2008
-1854
-1832
-2234
-2168
-2339
-2777
-2765
-2848
-2797
-2840
-3004
-2983
-2923
-2610
-2036
-1467
-1378
-1465
-1496
-1093
-280
447
896
939
1217
1534
1738
2059
2550
2985
3022
2903
2971
3241
3074
2727
2709
3040
3489
3247
2587
2085
1797
1470
1571
1913
1800
1282
508
86
202
392
247
267
367
174
33
-43
27
584
236
-713
256
1420
679
-392
-452
-128
-298
-315
-78
-266
-801
-1360
-1893
-2468
-2088
-1606
-2141
-3125
-3707
-4003
-4190
-4057
-3744
-3372
-3200
-3287
-3306
-3081
-2724
-2393
-2000
-1272
-205
608
490
336
733
1563
2420
2932
3482
3776
3650
3146
2979
3528
4070
4074
3737
3413
3238
2700
1993
1854
2212
2632
2520
1920
1199
542
60
351
1135
1448
1095
282
-296
-300
63
541
987
1111
932
565
629
801
851
924
1208
1321
1176
829
101
-478
-698
-455
-136
-143
-781
-2037
-2904
-3051
-2797
-2725
-3116
-3946
-4679
-4919
-4279
-3173
-2750
-3343
-4206
-3977
-2768
-1719
-1257
-916
-415
-44
-66
514
1994
2993
2759
2461
3016
4000
4297
3846
3771
4084
4316
4080
3988
4094
3613
2400
1810
2219
2605
2445
1887
1342
802
163
-159
257
712
588
-19
-431
-276
-170
-280
-85
483
623
410
398
538
657
518
429
767
906
527
-165
-690
-857
-999
-1149
-1154
-1372
-2061
-2990
-3587
-3513
-3525
-3935
-4533
-5094
-5215
-4735
-3890
-3699
-4356
-4940
-4582
-3380
-2325
-1818
-1479
-1184
-1057
-947
-72
1506
2620
2524
2056
2405
3284
3651
3330
3340
3877
4057
3602
3274
3356
3081
2291
1729
1926
2308
1940
1065
565
517
423
203
178
265
95
-326
-549
-298
62
-24
-188
-11
332
340
245
393
617
561
433
570
689
604
51
-415
-374
-501
-752
-1144
-1619
-2134
-2816
-3229
-3376
-3628
-4316
-4966
-5368
-5127
-4250
-3698
-4064
-5035
-5376
-4527
-3190
-2341
-1835
-1517
-1469
-1462
-1086
198
1801
2616
2305
1980
2553
3266
3633
3709
4056
4495
4391
3978
3727
3808
3588
3043
2729
2919
2993
2182
1225
956
1288
1384
1060
651
256
-100
-351
-156
320
382
-64
-461
-337
18
283
335
477
468
235
214
390
466
221
-159
-328
-387
-642
-895
-1082
-1498
-2063
-2587
-2780
-2986
-3492
-4132
-4692
-4861
-4257
-3588
-3650
-4414
-5186
-4981
-3839
-2825
-2316
-1994
-1837
-1847
-1730
-1015
511
1848
2010
1568
1682
2466
3036
3246
3532
3996
4279
3917
3493
3544
3742
3452
3017
3019
3212
2869
1968
1325
1512
2013
1912
1334
789
394
242
359
754
1069
783
181
-82
156
618
928
994
910
639
451
706
986
1032
730
411
146
-185
-583
-801
-984
-1372
-1956
-2407
-2611
-3023
-3919
-4562
-4610
-4281
-3627
-3282
-3773
-4751
-5248
-4621
-3127
-2145
-2013
-1956
-1778
-1719
-1319
-177
1366
2378
2177
1702
2049
2997
3579
3724
4072
4569
4650
4123
3725
3965
4130
3864
3620
3565
3479
2782
1812
1608
2117
2439
2042
1282
662
287
224
552
1095
1234
545
-273
-444
-25
511
818
850
623
170
-76
140
474
572
344
-61
-360
-727
-1053
-1125
-1142
-1468
-2049
-2569
-2920
-3312
-3885
-4266
-4085
-3640
-3507
-4005
-4715
-5030
-4604
-3838
-3251
-3036
-2919
-2741
-2593
-2202
-1370
-190
655
907
784
934
1666
2310
2612
2863
3313
3566
3300
3061
3163
3519
3615
3281
3035
2954
2638
1920
1725
2298
2698
2173
1333
843
699
774
838
942
962
500
-241
-417
-18
392
468
283
42
-309
-569
-464
-109
-54
-363
-777
-1111
-1420
-1650
-1635
-1569
-1809
-2343
-2992
-3442
-3682
-3836
-4106
-4045
-3756
-3760
-4134
-4718
-4924
-4421
-3285
-2579
-2652
-2896
-2749
-2152
-1577
-1045
-164
761
919
496
562
1528
2601
2906
2775
2995
3331
3280
2847
2978
3653
3845
3267
2723
2760
2723
2258
1780
2039
2800
2637
1496
657
740
923
1199
1519
1517
982
62
-399
163
1065
1240
867
317
-91
-263
-164
401
685
246
-532
-1059
-1205
-1324
-1361
-1343
-1531
-2106
-2952
-3424
-3490
-3569
-3938
-4056
-3791
-3637
-3929
-4660
-4954
-4354
-3390
-2877
-2866
-3069
-2899
-2332
-1782
-1191
-305
611
754
393
443
1530
2714
3039
2842
2942
3382
3394
3150
3287
4002
4258
3611
3039
3115
3236
2910
2679
2921
3171
2588
1653
1445
1717
1728
1512
1499
1461
944
309
200
722
921
594
295
214
-42
-353
-284
89
219
-439
-1032
-1173
-1301
-1598
-1732
-1512
-1537
-2284
-3219
-3443
-3218
-3177
-3577
-3795
-3485
-3357
-3716
-4233
-4170
-3358
-2567
-2216
-2190
-2298
-2124
-1706
-1105
-431
291
861
862
616
802
1739
2582
3041
3020
2931
3180
3288
3275
3466
4000
4132
3577
2947
2948
3256
3246
2932
2954
3231
2908
2215
1953
2105
2162
1983
1847
1930
1739
1139
818
1248
1613
1414
956
849
665
299
276
555
664
121
-689
-1135
-1168
-1337
-1427
-1481
-1796
-2573
-3433
-3667
-3465
-3537
-4001
-4097
-3825
-3786
-4257
-4746
-4460
-3562
-2874
-2888
-2954
-2814
-2468
-1893
-1304
-505
284
615
430
460
1103
2186
2884
2928
2838
2926
3001
3082
3255
3670
3881
3483
2764
2371
2523
2555
2402
2344
2725
2561
1580
837
1136
1677
1756
1526
1236
862
199
-149
472
1417
1303
490
-108
-141
-85
-128
199
456
-168
-1229
-1729
-1500
-1307
-1522
-1823
-2081
-2609
-3472
-4004
-3811
-3524
-3987
-4440
-4206
-3909
-4185
-5026
-5038
-4035
-3041
-2961
-3356
-3442
-3061
-2537
-1884
-889
-13
182
-311
-505
205
1446
2377
2474
2143
1950
1959
2219
2717
3201
3399
3060
2369
2071
2442
2742
2823
2970
3025
2450
1554
1261
1663
2248
2356
1926
1456
1017
603
607
1296
1823
1478
526
31
122
214
244
418
365
-359
-1292
-1744
-1511
-1361
-1627
-2060
-2398
-2977
-3721
-4024
-3803
-3657
-3973
-4261
-4137
-3954
-4283
-4882
-4694
-3522
-2495
-2532
-3227
-3300
-2677
-1762
-1006
-241
399
351
-86
-139
887
2299
3049
2763
2224
2139
2400
2771
3229
3726
3729
3087
2423
2346
2753
2941
2799
2726
2709
2216
1546
1408
1695
1961
1800
1526
1346
1026
541
454
1017
1459
1137
478
162
134
157
228
490
536
-131
-1061
-1497
-1291
-1077
-1248
-1603
-2110
-2830
-3559
-3814
-3493
-3367
-3642
-3919
-3968
-4190
-4698
-4906
-4150
-2961
-2620
-3226
-3725
-3262
-2363
-1579
-1057
-377
155
-103
-464
81
1503
2543
2587
2201
2152
2476
2666
2898
3467
3927
3695
3037
2755
2985
3407
3475
3539
3643
3176
2411
2074
2412
2782
2620
2192
1899
1585
1132
1001
1416
1789
1640
973
567
660
658
552
652
701
206
-597
-1135
-1162
-945
-999
-1375
-1721
-2332
-3014
-3382
-3236
-3088
-3214
-3416
-3522
-3658
-4135
-4391
-3730
-2495
-1968
-2497
-3184
-2959
-2022
-1120
-517
2
422
224
-252
178
1512
2654
2726
2159
1971
2227
2571
2781
3158
3573
3522
2860
2358
2633
3121
3200
3159
3080
2703
2053
1657
1874
2449
2496
1955
1498
1158
920
906
1296
1694
1506
722
133
180
449
522
463
286
-243
-1027
-1489
-1484
-1257
-1389
-1926
-2491
-2942
-3298
-3519
-3415
-3318
-3474
-3853
-4041
-4203
-4414
-4538
-4038
-3092
-2717
-3236
-3704
-3242
-2318
-1617
-1244
-700
-325
-572
-891
-307
1121
2067
1907
1355
1409
1874
2083
2174
2587
3080
2886
2289
2114
2405
2709
2694
2840
2959
2467
1593
1249
1751
2222
2141
1707
1347
908
471
582
1167
1499
1008
166
-287
-181
-1
14
65
-136
-869
-1650
-1849
-1479
-1269
-1483
-2039
-2540
-2943
-3315
-3317
-3102
-3097
-3410
-3724
-3807
-3909
-4159
-3987
-3081
-2270
-2447
-3182
-3228
-2430
-1580
-1118
-668
-70
61
-419
-467
649
1968
2260
1712
1515
1833
1966
1997
2486
3224
3336
2527
1906
2314
2849
2783
2676
2898
2735
1897
1311
1678
2282
2194
1557
1297
1334
961
553
862
1479
1322
485
-9
193
272
-25
-130
69
-129
-1083
-1720
-1506
-1102
-1379
-1975
-2245
-2470
-2979
-3461
-3316
-2882
-2837
-3329
-3770
-3812
-3801
-3677
-3002
-2236
-2148
-2737
-2970
-2297
-1350
-834
-528
-65
144
-95
-157
809
1926
2226
1832
1689
2035
2101
2048
2582
3356
3378
2541
2076
2467
2924
2721
2562
2750
2596
1871
1362
1720
2144
1914
1386
1330
1315
907
517
817
1306
1051
425
115
223
103
-185
-159
21
-322
-1081
-1523
-1314
-1150
-1486
-1879
-2054
-2378
-2786
-2962
-2742
-2321
-2412
-2872
-3213
-3149
-3048
-2668
-2027
-1548
-1817
-2271
-2101
-1273
-516
-187
307
596
619
403
799
1816
2521
2393
2062
2146
2282
2313
2661
3298
3618
3107
2491
2529
2900
2953
2711
2707
2710
2324
1753
1688
2000
2039
1709
1474
1541
1269
933
947
1289
1366
965
635
530
399
111
15
114
31
-536
-1059
-1112
-1075
-1269
-1643
-1898
-2120
-2484
-2888
-2936
-2657
-2648
-2923
-3250
-3325
-3126
-2710
-2246
-1937
-2010
-2181
-1926
-1276
-659
-258
1
203
298
375
780
1538
2031
1899
1696
1739
2037
2229
2315
2444
2389
2178
1979
2015
2196
2148
1901
1810
1785
1556
1270
1125
1130
956
717
630
635
452
183
227
382
392
157
-77
-197
-343
-444
-455
-396
-592
-1050
-1335
-1419
-1419
-1525
-1815
-2153
-2448
-2792
-2973
-2823
-2680
-2833
-3216
-3422
-3308
-3059
-2676
-2316
-2183
-2335
-2408
-2027
-1267
-656
-340
-186
-143
-26
201
786
1410
1661
1502
1297
1529
1953
2242
2373
2396
2306
2086
2068
2240
2329
2163
1912
1682
1536
1322
1083
962
868
722
539
397
251
109
-31
-56
42
-3
-232
-417
-532
-585
-590
-629
-693
-857
-1098
-1224
-1269
-1296
-1407
-1685
-1862
-2004
-2151
-2219
-2192
-2155
-2264
-2506
-2609
-2412
-2005
-1704
-1616
-1688
-1708
-1540
-1051
-454
-75
72
62
149
402
856
1347
1682
1643
1506
1562
1922
2271
2421
2545
2434
2323
2182
2147
2179
2222
2076
1810
1553
1317
1091
912
866
760
515
297
77
-113
-178
-192
-187
-276
-475
-745
-950
-983
-920
-894
-947
-1087
-1276
-1409
-1444
-1440
-1375
-1464
-1677
-1873
-1987
-1861
-1825
-1840
-1921
-1984
-1955
-1926
-1757
-1323
-967
-1020
-1244
-1138
-614
-41
221
312
549
654
619
808
1347
1912
1950
1822
1812
2044
2216
2348
2602
2706
2432
2055
2048
2334
2369
2045
1755
1622
1325
1017
1135
1323
1146
704
377
394
434
187
-30
-53
-138
-435
-686
-629
-669
-821
-1155
-1058
-838
-1051
-1342
-1464
-1346
-1370
-1505
-1615
-1586
-1720
-1880
-1760
-1385
-1234
-1368
-1585
-1333
-770
-319
-157
-256
-170
48
580
1092
1456
1613
1560
1368
1484
1876
2380
2667
2495
2270
2197
2238
2296
2424
2577
2445
1961
1716
1706
1655
1511
1345
1262
1038
642
408
388
449
253
65
39
-9
-281
-567
-495
-374
-515
-806
-971
-1039
-1222
-1358
-1330
-1222
-1407
-1804
-2055
-2025
-1979
-2047
-2081
-2153
-2202
-2323
-2282
-2116
-2019
-2094
-2110
-1836
-1257
-815
-618
-673
-564
-7
714
1092
1300
1384
1429
1376
1405
2028
2762
2913
2313
1918
2023
2283
2384
2475
2444
1904
1191
869
1236
1517
1166
602
269
84
-130
-207
-120
-206
-649
-1088
-1070
-922
-1007
-1288
-1330
-1258
-1437
-1773
-1861
-1739
-1799
-2047
-2144
-2096
-2201
-2463
-2607
-2513
-2429
-2537
-2666
-2559
-2456
-2411
-2457
-2317
-2049
-1729
-1328
-914
-640
-628
-590
-73
829
1361
1589
1605
1696
1709
1836
2448
3224
3536
3039
2494
2449
2786
3086
3163
3154
2700
1876
1400
1607
1929
1748
1175
644
258
-40
-155
31
61
-424
-1050
-1215
-1105
-1112
-1258
-1424
-1474
-1696
-1940
-1948
-1803
-1846
-2094
-2242
-2179
-2261
-2521
-2625
-2560
-2500
-2584
-2562
-2387
-2226
-2327
-2387
-2133
-1726
-1292
-939
-538
-350
-472
-323
344
1238
1726
1745
1626
1705
1861
2237
3075
3694
3607
2806
2499
2884
3376
3600
3517
3316
2666
1981
1832
2269
2492
1965
1158
689
478
268
185
296
51
-569
-1087
-1125
-1020
-1214
-1484
-1564
-1695
-2004
-2224
-2248
-2139
-2347
-2514
-2540
-2476
-2590
-2893
-2940
-2846
-2707
-2664
-2464
-2289
-2326
-2515
-2272
-1820
-1227
-741
-377
-289
-367
-284
303
1306
1928
2037
1821
1803
1966
2460
3201
3793
3683
3161
2803
2949
3331
3705
3931
3626
3067
2490
2381
2672
2803
2445
1916
1414
1054
797
799
773
537
-66
-543
-565
-753
-930
-1077
-1188
-1415
-1741
-1972
-2039
-2183
-2428
-2531
-2429
-2368
-2517
-2790
-2876
-2848
-2711
-2518
-2278
-2213
-2283
-2339
-2098
-1574
-982
-434
-195
-84
-94
121
841
1710
2271
2383
2250
2244
2450
2881
3475
3914
3901
3471
2970
3027
3449
3795
3778
3351
2806
2251
2093
2260
2417
2182
1653
1055
718
614
544
489
236
-161
-661
-943
-1048
-1161
-1326
-1564
-1741
-1961
-2239
-2481
-2613
-2670
-2767
-2856
-2931
-3042
-3231
-3442
-3472
-3309
-3053
-2910
-2889
-2946
-2759
-2369
-1826
-1199
-847
-605
-670
-509
1
701
1284
1545
1654
1757
1941
2273
2768
3220
3314
2986
2656
2722
2972
3062
3009
2847
2582
2136
1870
1936
2037
1714
1113
796
659
401
75
-3
-104
-411
-826
-1056
-1166
-1380
-1688
-1829
-1824
-1986
-2314
-2581
-2647
-2722
-2887
-2944
-2945
-3029
-3296
-3485
-3350
-3098
-2910
-2851
-2721
-2667
-2578
-2403
-1904
-1316
-875
-582
-531
-284
134
666
1187
1564
1714
1737
1874
2241
2657
2907
2968
2949
2817
2761
2772
2834
2836
2707
2464
2214
2062
1929
1781
1634
1473
1250
1013
719
468
281
117
-67
-318
-534
-771
-1034
-1179
-1284
-1390
-1556
-1812
-2079
-2258
-2353
-2479
-2500
-2632
-2766
-2970
-3021
-2978
-2816
-2690
-2580
-2458
-2379
-2206
-1972
-1541
-1122
-830
-579
-254
54
453
820
1165
1479
1755
1996
2251
2447
2601
2726
2817
2922
2884
2826
2701
2594
2462
2355
2230
2039
1826
1578
1323
1090
940
741
562
305
45
-145
-312
-422
-579
-731
-940
-1089
-1195
-1336
-1452
-1669
-1813
-1920
-2019
-2080
-2227
-2309
-2493
-2556
-2561
-2482
-2413
-2395
-2334
-2314
-2109
-1871
-1500
-1242
-947
-785
-550
-151
282
716
958
1155
1339
1662
1988
2279
2467
2575
2610
2622
2706
2827
2798
2675
2510
2557
2536
2378
2252
2030
1812
1591
1384
1202
1010
753
482
253
57
-101
-233
-482
-592
-662
-798
-851
-941
-1088
-1228
-1349
-1400
-1461
-1584
-1715
-1760
-1663
-1698
-1738
-1737
-1656
-1619
-1550
-1480
-1294
-1103
-918
-703
-478
-175
77
315
594
881
1082
1285
1513
1743
1942
2068
2211
2312
2273
2286
2340
2322
2298
2174
2101
2023
1908
1771
1599
1478
1380
1160
1030
861
703
466
318
240
78
-108
-316
-474
-622
-715
-854
-939
-1082
-1256
-1420
-1524
-1498
-1585
-1722
-1874
-1958
-2007
-1995
-1940
-1945
-1910
-1921
-2002
-1955
-1806
-1556
-1286
-1137
-887
-659
-342
-18
287
625
790
941
1180
1355
1493
1614
1742
1864
1892
1932
1926
1882
1816
1688
1560
1452
1296
1103
931
818
690
543
366
248
149
-78
-389
-564
-590
-652
-822
-951
-1093
-1202
-1265
-1302
-1374
-1518
-1654
-1760
-1802
-1859
-1886
-1926
-1975
-2029
-2125
-2057
-2023
-1958
-1926
-1918
-1799
-1653
-1438
-1288
-1108
-908
-685
-399
-137
137
335
672
964
1175
1428
1610
1721
1822
1888
1978
2058
2094
2069
1974
1892
1849
1734
1630
1512
1340
1154
1003
887
692
515
352
193
30
-105
-268
-409
-598
-750
-806
-877
-971
-1075
-1200
-1314
-1364
-1369
-1368
-1500
-1597
-1690
-1674
-1696
-1625
-1666
-1639
-1642
-1614
-1471
-1341
-1169
-1091
-906
-761
-567
-356
-137
66
244
461
640
851
1017
1158
1274
1440
1553
1659
1735
1751
1764
1737
1738
1745
1733
1689
1539
1457
1363
1256
1168
1042
926
755
584
450
286
126
-37
-192
-303
-423
-560
-696
-755
-855
-953
-1081
-1140
-1229
-1249
-1377
-1445
-1494
-1574
-1539
-1531
-1437
-1469
-1428
-1438
-1299
-1185
-1002
-856
-741
-576
-475
-259
-57
199
354
543
683
801
963
1091
1237
1328
1397
1458
1504
1525
1542
1554
1557
1556
1524
1476
1396
1280
1244
1174
1270
1239
1125
1020
889
845
753
654
476
329
193
123
24
-107
-195
-273
-503
-578
-495
-567
-669
-770
-828
-878
-914
-955
-956
-1056
-1108
-1085
-846
-699
-682
-696
-616
-463
-293
-156
-61
86
213
394
574
798
930
934
1048
1163
1325
1378
1446
1450
1438
1426
1475
1491
1496
1321
1256
1270
1218
1168
1088
1020
905
821
735
702
610
517
372
298
243
159
74
-15
-76
-237
-289
-321
-386
-485
-578
-705
-726
-777
-769
-853
-939
-945
-1039
-986
-999
-944
-941
-965
-944
-845
-769
-742
-749
-759
-682
-549
-414
-316
-152
-73
60
97
256
345
359
435
402
444
448
484
494
533
525
549
480
468
445
380
384
342
321
276
232
176
154
89
56
61
25
-150
-331
-349
-346
-384
-424
-495
-564
-649
-674
-738
-781
-802
-867
-898
-962
-930
-961
-928
-854
-841
-804
-809
-804
-773
-716
-706
-654
-577
-493
-504
-424
-349
-251
-174
-128
-80
50
146
125
176
230
248
273
250
224
251
259
287
270
298
316
233
228
227
259
262
225
254
219
171
142
127
133
137
92
83
29
-72
-102
-107
-85
-128
-181
-243
-262
-312
-306
-324
-314
-309
-316
-344
-326
-336
-290
-233
-237
-215
-222
-175
-204
-118
-78
-33
-35
-38
-37
-22
2
0
44
22
39
1
29
-40
-28
-15
9
-27
-71
-84
-82
-37
3
-13
-8
-42
-46
2
58
108
94
99
107
120
73
92
93
121
138
81
82
45
61
63
62
79
35
12
-48
-106
-34
-28
-26
-89
-68
-119
-75
-81
-53
-6
-29
-20
-51
13
17
33
36
92
103
104
105
49
84
68
75
42
17
-30
-20
-13
-24
-52
-62
-54
-85
-89
-75
-105
-67
-114
-13
175
175
192
248
313
345
380
363
359
370
398
473
427
414
388
416
357
512
597
561
568
525
525
509
528
509
447
354
286
436
530
503
409
314
336
323
336
320
304
286
257
275
332
363
300
277
263
221
211
289
326
249
200
164
185
172
55
30
36
35
-8
-20
-23
-55
-44
-82
-72
-131
-170
-139
-128
-91
-114
-78
-107
-69
-84
-35
24
22
86
41
41
98
149
189
219
212
234
212
243
225
208
221
210
212
128
116
26
-35
-123
-209
-197
-217
-221
-242
-231
-215
-274
-246
-251
-290
-285
-352
-403
-400
-398
-356
-362
-400
-383
-407
-381
-375
-423
-439
-486
-487
-454
-361
-335
-387
-397
-428
-349
-261
-278
-426
-494
-464
-430
-358
-357
-353
-349
-337
-316
-296
-311
-329
-352
-328
-261
-254
-253
-275
-316
-270
-257
-250
-248
-293
-356
-383
-342
-353
-361
-345
-347
-355
-379
-352
-373
-279
-189
-216
-230
-196
-213
-224
-197
-173
-171
-161
-131
-163
-158
-148
-129
-81
-85
-71
-87
-74
-37
-12
-8
0
2
-16
-8
56
82
80
29
14
21
19
62
85
76
58
49
37
36
22
55
37
27
-21
-94
-76
-115
-116
-150
-160
-213
-268
-293
-298
-301
-327
-326
-325
-342
-326
-369
-345
-363
-324
-274
-279
-264
-282
-245
-245
-207
-167
-132
-181
-154
-89
-77
-35
-10
13
12
35
61
104
106
107
135
112
94
63
94
164
132
164
146
150
185
194
240
233
219
268
238
213
182
195
271
267
188
146
129
117
75
28
42
-4
-52
-115
-152
-197
-145
-112
-145
-169
-269
-235
-249
-240
-220
-220
-216
-244
-245
-225
-193
-169
-115
-45
33
32
-46
27
92
207
402
415
415
425
462
531
627
635
586
542
575
608
565
580
554
585
498
529
642
627
640
581
604
603
605
600
576
510
370
447
572
607
504
383
356
354
345
321
266
211
176
127
145
123
52
25
-18
-36
-95
-140
-109
-143
-168
-192
-196
-190
-239
-242
-203
-198
-218
-198
-157
-97
-44
-7
15
-13
76
96
192
233
255
233
279
365
326
401
459
445
414
421
453
444
449
443
411
424
361
387
360
334
233
236
263
218
133
112
46
-90
-199
-258
-257
-284
-353
-373
-338
-306
-331
-324
-339
-398
-481
-537
-624
-688
-694
-711
-704
-716
-717
-725
-737
-715
-745
-755
-814
-821
-804
-708
-625
-590
-558
-596
-509
-370
-266
-339
-394
-301
-258
-148
-70
-26
-16
-32
46
122
176
177
152
165
205
227
235
234
161
196
222
222
160
99
65
30
3
-37
-84
-115
-151
-188
-208
-229
-294
-307
-219
-218
-236
-279
-349
-413
-416
-392
-385
-422
-507
-560
-544
-460
-473
-504
-544
-542
-501
-492
-475
-420
-438
-432
-388
-353
-288
-296
-235
-187
-191
-101
-106
-60
-24
35
92
146
197
227
245
253
302
352
429
409
363
364
401
460
460
412
357
357
370
371
343
303
253
225
225
233
150
90
6
-21
4
-57
-110
-163
-174
-220
-240
-276
-267
-322
-365
-362
-403
-349
-353
-406
-438
-408
-365
-332
-354
-355
-284
-291
-339
-367
-280
-206
-247
-207
-181
-167
-79
-17
40
82
100
