27
50
47
59
76
80
115
115
126
107
132
133
196
356
322
358
362
372
393
409
441
422
422
389
383
341
317
287
320
362
426
358
299
442
382
361
307
268
282
295
239
168
244
355
425
418
273
286
287
290
305
336
346
324
317
313
310
287
295
266
295
308
250
266
275
229
236
221
183
184
146
117
89
71
82
35
61
85
18
43
32
41
24
22
20
-1
16
17
11
-1
1
27
15
34
-11
11
38
44
52
45
34
28
44
32
40
19
38
24
46
60
-11
-5
-42
-121
-147
-244
-266
-235
-208
-203
-136
-112
-112
-47
-30
-33
-85
-100
-155
-193
-236
-228
-229
-253
-224
-258
-236
-264
-263
-301
-305
-300
-330
-275
-308
-363
-370
-321
-269
-254
-368
-464
-445
-412
-379
-369
-357
-357
-413
-383
-388
-396
-407
-420
-423
-436
-426
-438
-406
-393
-392
-400
-368
-365
-412
-390
-413
-409
-394
-406
-403
-380
-376
-374
-377
-361
-339
-245
-138
-146
-172
-179
-174
-150
-166
-136
-134
-120
-101
-109
-115
-106
-82
-87
-66
-34
-69
-60
-39
-59
-47
-35
-45
-25
-15
-5
12
9
12
6
11
41
22
52
39
50
99
102
123
117
118
139
136
136
153
108
135
130
70
88
90
88
68
78
63
46
44
31
33
33
33
-5
9
22
-29
-13
-46
-62
-90
-105
-114
-117
-148
-170
-174
-190
-205
-232
-254
-253
-280
-284
-292
-297
-331
-347
-366
-397
-428
-437
-439
-472
-472
-484
-500
-484
-508
-509
-506
-520
-513
-505
-536
-510
-536
-527
-510
-480
-458
-430
-361
-276
-278
-220
-122
-117
-34
27
109
216
332
407
475
500
537
558
639
730
762
855
885
926
949
975
1009
1042
1063
1073
1082
1076
1058
1055
1032
1126
1152
1108
1060
1021
991
936
909
848
775
692
614
525
439
343
282
253
183
209
39
79
59
-62
-124
-253
-272
-320
-390
-528
-543
-471
-412
-409
-579
-624
-649
-692
-696
-708
-706
-747
-753
-765
-763
-749
-707
-661
-617
-597
-636
-591
-531
-487
-463
-386
-298
-249
-232
-177
-119
-49
53
117
225
345
409
523
612
702
774
810
838
842
866
920
965
1023
1051
1066
1081
1070
1030
1049
1067
1090
1080
1067
1067
1051
1065
1032
1018
984
967
915
905
872
773
720
630
502
430
308
200
167
131
78
50
27
-34
-41
-17
-46
-156
-190
-276
-317
-379
-431
-439
-521
-547
-625
-683
-733
-782
-841
-865
-906
-1006
-967
-1012
-1093
-1187
-1229
-1217
-1223
-1316
-1507
-1605
-1608
-1569
-1554
-1507
-1429
-1398
-1398
-1429
-1387
-1316
-1282
-1231
-1146
-1062
-955
-857
-765
-656
-555
-415
-275
-214
-69
65
184
293
387
453
492
510
516
556
603
689
746
874
913
899
932
895
901
887
889
920
905
888
880
864
831
840
824
834
827
766
751
716
695
658
612
568
535
509
457
410
369
321
278
238
199
129
126
95
55
17
-9
-11
-58
-84
-112
-157
-188
-229
-307
-332
-358
-446
-494
-546
-593
-657
-690
-769
-849
-909
-972
-1018
-1096
-1133
-1220
-1283
-1291
-1378
-1398
-1403
-1407
-1361
-1275
-1224
-1224
-1226
-1183
-1128
-1071
-961
-888
-783
-662
-587
-450
-344
-230
-123
15
142
258
355
432
515
557
581
597
669
758
806
859
863
886
895
942
951
950
945
915
948
929
967
951
982
1015
964
980
993
991
976
968
960
924
925
905
854
816
744
699
670
633
526
502
456
392
341
280
240
216
184
144
108
69
23
-6
-10
-13
60
72
5
-31
-54
-83
-111
-141
-214
-280
-354
-413
-503
-600
-655
-688
-773
-734
-847
-957
-888
-989
-1032
-1107
-1137
-1127
-1093
-1078
-1038
-950
-811
-721
-751
-710
-631
-513
-394
-259
-119
6
131
235
372
484
615
701
792
847
831
893
948
1053
1076
1126
1173
1182
1171
1123
1145
1167
1186
1175
1169
1204
1197
1216
1215
1205
1193
1205
1209
1208
1221
1211
1183
1145
1097
1070
1060
1003
886
846
766
719
667
598
544
475
414
345
286
194
170
110
74
45
-73
-88
-160
-248
-364
-409
-521
-588
-612
-658
-669
-709
-690
-773
-780
-794
-923
-985
-1072
-1159
-1218
-1285
-1334
-1386
-1460
-1520
-1589
-1636
-1669
-1701
-1722
-1714
-1757
-1627
-1512
-1479
-1440
-1404
-1313
-1202
-1092
-1088
-1062
-915
-717
-563
-396
-250
-178
-49
25
74
70
92
196
310
374
441
502
535
598
614
653
707
691
762
771
771
784
813
848
860
885
880
904
914
919
919
1047
1123
1043
1034
961
915
897
829
768
699
641
569
501
419
374
337
284
228
146
114
29
33
-33
-106
-126
-180
-219
-249
-300
-324
-353
-425
-475
-528
-595
-612
-662
-727
-771
-802
-851
-914
-967
-1016
-1058
-1134
-1194
-1274
-1331
-1361
-1460
-1462
-1466
-1487
-1506
-1500
-1453
-1429
-1396
-1370
-1329
-1263
-1172
-1086
-988
-839
-734
-560
-423
-318
-165
-39
59
112
144
186
305
421
510
576
666
711
713
787
816
870
894
890
931
981
996
965
988
1011
1029
1033
1076
1098
1076
1141
1127
1124
1113
1106
1085
1045
1007
934
917
836
781
699
654
624
513
454
391
358
296
231
159
116
58
31
8
-46
-106
-158
-194
-217
-292
-320
-350
-419
-467
-513
-557
-584
-600
-660
-693
-746
-799
-869
-877
-909
-871
-813
-913
-968
-1011
-1053
-1077
-1049
-1061
-1077
-1074
-1087
-1066
-1080
-1055
-975
-930
-799
-660
-697
-502
-337
-253
-130
-51
56
174
246
275
349
574
787
829
847
854
927
996
1078
1149
1195
1253
1262
1259
1287
1331
1349
1375
1371
1319
1360
1375
1387
1390
1337
1394
1365
1331
1309
1253
1213
1173
1137
1044
975
927
871
796
709
632
576
506
427
393
347
255
242
148
90
91
57
-33
-74
-106
-143
-172
-216
-254
-267
-323
-363
-418
-478
-514
-559
-595
-622
-711
-754
-826
-906
-1048
-1155
-1271
-1374
-1422
-1476
-1531
-1549
-1529
-1566
-1520
-1458
-1494
-1483
-1465
-1493
-1503
-1503
-1452
-1355
-1285
-1180
-1062
-951
-833
-743
-647
-524
-449
-331
-168
-89
-31
35
118
227
357
395
319
307
396
474
556
608
563
612
657
716
732
710
716
756
802
809
834
850
857
891
867
893
856
838
832
766
688
666
636
521
494
376
339
318
166
159
141
217
202
90
56
-26
-49
-66
-159
-156
-196
-239
-241
-375
-400
-404
-442
-448
-556
-608
-649
-656
-733
-775
-833
-927
-953
-1034
-1079
-1158
-1195
-1247
-1353
-1366
-1482
-1502
-1462
-1518
-1513
-1478
-1481
-1389
-1387
-1377
-1308
-1291
-1149
-1061
-983
-847
-780
-626
-497
-401
-264
-135
-8
88
156
247
367
429
494
550
605
689
725
783
840
900
892
923
927
952
1067
1074
1038
1074
1035
1074
1129
1155
1128
1163
1190
1193
1147
1177
1138
1125
1145
1028
978
924
933
813
813
745
616
581
464
464
365
354
303
175
164
32
58
-47
-72
-66
-106
-145
-171
-267
-271
-375
-337
-495
-207
228
-783
-560
-974
-822
-683
-979
-767
-1146
-1063
-1273
-1290
-1339
-1565
-1488
-1597
-1502
-1437
-1447
-1368
-1391
-1295
-1318
-1271
-1092
-997
-608
-478
-446
-399
-334
-131
52
247
382
540
614
637
664
742
864
925
964
1068
1098
1050
1285
1266
1270
1251
1266
1223
1261
1337
1286
1409
1471
1449
1426
1441
1499
1456
1514
1532
1747
1702
2367
2443
1589
1868
1424
1669
1518
1538
1540
1099
1149
851
756
415
430
228
176
199
111
91
-307
-227
-257
-334
-253
-380
-201
-357
-434
-461
-573
-492
-629
-524
-737
-683
-750
-772
-810
-839
-843
-1086
-1012
-1322
-1285
-1453
-1469
-1462
-1530
-1407
-1463
-1360
-1518
-1397
-1355
-1341
-1260
-1259
-1065
-991
-889
-825
-754
-624
-483
-334
-119
115
244
403
454
485
501
577
593
563
591
487
497
494
459
543
411
492
403
421
594
563
668
527
623
612
742
881
2513
2475
1336
820
461
771
1060
1605
1293
1003
396
146
133
103
-189
-1
-91
424
302
-113
-105
-662
112
-385
-91
-146
109
33
-209
-383
-583
-387
-595
-531
-799
-612
-1014
-922
-1333
-1232
-1345
-1322
-1365
-1268
-1389
-1770
-1855
-2069
-2310
-2458
-2358
-2191
-2045
-2002
-1891
-1851
-1940
-1932
-1873
-1790
-1495
-983
-642
-506
-471
-391
-188
-96
174
517
879
1077
1167
1084
1092
1214
1193
1275
1299
1379
1377
1359
1203
1220
1126
1056
974
1012
1123
1057
1067
1009
960
807
845
759
896
873
1063
703
756
712
801
919
1349
1098
213
360
549
1308
1030
771
543
561
641
137
13
355
411
129
-17
-23
37
-422
77
-688
-706
-730
-610
-162
-756
-621
-1184
-1636
-1900
-1391
-1453
-1615
-2068
-2127
-2436
-2385
-2618
-2864
-2994
-2840
-2423
-2274
-2189
-2285
-2334
-2381
-2195
-1865
-1237
-673
-359
-268
-381
-267
86
618
1222
1653
1880
1820
1696
1699
1873
2128
2470
2459
2236
1956
1877
2003
1951
1841
1508
1309
1247
1290
1297
1330
1219
972
701
761
967
965
1092
1126
1126
903
936
965
1121
1149
1172
1120
1079
933
844
997
987
869
883
632
918
648
580
391
403
335
312
13
-9
-507
-402
-189
-551
-218
-843
-979
-1427
-1463
-1653
-1619
-2059
-2030
-2119
-2567
-2786
-3032
-2982
-2885
-2578
-2338
-2288
-2397
-2589
-2557
-2414
-1843
-1171
-610
-364
-251
-285
-153
303
971
1646
2140
2379
2318
2287
2411
2694
2987
3174
3244
3198
3003
2772
2599
2571
2451
2162
2024
1900
1894
1693
1503
1237
1057
948
800
794
787
826
720
615
212
156
299
591
620
581
237
-122
40
379
551
394
384
342
117
79
279
558
-4
-451
-604
-754
-1048
-877
-1189
-1288
-1372
-1417
-1915
-2494
-2295
-2851
-3173
-3529
-3877
-3626
-3398
-3824
-3863
-3952
-3955
-3939
-3885
-3699
-3422
-3171
-2993
-2710
-2401
-1767
-1160
-980
-855
-513
141
828
1453
1836
2124
2158
2269
2524
2974
3613
3889
3794
3382
3008
2887
3047
3242
3328
3145
2709
2124
1868
1801
1898
2132
1989
1545
921
503
529
683
584
497
366
173
54
-28
-26
169
421
169
-153
-40
261
257
-26
-302
-76
70
-310
-487
-494
-671
-970
-1222
-1350
-1260
-1255
-1507
-2135
-2442
-2911
-3119
-3577
-3606
-3353
-3459
-4013
-4697
-4299
-3484
-2694
-3570
-4742
-4939
-3636
-2186
-1663
-1764
-1771
-1734
-1995
-1870
-460
1686
2720
2070
932
758
1690
2809
3779
4385
4496
3882
3019
2728
3239
4080
4641
4466
3587
2692
2524
2787
2948
2862
2727
2707
2334
1609
1064
1225
1608
1437
917
568
639
668
422
-166
-286
199
549
334
-129
-348
-442
-331
-488
-431
-147
-88
-914
-1477
-1419
-974
-819
-1444
-1835
-1900
-1947
-2655
-2886
-2707
-2901
-3624
-4064
-3988
-3855
-4037
-4399
-4256
-3401
-3048
-3667
-4746
-4789
-3279
-1864
-1805
-2033
-1572
-1027
-1288
-1410
69
2161
2820
2145
1689
2021
2748
3428
4166
4867
4999
4443
3835
3671
3973
4481
4934
4916
4292
3580
3176
3274
3367
3326
3487
3335
2770
1908
1247
1283
1673
1778
1438
962
602
473
222
-99
93
610
760
13
-746
-787
-389
-352
-512
-625
-163
-321
-1227
-1627
-1605
-851
-875
-1284
-1620
-2333
-2805
-3441
-3407
-2752
-2741
-3460
-4402
-4729
-3877
-2582
-2538
-3833
-5218
-5149
-3642
-2049
-1324
-1538
-1997
-2481
-2647
-1887
224
2409
2872
1532
13
158
1872
3678
4666
4733
4041
3095
2558
2905
4106
5192
5272
4462
3293
2782
3039
3669
3843
3569
3158
2773
2225
1468
1191
1648
2128
1836
1118
558
435
325
8
-70
181
421
-156
-1059
-1597
-1429
-934
-704
-947
-1335
-1569
-1884
-2553
-2692
-2103
-1308
-1535
-2828
-3542
-3465
-3181
-3339
-3668
-4113
-4315
-4568
-4875
-5046
-4141
-2343
-2049
-4326
-6855
-6306
-3024
-610
-1035
-2386
-2628
-2368
-2730
-2440
189
3252
3425
831
-1182
-168
2398
3995
4224
4079
3790
2983
2250
2510
3820
4989
5114
4140
3065
2713
3136
3666
3632
3365
3399
3423
2755
1515
933
1768
2783
2529
1341
559
363
314
-82
-37
647
1030
55
-1613
-2238
-1332
-181
-250
-1211
-1718
-1681
-2057
-2829
-2707
-1516
-805
-2071
-3795
-4006
-3185
-2546
-3441
-4131
-4444
-4687
-5156
-5008
-3530
-1966
-2305
-4961
-7141
-6490
-3179
-469
-659
-2488
-3511
-3050
-2310
-1294
640
2582
2565
695
-227
989
3044
4198
4237
3963
3798
3711
3614
3736
3991
4565
5062
4901
3980
3161
3280
3641
3664
3507
3745
3878
3075
1574
837
1696
2979
3079
1742
389
30
264
518
676
1025
1052
-91
-1747
-2020
-707
467
196
-1217
-1947
-1785
-1686
-1811
-1934
-1495
-1332
-2231
-3435
-3602
-2866
-2656
-3557
-4253
-4290
-4251
-4862
-5577
-4456
-2527
-2168
-4504
-7058
-6807
-3592
-852
-1110
-3248
-4005
-2727
-1851
-1799
-632
1894
2804
838
-809
732
3652
4530
3543
3385
4463
4798
3884
3484
4372
5408
5574
5041
4392
3828
3622
3997
4431
4505
4456
4074
3332
2228
1871
3013
4062
3538
1697
476
791
1462
1519
1388
1375
1076
-23
-1280
-1171
221
992
-25
-1539
-1717
-897
-799
-1703
-2009
-1251
-790
-1851
-3305
-3199
-2064
-1995
-2997
-3841
-3795
-3548
-4299
-5334
-4755
-2566
-1564
-3457
-6483
-7227
-4805
-1578
-611
-2219
-3893
-3803
-2739
-1986
-1006
749
2073
1253
-551
-455
1939
3758
3499
2792
3533
4493
3844
2468
2772
4750
5910
5151
3750
3223
3330
3506
3821
4470
4810
4029
2509
1484
1721
2773
3520
3121
1742
527
385
976
1309
1227
1148
765
-59
-1052
-1359
-691
101
-24
-1113
-1955
-1782
-1390
-1852
-2218
-1764
-1260
-2021
-3573
-4013
-3031
-2430
-2841
-3809
-4411
-4550
-4937
-5505
-5224
-3207
-1807
-3387
-6980
-8205
-5513
-1777
-1000
-3137
-4854
-4133
-2623
-2348
-2286
-747
1344
1241
-567
-955
930
2657
2524
2333
3624
4585
3130
1146
1809
4497
5946
4891
3303
2725
2760
2853
3489
4669
4859
3671
2137
1649
2188
2728
3072
3204
2490
1163
345
506
1166
1585
1375
912
261
-839
-1495
-777
465
674
-375
-1577
-1876
-1413
-1077
-1183
-1243
-871
-1435
-2885
-3463
-2650
-1496
-1727
-3155
-3880
-3712
-4209
-4726
-4611
-3376
-1920
-2059
-4472
-7244
-6928
-3442
-580
-1420
-3812
-4450
-3229
-2391
-2387
-1514
537
1686
495
-1112
-545
1603
2846
2725
2983
4023
3873
1915
1010
3174
5833
5834
3797
2534
2758
3130
3346
4074
5005
4495
2774
1619
1959
2874
3338
3418
3150
2033
536
202
1078
1910
1843
1064
249
-601
-1340
-1074
164
935
34
-1605
-2246
-1623
-1082
-1217
-1347
-1264
-1262
-2386
-3383
-3173
-1898
-1172
-2142
-3590
-3750
-3628
-4197
-4370
-4104
-2772
-1403
-2020
-4831
-6992
-5851
-2379
180
-1081
-3899
-4543
-2768
-1314
-1430
-991
904
1956
340
-1222
9
2533
3283
2531
3061
4289
3779
1612
1344
4252
6542
5460
2977
2327
3181
3526
3653
4550
5263
4010
2018
1687
2998
3897
3697
3290
3129
2124
626
667
1992
2789
2029
741
147
-165
-425
-51
900
1230
51
-1652
-2097
-932
-28
-532
-1401
-1203
-1086
-2523
-3375
-2344
-1184
-1387
-2265
-3497
-3921
-3622
-3676
-3935
-4010
-2541
-1099
-2557
-6060
-7239
-4469
-584
538
-2610
-5380
-4026
-820
-459
-2076
-1137
2088
2731
-351
-1855
1061
4139
3532
2085
3213
4519
2876
501
2020
6129
6782
3465
1241
2496
3974
3576
3054
4189
5063
3196
841
1174
3266
3751
2849
2297
2034
920
-341
209
2111
2775
1078
-780
-841
-216
-330
-300
514
677
-980
-2703
-2298
-782
-625
-1431
-2093
-1979
-2021
-3188
-3920
-2831
-1273
-1931
-3953
-4831
-4150
-3782
-4436
-4744
-4074
-2719
-2080
-4117
-7660
-7677
-3240
481
-936
-5019
-5900
-2932
-718
-1681
-2570
-373
2373
1356
-1972
-1770
2345
4359
2460
1440
3526
4360
1545
-114
3282
7161
5638
1407
731
3332
4152
2842
2838
4641
4747
1903
120
2035
4338
3710
2211
2108
2228
809
-278
1099
3196
2726
124
-1282
-459
497
170
-161
581
687
-1305
-2754
-1513
277
-277
-1865
-1924
-1353
-1995
-3266
-3508
-1812
-512
-2258
-4719
-4863
-3237
-3189
-4492
-4844
-3349
-1977
-2679
-5205
-7241
-5943
-2038
65
-2300
-5125
-4579
-2066
-1149
-1881
-1380
734
1765
206
-1321
32
2855
3684
2611
2584
3794
3387
1441
1615
4912
6747
4451
1546
2019
4118
4217
3072
3575
4989
4108
1583
935
2941
4311
3481
2276
2141
1821
540
214
1859
3051
1699
-509
-1010
219
552
-213
-107
825
385
-1581
-2436
-1080
352
-118
-1757
-2250
-1316
-1581
-3337
-3265
-933
-511
-2936
-4906
-4177
-2858
-3159
-4467
-4788
-2684
-1218
-3476
-7297
-7030
-3013
-231
-1966
-4984
-4714
-2167
-1277
-2770
-2791
35
2092
538
-1690
-736
2212
3205
2047
2345
4004
3945
1794
1315
4373
6761
5177
2522
2759
4533
4602
3296
3584
5455
5298
2820
1439
2902
4475
4002
2843
2954
3037
1491
309
1447
3350
2631
317
-535
354
870
119
-179
937
1247
-581
-2115
-1630
-56
474
-849
-1943
-1491
-1219
-2364
-2628
-1416
-892
-1694
-3223
-3901
-2752
-2442
-3966
-4643
-2869
-775
-1760
-5844
-7553
-3969
-378
-847
-4262
-5343
-2838
-696
-1903
-3592
-1951
1393
1985
-1072
-2370
529
3419
2534
1026
2521
4125
2505
346
2160
5855
5768
2397
1298
3719
4952
3220
2139
4105
5841
3834
1099
1627
4194
4430
2682
2109
2811
2269
320
207
2278
3072
852
-1013
-214
997
289
-886
-149
1040
-70
-2186
-2526
-1075
77
-1097
-2937
-2388
-1271
-2209
-3761
-3530
-1498
-1082
-3512
-5372
-3890
-2868
-4053
-4810
-3992
-2410
-2290
-4281
-6808
-6313
-2637
-245
-2589
-5853
-4758
-1354
-775
-3277
-3584
-176
2233
145
-2874
-1591
2322
3446
1315
610
2820
3582
1165
313
3665
6080
3658
531
1594
4531
4178
1714
2124
5054
5052
1607
198
2890
5111
3706
1712
2103
3102
1759
193
1540
3576
2512
-263
-717
1082
1528
-78
-758
564
1262
-721
-2855
-1814
612
-8
-2471
-2957
-1512
-1274
-3186
-3858
-1947
-790
-2726
-4807
-4486
-2853
-3194
-4643
-4507
-3097
-1642
-2971
-6444
-7126
-3416
572
-666
-5430
-6199
-1989
492
-1650
-3600
-1268
2217
1621
-1660
-2049
1588
4182
2725
1035
2203
3719
2273
733
3020
6238
4996
1204
840
3969
5244
2823
1611
4061
5541
2860
214
1737
4686
4445
1962
1244
2512
2375
521
735
3116
3161
324
-1204
342
2062
936
-777
-118
1275
333
-2025
-2146
-108
728
-966
-2813
-2332
-1241
-1905
-2845
-2752
-1820
-1763
-3779
-5105
-3585
-2286
-4357
-5458
-2710
-942
-3210
-7167
-7235
-2736
905
-960
-5573
-6102
-1759
917
-1627
-3664
-975
2726
1848
-1799
-1778
2145
4355
2865
1507
2736
3697
2239
1223
3737
6486
4949
1537
1460
4485
5327
3146
2372
4497
5165
2562
686
2547
5016
4061
1668
1400
2761
2272
636
1345
3310
3017
317
-1028
773
2321
1154
-361
138
1357
389
-1652
-1608
581
795
-1251
-2554
-1811
-754
-2030
-3070
-1796
-1000
-2080
-4453
-5087
-2866
-2255
-4182
-4469
-2383
-1781
-4061
-6736
-5607
-1358
646
-2275
-5491
-4433
-771
53
-2002
-2030
836
2496
329
-1583
220
3328
3975
2725
2311
3088
3057
2028
2624
4953
5657
3522
1534
2464
4406
4100
2757
3214
4529
3511
1212
1152
3302
4225
2787
1248
1466
1847
929
415
1708
2668
1242
-1031
-1214
529
1127
100
-462
96
98
-1323
-2295
-1163
543
-530
-2799
-3247
-2129
-2113
-2969
-2894
-2587
-2895
-4105
-4832
-4811
-4256
-4523
-4451
-2940
-2552
-5227
-7897
-6044
-1763
-64
-2777
-5966
-4934
-1392
-749
-2437
-2069
563
2098
350
-1466
-85
2632
3756
3210
2930
3068
2414
1700
3022
5385
5463
3221
1865
2986
4105
3315
2533
3682
4676
3022
634
822
2846
3753
2674
1187
1092
1204
501
418
1855
2447
1114
-497
-771
294
769
329
150
589
72
-1710
-2258
-907
161
-400
-1831
-3247
-2944
-1982
-2789
-3159
-2442
-2790
-4498
-5458
-4825
-4312
-4669
-4353
-2876
-2838
-5953
-8449
-5758
-599
152
-3973
-6326
-3640
-450
-1041
-2512
-1053
1995
2437
-145
-1143
1391
3932
3977
3405
3933
4112
2620
1769
4036
6682
5900
3039
2194
3804
4616
3487
2981
4327
4766
2536
532
1658
3616
3538
2068
1351
1586
991
-41
606
2434
2472
400
-985
-181
849
517
36
495
914
-268
-2026
-2001
-299
425
-762
-2187
-2763
-2816
-2811
-2640
-2668
-2689
-3499
-4923
-5385
-4988
-4307
-3783
-3095
-3242
-5296
-7200
-6227
-2566
-582
-2668
-5195
-4103
-1629
-1512
-2312
-858
1621
2029
289
-526
1107
3228
3816
3751
4323
4300
3033
2347
4019
6183
6000
4152
3437
4210
4251
3329
3612
4981
5059
3157
1465
1936
3274
3389
2562
2182
1968
960
-28
644
2176
2276
707
-430
-121
535
460
127
772
1204
157
-1413
-1673
-447
190
-547
-1409
-1797
-2330
-2804
-2442
-2008
-2878
-3922
-4467
-4579
-4478
-3724
-2976
-3285
-4688
-5696
-4997
-3370
-2048
-2216
-3471
-3737
-2027
-916
-1287
-1056
725
2051
1359
464
1405
3041
3496
3765
4513
4703
3691
3012
4164
5783
5703
4462
4031
4690
4697
3630
3344
4386
4736
3431
1953
1914
2580
2398
1786
1839
1789
740
-443
-175
1258
1413
223
-683
-500
-55
-307
-550
-206
258
-230
-1613
-2084
-981
-617
-1554
-2401
-2447
-2328
-3039
-3792
-3651
-3281
-3891
-5592
-6145
-4750
-3239
-3326
-4678
-6667
-7070
-4750
-1777
-1792
-4873
-5909
-2915
-95
-1332
-3076
-1495
1760
2403
336
-243
2137
4158
3732
3214
4137
4790
3594
2689
4533
6642
5482
2982
3345
5643
5324
2726
2067
4209
5045
2774
599
1389
2973
2168
481
578
1405
325
-1292
-698
1044
723
-1278
-1886
-488
230
-1150
-2204
-1093
345
-824
-2952
-2606
-651
-658
-2544
-3526
-2719
-2144
-3277
-5010
-4896
-3795
-4408
-6366
-6028
-3156
-2350
-5139
-8347
-7436
-3013
-180
-2557
-6353
-5467
-1142
586
-1949
-3096
266
3462
2119
-641
555
4288
5168
3342
3374
5611
5801
3193
2622
6165
8297
5364
2435
4291
6956
5396
2420
3094
5747
5238
1843
582
3064
4187
1569
-44
1659
2430
2
-1728
-10
2203
1112
-1768
-2070
211
781
-1378
-2325
-462
505
-1882
-3846
-2243
-237
-1245
-3720
-4216
-2664
-2425
-4594
-6175
-5095
-3966
-5544
-6618
-4341
-2229
-4257
-8290
-8411
-3316
365
-2507
-6559
-5121
-218
1024
-2372
-3161
1347
4581
2305
-640
1272
5183
5262
3147
3957
6651
6166
2930
2718
6635
8201
4924
2434
4614
6933
4795
1937
3110
5679
4807
1512
634
2889
3539
1242
274
1975
2346
-118
-1611
379
2569
1419
-1232
-1329
800
961
-1087
-1612
451
957
-1590
-3068
-1534
-201
-1470
-3566
-3500
-2008
-2742
-5414
-6378
-4944
-4211
-5754
-6254
-3471
-1969
-5067
-8523
-7311
-2241
146
-2423
-4848
-3168
-292
-591
-2071
18
4009
4269
1333
660
3577
5752
4681
4117
6287
7430
5127
2685
4127
7460
7531
5014
4334
5418
4977
2986
2963
5106
5707
3182
696
1331
2984
2280
782
1465
2340
945
-1214
-1057
1171
2124
552
-830
-231
309
-739
-1501
-371
697
-632
-2825
-3305
-2304
-1797
-3067
-4242
-3852
-3734
-5413
-7547
-7352
-6061
-5721
-4989
-3489
-4038
-7342
-9708
-7479
-1742
808
-1913
-4891
-3925
-1178
-626
-794
1553
4556
4196
1430
895
3733
5878
5661
5841
7116
6784
3830
1997
4500
7781
7254
4603
3429
3674
3052
1827
2669
4667
4428
1292
-1219
-383
1481
1544
892
1060
830
-728
-2195
-1113
1445
2282
860
-833
-926
-399
-515
-501
544
929
-842
-3298
-3833
-2472
-1845
-2968
-4105
-4530
-5490
-7296
-8315
-7680
-6980
-6174
-4753
-4170
-6525
-10612
-11077
-5810
66
254
-3925
-6233
-3981
-1181
-372
1062
3924
5248
2948
701
2323
5596
6673
6277
7203
8115
6003
2466
2749
6794
9045
7307
4584
3453
2837
2014
2349
4371
5439
3099
-594
-1439
349
1278
1083
1358
1548
68
-2103
-2291
216
2622
2529
756
-341
-411
-550
-511
751
1900
929
-1902
-3813
-3144
-2092
-2443
-3535
-4110
-5181
-7000
-8845
-9006
-7390
-5569
-4009
-4034
-6723
-10955
-11392
-6163
39
1114
-2759
-5464
-3987
-1226
-268
1308
4648
6297
4019
1028
2083
5528
6981
6605
7604
8665
6261
2240
1871
5910
8739
7555
4945
3434
2184
591
1072
4001
5791
3275
-991
-2149
-285
941
974
1683
2314
825
-1888
-2435
322
3139
3385
1961
1065
684
-357
-867
787
3002
2428
-1127
-3859
-3471
-2537
-2772
-3570
-4319
-5274
-7432
-9811
-10253
-8456
-5938
-3852
-3952
-7474
-11882
-11919
-6138
133
1371
-2011
-4595
-3394
-1363
89
2677
6328
7529
4877
2371
3586
6306
7034
7416
9309
10077
6688
1925
1748
5753
8466
7568
5425
3631
1377
-809
144
3879
5859
3188
-1240
-2415
-989
-54
708
2221
3182
1651
-1227
-1878
775
3755
4297
3431
2882
2102
305
-483
1386
3843
3554
27
-2732
-3375
-3486
-3650
-3813
-3752
-5093
-8569
-11582
-11035
-7679
-4285
-3592
-6721
-10770
-11972
-8594
-3367
-348
-1034
-2748
-2506
-1529
-854
1015
4553
7206
6809
4807
4332
5491
5656
5992
8369
10544
8896
3978
1277
3121
6056
6624
5613
4604
2480
-920
-2265
402
3744
3562
224
-2076
-1889
-1463
-1154
384
2640
2898
307
-1756
-683
2121
3569
3634
3799
3689
1971
-352
-421
2070
3484
1649
-1087
-3001
-4383
-5370
-5786
-5507
-5221
-7427
-11239
-12532
-9668
-5369
-4645
-8445
-12235
-10949
-6159
-2774
-2888
-3879
-2718
-886
-593
-399
2306
5287
5456
4182
4868
7407
7573
4749
4178
7594
9683
6992
2905
2226
3849
3850
2724
2991
3659
1400
-2585
-3101
0
1792
-66
-2282
-1806
-843
-1765
-2308
-214
2510
2344
168
32
2209
3550
3116
3255
5075
5593
3240
921
1387
3345
3167
778
-653
-1046
-2735
-5199
-6069
-5392
-5884
-8801
-11752
-11882
-8932
-5900
-6107
-9089
-11542
-10919
-7221
-3252
-1806
-2310
-2412
-1495
-475
896
3538
6270
6948
5877
5724
7214
7768
6400
5995
7936
9300
7224
3550
2195
2917
3304
2838
2601
2389
325
-2961
-3845
-1610
291
-289
-1768
-2129
-2113
-2506
-2088
127
2583
2788
1232
726
2143
3591
3932
4455
5738
5895
3919
1751
1562
2963
3021
1175
-332
-1380
-3226
-5463
-6986
-7248
-7080
-8506
-11164
-11978
-9694
-6997
-6922
-9256
-10737
-8910
-5075
-2614
-2252
-1770
-281
871
1195
2502
5568
7710
7196
6207
7250
8980
8399
6239
6049
7837
7932
5126
2655
2394
2662
1618
233
626
1053
-1344
-4413
-4182
-1889
-934
-1903
-2679
-1946
-1258
-1748
-1446
1209
3599
3249
2091
2727
4673
5401
4844
5431
6899
6723
4409
2542
2789
3414
2065
-59
-1172
-2327
-4175
-6556
-8044
-8328
-9309
-11398
-12242
-10517
-8126
-7206
-8590
-9778
-9010
-6286
-2840
-684
78
451
1365
2783
4806
6923
8446
8931
8674
8418
8927
9351
8317
7318
7040
7061
5896
3288
990
337
368
-213
-908
-1127
-2158
-4532
-5824
-4724
-2637
-1758
-2424
-2979
-2021
-951
-526
578
2801
4490
4333
3902
4825
6244
6719
6663
6891
7222
6488
4311
2739
2585
2158
736
-780
-2446
-4389
-6838
-9106
-9844
-9663
-10754
-12907
-13475
-11695
-9140
-8024
-8550
-8828
-7683
-5332
-2521
384
2685
3786
3607
4029
6244
8956
10129
9877
9603
9880
9777
8507
7296
6815
6164
4573
2639
943
-600
-2025
-3326
-3895
-3447
-3493
-5147
-6610
-6694
-5882
-4651
-3316
-2316
-1640
-1291
-1083
75
2257
4223
5130
5422
5823
6261
6391
6442
6874
7093
6529
5185
3468
1992
742
-498
-1516
-2782
-4742
-7032
-9036
-10366
-11120
-12191
-13750
-14448
-13708
-11746
-9330
-7800
-7682
-7627
-6408
-3701
-182
2699
4586
5777
6497
7184
8426
10224
11681
11780
10836
10165
9652
8352
6409
4874
4044
2994
880
-1797
-3507
-4372
-5571
-6482
-5852
-5132
-5967
-7150
-7077
-5741
-4052
-2809
-1508
380
1798
1896
2164
3896
6309
7528
7516
7903
8450
7907
6962
6830
7113
6802
5191
2857
1138
-175
-1718
-3202
-4217
-5550
-7605
-9907
-11275
-11581
-12211
-13388
-14113
-13880
-13162
-11403
-8416
-5405
-3659
-3531
-3550
-1611
2383
6014
8139
9206
9477
9494
9803
10686
11654
11683
10466
8906
7502
5884
3939
1857
174
-1178
-2687
-4477
-5972
-7024
-8015
-8170
-7022
-5654
-5289
-5711
-5629
-4211
-1972
203
2150
3673
4695
5207
5491
6581
8357
9101
8869
9042
8946
7873
6467
5350
4896
4455
3181
1260
-660
-2605
-4508
-5743
-6376
-7035
-8623
-10652
-11682
-11833
-11851
-12030
-12588
-13068
-12376
-10544
-7415
-3677
-1269
-352
119
760
2742
5996
8871
10605
11009
10546
10352
10386
9960
9371
8716
7618
6119
4173
2087
27
-2230
-4184
-5080
-5664
-6852
-8238
-8811
-8375
-7124
-5495
-4124
-2997
-2038
-1012
330
2433
4911
6601
7808
8875
9125
8589
8536
9022
9468
9584
8955
7460
5813
4316
2921
1993
1547
701
-1077
-3139
-4784
-6218
-7170
-7532
-8010
-9059
-9897
-10396
-10593
-10243
-10285
-10885
-10710
-9217
-7549
-4994
-1175
1837
2867
2362
1809
3409
6866
9433
10503
10839
10356
9038
7513
6892
7150
6421
4342
2404
1218
-164
-2494
-5031
-6240
-6272
-6861
-8044
-8518
-7729
-6658
-5779
-3969
-1151
703
852
1284
3053
5744
8053
9073
9583
10066
9446
8068
7678
8168
8085
6831
5453
4696
3535
1612
45
-594
-823
-1337
-2634
-4114
-5356
-6977
-8376
-8365
-7654
-7899
-8879
-9523
-9742
-9549
-9220
-9293
-9279
-8560
-7709
-5194
-516
3076
3281
1675
631
2093
5269
7702
8931
9202
8181
6329
5150
5114
5135
3564
1285
337
237
-990
-3308
-5444
-6615
-6796
-7076
-7186
-6678
-6411
-6046
-4630
-2046
968
2623
2342
2821
4909
6890
8492
9704
10073
9750
8933
7581
6986
6971
6287
5145
4309
3779
2611
653
-941
-1455
-1550
-1558
-1805
-2924
-4443
-6139
-7551
-7579
-6723
-6600
-7086
-7658
-8351
-8425
-8175
-8295
-8614
-8224
-7186
-5056
-1422
1775
3026
2415
803
717
3445
6535
8149
7934
6887
6143
5573
4656
3894
2871
1329
148
-375
-602
-1614
-3892
-6195
-6693
-6008
-5652
-5625
-5549
-4728
-2946
-1229
745
3367
4292
3997
5311
7316
8463
9531
9516
9358
8881
8410
6838
5299
5543
4281
3164
2806
2505
969
-729
-1179
-1417
-1521
-1632
-2110
-3383
-4665
-5732
-6661
-6324
-5880
-6420
-7149
-7173
-7348
-7914
-8079
-8484
-8597
-7862
-6167
-2680
1134
2671
2086
964
880
2544
4646
6235
7358
7497
6719
5863
4986
3844
2420
741
-24
432
308
-1246
-3323
-5122
-5970
-5873
-5643
-5316
-4859
-4292
-2730
-555
958
2891
4860
5432
5898
7100
8047
8948
9760
9532
8918
8251
6837
5048
4358
4281
3531
2481
2047
1673
431
-777
-1019
-1032
-1077
-1427
-2430
-3451
-4298
-5278
-5903
-5940
-5687
-5881
-6833
-6984
-6860
-7645
-8336
-8430
-8659
-7496
-3859
160
2829
3277
1627
439
2027
4094
5604
6879
7532
7516
6830
5622
4435
2955
861
-192
304
963
249
-2110
-4520
-5357
-5346
-5444
-4942
-4313
-3694
-2424
-362
1409
3131
4714
4940
5695
7857
8892
8732
9012
8740
8270
8001
6653
4841
3902
3350
2604
1967
1490
1014
0
-845
-700
-720
-1153
-1483
-2157
-3118
-3761
-4680
-5863
-6275
-6225
-6265
-6643
-7007
-7042
-7761
-8971
-9233
-9298
-8871
-5668
-1423
1640
3001
1900
179
859
2695
4136
5680
6975
7424
6865
5384
3761
2095
-69
-1323
-721
229
-63
-1999
-4538
-5922
-6290
-6557
-5954
-4745
-3880
-2613
-513
1267
2538
4023
4800
5602
7362
8331
8364
8395
8004
7572
7303
6228
4527
3124
2578
2271
1450
622
374
620
-90
-694
-798
-1246
-1890
-2724
-3301
-3761
-4745
-6030
-6675
-6794
-6777
-7344
-8016
-8176
-8703
-9487
-9638
-9193
-8572
-6156
-2021
1728
3869
3674
2003
1977
3273
4602
6306
7763
8571
7956
6034
4073
2130
67
-1493
-1724
-1223
-1368
-2727
-4774
-6118
-6863
-7689
-7679
-6436
-4442
-2080
332
2232
3192
4593
6156
7093
8955
10283
9900
9708
9354
8742
8277
6688
4365
2637
1964
1765
1050
12
-572
-876
-1303
-1109
-933
-1319
-1761
-2463
-3043
-3459
-3982
-4753
-5610
-6074
-6013
-6403
-7045
-7088
-7433
-8116
-8339
-8889
-9616
-7202
-2500
1724
4151
3325
1185
1126
2358
3810
5666
7012
7476
7145
6011
5128
3704
775
-1768
-2344
-1363
-472
-1104
-3134
-4647
-5822
-6890
-6888
-5712
-4069
-2342
-387
1926
3628
5112
6313
6468
7348
8650
9089
9408
9292
8685
8007
6472
4409
3056
2542
2069
971
-133
-287
162
-52
-417
-813
-1463
-1837
-2310
-2663
-2845
-3613
-4827
-5627
-5878
-5956
-6664
-7348
-7437
-7690
-7839
-8183
-9141
-9237
-7097
-3120
706
3170
3576
2795
2390
2611
3826
5790
6899
7124
6982
6835
6631
4828
2012
-288
-1454
-1431
-1033
-841
-1681
-3358
-5104
-6111
-5952
-5355
-4634
-3402
-1405
1388
3525
4993
6459
6659
6840
8015
8800
9536
9733
8891
8275
7636
6345
5130
3514
2242
1420
552
524
940
549
-178
-635
-1487
-1716
-1826
-2635
-3521
-4361
-4915
-5041
-5444
-5890
-6390
-7188
-7644
-7668
-7488
-7848
-8444
-8566
-7591
-4587
-1180
899
2560
2658
1510
1772
2583
4056
5590
5467
5835
6355
6138
5289
3191
922
-581
-1132
-1116
-487
-419
-1931
-3444
-4439
-4937
-4579
-4652
-4562
-3171
-974
1276
2998
4373
5176
4887
5488
6563
7124
7885
7562
7163
7168
6784
5877
4192
2739
1822
1227
977
971
798
-90
-565
-1009
-1841
-2115
-2864
-4069
-4732
-4971
-4959
-5264
-5983
-6278
-6573
-6820
-6840
-6947
-7141
-7300
-7818
-7867
-5796
-3530
-1999
-848
-417
195
503
387
817
1619
2132
2473
3049
3703
4088
3384
1890
1074
799
451
296
384
458
476
116
-353
-313
-536
-1060
-1330
-732
613
1618
2132
2637
2827
2769
2765
2584
2665
2685
2757
3186
3597
3781
3527
3103
2711
2531
2550
2662
2907
2729
2609
2752
2596
1944
919
-34
-774
-1452
-1914
-2289
-2663
-3050
-3613
-4223
-4705
-5155
-5545
-6095
-6502
-6588
-6686
-6733
-6346
-5739
-5593
-5568
-5292
-4757
-4129
-4086
-4250
-3478
-2603
-1993
-1030
-157
708
1363
1619
2261
3173
3605
3760
4281
5012
5661
6080
6021
6090
6169
5871
5604
5287
4977
4830
4288
4029
3933
3141
2518
1835
1252
1016
601
320
312
351
266
396
398
-159
-197
-36
115
449
344
388
449
46
-568
-1092
-1532
-2127
-2520
-2717
-3172
-3632
-4261
-4843
-5255
-5648
-5907
-6306
-6284
-5672
-5018
-4646
-4378
-4303
-3975
-3712
-3816
-3354
-2778
-2120
-1124
-156
811
1502
1847
2097
2236
2526
2701
3152
3847
4387
5049
5326
5412
5289
4963
4742
4742
4806
4901
4926
4639
4380
3862
3172
2518
2055
1673
1543
1571
1549
1672
1495
1455
1312
987
867
826
955
1216
1456
1542
1507
1315
777
14
-682
-1393
-1799
-1999
-2208
-2487
-3110
-4006
-4861
-5427
-5985
-6427
-6816
-6998
-6127
-5153
-4920
-4266
-4259
-4529
-4078
-4028
-3487
-2671
-2247
-1302
-96
739
1547
1948
1944
2051
2403
2693
3059
3730
4129
4834
5441
5283
5181
4649
4123
4197
4298
4472
4747
4714
4432
3802
3102
2471
1766
1271
1006
1100
1283
1376
1300
927
756
355
-4
127
316
645
986
1229
1421
1280
761
-58
-765
-1384
-1766
-1775
-2025
-2273
-2611
-3456
-4322
-5084
-5940
-6456
-7156
-7611
-7118
-6373
-5464
-5086
-5053
-5097
-5168
-4870
-4593
-4021
-3190
-2434
-1395
-369
551
1328
1352
1379
1688
1819
2249
2772
3307
3921
4488
4793
4736
4509
3975
3522
3598
3958
4273
4443
4331
3995
3316
2672
2128
1249
887
841
826
1063
1171
1049
627
317
40
-205
10
259
616
1002
1234
1511
1311
780
100
-616
-1267
-1287
-833
-1535
-2540
-3075
-3939
-4842
-5100
-5805
-6921
-7503
-7930
-7949
-6931
-5965
-5213
-4757
-4879
-4791
-4506
-4220
-3070
-1803
-797
272
1222
2035
2542
2703
2781
2947
3064
3228
3513
3817
4219
4662
4732
4354
3828
2983
2435
2482
2873
3265
3176
2889
2626
2165
1510
1345
1116
748
986
1255
1524
1894
1836
1550
1364
1239
1283
1527
1749
2058
2409
2505
2474
2119
1412
607
-358
-913
-1079
-1400
-2039
-2635
-3078
-3939
-4524
-5277
-6281
-6673
-7437
-7703
-7225
-7116
-6139
-5540
-5470
-4728
-4470
-3948
-3349
-2907
-1794
-893
-35
943
1713
2361
2528
2664
2853
2891
3248
3280
3528
4159
4251
4239
3985
3488
3232
2742
2577
2848
2990
3096
2979
2859
2608
2374
2297
1707
1383
1483
1683
2005
2148
2273
2018
1617
1593
1504
1648
1852
1907
2116
2180
2255
1988
1346
809
165
-356
-818
-1236
-1635
-2204
-2667
-3271
-3942
-4705
-5547
-5971
-6498
-6723
-6628
-6424
-5745
-5231
-4913
-4182
-3960
-3546
-2908
-2574
-1794
-985
-185
795
1632
2257
2648
2752
2829
2905
2994
3172
3507
3891
4054
4123
3821
3450
3287
2859
2612
2778
2893
3055
3103
2974
3028
2851
2481
2337
2052
1890
2181
2434
2475
2682
2402
1996
1906
1709
1749
1928
1966
2086
2064
1893
1592
1155
568
-32
-471
-854
-1310
-1626
-2060
-2591
-2871
-3621
-4418
-4779
-5338
-5779
-6066
-6331
-6230
-5993
-5771
-5392
-5054
-4651
-4212
-3891
-3590
-3213
-2496
-1800
-1115
-265
377
971
1419
1630
2036
2384
2599
2797
2971
3318
3528
3470
3465
3392
3168
2912
2684
2800
2954
2890
2775
2595
2576
2262
2075
1978
1593
1553
1739
1815
1807
1896
1625
1278
1207
1177
1210
1389
1433
1419
1395
1247
1046
493
-128
-548
-889
-1186
-1600
-1813
-2273
-2790
-3141
-3745
-4307
-4635
-5188
-5649
-5752
-5974
-6151
-6153
-5674
-5224
-5122
-4778
-4603
-4490
-4024
-3535
-2804
-2120
-1534
-756
-131
442
1012
1395
1760
2174
2425
2641
2937
3494
3922
4165
4231
4120
4052
3781
3518
3481
3501
3419
3284
3176
3065
2746
2426
2168
1712
1408
1421
1495
1492
1572
1600
1221
982
939
991
1232
1241
1258
1224
1278
1204
748
376
103
-158
-693
-1078
-1132
-1526
-2125
-2489
-2693
-3186
-3863
-4313
-4819
-5244
-5101
-5187
-5671
-5664
-5178
-5025
-4905
-4484
-4347
-4196
-3878
-3568
-2866
-2322
-1721
-806
-30
509
979
1261
1706
2391
2678
2919
3348
3814
4274
4489
4500
4438
4359
4110
3817
3633
3460
3401
3490
3467
3279
2761
2298
1944
1546
1409
1509
1408
1407
1472
1459
1343
1151
960
885
1021
1149
1147
1053
978
1012
822
393
1
-555
-885
-900
-1199
-1666
-2066
-2567
-2952
-3368
-3686
-4204
-4759
-4981
-5239
-5152
-5401
-5732
-5453
-5178
-4789
-4406
-4405
-4092
-3661
-3270
-2513
-1957
-1473
-654
222
874
1414
1804
2050
2564
3166
3628
4063
4380
4515
4991
5156
5092
4860
4375
4141
3996
3783
3653
3684
3697
3613
3179
2683
2285
1725
1521
1761
1826
1752
1735
1608
1468
1305
1126
1080
1178
1067
928
878
807
831
578
84
-286
-351
-584
-1169
-1620
-1781
-1879
-2309
-2723
-2958
-3335
-3800
-3834
-3824
-4481
-4975
-5075
-5041
-4988
-5079
-4719
-4563
-4309
-3792
-3505
-3443
-3229
-2444
-1793
-1333
-720
-42
737
1379
1707
2062
2485
2964
3373
3643
3990
4223
4245
4326
4297
4036
3517
3121
3011
2990
3080
3101
2869
2613
2374
2230
2128
1686
1548
1633
1672
1808
1628
1339
993
844
834
606
284
54
78
-90
-264
-263
-640
-1113
-1225
-1545
-2115
-2428
-2328
-2531
-3069
-3216
-3221
-3604
-3864
-3932
-4144
-4458
-4614
-4811
-4935
-5172
-5288
-4711
-4394
-4437
-4106
-3774
-3582
-3052
-2643
-2441
-1996
-1735
-1247
-453
261
1006
1406
1686
2020
2365
2773
2893
3071
3302
3429
3600
3661
3621
3424
3149
3084
3244
3326
3336
3198
2995
2967
2875
2813
2447
2021
1894
1876
1872
1769
1611
1133
643
518
401
213
-43
-375
-500
-488
-599
-631
-1202
-1694
-1799
-1775
-1966
-2329
-2484
-2472
-2032
-2355
-2633
-2868
-3209
-2985
-3094
-3408
-3652
-3702
-3919
-4195
-4017
-3886
-3760
-3592
-3516
-3001
-2885
-2900
-2601
-2331
-1935
-1450
-958
-463
67
686
1194
1499
1686
1944
2285
2613
2832
3034
3260
3504
3679
3763
3740
3601
3639
3896
4134
4198
4063
3755
3556
3484
3349
3020
2404
2000
1761
1656
1431
925
368
-16
-218
-464
-500
-654
-1126
-1476
-1365
-1000
-1326
-1856
-1951
-1755
-1635
-1599
-1394
-1913
-2270
-1868
-1629
-1705
-2375
-2494
-2258
-2506
-2507
-2553
-2782
-3108
-3345
-3448
-3580
-3382
-3031
-2700
-2804
-2613
-2205
-2092
-1922
-1782
-1501
-1133
-759
-171
316
767
1118
1424
1855
2112
2333
2447
2668
3050
3399
3788
4021
4022
3928
3877
3955
4078
4077
4112
4050
3911
3646
3421
3283
2682
1996
1530
1357
1293
1027
610
145
-8
-114
-388
-700
-763
-1015
-1330
-812
-462
-647
-945
-1065
-936
-1087
-1165
-1050
-1319
-1535
-1460
-1260
-1388
-1610
-1533
-1874
-2125
-2126
-2059
-2330
-2306
-2451
-2837
-2734
-2708
-2452
-2112
-2098
-2140
-1889
-1634
-1371
-1155
-1222
-1041
-717
-504
-28
465
659
972
1345
1490
1785
2108
2268
2442
2723
2955
3210
3405
3389
3386
3336
3336
3334
3208
3062
2890
2615
2354
2125
1903
1413
985
635
318
163
50
15
-180
-528
-559
-476
-692
-677
-723
-1027
-1031
-1009
-1176
-1172
-1345
-1616
-1720
-1756
-1584
-1843
-1942
-2083
-2267
-1910
-1831
-1852
-1972
-1862
-1880
-2440
-2106
-1618
-1704
-2444
-2660
-2095
-2271
-2167
-1805
-2014
-2093
-1684
-1509
-1441
-1335
-1327
-1114
-1114
-867
-261
155
392
728
1019
1200
1412
1574
1711
1825
1976
2070
2075
2133
2121
2133
2065
2045
2058
1992
2054
1957
1778
1573
1474
1357
1096
878
659
515
426
513
547
83
-258
-149
-177
-489
-461
-432
-847
-978
-711
-480
-898
-1266
-1345
-1162
-1189
-1071
-1051
-1345
-1151
-1292
-1327
-862
-1101
-1185
-921
-1195
-1311
-1318
-1211
-1034
-1539
-1973
-1650
-1698
-2036
-1583
-1300
-1639
-1663
-1228
-932
-907
-792
-661
-581
-421
-163
309
543
619
809
967
999
1083
1210
1193
1310
1392
1368
1492
1560
1515
1547
1565
1612
1690
1732
1718
1714
1706
1627
1545
1366
1203
1098
880
695
658
606
339
86
238
372
70
-213
-526
-176
-31
-467
-275
-144
-361
-423
-282
-151
-144
-402
-641
-501
-260
-431
-438
-500
-1019
-777
-636
-948
-966
-984
-1393
-1612
-1224
-1209
-1356
-1371
-1599
-1808
-1471
-1043
-1058
-1028
-989
-964
-827
-618
-329
-306
-637
-714
-333
5
278
700
742
620
674
838
1028
1215
1303
1195
1182
1321
1571
1866
1998
1951
1873
1723
1691
1607
1616
1642
1615
1424
1309
1236
1381
1442
1133
716
627
966
1154
1378
1397
1010
829
1175
1071
688
934
1046
457
281
448
430
406
-70
-414
77
-393
-1084
-449
-201
-467
-411
-364
-884
-751
-612
-913
-579
-502
-864
-990
-888
-1021
-1089
-1020
-1197
-1420
-1617
-1622
-1444
-1178
-1117
-1102
-1068
-1192
-1179
-980
-825
-683
-521
-399
-322
-87
172
432
548
534
514
513
540
707
1050
1390
1654
1825
1836
1731
1620
1451
1411
1496
1645
1717
1742
1725
1684
1607
1257
1119
1134
1111
902
970
1073
675
397
343
67
-360
-495
-514
-409
-498
-876
-751
-493
-735
-1136
-1031
-971
-1137
-1043
-508
-613
-959
-1142
-1087
-1081
-1132
-1011
-1383
-1509
-1505
-1438
-1123
-1017
-1497
-1799
-1690
-1780
-1867
-1415
-1215
-1487
-1548
-1584
-1499
-1392
-1195
-962
-1045
-1180
-1146
-1021
-875
-691
-449
-310
-198
-116
-42
188
532
734
1024
1348
1522
1640
1766
1861
1906
1922
2003
1857
1617
1846
1877
1775
1578
1382
1098
840
1035
933
680
325
621
806
318
206
491
495
-95
-32
159
-254
-171
221
-189
-591
-676
-736
-726
-918
-920
-766
-1212
-1107
-737
-870
-1138
-1089
-1218
-1230
-1184
-898
-794
-752
-810
-856
-900
-1020
-750
-804
-661
-673
-635
-664
-768
-634
-646
-576
-598
-825
-513
-413
-763
-494
-87
-268
-348
-13
62
-53
45
172
238
355
558
672
878
934
799
868
1014
1134
1134
1265
1442
1418
1257
1456
1511
1548
1269
1321
1400
1021
825
1139
1504
743
614
562
451
-340
-69
176
188
-387
-505
-445
-881
-455
-943
-753
-787
-924
-983
-623
-628
-671
-206
-758
-776
-639
-777
-343
65
-455
-139
77
-201
-525
-371
95
-155
-225
139
337
-155
-1
228
376
-225
-70
448
-100
-204
238
33
-318
24
-76
-49
-150
-138
197
176
87
325
447
158
302
581
570
642
853
945
1025
1062
1050
1217
1189
1040
1132
922
541
700
912
805
812
449
350
245
23
393
701
-168
100
614
-106
34
280
142
-54
581
198
39
641
-39
-49
449
304
83
451
180
-39
215
21
-9
133
125
-104
130
-220
-107
102
-237
-132
119
-43
-508
-122
-2
-144
-92
86
-187
-285
-16
-503
-350
162
-209
-589
12
-226
-651
-320
-198
-312
-476
-407
-393
-598
-425
-255
-427
-370
-403
-931
-811
-444
-433
-833
-448
-500
-847
-495
-376
-287
-429
-430
-277
41
-363
368
184
-299
219
27
30
557
321
-192
-94
487
296
-404
472
359
-539
129
518
-430
4
310
-459
-478
124
-48
-255
-153
-102
-50
-79
239
-504
-217
-121
-357
-97
-103
-531
-300
-478
-762
-342
-431
-237
-856
-800
-326
-487
-811
-631
-457
-605
-1330
-594
-368
-723
-932
-194
-614
-1346
-504
-400
-458
-832
-28
-134
-632
-243
-107
-125
-452
239
-67
-172
-108
85
168
-281
36
-106
101
-203
-129
263
-115
104
-91
77
57
153
-18
444
195
-182
393
236
467
663
788
507
563
686
630
919
467
455
591
637
238
346
416
-68
172
-107
-371
-321
-619
-831
-615
-911
-1053
-1026
-824
-817
-1420
-684
-571
-1171
-1058
-788
-357
-701
-447
172
-199
-580
66
288
-253
706
139
291
441
148
-91
252
641
-112
132
449
-48
-741
-424
477
-345
-395
115
532
-962
-661
976
-148
-490
418
846
-351
-74
862
581
256
584
1188
690
386
620
1020
639
650
808
581
397
557
186
132
-226
-19
409
-732
-579
-326
-497
-849
-468
-570
-476
-686
-990
-517
-250
-1066
-645
460
-1150
-506
567
170
-445
340
643
-138
946
690
801
669
420
1116
451
445
1109
457
74
629
504
-213
841
327
-32
430
619
62
-190
405
540
274
947
865
970
1180
577
162
942
1501
732
951
1036
1525
569
697
1210
393
414
456
323
639
-86
-255
804
-206
-840
118
-318
-886
-815
-538
-706
-494
-976
-528
-842
-362
-1130
-195
-19
-1132
-354
486
-786
-795
681
-464
-687
90
399
-660
399
558
-244
-43
48
-190
540
-249
-131
104
-57
-216
-639
-56
-161
-246
-91
460
-321
58
782
-153
-17
481
-75
-103
25
1149
715
439
597
434
265
-232
687
764
-190
663
908
-20
-443
66
103
-79
-884
216
85
-1682
-1190
26
-1625
-1341
-916
-834
-1099
-1423
-434
-1229
-1556
-926
-104
-1807
-906
-45
-912
-1124
132
435
-1629
37
268
-989
-692
403
-59
-1095
238
-318
-883
-762
-584
221
-158
-8
-106
373
-918
-711
790
-130
201
17
193
172
540
529
527
700
65
640
616
-5
1114
896
265
161
1478
-236
-209
813
656
-276
569
1051
-649
-381
585
-383
-1234
797
-206
-895
-103
-431
-406
-1161
-286
-337
-1007
-1306
-321
-635
-1271
262
-157
-431
-175
-704
-322
-93
-511
-67
132
413
-1033
96
-70
-878
126
371
-388
-484
561
-668
31
163
18
-153
-511
455
-89
-636
-209
1307
-235
-92
907
42
-157
952
510
498
903
150
-167
1213
641
-550
779
1336
291
63
733
633
98
-153
1273
572
-763
479
172
-773
-122
565
-232
-852
133
-269
-724
-716
398
-324
-935
-20
-668
-490
-1020
25
-594
-229
206
-491
25
-782
263
-891
12
65
45
474
-328
604
-137
59
-526
361
615
-467
1499
-121
453
373
498
693
576
190
636
1185
352
413
1028
813
354
280
1051
378
705
1322
858
425
724
1322
-362
1474
656
333
1058
401
-506
1383
1369
-1246
61
1960
-249
-1226
1502
696
-1016
32
1506
-979
-627
657
-257
-148
532
-1369
377
358
-536
-48
263
168
-335
-90
-136
11
-471
25
-158
415
-807
-139
593
-570
245
1442
-402
-589
945
97
-28
192
160
746
-234
634
472
-323
-10
1747
97
-736
1555
183
-240
216
753
42
54
991
649
-421
346
964
349
-232
578
473
526
-37
-177
-468
797
-197
-1416
1410
-80
-1485
305
695
-1494
-1104
589
-607
-1469
-595
308
-1020
-1647
-533
-303
-1114
-1894
-76
-405
-1645
-604
142
-1170
-393
-569
-928
689
-1126
-1280
474
5
-1145
-429
662
-376
-1147
257
719
-1092
11
440
-102
-462
782
-154
-344
-326
532
-398
281
215
-447
190
-429
626
-842
629
377
-422
360
211
-303
-188
692
246
-71
437
-102
-176
-446
563
-477
407
-453
339
14
-1354
608
748
-1703
-1414
2084
-1535
-1008
1296
-305
-1587
687
651
-2100
104
106
-1202
-155
-166
-392
-465
775
-1439
-662
209
-209
-837
-322
820
-722
513
-514
-352
382
-462
667
828
-684
220
719
-425
363
701
-910
488
1174
42
-140
901
75
314
926
-1102
700
1259
-376
-51
1674
412
-1126
1009
610
-543
-340
514
370
-1156
108
387
-310
-1342
7
487
-1047
-742
-451
490
-1103
-572
327
-71
-1202
-211
1130
-1396
-844
881
320
-792
-561
671
-75
-743
197
1381
-282
-1452
393
875
-672
-770
1345
794
-948
-238
1463
-419
-1274
439
430
-402
344
219
156
-247
67
287
766
-749
-67
1691
-282
-468
1149
959
-140
233
1714
588
-63
1199
1443
154
24
1446
521
-372
653
414
-687
690
505
119
27
13
220
-945
-429
697
-1276
48
304
-1127
415
-20
-502
-490
398
17
-586
603
366
-737
783
622
-1124
1340
479
-577
930
818
222
568
506
955
-47
476
977
1218
-706
1106
1849
-445
1061
1390
637
-603
1169
1374
-1364
472
1161
-32
-157
152
1407
241
-329
502
997
178
-419
539
821
236
-226
664
1050
-653
305
829
763
-911
-364
1562
-460
-886
-238
72
-838
-276
-566
-775
1108
-1582
-946
566
118
-1358
-1540
1530
73
-1725
-1187
455
-623
-2861
677
672
-2441
-230
1376
-1614
-715
570
-36
-703
-180
578
-229
-196
-198
94
274
-207
-434
461
170
236
132
930
-132
-601
135
122
240
-320
941
-31
125
507
-85
-105
-863
538
97
-978
-88
-371
-11
-892
-284
-814
-501
-58
-866
-606
-401
-200
-1477
-187
-318
-904
-957
-136
368
-1466
-792
563
-857
-1563
-445
386
-1554
-928
8
-533
-792
-869
-243
-553
209
-1003
-401
619
-595
-1164
264
-312
-1360
241
-679
-444
550
-404
-447
306
589
-1072
474
784
-274
330
734
783
-126
100
946
349
209
840
91
369
405
168
346
-121
38
379
32
38
704
253
-18
-118
529
-217
-408
-155
96
-405
-484
-261
-909
-812
-313
-648
-961
41
-382
-714
-486
712
-862
-1143
-499
747
-213
-1515
663
359
-474
-279
-158
136
-425
-1369
391
729
-1158
-1137
1185
-636
-1082
631
-69
-556
247
87
-541
166
649
-476
270
392
-593
432
774
61
-127
1701
1282
-74
642
260
450
171
552
-23
399
1143
435
619
-1275
293
236
-438
746
76
-674
-888
863
161
-1560
-661
276
576
-1204
-328
934
-400
-1258
-351
1001
-918
-1839
431
1365
-1368
-679
1477
-434
-963
606
1140
-638
-1284
1750
685
-1042
17
1007
-598
-667
1465
292
-565
-45
960
160
-273
-20
223
1322
665
377
868
609
276
438
1676
675
121
249
1588
259
60
1589
709
-20
1049
1385
17
603
1124
683
-74
-118
1134
-149
-456
490
494
-537
-161
817
-659
747
476
-665
-32
101
-78
-110
-1017
-135
962
-544
-1087
532
-89
-966
-93
695
-801
-973
314
-486
-861
1044
129
-1267
189
497
-1092
-385
580
-453
33
62
282
-113
-938
84
940
141
-477
233
548
-683
516
517
444
-343
358
810
386
92
-55
-313
-428
361
-63
550
-118
-501
1533
878
-665
98
376
-308
-377
-370
-234
-278
-1568
-815
331
-1204
-1155
-553
-625
-498
-556
-653
-186
-425
-1260
-548
937
-1447
-1673
129
-798
-996
-1069
-922
-264
-619
-1561
-279
-342
-1118
-1096
127
-922
-1225
-623
-460
-251
73
-636
-1004
-188
-367
-77
-117
808
-67
-502
-27
634
-507
-584
878
373
-581
-76
473
-79
-10
-314
-434
1381
248
-207
769
659
-540
-928
1102
-1006
-628
1099
-22
-316
-304
0
-487
-493
174
511
-129
243
275
-128
-12
-620
-581
108
70
-487
-364
-551
-850
-1278
-987
-139
-553
-1359
-588
226
-558
-1084
-717
-119
-623
-565
155
560
223
-651
-328
557
485
-357
76
485
-408
-608
660
-499
-536
359
734
530
-418
84
274
494
112
569
248
-207
421
139
692
-88
99
518
343
932
-19
-117
-10
315
242
681
226
-551
274
522
-14
-246
172
-262
-196
251
-86
-512
-272
-625
-550
-2
415
-408
-819
247
-194
-584
-159
120
-714
-764
597
271
-489
-438
-199
-290
69
378
-361
-283
81
163
287
-84
-546
2
28
-19
364
-328
-180
355
843
228
79
381
418
-209
169
691
597
408
441
896
371
108
479
681
812
417
485
1011
323
381
887
661
485
583
409
694
337
172
714
826
334
73
349
282
213
554
561
183
294
748
313
-775
319
264
-29
222
327
170
-129
-450
87
937
152
10
217
334
548
68
484
547
-185
444
661
271
215
-328
-122
150
-68
119
63
301
104
-23
254
211
328
540
328
469
589
347
-2
121
196
185
636
-63
-218
148
-101
-83
234
609
184
-458
-267
154
-195
-497
144
34
-271
-71
-222
-69
-245
-901
-149
412
6
-10
-398
-240
-95
-561
-367
371
548
-492
-117
588
-194
-874
348
361
-546
217
338
-82
-438
-412
-400
-490
-70
-502
-331
-67
-622
-306
-187
-292
-133
-356
-263
82
-70
-291
-134
-635
-397
380
-28
59
-330
-532
-320
-628
-268
-134
-447
-687
-267
-545
-861
-995
-1384
-937
-709
-889
-737
-908
-1235
-1297
-1135
-887
-409
-605
-959
-289
-299
-452
-215
-98
45
23
253
556
427
37
-124
315
787
754
551
472
393
449
448
421
751
655
367
762
978
630
399
481
534
736
893
734
716
487
495
506
781
689
394
387
243
484
551
141
132
333
47
-172
51
-446
-839
-1160
-1192
-1078
-1144
-1236
-1929
-2256
-1786
-2034
-2555
-2259
-2265
-2728
-2489
-2528
-2882
-2891
-3160
-3487
-3249
-2908
-1822
-360
-248
-1036
-1517
-1120
106
991
1287
1839
2409
2311
2333
3011
3516
3284
2963
3419
4425
4788
3915
3138
2977
2956
2970
3010
3001
2471
1377
663
1031
1285
862
353
17
-178
-137
-260
-431
-589
-850
-530
-43
290
-44
-918
-1166
-1081
-1023
-715
-431
-789
-1352
-1862
-2269
-2256
-2427
-2971
-3157
-3009
-3087
-3729
-4285
-4205
-3871
-3668
-2871
-1568
-1219
-1845
-2053
-1717
-643
601
1255
1890
2494
2543
2532
2865
3379
3810
3922
3979
4411
4580
3885
3226
3592
4049
3866
3477
3172
2846
2247
1739
1650
1847
1511
896
538
462
282
-222
-461
20
472
437
457
494
334
124
201
632
1100
1120
692
385
142
-521
-985
-591
-312
-841
-1501
-2155
-2745
-3067
-3515
-3957
-3933
-4321
-5132
-5523
-4996
-3986
-3570
-3365
-3129
-3173
-3026
-2196
-1100
-135
222
367
1135
2008
2358
2687
3175
3446
3576
3849
4249
4493
4037
3181
3317
3965
4358
4211
3480
2603
1963
1643
1735
2177
1973
895
-10
-180
25
-49
-424
-616
-468
-353
-299
-272
-275
-417
-483
-167
536
933
412
-224
-571
-942
-1054
-1010
-1105
-1491
-2072
-2821
-3309
-3756
-4084
-4472
-4779
-5080
-5658
-6030
-5286
-4076
-3594
-3703
-4136
-4206
-3209
-1952
-1224
-585
-252
-58
410
1212
2126
2864
2922
2745
3153
3597
3864
3863
3437
3067
3074
3291
3651
3684
3053
2130
1500
1551
2015
1954
1329
461
-180
-311
-25
195
60
-303
-542
-418
-15
245
266
330
238
269
653
915
669
188
-188
-325
-262
-462
-1138
-1542
-1889
-2366
-2812
-3298
-3756
-4161
-4572
-5056
-5454
-5819
-5290
-4019
-3462
-3700
-4248
-4523
-3724
-2283
-1348
-585
-57
-30
163
755
1856
2981
3308
3031
3208
3803
4028
3873
3648
3585
3722
3514
3415
3749
3503
2385
1609
1706
2281
2345
1400
440
54
-190
-257
65
375
246
-383
-889
-474
221
403
364
398
464
652
725
589
571
378
3
-102
-236
-648
-1157
-1675
-2097
-2232
-2687
-3438
-3886
-4376
-4981
-5347
-5604
-5160
-3934
-3394
-3738
-4338
-4876
-4131
-2536
-1352
-720
-390
-422
-383
276
1298
2604
3353
3141
2916
3322
3782
3882
3809
3754
4046
3978
3389
3390
3602
2978
2197
2057
2413
2658
1890
692
213
152
148
341
512
503
-38
-901
-838
171
761
638
452
364
470
761
837
952
1078
666
193
-7
-220
-598
-1002
-1401
-1565
-1866
-2622
-3362
-3927
-4266
-4718
-4801
-4197
-3224
-2782
-3432
-4266
-4585
-3771
-2168
-1102
-716
-590
-620
-577
87
1383
2745
3363
3005
2677
3003
3592
3929
4042
4257
4467
4237
3517
3262
3620
3586
3039
2770
2912
2729
1962
956
655
908
897
589
378
301
-9
-641
-698
220
876
611
179
55
178
463
641
848
1062
746
80
-383
-528
-562
-687
-930
-1260
-1900
-2630
-3366
-3664
-3813
-4210
-4640
-4575
-3975
-3515
-3785
-4402
-4538
-4009
-2947
-2036
-1585
-1290
-1346
-1580
-1122
260
1719
2217
1929
1643
1953
2544
3031
3468
3874
3823
3154
2592
2392
2761
3046
2839
2451
2240
1820
1118
691
782
929
740
222
-224
-230
-314
-530
-496
-27
364
131
-379
-521
-194
176
408
533
510
240
-255
-625
-562
-502
-739
-1091
-1520
-2085
-2662
-3076
-3333
-3447
-3821
-4538
-4869
-4343
-3679
-3681
-4112
-4453
-4178
-3582
-3121
-2673
-1907
-1309
-1293
-1391
-783
652
1667
1633
1466
1862
2501
2605
2610
3011
3612
3497
2749
2461
2832
3144
2937
2542
2493
2505
1897
1183
1308
1628
1297
574
196
399
554
171
-175
85
402
266
-76
51
438
416
203
269
569
605
200
-253
-338
-327
-596
-961
-1287
-1678
-2176
-2542
-2832
-3130
-3459
-4178
-4663
-4244
-3375
-3101
-3637
-4369
-4442
-3662
-2784
-2303
-1855
-1356
-1321
-1461
-973
127
1249
1557
1323
1576
2218
2390
2297
2610
3271
3577
3057
2512
2640
2693
2494
2566
2893
2893
2154
1146
874
1333
1484
1079
734
514
152
-188
-156
311
662
401
-19
-5
231
468
481
520
794
700
297
42
38
-59
-278
-547
-726
-1089
-1713
-2266
-2509
-2622
-2843
-3333
-3831
-3958
-3514
-3127
-3362
-3728
-3724
-3333
-2824
-2530
-2201
-1583
-1144
-1194
-1005
-139
919
1411
1120
1120
1846
2514
2693
2592
2999
3487
3229
2643
2732
3256
3288
2876
2746
3037
2868
2025
1485
1914
2232
1796
1250
1004
1196
965
562
672
1100
1052
469
207
503
979
1080
944
968
964
724
382
327
409
229
-226
-586
-778
-1081
-1594
-2029
-2282
-2520
-2994
-3350
-3200
-2770
-2896
-3432
-3731
-3319
-2723
-2528
-2530
-2186
-1726
-1470
-1337
-877
67
734
708
670
1092
1752
2100
2082
2283
2794
2928
2573
2304
2465
2657
2682
2603
2800
2822
2269
1537
1443
1870
2041
1594
921
739
670
413
293
700
887
540
-22
-159
278
613
485
289
248
209
30
-143
-175
-188
-406
-784
-980
-1200
-1581
-2067
-2477
-2908
-3255
-3549
-3633
-3317
-3252
-3814
-4284
-4019
-3378
-2905
-2947
-3061
-2645
-2090
-1699
-1348
-692
13
303
198
432
1150
1644
1638
1584
1995
2467
2471
2067
1947
2267
2208
1943
2096
2407
2220
1438
874
1172
1644
1443
764
387
401
283
-44
109
569
464
-186
-526
-195
266
405
248
166
303
232
79
69
63
-117
-465
-794
-879
-1129
-1626
-2089
-2452
-2708
-2882
-2953
-2862
-2764
-3258
-3868
-3738
-2945
-2308
-2455
-2860
-2668
-2034
-1484
-1170
-680
60
348
182
338
1168
1958
2011
1689
2011
2593
2733
2357
2223
2544
2595
2338
2298
2691
2692
1951
1273
1526
2049
1860
1160
650
645
662
400
369
711
676
62
-360
-56
529
636
344
173
161
212
47
-64
-117
-318
-736
-1018
-1021
-1144
-1615
-2154
-2496
-2687
-2855
-2734
-2538
-2596
-3081
-3634
-3430
-2433
-1885
-2194
-2512
-2302
-1646
-1086
-761
-237
376
484
403
800
1631
2284
2189
1851
2127
2737
2780
2468
2387
2544
2535
2261
2282
2650
2493
1698
1168
1474
1869
1601
898
425
493
464
270
263
425
295
-142
-414
-87
501
513
186
3
64
166
198
38
-122
-373
-782
-968
-876
-1052
-1407
-1840
-2217
-2410
-2422
-2178
-1951
-2173
-2814
-3175
-2642
-1638
-1413
-1876
-2080
-1664
-925
-557
-81
656
1130
947
842
1454
2443
2870
2456
2269
2707
3147
3090
2869
3007
3122
2905
2620
2749
3030
2665
1785
1519
2066
2334
1739
874
591
709
732
584
564
678
324
-219
-253
271
733
593
128
-76
6
55
57
-41
-273
-621
-1104
-1217
-1263
-1551
-1951
-2405
-2704
-2712
-2502
-2361
-2510
-3064
-3548
-3143
-1991
-1417
-1819
-2341
-2236
-1391
-520
-133
269
737
712
521
929
2058
2955
2746
2081
2208
2809
2970
2652
2485
2651
2667
2313
2065
2253
2248
1551
1025
1336
1749
1484
593
-116
-12
218
132
-1
-145
-422
-869
-973
-528
-4
-23
-543
-913
-938
-726
-587
-616
-922
-1366
-1715
-1826
-1799
-2005
-2401
-2892
-3301
-3340
-2982
-2710
-2907
-3447
-3972
-3518
-2262
-1574
-1979
-2544
-2541
-1762
-777
-210
275
664
547
292
786
1936
2842
2792
2097
2092
2674
2903
2662
2576
2726
2777
2528
2277
2395
2337
1732
1304
1523
1876
1508
543
-174
-109
214
243
177
-90
-559
-974
-947
-491
48
1
-506
-800
-865
-706
-527
-579
-901
-1324
-1710
-1797
-1766
-2067
-2549
-2855
-2978
-2830
-2639
-2635
-2884
-3342
-3675
-3072
-1762
-1196
-1712
-2425
-2300
-1143
-6
368
572
870
785
753
1299
2424
3333
3095
2321
2371
3109
3374
3093
2879
3089
3299
2954
2561
2542
2494
1898
1555
1741
1898
1405
321
-230
96
418
273
-102
-545
-849
-1012
-976
-440
-87
-432
-988
-1211
-1057
-776
-766
-1038
-1417
-1784
-2002
-1967
-2000
-2361
-2890
-3177
-3006
-2606
-2563
-2886
-3293
-3617
-3239
-2070
-1193
-1409
-2142
-2470
-1560
-85
685
821
909
919
917
1330
2358
3516
3690
2830
2371
3020
3645
3629
3311
3330
3614
3411
2804
2696
2778
2426
2026
2020
2161
1771
704
-60
255
777
664
144
-246
-495
-738
-737
-202
319
-38
-871
-1218
-932
-562
-547
-945
-1268
-1583
-1940
-2128
-1983
-1848
-2354
-2933
-2938
-2430
-2350
-2849
-3258
-3336
-2920
-1989
-1232
-1199
-1688
-2059
-1410
30
1043
1232
1134
1064
1222
1836
2812
3797
4007
3259
2744
3241
3924
4082
3826
3841
4153
3938
3307
3073
3136
2958
2555
2378
2439
2030
900
157
537
1009
822
88
-592
-825
-970
-1017
-584
-112
-481
-1380
-1895
-1642
-1195
-1121
-1508
-1967
-2240
-2563
-2729
-2688
-2712
-3109
-3434
-3323
-2878
-2872
-3366
-3806
-3780
-2918
-1721
-1362
-1856
-2465
-2434
-1370
-47
575
741
730
560
707
1468
2761
3716
3501
2608
2433
3120
3517
3428
3336
3663
3852
3207
2540
2608
2784
2575
2190
2087
1972
1129
-46
-144
617
920
272
-708
-1070
-1122
-1242
-1172
-743
-623
-1394
-2249
-2286
-1746
-1509
-1753
-2235
-2604
-2876
-3132
-3211
-3172
-3340
-3730
-3700
-3386
-3303
-3662
-4065
-4041
-3375
-2362
-1853
-2057
-2601
-2768
-1945
-494
499
715
567
410
561
1175
2370
3518
3629
2835
2336
2716
3433
3707
3687
3916
4091
3539
2782
2658
3080
3233
2847
2545
2321
1668
693
419
986
1415
866
-205
-725
-685
-727
-718
-343
-229
-875
-1838
-2150
-1653
-1309
-1599
-2059
-2355
-2688
-3048
-3279
-3220
-3163
-3426
-3465
-3229
-3250
-3698
-4199
-4050
-3039
-1956
-1735
-2148
-2591
-2546
-1660
-331
597
853
599
265
517
1389
2462
3387
3405
2676
2267
2571
3154
3572
3886
4129
4060
3328
2627
2721
3270
3424
3145
2771
2212
1480
846
877
1523
1721
877
-203
-625
-591
-480
-337
25
-67
-1038
-1898
-1961
-1444
-1192
-1501
-2012
-2448
-2820
-3343
-3437
-3182
-3110
-3215
-3268
-3429
-3728
-3998
-4116
-3427
-2223
-1641
-1985
-2667
-2814
-2008
-675
370
826
762
366
239
735
1882
3100
3487
2881
2223
2232
2707
3260
3814
4259
4218
3410
2434
2492
3211
3716
3695
3225
2654
1881
1238
1278
1994
2346
1641
511
-95
-58
31
132
394
446
-371
-1212
-1353
-1040
-722
-926
-1417
-1919
-2266
-2698
-3061
-3072
-2994
-2735
-2529
-2802
-3298
-3717
-3787
-3191
-2060
-1317
-1306
-1907
-2488
-2086
-645
781
1297
1025
571
523
1002
1821
2972
3702
3352
2450
2045
2526
3238
3808
4091
4045
3439
2415
2134
2735
3382
3419
2835
2000
1430
1024
911
1433
1879
1423
342
-414
-484
-172
52
187
188
-538
-1428
-1758
-1491
-1144
-1123
-1531
-2115
-2560
-3028
-3247
-3015
-2798
-2836
-3005
-3195
-3514
-3853
-4022
-3544
-2426
-1670
-1822
-2487
-2747
-2230
-1013
192
919
1037
469
113
448
1450
2588
3083
2609
1898
1603
1853
2628
3459
3817
3378
2378
1589
1750
2419
2849
2762
2165
1317
710
472
683
1176
1047
312
-352
-736
-777
-611
-447
-282
-451
-1091
-1704
-1973
-1931
-1739
-1639
-1868
-2374
-2954
-3441
-3561
-3335
-3084
-2916
-2928
-3397
-4002
-4219
-3886
-2956
-1910
-1494
-1853
-2457
-2613
-1818
-348
864
1332
1040
604
540
1087
2077
3113
3434
2834
2129
2009
2533
3313
3884
3838
3225
2394
1915
2174
2675
2869
2453
1686
1079
706
540
692
932
759
192
-439
-746
-720
-576
-406
-414
-642
-1111
-1655
-1907
-1769
-1552
-1541
-1848
-2369
-2922
-3304
-3268
-2995
-2699
-2528
-2857
-3444
-3835
-3728
-3094
-2099
-1314
-1182
-1685
-2197
-1925
-771
627
1373
1371
1045
806
1008
1726
2784
3564
3454
2732
2272
2604
3368
3905
3893
3531
3038
2388
2177
2563
2882
2578
1918
1341
1005
747
461
414
487
354
-201
-750
-924
-853
-743
-765
-724
-860
-1441
-1993
-2099
-1782
-1589
-1755
-2165
-2744
-3175
-3297
-3096
-2774
-2442
-2588
-3110
-3619
-3666
-3209
-2383
-1462
-985
-1210
-1752
-1759
-1009
307
1373
1683
1477
1154
1073
1599
2595
3496
3738
3322
2896
3002
3482
3827
3908
3995
3813
3140
2791
2860
3034
2895
2498
2114
1761
1313
754
504
689
838
370
-318
-661
-764
-842
-921
-491
-445
-1013
-1729
-2057
-1917
-1685
-1641
-1939
-2442
-2941
-3167
-3008
-2555
-2149
-2271
-2739
-3252
-3379
-2879
-2175
-1416
-838
-757
-1125
-1325
-945
254
1558
2033
1865
1590
1573
1891
2564
3358
4020
4076
3607
3308
3407
3529
3731
4116
4178
3695
2923
2338
2291
2536
2546
2200
1659
945
256
-16
276
624
320
-392
-907
-1244
-1320
-1117
-837
-920
-1453
-2041
-2339
-2236
-2059
-2066
-2294
-2617
-3000
-3306
-3328
-3057
-2738
-2810
-3152
-3422
-3517
-3400
-3061
-2482
-1691
-1196
-1420
-1769
-1575
-556
664
1327
1435
1368
1283
1233
1647
2560
3540
3879
3430
2906
2769
2994
3358
3816
3957
3442
2447
1698
1792
2321
2444
1959
1328
681
110
-233
-161
141
40
-587
-1256
-1596
-1540
-1377
-1314
-1425
-1720
-2187
-2576
-2683
-2602
-2562
-2596
-2740
-3112
-3502
-3651
-3475
-3082
-3025
-3277
-3461
-3526
-3465
-3211
-2530
-1567
-1041
-1352
-1838
-1577
-525
697
1319
1485
1510
1388
1303
1770
2935
3960
4037
3388
2937
3068
3387
3643
4032
4228
3653
2550
1893
2159
2662
2538
1900
1309
855
357
-8
89
452
324
-402
-1095
-1310
-1169
-1148
-1190
-1207
-1394
-1832
-2277
-2380
-2278
-2159
-2211
-2433
-2763
-3035
-3151
-3133
-2892
-2770
-2833
-2882
-2971
-3069
-2938
-2283
-1267
-657
-915
-1403
-1346
-512
543
1286
1669
1589
1291
1134
1764
3064
3955
3825
3122
2775
3008
3310
3524
3891
3983
3207
2207
1880
2246
2517
2208
1553
1144
873
339
-94
-7
274
52
-581
-1032
-1146
-1182
-1254
-1182
-1010
-1144
-1653
-2100
-2323
-2183
-1977
-1901
-2115
-2497
-2876
-3065
-2864
-2482
-2344
-2443
-2611
-2858
-2967
-2661
-1693
-667
-406
-1027
-1497
-1147
-149
844
1353
1595
1474
1139
1182
2161
3421
3844
3297
2796
2946
3212
3252
3474
3831
3673
2767
2117
2185
2515
2428
1829
1476
1413
1027
305
51
291
330
-128
-613
-794
-1010
-1206
-1199
-840
-754
-990
-1433
-1839
-1873
-1739
-1512
-1412
-1666
-2241
-2603
-2363
-1842
-1588
-1709
-1833
-1993
-2262
-2157
-1455
-421
127
-175
-689
-662
-87
724
1488
1949
2000
1664
1507
2056
3092
3726
3537
3155
3077
3105
3141
3223
3382
3383
2948
2265
1969
1961
1841
1480
1164
962
701
211
-321
-481
-437
-477
-703
-978
-1287
-1594
-1717
-1592
-1389
-1334
-1572
-1991
-2276
-2235
-1982
-1758
-1822
-2150
-2409
-2354
-2113
-1959
-1833
-1769
-1801
-1956
-1938
-1660
-1161
-719
-548
-551
-437
-114
290
853
1353
1624
1677
1635
1838
2222
2561
2670
2571
2579
2613
2584
2437
2334
2312
2221
1968
1544
1240
1037
878
612
383
214
-70
-486
-858
-970
-1089
-1262
-1483
-1712
-1747
-1870
-1948
-1912
-1910
-1999
-2165
-2310
-2408
-2296
-2287
-2396
-2389
-2384
-2355
-2214
-2066
-1988
-1803
-1731
-1699
-1484
-1207
-905
-587
-381
-260
-28
327
674
985
1195
1379
1684
1934
2090
2253
2329
2331
2344
2335
2377
2382
2233
2020
1945
1868
1723
1524
1252
1100
959
757
560
422
173
-79
-340
-526
-552
-640
-860
-1115
-1255
-1364
-1512
-1548
-1642
-1739
-1905
-2059
-2144
-2156
-2205
-2288
-2316
-2287
-2193
-2148
-2088
-1964
-1827
-1652
-1456
-1209
-959
-752
-513
-173
261
655
886
993
1174
1435
1797
2117
2201
2219
2115
2090
2207
2335
2315
2107
1862
1664
1548
1507
1472
1306
1055
805
635
583
502
358
172
-5
-185
-321
-362
-410
-550
-715
-822
-946
-1048
-1155
-1286
-1328
-1365
-1492
-1685
-1790
-1893
-1938
-1945
-1940
-1873
-1931
-1993
-1971
-1662
-1317
-1179
-1101
-983
-751
-381
14
366
594
682
784
1064
1476
1803
1864
1774
1770
1825
1963
2015
2007
1894
1701
1565
1499
1472
1402
1206
996
854
765
696
581
368
243
300
230
111
24
-93
-199
-216
-210
-240
-360
-505
-660
-686
-650
-644
-708
-859
-958
-913
-901
-986
-823
-857
-1003
-1073
-932
-675
-511
-455
-350
-168
136
364
533
713
862
961
1081
1314
1548
1642
1616
1629
1678
1755
1776
1671
1587
1482
1387
1353
1338
1233
1052
824
701
710
631
487
286
128
2
-104
-89
-143
-233
-423
-575
-605
-605
-588
-643
-712
-796
-813
-826
-815
-804
-845
-882
-879
-766
-693
-657
-613
-527
-419
-280
-133
-23
74
141
289
515
638
751
777
799
839
867
948
868
788
703
609
624
657
642
535
458
344
327
226
124
13
-97
-228
-377
-425
-451
-537
-615
-687
-763
-838
-874
-893
-933
-1052
-1032
-998
-1075
-1127
-1149
-1051
-999
-1044
-1195
-1284
-1205
-1070
-975
-942
-795
-715
-647
-484
-238
-83
-10
105
287
501
613
672
792
933
961
969
1084
1119
1066
925
867
877
842
686
505
403
263
131
-22
-87
-164
-314
-403
-540
-607
-671
-746
-823
-898
-970
-1006
-1005
-1026
-1019
-1048
-1033
-1016
-1114
-1083
-1012
-966
-988
-976
-959
-973
-1004
-940
-805
-675
-603
-600
-529
-340
-199
-56
105
330
486
581
742
949
1119
1204
1271
1375
1490
1513
1551
1563
1530
1522
1424
1343
1245
1153
997
841
730
566
368
178
-3
-196
-311
-426
-647
-808
-953
-1025
-1093
-1179
-1227
-1268
-1299
-1359
-1338
-1307
-1248
-1201
-1159
-1142
-1147
-1113
-1083
-970
-840
-773
-758
-712
-631
-521
-384
-246
-105
-22
90
243
369
544
728
889
1010
1108
1178
1284
1442
1472
1506
1495
1518
1524
1506
1498
1405
1360
1232
1134
1010
925
761
593
434
279
168
1
-156
-324
-483
-603
-747
-820
-940
-1064
-1152
-1206
-1199
-1218
-1236
-1256
-1249
-1223
-1166
-1091
-1000
-944
-927
-876
-676
-420
-321
-217
-107
18
134
277
425
518
639
705
837
950
1012
1093
1162
1267
1420
1449
1416
1612
1554
1472
1414
1411
1450
1397
1303
1168
1128
1187
1144
1021
906
750
594
475
413
363
284
186
42
-72
-134
-196
-345
-387
-459
-550
-626
-638
-641
-718
-754
-738
-701
-705
-714
-726
-649
-580
-563
-486
-429
-295
-218
-196
-86
32
146
235
337
414
490
569
640
755
812
848
806
847
885
917
912
893
864
818
778
731
688
620
584
526
395
355
300
211
130
39
-69
-175
-346
-471
-504
-544
-590
-596
-577
-605
-660
-681
-731
-746
-750
-808
-857
-884
-915
-859
-831
-785
-713
-704
-645
-631
-582
-456
-357
-302
-222
-174
-182
-175
-47
123
215
177
54
34
159
257
260
307
277
236
195
213
223
150
81
30
-9
-79
-137
-160
-155
-178
-298
-299
-299
-339
-414
-436
-412
-448
-478
-510
-513
-550
-560
-532
-503
-482
-528
-412
-389
-391
-361
-368
-330
-321
-346
-310
-228
-169
-163
-160
-117
-78
-101
-35
39
91
72
86
129
134
185
197
244
277
276
250
278
316
276
292
260
292
263
204
184
189
165
124
76
4
-17
-58
-84
-115
-196
-227
-267
-294
-327
-336
-331
-347
-374
-389
-385
-409
-420
-443
-380
-307
-381
-391
-375
-329
-269
-248
-236
-208
-198
-188
-131
-50
-13
-4
4
46
29
94
97
132
168
151
170
179
234
221
215
181
197
218
231
246
227
260
220
251
272
308
305
249
260
240
236
187
145
142
115
108
26
31
-27
-109
-170
-166
-198
-269
-314
-347
-390
-419
-373
-384
-382
-422
-477
-438
-403
-381
-372
-334
-315
-265
-221
-179
-93
-53
-8
49
112
152
134
211
219
392
492
460
484
502
544
578
603
562
567
510
536
550
511
519
527
572
648
636
582
725
724
685
601
561
581
578
540
462
465
557
539
465
376
330
283
220
206
155
135
89
61
29
-11
-34
-109
-109
-124
-138
-121
-135
-128
-150
-128
-91
-66
-30
-49
-58
-26
40
31
57
140
166
166
163
142
168
217
243
255
272
289
289
281
325
335
386
354
356
394
373
400
402
453
468
441
432
434
425
431
425
396
401
354
298
260
215
138
-17
-118
-218
-292
-304
-357
-404
-438
-419
-507
-493
-483
-537
-607
-662
-695
-717
-742
-737
-706
-734
-679
-714
-696
-661
-651
-595
-580
-563
-478
-387
-396
-378
-344
-256
-181
-146
-216
-321
-248
-169
-148
-78
-68
-75
-75
-43
-6
1
6
-8
6
-8
5
30
58
92
43
33
23
19
1
8
-6
-51
-97
-171
-182
-201
-223
-273
-313
-346
-464
-389
-316
-375
-451
-524
-557
-556
-608
-588
-570
-597
-609
-614
-580
-557
-552
-517
-502
-435
-384
-378
-352
-299
-262
-226
-178
-139
-102
-111
-46
1
6
78
76
73
87
133
175
196
249
238
204
210
274
282
303
339
273
286
300
287
292
311
315
292
264
253
241
216
216
159
137
90
2
-29
-61
-75
-140
-178
-253
-326
-348
-372
-393
-416
-467
-487
-472
-463
-510
-459
-456
-447
-446
-433
-401
-363
-347
-323
-287
-278
-265
-243
-197
-157
-160
-88
-77
-49
10
31
72
128
159
190
186
202
227
257
339
362
319
419
465
436
426
450
492
464
472
484
393
367
392
374
423
339
209
191
156
165
91
67
45
-33
-74
-95
-65
-113
-150
-149
-159
-154
-199
-158
-198
-155
2
-9
-23
-15
4
23
69
57
53
34
16
71
24
43
51
59
129
240
190
289
365
364
383
331
381
434
501
458
408
558
686
768
718
667
710
697
709
707
708
685
640
623
637
602
518
465
441
428
403
391
330
298
226
206
216
193
158
65
32
27
-4
-1
-59
-60
-59
-92
-120
-133
-119
-131
-159
-173
-159
-190
-187
-193
-226
-173
-188
-206
-193
-210
-183
-157
-112
-88
-66
-85
-27
10
60
116
83
132
157
188
212
245
213
145
79
72
-15
-12
39
24
45
80
20
23
32
-7
-55
-106
-171
-253
-292
-316
-268
-281
-309
-353
-380
-389
-444
-416
-419
-446
-503
-458
-440
-455
-444
-419
-371
-334
-363
-513
-540
