50
10
20
43
-30
-4
-32
-142
-157
-239
-293
-253
-216
-199
-233
-130
-158
-160
-93
-104
-140
-140
-193
-218
-170
-201
-216
-221
-229
-181
-267
-225
-235
-313
-230
-280
-321
-195
-240
-242
-293
-340
-190
-233
-240
-262
-399
-333
-266
-308
-256
-266
-284
-256
-261
-240
-237
-251
-288
-325
-242
-266
-269
-213
-255
-223
-245
-205
-218
-296
-253
-273
-273
-213
-259
-269
-251
-208
-260
-204
-246
-178
-37
-118
-63
-84
-115
-88
-90
-113
-63
-144
-59
-28
-159
-28
-112
-68
-38
-160
-52
-109
-133
-8
-154
-59
-95
-144
-32
-100
-111
-69
-162
-130
-91
-92
-105
-140
-81
-107
-140
-30
-52
-131
12
-10
-87
-42
-58
-18
19
-88
-17
-62
-132
9
-90
-78
25
-116
-36
-16
-83
1
-86
-48
-48
-57
-70
-2
-67
-115
-46
-61
3
-126
12
7
-90
49
-51
3
56
-22
54
14
0
35
-14
11
37
-36
-88
-46
2
-63
-70
-55
-101
-64
-74
-1
-20
-67
-26
-49
-43
-18
-43
2
-33
-13
51
-32
39
11
-25
-2
-81
-11
-35
-36
-13
-19
-37
6
-64
-66
-91
-55
-7
-94
55
-95
-70
-6
-147
0
-28
-32
142
-5
14
-9
-49
137
20
151
281
254
371
342
405
405
373
463
382
448
290
404
322
263
219
238
289
208
356
126
356
327
251
295
223
340
248
219
177
147
282
537
229
331
411
266
339
317
576
389
417
271
238
356
230
345
272
266
283
256
284
189
214
184
417
230
211
254
72
187
50
89
35
69
72
108
100
15
83
86
-97
61
132
2
59
-10
64
-49
-26
94
-35
-6
-83
38
27
13
67
-13
36
6
-18
156
951
308
-159
-43
-276
210
-89
134
66
-285
-275
-635
-319
-393
-360
-284
-302
-160
-309
-174
-365
-522
-426
-505
-292
-188
-236
-111
-254
-469
-483
-440
-249
-283
-220
-291
-388
-82
-228
-296
-355
-487
-191
-257
-191
-177
-371
-386
-419
-321
-332
-341
-269
-215
-306
-260
-164
-299
-265
-293
-303
-273
-172
12
-312
-75
-134
-298
-317
-397
22
-237
-271
-169
-273
-259
-405
-162
-184
-231
-77
-183
10
-103
-85
-132
-285
-14
-36
2
-1
4
-5
-167
-169
-150
-26
-179
-78
26
-187
-72
-251
-186
-42
-374
-25
-392
35
69
-421
31
-404
-257
-326
-209
-96
-221
53
-111
-392
-115
-257
-78
-12
-142
119
-207
145
-31
-32
-102
-318
-54
4
-91
57
-28
-148
-151
-148
48
-22
5
-116
11
-210
64
92
-92
92
-53
17
-283
293
126
216
468
-31
209
-263
184
94
72
79
-20
-20
-112
-63
-85
120
78
199
232
-22
-54
-248
-61
104
-115
233
142
43
-57
88
118
-61
45
16
186
11
129
23
-100
-85
-181
-74
-199
162
206
-81
-111
-70
-58
-258
167
231
52
-50
-214
64
214
294
135
-59
-225
-215
127
308
261
257
-22
-277
-53
21
-23
-33
0
270
43
45
-17
194
-69
-55
-15
108
543
244
238
-417
-200
-212
-58
253
399
552
33
119
-11
99
102
329
495
417
399
209
-15
-63
131
398
504
360
438
405
537
261
255
393
576
752
907
855
573
321
192
593
756
877
718
720
403
600
811
618
508
712
756
594
435
165
516
483
737
566
398
214
269
522
131
352
505
539
345
278
85
99
100
256
594
366
145
-4
-74
-306
-487
-307
-378
-74
-199
-309
-526
-396
-682
-1224
-992
-879
-655
-813
-999
-923
-1181
-1552
-1719
-1598
-1363
-1104
-867
-1237
-1513
-1783
-1747
-1839
-1876
-1759
-1592
-1522
-1512
-1560
-1418
-1372
-1483
-1212
-1048
-589
-514
-290
-297
-243
-226
1
188
393
873
1204
1297
972
940
1249
1603
1980
2076
2054
1878
1902
1949
1952
2063
2031
2080
1862
1780
1549
1504
1291
1032
951
1131
1146
712
235
-113
-50
167
400
-18
-404
-523
-649
-569
-852
-806
-696
-755
-571
-908
-1043
-1353
-1369
-1181
-834
-870
-917
-1558
-1941
-1862
-1552
-1175
-1647
-1752
-2234
-2399
-2216
-2147
-2175
-2350
-2230
-2392
-2789
-2743
-2876
-2731
-2760
-2215
-1876
-1688
-1758
-1965
-2026
-1777
-1066
-472
127
301
410
210
38
386
1094
1939
2306
2418
2117
1840
1761
1942
2367
2674
2906
2739
2389
1959
1959
2269
2454
2270
2006
1827
1700
1816
1725
1548
1295
1136
973
894
997
1185
1044
685
277
115
300
554
625
406
170
-149
-403
-408
-116
265
275
-50
-598
-1077
-1038
-791
-418
-314
-505
-794
-1226
-1627
-1349
-935
-898
-1334
-1601
-2133
-2232
-2140
-2033
-2398
-2727
-2977
-3125
-2833
-3079
-2895
-3297
-3440
-3755
-3211
-2525
-1835
-1953
-2359
-2751
-2501
-1554
-562
143
434
478
318
208
497
1533
2791
3414
3265
2715
2513
2661
3194
3775
4063
4034
3896
3534
3103
3068
3503
3955
3867
3155
2514
2236
2439
2582
2464
2099
1767
1444
1197
1151
1174
1457
1311
861
380
348
679
877
685
224
115
141
211
84
57
41
-48
-161
-397
-507
-427
-387
-440
-618
-900
-796
-1041
-974
-981
-1465
-1611
-1923
-1999
-2285
-2390
-2529
-2683
-3064
-3393
-3343
-3232
-3208
-3601
-3897
-3920
-3514
-2767
-2241
-2203
-2666
-2959
-2607
-1616
-605
69
411
443
317
190
867
2064
3266
3605
3265
2814
2758
3182
3798
4389
4540
4418
3849
3443
3258
3331
3722
3977
3862
3081
2351
1965
2012
2039
2082
1812
1496
1154
523
289
354
843
885
537
123
-222
-199
-158
-199
-328
-202
-201
-573
-945
-821
-615
-675
-789
-870
-960
-1114
-1228
-1391
-1548
-1602
-1386
-1477
-1666
-1927
-2361
-2818
-2838
-2608
-2540
-3181
-3951
-4256
-4157
-4000
-3902
-3878
-4207
-4624
-4786
-4550
-3656
-3067
-2724
-3425
-3962
-3420
-2017
-888
-590
-439
-371
-120
-96
665
1927
3153
3376
2738
2366
2562
3495
4156
4709
4565
4175
3807
3515
3575
3730
4010
4108
3978
3185
2366
2025
2270
2525
2436
2112
1671
1302
607
188
311
829
1021
615
59
-418
-547
-505
-320
-129
109
-102
-696
-1249
-1364
-866
-468
-371
-658
-915
-1251
-1427
-1596
-1329
-969
-956
-1228
-1694
-2191
-2538
-2669
-2597
-2603
-2754
-3188
-3743
-4022
-3936
-3886
-4177
-4429
-4660
-4324
-3761
-2959
-2806
-3588
-4433
-4120
-2552
-981
-275
-535
-818
-983
-638
253
1766
3340
3730
3024
2043
2176
3236
4514
5121
5102
4698
4100
3690
3496
3925
4408
4678
4465
3965
3411
2846
2483
2372
2708
2925
2896
2270
1286
482
236
731
1239
1455
949
119
-542
-815
-628
-93
482
394
-317
-1206
-1526
-1351
-719
-244
-334
-751
-1305
-1657
-1864
-1438
-921
-657
-1155
-1759
-2308
-2525
-2389
-2378
-2421
-2815
-3303
-3725
-4113
-4245
-4070
-3935
-4173
-4418
-3905
-3119
-2829
-3305
-3883
-3868
-3034
-1730
-763
-578
-668
-690
-418
87
1104
2568
3477
3526
2956
2780
3441
4345
4965
5280
5265
4868
4527
4466
4541
4658
4950
4972
4864
4446
3996
3502
2955
2801
3146
3659
3432
2464
1247
636
840
1501
1861
1509
763
-38
-536
-616
-136
456
550
-181
-1174
-1572
-1285
-845
-555
-545
-719
-1089
-1574
-1845
-1671
-1142
-767
-1052
-1607
-2143
-2476
-2580
-2511
-2419
-2533
-2925
-3827
-4297
-4551
-4050
-3955
-4037
-4482
-4213
-3768
-3433
-3893
-4739
-4348
-2935
-1488
-1494
-2000
-2092
-1360
-658
-175
809
1955
2524
1862
1426
2077
3584
4628
4676
4312
3928
4086
4243
4411
4400
4442
4415
4149
3690
3210
3343
3442
3392
2765
2268
2125
2110
1747
1111
864
896
988
491
-28
-192
-152
-282
-661
-733
-606
-567
-1135
-1561
-1360
-853
-644
-1142
-1468
-1591
-1447
-1501
-1621
-1290
-1073
-1235
-2041
-2275
-2159
-1680
-1705
-2154
-2762
-3242
-3592
-3830
-3973
-4066
-4048
-4317
-4820
-5339
-5098
-4213
-3166
-3328
-4508
-5243
-4372
-2532
-1564
-1996
-2388
-1769
-800
-297
47
1006
2163
2391
2014
2174
3225
4174
4234
3906
4103
4771
5035
4738
4224
4169
4435
4649
4561
4168
3674
3299
3048
2924
3064
3296
3089
2107
1022
719
1285
1889
1583
621
-185
-332
-170
-96
-208
-355
-477
-937
-1468
-1505
-948
-750
-1174
-1541
-1556
-1277
-1361
-1812
-1903
-1575
-1074
-1250
-1898
-2268
-2228
-2267
-2482
-2381
-2303
-2842
-4095
-4432
-4465
-3834
-3668
-4136
-4595
-4240
-3341
-3646
-4824
-5316
-3583
-1603
-1590
-2713
-3210
-2054
-787
-199
68
1100
2024
2018
1443
1651
3173
4429
4515
3988
4016
4380
4658
4438
4355
4731
5031
5007
4390
3693
3397
3698
3959
3741
3275
3013
2821
2243
1572
1551
2145
2314
1415
248
-18
488
660
230
-252
-209
-226
-815
-1449
-1191
-549
-390
-1154
-1785
-1502
-1008
-1048
-1697
-1435
-798
-692
-1418
-2092
-1995
-1474
-1468
-1945
-1965
-2244
-2751
-3654
-3963
-3983
-3385
-3127
-3962
-4487
-4042
-3166
-3293
-4378
-4516
-3280
-2005
-2088
-2637
-2670
-1678
-583
-43
193
873
1750
2134
1816
2089
3328
4511
4543
3948
4056
4768
5141
4909
4686
4968
5192
5104
4491
3954
4022
4314
4179
3631
3124
3061
3268
2767
1924
1640
2091
2207
1398
563
451
804
739
109
-316
-27
-73
-805
-1312
-1048
-463
-520
-1228
-1740
-1533
-1106
-1381
-1768
-1598
-1294
-1431
-1775
-2230
-2286
-1799
-1803
-2025
-2421
-2769
-3395
-3642
-3790
-3774
-3754
-4255
-4740
-4971
-3836
-3252
-4071
-5518
-5568
-3338
-1658
-2021
-3859
-4173
-2467
-509
-423
-866
-69
1067
1471
1006
1518
2893
3800
3347
3158
3925
4486
4291
3586
4057
4966
5317
4638
3763
3167
3424
4258
4257
3642
2819
2752
2868
2493
1762
1703
2283
2167
1164
145
269
613
534
186
-197
-149
-442
-1283
-1756
-1214
-506
-812
-1944
-2446
-1996
-1629
-1963
-2404
-2065
-1587
-1918
-2776
-2783
-2396
-2073
-1850
-2364
-2939
-3298
-3805
-3938
-3821
-3379
-3767
-4355
-4729
-3868
-2765
-3265
-5295
-6342
-4022
-760
-651
-3691
-5060
-3080
-405
82
-549
-16
998
1259
828
1405
2870
3811
3540
3372
4110
4554
4164
3610
4173
5366
5882
4946
3759
3361
3781
4629
4836
4284
3197
2600
2793
3108
2900
2547
2397
2099
1487
749
849
1453
1422
572
-106
9
28
-564
-1104
-682
-38
-409
-1683
-2388
-1694
-810
-1185
-2175
-2281
-1926
-1884
-2600
-2780
-2204
-1852
-2697
-3418
-3352
-3076
-3833
-4524
-4284
-3953
-3803
-4307
-4310
-3636
-3071
-4427
-6252
-5378
-1827
-180
-2388
-5216
-4146
-808
266
-1146
-1202
847
2032
945
195
1802
3843
3804
2932
3432
4664
4516
3279
3438
5276
6182
5048
3664
3508
4114
4307
4245
4654
4330
3256
2626
3126
3504
2992
2350
2534
2774
1886
774
820
1731
2100
1229
365
384
270
-225
-184
431
468
-496
-1612
-1545
-600
-506
-1416
-1935
-1406
-1372
-2315
-3115
-2339
-1034
-1491
-3141
-3874
-3483
-2993
-3657
-4448
-4330
-3821
-3748
-3226
-2755
-3822
-5761
-6078
-2838
220
-874
-4985
-5477
-1768
846
-473
-2151
-66
2240
1401
-428
723
3436
4171
2844
2874
4597
4419
2846
2819
5182
6579
5308
3355
3102
3916
4246
4370
4533
4475
3503
2780
2861
3231
3053
2705
2989
3003
2213
934
733
1567
2257
1828
963
450
32
-289
-222
614
924
-130
-1578
-1675
-641
-462
-1336
-1718
-1274
-1207
-2245
-2911
-3146
-2228
-1562
-2658
-3515
-4185
-3744
-3678
-4683
-4295
-3836
-4608
-5020
-3851
-2490
-4650
-7583
-6778
-2027
212
-2882
-6702
-5301
-1055
272
-2070
-3129
19
2025
259
-1453
544
3378
3040
1635
2757
4716
3445
1350
2281
5516
6233
3821
2211
3210
4218
3580
3227
3671
3841
2840
1886
2407
2935
2456
1755
2477
2923
1685
9
159
1957
2622
1390
-193
-130
459
395
-9
382
728
-314
-1417
-1061
141
-152
-1329
-1364
-653
-747
-2350
-3111
-1716
-818
-1804
-3352
-3560
-3294
-3376
-4218
-4405
-4189
-4198
-4768
-4326
-3022
-3761
-6526
-7447
-3856
-403
-1829
-6019
-6379
-2297
163
-1640
-3479
-1134
1669
782
-1401
-120
2925
3371
1929
2196
4121
4025
2279
2326
4967
6322
4501
2625
3202
4595
4319
3575
3727
4243
3716
2606
2423
3080
3288
2633
2311
2437
2033
1106
966
1748
2064
1369
421
259
462
355
184
413
460
-179
-993
-933
-261
-109
-716
-1167
-909
-975
-1645
-2121
-1931
-1018
-1311
-2714
-3497
-3372
-2747
-3416
-4415
-4255
-4078
-4229
-3736
-2820
-3589
-6427
-7280
-3557
-287
-1962
-5928
-5829
-2119
-338
-2053
-3275
-840
1638
684
-1238
-171
2463
3022
2073
2499
4295
3854
1820
2275
5237
6339
4192
2554
3680
4885
3886
3080
3864
4720
3963
2588
2672
3309
2855
2136
2628
3235
2595
1024
738
1940
2515
1793
767
527
697
398
197
542
724
83
-747
-807
-172
27
-688
-1147
-321
-227
-1292
-2248
-1540
-511
-816
-2065
-3101
-2404
-2331
-3134
-3568
-3568
-3533
-3742
-2872
-1912
-3786
-7035
-6019
-1714
-6
-2969
-5871
-4286
-1370
-841
-2588
-2309
359
1383
-368
-1212
866
2856
2450
1764
3486
4468
2827
1289
3187
6189
5944
3469
2789
4332
4552
3615
3596
4593
4612
3154
2320
2707
3327
3099
2732
2879
2473
1071
502
1525
2345
1921
771
96
146
157
-100
1
517
329
-832
-1527
-1046
-489
-601
-1134
-1165
-1093
-1789
-2581
-2328
-1097
-1142
-2391
-3236
-2815
-2617
-3161
-3906
-3859
-3879
-3799
-2934
-3028
-4089
-5878
-5559
-3453
-1642
-2803
-5315
-4958
-2695
-1581
-2980
-3214
-1048
274
-1015
-1836
-382
1523
1662
883
2010
3074
2376
1211
2375
4572
4977
3443
2594
3668
4116
3592
3293
4010
4294
3470
2741
2761
3048
2954
3061
3119
2568
1262
697
1537
2338
1768
531
70
197
143
-306
-293
-22
-205
-952
-1514
-1250
-881
-1027
-1361
-1484
-1560
-1898
-2552
-2549
-1806
-1385
-2495
-3524
-3083
-2892
-3304
-3990
-3811
-3947
-3794
-2859
-2550
-4053
-6063
-5062
-2399
-1422
-3374
-4694
-3642
-1908
-1659
-2716
-2339
-455
474
-262
-819
-9
1349
1789
1817
2695
3105
2235
1660
3141
4765
4531
3209
3176
4151
4025
3403
3515
4350
4358
3431
2934
3316
3351
3018
3033
3194
2861
1780
1374
1952
2268
1681
1057
841
738
202
-321
118
494
-29
-1002
-1467
-1070
-763
-1237
-1584
-1491
-1556
-1980
-2729
-2558
-2153
-2355
-2813
-3214
-3358
-3626
-4099
-4352
-4289
-3917
-3386
-3179
-3385
-4699
-5904
-4612
-1932
-1360
-3439
-4538
-2990
-1437
-1981
-2200
-652
603
302
-320
116
1086
1685
2075
2923
3441
2815
1885
2301
3984
4942
4135
3312
3647
3817
3383
3244
4018
4487
3780
2757
2765
3272
3337
3093
3137
3067
2281
1657
2001
2752
2625
1890
1318
1349
1292
707
436
885
1297
391
-854
-840
-123
-171
-855
-1135
-830
-1219
-2176
-2388
-1965
-1754
-2412
-3021
-3597
-3769
-3897
-4080
-4478
-4266
-3401
-3109
-3532
-5178
-5812
-4308
-2084
-1937
-3287
-4002
-2884
-1663
-1725
-1612
-535
669
645
64
243
1548
2433
2502
2936
3567
3247
2204
2513
4155
5154
4211
3261
3558
3959
3472
3108
3918
4552
3687
2421
2387
2995
3196
2842
2950
3022
2065
939
1176
2340
2623
1762
767
822
928
503
340
840
1111
218
-809
-851
-235
-335
-885
-964
-960
-1726
-2597
-2668
-2229
-2299
-2981
-3309
-3866
-4276
-4523
-4868
-5315
-4702
-3554
-3756
-5496
-6749
-6004
-4496
-3414
-3499
-4225
-4689
-3955
-2820
-2523
-2216
-995
78
-357
-894
-258
1174
2056
2438
2989
3199
2469
1835
2806
4367
4754
3823
3280
3477
3438
3045
3244
4001
3997
2905
1982
2130
2553
2483
2270
2573
2378
1254
435
889
1810
1820
1110
541
378
52
-249
203
922
829
-415
-1132
-765
-213
-173
-531
-672
-914
-1277
-1938
-2395
-1957
-1788
-2315
-3183
-3633
-4069
-4848
-5110
-4540
-4024
-4011
-4361
-5347
-6215
-6159
-4695
-3226
-3225
-4471
-4848
-3911
-3042
-2495
-1890
-708
37
-358
-674
200
1391
2229
2910
3427
3466
2706
2323
3474
4965
5167
4423
3749
3757
3697
3389
3844
4486
4148
3064
2341
2569
2997
2723
2621
2734
2223
1244
752
1322
2080
1832
978
567
504
351
91
315
1024
713
-421
-926
-562
-251
-406
-550
-509
-888
-1812
-2361
-1893
-1556
-1898
-2721
-3301
-3779
-4611
-4769
-4662
-4341
-3577
-3604
-4965
-6500
-6563
-4797
-3171
-3158
-4239
-4801
-4195
-3340
-2807
-2269
-890
191
-97
-773
-245
1239
2330
2887
3545
3957
3194
2310
3178
5140
5881
4878
3989
4218
4189
3498
3589
4631
4975
3610
2164
2380
3112
2640
2230
2660
3056
2097
374
322
1672
2339
1718
1018
659
538
140
248
1241
1581
743
-560
-743
70
340
-31
-368
-355
-943
-1713
-2186
-2068
-1538
-1676
-2936
-3688
-3844
-4575
-5131
-4389
-2746
-2547
-4259
-6655
-6748
-4370
-2334
-2460
-4090
-4332
-3110
-2479
-3083
-2480
-77
1472
618
-640
122
1698
2360
2880
4521
5260
3637
1895
3149
5858
6416
5006
4406
5070
4523
3126
3215
5060
5574
3734
2419
2953
3369
2320
1629
2849
3880
2198
-24
-14
1554
2084
1241
762
917
314
-989
-745
838
1505
24
-1477
-1105
-566
-1037
-1557
-978
-241
-1298
-3356
-3633
-2307
-2260
-3301
-3849
-3992
-4493
-6460
-6523
-4084
-2031
-3253
-6791
-8174
-5479
-2377
-2730
-4458
-4448
-2570
-2243
-3885
-3401
-421
1351
541
-366
439
1668
1311
1616
4027
5685
4187
1863
2274
4804
5779
4475
4253
5082
4590
2639
2048
3768
4808
3544
2708
3011
2224
626
323
2638
4244
2307
-721
-1006
605
1415
867
745
1226
148
-1347
-1346
109
1209
444
-849
-1012
-985
-1851
-2123
-982
-8
-1210
-3464
-4183
-3299
-2898
-3610
-4323
-3936
-4595
-6586
-6894
-4386
-2274
-3988
-7437
-7657
-4239
-2421
-3917
-5264
-3540
-1133
-1905
-3713
-2398
688
1557
506
563
2368
2757
1531
2302
5190
6256
4167
2437
3975
5981
5151
3976
4740
5639
4499
2477
2604
4068
3981
3258
3091
2718
1497
71
900
3176
3191
756
-784
-52
1073
908
545
1084
1104
213
-794
-419
998
1060
56
-231
-34
-544
-1650
-1647
-465
-250
-1729
-3381
-3595
-3319
-3626
-4483
-4546
-5227
-6427
-6557
-4571
-2880
-4904
-8439
-8275
-4035
-1617
-3504
-6138
-4714
-1590
-1262
-2625
-1922
898
1860
920
1128
3003
3510
2656
3349
5964
6827
4335
2799
4781
6957
6145
4491
4531
5251
4252
2773
3103
3982
3706
2916
2291
1839
928
44
1059
2682
2177
-258
-1335
-417
654
770
674
731
449
-115
-745
67
1523
1436
312
-164
88
-263
-949
-753
311
79
-1607
-3230
-3383
-3023
-3289
-4097
-5249
-6145
-6411
-4797
-3453
-4408
-7480
-8688
-5693
-2677
-2725
-4638
-4755
-2894
-1631
-1891
-1219
987
1993
1445
1733
3433
4232
3779
4231
6377
7457
6089
4368
5043
6809
6993
6151
5709
5449
4342
3507
3738
4187
3696
3083
2496
1696
524
-121
770
1959
1490
-355
-1075
-758
-445
-336
314
871
433
-479
-1038
-162
1124
1321
527
169
232
-201
-664
-609
-57
-269
-1384
-2484
-2978
-3397
-4044
-4525
-5193
-6356
-7075
-5489
-3420
-4134
-8070
-10207
-7329
-3059
-2304
-4663
-5635
-4102
-2587
-2616
-1810
757
2016
1226
1047
2685
4111
3779
4003
6295
8087
6771
4268
4381
6401
7277
6496
5959
5451
3975
2406
2710
3924
4082
2993
1412
429
-407
-943
-365
1165
1100
-947
-2303
-2150
-1328
-827
-326
-4
49
-781
-1997
-1443
380
1277
587
-128
-518
-946
-1487
-1387
-527
-257
-1820
-3664
-4326
-3938
-4574
-5978
-6673
-7150
-6244
-4985
-4452
-6531
-9435
-9694
-6160
-2586
-2756
-4883
-5878
-4039
-2423
-1660
-28
1999
2503
1668
1758
3595
4871
4591
5414
7410
8118
6035
4123
5055
7131
7330
6338
5698
4672
3011
1867
2825
4543
4529
2031
31
-394
-226
-95
742
1512
494
-1240
-2284
-1523
-269
384
312
728
660
-696
-1348
-201
1647
1920
781
-314
-620
-1044
-1646
-1398
-734
-878
-2744
-4819
-5218
-5415
-6219
-7280
-7765
-7284
-5956
-4823
-5900
-8871
-10631
-8152
-3609
-1310
-2916
-5166
-4494
-2587
-1130
513
2723
4166
3446
2285
3508
5742
6200
6026
7328
8936
8030
5127
4176
6052
7364
6780
5652
4730
2827
543
507
3009
4379
2276
-744
-1808
-1395
-1195
-399
783
1262
-98
-2111
-2284
-537
801
1073
1954
2440
1330
-460
-357
1834
3573
2937
1212
305
-249
-1303
-1654
-723
-345
-1876
-4644
-6239
-6247
-6841
-8270
-9210
-8800
-7023
-5551
-6480
-9473
-11487
-9914
-5413
-2012
-1953
-3676
-4325
-3219
-1448
1246
4297
5744
5116
4119
4803
6607
7284
7516
8874
10159
9288
6788
5282
5901
6863
6713
6531
5710
2983
-70
-622
1914
3508
1831
-921
-2221
-2411
-2291
-1273
364
1255
247
-1656
-1752
-74
993
1387
2805
3980
3165
1424
901
2522
4221
4002
2742
2059
1146
-802
-1679
-1155
-620
-1593
-4150
-5850
-7022
-8611
-10337
-10679
-9420
-7235
-5787
-7343
-10594
-12892
-10918
-5836
-1700
-1159
-2971
-3599
-3032
-1438
1449
5004
7357
7106
5557
5553
6934
7513
7964
9660
11261
10347
7083
4454
4497
5355
5694
5635
4875
2040
-1935
-3352
-1175
1268
603
-1864
-3518
-4101
-4286
-3331
-1128
959
804
-1114
-1578
-51
1161
1891
3469
4943
4972
3153
1825
2441
4070
4473
3651
3064
1567
-837
-2677
-2694
-2063
-2325
-4285
-6703
-8492
-10351
-11956
-12629
-12197
-10837
-8828
-8016
-9790
-12774
-13469
-9886
-4479
-1325
-1275
-2024
-2195
-1544
478
4095
7903
9389
8208
7161
7794
8476
8525
9283
10871
11322
9085
5858
4159
3658
3211
3184
3558
2231
-1472
-4956
-5108
-2683
-1436
-2438
-3480
-3970
-4722
-4538
-2842
-664
797
696
517
1647
2588
2416
3171
5629
7356
6848
5266
4331
4556
4806
4422
4300
3894
1818
-1193
-2962
-3133
-3215
-4537
-6481
-7970
-9389
-11406
-13409
-14126
-14315
-13698
-11386
-8480
-8113
-11032
-13230
-10807
-5072
-771
643
965
1516
1764
2177
4942
9584
12242
11257
9863
10265
10794
9858
9001
10011
11284
9865
6478
3970
2379
607
-420
80
235
-1899
-5488
-7104
-5939
-4950
-5175
-4840
-3865
-3671
-3648
-2630
-794
1013
1977
2811
4649
6053
5739
5207
6520
8339
8726
8049
7265
6475
5187
3796
3158
3192
2042
-611
-3193
-4636
-5529
-6976
-8396
-9406
-10456
-12232
-13759
-14653
-15215
-15788
-15336
-12426
-8682
-7262
-8679
-9576
-7668
-3699
178
3019
5264
6475
6135
5884
8008
11269
13120
13048
12475
12407
11589
9485
8043
8137
8197
6873
4788
2398
-299
-3058
-4745
-4634
-3864
-4361
-6485
-8156
-8370
-6865
-5056
-3987
-3061
-1911
-578
731
2376
3950
5583
7142
8606
9635
9854
9374
9034
9429
9958
9899
8550
6687
4705
2653
1296
569
-528
-2511
-4703
-6746
-8182
-9234
-10422
-11502
-12254
-12923
-13550
-14191
-14437
-14512
-14740
-14138
-11176
-6644
-3323
-2791
-3867
-3563
-796
3107
6900
9982
11456
10698
9145
9134
11277
13328
13554
12735
11643
9981
7234
4658
3545
3276
2587
1011
-1025
-3590
-6508
-8678
-8945
-7605
-6397
-6597
-7816
-8612
-7946
-5240
-1951
-55
1308
3658
6394
7716
7699
7867
9347
11668
13213
13050
11744
9733
7425
6353
6889
6957
4965
1880
-1019
-3164
-4521
-5241
-5913
-7040
-8763
-10531
-11448
-11778
-12495
-13151
-13248
-12609
-11920
-11935
-12085
-12210
-12458
-11547
-8116
-2154
2602
2443
-818
-2376
523
5479
9367
11402
12009
10664
8341
7136
8461
10373
10334
8477
6920
5894
3419
190
-1983
-1330
-763
-1752
-3461
-5659
-7848
-9936
-10161
-7226
-3856
-3149
-4612
-5724
-5385
-3050
1052
4480
6495
7577
8775
9075
9424
9982
9794
10315
11495
11384
9415
7093
4168
2284
2434
2573
1147
-967
-3356
-6203
-7564
-7124
-6525
-6774
-8087
-9786
-10461
-9961
-9737
-9876
-9410
-9112
-8919
-8799
-8362
-8328
-9492
-9776
-6387
21
4641
4324
48
-2329
-322
4143
8373
10655
10699
8263
5443
4671
6768
8775
8263
6306
4972
4204
2593
-113
-2199
-2033
-1130
-954
-1434
-2925
-5571
-7957
-8112
-5338
-1490
183
-1035
-2789
-3271
-2177
1851
6554
8444
8267
8274
8192
8042
8298
7914
8089
9287
8910
6610
4583
2283
-233
-536
742
845
-715
-3283
-6101
-7157
-6551
-5735
-5334
-5683
-6988
-8345
-8398
-7752
-7636
-7985
-8095
-7677
-7052
-7184
-8909
-10186
-8906
-4884
608
4424
3293
-1011
-3145
-737
4614
8988
9966
8966
7653
6066
5263
6393
7943
7795
6089
4731
4594
3478
93
-2679
-2403
-701
-262
-1359
-3167
-5327
-7429
-7553
-4661
-871
377
-1451
-3214
-2768
-345
2712
5325
7405
9447
9852
8232
7327
7410
7144
7754
9229
9033
7104
4074
421
-950
247
557
-37
-508
-2361
-5287
-6661
-6181
-5233
-4809
-5438
-6193
-6262
-6702
-7880
-8417
-8073
-7259
-6773
-6464
-7372
-9535
-10670
-7979
-1780
3887
4970
1477
-1727
-1265
2281
6663
9662
10423
9607
8071
6813
6883
7493
6864
5781
5345
5530
5003
2211
-1650
-3531
-2973
-2058
-1770
-2420
-4125
-6224
-7289
-6124
-3358
-1186
-1494
-2588
-2330
-722
2037
5097
7075
8007
8642
8492
7990
7582
6981
6803
7721
8374
7211
4678
1564
-948
-1548
-563
59
-375
-1848
-4113
-5863
-6161
-5589
-5247
-5408
-5823
-6131
-5927
-6443
-7671
-8256
-8076
-8020
-7438
-6846
-8376
-10326
-9786
-5614
726
4396
2240
-1605
-2233
531
4514
7608
9031
9032
7850
6353
6398
7193
6678
4772
3439
4022
4948
3158
-739
-3415
-4097
-3839
-3445
-3177
-3582
-5325
-7434
-7273
-4532
-2143
-2023
-3032
-2711
-726
1664
3522
5151
6477
7430
8383
8665
8200
7030
5591
5645
7424
7631
5257
2298
-367
-1575
-1099
-698
-955
-1387
-2948
-4988
-5423
-4855
-4721
-5180
-5606
-5211
-4459
-4814
-6556
-8042
-8272
-7829
-7108
-6704
-7847
-9894
-10317
-7319
-1467
3409
3503
24
-2081
-219
3725
6767
8006
8297
8482
8131
7411
7154
6765
5100
3075
3011
4675
4582
1055
-3078
-4633
-4036
-3547
-3711
-3909
-4553
-5992
-6631
-4974
-2402
-1631
-2795
-3037
-872
1742
4256
6439
7040
6634
7460
8748
9078
8672
6753
5122
6131
7059
5477
3502
1156
-1530
-1903
-709
-595
-1322
-2480
-4028
-4467
-3954
-4002
-4601
-5106
-5201
-4672
-4179
-4627
-6002
-7441
-8358
-7975
-6718
-6877
-9237
-10606
-8272
-2856
2089
3233
891
-1191
-232
2565
5533
7611
8106
7748
7874
8368
8318
6992
4568
2582
2743
3966
4093
1708
-1592
-3812
-4332
-4168
-4230
-4167
-5059
-5745
-5301
-3644
-2176
-2175
-2996
-2828
-337
3228
5303
6054
7783
8823
7524
7169
7829
7419
6810
6399
5995
6290
5215
1683
-145
335
-201
-1295
-1171
-691
-1300
-2456
-3166
-3135
-3094
-3858
-4858
-4494
-3279
-3304
-4708
-5152
-5551
-6988
-7688
-7456
-7629
-9050
-10058
-8243
-3080
1784
2998
812
-661
303
2712
5251
6957
7902
8338
8784
8870
8462
7146
5027
3088
2742
3961
4269
1893
-1550
-3304
-3397
-3380
-3944
-4864
-5223
-5196
-4883
-3466
-1560
-1162
-2283
-2316
160
3594
5292
5875
7422
9231
9569
8911
7872
6648
5684
5152
5662
6486
5150
1806
-382
-590
-735
-1461
-2014
-1941
-1728
-1981
-2354
-2824
-3498
-4375
-4899
-4352
-3310
-3409
-4522
-5266
-5881
-6930
-7353
-7257
-8568
-10425
-10787
-8778
-3989
1009
2332
992
-432
-252
1901
4364
5675
6346
7587
8996
9395
8120
5806
3480
1687
1553
3036
3375
1216
-1861
-3706
-4001
-4195
-5309
-6062
-5637
-5095
-4413
-3022
-1800
-1837
-2465
-1981
215
2596
4470
6500
8083
8633
8576
8061
7301
6466
5059
4234
4806
4973
3380
1636
205
-1246
-2092
-2305
-2375
-2230
-1902
-1855
-2049
-2482
-3385
-4269
-4472
-4221
-3804
-3433
-3718
-4722
-6222
-7051
-7230
-7524
-8777
-10556
-11156
-9013
-4339
130
2024
788
-531
41
1877
3358
4298
5811
7756
9423
9654
8481
6225
3172
1155
1790
3578
3667
1372
-1223
-2609
-3385
-4466
-5471
-5428
-4953
-4634
-3723
-2211
-1462
-2156
-2489
-1039
1384
2651
3622
6643
9087
8960
8488
8386
7311
6378
5467
4589
4998
4653
2625
1571
1367
-653
-2449
-2120
-1834
-2006
-1671
-1441
-1970
-2554
-2941
-3077
-3075
-3227
-3539
-3635
-3740
-4586
-6142
-6491
-6520
-7814
-8734
-9815
-11097
-10020
-5843
-1113
1799
1286
-208
354
1790
2518
3382
5531
7776
9171
9259
8479
6838
3851
1728
2324
3673
3151
1053
-963
-1835
-2503
-3804
-4790
-4953
-4887
-4837
-3825
-2283
-1544
-1964
-2126
-744
1319
3447
4768
5527
6770
7847
8026
8152
7793
6647
5957
5503
4836
4023
2622
847
71
370
204
-459
-1416
-2186
-2173
-2102
-2264
-2605
-2631
-2498
-2654
-2768
-2894
-3382
-4361
-4938
-5429
-6244
-6532
-7052
-8101
-9264
-10118
-9373
-6167
-2243
231
1067
1126
1226
2015
3026
3930
5476
7242
8660
9283
8627
7178
5390
3829
3292
3414
2885
1395
-96
-1069
-1752
-2945
-4213
-4586
-4223
-3813
-3271
-2578
-2130
-2170
-2156
-1029
1122
3416
4814
5638
7201
8139
7248
6671
7077
7131
6879
6646
5831
4518
3019
1299
459
650
92
-799
-581
-331
-1011
-1894
-2477
-3131
-3559
-3366
-3202
-3233
-3149
-3391
-4084
-5180
-6493
-7908
-8366
-8312
-8352
-8661
-9283
-9361
-7398
-3544
-390
592
402
616
1721
2854
3845
5195
6717
7583
7603
7497
7078
5772
4020
3043
2992
2655
1506
204
-753
-1757
-3277
-4657
-4982
-4482
-3868
-3523
-3230
-3096
-3290
-3367
-2497
-658
1313
3027
4321
5282
5980
6345
6491
6391
6482
6439
6058
5470
4741
3765
2622
1531
533
98
-165
-595
-933
-1073
-1372
-2219
-3111
-3714
-3950
-3951
-4154
-4074
-3981
-4381
-5362
-6593
-7886
-8842
-8852
-8535
-8847
-10212
-10613
-8752
-5064
-1467
255
379
-5
306
1855
4108
5851
6647
7030
7571
8083
8157
7505
5624
3622
2418
2378
2536
2044
779
-1224
-3205
-4603
-4733
-4236
-4074
-4309
-4335
-3934
-3495
-2979
-2340
-1659
-673
1156
3158
5129
7090
7307
6413
6340
6560
6669
6929
6806
6034
5163
4188
3187
2317
1266
-120
-958
-764
-477
-770
-1453
-2367
-3503
-4332
-4410
-4485
-4525
-4284
-4120
-4612
-5523
-6570
-7639
-8083
-8313
-7973
-8141
-8937
-8751
-6768
-3330
-377
450
228
273
742
2183
3622
4847
5678
5957
6998
7955
8103
6706
4390
2976
2741
3480
3451
2494
1052
-568
-1684
-2277
-2653
-3011
-3657
-4235
-3917
-3097
-2558
-2766
-3010
-2474
-1147
529
1935
3712
4824
4818
5227
5952
6338
6404
5937
5696
5754
5696
5588
4874
3663
2111
1018
617
430
230
-497
-1182
-2036
-2914
-3356
-4024
-4804
-5145
-4708
-4343
-4728
-5626
-6708
-7412
-7548
-7432
-6912
-7258
-8164
-8035
-6278
-3180
-662
355
369
171
171
1159
2701
3676
4313
4659
5647
7046
7621
6658
4633
3739
3659
4405
4682
3990
3097
1963
1332
1021
597
-358
-1810
-2790
-2604
-1772
-1549
-1931
-2466
-2686
-2172
-1235
-498
502
1434
1977
2946
3877
4144
4044
3957
4171
4959
5591
5669
5559
4933
4112
3516
3020
2506
2075
1585
1143
955
291
-510
-1393
-2580
-3302
-3545
-3766
-4254
-4892
-5681
-6138
-6392
-6717
-6826
-7194
-7852
-8014
-7712
-6123
-4170
-2868
-2286
-2334
-2253
-2139
-1620
-708
4
733
1336
2519
4026
4548
4337
3782
3733
4050
4299
4474
4629
4665
4557
4475
4377
3854
2686
1513
935
822
680
221
-210
-376
-554
-916
-1233
-1232
-1307
-1465
-1161
-651
-135
331
451
646
1020
1318
1803
2364
2503
2639
2913
2964
2898
2674
2194
1781
1336
762
470
-77
-902
-1618
-2447
-3229
-3946
-4735
-5559
-6093
-6547
-6952
-7092
-7697
-8358
-8189
-7636
-6630
-5340
-4816
-4312
-3929
-3871
-3188
-2398
-1757
-828
268
1465
2684
3555
3815
3988
4272
4351
4761
5079
5154
5510
5669
5638
5742
5287
4203
2964
1967
1472
1312
1144
849
732
399
9
-147
-756
-1324
-1451
-1459
-874
-24
282
512
648
715
1225
1592
1573
1628
1901
2401
2970
3143
2578
1974
1308
758
576
88
-498
-1089
-1805
-2495
-3139
-4103
-5186
-5947
-6475
-6653
-7131
-8078
-8193
-7542
-6488
-5170
-4712
-4692
-4477
-4145
-3416
-2510
-1890
-1229
-170
1226
2659
3702
3707
3402
3663
4176
4766
5195
5207
5377
5679
5660
5569
5297
4404
3353
2488
2009
1932
1780
1255
702
417
278
62
-588
-1178
-1511
-1439
-621
-2
403
390
243
637
1218
1700
1758
1801
2175
2808
3467
3465
3127
2524
1858
1456
1053
616
29
-691
-1361
-1932
-2485
-3505
-4857
-5877
-6428
-6618
-7078
-7963
-8464
-8463
-7473
-6013
-5104
-4865
-5017
-4893
-3945
-2746
-1873
-1294
-650
698
2490
4003
4619
4349
4179
4508
5316
5984
6206
6380
6318
6240
6327
6058
5272
4161
3174
2578
2630
2551
1956
1278
508
15
-17
-209
-863
-1571
-1730
-1128
-418
150
322
193
274
660
1379
2002
2269
2451
2912
3673
4199
4160
3658
3085
2658
2422
2149
1567
773
-53
-730
-1334
-1910
-3039
-4484
-5574
-6423
-6833
-7149
-8197
-8708
-8239
-7565
-6367
-5682
-5768
-5646
-5296
-4402
-2938
-2154
-1816
-798
491
2130
3701
4195
3885
4041
4443
4940
5812
6068
5968
6197
6276
6326
6096
5010
3683
2851
2539
2536
2453
1777
918
476
95
-116
-562
-1424
-2021
-2029
-1429
-671
-257
-261
-369
-139
207
635
834
911
1323
2020
2838
3177
3032
2572
2063
1772
1622
1303
605
-146
-681
-1023
-1445
-2227
-3551
-4768
-5639
-6370
-6795
-7614
-8852
-8967
-8104
-7035
-6003
-6052
-6478
-6320
-5776
-4654
-3548
-2998
-2483
-1202
504
2030
3107
3088
2838
3330
4078
4997
5719
5700
5664
5885
5961
6067
5690
4501
3235
2561
2438
2597
2284
1330
784
560
369
209
-531
-1370
-1639
-1276
-603
-160
-45
-247
-192
190
485
774
854
1060
1780
2431
2810
2867
2578
2289
2032
1821
1590
1215
551
-105
-468
-913
-1526
-2436
-3519
-4339
-4955
-5408
-6008
-7045
-7881
-8201
-7763
-6635
-5970
-5703
-5805
-5852
-5120
-4324
-3755
-3404
-2836
-1498
152
1872
2815
2914
2956
3328
4256
5076
5364
5553
5704
6109
6598
6525
5944
5002
4091
3473
3255
3125
2551
1688
1019
846
833
327
-508
-1158
-1384
-982
-476
-396
-469
-483
-315
258
609
530
578
831
1400
2280
2728
2487
2230
2098
2018
2066
1696
1170
674
220
76
-224
-944
-1970
-2926
-3699
-4134
-4415
-5078
-6108
-7038
-7647
-7554
-6753
-6249
-5859
-5808
-5887
-5218
-4732
-4373
-3952
-3653
-2710
-1198
439
1513
2018
2245
2702
3657
4457
4787
5094
5306
5898
6734
6852
6551
5710
5082
4851
4601
4353
3774
3054
2424
2208
1980
1340
589
74
-207
-209
-24
-165
-475
-437
-285
141
624
550
477
659
1041
1659
2197
2215
1971
1895
2028
2043
1744
1228
802
510
230
28
-515
-1411
-2042
-2613
-3266
-3634
-4141
-5058
-5918
-6475
-6564
-5898
-5398
-5168
-4960
-5255
-5109
-4422
-4132
-3886
-3614
-3130
-1900
-445
566
1118
1468
1861
2613
3621
3974
4185
4720
5241
6124
6598
6297
5728
5033
4700
4791
4716
4250
3674
3035
2703
2493
1738
598
-106
-367
-224
208
110
-254
-506
-572
-332
-44
-98
-320
-91
306
939
1388
1351
1181
1105
1142
1249
1082
628
456
338
113
-150
-757
-1646
-2315
-2751
-3170
-3524
-4148
-4937
-5447
-6002
-6486
-6657
-6750
-6235
-5772
-5562
-5249
-4984
-4655
-4749
-4653
-4139
-3591
-2578
-1626
-653
335
801
1457
2043
2397
2849
3157
3923
4656
5241
5623
5567
5527
5246
4924
4708
4321
4029
3684
3345
3247
2901
2122
1200
433
131
-6
23
12
-325
-636
-776
-712
-658
-568
-561
-545
-65
368
743
888
667
766
1023
1068
878
496
201
31
-80
-268
-596
-1098
-1742
-2233
-2624
-3166
-3583
-4097
-4658
-5176
-5738
-6132
-6264
-5846
-5262
-4706
-4546
-4666
-4456
-4328
-4219
-3805
-3471
-2813
-1665
-595
437
880
1026
1624
2251
2640
2860
3385
4135
4882
5484
5445
5424
5366
5012
4776
4439
4201
4123
3899
3807
3604
2866
2028
1501
1125
584
401
514
337
114
-141
-295
-449
-543
-564
-683
-534
-211
281
637
487
389
424
590
604
350
78
-240
-347
-274
-368
-831
-1512
-1926
-2190
-2575
-3007
-3531
-4309
-4672
-4756
-5343
-5808
-5833
-4998
-4027
-4134
-4585
-4865
-4642
-3875
-3392
-3287
-3189
-2689
-1286
232
1035
883
604
1116
2148
3229
3542
3439
3864
4740
5625
5822
5414
4806
4407
4529
4878
4888
4340
3649
3393
3451
3168
2501
1601
1028
882
998
1343
1093
515
98
-40
-12
110
46
-332
-354
66
657
958
780
436
377
457
657
723
215
-201
-297
-40
103
-278
-1168
-1790
-2002
-2139
-2259
-2783
-3640
-3982
-3890
-3957
-4524
-5131
-5155
-4568
-3687
-3327
-3610
-4067
-4063
-3338
-2658
-2341
-2255
-1945
-890
476
1439
1627
1428
1623
2369
3291
3807
3959
4155
4537
5254
5887
5690
5062
4362
4197
4434
4498
4122
3471
3081
2956
2839
2460
1804
990
535
659
710
545
224
-141
-263
-145
-19
-205
-537
-610
-304
275
629
557
214
-89
-154
-187
-352
-601
-848
-858
-699
-713
-1045
-1558
-2096
-2511
-2595
-2661
-2877
-3263
-3840
-3840
-3975
-4464
-4688
-5038
-4914
-4206
-3741
-3409
-3664
-4033
-3902
-3570
-2801
-2521
-2506
-2007
-1055
354
1110
1216
1088
1032
1668
2417
3014
3351
3393
3821
4490
4974
4776
3963
3202
3026
3402
3598
3198
2604
2250
2291
2494
2254
1498
464
-117
86
555
760
341
-214
-481
-357
-129
-271
-651
-863
-628
-93
280
180
-327
-793
-855
-605
-450
-590
-910
-1080
-1120
-1011
-1120
-1553
-2020
-2267
-2199
-2043
-2116
-2330
-2432
-2614
-2807
-3175
-3636
-3966
-4051
-3489
-2727
-2417
-2546
-3023
-3328
-3246
-2782
-2196
-2035
-1946
-1420
-496
571
1128
906
563
570
1225
2169
2888
3172
3154
3364
3755
4005
3876
3141
2434
2300
2754
3326
3391
3061
2602
2341
2216
1936
1357
726
454
698
1244
1371
1150
601
105
-22
-4
-59
-328
-480
-377
-100
50
-179
-514
-868
-968
-944
-822
-764
-790
-849
-769
-757
-771
-648
-1005
-1321
-1312
-1055
-1087
-1062
-831
-881
-1325
-1824
-2072
-2380
-2357
-2366
-2620
-2557
-2038
-1541
-1418
-1632
-2235
-2745
-2762
-2202
-1414
-1062
-811
-534
-114
363
591
572
312
381
801
1431
2114
2322
2293
2161
2047
2178
2208
2075
1932
1941
2143
2235
2260
2268
2196
2017
1988
1928
1753
1584
1736
1866
1794
1676
1294
895
585
445
363
294
210
187
274
166
14
-274
-409
-435
-512
-417
-317
-422
-650
-519
-127
19
-103
-161
-10
155
237
308
598
402
280
284
166
109
-95
-115
-190
-327
-562
-822
-1007
-1276
-1242
-1134
-1072
-1145
-1256
-1334
-1440
-1566
-1551
-1433
-1363
-1202
-1055
-900
-693
-665
-546
-318
-48
113
219
368
458
630
922
1177
1333
1372
1436
1567
1689
1764
1793
1927
2075
2099
2053
1889
1454
1161
1054
1019
1104
1090
859
540
215
-142
-81
182
78
80
232
-6
64
48
-151
89
298
400
337
176
170
10
-128
38
443
594
493
794
1386
1683
979
81
-537
-829
-946
-510
-66
-282
-527
-912
-1079
-1156
-1177
-1103
-1115
-1490
-2009
-2237
-2374
-2444
-2395
-2261
-2228
-2367
-2501
-2581
-2580
-2487
-2381
-2320
-2261
-2157
-1905
-1540
-1152
-833
-631
-514
-376
-176
156
509
813
1060
1212
1313
1394
1424
1439
1439
1461
1497
1531
1515
1390
1294
1161
1032
999
914
878
813
864
1035
1041
686
588
644
428
448
585
551
596
526
419
174
19
45
216
409
357
349
183
74
133
286
449
258
71
321
355
141
247
100
-262
-441
-625
-725
-628
-503
-515
-615
-885
-1182
-1305
-1616
-1594
-1390
-1346
-1331
-1220
-1171
-1250
-1220
-1246
-1192
-1208
-1156
-1036
-976
-862
-755
-550
-433
-338
-317
-338
-407
-375
-188
-45
126
240
304
291
261
245
203
258
358
494
615
667
579
469
414
418
436
465
519
526
565
614
690
712
697
708
784
830
926
1057
1004
1012
1223
1198
1241
1350
1279
1126
1055
1169
975
516
663
814
221
95
424
5
-238
-310
-360
-536
-732
-714
-855
-912
-964
-938
-1115
-1045
-913
-764
-830
-836
-652
-653
-362
-239
-35
183
423
277
231
385
366
321
635
762
760
709
531
559
409
317
283
380
223
241
248
106
18
-201
-77
-86
-125
-148
-345
-307
-174
-153
-209
-92
-44
-75
4
170
228
250
385
472
563
500
615
655
623
633
761
836
812
781
580
485
592
516
362
491
366
529
578
272
284
280
18
-38
103
295
361
-179
130
192
-75
-18
368
246
441
343
556
580
343
408
547
652
819
685
373
563
448
369
201
370
386
228
261
203
110
-107
-145
-433
-519
-309
-474
-470
-353
-765
-744
-455
-679
-605
-243
-346
-408
-216
-545
-476
-305
-416
-125
-138
-79
9
-345
-326
-256
-416
-313
5
-376
-406
-334
-653
-677
-663
-637
-760
-666
-672
-938
-1055
-1031
-972
-1107
-946
-718
-665
-653
-756
-452
-459
-604
-276
-392
-93
193
406
220
195
391
484
316
556
557
664
367
457
743
407
379
424
369
-36
304
363
273
62
194
-106
-23
-85
-179
-173
-300
-124
-309
-635
-469
-280
-505
-532
-60
-422
-430
-36
-471
-316
219
-218
-409
244
161
-220
-92
274
68
-278
164
62
-355
122
70
-18
-113
-278
18
-260
-383
-9
-328
-392
-374
-318
-641
-499
-375
-192
-360
-235
-435
-546
-101
59
12
260
-179
-171
131
-82
446
447
378
336
608
340
344
556
257
394
849
236
-103
579
220
-104
197
342
-162
173
240
-49
-208
-116
-248
-290
-379
-252
-174
-440
-219
-113
-582
-383
60
107
43
-10
367
27
213
-275
398
53
165
535
281
133
622
345
129
425
-341
295
-19
-89
-441
95
-312
-200
-245
-105
158
-316
-178
-279
-377
-515
-39
-372
78
92
-444
565
810
75
-39
1107
418
106
658
385
485
652
595
1056
815
483
1071
499
-5
428
845
-119
596
426
104
-122
-254
161
-202
-288
-56
73
96
96
-173
31
217
-657
58
396
47
606
1205
290
4
1192
391
-72
1069
807
556
903
597
863
474
526
609
809
410
646
619
381
425
495
304
235
-56
345
158
69
138
-344
248
492
-502
-78
228
-293
-67
452
168
-253
246
414
-97
124
124
111
39
34
1033
-304
-171
249
108
-195
297
-10
-131
38
47
-249
-256
-352
-323
-300
-22
-590
-372
-339
-630
-658
-336
-292
-744
-373
521
-582
-354
427
-363
13
-73
154
89
-82
138
-176
413
257
-115
-178
543
-238
-108
430
-291
-68
-282
-413
-178
-144
-606
-335
-67
-771
-204
-53
-583
-709
-420
-361
34
-313
-722
161
-373
6
-630
-498
664
-932
-433
451
-336
-691
381
-70
-302
-349
-250
16
-1130
-269
4
-286
-532
-570
-374
-95
-1055
-285
-414
-574
-351
-435
-628
-489
-483
-17
-242
-786
354
-397
-19
-112
179
-513
-245
645
-568
-536
995
-227
-232
281
461
85
-227
482
318
-635
731
340
-243
148
447
-81
-156
263
-355
-38
156
81
-139
150
-155
463
-641
-102
37
33
49
233
-69
711
-675
-464
649
-315
-185
-260
-24
387
169
-890
320
508
-828
-402
-69
-12
-427
0
-9
489
-1161
520
-415
-493
-175
-335
-826
143
386
-626
-916
695
-550
-211
276
-805
655
313
-1318
491
884
-1101
-498
979
117
-775
672
575
288
-685
584
674
-646
8
1079
-703
430
498
-653
270
244
-836
667
-592
36
542
-729
223
-616
-32
41
38
252
-827
417
617
-355
-169
-296
429
-118
-489
295
684
-941
520
-306
116
236
-921
186
1113
-255
-490
1653
307
198
62
612
927
-293
567
1559
-614
-132
1506
65
-73
569
-768
989
-32
276
592
307
-752
99
1076
-292
-239
-360
1551
-642
174
402
189
123
134
1195
-274
1269
-22
141
1820
-105
67
1581
-125
855
1166
69
311
1006
-704
547
856
-96
-23
1080
-758
1060
927
-858
-628
774
-266
-647
275
-692
224
-386
-650
733
-443
-1125
326
364
-1329
430
181
-6
-486
448
1567
-614
-274
971
1041
-557
157
656
687
-298
314
1251
-179
126
290
721
-168
-10
769
-98
-563
534
-131
-932
-120
-532
-235
-244
-419
172
-1794
939
-531
-219
-70
527
-1492
7
170
-437
-211
-340
-468
342
-289
-497
46
-976
943
-1327
-276
185
-355
-1488
1141
-374
-807
114
-414
-1205
-254
-877
-1146
-334
153
-1273
-922
-576
-55
-1170
-974
14
-517
-1504
195
197
-565
-737
-241
551
-743
-1012
790
133
-1167
726
25
-572
64
177
220
-667
271
210
-893
580
-287
805
523
-830
725
137
338
-289
356
577
31
-118
740
-366
-15
391
-318
693
-616
-860
1026
110
-876
114
316
-190
-425
-438
293
51
-597
-573
552
132
-1192
667
-259
-628
-318
271
65
-718
-204
423
-649
182
325
-814
-706
238
58
-318
83
-538
-359
-692
-180
248
-562
-200
127
-123
86
-491
-264
694
-634
-264
704
-662
-526
194
103
172
669
576
-873
1045
979
-535
400
685
-211
779
806
293
726
-321
825
608
436
521
949
490
-360
239
835
-280
-153
-163
387
-58
-695
397
812
-1456
332
726
-1179
178
214
685
-790
871
80
540
-552
343
704
-413
257
275
20
-468
402
335
-762
60
-259
548
-212
-428
-113
316
-335
-455
-15
627
-865
-910
1137
-434
-601
290
236
622
-317
520
440
-116
-244
282
820
-270
566
557
984
56
484
809
511
963
333
650
1210
272
93
1020
811
498
1262
497
524
855
717
7
46
457
1025
524
147
770
-44
406
764
430
-13
925
347
-56
645
625
-104
783
159
1033
416
92
1183
211
906
472
180
523
176
290
-375
654
723
106
-249
345
291
-177
-105
-71
546
-553
-637
365
69
-994
371
-216
-612
289
-457
-115
-738
-565
1360
-471
-1354
1117
583
-1220
-234
1096
527
-967
1310
514
-312
598
291
-122
663
244
-838
507
175
118
-46
-203
173
22
-697
-237
360
169
-1262
-704
423
-350
-653
-179
119
-34
-914
-197
360
-504
-531
-337
774
309
-2176
698
787
-993
-197
63
289
-95
-1044
224
649
-981
14
699
-630
-847
276
382
-518
-568
-463
-459
-651
-332
-662
-754
-131
-844
-4
11
-711
-1154
124
141
-1222
-407
404
-49
-823
-347
966
-664
-852
1104
621
-460
860
3
-610
1305
393
356
-109
-944
1006
381
-26
-627
986
-384
-957
864
-445
58
-577
-115
120
-354
-383
65
-192
-273
152
181
-382
344
-70
-334
-243
106
-134
79
-19
-45
576
-674
-270
1074
-310
342
747
-325
-169
-108
144
-295
21
-82
38
-196
159
-687
693
-176
-804
480
-494
63
9
-1279
306
404
-1074
878
36
-247
275
-893
847
656
-89
9
455
1331
-472
165
1350
-643
-444
1850
39
-45
459
241
-2
503
-891
-822
1421
-526
100
240
-101
-1316
638
731
-1598
-579
838
-509
-739
830
-872
-319
404
228
-341
-334
701
-336
-245
373
323
101
25
1042
-1235
205
1600
415
141
-117
180
261
409
610
-58
-312
647
-342
-1096
1929
-209
-2291
1335
7
-741
-56
793
-44
-775
1183
1306
-810
-217
1421
830
-181
1136
1794
-56
189
1199
975
-110
-248
1120
702
202
951
1387
-34
-392
641
1004
200
493
389
-110
47
245
59
552
-99
-335
738
481
-17
-258
-575
1467
-116
-1848
1453
448
-688
-79
755
1111
-614
162
269
618
311
-518
544
845
-241
2
1258
-619
-187
-66
866
365
-212
378
-432
-239
-775
706
478
323
-466
-461
2331
-1278
-1050
883
-106
-369
430
351
1109
-489
-1009
1296
-122
-630
542
717
222
-13
298
550
189
-145
-42
809
79
-516
549
67
-712
-415
-403
-285
-376
-520
266
627
-1240
232
-51
-1027
-993
-381
141
-604
-1131
-622
2
-1114
-75
-109
-811
-492
-488
-6
-943
25
585
-1264
-938
411
-54
-887
-138
496
-1591
-324
90
-930
-1982
834
718
-1713
-868
394
374
-1511
-827
-241
224
-1644
69
1046
-632
-863
-368
565
-66
-782
122
344
268
-431
-697
1246
-188
-1860
695
1314
-231
-1564
753
1579
-760
-717
31
1280
-937
-1306
1212
1264
-1900
-879
357
-125
-938
-1078
1185
-622
-927
-648
-53
265
-1686
-533
854
-1036
-1052
631
640
-800
-555
555
468
-1448
-449
1698
-24
-1351
415
861
-894
-1278
261
791
-979
-149
801
447
-963
-851
278
-113
-646
-343
792
-30
-607
-912
178
270
-1504
894
995
-785
-793
563
455
-1596
404
935
527
-1093
383
1030
-19
-449
305
556
-455
-232
584
441
-1007
-289
177
389
-166
-1083
58
-39
-347
-190
805
-365
-1064
-1137
725
487
-1347
-426
1022
-638
-911
1110
336
-1132
-645
710
1048
-180
108
-245
-262
713
-561
-208
1211
-289
-1034
595
755
-864
-337
575
481
-842
-1027
1555
-630
-834
595
168
-141
-870
-101
1058
-1191
-260
1125
-356
-300
147
58
1519
-686
-720
1255
767
327
-736
1126
1390
-664
166
1664
347
229
343
500
970
-335
-202
255
464
309
-92
965
-364
37
571
-470
-269
365
476
29
361
185
-244
348
-862
-96
1056
647
-33
509
923
34
-549
-14
1447
-6
417
1315
1029
-565
-462
1000
424
74
302
1664
46
-440
849
101
-84
126
490
1002
136
-195
-171
146
211
-466
-487
1036
-36
-884
873
511
-1322
-61
474
-105
-311
522
84
-209
-164
128
670
-619
344
-657
336
149
24
916
-961
-444
795
-463
-569
729
-374
-664
-8
-743
-312
-918
-333
-227
-804
535
-509
-639
-108
544
-430
-46
-307
-535
322
-356
132
-63
-389
-642
-63
-417
-201
234
-188
-247
-512
-454
155
-686
-816
405
762
-335
-1970
1229
-438
-1823
887
-622
5
-794
-174
809
-1296
-690
45
271
-410
-322
-55
-78
-465
-348
36
192
-492
-315
-323
64
262
-1253
-46
2
-907
-63
-359
-95
-268
-247
-496
37
202
-975
-83
-109
-360
-21
-330
-1200
-399
325
-889
-303
568
65
-692
-104
-101
337
-157
83
101
-433
-354
369
-160
-470
579
-317
-137
1015
-403
-76
-368
27
-283
-115
-83
130
-1047
-261
1234
-1916
-381
1377
-290
-986
84
680
692
-1372
-744
1116
-16
-1043
84
1185
-48
-1516
709
1258
352
-1050
-217
1684
-931
-946
686
1037
-1018
-1222
702
246
-429
-1640
842
-40
-541
86
-779
788
-415
-746
-297
1221
1336
-1691
-239
2188
-1091
-1063
1731
1474
-1448
-572
2393
-197
-944
103
838
-412
-633
1116
77
-532
-817
-86
-228
326
-10
-574
-108
539
-380
-663
878
-603
-571
97
806
174
-567
264
-318
-355
255
978
-502
-198
-188
-26
325
-578
-16
-32
-410
-129
869
-9
-196
129
-522
1133
-121
920
273
-309
1105
-302
1336
-759
-370
1770
-19
-1033
1427
522
-105
479
63
349
-93
712
173
555
835
-141
367
970
86
114
798
1042
429
153
-501
1394
312
-171
288
1420
47
-239
503
273
176
-347
1212
306
-407
104
683
390
-351
546
-202
1157
-187
271
801
-518
473
-348
-141
417
103
-293
-606
1511
-439
-684
368
650
90
-569
-509
1189
328
-1325
318
1049
-114
-475
1072
253
-588
987
-470
500
401
-188
57
60
433
-199
-198
623
-160
-60
299
-78
-32
-711
531
125
-182
574
-271
-765
1169
364
-1055
592
1084
-978
-178
475
-601
-498
248
-166
-247
-371
90
-349
-897
-280
-886
22
-674
-434
-577
-1074
365
-567
-851
183
-1158
-570
-34
64
-758
-848
82
-1330
-10
-682
-91
-361
-834
-663
-165
-55
-1384
262
-698
267
-535
-1115
1020
-275
-1503
-194
1136
-1257
-546
1143
-455
-1604
-176
820
-285
-967
470
-843
415
-201
-1172
333
88
-734
-410
577
693
302
-1668
343
1039
-1024
-396
771
-337
-5
-659
-447
891
-449
-380
-18
-124
157
-560
-699
-214
15
-336
-429
733
-16
-1525
366
148
-461
-311
-70
614
-965
-1127
377
102
-460
181
-547
251
137
-822
-121
403
-495
-274
494
803
-642
-239
129
-46
223
-92
285
-82
64
-23
-406
103
268
-464
173
438
-247
-860
1058
-1027
-306
1375
-621
275
-150
-31
-182
378
467
-577
51
980
-262
-324
242
-37
-170
782
-65
-272
-697
-304
624
-737
-476
561
-467
-844
-222
113
-698
-278
-482
139
439
-319
-176
-415
332
114
-659
229
428
-890
-608
-12
168
-226
-348
152
690
-718
-440
557
-281
-291
-547
2
274
-107
266
-1107
-2
651
-188
-213
752
304
-1652
229
1463
-541
-800
745
478
-569
62
902
-234
211
-211
321
851
339
-705
-162
507
-12
62
-392
766
118
-369
-173
856
426
-823
97
884
382
-957
516
313
-486
-59
534
-278
306
283
-317
-86
420
516
-702
290
759
-18
-364
444
466
-265
-218
458
399
-445
457
396
-433
524
271
-525
338
472
80
-254
-116
-38
93
42
454
283
-468
-185
932
499
-771
-25
699
-773
380
673
-385
-602
305
100
-364
592
-349
-539
-370
90
26
-622
-52
107
75
-672
-24
203
57
-225
-131
115
189
-154
-698
-122
-234
-717
-299
-142
398
-355
-721
-488
347
-322
-226
543
-239
-627
-650
-334
-536
317
-218
-493
-192
177
-666
-617
44
-272
-606
-461
285
182
-297
-1325
-423
356
26
-457
179
-105
-377
-1340
-397
739
-46
-780
-292
-144
-573
-215
-323
-661
-395
-94
-502
-590
-191
-818
-1155
-540
-248
-436
-10
-1104
-894
-605
-987
-738
-264
-117
-1566
-796
-371
-544
-848
-590
-80
-888
-499
8
-522
-651
-582
-385
-318
67
-171
-92
-443
-404
59
195
409
65
261
-86
-118
613
700
241
278
611
612
464
588
779
205
545
845
944
853
557
1068
737
286
1055
1343
653
424
921
780
843
503
920
903
51
88
1021
514
-296
-247
121
-737
-504
-715
-443
-584
-1361
-1765
-1355
-912
-1852
-1787
-1984
-1725
-2231
-2015
-1907
-2846
-2550
-2229
-2371
-2653
-2626
-2695
-3286
-2391
-1030
-1189
-1625
-1886
-1738
-1345
-512
188
592
749
435
436
1071
1717
2434
2710
2815
3024
3510
3773
3658
3766
3727
4089
4310
4223
4311
3824
3001
2800
3082
3332
3157
2574
1513
1073
987
896
975
730
257
-215
-135
-465
-446
-877
-757
-649
-1139
-1153
-882
-1191
-1514
-1597
-2415
-1310
-1698
-2497
-2701
-2892
-2832
-3170
-3316
-3436
-3530
-4138
-4154
-3111
-2482
-2084
-2722
-3224
-3108
-2438
-1242
-247
236
-108
-431
28
847
1574
2558
3052
3141
3000
3293
3595
3862
4021
4046
4172
4180
4327
4031
4324
4622
4083
3458
3407
3552
3343
3005
2598
2323
2158
1704
1506
1663
1580
1054
605
808
1092
895
399
547
562
556
537
494
262
157
-518
-846
-519
-461
-825
-1442
-1620
-2321
-2207
-2533
-2711
-2895
-3906
-4241
-4611
-5082
-5198
-5060
-3572
-2281
-3091
-5330
-6239
-4804
-2353
-1215
-1327
-1281
-1324
-2083
-2231
-319
2463
3464
2277
1391
2234
3353
3365
3197
3958
4952
4869
3750
3422
4021
4080
3746
4234
5243
4943
3139
1533
1710
2882
3312
2776
2062
1340
312
-288
346
1445
1458
592
-227
-540
-519
-409
-151
158
-73
-564
-861
-1028
-1385
-1879
-1950
-1356
-985
-2149
-3226
-3382
-3445
-3906
-3996
-3868
-4132
-5173
-6574
-6707
-4515
-2425
-2849
-5459
-7207
-6216
-3604
-2043
-1607
-1629
-1971
-2757
-2981
-1381
1621
3324
2231
728
1151
3072
3930
3371
3280
4688
5389
4395
3596
4270
4765
3878
3555
4941
6068
4553
1896
969
2406
3700
3673
2827
1974
809
-400
-144
1546
2566
1571
-11
-751
-467
23
503
897
596
-284
-877
-738
-564
-1295
-1874
-1583
-899
-1293
-2424
-3222
-3418
-3755
-4327
-4029
-3764
-4482
-6508
-7045
-4919
-2513
-2796
-5404
-7266
-6415
-3850
-2305
-1955
-1802
-2041
-3087
-3342
-1441
1795
3370
2017
351
1061
3114
3955
3660
3845
4816
5047
4013
3646
4689
5113
3981
3660
5093
5968
4547
2230
1591
2828
3935
3962
3303
2326
910
-108
503
2200
3031
1846
79
-585
-168
463
1276
1600
812
-378
-968
-510
-120
-564
-1308
-1484
-1281
-1683
-2638
-3009
-3130
-3614
-4382
-4482
-4464
-5121
-6617
-6510
-4170
-2391
-3750
-6663
-7874
-5836
-3021
-2044
-2131
-2218
-2601
-3723
-3461
-797
2697
3459
1307
-77
1372
3406
3806
3611
4423
5554
5121
3727
3818
5360
5573
4366
4503
6243
6365
3929
1885
2479
4111
4782
4235
3366
2354
906
25
1482
3539
3584
1551
-303
-331
453
1129
1672
1778
835
-458
-800
-100
345
-223
-980
-1026
-1045
-1818
-2654
-2884
-2747
-3178
-3899
-4385
-4403
-5350
-6464
-5212
-2636
-2343
-5124
-7488
-6990
-4023
-2092
-2124
-2321
-2255
-3076
-4049
-2686
786
3361
2289
-59
72
2211
3386
3194
3502
4868
5237
3653
2722
3979
5125
4480
3642
4637
5988
4848
2245
1716
3319
4257
3936
3403
2911
1909
631
488
2284
3668
2491
488
-170
288
689
1065
1520
1365
-23
-1423
-1111
-300
-389
-1061
-1556
-1636
-2241
-3101
-3575
-3213
-3471
-4559
-5469
-5564
-5721
-6168
-5558
-4148
-3765
-5815
-7700
-7223
-4577
-2964
-3103
-3572
-3325
-3344
-3745
-2824
-159
1926
1310
-254
-127
1661
2617
2598
3091
4210
4434
3321
2685
3530
4477
4153
3716
4431
5324
4254
2151
1840
3220
4017
3580
3061
2518
1577
559
773
2295
3209
1974
60
-306
462
946
998
1183
1175
125
-1094
-923
-94
-178
-1099
-1715
-1746
-2102
-3145
-3876
-3811
-3843
-4559
-5454
-5714
-5942
-5862
-5165
-4429
-4830
-6329
-7102
-5957
-3985
-3252
-3353
-3326
-3044
-3198
-2975
-1457
803
1624
699
144
1262
2548
2811
2835
3779
4770
4205
3048
3345
4594
4614
3714
3772
5152
5453
3333
1743
2602
3934
3679
2927
2713
2463
1388
440
1241
2948
3023
1085
-252
370
1314
1288
1015
1276
1126
-11
-821
-312
258
-287
-1258
-1678
-1546
-1946
-3024
-3752
-3896
-4249
-4851
-5059
-5157
-5531
-5784
-5415
-4786
-4963
-6149
-6892
-5550
-3693
-3009
-3418
-3575
-3331
-2889
-2200
-676
1133
1526
600
6
1087
2751
3544
3521
3576
3919
3686
3135
3496
4383
4691
4249
4077
4698
4373
2985
2244
3117
4092
4101
3081
1945
1444
1324
1714
2464
3051
2123
487
-93
797
1833
2064
1702
1071
204
-455
-153
470
446
-390
-1168
-1424
-1490
-2141
-3107
-3574
-3735
-4185
-4970
-5163
-4722
-4446
-5064
-5716
-5920
-5536
-4683
-4239
-4454
-4174
-3476
-2955
-2645
-2308
-1300
-275
267
337
998
2084
2636
2431
2558
3667
4747
4394
3419
3618
4659
4897
4042
4167
5378
5514
3738
2574
3351
4423
4025
3042
2796
2912
2253
1207
1482
2771
2908
1332
307
849
1620
1386
1019
1154
1143
386
-335
-296
-17
-449
-1094
-1426
-1447
-2033
-2958
-3620
-4065
-4391
-4917
-5040
-4783
-4216
-4674
-5534
-6306
-6013
-5042
-4110
-3875
-4054
-4091
-3962
-3520
-2779
-1531
-451
-18
-348
-317
531
1635
1925
2220
2874
3552
3262
2719
2970
3954
4241
3639
3706
4522
4543
2948
2084
2987
4070
3699
2658
2171
2105
1631
925
1384
2547
2370
599
-506
434
1613
1329
555
552
626
-204
-887
-619
-148
-592
-1678
-2114
-2036
-2269
-3199
-3937
-4245
-4316
-4910
-5366
-5033
-4472
-4781
-5647
-6071
-5875
-4899
-4241
-4077
-4405
-4213
-3793
-3054
-2551
-1975
-1031
-393
-335
-199
671
1731
2234
2099
2365
3228
3516
2930
2807
3610
4106
3639
3401
3995
4249
3243
2448
3024
3718
3267
2265
1866
2290
2279
1484
1215
1915
1933
856
308
1000
1650
1129
415
430
628
237
-235
-389
-493
-962
-1568
-1827
-1829
-2328
-3257
-4011
-4304
-4596
-4793
-4457
-3840
-3915
-5187
-6168
-6048
-4517
-3434
-3354
-3921
-3961
-3708
-3262
-2347
-1152
-170
-105
-488
-388
760
1808
2232
2364
2771
3065
2959
2619
2743
3552
3980
3646
3535
3951
4005
2968
2286
2834
3735
3505
2541
1663
1631
1720
1524
1483
1924
1765
597
-228
418
1465
1561
914
379
203
-96
-157
-71
-80
-681
-1343
-1821
-1992
-2363
-2893
-3530
-3734
-4337
-4646
-4282
-3491
-3761
-4947
-5762
-5216
-3757
-3356
-3659
-3920
-3224
-2953
-2768
-2283
-823
156
-24
-573
202
1673
2225
1846
1981
3126
3728
3083
2418
3090
4016
3837
3412
3867
4747
4079
2614
2394
3623
4227
3367
2316
1956
2132
1789
1381
1654
2169
1548
198
19
937
1556
1294
754
553
233
-74
-173
-235
-458
-963
-1258
-1364
-1789
-2617
-3273
-3476
-3749
-4033
-3744
-2853
-2955
-4284
-5426
-4970
-3277
-2600
-2852
-3126
-2578
-2516
-2753
-2240
-317
1192
873
-155
143
1662
2527
2280
2494
3660
4126
3062
2170
2995
4275
4176
3465
3877
4553
3616
2016
1886
3386
4075
3173
1807
1213
1101
849
1004
1704
1905
638
-828
-913
114
726
641
347
-199
-1100
-1490
-1052
-578
-909
-1785
-2213
-2442
-3014
-3861
-4222
-4060
-4213
-4412
-4056
-3303
-3697
-4973
-5795
-4646
-2813
-2039
-2613
-3170
-3250
-3208
-2593
-931
1008
1474
284
-611
343
2030
2940
3094
3356
3422
2893
2404
2840
3841
4157
3880
3909
4017
3159
2032
2010
2858
3483
3058
2091
1062
302
-5
653
1639
1686
120
-1564
-1647
-587
111
121
-114
-687
-1819
-2617
-2045
-1027
-1033
-2290
-3222
-3255
-3434
-4152
-4635
-4429
-4320
-4515
-4495
-3732
-3690
-5040
-5842
-4602
-2324
-1451
-2440
-3459
-3092
-2155
-1275
-108
1442
1993
864
-142
1020
3323
4387
3790
3394
3923
4038
3382
3348
4492
5210
4702
3974
4152
3918
2854
2211
3086
4199
3755
1704
304
496
1036
1268
1317
1212
41
-1545
-1831
-562
579
394
-758
-1708
-2181
-2116
-1727
-1447
-1742
-2676
-3489
-3845
-3867
-4387
-4662
-4875
-4944
-4729
-3850
-3786
-4954
-6165
-5687
-3450
-1745
-1862
-3089
-3271
-2625
-1681
-622
1228
2506
1913
383
649
3011
4913
4679
3981
4469
4976
4308
3638
4655
6058
5951
4785
4687
4793
3909
2664
2996
4654
4977
2888
572
178
976
1280
1263
1291
588
-1206
-2509
-1698
72
608
-550
-1897
-2624
-2689
-2511
-2188
-1965
-2368
-3405
-4447
-4799
-4876
-4909
-5159
-5228
-4610
-3768
-4244
-5721
-6619
-5557
-3258
-1732
-1991
-3006
-3240
-2711
-1798
-290
1826
3028
2228
629
1154
3606
5407
5270
4906
5336
5548
4652
4148
5495
7071
6861
5891
5494
5066
4296
3581
4370
5965
5834
3180
774
707
1894
2310
1981
1367
332
-1311
-2157
-1146
455
592
-872
-2426
-3140
-2910
-2527
-2328
-2442
-3019
-3995
-4938
-5306
-5332
-5221
-5257
-4967
-4124
-4008
-5424
-6744
-6289
-4106
-2324
-1791
-2830
-3428
-3311
-2526
-1047
1103
2724
2297
770
481
2461
4603
5186
4962
5238
5328
4513
3891
4923
6658
7296
6591
5853
5144
4119
3646
4594
6390
6556
4090
1152
513
1751
2866
2965
2207
703
-1241
-2302
-1395
275
728
-720
-2732
-3916
-3852
-3288
-3030
-3190
-3615
-4482
-5719
-6407
-6647
-6354
-6118
-5460
-4732
-5028
-6728
-7956
-7190
-4776
-2730
-2477
-3337
-4174
-4181
-3451
-1644
873
2479
1801
203
153
2013
3979
4840
5084
5321
4894
3845
3507
4851
6483
7006
6406
5982
5304
3656
2797
4204
6616
6656
4044
948
184
1257
2594
3132
2675
982
-1553
-2792
-1477
722
1230
-525
-2682
-3795
-3908
-3460
-2941
-2840
-3691
-5046
-6147
-6696
-6531
-6528
-5990
-4903
-4539
-5995
-7876
-7913
-6017
-3762
-2982
-3066
-3474
-3983
-4288
-3176
-412
2105
2305
785
-28
1143
2885
3860
4779
5776
5724
4196
3103
4082
6378
7977
7483
6071
4722
4103
3968
5091
6808
6948
4495
1527
860
2221
3572
3427
2213
888
-235
-995
-982
-90
848
174
-1777
-3265
-3288
-2887
-3103
-3383
-3557
-3958
-5252
-6819
-7311
-6875
-5439
-4467
-4565
-6312
-7823
-7794
-6107
-4084
-3082
-2929
-3544
-4102
-4359
-3016
-273
1955
1919
695
394
1591
2737
3308
4406
5926
5786
3912
2872
4105
6854
7886
6747
5496
5041
4519
3913
5068
6785
6599
3733
1293
1438
2990
3630
2754
1821
1206
303
-746
-865
348
1055
-247
-2182
-2955
-2742
-2883
-3430
-3575
-3560
-4112
-5658
-6885
-7215
-6156
-4615
-4192
-5457
-7290
-7384
-6057
-4419
-3847
-3503
-3106
-3029
-3621
-3426
-1331
1458
2065
1083
965
2425
3404
3046
3475
5527
6805
5304
3516
4117
6888
7659
6326
5341
5941
5655
4297
4450
6160
6649
4244
1839
1746
3233
3371
2002
1283
1491
1046
-194
-699
286
725
-370
-1746
-2095
-2086
-2455
-3034
-3278
-3271
-3751
-4978
-5943
-6390
-5398
-4102
-3603
-5307
-7149
-6716
-4623
-3040
-3533
-3977
-3407
-2426
-2759
-2693
-741
1686
1604
146
474
2919
4055
2904
2661
4929
6368
4843
2958
5003
7770
6793
4057
4255
6491
6307
4225
3695
5141
5012
2985
1488
2691
3718
1962
-117
346
1638
889
-1131
-1344
-283
-577
-2042
-2584
-2395
-2876
-3926
-4269
-3777
-3844
-5239
-6381
-6753
-5831
-4616
-4121
-5343
-7440
-7495
-5488
-3236
-3358
-4339
-4494
-3160
-2599
-2408
-1119
1025
1305
-194
-292
2288
4504
3530
2181
3493
5832
5174
3560
4894
7033
6182
3410
3885
6363
6699
4019
2775
4126
4757
2868
1094
2097
3021
1285
-828
-185
1418
353
-1974
-2004
-637
-878
-2559
-3124
-2592
-2849
-4049
-4508
-3831
-4017
-5396
-6655
-6460
-5218
-4508
-4699
-5824
-6595
-6194
-4676
-3474
-3544
-4101
-3911
-2768
-2102
-1758
-742
770
1115
441
794
2875
4279
3597
2907
4240
5706
5321
5072
5955
6758
5426
4347
5295
6912
6475
4241
3234
3997
4520
3206
2162
2374
2116
556
-390
458
983
-457
-1910
-1893
-1338
-1768
-2545
-2939
-3205
-3755
-4243
-4152
-4081
-4885
-5911
-6474
-5630
-4557
-4287
-5297
-6661
-6458
-4946
-3180
-3205
-3947
-4320
-3237
-2066
-1462
-673
546
939
267
332
2294
4313
4165
2936
3306
4955
5727
5718
5740
6165
5539
4779
5301
6927
6964
4726
2908
3543
4897
4374
2823
2018
1856
1179
376
663
1100
117
-1487
-2204
-1624
-1190
-1866
-3018
-3566
-3754
-3824
-4046
-4317
-4944
-5818
-6467
-6010
-4506
-3760
-4843
-6954
-6911
-4812
-2575
-2601
-3973
-4320
-3098
-1827
-1395
-437
998
1385
325
185
2405
4706
4403
2899
3345
5294
6471
5763
5284
5679
6003
5396
5737
7167
6913
4320
2466
3889
5741
5180
2684
1223
1441
1498
889
1020
1142
264
-1576
-2510
-1523
-481
-1264
-3073
-3777
-3677
-3529
-3809
-4032
-4428
-5126
-5842
-5288
-3917
-3449
-4899
-6377
-5472
-3144
-1771
-2758
-3840
-3416
-1765
-837
-356
592
1402
1133
428
1362
3878
5107
3981
2871
3631
6074
6587
5396
4658
5260
5335
4988
5887
6524
5087
2394
2167
4067
5156
3623
1060
393
1012
1130
672
419
313
-874
-2487
-2500
-1028
-722
-2486
-4047
-4179
-3449
-3431
-4095
-4875
-5454
-5808
-5368
-4125
-3722
-4844
-6557
-6025
-3921
-2127
-2611
-3842
-3989
-2762
-1487
-454
768
1280
677
20
986
3345
4610
3802
2817
3506
5517
5676
4755
4489
5269
4815
4295
5158
5735
4090
1634
1740
3540
4212
2284
-138
-435
434
361
-518
-655
-509
-1885
-3653
-3247
-1328
-1188
-3217
-4759
-4473
-3669
-3765
-4539
-4976
-5360
-5683
-5152
-4286
-3970
-5034
-5985
-5153
-3095
-1887
-2611
-3657
-3493
-2064
-722
321
1076
976
482
519
1901
4010
4728
4015
3328
4551
5739
5440
4731
5157
5622
5014
4937
5402
5057
3149
2081
2860
3954
3292
980
-640
-278
314
-152
-879
-878
-1351
-3044
-3941
-2613
-1322
-2322
-4220
-4832
-4192
-3837
-4234
-4591
-4837
-5265
-5172
-4474
-3881
-4232
-5223
-4950
-3253
-1696
-1915
-2966
-3098
-1910
-411
573
1486
1648
1161
744
1746
3944
5237
4697
3908
4687
5571
5247
4786
5800
6430
5529
4568
4958
5102
3889
2601
2846
3851
3292
1037
-654
-295
386
-210
-1195
-1261
-1699
-3256
-4370
-3361
-2016
-2622
-4379
-5301
-4892
-4437
-4511
-4802
-4909
-5106
-5395
-4948
-4107
-3700
-4488
-4889
-3578
-1572
-1075
-2368
-2921
-1809
173
1106
1471
1764
1940
1598
1817
3483
5554
5529
4511
4770
5687
5568
4937
5793
6848
6567
4965
4275
4559
4593
3751
3176
3604
3341
1419
-299
-106
887
437
-1049
-1600
-1748
-2758
-3765
-3209
-2337
-2774
-4210
-5068
-4875
-4533
-4702
-5028
-5222
-5173
-5160
-4894
-4513
-4531
-4789
-4484
-2980
-1634
-1410
-2399
-2457
-1216
582
1784
2308
2453
2047
1752
2609
4731
6240
6238
5798
5579
5550
5457
6113
7182
7798
6761
4978
4182
4604
5110
4766
4222
3584
2384
889
275
882
1277
391
-938
-1742
-2162
-2641
-2775
-2698
-2761
-3278
-4197
-4870
-5146
-4850
-4752
-4768
-5073
-5451
-5568
-5236
-4759
-4783
-4929
-4384
-2783
-1786
-2435
-3567
-3065
-1004
791
1246
1265
1361
1334
1320
2433
4667
6182
5994
4669
4229
4769
5663
6203
7150
7651
6010
3481
2857
4530
5635
4844
3302
2313
1543
499
105
928
1442
180
-2000
-3049
-2668
-2259
-2691
-3198
-3239
-3624
-4637
-5399
-5169
-4586
-4675
-5340
-5904
-5807
-5150
-4949
-5209
-5526
-5104
-3773
-2134
-1737
-3070
-4144
-3294
-800
1191
1681
1058
310
51
815
2872
5243
6333
4853
2869
2651
4412
5805
6321
6749
6141
3853
2006
3070
5323
5734
3812
1849
1329
1225
625
436
1026
1178
-589
-2649
-2840
-1724
-1673
-2770
-3010
-2549
-3057
-4638
-5328
-4575
-3773
-4013
-4891
-5192
-4916
-4634
-4763
-4730
-4383
-3990
-3100
-1988
-1562
-2635
-3412
-2288
252
1932
1740
890
512
651
1485
3491
6219
6483
3914
1875
3024
5380
6178
6403
6434
5045
2329
1657
4019
6180
5165
2169
697
1252
1342
492
462
1324
633
-1877
-2997
-1726
-938
-2177
-3371
-2705
-2054
-3289
-4882
-4935
-3862
-3581
-4158
-4585
-4254
-4181
-4734
-4907
-4197
-3274
-3091
-2639
-1679
-1453
-2550
-2979
-1195
1385
2318
1442
634
844
1404
2398
4620
6561
5594
2828
2136
4119
5907
6288
6171
5535
3679
1872
2406
4700
5559
3602
995
510
1048
710
90
495
850
-798
-2764
-2560
-1251
-1516
-2845
-2949
-2066
-2332
-3809
-4523
-3852
-3243
-3493
-3884
-3753
-3496
-3891
-4381
-4035
-3016
-2511
-2470
-1794
-808
-1133
-2173
-1970
244
2157
2245
1234
912
1374
2100
3772
5464
5582
3817
2448
3142
4861
5946
5733
4919
3875
2799
2529
3512
4633
3995
2113
965
1286
1387
694
432
559
228
-945
-1607
-1323
-1182
-1784
-2123
-1699
-1467
-2312
-3467
-3648
-3060
-2625
-2733
-2913
-2909
-3080
-3506
-3511
-2805
-2081
-1949
-1734
-1054
-604
-979
-1397
-659
1048
2293
2194
1624
1414
1729
2516
3637
4603
4391
3324
2553
3094
4189
4628
4214
3505
2840
2269
2252
2624
2767
2119
1141
598
549
346
-143
-429
-515
-827
-1357
-1634
-1737
-2054
-2371
-2338
-2048
-2203
-2889
-3463
-3470
-3194
-3057
-2995
-2818
-2856
-3223
-3594
-3325
-2454
-1728
-1351
-1130
-909
-846
-667
35
1180
2045
2117
1815
1856
2291
2933
3448
3775
3834
3414
2960
2902
3271
3318
2882
2456
2291
2034
1587
1185
955
758
410
-57
-470
-920
-1378
-1728
-1778
-1742
-1989
-2508
-2935
-3080
-3045
-2959
-2954
-3042
-3413
-3819
-3916
-3616
-3280
-3161
-3099
-2957
-2926
-2965
-2662
-2010
-1368
-1032
-773
-347
98
419
901
1575
2260
2611
2738
3018
3288
3515
3790
4163
4356
4076
3480
3219
3345
3440
3247
2789
2336
1858
1370
1035
917
701
108
-524
-915
-1190
-1480
-1836
-2113
-2324
-2518
-2830
-3074
-3268
-3350
-3419
-3402
-3374
-3484
-3684
-3886
-3702
-3309
-2963
-2784
-2707
-2569
-2412
-2001
-1374
-761
-381
-82
316
812
1249
1623
2112
2673
3104
3292
3354
3501
3591
3659
3807
3954
3842
3449
3076
2953
2971
2826
2501
2081
1668
1263
905
764
543
131
-401
-844
-1140
-1332
-1522
-1717
-1952
-2290
-2572
-2682
-2791
-2956
-3132
-3209
-3297
-3453
-3526
-3553
-3411
-3303
-3030
-2736
-2458
-2302
-2064
-1611
-984
-399
-43
313
689
1104
1499
1970
2475
2802
2951
3029
3175
3331
3405
3427
3444
3409
3190
2959
2684
2510
2348
2143
1852
1450
1070
770
572
354
47
-348
-637
-827
-1038
-1203
-1370
-1515
-1673
-1881
-2026
-2112
-1969
-1981
-2157
-2231
-2209
-2224
-2227
-2142
-2013
-1802
-1659
-1452
-1181
-922
-637
-223
289
702
947
1172
1474
1834
2154
2378
2332
2510
2646
2638
2660
2743
2829
2686
2452
2313
2289
2169
1948
1612
1341
1155
996
879
670
345
63
-148
-223
-321
-443
-643
-831
-979
-966
-935
-1044
-1214
-1420
-1393
-1399
-1397
-1492
-1654
-1813
-1775
-1542
-1250
-1074
-1133
-1173
-988
-526
-45
189
383
534
745
1015
1327
1706
1893
1916
1928
1994
2149
2216
2152
2085
2028
1891
1703
1398
1187
1049
910
715
457
177
-158
-428
-551
-588
-765
-1043
-1308
-1434
-1372
-1366
-1382
-1382
-1433
-1533
-1564
-1462
-1414
-1504
-1593
-1552
-1486
-1462
-1407
-1491
-1320
-1193
-1029
-903
-788
-700
-643
-414
-38
402
532
563
661
940
1214
1364
1466
1501
1529
1480
1477
1586
1652
1526
1302
1187
1067
854
584
465
373
93
-212
-448
-544
-674
-879
-996
-1000
-1103
-1344
-1533
-1531
-1441
-1475
-1529
-1567
-1564
-1572
-1591
-1591
-1503
-1469
-1453
-1351
-1298
-1142
-1113
-1006
-908
-735
-543
-387
-258
-22
165
329
542
757
910
1027
1213
1369
1474
1591
1636
1665
1705
1685
1614
1559
1463
1320
1186
1080
885
664
496
350
197
-75
-236
-385
-488
-652
-857
-858
-942
-1027
-1122
-1160
-1194
-1251
-1274
-1307
-1186
-1116
-1157
-1199
-1173
-1091
-1083
-970
-827
-778
-720
-707
-604
-357
-136
-49
-18
119
335
485
618
766
850
925
926
1067
1226
1274
1202
1145
1253
1305
1197
1042
958
925
860
698
487
350
208
-12
-91
-98
-205
-425
-611
-620
-635
-672
-741
-809
-825
-880
-892
-847
-824
-826
-847
-832
-726
-703
-720
-717
-663
-559
-517
-419
-274
-223
-242
-110
110
301
318
376
510
656
738
802
959
1049
1011
1009
1133
1311
1252
1157
1148
1176
1145
959
895
819
764
705
548
491
437
243
60
-4
-80
-206
-382
-458
-534
-638
-700
-724
-688
-669
-673
-695
-636
-597
-462
-465
-580
-375
-190
-116
-173
-176
45
302
434
521
572
647
772
879
1019
1122
1182
1237
1273
1333
1455
1520
1524
1474
1465
1488
1510
1478
1369
1315
1233
1133
986
912
825
635
416
249
124
103
-30
-273
-513
-642
-681
-768
-795
-884
-1089
-1205
-1211
-1135
-1096
-1149
-1231
-1194
-1108
-1003
-933
-870
-805
-743
-603
-412
-318
-241
-169
-1
176
334
415
472
571
595
752
850
914
845
733
761
901
1020
996
947
958
960
908
904
863
771
584
442
399
366
296
169
-43
-88
-136
-229
-350
-538
-725
-879
-948
-1052
-1109
-1205
-1319
-1385
-1379
-1334
-1348
-1464
-1610
-1565
-1422
-1368
-1369
-1331
-1242
-1134
-1008
-906
-770
-701
-601
-483
-383
-201
-111
-11
82
204
331
410
438
485
571
658
673
604
626
632
587
593
603
577
464
328
307
462
497
424
302
195
137
82
77
71
-35
-147
-271
-314
-324
-371
-455
-562
-575
-590
-665
-714
-707
-711
-660
-661
-695
-693
-687
-661
-618
-532
-483
-474
-477
-472
-381
-283
-183
-111
-67
1
-16
86
183
264
290
297
302
301
326
284
302
338
351
249
244
229
156
156
149
176
134
55
2
-30
-1
3
33
41
-47
-148
-166
-61
-27
-7
-66
-126
-136
-132
-132
-60
-24
-39
-96
-127
-46
7
33
42
24
67
75
46
80
140
171
138
104
191
237
145
121
140
272
221
45
1
-49
-14
-51
-48
-39
-167
-281
-331
-279
-198
-250
-369
-394
-396
-404
-369
-328
-272
-264
-304
-293
-217
-137
-125
-70
9
66
92
83
174
214
326
386
393
412
390
409
494
573
796
796
714
735
803
887
916
904
843
822
745
793
761
699
656
571
548
515
500
415
376
254
196
181
103
79
-33
-111
-195
-190
-110
-90
-168
-259
-295
-268
-229
-224
-260
-326
-223
-165
-165
-155
-66
14
16
25
105
204
209
228
284
415
459
362
419
503
586
593
614
674
695
718
727
794
850
847
756
701
738
726
685
610
533
505
416
331
299
258
185
99
37
-10
-69
-134
-191
-248
-255
-267
-309
-376
-399
-419
-446
-437
-451
-443
-444
-470
-589
-647
-608
-619
-606
-542
-531
-508
-460
-401
-299
-252
-300
-315
-308
-267
-197
-165
-72
-70
6
80
76
151
206
302
255
140
130
206
244
179
140
151
146
75
59
-51
-157
-217
-225
-207
-240
-349
-426
-399
-360
-373
-480
-525
-509
-520
-517
-537
-522
-502
-510
-517
-467
-428
-424
-422
-428
-402
-382
-336
-330
-376
-313
-291
-247
-223
-194
-168
-67
30
50
108
101
97
107
140
204
166
169
166
167
162
124
113
84
78
44
26
-11
-26
-91
-129
-106
-139
-141
-221
-279
-257
-253
-234
-248
-297
-337
-326
-312
-259
-237
-239
-278
-350
-284
-203
-157
-178
-197
-198
-195
-139
-76
-27
-25
1
11
114
194
195
271
264
297
347
406
412
365
352
415
454
453
387
336
329
242
141
163
169
86
-5
-62
-118
-162
-224
-285
-280
-266
-302
-396
-434
-370
-370
-369
-389
-384
-417
-420
-398
-317
-268
-301
-334
-352
-246
-183
-146
-159
-247
-179
-175
-101
-5
43
40
57
79
142
244
282
348
362
439
498
483
523
577
661
729
716
657
631
632
627
611
587
574
494
403
323
260
271
223
170
57
-5
-132
-196
-243
-172
-29
-81
-134
-168
-183
-197
-173
-100
-78
-145
-220
-243
-226
-173
-83
-38
-28
-82
-32
-2
-13
201
182
177
191
249
300
279
293
444
578
662
652
653
667
672
804
835
821
826
816
875
901
908
904
902
894
842
808
809
828
762
682
629
535
488
435
347
299
243
149
35
-28
-38
-44
-90
-151
-236
-325
-380
-418
-387
-355
-384
-396
-483
-533
-463
-410
-393
-389
-389
-361
-376
-278
-198
-170
-149
-153
-81
-19
50
49
60
131
165
176
175
209
182
104
64
