9
5
-26
-17
10
3
-20
1
-12
19
19
50
28
4
21
16
44
25
43
41
64
106
71
105
125
150
180
182
191
204
241
232
294
468
490
478
521
533
496
555
560
516
525
479
510
461
435
400
412
462
530
491
432
545
458
459
404
393
408
394
319
256
327
456
485
412
341
340
334
334
331
342
341
314
291
314
291
285
283
244
272
232
220
203
190
186
104
138
98
48
43
-16
-58
-70
-88
-138
-146
-126
-143
-142
-138
-124
-179
-170
-167
-170
-160
-165
-165
-154
-126
-108
-121
-125
-121
-112
-52
-5
-22
22
21
46
76
96
139
155
196
244
281
284
323
334
309
299
244
213
262
313
346
381
456
470
463
515
489
459
422
385
361
317
226
226
204
172
175
121
103
56
17
-45
-83
-165
-115
-105
-180
-213
-303
-245
-254
-277
-448
-552
-564
-607
-625
-653
-712
-794
-815
-919
-924
-961
-1093
-1108
-1172
-1191
-1220
-1267
-1276
-1305
-1323
-1339
-1358
-1432
-1467
-1512
-1516
-1480
-1520
-1493
-1467
-1377
-1228
-1061
-917
-789
-680
-472
-316
-242
-69
91
318
533
598
741
873
1005
1079
1123
1154
1197
1246
1229
1255
1270
1304
1290
1290
1244
1147
1118
1011
915
822
780
802
780
782
727
664
585
522
449
454
470
462
440
388
478
269
387
321
245
352
101
217
92
19
134
17
28
-58
-164
-204
-260
-323
-316
-417
-472
-568
-730
-745
-821
-860
-931
-1097
-1165
-1332
-1383
-1438
-1543
-1556
-1599
-1630
-1672
-1727
-1746
-1789
-1814
-1764
-1722
-1577
-1393
-1238
-989
-827
-745
-635
-468
-274
-77
145
414
663
856
1008
1124
1285
1408
1425
1465
1459
1520
1530
1529
1509
1503
1418
1299
1146
991
887
800
830
809
741
751
655
578
497
443
435
363
356
371
407
426
434
438
432
440
406
417
335
437
517
524
567
412
424
452
374
481
550
487
519
587
438
420
404
287
250
101
18
-35
-196
-341
-450
-446
-475
-612
-731
-854
-894
-984
-1191
-1271
-1441
-1495
-1549
-1719
-1651
-1517
-1441
-1444
-1562
-1550
-1419
-1232
-972
-732
-568
-419
-284
-97
118
407
682
909
1139
1284
1446
1572
1749
1887
1907
2003
2016
1978
1937
1869
1822
1760
1671
1496
1302
1195
1078
992
876
801
705
732
743
661
558
463
437
345
284
333
401
463
516
474
527
523
527
474
505
584
614
725
548
552
572
510
541
462
444
354
164
173
45
-1
-24
-184
-320
-487
-386
-442
-624
-616
-758
-922
-1140
-1354
-1450
-1503
-1679
-1713
-1841
-2066
-2115
-2267
-2363
-2432
-2443
-2460
-2455
-2564
-2576
-2407
-2175
-1933
-1803
-1577
-1396
-1184
-1060
-951
-652
-296
89
362
586
730
897
1108
1335
1488
1511
1590
1605
1625
1627
1611
1622
1524
1341
1170
1009
908
823
703
565
391
255
176
29
11
34
107
73
-13
-70
-18
227
244
236
292
370
442
426
514
579
640
731
646
527
693
663
711
564
525
580
351
503
163
148
200
35
-193
-141
-262
-426
-481
-617
-812
-1001
-1003
-1256
-1152
-1350
-1355
-1626
-1798
-1870
-2226
-2162
-2319
-2471
-2411
-2447
-2419
-2518
-2575
-2523
-2447
-2284
-2129
-1928
-1611
-1403
-1203
-975
-722
-426
-95
197
500
778
1080
1322
1541
1813
1963
2024
2063
2101
2133
2139
2149
2154
2049
1868
1668
1481
1309
1165
1058
934
776
553
486
356
239
200
225
206
94
64
80
135
160
272
330
425
541
511
570
609
736
754
698
731
749
840
690
729
767
607
565
384
339
58
243
202
3
-151
-363
-388
-741
-819
-1050
-1107
-1014
-1377
-1306
-1549
-1787
-1859
-2174
-2304
-2449
-2476
-2484
-2622
-2631
-2587
-2542
-2640
-2707
-2453
-2152
-1760
-1456
-1284
-1084
-807
-554
-299
11
426
923
1206
1389
1566
1863
2259
2604
2755
2842
3009
3062
3005
2909
2856
2895
2767
2402
2056
1914
1957
1841
1636
1322
1070
886
584
457
377
458
574
527
365
239
311
396
461
520
688
821
878
907
854
1045
1170
1148
1157
1102
1160
1239
1152
998
809
807
821
578
564
371
246
43
-152
-276
-385
-566
-805
-1013
-1307
-1333
-1532
-1631
-1805
-1908
-1894
-2218
-2686
-2862
-3057
-3094
-2877
-2898
-2741
-2844
-2948
-3136
-3115
-2719
-2237
-1893
-1715
-1545
-1329
-980
-758
-369
171
730
1118
1302
1522
1959
2482
2734
2773
2720
2771
2789
2665
2644
2733
2756
2544
2087
1606
1330
1218
1096
856
585
256
46
-221
-474
-570
-396
-217
-275
-485
-720
-689
-475
-259
-117
59
207
207
223
426
726
854
840
736
695
789
870
918
851
792
659
424
158
-89
-41
-49
-282
-519
-802
-1116
-1292
-1521
-1836
-1946
-2023
-2203
-2450
-2551
-2675
-3080
-3283
-3640
-3754
-3842
-3832
-3720
-3607
-3509
-3572
-3620
-3434
-2966
-2538
-2311
-1985
-1421
-963
-609
-266
167
895
1398
1642
1935
2424
2908
3142
3236
3365
3585
3681
3574
3437
3472
3439
3175
2854
2468
2124
1899
1657
1318
966
684
371
40
-258
-374
-319
-230
-319
-602
-690
-606
-425
-202
96
339
472
460
459
619
943
1272
1420
1529
1504
1409
1356
1267
1263
1238
1140
993
764
525
302
37
-289
-654
-963
-1141
-1472
-1741
-1848
-2141
-2709
-3232
-3661
-3912
-4019
-4061
-4243
-4487
-4669
-4728
-4774
-4617
-4237
-3974
-3583
-3184
-2829
-2788
-2703
-2049
-1033
-154
316
756
1255
1664
1862
2274
3031
3804
4309
4288
4113
4136
4326
4368
4299
4294
4269
3970
3364
2807
2491
2313
2004
1511
1018
615
336
92
-190
-426
-432
-427
-698
-988
-958
-414
-113
-127
-27
171
461
547
698
1101
1366
1543
1610
1605
1721
1920
1935
1792
1714
1827
1668
1448
1145
813
586
190
-217
-557
-868
-1254
-1603
-1960
-2465
-2971
-3437
-3844
-4156
-4422
-4492
-4680
-4961
-5182
-4995
-4602
-4323
-3997
-3548
-3245
-3185
-3116
-2453
-1179
-114
232
502
1062
1587
1943
2455
3408
4397
4827
4598
4287
4493
4901
5121
5268
5313
5104
4603
3911
3442
3279
3190
2927
2399
1692
1043
649
368
27
-213
-261
-320
-787
-1251
-1342
-1065
-846
-844
-748
-476
-263
-260
-221
74
503
804
961
1025
1050
1205
1092
944
990
1118
1158
1016
768
443
210
-110
-587
-1053
-1385
-1645
-1994
-2633
-3465
-4025
-4385
-4731
-5126
-5357
-5474
-5598
-5841
-5955
-5732
-5319
-4928
-4813
-4724
-4442
-3741
-2597
-1627
-1200
-1081
-696
17
813
1618
2569
3519
3878
3691
3556
3919
4676
5217
5328
5190
4975
4506
3945
3711
3812
3905
3542
2752
1897
1295
941
665
525
262
-68
-431
-925
-1403
-1558
-1351
-1149
-1099
-1072
-948
-787
-848
-910
-603
-69
348
535
622
715
794
777
801
1089
1396
1476
1170
612
194
153
193
58
-293
-838
-1535
-2244
-2845
-3259
-3534
-3937
-4512
-5099
-5563
-5834
-5682
-5238
-4989
-5001
-5286
-5560
-5453
-4676
-3460
-2232
-1618
-1686
-1790
-1281
-277
910
2195
3222
3573
3321
3010
3396
4496
5486
5894
5807
5482
4959
4520
4431
4781
5013
4757
3969
3029
2391
1982
1745
1542
1278
931
503
-50
-548
-896
-1037
-1005
-1003
-995
-922
-976
-1117
-1311
-1256
-861
-349
-37
47
61
37
73
230
663
1130
1333
1068
537
284
389
527
612
357
-197
-796
-1234
-1552
-1964
-2494
-2982
-3394
-3839
-4340
-4952
-5196
-4986
-4530
-4275
-4479
-5080
-5506
-5277
-4279
-2993
-2068
-1784
-1900
-1961
-1625
-691
857
2357
3114
2983
2547
2634
3384
4464
5338
5831
5786
5314
4828
4606
4945
5451
5604
5136
4336
3530
2915
2648
2555
2398
2051
1586
1021
471
45
-74
-168
-277
-305
-400
-452
-746
-989
-982
-776
-535
-293
-35
72
12
-123
15
434
772
1007
856
495
228
265
476
632
585
218
-416
-963
-1222
-1270
-1460
-2035
-2827
-3480
-3850
-4043
-4155
-4114
-3877
-3605
-3834
-4689
-5361
-5055
-3745
-2429
-1831
-1908
-2169
-2189
-1846
-869
666
2158
2834
2500
1860
1947
2970
4216
5004
5318
5277
4902
4264
3998
4402
5156
5429
4923
4038
3258
2776
2442
2394
2702
2950
2444
1161
-154
-654
-176
367
377
24
-609
-1364
-1905
-1716
-861
51
162
-611
-1445
-1647
-1222
-627
-160
25
-46
-531
-1069
-1197
-780
-133
62
-373
-1062
-1577
-1884
-1846
-1641
-1604
-1936
-2948
-4014
-4515
-4328
-4048
-4141
-4514
-4604
-4074
-3839
-4661
-5797
-5445
-3570
-2069
-1971
-2519
-2521
-2140
-1938
-1385
265
2376
3118
2016
817
1264
2972
4349
4764
4781
4790
4320
3457
3219
4147
5280
5332
4276
3081
2549
2616
2579
2478
2624
2565
1823
599
-292
-32
748
851
156
-409
-538
-730
-1079
-1068
-350
248
-83
-979
-1303
-791
-245
-140
-190
8
142
-250
-842
-845
-194
166
-142
-638
-829
-1052
-1589
-1824
-1586
-1361
-1897
-2989
-4029
-4548
-4427
-4000
-3919
-4329
-4435
-4015
-3991
-5005
-6016
-5270
-3183
-1698
-1920
-2836
-3042
-2369
-1589
-784
748
2511
2937
1588
616
1793
3952
5074
4881
4777
4992
4651
3903
3994
5121
6030
5677
4445
3450
3109
3073
2959
2813
2924
2896
2131
676
-377
-169
934
1445
628
-490
-1090
-1292
-1224
-652
197
555
-134
-1528
-1937
-890
202
398
170
-38
-216
-557
-962
-550
438
671
40
-721
-1169
-1301
-1222
-1189
-1146
-1146
-1894
-3114
-3970
-4141
-4007
-3727
-3881
-4538
-4524
-3801
-3537
-4770
-6270
-5779
-3218
-1299
-1760
-2981
-3242
-2776
-2242
-1190
1225
3417
2938
512
-61
2197
4599
5174
4923
5124
5159
4240
3531
4560
6123
6380
5545
4768
4278
3724
3560
3664
3811
3995
4067
3380
1537
32
386
1916
2687
2009
850
69
-812
-1449
-399
1450
1832
298
-1511
-1865
-745
239
502
660
586
-228
-1263
-1351
-358
702
718
-233
-806
-1038
-1603
-1898
-1357
-649
-712
-1906
-3556
-4174
-3926
-3940
-3834
-3495
-3759
-4402
-4147
-3545
-4381
-6057
-5664
-2565
-506
-1898
-4022
-3652
-1873
-807
-605
146
1757
2459
1340
402
1554
3761
4833
4393
3817
4187
4596
4073
3650
4468
5632
5583
4269
2815
2507
3079
3288
2884
2602
2533
2082
825
40
803
2166
2220
527
-1003
-832
63
263
90
344
602
-154
-1385
-1508
-5
1099
507
-620
-635
-33
-278
-948
-806
249
512
-629
-1788
-1944
-1641
-1646
-1933
-1861
-1818
-2692
-4280
-5164
-4767
-4188
-4158
-4610
-5191
-5041
-4486
-4648
-5588
-6339
-5376
-2962
-1727
-2989
-4457
-3829
-1814
-935
-1288
-559
1582
2490
887
-279
1564
4383
4862
3514
3290
4659
5127
3715
3085
4845
6320
5339
3313
2822
3593
3638
2822
2528
3029
3013
1901
594
220
1008
1886
1555
239
-564
-350
46
-180
-306
407
874
-136
-1435
-1158
261
1011
388
-380
-15
457
-176
-856
-242
893
895
-488
-1646
-1274
-644
-1073
-1651
-1455
-1494
-2721
-4129
-4561
-4001
-3754
-4466
-5189
-4856
-4033
-3691
-4655
-6573
-6988
-4419
-1483
-1533
-4009
-4904
-2723
-972
-1633
-1832
793
3256
2119
-706
-176
3529
5419
3830
2796
4570
5861
4151
2198
3613
6542
6695
4108
2693
3410
3763
2833
2410
3216
4009
3216
1215
-233
219
1641
2347
1462
134
-215
-90
-622
-962
343
1804
1141
-1143
-2036
-522
1059
698
-215
285
1031
14
-1466
-1071
942
1719
196
-1315
-1131
-714
-1418
-1988
-1218
-285
-1443
-3870
-4981
-4220
-3524
-3994
-4734
-4201
-2927
-3015
-5348
-7462
-6506
-3155
-524
-1198
-3854
-4547
-2591
-1237
-1586
-962
1894
3750
1757
-1218
-180
3834
5648
4249
3501
5213
5892
3444
1850
4301
7636
7209
4127
2635
3317
3627
2930
3089
4313
4523
2786
666
-24
874
2020
2327
1643
740
209
-271
-822
-506
1229
2410
1166
-1140
-1655
-71
1192
978
599
1133
1246
-222
-1465
-381
1744
2010
290
-1040
-856
-453
-1187
-1583
-613
-189
-1813
-3911
-4514
-3954
-3685
-4338
-4563
-3565
-2802
-3881
-6237
-7538
-5817
-2423
-928
-2488
-4593
-4435
-2714
-1387
-948
-249
1157
1862
1026
335
1363
3125
3986
4112
4455
4686
3883
2730
2975
4806
6222
5800
4162
2784
2553
2814
3095
3207
3088
2417
1209
227
-137
171
775
942
454
-299
-1242
-1823
-1565
-565
418
564
-749
-1981
-1669
-460
289
436
478
331
-142
-765
-646
450
1260
888
149
-353
-744
-1081
-1056
-649
-367
-1086
-2603
-3689
-4015
-3901
-4092
-4511
-4545
-3903
-3571
-4517
-6348
-7397
-6276
-3288
-1738
-3384
-5554
-5039
-2962
-1873
-1768
-1018
661
1227
531
368
1562
2905
3564
4041
4673
4836
4096
3296
3895
5410
6227
5656
4500
3560
3261
3499
3693
3703
3174
2426
1556
617
-101
159
849
1141
996
-288
-2025
-2643
-1750
23
1180
190
-1733
-2304
-1780
-777
536
760
356
207
-321
-812
-64
999
1481
1464
582
-265
-508
-610
-513
250
417
-735
-2186
-3319
-3766
-3320
-3236
-3962
-4175
-3437
-3047
-4219
-6556
-7505
-5268
-2050
-1504
-3950
-5894
-4813
-2289
-1621
-1981
-791
991
749
-417
233
2146
3224
3181
3731
4935
4851
3337
2932
4599
6321
6402
5240
4252
3842
3621
3837
4333
4381
3501
2458
1699
1116
1244
1703
1695
815
-339
-817
-585
-692
-1094
-566
109
-570
-1944
-2345
-1326
-99
-77
-737
-656
-322
-716
-1018
-223
928
976
-24
-698
-294
-14
-495
-572
48
30
-1261
-2580
-2583
-2166
-2852
-3765
-3866
-2845
-1863
-2466
-4374
-6022
-5525
-3085
-1330
-2065
-3772
-3994
-2629
-1757
-1885
-1280
708
1897
732
-341
879
3191
3801
3019
3513
5183
5145
3148
2739
5119
7046
6140
4318
4094
4656
4144
3371
3875
4709
4012
2283
1486
1730
2063
2000
1698
1338
743
-88
-716
-459
302
854
525
-775
-1718
-1225
-164
181
-155
-317
-157
-283
-919
-1010
104
979
335
-785
-992
-617
-682
-1257
-1233
-605
-1066
-2781
-3788
-3550
-3233
-3874
-4560
-3305
-1513
-2346
-5842
-7578
-5042
-1450
-992
-3068
-4066
-2926
-2052
-2383
-1918
218
1912
1380
-308
-211
1668
2844
2610
2868
4431
5035
3357
1725
2970
5487
6110
4706
3566
3455
3121
2483
2694
3638
3907
2722
1052
349
638
1049
969
675
511
609
-102
-1726
-2235
-638
1298
1278
-800
-2452
-1866
-466
-206
-256
275
324
-718
-1895
-1505
264
871
-330
-1187
-946
-1166
-2387
-2918
-1781
-712
-1921
-4413
-5564
-5104
-4867
-4782
-3295
-1912
-3312
-7015
-8543
-5524
-1686
-1555
-3735
-3961
-2455
-2164
-3316
-2811
402
2835
2069
191
57
1251
2013
2770
4311
5630
4920
2721
1710
2964
4906
5731
5295
4270
3364
2558
2106
2325
3186
3946
3554
1702
-355
-867
122
915
996
1302
1250
-426
-2550
-2674
-282
2123
1796
-396
-1397
-957
-661
-333
696
1958
1944
120
-1600
-1001
732
1205
855
640
84
-1272
-2771
-2707
-1078
-477
-2161
-4341
-5488
-5847
-5612
-4412
-2797
-2721
-4978
-7488
-7280
-4935
-3301
-3039
-2870
-2466
-2681
-3526
-3431
-1396
1071
2104
1998
1553
1067
959
1884
3772
5410
5614
4439
3229
2818
3287
4414
5564
5676
4592
3217
2176
1849
2245
3107
3752
2996
1096
-527
-755
-54
685
895
591
-190
-973
-1242
-1235
-640
142
718
903
308
-854
-1166
-94
1474
2423
1850
410
-158
181
703
1211
1554
1224
234
-1078
-1880
-1500
-1049
-1480
-2624
-3837
-5175
-5665
-4800
-3570
-3116
-4282
-5923
-6237
-5414
-4678
-4077
-3078
-2224
-2300
-3065
-3136
-1825
-63
1132
1883
2391
2337
1930
2011
3328
4909
5587
5239
4635
4150
3862
4275
5196
5782
5424
4424
3384
2612
2407
2748
3170
3021
2041
891
22
-434
-199
541
1005
412
-847
-1655
-1125
-350
-148
18
473
688
212
-475
-313
916
1984
2096
1659
1209
767
691
1195
1918
2162
1268
-145
-866
-1046
-1096
-1376
-2079
-3267
-4576
-5185
-4672
-3810
-4215
-5451
-6020
-5633
-5393
-5478
-5039
-3788
-2888
-3161
-3560
-2775
-1471
-728
-46
1119
2041
2043
1616
2035
3291
4147
4380
4519
4605
4172
3797
4014
4625
4875
4476
3860
3045
2211
1779
2101
2273
1632
654
44
-463
-1121
-1310
-793
-475
-1380
-2468
-2458
-1037
-201
-1254
-2131
-1433
-111
540
365
-32
250
722
846
1415
2056
1586
935
1024
1342
1255
727
-108
-555
-820
-1681
-2470
-3234
-4349
-4836
-4340
-4058
-4864
-6066
-6498
-6000
-5911
-6352
-5605
-3977
-3611
-4652
-4727
-3103
-1436
-1054
-813
754
2092
1687
1083
2343
4289
4892
4466
4457
4908
4824
4268
4494
5253
5233
4481
3812
3307
2712
2292
2298
2233
1646
787
66
-700
-1394
-1362
-917
-1244
-2302
-2922
-2596
-1425
-1411
-1937
-1218
-618
-963
-1144
-382
1034
2183
1590
721
1672
2370
2102
2398
2789
2835
2503
1465
708
1019
579
-505
-996
-1732
-3066
-4001
-4447
-4376
-4161
-4975
-5697
-5618
-6307
-7269
-6470
-4634
-3747
-4249
-4946
-4296
-2680
-2011
-1534
178
1556
1445
1272
2037
3174
4073
4471
5187
5892
5329
4371
4638
5289
5408
5377
5129
4411
3289
2427
2530
2885
2338
1499
1071
209
-1087
-1571
-1316
-1152
-1561
-2510
-3051
-2895
-2093
-2038
-2035
-1252
-1000
-1223
-1208
-673
521
1751
1634
1341
2026
1952
1675
2560
2922
2868
2741
1816
972
695
-54
-542
-436
-1250
-2465
-3339
-4172
-4507
-4082
-3890
-4318
-5324
-6465
-6167
-4291
-3495
-4021
-4045
-3147
-2364
-2230
-2024
-543
1242
1476
1312
2045
2899
3115
3604
4577
5423
5619
4853
4488
4787
4951
5037
5088
4533
3782
3333
2896
2429
2260
2116
1843
1046
4
-559
-770
-1129
-1274
-1166
-1545
-2131
-1716
-1112
-1858
-1804
-657
-54
460
54
-482
718
1949
1734
2220
2683
1783
1941
2376
1905
2473
2402
918
474
144
-772
-840
-1439
-2691
-2659
-2933
-3782
-3606
-3766
-5168
-5553
-4859
-4103
-3417
-4016
-4723
-3591
-2468
-2423
-1661
-658
-306
257
841
1262
2018
2512
2915
3840
4047
3603
3982
4078
3582
3822
4168
3883
3207
2461
2311
2615
1975
1216
1341
1052
-32
-623
-760
-945
-1099
-1682
-2113
-2053
-2304
-2577
-1414
-849
-1935
-2518
-1439
298
762
-293
-831
787
2126
1539
1235
1666
1754
1700
1559
1457
1432
807
-399
-411
-317
-1107
-1788
-2558
-3233
-3149
-2866
-3288
-4169
-5283
-5408
-3994
-3301
-4010
-4197
-3514
-3131
-3054
-2490
-1430
-441
-479
-387
699
1412
1257
1606
2617
3295
3406
3132
3120
3357
3444
3420
3498
3259
2763
2361
1815
1503
1543
1290
735
332
-118
-742
-1096
-1180
-1181
-1300
-1638
-1635
-1509
-1848
-2065
-1632
-1109
-810
-528
-261
278
786
629
783
1413
1844
2207
2337
1859
1522
1727
1643
1596
1246
160
-259
-179
-851
-1655
-2134
-2583
-2466
-2320
-2923
-3672
-4312
-4616
-3772
-2711
-2768
-3208
-3199
-2893
-2216
-1413
-808
-104
491
535
749
1246
1723
2412
3020
3186
3390
3360
2866
2763
3171
3435
3322
2784
2187
1820
1360
923
998
1022
409
-296
-856
-1284
-1445
-1520
-1595
-1511
-1631
-2062
-2031
-1834
-1726
-1343
-861
-659
-466
-350
-114
651
1337
1514
1890
2323
2336
2342
2358
2338
2524
2513
2152
1676
943
190
-41
-190
-672
-1386
-2193
-2732
-2718
-2714
-3147
-3926
-4460
-4197
-3485
-3218
-3421
-3339
-2939
-2439
-1812
-1157
-565
-46
537
1155
1721
2207
2741
3226
3484
3762
4121
4135
3853
3742
3853
3823
3466
2979
2573
2149
1790
1371
1085
782
184
-418
-959
-1266
-1452
-1756
-2091
-2176
-2159
-2210
-2214
-1901
-1455
-1300
-1243
-851
-354
77
497
995
1656
2064
2273
2534
2773
3039
3437
3753
3742
3314
2714
2293
2147
1877
1358
709
-113
-966
-1671
-2115
-2261
-2182
-2396
-3312
-4428
-4857
-4348
-3515
-3106
-3147
-3229
-3236
-2954
-2235
-1317
-409
305
764
907
1163
1741
2387
3025
3678
4182
4187
3703
3312
3405
3732
3892
3708
3154
2368
1588
932
698
658
366
-307
-1213
-1983
-2414
-2649
-2675
-2531
-2469
-2740
-3140
-3287
-3245
-2880
-2281
-1332
-135
-334
-1189
-1306
-436
1381
2725
2718
2356
2163
1749
2161
3134
3449
3851
3386
1966
1118
913
885
912
326
-982
-1861
-2735
-3515
-3228
-2659
-3121
-4307
-5172
-5229
-4597
-4173
-4050
-3638
-3298
-3166
-2807
-2297
-1658
-587
334
798
1342
1756
1960
2273
2870
3619
4196
4033
3520
3266
3133
3106
3184
2948
2418
1947
1154
332
-32
-355
-669
-1020
-1560
-2169
-2740
-3204
-3344
-3037
-2820
-2839
-3048
-3344
-3244
-2792
-2161
-1268
-586
-500
-467
-138
566
1396
2032
2550
2966
3027
2855
2871
3050
3377
3698
3557
3092
2553
1953
1512
1264
948
389
-479
-1551
-2467
-3202
-3669
-3693
-3275
-2994
-3873
-5452
-6071
-5186
-3860
-2855
-2484
-2688
-2940
-2699
-1870
-633
729
1755
2150
2183
2256
2676
3227
3769
4464
4979
4762
3930
3172
2848
3017
3227
3039
2334
1297
204
-655
-1028
-1010
-974
-1400
-2229
-3004
-3532
-3775
-3615
-3179
-2807
-2720
-2876
-3145
-3038
-2472
-1638
-817
-209
23
-11
80
596
2211
3246
3130
2936
2737
3123
3611
3665
3805
4125
3517
2757
2483
1888
1890
1895
1193
718
69
-930
-1631
-1996
-2255
-2225
-2801
-4009
-4883
-5232
-4919
-3683
-2470
-2814
-4085
-4824
-4204
-2165
-434
79
169
256
419
992
1899
2835
3953
4498
4205
3875
3624
3453
3657
3985
4267
4239
3121
1722
894
781
1167
1194
566
-469
-1365
-2298
-2710
-2449
-2099
-2004
-2174
-2596
-2996
-2960
-2709
-2122
-1255
-684
-596
-730
-776
-323
622
1440
2099
2385
2282
2134
2079
2360
2996
3656
4060
4110
3018
1950
1754
2185
2963
2935
2039
1076
152
-455
-155
109
-101
-367
-1177
-1898
-2158
-2349
-2162
-1829
-1749
-1923
-2280
-2852
-3270
-3419
-3046
-1636
118
421
-1241
-2737
-2521
-740
1372
2317
1919
1019
367
292
1028
2109
2905
3187
2502
1521
1008
847
822
1146
1611
1752
1071
-312
-1360
-1431
-712
-92
-119
-705
-1565
-2446
-2970
-2469
-1392
-791
-908
-1345
-1797
-1891
-1601
-1012
-130
595
555
164
-119
-147
264
915
1557
1865
1559
803
217
174
568
1044
1243
990
297
-291
-426
35
470
341
-11
-402
-536
-518
-509
-394
-188
-251
-433
-477
-785
-826
-706
-656
-442
-430
-671
-1027
-1354
-1483
-1306
-1125
-1407
-2170
-2640
-1553
52
-160
-1882
-2653
-1856
-833
-161
215
307
-136
-708
-483
405
1168
1463
1329
993
994
1143
1102
989
1191
1564
1618
1192
548
153
72
219
412
391
134
-335
-1018
-1448
-1011
-410
-463
-807
-1063
-1175
-1235
-1239
-997
-459
-162
-363
-580
-533
-314
-163
77
456
779
749
375
177
348
630
819
961
893
619
314
176
408
1001
1588
1120
256
-296
-204
570
936
725
342
17
-529
-498
-314
-210
41
-320
-639
-765
-817
-976
-1019
-866
-723
-569
-893
-1324
-1552
-1590
-1577
-1601
-1142
-116
519
-319
-1466
-1503
-591
481
1131
1445
1154
510
53
408
1258
1947
2250
1872
1342
1002
902
749
784
1102
1335
1040
217
-542
-893
-795
-550
-306
-313
-662
-1236
-1840
-1791
-1182
-609
-475
-476
-546
-764
-796
-637
-68
536
905
1029
877
763
672
827
1200
1619
1802
1509
958
540
508
620
913
1007
836
650
720
766
461
259
180
559
976
887
445
112
-119
-131
492
832
741
476
-154
-274
8
200
340
285
111
-44
-197
-419
-364
-396
-572
-662
-984
-738
243
616
-256
-1140
-1068
-235
489
689
786
609
67
-199
271
879
1289
1357
886
637
727
666
490
515
718
890
715
192
-192
-396
-479
-250
-17
28
-217
-680
-1152
-988
-515
-357
-340
-295
-361
-508
-639
-576
-129
278
313
324
276
184
57
28
187
529
724
509
259
104
134
118
236
437
487
454
412
627
398
-17
-160
57
612
817
468
48
-142
-308
-54
110
42
121
-115
-492
-798
-835
-750
-657
-649
-820
-1004
-1332
-1558
-1748
-1848
-1790
-1903
-2052
-1874
-935
-518
-1177
-1988
-1912
-1032
-296
125
369
463
-32
-345
25
678
1280
1329
1009
706
651
474
269
288
441
610
355
-139
-605
-808
-784
-678
-468
-375
-505
-939
-1392
-1463
-1041
-612
-401
-341
-340
-399
-536
-481
-142
298
581
586
567
554
480
396
570
915
1097
975
645
432
284
275
319
490
680
998
1177
490
-99
-378
-68
599
842
606
271
-159
-662
-471
-291
10
154
-282
-561
-690
-732
-826
-759
-655
-439
-445
-837
-1083
-1280
-1201
-1149
-1295
-1630
-1392
-279
275
-285
-1302
-1580
-946
-18
626
1067
1124
401
-168
15
722
1505
1742
1399
1050
870
574
385
364
574
793
650
155
-393
-770
-1067
-987
-611
-210
-153
-630
-1274
-1466
-1158
-688
-186
88
182
30
-275
-316
116
690
1114
1206
1112
970
705
466
533
894
1139
1023
650
235
-109
-257
-142
454
1296
931
-40
-705
-744
-18
440
468
496
325
-254
-312
-293
-101
428
230
238
305
203
55
-151
-302
-165
214
74
-229
-561
-975
-1453
-1695
-1658
-813
625
867
-347
-1557
-1496
-639
383
1104
1666
1672
633
-154
73
957
1859
2245
2073
1685
1294
620
274
402
844
1333
1280
717
0
-653
-995
-635
-17
403
532
-12
-746
-1044
-803
-328
220
620
747
554
0
-321
-35
484
909
1238
1218
926
468
-7
-2
435
784
826
639
329
59
236
824
791
603
303
285
737
730
472
521
582
350
478
219
191
429
11
-166
-66
-183
-525
-756
-1101
-1211
-1246
-1719
-1968
-2420
-3026
-3059
-2307
-1142
-369
-867
-2125
-2281
-1473
-466
456
1269
1390
745
170
347
1110
1710
2042
2070
1809
1365
1029
539
71
213
469
455
60
-626
-1414
-1939
-2040
-1713
-1230
-1111
-1353
-1933
-2312
-2092
-1632
-1123
-644
-124
-76
-329
-408
-230
155
467
761
1039
1178
888
449
199
293
1050
1496
1304
910
226
-216
-94
238
595
830
458
1
-182
-467
-307
-140
-180
-47
20
-134
-434
-829
-1279
-1197
-884
-931
-1058
-1612
-2338
-2758
-3126
-3066
-2205
-1399
-821
-664
-1485
-2247
-1928
-820
370
1443
2025
1838
1036
468
909
1762
2422
2873
2856
2095
1262
679
229
205
597
782
380
-346
-1184
-1891
-2307
-2238
-1598
-1169
-1121
-1406
-1978
-2300
-1957
-1272
-597
200
640
542
269
168
403
903
1522
2004
2201
1874
1298
896
1238
1825
2003
1839
1427
1104
811
378
333
602
493
356
271
-216
-556
-786
-991
-759
-431
-482
-589
-995
-1667
-1777
-1818
-2038
-1991
-2297
-2762
-2754
-2739
-2540
-1921
-1328
-807
-649
-972
-946
-128
535
1238
2184
2503
2077
1796
1945
2253
2527
2613
2697
2397
1629
1104
709
58
-179
-96
-456
-837
-1219
-1875
-2396
-2493
-2288
-1933
-1600
-1391
-1361
-1515
-1406
-784
-200
324
938
1455
1530
1533
1679
1812
2093
2354
2504
2513
2204
2054
2363
2162
1717
1435
1099
1264
1458
1137
748
749
307
60
228
184
238
21
-389
-416
-341
-540
-676
-916
-1315
-1522
-2035
-2726
-2732
-2569
-2780
-2746
-2533
-2081
-1197
-663
-664
-752
-618
157
1272
2152
2850
3057
2514
2227
2793
3323
3375
3296
2992
2402
1865
1394
900
393
-103
-343
-651
-1097
-1428
-1852
-2500
-2632
-2151
-1739
-1526
-1404
-1301
-1198
-978
-437
199
717
1191
1510
1620
1705
1857
1800
1696
1878
2003
2157
2611
2467
1637
915
504
821
1355
1245
999
498
-431
-696
-488
-301
116
263
-180
-447
-779
-1336
-1609
-1782
-1851
-1900
-2327
-3095
-3776
-4307
-4388
-3896
-3290
-2611
-1686
-1251
-1840
-2462
-2077
-654
822
1944
2607
2573
1878
1408
1833
2416
2781
3030
2911
2157
1131
402
-179
-627
-734
-602
-748
-1374
-2025
-2656
-3241
-3188
-2410
-1630
-1199
-985
-1065
-1254
-1115
-439
441
1160
1705
1976
1762
1340
1187
1246
1306
1513
2141
2724
2307
1090
114
-108
305
874
1030
913
464
-369
-814
-737
-387
-7
124
-16
-282
-724
-1386
-1783
-1819
-1794
-1848
-2252
-2896
-3475
-3933
-4195
-4021
-3206
-2156
-1237
-803
-1023
-1648
-1717
-720
1067
2614
3117
2970
2457
1911
1815
2319
2848
3028
2773
2143
1393
404
-499
-979
-1079
-1004
-851
-1015
-1661
-2477
-3067
-2953
-2208
-1181
-384
-93
-100
-266
-108
435
1265
2105
2642
2832
2745
2338
1783
1468
1536
2211
2933
2884
2105
1128
293
-123
108
559
949
917
285
-426
-852
-1040
-873
-426
-156
-228
-474
-1067
-1788
-2290
-2677
-2722
-2505
-2537
-2826
-3428
-4126
-4403
-3870
-2615
-1049
155
237
-622
-1181
-486
1221
2733
3359
3628
3481
2779
2216
2287
2553
2485
2243
2015
1656
600
-727
-1582
-1995
-1983
-1515
-1168
-1450
-2145
-2709
-2787
-2307
-1413
-266
541
865
1054
1255
1536
1927
2517
3165
3682
3840
3506
2846
2384
2531
2814
2798
2704
2494
1695
855
320
205
662
640
424
353
-117
-764
-1017
-1171
-1051
-735
-738
-736
-1127
-2150
-3004
-3310
-3223
-2932
-2878
-3014
-3248
-3676
-3465
-2197
-556
605
860
546
401
972
2148
3381
3941
3842
3772
3543
3038
2678
2435
1991
1456
1070
790
214
-941
-2055
-2683
-2811
-2571
-2130
-1899
-2141
-2475
-2398
-1834
-1039
-45
899
1512
1852
2197
2621
2828
2938
3253
3721
3909
3651
3249
3019
2743
2292
2102
2046
1621
1036
366
-60
-197
-474
-772
-836
-895
-1090
-1270
-1493
-1527
-1535
-1683
-1567
-1452
-1793
-2478
-3368
-3954
-3885
-3999
-4093
-3918
-3982
-4138
-3791
-2873
-1325
198
402
-160
-124
736
2261
3370
3580
3725
3729
3056
2517
2573
2427
1671
823
468
295
-603
-1977
-2893
-3361
-3653
-3508
-3043
-2874
-3133
-3392
-3191
-2463
-1467
-366
666
1248
1529
2067
2597
2887
3131
3520
3857
3847
3663
3672
3588
3082
2444
1915
1649
1449
1056
646
257
-230
-769
-1051
-1026
-981
-1146
-1564
-1652
-1577
-1841
-2041
-2025
-2173
-2569
-3084
-3733
-3819
-3935
-4531
-4630
-4256
-3987
-3765
-3372
-2352
-448
866
629
71
321
1747
3348
4019
4236
4572
4100
2779
2356
2819
2835
1827
819
529
123
-1266
-2645
-2994
-3211
-3479
-3236
-2656
-2568
-2998
-3228
-2670
-1547
-448
674
1594
1912
2015
2471
3140
3545
3804
4049
4088
3937
3855
3986
3974
3197
1902
1290
1319
1316
1036
454
-116
-572
-1113
-1370
-936
-780
-1201
-1456
-1324
-1287
-1499
-1949
-2210
-2063
-2407
-3123
-3628
-3903
-4301
-5016
-4777
-3660
-3340
-3782
-3577
-2099
-31
1189
960
713
1182
2218
3616
4549
4767
4728
3985
2845
2667
3052
2653
1402
368
17
-458
-1714
-2876
-3284
-3537
-3899
-3643
-2925
-2590
-2883
-3070
-2252
-908
203
1198
2134
2586
2735
3189
3921
4386
4508
4546
4616
4836
5034
5027
4256
2838
1750
1470
1714
1686
1045
103
-626
-1148
-1272
-987
-697
-952
-1610
-1362
-993
-812
-1103
-1564
-1638
-1833
-2299
-3015
-3560
-3836
-4241
-4844
-4168
-2892
-2859
-3672
-3702
-2203
69
1550
1794
1697
2060
3138
4326
5021
5167
5061
4468
3720
3800
4089
3394
1675
143
-314
-622
-1640
-2675
-3107
-3531
-4138
-4128
-3379
-2914
-3189
-3281
-2218
-659
391
1077
1890
2581
2933
3519
4418
4870
4645
4183
4445
5240
5807
5404
3908
2313
1351
1222
1565
1642
854
-265
-1176
-1665
-1553
-1499
-1598
-1648
-1754
-1675
-1350
-1629
-2297
-2678
-2705
-2341
-2195
-2780
-3770
-4694
-5341
-5592
-5171
-4213
-3632
-3959
-4211
-2988
-513
1250
1136
323
841
2680
4203
4664
4859
4906
4077
2909
2892
3743
3272
1226
-232
-242
-546
-2113
-3487
-3721
-3957
-4729
-4646
-3528
-2936
-3642
-3998
-2721
-926
-1
574
1614
2425
2594
3000
4135
4834
4364
3847
4506
5697
5860
4685
3127
1974
1195
1030
1504
1599
478
-1122
-1905
-1762
-1563
-1775
-1949
-1756
-1704
-1745
-1430
-1376
-1920
-2590
-2617
-1885
-1779
-2729
-3884
-4671
-5309
-5732
-5618
-4766
-4066
-4410
-4314
-2758
-542
856
860
466
1090
2739
4337
5341
5434
5066
4464
3877
3744
3992
3550
1925
391
-196
-478
-1474
-2914
-3743
-3942
-4205
-4419
-3924
-3418
-3608
-3733
-2662
-787
447
864
1446
2456
3127
3581
4357
5160
5129
4404
4717
5986
6467
5281
3463
2296
1736
1446
1491
1585
751
-790
-1833
-1756
-1432
-1783
-2185
-2002
-1544
-1371
-1225
-1200
-1595
-2146
-2138
-1446
-1209
-2141
-3530
-4343
-4691
-5234
-6022
-6205
-5424
-4711
-4423
-3881
-2568
-485
933
846
435
1534
3702
5162
5355
5328
5871
5605
4316
3757
4350
3836
1656
3
53
-85
-1942
-3757
-3884
-3665
-4545
-5148
-4180
-3202
-3534
-3745
-2124
10
633
675
1832
3397
3828
3898
4838
5842
5336
4434
5364
6914
6677
4588
3054
2635
2173
1535
1576
1719
491
-1271
-1769
-1072
-1107
-2004
-2185
-1369
-789
-815
-827
-650
-870
-1674
-1424
-293
-284
-1833
-3486
-3930
-4074
-5030
-6007
-6196
-5687
-5427
-4877
-3451
-1575
-44
463
130
371
2049
4109
5402
5627
5922
6480
6120
4943
4404
4455
3470
1592
750
986
198
-2190
-3933
-3919
-3858
-4665
-4936
-3921
-3160
-3511
-3286
-1386
353
556
705
2320
3971
4296
4392
5333
5967
5111
4495
5873
7046
5914
3676
2595
2336
1613
798
811
721
-680
-2122
-2015
-1269
-1691
-2642
-2428
-1383
-930
-1182
-1037
-705
-1161
-1788
-1225
-253
-773
-2485
-3873
-3717
-3884
-5249
-6550
-7026
-6921
-6371
-5312
-3835
-2301
-1130
-301
-106
13
1092
3229
4831
5131
5419
6213
6156
4653
3419
3397
2936
1241
38
231
-176
-2455
-4729
-5070
-4695
-5348
-5912
-4816
-3457
-3382
-3397
-1889
-62
320
415
1980
4153
4836
4646
5160
5905
5290
4416
5493
6824
5902
3529
2286
2046
1222
-7
-390
-242
-1183
-2537
-2539
-1787
-2157
-3207
-2981
-1677
-843
-979
-988
-394
-435
-1082
-733
186
-161
-1920
-3353
-3299
-3308
-4700
-6470
-7605
-7786
-7197
-6013
-4359
-2964
-1615
-575
-225
-347
504
2596
4442
5188
5809
7024
7208
5602
3904
3710
3435
1980
708
849
602
-1619
-4066
-4740
-4570
-5436
-6298
-5243
-3503
-3135
-3333
-2191
-400
85
103
1681
4176
5277
5057
5404
6337
6010
4829
5392
6955
6616
4455
2980
2656
1795
224
-526
-230
-769
-2197
-2467
-1681
-1834
-2960
-3168
-1986
-924
-943
-959
-246
82
-498
-594
303
358
-1107
-2564
-2640
-2639
-4297
-6193
-7232
-7829
-7878
-6981
-5176
-3634
-2806
-1524
-17
252
-202
960
3604
5339
5804
6629
7684
7175
4976
3793
4074
3404
1553
619
941
35
-2599
-4529
-4613
-4858
-6124
-6157
-4357
-3000
-3195
-3047
-1421
33
108
755
3079
5044
5255
5186
6182
6754
5651
5164
6530
7506
6030
3908
3318
2883
1373
-90
-42
135
-1016
-2124
-1632
-1195
-2265
-3165
-2420
-917
-435
-612
-260
603
440
-224
149
837
221
-1363
-2094
-2166
-3042
-4944
-6591
-7537
-8094
-7702
-6294
-4283
-2925
-1828
-451
456
203
341
1703
4739
6258
6826
8235
8320
6884
4770
4142
3780
2686
1599
1252
1232
-386
-2830
-4483
-4992
-5868
-6612
-5592
-3575
-2747
-2848
-2071
-786
-254
-68
1335
3580
4945
5383
6058
6819
6313
5195
5569
6807
6594
4924
3793
3360
2375
692
-205
-215
-837
-1946
-1916
-1227
-1664
-2690
-2965
-2069
-1259
-1165
-881
-179
40
-473
-513
61
-170
-1345
-2254
-2348
-2637
-3909
-5823
-7272
-8594
-9454
-8416
-6314
-4402
-3230
-1790
-379
-50
-650
31
2264
4067
5195
6625
8136
7777
5869
4125
3609
2764
1303
859
1317
775
-1507
-3474
-4392
-5365
-6725
-6921
-5311
-3732
-3298
-2879
-1763
-844
-829
-484
1205
3085
3955
4546
5611
6212
5540
4789
5500
6297
5500
3969
3322
2976
1897
569
72
-77
-1038
-1975
-1764
-1357
-1909
-2604
-2373
-1453
-1006
-1004
-685
-252
-290
-518
-338
-10
-346
-1355
-2202
-2521
-3497
-4970
-6070
-7385
-9128
-9902
-8582
-6110
-4080
-3058
-1566
-109
-40
-552
504
2590
4179
5268
6832
8644
8308
6113
4290
3723
2940
1644
1198
1512
923
-1225
-3093
-3850
-4653
-6047
-6342
-4965
-3387
-2840
-2621
-1579
-522
-282
57
1504
3152
3855
4198
4995
5942
5718
5242
5812
6241
5525
4179
3314
2883
2082
935
680
660
-150
-1054
-1390
-1457
-1944
-2328
-2054
-1118
-616
-724
-583
-481
-619
-817
-710
-540
-453
-909
-1925
-2593
-3566
-4879
-6245
-7522
-8460
-8874
-8469
-6750
-4198
-2281
-1240
-477
183
260
505
1791
3819
5626
6540
7492
7878
6762
4740
3251
2768
2272
1610
1155
846
-398
-2425
-3733
-4302
-4863
-5323
-4897
-3658
-2644
-2297
-1768
-808
-83
334
1082
2347
3375
3888
4397
5127
5541
5650
5939
6244
5951
4943
3916
3415
2947
2164
1639
1409
1004
291
-342
-866
-1417
-1736
-1578
-1033
-441
-235
-282
-464
-777
-999
-943
-794
-744
-928
-1246
-1774
-2810
-4066
-5342
-6614
-7543
-8468
-8527
-7057
-4700
-2580
-1196
-74
706
552
240
1192
3154
4884
5827
7110
8035
7268
5446
3766
3275
2703
1943
1748
1712
893
-1002
-2432
-3059
-3707
-4620
-4793
-3800
-2742
-2304
-1811
-1100
-605
-456
-160
937
1985
2723
3257
4031
4731
4865
5092
5459
5633
5112
4229
3826
3585
2946
2427
2173
1871
1322
459
-262
-965
-1573
-1839
-1588
-1212
-1153
-1206
-1460
-1703
-1942
-1936
-1851
-1961
-1880
-2002
-2232
-2803
-3659
-4556
-5845
-7016
-7927
-8755
-8432
-6609
-4145
-2079
-836
-193
58
-567
-766
371
2374
4008
4975
6221
6689
5819
4129
2763
2189
1473
1142
1390
1651
1002
-444
-1500
-2471
-3515
-4465
-4379
-3279
-2352
-1883
-1447
-1113
-1081
-1311
-1245
-392
552
1321
2015
2907
3528
3821
3993
4410
4908
4464
3744
3646
3650
3450
3191
2972
2844
1983
707
-30
-559
-1108
-1564
-1466
-1402
-1536
-1620
-1900
-2035
-2253
-2484
-2664
-2737
-2649
-2575
-2661
-3072
-3458
-4196
-5500
-6550
-7293
-7503
-6955
-5277
-2995
-1188
-246
-145
-191
-807
-1004
-83
1439
3257
4446
5559
5999
5228
3822
2476
2048
1531
1483
1853
2308
2160
1245
381
-722
-1914
-2936
-3038
-2403
-1523
-857
-376
-404
-895
-1423
-1709
-1388
-853
-118
681
1559
2286
2946
3388
3620
3783
3599
3494
3797
4205
4502
4546
4229
3864
3117
2006
1148
456
-159
-660
-923
-1062
-1365
-1423
-1320
-1805
-2519
-3044
-3208
-2915
-2399
-2328
-2365
-2868
-3193
-3481
-4208
-4789
-5423
-6201
-6825
-6061
-4073
-2036
-855
-761
-994
-1403
-1869
-1327
-94
1306
2127
2817
4124
5087
5016
3940
2934
2361
2074
2593
3529
4222
3833
2682
1797
1077
307
-643
-1255
-1319
-1160
-858
-524
-517
-1177
-2128
-2811
-2755
-2189
-1660
-1211
-455
848
2026
2781
3423
3655
3299
3312
4039
5167
5903
5899
5800
5557
5015
4137
3215
2194
1139
542
477
387
-175
-935
-1588
-2126
-2463
-2646
-2811
-3021
-3002
-2632
-2310
-2364
-2527
-2974
-3817
-4621
-5054
-5324
-5732
-5498
-4400
-2848
-1904
-1851
-1718
-1947
-2281
-2136
-1346
55
905
1565
2773
3884
4121
3568
3165
3097
3055
3457
4246
4955
4911
4390
3950
3378
2648
1559
616
184
50
99
-39
-400
-1040
-1982
-2846
-3278
-3394
-3446
-3458
-2857
-1528
-319
346
944
1312
1280
1432
2103
3121
3867
4138
4664
5063
4861
4330
3628
2845
2120
1699
1654
1602
1276
786
322
-358
-1158
-1703
-2266
-2739
-2834
-2568
-2508
-2788
-3116
-3725
-4356
-5193
-5933
-6355
-6851
-7094
-6621
-5390
-4364
-4083
-4192
-4074
-4021
-4196
-3987
-3008
-1843
-1098
-138
1141
2054
2045
2036
2679
3356
3628
3983
4718
5448
5779
5627
5189
4637
3989
3152
2364
1948
1663
1221
693
284
-362
-1510
-2517
-2999
-3212
-3606
-3630
-2791
-1795
-1150
-880
-611
-510
-532
-108
684
1439
1962
2741
3546
3863
3688
3214
2785
2406
2438
2706
2755
2397
1994
1673
1187
486
-267
-949
-1521
-1875
-2033
-2292
-2819
-3401
-4009
-4653
-5470
-6455
-7248
-7701
-7532
-6563
-5753
-5293
-5152
-5107
-4880
-4765
-4486
-3939
-3104
-2010
-715
785
2026
2715
3079
3401
3794
4193
4687
5427
6085
6524
6778
6794
6484
5759
4802
3807
3060
2584
2217
1786
1200
483
-388
-1281
-2125
-2854
-3283
-3330
-2901
-2170
-1560
-1388
-1322
-1209
-1095
-811
-443
183
1018
1801
2553
3058
3179
2901
2558
2449
2568
2684
2558
2449
2304
2086
1572
848
53
-746
-1465
-2101
-2397
-2602
-3097
-3751
-4363
-4977
-5868
-6921
-7450
-7274
-6625
-5907
-5303
-4720
-4503
-4582
-4483
-4290
-3718
-3047
-2260
-909
671
1987
2709
3103
3508
3894
4118
4487
5197
5796
6224
6641
6884
6817
6249
5168
4284
3625
3036
2572
2205
1860
1286
532
-252
-968
-1646
-2307
-2497
-1983
-1377
-981
-782
-631
-377
-351
-284
135
638
1091
1783
2460
2898
3077
3050
2823
2595
2453
2377
2289
2055
1839
1519
1041
382
-249
-1010
-1916
-2570
-3152
-3479
-3950
-4604
-5093
-5689
-6378
-6519
-5975
-5455
-5290
-4972
-4387
-3964
-3674
-3368
-3034
-2631
-1946
-814
324
1343
2085
2564
3048
3610
4084
4344
4608
5063
5474
5801
6025
6042
5686
5006
4291
3817
3356
2688
2013
1546
1159
651
52
-564
-1118
-1619
-1887
-1664
-1452
-1424
-1254
-949
-667
-456
-378
-161
277
624
1180
1778
2046
2148
2235
2295
2275
2162
1937
1676
1344
1127
857
321
-355
-1041
-1661
-2305
-2966
-3546
-4192
-4882
-5411
-6092
-6635
-7200
-7434
-6832
-6107
-5410
-5088
-4905
-4610
-4327
-3855
-3315
-2811
-2072
-1089
275
1436
2104
2471
2688
3173
3530
3847
4174
4559
5080
5390
5740
5772
5387
4590
3700
3209
2882
2463
1952
1515
1132
574
-113
-654
-1188
-1832
-2178
-1847
-1315
-1165
-1115
-966
-726
-529
-335
65
499
849
1401
2037
2409
2482
2468
2300
2139
2099
2059
1839
1499
1233
953
468
-220
-897
-1725
-2531
-3145
-3663
-4229
-4855
-5491
-5983
-6538
-7205
-7190
-6834
-6231
-5602
-5193
-4557
-4195
-3815
-3252
-2892
-2237
-1606
-703
479
1556
2447
2779
3074
3444
3869
4213
4250
4576
4989
5388
5711
5713
5447
4752
4101
3676
3253
2729
2109
1778
1527
1123
601
69
-458
-1039
-1409
-1398
-1341
-1247
-1152
-925
-650
-460
-219
-27
186
571
1118
1607
2003
2301
2367
2363
2326
2234
2051
1668
1289
1050
821
348
-178
-835
-1676
-2415
-3266
-3906
-4526
-5489
-6018
-6235
-6701
-6701
-6540
-6051
-5549
-5462
-5009
-4605
-4253
-3609
-2805
-2090
-1466
-379
728
1608
2196
2434
2980
3458
3843
4299
4389
4668
5078
5366
5478
5169
4835
4469
4054
3807
3522
3292
2821
2476
2258
1904
1443
872
661
234
-208
-155
-215
-246
-383
-455
-235
-125
-29
199
361
690
1083
1491
1736
1859
1925
2038
2040
1893
1937
1805
1507
1260
941
443
-205
-762
-1294
-1839
-2547
-3297
-3835
-4619
-5236
-5833
-6431
-6430
-6101
-5411
-4972
-4987
-4837
-4542
-4143
-3617
-2897
-2274
-1602
-463
862
2175
2782
2886
3081
3467
4025
4492
4668
4807
5138
5584
5795
5472
4807
4074
3400
3073
2991
2768
2230
1784
1686
1614
1204
579
221
-201
-519
-328
-143
-121
-362
-374
-48
83
26
-2
64
202
595
1085
1326
1255
1187
1269
1403
1289
1192
967
608
619
649
316
-466
-1286
-1936
-2553
-3150
-3555
-4101
-4998
-5332
-5617
-6193
-6690
-6725
-6038
-5653
-5514
-5434
-5209
-4704
-4124
-3334
-2932
-2624
-1758
-522
949
1801
2222
2609
3148
3919
4383
4516
4345
4449
5056
5488
5502
4934
4160
3552
3108
2865
2346
1530
987
994
1166
875
426
-15
-568
-834
-771
-578
-646
-740
-494
-134
130
94
126
113
103
523
1010
1227
1284
1343
1440
1427
1348
1107
696
256
96
277
131
-437
-1042
-1649
-2412
-2863
-3285
-4015
-4771
-5161
-5288
-5578
-5997
-5984
-5115
-4813
-4744
-4810
-4976
-4610
-4182
-3331
-2647
-2467
-1845
-633
814
1595
1769
1852
2161
3235
4238
4729
4665
4594
5328
5815
5894
5422
4549
3914
3655
3928
3665
2596
1762
1545
1705
1344
803
141
-563
-760
-587
-218
-415
-828
-694
-338
-10
6
-106
-238
-170
413
1006
1260
1155
1172
1418
1457
1551
1330
863
581
459
581
443
-162
-739
-1240
-1786
-2251
-2696
-3355
-4133
-4606
-4693
-5057
-5855
-6124
-5533
-4943
-4581
-4542
-4797
-4747
-4254
-3533
-2907
-2660
-2354
-1594
-346
1043
1661
1708
1748
2322
3354
4116
4481
4422
4650
5267
5910
6159
5485
4582
3992
4060
4320
3955
3163
2394
2283
2327
2089
1410
428
-222
-415
-14
289
-80
-481
-515
-143
199
136
-196
-430
-190
525
1152
1330
1129
1061
1023
1349
1628
1302
876
486
668
926
725
-72
-912
-1303
-1548
-1700
-2065
-2743
-3656
-4216
-4148
-4404
-4915
-5049
-4598
-4079
-3780
-3780
-4089
-4109
-3782
-2935
-2252
-2069
-1715
-919
352
1267
1601
1512
1553
2309
3191
4007
4207
4091
4416
5022
5649
5574
4830
4093
3850
4276
4457
3972
3250
2830
2884
2873
2533
1562
437
-135
51
512
362
-232
-669
-614
-260
-233
-517
-1005
-1146
-602
140
499
250
11
10
188
437
335
-92
-519
-433
52
101
-317
-998
-1446
-1838
-2044
-2161
-2536
-3095
-3602
-3677
-3904
-4612
-5154
-4928
-4323
-3930
-3770
-3978
-4152
-3932
-3489
-2881
-2592
-2653
-2243
-1403
-235
568
626
546
737
1445
2095
2620
2828
2807
3205
3818
4439
4361
3654
3077
2956
3363
3566
3312
2832
2633
2740
2710
2520
1695
728
286
376
711
560
107
-237
-297
-270
-373
-662
-1132
-1286
-999
-438
-210
-317
-385
-583
-637
-405
-518
-904
-1019
-794
-501
-442
-606
-930
-1427
-1726
-1845
-2186
-2463
-2575
-2550
-2715
-3032
-3393
-3864
-4217
-3993
-3197
-2787
-2864
-3131
-3085
-2752
-2506
-2039
-1862
-1999
-1681
-903
147
646
651
581
622
1197
1821
2296
2370
2287
2604
3051
3578
3600
3191
2746
2532
2866
3134
3230
3091
2927
2855
2661
2506
2080
1575
1152
1132
1331
1241
1139
859
499
244
9
-215
-379
-354
-205
-120
-168
-257
-419
-681
-845
-948
-1188
-1261
-1066
-890
-942
-1051
-1208
-1487
-1663
-1709
-1875
-2086
-2130
-2015
-1748
-1830
-2324
-2684
-2910
-3099
-3134
-2711
-2154
-1977
-1872
-1755
-1708
-1825
-1867
-1566
-1446
-1286
-849
-352
267
626
765
606
464
587
788
1307
1572
1779
1999
2153
2444
2516
2389
2035
1801
1955
2309
2836
3077
3071
2842
2489
2298
2135
1966
1799
1851
1948
1956
1993
1774
1400
1015
588
481
487
496
610
518
431
111
-242
-513
-650
-813
-1019
-757
-704
-700
-750
-826
-870
-1235
-1528
-1638
-1564
-1408
-1111
-907
-1041
-1183
-1402
-1474
-1597
-1681
-1741
-1708
-1492
-1229
-829
-617
-588
-676
-877
-1034
-1092
-976
-632
-350
-122
68
175
183
139
53
-43
-30
104
495
933
1199
1406
1477
1411
1374
1342
1341
1412
1699
2153
2506
2673
2703
2552
2225
1946
1747
1738
1726
1737
1854
1891
1728
1396
1041
749
462
466
479
393
358
200
35
-164
-442
-722
-977
-1262
-1306
-1297
-1342
-1123
-1039
-1195
-1445
-1635
-1756
-1276
-993
-1376
-1396
-1055
-1017
-1506
-1357
-1054
-1147
-1108
-811
-792
-1172
-1192
-1015
-1068
-1165
-1094
-1217
-1303
-1303
-1236
-1183
-1206
-1131
-1401
-1737
-1769
-1723
-1629
-1507
-1283
-1102
-1071
-916
-712
-519
-380
-201
-30
72
367
649
1024
1264
1474
1687
1705
1729
1788
1815
1746
1803
1947
1922
1728
1533
1320
1109
955
863
796
663
597
493
460
376
186
38
-179
-474
-813
-834
-684
-582
-628
-772
-759
-742
-740
-863
-885
-978
-757
-427
-387
-431
-514
-622
-574
-367
-75
35
-14
-70
-96
-96
-11
44
10
-68
-369
-490
-546
-669
-793
-907
-1008
-1313
-1630
-1869
-1944
-1988
-1980
-1845
-1803
-1765
-1703
-1652
-1609
-1472
-1292
-1120
-871
-593
-292
17
283
543
708
766
861
991
1160
1405
1585
1750
1814
1725
1645
1494
1368
1310
1324
1318
1303
1139
926
755
498
403
242
182
67
0
-10
97
280
118
4
-45
-58
95
291
-17
-89
101
-89
-132
115
135
155
147
12
-241
-164
186
402
401
300
183
-102
-320
-434
-500
-392
-273
-137
-241
-296
-415
-728
-763
-706
-699
-696
-538
-593
-743
-801
-764
-798
-821
-710
-616
-468
-435
-446
-347
-160
-145
-116
-38
38
98
142
206
292
318
385
321
287
214
255
235
359
292
257
429
353
380
343
393
456
537
598
580
473
618
873
910
778
989
1044
1009
1011
1037
1050
953
903
885
1059
974
926
766
835
792
694
643
542
474
690
349
282
374
86
300
161
-102
-59
-290
-462
-117
-18
-595
-615
-461
-605
-643
-418
-488
-457
-304
-261
-149
-202
-282
-118
-134
-97
105
134
46
238
155
26
198
353
228
246
327
107
60
95
48
-176
-124
-190
-293
-292
-361
-749
-722
-768
-756
-778
-706
-561
-500
-573
-374
-257
-511
-467
-352
-288
-385
-300
-126
-265
-186
-88
-251
-282
-152
-211
-312
-304
-109
-171
-323
-150
-255
-266
111
-11
-363
-210
9
-435
-199
12
-233
-89
-383
-96
-332
-330
-418
-170
-497
-191
-393
-674
-310
-301
-576
-440
-155
-416
-482
-265
-187
-447
-227
-86
-200
-256
86
137
1
102
232
373
40
124
172
113
-123
133
-27
-119
-207
-236
-75
-206
-406
-260
-332
-561
-365
-115
-310
-292
-99
-206
-517
-144
-207
-432
-306
-78
-416
-322
-120
-398
-427
-255
-239
-435
-323
-392
-19
-359
-443
-72
-135
-364
-106
28
-55
-16
34
191
83
23
-80
110
-12
-162
183
-183
-407
105
-419
-367
140
37
-357
62
-14
-211
37
-55
-71
47
210
99
305
307
377
430
344
450
403
404
433
743
325
110
650
400
-33
263
110
-186
-129
-133
-190
-597
-524
-307
-373
-464
-223
-144
-204
-364
-116
-257
-313
-60
-294
-285
-135
-48
-179
-7
-237
329
-171
-4
-90
-189
-29
61
-169
-266
512
-8
68
272
413
-57
-159
279
271
13
-156
714
1
32
148
162
-39
-24
230
-98
448
-114
106
409
-58
196
248
264
392
727
2
415
863
184
599
793
481
489
1144
340
771
1164
570
842
1058
667
206
750
465
-50
197
353
490
71
1
262
477
-508
73
400
148
-240
319
504
-162
438
-15
329
501
178
92
837
226
-250
258
585
332
-114
486
460
260
-234
101
388
81
-342
218
238
-295
-401
349
-354
-233
139
251
-47
-352
306
100
-296
-237
545
-199
248
133
-36
191
110
-11
42
304
53
271
578
384
-41
213
235
189
12
283
293
-380
229
-246
-502
-242
-143
-944
193
-297
-645
-243
-168
-978
-159
209
-1244
-930
338
-512
-925
-25
-31
-641
-656
169
-67
-815
-328
494
-688
-470
44
98
-830
426
-247
-328
65
-711
-395
257
-522
-413
-105
-331
-429
-410
-443
-39
-358
-1033
-327
400
-1042
-997
389
2
-1041
-306
85
-314
-49
-138
1
-1346
-402
-335
-297
-636
392
400
-532
-304
172
-139
-492
94
-109
186
706
472
27
-85
-283
-561
-32
-261
-357
-50
74
-529
-44
-848
-500
-83
-855
-374
200
118
-1114
29
383
-617
-385
-85
275
26
696
-113
-161
365
-45
265
-372
785
-93
192
-306
605
127
-641
165
50
-287
-423
60
141
-626
-819
627
-496
-859
298
-90
-301
-11
-167
-333
208
-840
598
766
-1926
23
2205
-541
-1589
1291
695
-1451
208
1727
-672
-41
330
420
-223
102
551
30
-1048
488
511
-803
-568
203
-90
-1095
149
-778
-601
174
-554
-1150
630
-699
-1181
625
302
-1477
859
429
-631
-114
1003
469
-431
-53
994
735
-158
398
920
17
169
1155
-345
-651
811
400
-77
574
-592
312
369
-636
-523
491
-217
-744
-5
367
-239
-933
384
199
57
-257
281
-38
-151
494
817
196
-117
715
226
663
339
741
692
372
54
957
353
178
475
736
280
26
766
38
508
18
573
-440
541
-207
44
-600
436
-405
-34
-402
597
392
-1297
947
237
575
-1127
829
678
-103
-229
1070
244
88
911
1274
-501
1022
1043
674
21
1169
275
-387
774
114
766
-890
584
735
-221
-139
325
-588
-762
996
-719
-333
637
-401
-504
56
617
-9
-186
-418
546
-270
-436
757
656
126
-196
1696
-438
-565
1087
-623
256
684
1251
-1151
204
310
-161
-222
-816
587
-713
-722
-373
254
-1466
-1068
381
-350
-835
-645
-206
-909
-203
-369
-389
-532
-559
368
-854
-83
-319
-267
515
-772
699
-276
-525
-73
-104
-459
281
-69
-634
707
-529
133
-587
-608
-127
-217
-568
-78
-128
-1018
-760
-391
342
-1284
-1230
502
-770
-1163
-579
416
-504
-1238
633
77
-282
-516
566
301
-382
223
256
-532
34
1209
-911
-559
757
739
-387
-387
954
5
-372
91
-108
828
-452
-669
539
-636
-907
-189
58
-17
-1197
-168
434
-354
-341
-136
-38
-990
292
446
-475
-589
665
-69
-546
-252
592
187
-328
297
43
-99
624
659
485
-351
60
675
98
-852
54
213
-153
-37
-711
-218
387
-286
-1091
555
-477
-1379
462
-273
-971
-9
185
-371
125
248
-307
-497
399
391
-698
243
1042
-106
725
-116
373
600
170
-334
744
477
438
468
-374
419
30
-40
-18
780
-355
-732
394
80
-706
-332
-279
-490
132
23
-523
-372
235
-567
-292
128
-702
342
763
-564
-156
1210
68
-1004
983
650
-699
-199
1108
617
-1267
435
828
-619
-116
419
-28
-313
-717
791
75
-897
-182
-213
-54
-131
-661
112
313
85
-549
582
-526
-704
1116
84
423
-37
589
912
198
129
824
2001
-505
129
1799
1406
-569
-198
1767
565
-12
1004
2091
-162
-20
912
1315
142
-177
954
427
447
-314
56
616
178
-255
707
23
26
555
-286
518
865
205
248
833
313
121
1468
1062
-196
823
1603
93
371
834
806
412
331
503
1091
-425
-424
1007
206
267
323
-517
166
155
-399
443
-263
-721
-557
186
-173
-594
-61
-227
-261
482
510
-562
-170
56
450
-107
468
533
-50
-44
563
1113
852
-1242
629
1377
-65
190
67
847
-420
508
-36
701
-401
-817
335
260
-329
-651
72
192
-292
-217
112
-14
-1249
-601
626
-312
-839
-367
277
124
-633
-379
1177
-607
-1059
960
242
-487
745
138
-12
-478
240
587
12
-433
-238
386
140
-1322
5
464
-375
-790
-599
399
-113
-1637
-638
1136
-156
-1463
-694
538
-832
-1430
250
576
-1213
-849
-55
427
-612
-1303
592
892
-1206
-445
848
-402
-784
508
575
306
-469
196
1016
-50
-787
987
343
-1083
334
142
-7
-606
334
-331
-193
-766
123
-48
-928
-62
-602
499
186
-947
-1132
867
473
-784
-100
1282
-725
114
1611
-211
-194
-85
436
1063
369
-279
-50
1035
-42
-574
1115
427
-742
59
656
290
-742
-494
102
521
-402
-866
720
-225
-129
-282
305
-29
-1459
333
1136
-187
-896
85
347
162
-457
62
618
495
-558
-25
890
25
-37
93
-504
202
753
306
-130
448
-304
-249
615
-442
-475
810
-784
-497
-559
113
591
-831
-637
0
-84
-672
20
-98
-216
54
-560
-177
584
-893
-179
1953
30
53
238
997
128
-757
723
1227
409
-793
662
796
703
-310
-384
496
916
224
-243
613
84
-1314
-13
1577
-646
-817
423
644
377
-402
-552
343
412
-1410
1610
1054
-467
150
409
171
-167
1232
445
238
41
222
1064
453
245
-82
330
687
1052
1336
-672
-326
649
247
203
-190
-731
607
-290
875
1087
-960
-692
-223
425
118
333
305
-32
531
390
237
92
194
183
1313
-466
962
901
-259
351
-116
1140
572
528
-720
891
1498
-1296
413
786
-308
-201
417
929
-75
-206
582
126
-468
361
1260
-420
-1227
693
1107
-663
-333
-276
-628
644
157
-838
584
116
-732
-513
-139
297
-209
-310
334
777
-1224
316
791
-413
-1334
-140
1132
-317
-828
-917
375
-318
-1001
249
102
-538
-925
607
-182
-1347
-682
-670
-148
-347
-157
-547
-388
-996
-515
11
-431
-736
-117
-68
-706
236
-290
-1075
-373
29
721
395
-1516
-22
182
-1557
-70
1128
-175
-1638
-957
944
318
-1322
-446
-288
-166
-772
-571
622
20
-1723
446
777
-385
-1172
-553
1041
-430
-844
674
-127
-1363
-247
655
-584
-1130
443
-697
172
132
-691
-174
-413
-619
-422
231
-171
-376
-506
153
911
-1001
-1672
836
657
-1005
-755
411
258
-1478
-447
1268
-627
-1431
-65
1450
98
-1707
-328
843
-1108
-804
307
1097
-134
-1516
-425
565
745
-1087
-1046
969
536
-455
12
298
-66
-640
-285
1568
-100
-1810
-236
1535
396
-2070
870
630
-260
-1096
650
1663
-1518
-1441
1500
1611
-1736
-1351
452
359
-374
-105
928
-169
-1167
163
-417
147
-834
65
1240
234
-1247
504
303
-1335
1368
287
412
-12
-1012
-97
-286
-748
-456
216
1133
-720
-644
1
688
-1140
-1652
981
1395
-431
-1447
829
866
-356
-1996
489
1688
-290
-582
291
828
-438
-876
380
423
-372
198
674
188
-584
-220
-241
-567
190
970
61
-167
197
-174
-459
144
554
80
689
723
397
-407
-776
837
880
-309
57
1810
-590
-82
966
-309
-275
460
875
381
499
-488
80
-34
843
-69
-401
602
1227
535
-11
395
99
-147
-40
931
1224
562
-395
855
568
-236
-595
1071
1215
-791
461
1245
129
-1699
1142
1400
106
-505
829
862
-722
70
451
397
-204
877
326
90
99
616
-43
194
752
198
-58
-137
699
177
-639
138
545
-44
276
462
26
-478
-93
1035
-409
-506
836
35
-373
37
497
250
-356
179
555
194
-130
-187
-666
311
93
-372
156
109
-901
-391
645
-261
-526
46
-853
-388
-36
-328
-550
-866
663
-138
-383
313
-77
-595
144
-65
129
-137
-1347
27
837
-876
-1126
902
-695
-1135
519
294
-878
-373
9
-662
167
-85
-338
-802
49
-168
-756
-543
-231
-368
-770
443
88
-591
-1133
730
422
-1676
-129
1419
-296
-2550
840
1809
-800
-1418
54
892
-464
-1595
659
745
-1247
-520
82
-256
-572
-702
-613
385
-161
-700
-505
444
197
-563
-515
-186
874
223
-818
-581
495
-3
-380
251
-188
-555
-427
1237
-931
-533
378
-870
445
445
-130
-1182
-54
299
-730
332
715
-644
-560
-177
167
926
-296
-741
1476
213
-1106
-161
240
-201
435
407
-542
269
-299
-1028
121
996
562
-213
135
857
-417
-647
45
295
169
-447
658
537
-697
-277
-299
270
648
-397
292
107
-350
-309
144
425
-603
-346
1351
-398
-803
9
-172
313
-842
-31
822
-94
-740
-151
210
-582
-461
-287
1239
-509
-941
538
685
-367
-612
179
552
261
67
73
-583
282
-237
489
478
-21
-144
23
70
-392
33
820
-197
-332
309
983
34
-815
772
141
186
473
-230
-129
413
-294
-379
739
1284
-447
-1339
278
1535
65
-598
-209
941
340
-525
390
974
710
-476
-127
736
1257
305
-162
711
1101
-530
-219
1307
305
-32
283
436
986
-82
-100
431
36
594
1141
-346
374
564
-1090
187
1071
475
-84
351
233
479
164
-117
412
298
52
1196
393
-656
360
513
533
541
-194
632
661
-110
645
406
243
446
386
717
743
318
-575
567
1014
764
-1
-81
608
538
-46
62
765
318
-433
-107
728
703
-174
-569
39
161
-98
307
334
18
-792
-937
1220
387
-127
-135
-514
581
1014
-521
-122
669
245
-49
374
823
-392
-1156
-702
457
428
-396
-393
36
-623
-321
-470
58
87
-751
-552
122
-276
-522
-340
-992
-181
-435
120
7
-451
-720
-850
-347
13
359
-100
-335
-272
1
-673
-279
805
-293
-348
-206
-85
229
-595
-209
126
-188
109
57
300
-197
-918
-763
393
-92
-109
334
-536
-816
-257
153
-82
-155
-376
34
-566
-416
-175
-192
-292
-661
504
196
-170
-74
-547
-68
527
24
257
816
-178
-162
-41
398
221
154
365
-252
95
383
150
-989
137
429
-288
-298
156
355
-973
-927
-28
32
-820
208
-32
-911
-512
-938
238
-205
-361
-8
-330
1
-292
-217
-289
-28
57
135
201
-227
-281
-458
-258
404
131
-354
-476
70
53
-182
-221
-345
-358
-198
264
-273
-192
-432
-603
-176
257
590
91
-474
-55
342
28
674
475
259
320
175
409
1136
885
-79
49
809
963
578
860
627
213
416
863
827
989
535
57
262
608
889
728
303
246
487
552
428
797
659
-497
-363
327
967
-407
-989
-87
-505
-660
-341
-667
-1221
-1544
-1297
-768
-1127
-1554
-1754
-2096
-1593
-1517
-1526
-1380
-2342
-2299
-2009
-2397
-1994
-1420
-2225
-2791
-1206
-152
-699
-1491
-1846
-1246
-87
612
954
1211
972
377
661
1912
3106
3053
2374
2342
2906
3225
3195
3233
3451
3454
3407
3473
3436
3316
2706
2195
2604
3055
2808
1960
1046
787
818
909
1089
1055
636
-96
-222
-316
4
232
-213
-248
-337
-183
-718
-859
-55
-152
-941
-1136
-476
-1033
-1246
-1490
-2197
-1659
-1715
-2405
-2653
-2718
-3445
-3696
-3107
-2702
-2551
-2586
-2773
-2838
-2543
-2175
-1895
-1565
-774
-100
-166
-255
130
708
1187
1622
2246
2893
2724
2190
2327
2841
3327
3333
3225
3244
3115
2739
2830
3378
3223
2526
1989
2024
2167
2005
1529
1117
1066
721
418
423
424
144
-233
-202
169
212
-83
-221
-391
-374
-239
-214
-288
-369
-626
-973
-952
-751
-786
-1300
-1669
-1764
-1797
-2009
-2867
-2818
-2559
-3340
-3805
-3796
-3998
-4772
-5248
-4695
-3581
-3246
-3632
-4391
-5051
-4462
-3077
-1917
-1569
-1461
-1434
-1536
-1348
-396
1060
1779
1690
1749
2306
2797
2793
2656
2907
3591
4021
3874
3528
3164
2691
2556
3363
4025
3631
2493
1314
1149
1786
2086
2000
1611
898
203
-143
19
396
315
-69
-267
-285
-272
-389
-632
-694
-378
-222
-180
-381
-863
-1413
-1521
-1105
-563
-742
-1654
-2253
-2504
-2454
-2346
-2607
-2981
-3483
-4341
-4461
-4462
-4738
-4339
-3533
-3062
-3468
-4570
-5118
-4064
-2487
-1681
-1356
-1128
-1194
-1386
-1241
-91
1699
2624
2289
1947
2321
3023
3165
3202
3664
4422
4629
3936
3464
3509
3425
3321
3822
4491
4149
2621
1196
1342
2286
2567
2254
1714
1114
314
-283
40
961
1137
325
-223
-226
-154
-324
-466
-187
77
11
-450
-766
-986
-1318
-1451
-1122
-641
-787
-1809
-2789
-2976
-2700
-2496
-2708
-3446
-4056
-4738
-5210
-5130
-4521
-3519
-2937
-3690
-5227
-5732
-4564
-2693
-1813
-1816
-1824
-1444
-1350
-1385
-514
1279
2635
2435
1931
2350
3253
3430
3088
3666
5027
5473
4497
3479
3583
3972
3939
4176
5106
5218
3491
1513
1546
3111
3723
3083
2196
1647
943
98
257
1419
1926
926
-241
-194
275
131
-58
127
661
603
-265
-770
-745
-769
-1072
-1021
-466
-545
-1592
-2760
-2980
-2449
-2068
-2414
-3379
-4121
-4633
-5080
-5054
-3889
-2408
-2421
-4103
-5821
-5741
-3685
-1735
-1257
-1610
-1735
-1771
-1629
-1179
264
2152
2775
2094
1606
2385
3339
3401
3200
4079
5327
5287
3991
3158
3524
3938
4055
4490
5208
4736
2516
841
1529
3281
3836
2940
1853
1079
321
-193
589
2039
2144
613
-727
-647
99
308
138
316
561
-47
-1032
-1400
-1153
-1000
-1342
-1486
-1207
-1411
-2651
-3809
-3695
-2890
-2691
-3393
-4387
-5321
-5997
-6148
-5139
-3300
-2634
-4366
-6533
-6980
-5022
-2615
-1846
-2212
-2553
-2674
-2636
-1958
-545
1244
1977
1403
1175
1920
2658
2638
2554
3312
4599
4912
3858
2841
2850
3328
3728
4325
4993
4535
2523
723
1091
2820
3743
3119
1885
849
108
-261
450
1825
2056
627
-827
-970
-280
98
23
192
342
-198
-1160
-1497
-1077
-904
-1060
-1191
-1143
-1445
-2676
-3799
-3690
-2984
-2741
-3383
-4579
-5540
-6114
-6173
-4747
-2891
-2940
-4947
-6856
-6625
-4297
-2276
-1962
-2225
-2360
-2496
-2390
-1596
119
1866
2073
1318
1417
2412
2970
2845
3090
4155
5239
4880
3684
3214
3386
3636
3967
4623
5236
4495
2294
1028
1872
3240
3745
3119
2094
1134
310
67
1116
2370
2090
632
-451
-356
164
380
404
677
643
-190
-938
-1109
-747
-671
-1109
-1216
-943
-1443
-2769
-3575
-3312
-2646
-2687
-3464
-4420
-5182
-5957
-5637
-3583
-2189
-3432
-6080
-7148
-5308
-2648
-2035
-2664
-2538
-2141
-2442
-2524
-1053
1345
2235
1020
407
1823
3141
2859
2279
3173
4859
5098
3710
3017
3711
3949
3543
3868
4955
5373
3522
1327
1666
3306
3820
3170
2552
2106
1292
254
632
2417
2966
1428
-212
-164
732
860
413
710
1218
424
-927
-986
-105
197
-519
-1212
-965
-773
-2055
-3393
-3203
-2322
-2270
-3270
-4401
-4945
-5244
-5316
-4122
-2549
-2660
-4859
-6414
-5330
-2944
-1919
-2361
-2232
-1600
-1732
-2233
-1358
968
2565
2012
1063
1824
3212
3224
2629
3354
5101
5671
4409
3283
3804
4518
4150
4011
5013
5739
4373
2049
1734
3223
4045
3626
3023
2548
1624
423
447
2104
3219
2128
267
-138
525
824
570
773
1337
724
-753
-1265
-567
-122
-783
-1584
-1390
-1116
-2261
-3625
-3622
-2880
-2894
-3756
-4518
-4894
-5171
-5316
-4416
-3172
-3528
-5271
-6023
-4815
-3011
-2390
-2722
-2674
-2361
-2386
-2143
-793
690
935
422
714
1965
2729
2464
2467
3270
3855
3659
3417
3599
3632
3286
2951
3772
4790
4308
2721
1728
2102
2711
2992
2828
2469
1581
476
293
1227
2115
1781
623
-198
1
346
290
418
607
227
-539
-958
-688
-493
-1021
-1766
-1857
-1620
-1966
-2954
-3790
-3837
-3710
-3955
-4409
-4860
-5131
-5242
-5144
-4912
-4693
-4852
-4884
-4792
-4557
-4040
-3255
-2346
-2001
-2354
-2317
-1102
309
962
734
892
1752
2244
2233
2519
3428
3908
3428
2934
3410
4121
3863
3060
3222
4316
4499
3268
2290
2426
2763
2673
2655
2918
2572
1290
347
1033
2294
2260
1075
364
676
818
488
614
1347
1098
-167
-852
-341
208
-408
-1508
-1651
-1198
-1574
-2691
-3308
-3246
-3629
-4309
-4525
-4295
-4272
-4768
-5218
-4995
-4736
-4791
-4552
-4039
-3787
-3833
-3613
-2635
-1656
-1816
-1947
-1007
365
867
615
830
1851
2556
2370
2453
3336
3866
3307
2829
3317
4116
3960
3089
3430
4400
3989
2552
2148
2872
3256
2650
2136
2433
2357
1276
714
1612
2458
1779
512
438
1299
1288
549
631
1251
994
-24
-474
99
407
-546
-1629
-1372
-880
-1535
-2842
-3360
-3182
-3412
-4154
-4548
-4186
-3944
-4439
-5133
-5201
-4713
-4060
-3776
-3918
-3913
-3519
-2784
-1961
-1592
-1552
-980
-146
569
1064
1390
1964
2519
2626
2866
3474
3913
3646
3255
3422
4006
4180
3713
3835
4374
4034
2849
2738
3450
3794
3238
2421
2360
2455
1906
1373
1835
2395
1992
955
731
1504
1746
1086
847
1184
1175
421
-120
194
541
-111
-1065
-1133
-705
-1181
-2456
-3050
-2796
-2794
-3549
-4191
-3981
-3442
-3891
-4995
-5319
-4351
-3301
-3344
-4141
-4302
-3370
-2387
-2009
-1889
-1200
-431
-396
-635
119
1662
2533
2062
1441
2101
3334
3427
2747
2932
3770
3871
2956
2886
4173
4512
3042
2008
2801
3744
3192
1994
1976
2625
2158
1045
1166
2194
2016
452
-24
1067
1664
689
-149
395
987
456
-439
-285
204
-364
-1596
-1784
-1029
-1100
-2388
-3469
-3357
-3029
-3620
-4295
-4003
-3493
-4016
-5185
-5771
-4852
-3358
-3002
-3850
-4637
-4286
-3216
-2235
-1967
-1841
-1347
-1004
-997
-677
355
1466
1722
1154
1165
2079
2617
2270
1965
2518
3155
2972
2721
3104
3213
2376
1784
2387
3405
3141
1716
960
1441
1942
1572
1312
1556
1365
397
-56
815
1843
1404
198
-89
378
519
80
-234
-105
-449
-1344
-1715
-1258
-1140
-2027
-3017
-3200
-2945
-3037
-3444
-3529
-3292
-3663
-4536
-4744
-3601
-2381
-2554
-3773
-4159
-3090
-1726
-1293
-1571
-1389
-776
-426
-350
185
1188
1868
1547
1036
1533
2519
2689
2163
2067
2642
3185
3181
2872
2666
2414
2083
2245
3052
3242
2173
956
866
1676
2115
1776
1238
875
524
349
782
1426
1463
622
-165
-148
327
385
35
-210
-448
-909
-1421
-1492
-1315
-1573
-2367
-2837
-2861
-2908
-2904
-2963
-3168
-3564
-4005
-3990
-3218
-2380
-2358
-3022
-3336
-2710
-1543
-765
-727
-833
-564
-211
220
725
1390
1881
1730
1423
1653
2287
2563
2362
2136
2441
3081
3234
2668
2025
1894
2132
2559
2846
2453
1532
724
712
1399
1914
1640
839
146
-25
354
792
1111
979
246
-400
-297
182
342
38
-440
-585
-807
-1041
-1113
-1079
-1328
-1906
-2350
-2319
-1979
-2040
-2521
-2902
-3000
-3012
-2693
-1905
-1565
-1933
-2548
-2518
-1200
114
201
-361
-323
280
725
939
1553
2485
2581
1837
1617
2472
3176
2883
2366
2690
3672
3700
2525
1941
2376
2748
2775
2768
2637
1870
688
390
1562
2379
1698
307
-303
67
414
342
543
795
-15
-1089
-1077
-98
347
-269
-1065
-1231
-1190
-1556
-1810
-1600
-1523
-2051
-2722
-2637
-1981
-1968
-2807
-3209
-2782
-2266
-2129
-1939
-1585
-1790
-2304
-2111
-783
449
349
-419
-414
426
1085
1357
1715
2261
2185
1433
1299
2192
2855
2466
2183
2813
3324
2493
1401
1672
2610
2711
2140
1679
1360
592
-85
355
1414
1400
5
-1148
-942
-336
-375
-571
-378
-610
-1599
-2128
-1483
-690
-865
-1749
-2136
-2028
-2235
-2714
-2670
-2259
-2368
-3084
-3317
-2681
-2352
-2837
-3304
-3108
-2502
-2216
-2021
-1684
-1635
-2011
-1923
-820
398
561
-95
-131
618
1244
1395
1723
2340
2324
1728
1567
2342
2924
2739
2734
3325
3316
2209
1606
2268
3104
2904
2018
1556
1301
640
292
940
1566
851
-600
-1102
-499
-197
-558
-673
-495
-931
-1948
-2141
-1386
-927
-1483
-2260
-2413
-2330
-2592
-2903
-2782
-2496
-2747
-3238
-3147
-2681
-2714
-3125
-3166
-2571
-1968
-1697
-1469
-1265
-1313
-1392
-699
574
1337
1071
720
1101
1774
2251
2527
3033
3333
2893
2370
2660
3451
3903
3930
3722
3211
2490
2135
2613
3332
3227
2167
1208
911
839
745
855
995
489
-568
-1142
-808
-456
-542
-816
-1102
-1333
-1722
-1988
-1918
-1634
-1679
-2105
-2509
-2728
-2837
-2990
-3002
-2847
-2798
-2898
-3123
-3169
-3268
-3219
-2962
-2567
-2108
-1881
-1657
-1573
-1479
-1131
-269
646
1170
1112
971
1394
2030
2562
3051
3553
3573
3211
2948
3406
4443
4953
4486
3716
3394
3381
3421
3710
3853
3305
2163
1397
1493
1780
1532
882
346
-59
-277
-619
-642
-449
-675
-1277
-1690
-1584
-1641
-2023
-2321
-2100
-1956
-2450
-3073
-3120
-2959
-2932
-2979
-2982
-2775
-2743
-3060
-3307
-3048
-2531
-2186
-2160
-2092
-1670
-1177
-959
-728
-194
601
1123
1208
1370
1753
2316
2657
3002
3421
3749
3740
3603
4060
4891
5036
4426
4112
4265
4402
4295
4171
4109
3681
2878
2295
2353
2520
2021
1160
705
562
207
-324
-541
-566
-972
-1649
-1935
-1901
-2051
-2539
-2878
-2850
-2910
-3240
-3582
-3577
-3529
-3725
-3943
-3721
-3273
-3295
-3719
-3876
-3467
-2849
-2476
-2350
-2148
-1819
-1444
-1080
-601
-113
284
574
896
1247
1632
2004
2295
2608
2870
3195
3743
4215
4227
3844
3653
3859
4076
4119
4017
3707
3129
2648
2615
2715
2565
2031
1352
828
520
358
242
73
-365
-1028
-1464
-1571
-1556
-1814
-2237
-2672
-2911
-3137
-3401
-3534
-3619
-3796
-4076
-4197
-4147
-4082
-4059
-4118
-4172
-4088
-3877
-3500
-3194
-3024
-2910
-2482
-1800
-1156
-952
-913
-625
-25
732
1232
1603
1862
1928
1893
2233
3252
4275
4423
3739
3304
3592
4021
4388
4643
4485
3579
2643
2526
3105
3341
2791
1966
1399
1036
655
556
721
574
-242
-1128
-1249
-1105
-1400
-1875
-1961
-1939
-2389
-3044
-3298
-3155
-3237
-3516
-3662
-3519
-3529
-3933
-4127
-3876
-3471
-3304
-3189
-3063
-2967
-2850
-2505
-1773
-970
-647
-720
-575
-127
401
1029
1739
2198
2176
1944
2280
3128
3820
3981
3897
3722
3506
3479
3937
4386
4147
3464
2829
2752
2772
2573
2335
2140
1669
966
562
590
603
111
-431
-633
-822
-1199
-1578
-1636
-1684
-1979
-2407
-2657
-2735
-2996
-3206
-3190
-3041
-3041
-3261
-3431
-3346
-3113
-2999
-2865
-2577
-2458
-2484
-2297
-1723
-984
-646
-667
-597
-118
537
1147
1541
1861
2008
2097
2465
3111
3690
3700
3402
3295
3511
3688
3775
3768
3537
3091
2643
2568
2601
2370
1909
1498
1228
941
618
320
115
-221
-562
-650
-696
-833
-1233
-1518
-1562
-1604
-1850
-2198
-2378
-2419
-2457
-2642
-2710
-2650
-2748
-2955
-2721
-2383
-2225
-2086
-2128
-1957
-1582
-1010
-606
-410
-335
-184
320
1062
1786
2159
2235
2223
2404
3016
3711
3965
3807
3577
3600
3722
3974
4128
4015
3514
2938
2677
2750
2836
2361
1788
1309
1020
697
408
187
14
-520
-1156
-1306
-1204
-1334
-1758
-1977
-2029
-2228
-2469
-2584
-2581
-2649
-2866
-2882
-2670
-2564
-2674
-2793
-2616
-2313
-2124
-2088
-1975
-1758
-1409
-1023
-638
-284
-125
69
491
1054
1524
1798
2010
2201
2565
3086
3312
3134
3028
3039
3226
3354
3293
3161
2825
2501
2313
2321
2279
1914
1256
748
512
287
-25
-375
-691
-1213
-1638
-1743
-1761
-1926
-2292
-2615
-2806
-2892
-2986
-2983
-3052
-3250
-3319
-3313
-3138
-2990
-3008
-3102
-2993
-2766
-2524
-2290
-2082
-1892
-1679
-1266
-758
-424
-261
-87
293
837
1290
1632
1868
2144
2434
2613
2745
2975
3128
3106
3083
3093
3052
2803
2576
2438
2346
2055
1696
1386
1018
709
529
317
40
-323
-800
-1223
-1402
-1553
-1730
-1906
-2097
-2378
-2684
-2809
-2780
-2746
-2862
-2995
-3088
-3036
-2949
-2885
-2768
-2516
-2373
-2360
-2255
-2018
-1688
-1449
-1199
-782
-362
-116
81
491
992
1361
1721
2010
2353
2576
2631
2777
3099
3312
3271
3140
3097
3076
2833
2684
2659
2487
2107
1644
1364
1152
888
581
284
2
-395
-861
-1162
-1219
-1336
-1608
-1830
-2045
-2216
-2503
-2615
-2565
-2554
-2677
-2795
-2812
-2756
-2696
-2674
-2440
-2178
-2077
-2049
-1890
-1603
-1353
-1053
-686
-274
77
310
551
865
1252
1646
2067
2430
2634
2611
2598
2840
3129
3197
3121
3030
2825
2563
2358
2344
2283
1950
1453
1098
866
609
251
41
-127
-523
-982
-1247
-1299
-1384
-1588
-1780
-1877
-2043
-2231
-2331
-2277
-2207
-2319
-2397
-2414
-2330
-2258
-2225
-2063
-1821
-1653
-1620
-1495
-1246
-1058
-690
-195
270
603
797
922
1205
1631
2085
2484
2685
2732
2715
2791
2954
3272
3381
3232
3154
2900
2808
2774
2650
2443
2119
1736
1344
1006
686
427
246
-5
-393
-738
-1017
-1311
-1492
-1609
-1697
-1849
-2066
-2197
-2237
-2245
-2187
-2113
-2058
-2086
-2055
-1959
-1773
-1540
-1329
-1104
-950
-786
-645
-459
-131
317
668
887
1021
1212
1540
1946
2316
2526
2667
2647
2649
2710
2885
3071
3067
2857
2572
2401
2229
2047
1865
1749
1460
969
573
321
127
-153
-422
-686
-1005
-1356
-1653
-1820
-1891
-1969
-2125
-2328
-2501
-2693
-2818
-2857
-2806
-2664
-2715
-2704
-2578
-2392
-2190
-1983
-1686
-1400
-1217
-1006
-815
-501
-70
255
577
837
1059
1391
1683
2014
2276
2453
2529
2555
2555
2633
2724
2705
2646
2439
2172
1934
1818
1566
1203
922
615
277
-83
-374
-634
-901
-1187
-1516
-1812
-2129
-2376
-2511
-2553
-2674
-2869
-3018
-3151
-3200
-3215
-3114
-3020
-2992
-3003
-2954
-2700
-2520
-2276
-1950
-1581
-1321
-1164
-847
-302
285
664
971
1266
1680
1943
2160
2590
2887
2912
2802
2893
3093
3070
2894
2830
2746
2443
2146
1906
1786
1665
1240
887
448
117
-232
-506
-623
-838
-1160
-1635
-1857
-1970
-2005
-2098
-2118
-2191
-2464
-2576
-2604
-2506
-2386
-2295
-2271
-2264
-2211
-1997
-1758
-1482
-1187
-949
-788
-643
-381
2
413
675
828
996
1200
1392
1586
1846
2038
2025
1916
1946
2059
2083
1915
1833
1768
1583
1324
1180
1061
894
663
467
337
116
-137
-352
-401
-510
-682
-811
-972
-1109
-1281
-1316
-1289
-1314
-1417
-1537
-1651
-1726
-1681
-1538
-1324
-1285
-1373
-1305
-1150
-1004
-793
-443
-240
-165
-102
89
439
696
875
1014
1158
1185
1191
1360
1540
1593
1428
1301
1346
1287
1102
992
891
773
549
314
224
164
-39
-206
-278
-335
-474
-654
-712
-677
-644
-703
-767
-742
-766
-724
-577
-555
-530
-511
-556
-517
-406
-350
-332
-290
-230
-159
-69
-21
205
306
376
708
862
1057
1184
1314
1407
1490
1568
1671
1763
1694
1563
1596
1686
1661
1559
1396
1178
1002
814
635
542
373
125
-102
-244
-387
-484
-614
-698
-784
-957
-1032
-1058
-1018
-1051
-1087
-1097
-985
-1056
-1036
-985
-933
-771
-632
-513
-426
-314
-219
-117
118
386
531
662
757
921
1090
1270
1376
1503
1492
1580
1591
1624
1667
1621
1594
1480
1436
1383
1263
1117
909
751
635
472
243
75
-144
-320
-507
-692
-856
-1047
-1310
-1488
-1510
-1609
-1657
-1654
-1612
-1631
-1703
-1694
-1662
-1610
-1544
-1574
-1432
-1392
-1279
-1159
-985
-793
-637
-429
-273
-135
-32
167
350
582
800
947
1033
1055
1096
1259
1421
1420
1257
1088
1039
988
940
891
795
599
421
201
68
-90
-249
-401
-561
-736
-953
-1108
-1152
-1228
-1350
-1393
-1473
-1542
-1624
-1677
-1586
-1557
-1530
-1553
-1479
-1380
-1276
-1132
-1002
-855
-694
-508
-355
-163
17
77
200
315
423
547
605
690
732
799
823
899
892
894
842
796
789
756
777
650
529
423
343
269
231
162
75
-82
-244
-339
-418
-400
-444
-582
-684
-771
-815
-836
-847
-842
-872
-888
-945
-933
-866
-825
-784
-682
-606
-581
-493
-413
-251
-156
-47
53
161
244
312
423
490
536
595
675
710
666
667
656
658
639
631
595
453
385
366
359
302
209
115
76
25
-61
-64
-109
-203
-273
-322
-356
-378
-437
-476
-481
-502
-503
-500
-453
-458
-502
-458
-413
-308
-327
-346
-333
-315
-200
-118
-22
7
-2
10
65
164
201
265
265
245
231
256
291
332
326
315
288
251
255
249
234
208
151
175
180
152
125
106
115
105
135
155
124
64
59
59
287
344
279
324
292
310
317
375
358
323
325
329
313
260
213
287
227
212
319
319
349
317
284
286
278
286
262
150
101
77
211
320
353
319
158
151
144
190
234
248
208
217
192
202
263
309
400
327
336
299
312
366
360
403
457
402
353
303
310
380
311
358
399
379
332
352
339
332
314
352
345
332
276
233
279
292
279
248
255
194
129
117
111
124
55
34
-1
-13
-62
-124
-121
-132
-186
-206
-199
-233
-245
-246
-279
-362
-430
-543
-542
-472
-492
-411
-372
-357
-299
-262
-178
-129
-94
-69
-210
-153
-109
-128
-75
-109
-93
-51
-20
-2
-51
-89
-153
-193
-201
-164
-186
-206
-274
-297
-302
-225
-203
-320
-441
-480
-415
-354
-328
-357
-347
-297
-294
-267
-260
-231
-223
-216
-198
-149
-133
-158
-151
-163
-155
-134
-179
-169
-249
-236
-314
-334
-318
-382
-434
-453
-419
-435
-471
-534
-408
-388
-379
-377
-395
-408
-432
-437
-427
-396
-373
-377
-408
-371
-335
-324
-331
-319
-248
-210
-241
-134
-95
-62
-16
25
110
166
228
259
262
315
344
380
442
463
465
476
496
526
534
562
521
502
519
451
442
367
336
275
236
223
121
92
-33
-132
-164
-213
-254
-322
-404
-477
-544
-589
-613
-676
-679
-715
-788
-786
-828
-801
-811
-769
-722
-688
-656
-611
-528
-467
-358
-273
-161
-65
-6
96
154
246
338
457
483
511
571
592
658
708
745
759
764
799
777
777
780
728
731
667
621
585
510
465
414
346
325
207
159
92
-33
-32
-146
-192
-261
-355
-382
-448
-457
-482
-548
-615
-666
-630
-622
-631
-670
-628
-583
-572
-578
-509
-450
-387
-337
-285
-193
-209
-103
-70
122
380
363
429
471
558
652
729
814
802
807
825
868
885
886
894
886
770
854
959
900
909
841
807
753
711
664
593
467
344
399
477
490
378
236
222
216
193
163
132
117
123
128
120
154
164
155
105
152
175
138
181
109
138
130
79
95
46
26
17
-16
31
39
1
-3
22
33
84
51
100
73
143
181
203
243
282
308
289
299
303
290
304
261
263
300
262
224
197
192
172
218
178
174
151
145
97
112
132
82
104
-12
