-11
-7
-25
-50
-37
-46
-14
5
-36
-8
-10
-18
-20
-17
-23
-6
12
7
28
-3
25
34
40
45
-15
4
-7
-9
-17
2
-20
9
40
42
60
35
73
41
57
68
2
43
14
36
36
36
36
42
37
37
46
41
21
33
34
46
43
73
64
27
29
28
20
26
30
35
34
33
50
56
90
128
104
129
130
131
142
157
173
335
386
379
405
414
440
441
462
460
409
409
394
366
315
296
302
320
379
246
391
419
376
401
354
352
316
341
258
192
249
448
501
416
380
376
376
380
393
407
428
425
382
408
393
398
402
408
392
383
370
370
372
322
339
320
339
310
250
251
213
225
179
190
214
184
185
154
138
135
118
102
134
151
87
110
100
95
85
114
117
100
94
77
104
85
118
111
117
115
77
102
79
93
89
88
89
60
53
5
-27
-128
-149
-215
-217
-177
-222
-181
-154
-112
-135
-72
-63
-87
-124
-161
-180
-206
-219
-243
-213
-222
-252
-259
-277
-304
-314
-317
-280
-292
-283
-257
-242
-282
-341
-303
-219
-196
-323
-409
-407
-362
-330
-311
-315
-315
-319
-318
-313
-324
-324
-356
-338
-325
-370
-337
-316
-307
-305
-298
-284
-286
-290
-294
-288
-301
-284
-293
-271
-252
-292
-250
-261
-257
-244
-143
-61
-87
-76
-100
-93
-95
-92
-75
-54
-27
-75
-55
-69
-59
-44
-66
-66
-46
-35
-76
-46
-75
-68
-69
-56
-42
-87
-52
-71
-79
-92
-87
-95
-105
-87
-83
-95
-94
-80
-71
-56
-33
-56
-43
-50
-31
-35
-41
-28
-33
-33
-32
-4
-16
-7
-12
7
18
-24
-14
-13
-18
-7
-25
-25
11
-2
12
6
-4
4
-8
19
43
-13
23
21
32
26
20
15
11
28
21
51
42
46
35
46
49
-29
8
-12
-11
-20
-22
-21
-20
25
30
52
29
39
42
36
75
9
39
16
27
36
35
48
28
18
2
25
13
7
1
14
27
-1
38
35
5
-9
-8
6
11
5
11
-2
6
14
23
67
102
77
108
95
101
103
131
109
219
322
309
327
353
391
383
428
440
392
379
358
352
306
273
261
282
325
365
282
363
414
371
399
346
294
333
283
204
189
300
424
420
365
324
358
338
352
375
405
424
362
377
360
373
370
369
366
361
374
344
356
319
281
275
314
305
225
249
202
182
182
171
161
117
156
125
100
102
93
80
111
121
84
97
109
95
86
109
113
92
80
61
83
74
97
86
90
105
54
85
51
52
42
48
56
32
30
1
-26
-102
-146
-233
-248
-205
-241
-212
-159
-136
-134
-119
-81
-89
-117
-159
-212
-233
-247
-235
-184
-183
-213
-214
-238
-257
-271
-270
-246
-242
-274
-250
-221
-267
-309
-319
-248
-167
-229
-342
-423
-376
-323
-297
-275
-286
-285
-302
-294
-303
-305
-317
-318
-308
-346
-323
-323
-297
-289
-295
-272
-274
-282
-276
-263
-282
-280
-281
-283
-265
-296
-272
-273
-262
-258
-217
-82
-78
-86
-91
-108
-92
-75
-107
-81
-53
-90
-78
-99
-93
-75
-74
-85
-66
-61
-89
-65
-81
-96
-81
-65
-51
-94
-83
-74
-66
-86
-91
-91
-88
-84
-72
-62
-79
-46
-57
-15
-8
-33
1
-18
0
3
-10
-17
-20
-8
-7
4
-12
-12
-8
3
12
-40
-16
-26
-13
-30
-30
-32
-32
-8
-15
-11
-38
-38
-39
-40
-15
-45
-33
-33
-33
-27
-27
-35
-34
-7
0
-11
9
-2
0
32
37
-19
-24
-31
-57
-50
-51
-59
-40
-12
-4
3
4
7
3
-3
22
-10
-2
-7
-11
13
14
38
20
44
25
41
44
38
40
47
68
37
84
102
102
75
78
77
71
71
65
76
82
101
102
129
167
141
187
190
208
188
199
227
252
416
446
447
464
482
492
523
554
510
518
494
506
479
454
423
424
446
490
488
383
533
502
493
471
404
428
406
316
236
321
448
490
452
362
335
316
319
322
322
348
283
291
289
255
257
255
244
214
189
182
154
119
94
42
101
103
14
-4
-49
-79
-101
-106
-142
-150
-148
-177
-194
-229
-236
-248
-230
-211
-260
-243
-254
-243
-233
-208
-166
-172
-149
-124
-92
-51
-8
49
115
183
191
272
315
388
448
503
571
626
666
676
678
621
540
486
437
467
480
516
557
591
584
591
606
624
575
542
499
449
413
343
352
335
251
236
164
126
62
46
0
-36
-91
-163
-193
-283
-384
-469
-464
-438
-505
-654
-826
-873
-896
-931
-968
-1040
-1111
-1172
-1235
-1288
-1340
-1407
-1452
-1485
-1556
-1549
-1560
-1534
-1507
-1452
-1363
-1263
-1172
-1135
-1068
-1015
-938
-859
-777
-673
-608
-480
-413
-369
-284
-190
-5
169
264
408
525
596
684
723
821
885
884
931
934
939
916
892
854
846
854
837
806
803
764
729
718
704
646
669
667
676
666
655
647
624
612
599
615
572
561
538
559
541
468
475
425
390
367
336
249
219
186
130
105
46
21
-37
-60
-104
-212
-224
-303
-378
-458
-540
-632
-703
-744
-842
-919
-1029
-1106
-1188
-1244
-1318
-1425
-1471
-1530
-1540
-1505
-1436
-1343
-1266
-1205
-1183
-1145
-1049
-933
-856
-745
-626
-578
-463
-359
-267
-199
-126
-18
77
233
400
561
689
771
839
942
1003
1041
1082
1094
1072
1017
983
949
945
950
891
855
815
763
719
710
679
621
648
675
710
724
680
621
576
550
560
573
580
562
570
607
624
627
690
691
674
635
599
622
604
711
805
744
722
723
693
684
701
626
566
476
388
332
242
163
85
46
-26
-16
-263
-219
-253
-416
-456
-706
-769
-878
-972
-1143
-1239
-1192
-1158
-1207
-1265
-1222
-1106
-970
-923
-915
-907
-851
-718
-602
-490
-414
-311
-194
-82
6
84
149
237
318
405
586
757
832
910
964
1014
1077
1136
1168
1127
1123
1051
974
926
919
947
942
920
835
801
742
701
680
679
712
719
719
742
742
720
689
670
693
731
678
700
696
712
717
715
740
729
723
698
615
558
473
402
338
267
212
216
217
196
186
155
137
89
-14
-111
-210
-299
-388
-481
-552
-599
-738
-797
-930
-1016
-1120
-1226
-1349
-1450
-1514
-1629
-1675
-1791
-1926
-2061
-2080
-2040
-2018
-1951
-1979
-1860
-1702
-1655
-1619
-1566
-1437
-1357
-1272
-1119
-980
-865
-756
-662
-594
-478
-374
-250
-73
119
286
429
520
613
732
801
840
826
794
722
614
599
652
727
747
711
703
779
739
697
694
682
721
705
726
741
696
717
682
661
661
663
663
668
659
697
687
676
687
614
633
615
531
534
483
469
449
391
341
291
263
240
224
157
142
85
38
0
-121
-169
-222
-269
-358
-411
-475
-550
-622
-725
-814
-923
-996
-1103
-1172
-1218
-1329
-1391
-1502
-1593
-1665
-1726
-1787
-1858
-1878
-1858
-1762
-1635
-1396
-1214
-1154
-1163
-1201
-1102
-982
-771
-581
-470
-336
-231
-130
-7
96
227
405
531
691
818
890
1003
1083
1106
1055
976
893
815
818
886
947
952
910
850
842
794
739
729
729
758
774
804
795
773
767
774
730
757
780
787
825
834
778
843
838
847
785
741
699
679
690
621
629
576
596
518
547
531
443
447
386
359
294
245
227
135
94
151
149
76
47
-20
-70
-107
-244
-339
-464
-554
-646
-762
-864
-991
-1029
-1101
-1093
-1267
-1378
-1288
-1424
-1462
-1614
-1618
-1581
-1514
-1455
-1351
-1041
-742
-650
-740
-740
-580
-371
-205
-6
189
311
422
517
637
787
956
1069
1177
1265
1337
1391
1365
1322
1181
1117
1164
1127
1108
1053
1008
941
879
882
835
855
877
849
865
867
887
860
838
802
851
834
865
883
882
903
918
901
864
929
866
866
804
782
781
720
714
645
581
569
516
456
442
380
375
280
172
51
-55
-130
-228
-324
-382
-405
-518
-517
-575
-624
-641
-708
-833
-957
-1078
-1198
-1278
-1354
-1396
-1513
-1586
-1635
-1743
-1810
-1870
-1918
-1972
-2012
-2071
-2056
-2061
-2053
-2048
-1902
-1637
-1475
-1293
-1284
-1286
-1137
-939
-747
-570
-388
-209
-53
99
289
461
626
712
672
663
645
653
643
634
664
704
709
614
548
499
451
393
383
399
399
489
498
529
546
548
518
565
661
644
691
708
679
730
748
831
791
784
780
754
678
666
651
555
644
541
507
461
429
388
370
353
271
266
220
161
90
81
11
-24
-62
-159
-164
-232
-332
-387
-431
-485
-603
-671
-743
-808
-933
-944
-1064
-1154
-1206
-1290
-1345
-1450
-1518
-1615
-1621
-1610
-1692
-1711
-1736
-1759
-1776
-1765
-1717
-1630
-1480
-1350
-1260
-1189
-1068
-889
-683
-475
-332
-86
63
226
393
591
806
962
1018
958
925
863
872
865
911
964
890
832
737
692
683
654
639
622
657
724
752
783
809
815
826
813
737
774
771
843
834
868
888
947
968
961
933
917
925
843
843
807
741
734
723
657
615
568
560
506
455
494
381
342
312
185
231
204
149
109
57
29
-63
-82
-239
-248
-348
-353
-306
-478
-485
-577
-589
-662
-771
-878
-981
-1059
-1152
-1226
-1344
-1388
-1434
-1436
-1439
-1406
-1528
-1410
-1287
-1213
-1121
-1033
-920
-852
-775
-716
-517
-176
156
349
450
597
762
904
1101
1235
1248
1231
1191
1224
1244
1276
1290
1247
1186
1119
1055
1003
1001
971
916
943
932
941
969
897
890
871
901
908
849
874
846
835
904
912
940
979
957
977
987
969
976
955
982
914
963
838
1318
1440
796
830
511
705
494
588
526
405
360
83
145
-96
-35
-182
-174
-225
-248
-439
-555
-671
-847
-801
-928
-909
-1023
-1057
-1144
-1234
-1330
-1399
-1477
-1570
-1677
-1820
-1855
-1931
-1936
-2015
-2044
-2081
-2110
-2077
-2043
-1916
-1720
-1542
-1523
-1452
-1377
-1256
-1040
-709
-459
-161
5
2
17
128
355
565
719
706
670
655
736
739
713
664
527
524
402
375
368
381
381
268
273
270
351
413
465
471
464
497
396
437
472
610
689
687
665
760
871
930
993
1036
1003
997
1008
997
909
934
939
813
806
700
758
630
613
479
582
454
405
337
232
231
40
-9
-121
-174
-259
-324
-480
-546
-674
-738
-833
-1002
-1015
-1149
-1223
-1259
-1362
-1471
-1612
-1674
-1778
-1825
-1891
-1946
-1974
-2011
-2001
-2025
-2030
-1969
-1841
-1664
-1553
-1401
-1337
-1286
-1154
-943
-680
-437
-202
30
206
308
419
571
799
984
1033
1097
1103
1113
1117
1096
1086
1062
999
896
813
775
740
753
659
644
456
537
574
558
593
544
602
548
566
590
713
796
940
922
996
936
896
948
1031
956
1027
1071
988
986
1006
1113
1005
998
1001
936
1018
977
907
788
837
772
620
616
349
381
275
147
74
-13
-144
-326
-392
-468
-573
-610
-766
-816
-968
-995
-1241
-1388
-1379
-1429
-1462
-1585
-1621
-1700
-1759
-1802
-1811
-1784
-1765
-1811
-1789
-1633
-1471
-1320
-1236
-1187
-1111
-885
-665
-464
71
324
497
595
650
801
1053
1302
1490
1701
1837
1905
1858
1795
1799
1831
1835
1723
1540
1418
1370
1296
1147
1015
871
815
794
759
719
703
671
641
633
656
668
804
887
987
1087
923
866
899
944
1064
1175
1274
1105
1043
1024
1006
1000
968
1122
1041
1066
905
689
685
605
899
711
460
504
406
246
275
237
288
57
-62
-350
-460
-454
-363
-715
-797
-1038
-703
-460
-1772
-1826
-2175
-2130
-2146
-1969
-2204
-2484
-2735
-2905
-2831
-2758
-2549
-2624
-2578
-2442
-2244
-2218
-2232
-2145
-1906
-1600
-1135
-662
-285
-4
128
142
200
472
1015
1586
1820
1823
1738
1594
1598
1642
1712
1741
1804
1663
1312
966
835
787
630
437
306
377
187
-25
-240
-253
-307
-253
-110
-187
-11
284
356
429
264
161
289
465
806
1017
853
787
693
604
652
610
937
984
902
745
783
653
491
499
738
1229
287
-217
-189
294
152
40
-70
-561
-829
-764
-807
-815
-999
-1178
-1336
-1822
-1725
-1965
-2164
-2378
-2542
-2488
-2774
-2805
-2848
-2970
-2994
-2923
-3079
-3108
-2893
-2488
-2116
-2081
-1924
-1804
-1663
-1366
-838
-367
74
447
685
773
881
1291
1832
2181
2373
2529
2545
2461
2411
2467
2515
2539
2501
2327
2007
1830
1621
1394
1142
945
923
674
366
355
177
1
-115
-251
-117
106
429
329
345
351
108
335
721
906
1093
1116
988
723
845
918
1094
1384
1293
1253
1055
1047
752
1059
1137
661
549
257
285
197
-15
-16
-306
-704
-795
-830
-836
-1229
-1046
-1525
-1609
-2041
-2340
-2617
-2545
-2466
-2524
-3013
-3289
-3501
-3674
-3566
-3385
-3172
-3319
-3219
-2961
-2632
-2558
-2408
-2195
-1729
-1191
-601
-132
333
763
981
1188
1619
2338
3013
3406
3412
3330
3253
3289
3452
3725
3907
3795
3427
2937
2611
2425
2543
2491
2057
1725
1323
998
792
529
248
90
132
265
299
378
649
531
39
-159
192
840
1432
1572
1281
934
707
746
1345
1984
2163
1988
1423
806
715
1259
1459
1413
1002
546
236
-101
-474
-500
-204
-191
-472
-1596
-1979
-1859
-1997
-2213
-2205
-2359
-3204
-3579
-3850
-3859
-3618
-3762
-4082
-4269
-4293
-4062
-3945
-3745
-3317
-2936
-2971
-2993
-2569
-1775
-1054
-558
-342
-82
545
1112
1496
1897
2547
3101
3215
3085
3132
3523
3809
3814
3827
3786
3630
3437
3234
2895
2614
2428
2177
1716
1195
927
687
322
-246
-431
-318
-202
-251
-246
-402
-779
-1015
-921
-407
328
758
435
-140
-233
154
664
983
1112
1234
1151
663
310
593
973
1167
777
278
-75
-305
-553
-760
-713
-929
-1123
-1594
-2011
-2495
-2650
-2981
-3473
-3608
-3614
-3900
-4464
-4984
-5244
-5013
-4685
-4320
-4298
-4506
-4457
-4078
-3708
-3443
-2862
-1951
-1321
-1167
-1068
-633
277
1041
1616
2081
2680
3252
3412
3302
3601
4337
4751
4745
4544
4531
4424
4097
3805
3633
3493
3194
2796
2272
1635
1200
957
613
325
295
185
-208
-491
-626
-611
-612
-656
-651
-285
50
37
11
-7
57
461
1009
1112
1159
1301
1111
953
1005
1220
1470
1350
772
218
97
47
-48
-220
-592
-909
-1473
-2180
-2629
-2629
-2662
-3215
-4010
-4736
-4916
-4828
-4892
-5009
-4895
-4679
-4822
-4985
-4721
-4168
-3793
-3600
-3225
-2437
-1618
-1242
-1184
-762
250
1190
1815
2360
2928
3260
3386
3588
4207
4964
5360
5252
4974
4724
4542
4678
4829
4681
4230
3672
3063
2581
2104
1846
1708
1389
677
327
386
115
-351
-632
-685
-645
-586
-802
-822
-496
-413
-490
-406
-147
234
707
672
439
727
1018
1066
1151
1263
1372
1420
1129
670
682
780
636
312
-297
-797
-1036
-1445
-2140
-2550
-2949
-3452
-4002
-4270
-4646
-4972
-5024
-5002
-4670
-4567
-4644
-4927
-5054
-4781
-4014
-2979
-2020
-1562
-1606
-1527
-956
82
1351
2397
2976
3171
3116
3181
3900
5056
5808
5992
5753
5376
5192
5239
5409
5754
5762
5023
4211
3555
3159
2955
2811
2380
1918
1641
1388
1002
335
-403
-710
-358
45
141
-180
-878
-1450
-1430
-846
-25
498
372
-229
-875
-846
-67
886
1281
993
294
-242
-377
-52
485
785
463
-287
-1097
-1617
-1693
-1452
-1364
-1881
-3028
-4185
-4826
-5069
-5000
-4709
-4477
-4530
-4743
-5354
-5884
-5791
-4958
-4017
-3358
-2997
-2847
-3038
-3232
-2543
-1055
518
1362
1505
1412
1282
1556
2513
3867
4850
5101
4664
4020
3772
4085
4917
5637
5629
4780
3601
2829
2607
2825
3097
3051
2411
1351
318
180
636
914
798
83
-787
-1270
-1167
-763
-95
134
-358
-974
-1208
-1007
-333
307
378
159
-39
-230
-175
116
408
590
449
-62
-323
-241
-293
-458
-704
-884
-1151
-1819
-2501
-3083
-3586
-3870
-3976
-4102
-4681
-5299
-5315
-4763
-4530
-4988
-5737
-5752
-4898
-3886
-3366
-3340
-3181
-2839
-2570
-2046
-638
932
1588
1160
883
1566
2813
3736
4277
4627
4685
4415
4246
4552
5121
5590
5446
4915
4297
3844
3614
3551
3332
2958
2642
2307
1957
1605
1296
829
331
13
57
373
375
-301
-1007
-1152
-821
-337
-50
-306
-647
-792
-848
-720
-136
443
434
-195
-745
-566
69
340
106
-112
-317
-640
-839
-1008
-991
-1027
-1457
-2393
-3323
-3503
-3405
-3661
-4366
-4485
-3873
-3225
-3974
-5444
-6032
-5135
-3591
-2891
-3028
-3301
-3159
-3172
-3126
-2041
165
1615
1204
64
62
1285
2714
3549
4083
4467
4246
3639
3365
4059
5166
5845
5496
4592
3786
3511
3556
3629
3717
3649
3301
2382
1168
781
1794
2560
2013
541
-279
-163
319
460
458
674
450
-574
-1253
-707
276
836
320
-585
-632
-165
-54
-142
82
358
431
-125
-744
-520
-95
-133
-520
-879
-1008
-1248
-1938
-2605
-2542
-2490
-2875
-3297
-3761
-4123
-3550
-2483
-2823
-4560
-5428
-4044
-2382
-2235
-2686
-2424
-2071
-2415
-2463
-1090
995
1873
1054
129
688
2210
3283
3367
3443
4018
4250
3588
3221
4151
5073
5041
4425
4025
3947
3704
3208
3080
3404
3604
3283
2394
1410
1180
1663
1875
1417
847
592
416
18
-438
-125
514
314
-564
-1149
-1046
-534
-257
-471
-667
-593
-690
-1121
-1407
-1127
-490
-421
-1129
-1599
-1396
-1242
-1364
-1508
-1386
-1369
-1947
-3120
-3820
-3600
-3293
-3569
-4449
-4691
-3803
-3016
-3638
-5330
-6099
-4916
-2861
-2095
-2867
-3536
-3329
-2891
-2503
-1425
461
1707
885
-668
-313
1804
3353
3431
3154
3486
3801
3398
3148
3968
4943
5022
4297
3706
3491
3380
3151
3046
3334
3456
3139
2319
1331
716
1001
1642
1780
1236
243
-455
-666
-517
-63
567
465
-536
-1524
-1593
-660
228
116
-557
-939
-1019
-1159
-1056
-543
-58
-210
-1052
-1716
-1585
-1110
-951
-1117
-1408
-1673
-2194
-2831
-3333
-3263
-3201
-3523
-4278
-4576
-3845
-2787
-3130
-5027
-6365
-5369
-2838
-1513
-2520
-3981
-3803
-2735
-2096
-1610
-171
1304
1018
-542
-572
1667
3594
3442
2680
3193
4109
3935
3267
3702
5002
5438
4662
3991
3913
3921
3617
3509
3823
3902
3390
2677
2117
1632
1686
2206
2435
1676
474
-127
213
671
637
538
443
-223
-1219
-1300
-306
507
233
-849
-1424
-1038
-708
-861
-867
-428
-403
-1114
-1914
-1752
-997
-732
-1231
-1636
-1501
-2026
-2896
-3483
-3252
-3004
-3190
-3968
-4412
-3536
-2526
-3193
-5367
-6326
-4530
-1831
-1659
-3510
-4344
-3261
-2346
-2293
-1595
232
1228
181
-1221
-408
2247
3687
2971
2216
3087
3938
3522
2918
3917
5410
5442
4195
3617
4012
4138
3954
3951
4388
4322
3393
2398
2125
2513
2957
3160
2833
1660
401
194
1011
1747
1824
1272
382
-492
-777
-259
1013
1569
459
-940
-1181
-511
-41
-103
-52
357
-35
-1269
-1808
-1035
-267
-441
-1065
-1342
-1411
-2157
-3132
-3242
-2261
-2116
-3184
-4660
-4777
-3268
-1978
-2694
-4824
-5843
-4733
-2478
-1790
-2771
-3555
-3090
-2393
-2166
-1693
-257
1071
641
-451
24
2039
3198
2521
1986
3212
4497
3910
2647
3183
4718
5096
4187
3745
4130
4039
3159
2894
3908
4393
3807
2868
2239
1941
2081
2434
2722
2456
1401
489
517
872
972
1079
901
20
-902
-1073
-408
387
150
-640
-823
-641
-960
-1289
-1018
-500
-424
-1217
-2231
-2335
-1628
-1477
-1973
-2185
-1968
-2625
-3853
-4457
-4060
-3598
-3903
-4771
-4845
-3591
-2885
-4405
-6516
-6312
-3856
-1777
-2299
-4159
-4696
-3405
-2278
-1999
-1290
223
890
-275
-1214
105
2626
3342
2298
2090
3321
3906
2875
2232
3655
5363
4970
3362
2752
3205
3386
3017
3181
3886
3867
2659
1308
1177
1975
2763
2877
2217
1107
246
266
934
1482
1492
1030
224
-490
-716
-183
755
1016
167
-773
-885
-571
-391
-330
-166
20
-397
-1482
-2103
-1559
-713
-790
-1808
-2437
-2466
-2879
-4041
-4161
-3566
-3533
-4471
-5062
-4005
-2931
-3812
-6319
-6957
-4447
-1611
-2016
-4507
-5241
-3328
-1676
-1976
-2072
-358
1274
317
-1223
-50
2870
3695
2288
2024
3780
4594
3247
2288
3773
5857
5592
3689
2862
3505
3873
3470
3327
3898
3986
2944
1628
1394
2065
2585
2490
1961
1292
467
160
531
1187
1370
936
185
-399
-573
-219
495
857
348
-432
-639
-338
-218
-223
-80
213
12
-1067
-1759
-1418
-711
-808
-1417
-1883
-2085
-2953
-3858
-3696
-3352
-3713
-4448
-4401
-3323
-2676
-3954
-6375
-6875
-3978
-754
-1398
-4715
-5633
-2981
-939
-1626
-2042
-176
1606
636
-1110
68
3069
3922
2501
2359
4096
4856
3274
2220
4234
6585
6158
3873
2996
3820
4256
3766
3671
4356
4299
2909
1444
1615
2716
3116
2396
1822
1450
776
425
620
1235
1488
940
-47
-443
-221
127
678
1013
521
-246
-569
-222
128
302
382
465
61
-855
-1260
-759
-293
-439
-1114
-1766
-1955
-2373
-3459
-3887
-3324
-3203
-3892
-3843
-2847
-2919
-5039
-7185
-5963
-1855
-27
-3191
-6213
-4604
-1374
-1083
-2315
-1124
1412
1420
-763
-1023
1906
4244
3474
2254
3371
5029
4184
2322
3077
5984
6884
4746
2839
3300
4182
3852
3453
3921
4038
3036
1585
1049
1773
2514
2172
1374
490
-399
-609
-92
393
534
321
-593
-1274
-1085
-597
-109
324
-183
-1172
-1301
-855
-600
-559
-401
-344
-375
-1151
-2178
-1899
-782
-583
-1641
-2701
-2736
-2813
-3909
-4670
-4142
-3459
-3990
-4099
-3084
-3740
-6861
-7999
-4697
-762
-1247
-5056
-6515
-3975
-1592
-2081
-2530
-588
1450
322
-1889
-892
2651
4080
2625
2143
4072
4864
2740
1742
4462
7104
6070
3578
2960
3940
4131
3642
4061
4985
4395
2524
1595
2003
2523
2505
2413
2104
1172
-278
-706
192
1056
937
202
-737
-1528
-1691
-1126
-24
563
-442
-2067
-2174
-1236
-785
-997
-858
-526
-965
-2325
-2854
-1861
-838
-1347
-2454
-2829
-2861
-3422
-4530
-4540
-3971
-3303
-2711
-2285
-3440
-6150
-7604
-5016
-423
410
-3365
-6076
-4107
-1263
-1357
-2240
-270
2390
1579
-1499
-1494
2050
4262
3329
2699
4208
4888
2791
1132
3703
7252
7067
4130
2672
3321
3826
3596
4194
5452
5231
3171
1152
1055
2279
3429
3767
3100
1248
-564
-663
618
1647
1812
1195
-235
-1536
-1898
-1120
455
1415
146
-1855
-2399
-1685
-1236
-1206
-822
-362
-1076
-3133
-4114
-2792
-1173
-1570
-2969
-3805
-3842
-4505
-5736
-5823
-4485
-2429
-1471
-3183
-6741
-8345
-6102
-1614
644
-1408
-4482
-4451
-2505
-1676
-1439
510
3123
2832
-41
-1084
1583
3986
3981
3877
5382
5820
3328
1055
2922
7000
7935
5484
3614
3519
3021
2399
3568
5897
6007
3187
450
474
2389
3280
3111
3068
2339
482
-801
26
1771
2534
1959
666
-195
-692
-973
148
2179
2274
12
-1625
-1546
-686
-314
-259
-95
-278
-2016
-3917
-3738
-2045
-1477
-2621
-4123
-4619
-5240
-6451
-7139
-5712
-2198
-507
-3693
-9048
-10121
-5527
-191
309
-2780
-4350
-2796
-1833
-2647
-1624
2344
5070
3102
-337
7
3294
4561
3837
4963
7577
6689
2269
333
3944
8059
7702
4741
3456
3443
2060
989
3088
6413
6019
1953
-1267
-792
1172
2370
2907
2903
1297
-1649
-2874
-922
1827
2401
1386
319
-655
-1845
-1832
416
2795
2369
-434
-2350
-1974
-1213
-1051
-587
299
-119
-3080
-5763
-5483
-2839
-2180
-4095
-5779
-6267
-7412
-9300
-7941
-3439
-1107
-5062
-10819
-10986
-5508
-1391
-2666
-5080
-3831
-1243
-2043
-4301
-2373
2871
4968
2526
627
2335
4088
3308
3204
6520
9285
7069
2561
1640
4891
7321
6589
5134
4884
3879
1464
253
2417
5205
4677
1436
-774
-768
-334
415
1639
2411
1198
-1342
-2725
-1437
873
1574
1237
881
-6
-1395
-1511
289
2239
2228
510
-765
-813
-975
-1331
-637
544
199
-2429
-4762
-4857
-3675
-3670
-4637
-5653
-6693
-8491
-8630
-5243
-2554
-5001
-10332
-11100
-5557
-958
-3065
-6937
-5603
-1072
-396
-3093
-2555
2046
4377
2051
642
3668
6456
4714
2630
5334
9383
8401
4130
3177
6171
7739
6027
4484
5090
5001
2658
1246
2706
4549
3416
639
-471
302
656
186
201
622
259
-914
-1463
-699
403
661
416
551
470
-353
-559
629
1711
1325
314
-31
82
-348
-998
-629
249
-554
-2961
-4147
-3796
-3621
-4669
-6206
-7206
-7501
-7029
-5205
-3545
-5486
-10153
-11481
-6631
-1183
-1581
-5866
-6978
-3736
-1334
-1991
-1639
1903
4197
2442
507
2532
5820
5757
4266
5935
8828
8121
4422
3478
6603
8672
7303
5384
4782
4024
2312
1820
3616
5001
3478
579
-666
13
542
500
672
750
39
-1150
-1557
-764
392
1040
1257
1114
501
-55
2
1450
2673
2187
1154
711
467
-277
-655
110
836
-110
-2637
-3766
-3816
-4097
-5255
-6213
-6546
-7200
-7069
-5579
-3818
-5871
-10157
-10932
-5679
-425
-1283
-5505
-6354
-2805
-570
-901
43
3395
4743
2551
1085
3868
7183
6624
4981
6571
9185
8056
4498
3910
6853
8448
6842
4884
4347
3256
1477
1340
3494
4532
2307
-1057
-2213
-1036
72
500
305
-214
-1484
-2335
-1665
-149
664
568
585
739
565
-174
50
1506
2446
1831
595
-75
-428
-1134
-1393
-814
-379
-1544
-4139
-5698
-5462
-5328
-6650
-8204
-9336
-8523
-6192
-4798
-6558
-10359
-11803
-8392
-2913
-1044
-3304
-5449
-4594
-2553
-934
1086
3787
5039
3497
2092
3742
6643
7244
6231
6778
8656
8288
5471
3986
5378
6928
6570
5368
4297
2453
56
-173
2123
3345
1470
-1276
-2573
-2315
-1445
-764
-170
50
-1360
-2913
-1925
-15
437
252
918
1822
1766
467
-124
1411
3113
2757
1314
831
487
-680
-1992
-1909
-765
-1402
-4212
-6824
-7388
-7421
-8543
-10623
-10628
-7185
-4422
-5922
-11118
-14113
-11238
-4838
-1071
-1828
-3735
-4310
-3767
-2798
164
4940
7999
6398
3248
3466
6472
8145
7897
8526
10674
10596
6831
3829
4806
6985
7018
5798
4988
3558
183
-2605
-1169
2352
2644
-401
-2925
-3270
-3011
-2883
-1902
288
1206
-889
-2770
-1746
517
1528
1971
3027
3899
2866
748
893
3310
4653
3563
2183
1655
765
-1400
-2959
-1780
-364
-2219
-6143
-8277
-8641
-9305
-11274
-12000
-8817
-4776
-5447
-10980
-15161
-13413
-7195
-2123
-1116
-2333
-3386
-3943
-3614
-572
4846
9045
8711
5496
4285
6206
8193
8660
9445
11502
12105
8874
4657
3829
5773
6832
6145
4993
3456
348
-2816
-2828
-90
1604
144
-2510
-4052
-4251
-4044
-2984
-606
1100
181
-1616
-1575
-170
1045
2183
3781
5039
4425
2106
1128
2798
4599
4368
3298
2624
1219
-1151
-3210
-2663
-959
-1342
-4740
-8164
-9281
-10063
-11477
-12005
-9275
-5432
-4762
-8872
-13181
-12716
-8054
-3075
-571
58
-571
-1859
-2469
-124
5137
9811
10558
8448
6822
7031
7919
8759
10279
12126
12376
9649
6036
4101
4086
4490
4855
4953
3623
587
-2554
-3664
-2513
-844
-553
-1330
-2403
-3564
-4529
-3667
-938
1294
1849
1113
384
419
1149
2338
4254
6178
6188
4176
2277
2045
2598
2910
2735
2014
551
-1932
-4515
-5607
-5187
-5004
-6334
-9004
-11344
-13298
-14931
-14281
-10261
-5835
-5504
-9436
-13283
-12191
-7046
-2212
188
1383
1902
1026
135
2076
7036
11072
11418
9885
9403
9551
8836
8105
9301
11586
11543
8259
4459
2251
1199
833
1331
2208
1436
-1625
-5303
-6871
-5577
-3409
-1839
-1304
-2008
-3654
-4551
-3188
-28
2895
3986
3372
2516
2529
3244
4715
6660
7787
7014
5157
3457
2678
2379
2012
1537
942
-633
-3599
-6510
-8050
-8076
-8301
-9222
-10998
-13407
-15999
-17882
-17031
-12944
-8352
-7349
-9772
-12176
-11463
-7648
-3026
817
3336
4385
3735
3189
5238
9178
12089
12787
12387
12124
11595
10192
9015
9540
10682
10169
7734
4704
1900
-614
-2053
-1840
-609
-668
-3109
-6340
-8074
-7460
-5609
-3837
-2520
-1793
-2229
-2773
-1759
635
3144
4946
5841
6232
6597
6463
6471
7586
9129
9281
7880
6083
4348
2957
1641
827
393
-843
-3591
-6932
-9074
-9880
-10454
-11192
-12418
-14211
-16523
-18772
-18727
-15140
-10440
-8173
-8832
-10233
-9820
-7110
-3361
593
4156
6484
6713
6065
7138
10108
12623
13387
13456
13587
13108
11277
9320
8874
9316
8528
6274
3858
1386
-1621
-4154
-4888
-3913
-3039
-4242
-6880
-8497
-8604
-7391
-5016
-2586
-1158
-875
-1071
-481
1875
4518
6236
7414
8421
8848
8628
8352
8506
9019
9172
8525
7230
5489
3154
750
-576
-899
-1685
-3877
-6757
-9340
-10968
-11717
-12339
-12907
-13684
-15286
-17374
-18624
-17885
-14488
-9705
-6612
-6293
-7032
-6600
-4254
-641
3487
7208
9823
10202
9145
9404
11736
13878
14326
13938
13605
12674
10258
7801
7143
7351
6039
3347
836
-1172
-3696
-6398
-7259
-6138
-5579
-6365
-7093
-7248
-7456
-6731
-3996
-349
2612
2957
1918
2718
5718
8124
9605
11144
11862
11168
10010
9359
9564
9889
8957
7185
5921
4471
1733
-1213
-3020
-3944
-4792
-6299
-8424
-10529
-12219
-13650
-14160
-13679
-13622
-15154
-16869
-17384
-16830
-14871
-10978
-6259
-3195
-2621
-3671
-3581
-597
3976
7800
10633
12170
11531
10220
10228
11975
13679
13752
12256
10625
8996
6688
4709
3827
2984
1219
-1086
-3322
-5420
-7374
-8979
-8968
-7846
-7242
-8043
-8174
-6624
-4679
-3133
-1204
2209
5447
6624
6138
6627
8671
10938
12200
12602
12581
11703
9362
7282
7427
7778
6425
4213
2260
153
-2248
-4611
-6362
-7141
-7872
-9600
-11348
-12245
-13007
-14210
-14969
-14207
-13501
-13884
-15279
-15901
-15501
-13214
-8868
-3597
397
821
-1673
-2912
103
5445
9927
12071
12079
10795
9271
8914
10493
12268
11753
9190
6873
5548
4345
2607
844
-423
-1612
-3391
-5287
-6576
-7756
-8856
-8742
-7391
-5837
-5411
-6086
-5630
-3079
-358
2563
6544
8527
8455
8236
8624
9902
12706
13631
12133
11479
10818
7910
6680
6550
4746
3299
1849
58
-1709
-3056
-5461
-7567
-8081
-8588
-9968
-10998
-11205
-11973
-12733
-12606
-12384
-12050
-12158
-13112
-13995
-12988
-10405
-7010
-2539
1595
2509
425
-1131
458
5293
9918
11143
10216
10066
10153
9325
9183
9909
9683
7667
4928
3766
4440
3685
333
-2290
-2757
-3390
-5180
-6720
-6955
-6343
-6267
-6555
-5620
-3827
-3924
-4728
-1995
2281
4930
7421
9139
9113
9299
9380
8788
10794
13501
11788
8989
8673
7153
4660
4117
3085
1450
696
-998
-3486
-4215
-4726
-7158
-8536
-8196
-8852
-10149
-10789
-10966
-11022
-10433
-10717
-11371
-11252
-11485
-12745
-12995
-10291
-5550
-422
3131
3033
-268
-1767
607
5181
9404
11045
10336
9313
9063
8514
8797
9994
8742
5424
3604
4133
4641
3333
426
-1916
-2285
-3250
-5246
-5624
-5024
-5460
-5912
-4755
-2699
-1744
-2988
-4570
-1771
3893
7172
9917
12192
10506
7738
7653
9153
11788
13796
10937
6910
7318
6775
3418
2958
2709
99
-1501
-1702
-2755
-3712
-4515
-7499
-8918
-7361
-7687
-9871
-10494
-10093
-10021
-10020
-9343
-9531
-10668
-11710
-12870
-12324
-8971
-3570
948
3614
3087
-689
-2199
1684
6407
8683
9662
10161
9875
9515
8725
8306
8894
7236
3382
2750
5004
4803
1586
-1116
-2041
-2372
-3777
-5836
-5918
-4786
-5583
-6342
-3880
-1137
-1467
-3643
-3545
892
5540
8065
10644
11821
9498
7139
7231
9223
11705
11037
6855
5304
6720
4639
1605
1552
286
-1841
-2276
-2349
-2770
-3552
-5770
-8723
-8353
-6834
-8360
-9945
-10077
-9873
-10072
-10058
-9289
-9860
-11663
-12933
-13614
-12469
-7816
-679
3955
3982
263
-3520
-1531
4118
6579
6610
8720
10692
9654
8191
8100
8195
6257
2046
552
4497
6914
2848
-1925
-2503
-2317
-4383
-6247
-5461
-3646
-4305
-6563
-5208
-705
99
-3352
-4345
134
5058
7241
9198
11042
10728
8141
6140
7927
11146
10052
5491
3833
5871
5528
2657
970
-409
-2005
-3325
-3552
-2423
-2099
-4027
-6853
-7092
-5896
-6890
-8937
-9575
-9015
-8443
-8299
-7902
-8265
-10033
-12201
-13593
-12681
-8935
-2493
3830
5660
1952
-2524
-1892
3010
5953
6122
7466
10158
10752
8382
7069
7980
6742
2168
-363
3304
6915
3890
-1552
-2898
-1517
-2896
-6321
-6186
-3089
-2729
-5214
-4821
10
2072
-1451
-3646
625
6454
8908
9861
10755
10437
8535
6339
6916
10153
9476
4329
2309
4800
4814
1862
33
-1818
-3125
-3106
-3331
-2839
-2345
-3588
-6095
-6637
-5368
-6483
-8216
-8703
-8547
-7795
-6911
-6626
-7613
-10135
-11977
-13083
-12603
-8743
-1951
4640
5507
1184
-2496
-1204
3132
4896
5188
8288
11685
10940
8181
7926
8889
6310
821
-937
3310
6160
2602
-1387
-800
-1047
-5787
-9192
-6586
-2500
-2926
-5439
-4114
342
1246
-1935
-1543
3974
7125
6821
9877
14583
14186
9746
6880
7660
9859
8811
5059
4282
5351
2606
-1195
205
562
-3644
-5497
-4649
-3119
-2575
-3435
-4784
-6015
-6287
-7478
-7751
-5718
-6280
-7816
-7498
-6571
-6371
-8887
-11106
-12108
-12662
-9045
4
7772
7709
911
-3095
-803
3250
5641
5964
8659
10906
8166
6706
9579
10421
4194
-3246
-2623
2951
5377
2872
-88
-167
-2625
-7747
-7764
-3178
-1286
-4658
-6069
-1240
3641
3251
88
35
3426
4984
6986
13300
16793
12620
6816
5715
7689
8700
6460
3297
2670
2963
1151
91
1517
-1744
-7177
-6817
-3725
-1960
-2329
-3309
-4675
-6708
-7017
-6554
-6076
-6077
-8308
-8641
-6155
-4790
-6442
-10170
-12247
-13437
-13641
-7525
3111
8995
5528
-1212
-2887
-11
3452
4198
4678
7437
8519
7449
8253
10876
8386
-335
-5337
-2440
2803
4586
2112
-354
-1574
-4204
-6761
-6226
-3807
-4556
-7646
-5772
388
4324
3159
51
-186
1856
4044
8928
14066
13658
9761
7240
7447
8584
7934
4685
1930
2015
2708
2091
2706
1206
-5074
-7316
-4799
-3022
-2858
-3985
-4871
-6343
-7232
-6316
-6245
-7010
-9003
-10692
-8296
-5433
-5182
-7631
-10666
-12290
-13604
-11188
-2295
6362
7331
2071
-934
1276
3974
4632
4037
5097
7471
7780
8236
10906
11106
4494
-3553
-3864
1000
3254
1934
-413
-1235
-1798
-4064
-5075
-4102
-4654
-7708
-8395
-2774
3379
3942
1294
-8
1645
3858
6372
10726
12410
10008
8257
8829
10334
10156
6738
3121
2027
3017
3342
2855
2403
-1766
-5591
-4127
-2392
-2725
-4423
-5762
-6327
-6824
-5889
-5093
-6218
-8502
-10647
-9506
-6313
-5501
-7039
-9378
-10958
-11832
-11586
-6652
834
4197
2851
470
1307
3765
4436
3731
3745
5626
7383
8255
9799
11080
8293
1628
-1775
370
2432
1622
-106
-846
-880
-1791
-3165
-3782
-4856
-7195
-8817
-6067
-652
1762
770
20
1365
3410
4539
6765
10424
10971
9163
9803
11553
10793
8563
6113
4124
3552
3457
3102
2318
1513
-1635
-4384
-2653
-2469
-4840
-5735
-5737
-6211
-6898
-6270
-5618
-7480
-9495
-9456
-8221
-6377
-6764
-7962
-8404
-9841
-10831
-8620
-3098
1949
3134
1644
2035
3825
3776
3567
3837
4837
5507
6012
8405
10216
9502
5849
1259
529
2207
1869
967
420
76
-375
-970
-896
-1934
-4238
-6565
-7104
-4129
-632
369
-131
562
2285
3755
5356
7047
7589
6993
7130
8999
10627
10305
9007
6718
5221
4831
4034
3342
2125
680
-448
-574
-13
-1623
-3856
-4935
-6137
-6765
-6153
-5485
-6023
-7789
-8459
-7726
-7140
-7126
-8142
-8782
-8928
-9810
-10101
-8406
-4319
-44
1188
640
837
1415
1596
1288
1528
3212
4464
5049
6159
7697
8576
5988
2363
1984
2894
2954
2056
1630
2559
2371
1079
489
-119
-1726
-4606
-6046
-4149
-2149
-1695
-1916
-1218
185
619
1099
2440
3048
3048
3348
4970
6749
7217
7163
6531
5532
4868
4182
3761
3178
2326
2082
2126
1954
645
-1117
-2057
-3221
-4414
-4698
-4497
-4981
-6264
-6894
-6642
-6708
-7260
-8099
-8814
-9390
-10252
-10362
-9420
-7558
-4735
-2786
-2633
-3350
-3573
-2551
-1850
-2029
-1368
324
1745
2732
4016
5927
6764
5458
4762
5662
6305
5742
4968
5635
6721
6378
5278
4727
4171
2311
39
-716
-360
-592
-994
-613
56
38
-382
-519
-472
-689
-1081
-334
809
1703
2858
3687
3982
3355
2627
2745
2866
2809
2810
3164
3659
3122
2132
1493
470
-1024
-2304
-2990
-3443
-4272
-5207
-5807
-6080
-6705
-7717
-8507
-9661
-10987
-11255
-10254
-8354
-6574
-5630
-5109
-4749
-4314
-3843
-3424
-2780
-1943
-995
685
2993
5137
6692
7113
6840
6954
6919
6781
7004
7326
7786
7837
7762
7857
7054
5231
2986
1231
404
-165
-383
44
389
247
-243
-612
-770
-1355
-2057
-2179
-1319
116
1344
2397
2855
2814
2477
2148
2185
2294
2328
2449
2768
2991
2803
1989
745
-867
-2338
-3297
-4277
-5024
-5721
-6459
-7095
-7878
-8655
-9580
-10269
-10060
-9085
-8153
-7149
-6067
-4882
-3886
-3697
-3383
-2588
-1851
-1015
154
1874
3783
5028
5792
6486
6912
7001
6706
6793
7318
7375
7235
7269
7515
7430
6359
4862
3527
2098
1138
535
355
462
527
589
265
-133
-762
-1319
-1291
-957
-76
1000
1845
2574
3012
3576
3735
3206
2787
2712
2979
3280
3262
3205
2875
1940
567
-947
-2311
-3496
-4654
-5695
-6226
-6498
-7251
-8506
-10016
-11045
-10535
-9177
-8015
-7228
-6538
-5410
-4586
-4064
-3248
-2449
-1758
-1082
-100
1730
3719
4850
5245
5447
5731
6020
5950
6026
6422
6586
6448
6695
7246
7199
6016
4316
3011
2227
1725
1215
890
669
161
-39
-77
-330
-909
-1786
-2235
-1887
-957
259
993
1365
1768
2131
2780
2956
2538
2401
2477
2733
3090
3301
2952
1804
287
-906
-1742
-2555
-3735
-4913
-5781
-6597
-7271
-8132
-9177
-10513
-11455
-10813
-9231
-8033
-6933
-6275
-5777
-4975
-4506
-3651
-2766
-2303
-1376
82
2131
4259
5082
5143
4860
4429
4592
4830
5236
5646
5595
5740
6130
6528
6417
5253
3584
2174
1493
1373
1354
1572
1476
1050
909
473
-113
-824
-1498
-1505
-1032
136
1304
1703
1889
1944
1995
2311
2353
2250
2291
2362
2610
3005
3255
2896
1622
25
-1444
-2533
-3181
-3842
-4520
-5090
-6120
-7174
-8115
-9423
-10449
-10770
-9892
-8346
-7350
-6136
-5443
-5127
-4442
-3998
-3138
-2265
-1813
-583
1037
3048
4850
5198
5408
5216
4732
4646
4330
4635
5085
5140
5636
5959
5974
5325
3799
2673
1965
1605
1487
1324
1775
2027
1890
1732
1080
473
-323
-992
-746
-153
862
1728
2054
2470
2412
2192
1981
1679
1879
2423
2919
3249
3110
2773
2038
912
-137
-1299
-2286
-3223
-4190
-4731
-5052
-5488
-6403
-7927
-9559
-10635
-10524
-9289
-7998
-6961
-6122
-5633
-4982
-4343
-3980
-3437
-2994
-2051
-359
1660
3628
4700
4981
5125
5127
5128
5090
4704
4516
4520
4893
5728
6125
5875
4718
3115
1921
1328
1432
1587
1633
1875
1916
2065
2087
1373
683
-37
-415
198
884
1721
2284
2419
2753
2898
2873
2504
1843
1746
2305
2965
3508
3548
2972
1937
775
-308
-1057
-1614
-2455
-3385
-4076
-4409
-4908
-5833
-7287
-8871
-9618
-9243
-8101
-6960
-6392
-5870
-5437
-4881
-4345
-3962
-3588
-3198
-2257
-584
1523
3554
4514
4563
4621
4721
4932
5057
5017
5150
5195
5429
5975
6233
5827
4461
3036
2309
1998
1779
1583
1757
2059
2034
1927
1822
1260
508
-79
-101
476
1199
1734
1945
2085
2362
2279
2112
2017
1815
1835
2189
2750
3130
3051
2518
1580
601
-268
-1173
-1881
-2364
-2917
-3397
-3997
-4653
-5781
-7382
-8781
-9609
-9031
-8010
-7370
-6557
-6089
-5926
-5536
-5401
-5077
-4770
-4473
-3329
-1857
169
2019
2815
3285
3290
3265
3640
3916
4174
4485
4737
5230
5765
6053
5612
4284
2944
2027
1881
2019
1933
1882
2001
2166
2117
1703
906
-47
-523
-361
172
1002
1633
1730
1601
1573
1488
1238
894
767
1053
1763
2411
2572
2531
1957
870
-36
-742
-1365
-2036
-2658
-2906
-3031
-3466
-4354
-5638
-6959
-8149
-8861
-8067
-6789
-6084
-5971
-5886
-5596
-5391
-5385
-5382
-5004
-4549
-3802
-2154
150
1829
2354
2167
2274
2717
2993
3253
3619
4169
4656
5140
5961
6333
5558
4061
2864
2625
2676
2520
2277
2362
2665
2760
2661
2479
1609
394
-188
202
1038
1654
1948
2023
1987
2090
1976
1535
1115
832
1073
1835
2564
2717
2356
1719
939
137
-437
-1030
-1673
-2182
-2257
-2168
-2649
-3557
-4833
-6115
-7175
-7812
-7676
-6768
-5829
-5461
-5417
-5299
-5267
-5316
-5496
-5352
-4746
-4010
-2942
-1346
581
1840
1883
1563
1653
2025
2540
2890
3372
4271
4807
5287
5849
5852
4899
3349
2485
2693
3029
3029
2841
3001
3248
3153
2932
2543
1593
663
578
1185
1936
2460
2508
2221
2123
2111
1864
1344
878
862
1270
1966
2197
1906
1370
524
-356
-892
-1166
-1602
-2095
-2325
-2348
-2468
-2971
-3788
-4887
-5890
-6886
-7087
-6117
-5026
-4250
-4046
-4152
-4411
-4613
-4589
-4473
-4199
-3710
-3109
-1994
-196
1262
1850
1581
1380
1536
1980
2437
2721
3159
3800
4583
5359
5763
5380
4056
2847
2643
3114
3517
3571
3568
3548
3533
3584
3475
2809
1789
1277
1652
2284
2821
3077
2849
2490
2385
2410
2146
1492
1086
1200
1663
2191
2123
1589
729
-233
-1026
-1280
-1403
-1364
-1683
-2053
-2381
-2946
-3482
-4192
-4974
-5772
-6568
-7078
-6875
-6039
-5089
-4613
-4444
-4561
-4605
-4814
-5160
-4936
-4264
-3366
-2325
-1026
588
1533
1439
1050
880
1351
1992
2642
3475
3935
4121
4560
5181
5427
4630
3414
2573
2394
2893
3434
3700
3541
3057
2807
2673
2301
1459
618
381
598
1403
2156
2194
1737
1082
859
980
969
738
475
511
914
1209
1200
588
-566
-1507
-2016
-1846
-1687
-1895
-2442
-3025
-3046
-3106
-3423
-4063
-4983
-5820
-6299
-6550
-6079
-4829
-4102
-3951
-4123
-4433
-4593
-4794
-4811
-4405
-3943
-3287
-2424
-1336
78
683
504
67
-257
127
716
1539
2554
3210
3696
4153
4603
4708
4038
3069
2377
2484
3269
4043
4471
4370
3963
3588
3329
2997
2429
1773
1387
1649
2366
3016
3050
2380
1497
964
824
906
802
518
460
519
705
622
123
-954
-2049
-2411
-2196
-1847
-1797
-2205
-2602
-2754
-2886
-2975
-3407
-4298
-5166
-5509
-5346
-5198
-4524
-3644
-3371
-3356
-3602
-3794
-4088
-4442
-4222
-3571
-2892
-2267
-1421
-311
409
377
46
-348
-326
69
891
2204
3156
3661
3833
3938
4111
3830
3256
2726
2641
3305
4238
4945
5192
4906
4203
3464
3058
2816
2519
2263
2226
2577
3159
3422
3045
2110
1227
598
363
484
587
600
517
393
240
-136
-854
-1743
-2390
-2455
-2259
-1991
-1846
-2016
-2335
-2881
-3139
-3272
-3624
-3988
-4553
-4802
-4704
-4522
-3806
-3237
-3240
-3377
-3535
-3695
-3886
-4072
-3702
-3032
-2495
-1962
-1386
-661
-232
-250
-186
-139
-51
421
1320
2603
3526
3844
3843
3714
3711
3714
3655
3657
3723
4014
4618
5246
5643
5335
4493
3754
3249
3056
3068
3204
3177
3207
3051
2793
2406
1720
1102
435
164
274
511
666
596
236
-175
-611
-995
-1296
-1500
-1290
-1278
-1339
-1317
-1244
-1348
-1634
-1796
-2080
-2386
-2691
-2823
-2811
-2903
-2911
-3199
-3525
-3493
-3366
-3151
-2989
-3082
-3466
-3753
-3615
-3106
-2604
-2350
-2252
-2245
-1918
-1362
-788
-221
209
495
816
1328
2124
2733
2921
3047
3192
3538
3865
4160
4449
4467
4413
4372
4434
4628
4498
4186
3802
3321
2981
2712
2373
2080
1679
1226
857
500
254
75
-152
-364
-559
-677
-769
-854
-899
-908
-896
-1149
-1307
-1473
-1539
-1439
-1363
-1395
-1401
-1249
-1544
-1856
-2083
-2069
-2225
-2454
-2492
-2324
-2433
-2808
-2965
-3023
-3238
-3793
-4217
-4149
-3805
-3204
-2922
-3021
-3227
-3477
-3568
-3218
-2535
-1880
-1453
-1052
-350
215
666
1032
1195
1453
1749
2241
2758
3212
3593
3747
3892
3918
3741
3416
3099
3101
3443
3774
3792
3517
2879
2116
1588
1207
1461
1146
363
68
267
95
-149
151
-202
-712
-820
-634
-783
-619
-127
67
-184
-491
-661
-661
-733
-999
-1071
-804
-745
-802
-987
-1199
-1093
-1062
-1004
-1332
-1918
-1906
-2175
-2417
-1974
-1872
-2201
-2429
-2624
-2879
-3045
-2947
-2566
-2196
-1917
-1758
-1532
-1109
-774
-711
-721
-552
-274
129
615
1270
1761
1916
2042
2009
1941
1927
1974
2146
2398
2562
2668
2578
2346
2039
1595
1416
1315
1313
1334
1259
1159
970
712
420
190
-20
-120
-149
80
319
239
249
275
-17
-279
-83
-53
-213
-180
-119
75
54
-24
329
481
-534
-1111
-686
-328
-283
-528
-763
-986
-1285
-1217
-896
-864
-1092
-1177
-1286
-1541
-1418
-1004
-642
-910
-877
-544
-540
-477
-333
-155
-86
68
403
571
524
586
590
551
618
804
800
704
675
655
726
764
747
595
451
330
290
322
308
234
215
125
101
122
45
268
359
453
539
492
424
372
372
284
379
523
635
539
336
323
352
423
523
627
748
609
531
212
171
761
1321
767
1
456
225
-118
395
946
762
209
343
226
-359
-509
-148
177
427
1002
1683
2135
1221
21
-384
-464
-65
870
1510
1225
773
507
236
15
135
519
717
367
286
9
-563
-590
-314
-217
-245
-367
-556
-730
-876
-796
-739
-907
-994
-1041
-1100
-1137
-1132
-1172
-1276
-1414
-1450
-1397
-1333
-1232
-1075
-827
-758
-725
-492
-322
-331
-315
-98
74
129
268
328
246
95
30
182
282
390
447
342
176
255
334
351
332
438
617
216
274
174
-444
-279
257
1097
1639
1832
2190
1773
808
220
238
344
606
814
641
323
-287
-586
-446
-478
-451
-253
-485
-673
-797
-1082
-1018
-922
-829
-831
-920
-784
-723
-1057
-1106
-933
-954
-826
-773
-889
-988
-947
-871
-858
-888
-969
-923
-999
-987
-1122
-999
-985
-926
-507
-479
-391
-557
-475
-339
-561
-315
-150
-221
-277
-250
29
198
99
278
547
676
717
780
760
701
642
775
962
888
944
1096
800
517
735
532
508
575
558
310
224
145
250
653
419
414
660
411
160
404
744
385
212
188
-15
-375
-177
-89
-20
-53
-395
-406
-563
-868
-890
-696
-984
-924
-804
-1005
-1013
-1243
-1205
-1273
-1054
-956
-1004
-701
-954
-763
-456
-315
-424
-356
-135
-264
-144
13
136
159
278
356
438
362
599
722
702
684
736
817
810
801
917
889
847
891
852
420
242
408
270
458
440
295
224
337
141
-183
-10
-329
-252
-327
-286
-190
-96
144
73
-4
-93
-334
-121
119
-224
-100
224
-99
-52
73
-92
-41
-201
-369
-423
-106
-574
-145
-541
-422
-668
-552
-654
-623
-338
-649
266
-51
169
737
428
597
471
376
729
453
809
1242
1099
842
1141
1111
909
1115
1159
818
1057
1112
1009
983
1068
895
885
843
483
443
672
391
212
346
242
-145
-83
320
-319
-139
-169
-362
-459
-382
-188
-15
-209
-136
274
-193
26
-43
55
-137
-88
-91
-267
-212
-277
314
-421
-371
-435
-517
-884
-670
-382
-642
-479
-468
-141
-592
-429
-94
-178
-311
-56
311
6
23
-209
227
-261
-96
14
-112
24
-118
258
-368
154
555
295
72
287
253
53
77
631
170
257
320
74
25
-223
-156
-147
-324
-127
-132
-103
-67
-513
-294
-188
-389
-487
-136
-134
-767
-72
-99
-427
-672
-208
49
-682
-591
-178
-487
-1055
-650
-162
-939
-587
-141
-757
-877
-700
-479
-542
-450
-308
-1227
-948
-516
-1028
-1072
-561
-455
-889
-277
-440
-928
-198
-221
-158
50
-114
-187
66
-440
17
318
-28
48
626
403
-71
367
497
421
-186
781
697
373
453
272
418
61
157
349
331
206
357
94
-15
-114
-182
131
-81
-700
168
176
-428
-277
-158
-413
-422
-487
-7
-162
-457
-626
-203
-210
-702
-355
307
-422
-693
-174
-51
-1043
-424
-89
-842
-257
133
-61
-519
131
-180
-394
150
75
-127
-447
442
-52
-143
314
271
-369
-169
-87
-321
233
-338
-52
582
-189
62
561
-431
359
887
-135
-203
951
526
-417
530
943
110
-260
460
219
177
87
234
-505
149
39
-498
202
156
-242
-501
-8
-531
-117
-200
-305
623
-479
-667
276
-171
-918
259
-5
156
249
-31
-58
-324
-304
-423
65
-26
-117
124
590
482
-399
470
25
-160
121
348
-211
810
661
128
495
-6
118
50
376
-298
275
218
66
354
267
367
102
724
364
-243
920
486
69
418
1169
483
233
831
431
686
305
499
369
772
350
-260
914
406
354
90
613
206
-482
631
470
253
81
1159
502
-13
541
20
31
536
229
13
1127
-136
-351
505
-210
-435
-249
383
16
-9
179
177
-175
-146
169
-487
498
117
84
-72
101
317
71
309
75
269
-368
863
146
-22
410
-524
68
73
171
369
56
-228
757
479
-558
682
309
-483
506
419
160
310
-166
197
-614
-201
83
-580
-607
-283
-316
-749
-1110
-686
257
-1000
-42
1352
-307
-295
153
-514
-402
-636
304
-312
-619
-513
122
-938
-1189
527
-251
-210
-317
402
-671
-685
-374
63
-466
-958
-22
602
-957
-612
170
-266
-329
-151
-800
-592
-216
-989
396
113
-1352
-767
-114
40
-878
423
842
-968
-399
-86
341
-76
-531
753
656
168
-577
529
886
-608
-155
835
381
-1173
294
856
-962
-5
-757
-830
403
-732
-1025
628
-286
-1179
315
-217
-414
-1431
610
600
-1096
671
674
-448
-667
1011
271
-278
-325
642
706
-813
-480
498
375
-1145
-199
538
-159
-557
20
604
-329
-266
-431
18
-570
-542
-132
188
153
-716
16
148
-185
-831
-108
119
-542
-338
406
712
-404
-683
1113
28
-587
369
846
-36
396
1040
1415
-1156
-701
1450
-133
101
66
675
157
-312
565
-196
-612
-172
39
401
198
-395
503
-392
-1208
176
472
-689
-71
320
390
19
165
911
-809
629
568
-359
188
323
154
52
661
-299
336
19
-415
161
232
-172
134
-310
-141
484
-791
-468
148
-166
-363
149
382
-340
42
-785
197
706
-1038
813
462
410
161
128
122
489
550
448
1683
655
-166
526
984
664
200
229
476
880
-396
350
823
-151
-593
413
1416
-1128
602
1294
1065
1063
261
523
-295
-309
-723
1504
954
226
1157
1874
175
-163
868
282
-268
682
1473
757
-9
403
763
-197
-107
-138
355
1309
-84
92
1005
-268
-797
-380
310
-256
-490
568
481
-610
-922
802
223
-1071
536
-42
581
651
-371
967
473
-1344
313
1325
-455
41
791
510
-366
505
1026
-420
-1041
243
957
-201
-269
-120
-329
321
-1011
-427
195
302
-548
-268
154
-283
-420
-257
283
-1209
161
575
-452
373
977
216
249
126
569
-458
952
94
-902
932
269
-643
524
37
-1221
209
-124
-433
-104
-442
-584
-276
-928
-1067
-298
-321
-806
-1318
776
-414
-1326
-165
-849
-85
-711
-881
263
-379
192
-400
80
217
468
-1083
-328
1313
-939
-526
1086
-220
-794
755
-1074
-565
411
-759
-3
765
-615
-1001
-426
-432
-131
-681
-493
130
-613
-57
342
-85
-1135
-66
1158
-765
602
1450
-1058
20
1214
100
-617
595
615
-179
765
874
-609
-490
-430
163
815
-109
-257
206
331
-586
-1280
704
-286
-1312
-343
925
-445
-1194
708
-144
-1325
1063
462
-671
-73
15
6
1446
-156
-923
474
974
100
-115
1210
549
-305
760
1116
-91
-817
916
1515
-1640
48
970
-206
-1240
39
652
-1169
-462
-140
-845
-314
7
-628
-12
825
-1850
1047
1007
-1510
845
665
-772
-337
142
856
295
-769
543
635
-451
-587
621
398
-509
60
725
-666
120
-151
-1180
-5
-711
-83
442
334
-762
-884
131
-366
-621
-650
565
-308
-840
240
1091
-440
-1279
1218
1152
-192
-71
1515
232
613
285
549
928
-164
42
867
1183
-160
-76
109
706
109
-1253
1425
885
-1203
-842
2097
412
-1553
1804
926
-838
708
1276
-328
272
84
382
951
106
-317
1646
463
-399
427
710
-273
-67
759
-96
84
25
-258
122
429
-320
1498
889
-1021
-419
559
407
-641
-57
-40
-112
-1031
900
439
-1073
1237
352
629
100
605
-302
-99
1681
-464
889
699
412
610
1048
927
-554
874
606
-373
51
1116
-1047
780
243
36
1452
-37
-668
1026
447
-891
265
493
794
-611
-371
714
-286
-272
154
74
-404
332
679
49
-69
872
-39
-145
540
-915
-263
559
-134
-918
-183
-199
-1240
132
-853
-631
-1578
-170
314
-1048
413
-691
-545
-134
-849
-788
-299
-407
-604
97
-101
-81
-1198
78
-339
-238
-45
-940
-495
1445
-1399
-17
472
-926
-435
388
556
-601
-402
-84
106
-913
499
284
-689
-399
334
-433
-77
111
-357
-117
-1020
1137
-165
-1156
-21
-824
-619
-89
142
-847
-671
0
933
655
-1573
-184
-316
-1093
-600
-140
460
-901
-600
-642
1456
-808
-1570
633
553
-1755
-27
816
-617
-1291
149
-440
-772
169
-729
-109
-787
-86
-66
-146
-185
-783
-555
203
-129
284
199
-715
505
499
-278
558
14
-19
-20
701
248
-282
643
-373
101
192
264
-248
87
343
-761
-786
508
-391
-1080
935
751
-1133
-289
-387
450
-662
-403
542
381
-547
303
21
-513
921
-361
-1409
331
754
-41
-1151
477
-106
-2186
1167
278
-529
-91
-338
376
-1252
-1032
702
10
-1340
483
557
-798
-85
-240
115
-160
-579
555
-107
-495
-73
729
-529
-341
267
574
113
346
702
-186
971
-387
491
1183
94
712
737
-47
-698
386
238
-10
85
-23
-191
478
227
-1596
98
124
-1317
588
501
-521
-888
82
-55
-740
-693
550
-117
-603
527
705
-200
-393
67
453
283
159
47
550
235
-978
689
384
-729
-256
-223
135
529
-53
-1079
-386
1509
-920
-683
955
-698
-54
200
42
536
27
-280
1192
1181
-879
261
2339
-108
100
1842
415
-144
1341
577
799
1351
561
515
-162
847
96
113
217
767
341
-65
335
326
-130
-313
-110
304
371
-293
580
150
-827
183
330
89
445
-105
5
595
-920
-1069
-96
-29
-341
-326
554
-271
-501
-240
-671
-252
-574
-571
-321
-426
-532
236
-888
-892
762
-359
197
50
82
-406
-100
-83
21
-347
263
693
-316
666
-375
-410
-84
-510
139
130
340
873
634
222
-20
680
158
-36
84
-145
-79
197
-500
-292
-620
-620
215
249
-938
-279
495
-149
-1180
-3
726
-526
-842
305
294
-534
-1052
-338
716
-1084
-1285
311
-64
-1237
-802
-647
-353
-582
-1267
-741
-609
-735
-1025
-623
-111
-933
-394
-925
-322
-71
-1003
-369
-227
173
-1030
-517
397
-87
310
-504
7
819
-221
-312
403
812
-301
102
1180
322
-277
53
1055
102
-496
192
-66
-13
-532
-255
-180
294
143
-65
725
304
107
165
237
671
-231
-286
365
-306
129
-296
-146
-31
-192
156
812
-932
-589
-58
-474
-338
-188
-208
-644
-749
-208
-903
-1121
797
-298
-868
239
-667
-655
175
-489
-755
31
-318
-21
-37
-290
-49
-461
-152
328
322
-112
151
267
-5
624
529
251
-153
205
712
985
547
-305
593
314
-109
117
632
119
-575
539
1127
404
-160
-410
388
536
541
839
-198
-622
-103
-148
97
86
-98
102
396
876
352
-625
-490
49
-448
-186
682
82
-1747
-728
302
-583
-493
-750
-323
-11
-261
191
-452
-584
-450
-760
199
400
-65
23
-40
-34
-186
-411
48
579
202
527
555
565
696
561
317
822
1614
816
1173
949
562
761
694
1218
1253
845
1043
1012
1031
999
718
775
915
1349
578
1132
1118
123
217
949
846
59
1625
918
42
1069
834
-83
232
523
145
694
1011
-68
-322
-146
-557
-926
-353
13
-529
-830
-553
-892
-809
-903
-956
-1140
-704
-1008
-1389
-1106
-1316
-971
-984
-552
-409
-469
-202
-417
-362
-446
-214
-95
51
244
160
379
860
718
417
667
567
748
1433
1470
1207
1335
1544
1140
1073
1504
1730
1561
1189
1736
1767
1350
1288
1543
1771
1308
1783
1734
1004
1212
1254
1011
1246
1248
442
769
953
172
280
247
-724
-686
-454
-1077
-1531
-1348
-1304
-2044
-2205
-1672
-2297
-3131
-2770
-2703
-2647
-2970
-3318
-3181
-3318
-3696
-4036
-3073
-2928
-3652
-3096
-2066
-1571
-2229
-2347
-1273
-792
-677
-14
899
1126
867
1197
1991
2370
2305
2380
3066
3613
3787
3565
3534
3403
3134
3331
3833
3660
3012
2576
2318
2225
2042
1628
1152
892
675
568
613
100
-122
-466
-338
4
-32
-203
-733
-642
-819
-670
-566
-1218
-644
-791
-1283
-773
-1152
-1943
-2530
-2291
-2376
-2792
-2714
-3288
-4009
-4536
-4320
-4674
-3833
-2856
-3252
-3161
-2925
-2960
-2671
-2092
-1469
-538
127
339
995
1285
1370
1595
2199
3006
3515
3592
3729
3645
3209
3099
3266
3646
4124
4469
3999
3203
2702
2041
2033
2451
2356
1935
1700
1223
624
397
79
104
379
710
826
441
38
-240
-334
-167
592
943
222
-119
-486
-1574
-1169
-752
-1329
-1601
-1872
-2329
-2930
-3869
-4017
-3895
-4658
-4860
-4906
-4939
-3954
-3122
-3474
-3994
-4106
-3616
-2335
-1407
-805
-448
-358
-224
416
1303
2049
2659
2719
2928
3695
4272
3874
3317
3352
3673
4029
4033
4148
4023
3311
2771
2828
2932
2714
2247
1676
1490
1569
1162
666
355
276
288
453
643
487
305
130
261
652
844
1001
892
318
74
-92
-430
-783
-1008
-983
-1543
-1735
-2517
-3468
-3598
-4017
-4542
-4374
-4757
-5433
-4337
-3092
-3061
-3835
-4573
-4206
-2631
-1453
-827
-469
-200
-212
-83
901
2302
3047
2820
2748
3566
4501
4287
3574
3638
4056
4268
4266
4301
4353
3760
2695
2653
3620
3673
2747
1922
1574
1482
1270
923
751
869
512
236
469
624
358
-34
7
541
886
746
555
272
-192
-439
-478
-651
-956
-1483
-1888
-2247
-2929
-3646
-4113
-4442
-4727
-5218
-6049
-5637
-4385
-3749
-3874
-4715
-5416
-4621
-2925
-2023
-1731
-1302
-1192
-1221
-545
661
1989
2393
2098
2398
3470
4104
3598
2830
2890
3619
3865
3655
3480
3195
2534
1750
2032
2947
2860
1546
631
643
876
711
313
101
150
53
-161
-54
56
-160
-431
-110
689
1005
728
242
19
-54
44
17
-420
-1084
-1714
-1912
-2270
-2810
-3484
-4091
-4656
-5238
-5723
-6060
-5492
-4327
-3980
-4734
-5783
-5899
-4789
-3326
-2402
-1973
-1554
-1521
-1487
-822
647
2007
2314
2100
2550
3674
3860
3151
2867
3584
4377
4181
3725
3555
3259
2568
2025
2601
3524
3011
1408
594
913
915
433
171
408
567
40
-616
-391
-5
-167
-294
128
805
869
322
110
243
344
348
100
-355
-855
-1302
-1714
-2145
-2615
-3070
-3606
-4170
-4876
-5617
-5510
-4304
-3345
-3665
-4785
-5665
-5121
-3586
-2538
-2023
-1547
-1496
-1657
-1259
-171
1383
2142
1827
1870
2896
3631
3208
2736
3032
3923
4221
3819
3668
3423
2689
2186
2550
3374
3534
2149
657
703
1112
971
659
543
440
156
-362
-507
-64
171
-31
59
582
754
527
49
16
468
727
625
102
-663
-1206
-1328
-1414
-1653
-2277
-3037
-3811
-4510
-4924
-4863
-3964
-2933
-3374
-4574
-5102
-4585
-3701
-3192
-2534
-1385
-700
-1377
-1765
-778
935
1848
1792
2247
3227
3467
2624
2268
3483
4635
4521
3907
3929
4052
3075
2214
2997
4184
3966
2563
1389
1278
1420
959
836
1341
1280
354
-316
-162
146
224
166
602
977
725
181
134
428
803
1092
1123
671
-274
-985
-896
-707
-1142
-1707
-2257
-2880
-3612
-4396
-4519
-3393
-2475
-2908
-3834
-4407
-4409
-3755
-2796
-1865
-1039
-945
-1530
-1572
-698
549
1611
2008
2283
2694
2903
2699
2633
3091
3827
4242
4023
3606
3205
2553
2235
2774
3481
3499
2697
1177
437
879
1175
1131
1069
652
-1
-515
-666
-245
290
267
94
110
160
135
-36
6
428
718
520
-165
-991
-1459
-1386
-1188
-1293
-1758
-2727
-3744
-4323
-4449
-3969
-3161
-3041
-3790
-4431
-4535
-4115
-3440
-2803
-2214
-1528
-1376
-1756
-1585
-611
503
1190
1644
2173
2562
2265
1983
2527
3465
4035
3734
3197
2918
2607
1945
1954
2958
3408
2546
1340
482
238
438
595
828
753
-231
-1233
-1384
-904
-441
-252
-254
-251
-436
-841
-714
-171
136
293
374
149
-381
-1164
-1614
-1155
-740
-1058
-1887
-2863
-3654
-4180
-4295
-3623
-2472
-2420
-3576
-4487
-4602
-3806
-2804
-2066
-1403
-975
-1274
-1763
-1266
114
1467
2153
2248
2435
2687
2444
2345
3169
4152
4504
4131
3468
2998
2657
2266
2625
3742
3870
2667
1223
329
411
894
1212
1220
789
-462
-1608
-1600
-814
-71
8
-323
-616
-878
-1125
-778
-33
365
484
201
-336
-800
-1316
-1419
-862
-544
-1185
-2339
-3479
-4140
-4060
-3560
-2684
-2033
-2732
-4232
-4788
-4083
-2887
-1907
-1472
-1141
-971
-1497
-1652
-436
1276
2304
2460
2350
2623
2674
2395
2739
4021
4976
4712
3790
3123
2993
2728
2670
3570
4470
3654
1684
412
322
1068
1536
1500
1168
251
-1252
-1895
-1045
-17
315
-152
-757
-934
-1125
-1203
-443
377
474
58
-547
-1083
-1417
-1618
-1326
-716
-860
-2061
-3390
-4138
-4304
-3783
-2838
-1941
-2104
-3593
-4905
-4412
-2891
-1520
-828
-713
-696
-1063
-1383
-612
1281
2861
3057
2749
2711
2925
2922
3064
4157
5438
5516
4603
3660
3365
3362
3377
3978
4980
4705
2747
923
693
1533
2319
2340
1751
821
-582
-1568
-1022
351
929
362
-555
-1039
-1059
-979
-402
421
642
142
-570
-1139
-1435
-1519
-1258
-724
-833
-1925
-3295
-4242
-4386
-3789
-2797
-1973
-2258
-3762
-5107
-4790
-3245
-1855
-1211
-1033
-1110
-1656
-1957
-1021
934
2437
2645
2290
2334
2567
2593
2819
3901
5157
5157
4206
3395
3175
3238
3203
3898
4936
4593
2650
966
743
1545
2283
2183
1550
384
-1076
-1900
-1222
206
624
-188
-1143
-1509
-1521
-1374
-756
-28
-48
-825
-1620
-1936
-1935
-1969
-1883
-1584
-1759
-2875
-4202
-4883
-4714
-4076
-3186
-2566
-3240
-4731
-5617
-4823
-3122
-1987
-1855
-1851
-1834
-2205
-2226
-959
1062
2199
1930
1572
2015
2437
2364
2736
4042
5069
4583
3423
3037
3463
3482
3316
4118
4967
4082
1948
858
1368
2372
2521
1984
1371
324
-1003
-1479
-347
872
638
-647
-1473
-1349
-1172
-1048
-506
-5
-352
-1227
-1832
-1851
-1739
-1894
-1889
-1761
-2205
-3445
-4468
-4679
-4173
-3332
-2752
-2900
-3958
-5051
-4984
-3673
-2359
-1924
-1905
-1817
-1889
-2085
-1542
155
1763
1996
1498
1667
2377
2657
2656
3375
4702
4968
3884
3072
3397
3882
3710
3875
4803
4888
3156
1434
1501
2668
3185
2639
1897
1136
51
-836
-365
990
1311
28
-1191
-1235
-847
-729
-591
-82
-75
-952
-1738
-1835
-1619
-1731
-2014
-2041
-2132
-3088
-4294
-4738
-4289
-3479
-2814
-2878
-3816
-5035
-5108
-3803
-2340
-1872
-2150
-2167
-1948
-1900
-1455
-10
1538
1875
1213
1219
2284
2823
2672
3008
4304
4914
3946
2893
3199
3989
3907
3728
4500
4893
3452
1663
1492
2841
3596
2828
1801
1299
595
-325
-133
1117
1588
312
-1210
-1240
-534
-339
-419
-223
-155
-872
-1740
-1951
-1520
-1459
-1777
-1968
-2166
-2981
-4129
-4528
-3820
-2841
-2439
-3074
-4079
-4717
-4398
-3236
-2056
-1709
-2004
-2084
-1806
-1605
-836
591
1718
1977
1426
1417
2346
2881
2853
3295
4448
4851
3955
3073
3356
4124
4199
4253
4744
4695
3319
1886
2129
3430
3901
2982
1920
1352
739
290
747
1687
1673
231
-1019
-769
-50
-25
-128
-84
-285
-1008
-1783
-1933
-1510
-1448
-2003
-2373
-2746
-3574
-4587
-4662
-3699
-2732
-2783
-3908
-4900
-4869
-3832
-2722
-2190
-2151
-2241
-2184
-2012
-1485
-356
937
1468
1173
1085
1727
2451
2583
2738
3577
4344
4005
3011
2792
3347
3700
3541
3825
4201
3363
1860
1370
2450
3430
2995
1802
1040
645
162
65
765
1226
396
-1054
-1512
-836
-347
-525
-785
-839
-1195
-1916
-2310
-2161
-1898
-2186
-2683
-3089
-3634
-4358
-4757
-4258
-3353
-3178
-4041
-5046
-5099
-4172
-3183
-2728
-2649
-2547
-2422
-2267
-1903
-900
327
869
732
703
1340
2003
2176
2299
3014
3746
3517
2748
2571
3087
3369
3376
3660
3921
3317
1977
1437
2236
3175
2943
1928
1265
883
369
296
944
1423
772
-610
-1106
-469
4
-227
-485
-541
-921
-1630
-2041
-1886
-1677
-2049
-2597
-2965
-3408
-4157
-4595
-3954
-3032
-2922
-3932
-4885
-4686
-3632
-2776
-2567
-2539
-2393
-2125
-1873
-1304
-345
608
1029
924
1090
1765
2344
2470
2571
3221
3818
3605
2931
2808
3254
3627
3753
3901
3908
3091
1977
1709
2534
3156
2617
1546
957
723
455
445
799
951
200
-827
-969
-414
-126
-434
-763
-812
-1059
-1613
-2054
-2013
-1926
-2237
-2644
-3025
-3563
-4287
-4261
-3535
-2879
-3134
-4152
-4789
-4134
-2914
-2333
-2360
-2408
-2187
-1710
-1228
-609
220
854
1012
1091
1644
2355
2660
2584
2767
3430
3898
3564
3077
3050
3421
3759
3904
3967
3562
2688
1966
2335
3160
3103
2108
1128
793
823
882
899
901
545
-314
-728
-453
-5
-67
-588
-977
-1069
-1150
-1544
-1811
-1839
-1976
-2312
-2758
-3322
-3838
-3881
-3411
-2871
-2963
-3761
-4424
-4009
-2760
-1803
-1955
-2292
-2062
-1498
-760
-144
512
1168
1332
1239
1568
2492
3273
3284
3128
3521
4089
3910
3397
3339
3839
4290
4282
4120
3805
3089
2308
2498
3435
3629
2557
1296
871
1098
1242
1174
1181
885
21
-659
-526
89
274
-368
-1045
-1177
-1312
-1775
-2190
-2241
-2258
-2637
-3283
-3944
-4452
-4396
-3890
-3365
-3511
-4208
-4796
-4509
-3375
-2441
-2243
-2374
-2306
-1838
-1115
-324
427
1069
1231
1374
1832
2511
2976
3029
3112
3482
3807
3602
3193
3059
3287
3722
3851
3663
3187
2486
1967
2289
3060
3018
1974
868
403
544
817
755
569
128
-549
-901
-747
-297
-301
-916
-1523
-1664
-1758
-2072
-2397
-2639
-2776
-3219
-3844
-4427
-4699
-4461
-4130
-4054
-4463
-5067
-5246
-4448
-3317
-2829
-2974
-3148
-2821
-2044
-1160
-394
255
708
769
1048
1816
2611
2906
2843
2992
3529
3780
3415
3106
3330
3838
4039
3740
3404
2909
2218
1984
2614
3186
2607
1276
447
563
1023
1100
730
370
-148
-721
-781
-297
139
-257
-1089
-1507
-1413
-1516
-1981
-2377
-2508
-2672
-3244
-3996
-4424
-4237
-3863
-3909
-4212
-4581
-4867
-4522
-3692
-3075
-2938
-3010
-2891
-2190
-1272
-515
51
518
910
1250
1794
2513
3063
3182
3193
3524
3884
3814
3512
3584
4122
4481
4124
3533
3209
2794
2533
2753
3039
2603
1472
535
496
1053
1113
613
89
-208
-486
-709
-478
-55
-137
-881
-1445
-1432
-1384
-1645
-1995
-2202
-2335
-2775
-3663
-4189
-3899
-3412
-3400
-3908
-4455
-4759
-4399
-3561
-2949
-2838
-3004
-2974
-2363
-1423
-677
-96
362
735
1026
1521
2302
2978
3162
3094
3449
3943
3906
3588
3711
4436
4752
4162
3515
3297
3196
2889
2909
3098
2692
1501
464
543
1187
1175
373
-200
-264
-408
-715
-672
-231
-332
-1060
-1534
-1360
-1203
-1648
-2029
-2037
-2059
-2501
-3269
-3531
-3047
-2689
-3050
-3552
-3844
-3961
-3571
-2764
-2236
-2399
-2801
-2692
-1718
-772
-193
135
521
896
1054
1567
2459
3199
3103
2820
3328
4075
4076
3737
4104
4977
4995
4062
3532
3830
3902
3566
3398
3401
2851
1672
892
1274
1911
1509
435
-99
-91
-285
-531
-351
-144
-555
-1398
-1735
-1467
-1416
-1928
-2337
-2377
-2499
-3083
-3629
-3523
-3088
-3071
-3482
-3855
-3961
-3902
-3363
-2573
-2290
-2623
-2864
-2362
-1300
-619
-419
-37
508
780
879
1422
2367
2787
2498
2453
3146
3609
3293
3264
4157
4641
3897
2949
3007
3504
3484
2997
2819
2682
1986
1086
978
1624
1644
620
-274
-300
-300
-677
-879
-684
-773
-1532
-2045
-2059
-1977
-2258
-2741
-2886
-2975
-3423
-4027
-3954
-3540
-3422
-3776
-4044
-4032
-3959
-3680
-3110
-2515
-2626
-3063
-2760
-1700
-783
-597
-471
56
513
559
811
1661
2328
2185
1762
2132
2841
2884
2677
3185
3805
3429
2578
2467
3071
3318
2826
2366
2269
2049
1383
1080
1481
1580
852
107
62
248
2
-398
-404
-500
-999
-1471
-1607
-1509
-1782
-2318
-2613
-2663
-3040
-3591
-3639
-3265
-3204
-3612
-3914
-3913
-3751
-3610
-3070
-2251
-2110
-2719
-2808
-1807
-589
-163
-180
154
716
849
924
1685
2684
2787
2095
1977
2612
3168
3279
3368
3455
3154
2542
2341
2951
3400
2863
1982
1767
1874
1594
1266
1244
1208
767
262
167
249
68
-293
-431
-433
-606
-1014
-1376
-1526
-1734
-1956
-2134
-2304
-2766
-3351
-3415
-2924
-2697
-3119
-3653
-3792
-3594
-3316
-2638
-1895
-1851
-2431
-2592
-1662
-347
203
113
264
790
1116
1248
1866
2761
2924
2381
2087
2686
3579
3742
3292
2955
2922
2684
2520
2872
3074
2400
1523
1340
1606
1644
1186
663
506
399
262
88
-35
-186
-483
-711
-648
-568
-871
-1353
-1553
-1546
-1628
-1837
-2113
-2573
-2930
-2775
-2410
-2365
-2855
-3329
-3157
-2751
-2428
-1968
-1494
-1436
-1840
-1826
-880
284
673
507
599
1199
1601
1700
2184
3014
3163
2643
2590
3379
4346
3996
3098
3015
3375
3176
2826
3004
3043
2351
1538
1493
1939
1803
906
267
318
504
345
-57
-123
-219
-685
-949
-609
-378
-874
-1436
-1517
-1412
-1508
-1725
-1953
-2350
-2472
-2199
-1907
-2161
-2721
-3077
-2854
-2305
-1967
-1687
-1463
-1569
-1889
-1592
-455
491
579
203
421
1094
1439
1595
2202
2825
2679
2091
2378
3666
4047
3167
2655
3088
3370
2977
2681
2657
2372
1732
1319
1592
1798
1040
-69
-299
82
89
-576
-1028
-1021
-1357
-1761
-1497
-1052
-1406
-2162
-2447
-2268
-2130
-2319
-2611
-2874
-3003
-2883
-2634
-2413
-2623
-3025
-3057
-2582
-2116
-1888
-1619
-1390
-1364
-1368
-908
-171
411
440
429
943
1270
1213
1379
1959
2351
2175
2211
2921
3249
2593
2134
2512
2955
2830
2299
1898
1604
1362
1216
1384
1494
863
-207
-596
-144
103
-257
-698
-953
-1360
-1826
-1621
-1178
-1337
-2031
-2489
-2521
-2324
-2313
-2480
-2570
-2764
-2873
-2780
-2601
-2620
-2863
-2899
-2552
-2113
-1968
-1852
-1429
-992
-854
-660
-87
474
774
839
1137
1641
1784
1820
2090
2530
2741
2871
3204
3247
2870
2564
2758
3104
3167
2711
2010
1602
1513
1579
1519
1370
834
43
-349
-134
120
-132
-583
-986
-1290
-1479
-1321
-1121
-1360
-1754
-2083
-2180
-2231
-2256
-2358
-2544
-2718
-2691
-2593
-2562
-2715
-2867
-2765
-2435
-2169
-2127
-2189
-1809
-1097
-625
-497
-356
-21
423
892
1365
1876
2026
1896
1903
2313
3026
3544
3638
3199
2748
2745
3059
3390
3608
3242
2273
1580
1596
1923
1950
1447
754
64
-222
-211
-128
-239
-622
-1145
-1537
-1517
-1360
-1327
-1632
-1876
-1975
-2153
-2216
-2258
-2383
-2543
-2627
-2501
-2334
-2436
-2718
-2836
-2643
-2277
-1984
-1896
-2077
-2161
-1423
-629
-200
19
-208
-45
805
1443
1814
2265
2432
2277
2494
3193
4158
4492
3752
3043
3295
3784
3880
3920
3644
2863
2152
1965
2327
2494
2036
1042
434
357
312
137
-131
-439
-947
-1462
-1380
-990
-1081
-1606
-1808
-1702
-1747
-1830
-1949
-2146
-2221
-2200
-2009
-1750
-1917
-2313
-2448
-2099
-1688
-1484
-1474
-1659
-1811
-1507
-563
383
553
-49
-311
277
1163
1801
2010
2059
1997
1861
2336
3333
3880
3480
2806
2712
3143
3450
3411
3194
2810
2270
1905
2017
2179
1808
1018
546
520
496
188
-202
-486
-802
-1129
-1207
-1216
-1508
-1910
-2114
-2060
-2016
-2204
-2499
-2787
-2944
-3018
-2791
-2478
-2613
-2969
-3076
-2715
-2265
-1948
-1945
-2050
-2088
-1944
-1329
-515
-21
-182
-470
-239
535
1318
1736
1848
1787
1744
2070
2755
3276
3264
2860
2566
2616
2935
3013
2863
2456
1958
1659
1619
1585
1287
828
426
257
152
-79
-477
-860
-1150
-1367
-1372
-1435
-1706
-2156
-2410
-2283
-2173
-2304
-2620
-2902
-3045
-2975
-2807
-2682
-2676
-2905
-3024
-2831
-2407
-2129
-2122
-2154
-1987
-1494
-1031
-556
-172
-36
25
303
875
1448
1824
1901
1948
2163
2475
2799
2972
2967
2817
2731
2704
2780
2778
2570
2290
2007
1897
1759
1562
1295
1014
732
530
329
35
-327
-639
-837
-932
-1010
-1206
-1549
-1868
-2062
-2055
-2002
-2087
-2369
-2732
-2802
-2670
-2546
-2576
-2558
-2571
-2559
-2435
-2237
-1931
-1802
-1721
-1512
-1111
-755
-510
-266
62
389
736
1112
1424
1637
1724
1843
2189
2510
2646
2648
2579
2546
2552
2599
2587
2521
2259
1975
1823
1731
1609
1361
1143
846
538
314
122
-101
-363
-587
-718
-841
-1085
-1343
-1565
-1642
-1692
-1852
-1955
-2145
-2370
-2444
-2364
-2217
-2225
-2314
-2359
-2206
-1961
-1757
-1614
-1441
-1259
-1117
-770
-369
-12
174
314
553
929
1269
1476
1656
1783
1872
1978
2188
2393
2403
2347
2255
2236
2212
2142
2043
1973
1836
1619
1555
1426
1288
1120
959
757
485
266
-22
-239
-386
-497
-665
-888
-1161
-1378
-1484
-1442
-1451
-1610
-1585
-1766
-1912
-1910
-1811
-1650
-1623
-1679
-1656
-1395
-1072
-832
-588
-279
35
181
387
677
969
1303
1562
1792
1938
1981
2038
2189
2366
2445
2347
2205
2145
2102
2035
1966
1896
1754
1428
1221
1139
1010
806
551
339
124
-79
-273
-414
-650
-835
-981
-1129
-1246
-1393
-1503
-1579
-1642
-1655
-1718
-1808
-1881
-1856
-1743
-1647
-1546
-1529
-1462
-1290
-1019
-788
-560
-325
-147
25
322
664
914
1067
1165
1339
1426
1511
1581
1528
1615
1619
1584
1557
1561
1485
1332
1269
1192
1017
772
518
360
266
86
-181
-404
-602
-763
-932
-1037
-1176
-1329
-1488
-1591
-1686
-1680
-1674
-1811
-1886
-1889
-1846
-1798
-1792
-1833
-1881
-1812
-1688
-1545
-1378
-1200
-1061
-926
-710
-421
-160
58
186
355
526
753
986
1204
1341
1307
1273
1345
1474
1520
1493
1341
1186
1104
1002
953
874
700
442
197
70
16
2
-124
-370
-541
-684
-828
-923
-1047
-1173
-1218
-1297
-1372
-1452
-1539
-1583
-1559
-1491
-1454
-1453
-1531
-1563
-1438
-1234
-1071
-1017
-919
-843
-707
-491
-194
26
185
317
408
571
788
1021
1161
1244
1288
1306
1357
1371
1417
1430
1380
1296
1176
1087
1031
922
755
653
522
373
211
45
-53
-228
-382
-490
-596
-707
-857
-967
-1034
-1096
-1179
-1227
-1299
-1328
-1364
-1450
-1459
-1450
-1428
-1398
-1323
-1232
-1175
-1087
-973
-781
-594
-423
-230
-73
133
302
536
687
772
899
1054
1197
1296
1368
1377
1385
1411
1452
1449
1383
1258
1079
983
963
867
733
530
366
215
105
40
-56
-285
-480
-585
-611
-653
-801
-880
-991
-1034
-1079
-1091
-1112
-1145
-1218
-1309
-1264
-1191
-1148
-1205
-1177
-1052
-1010
-906
-762
-599
-496
-378
-166
60
255
376
666
937
1092
1223
1379
1558
1642
1739
1760
1816
1843
1799
1752
1714
1656
1518
1400
1339
1314
1035
993
973
685
528
336
240
102
-91
-280
-432
-399
-414
-499
-622
-700
-760
-814
-829
-909
-854
-861
-894
-879
-828
-827
-821
-772
-698
-614
-541
-424
-332
-231
-140
-48
188
342
451
577
651
781
895
1041
1146
1245
1351
1354
1348
1385
1411
1372
1426
1357
1277
1166
1099
1045
943
852
732
560
361
223
147
65
-68
-260
-359
-489
-596
-706
-823
-894
-947
-1034
-1115
-1124
-1168
-1241
-1307
-1300
-1260
-1396
-1378
-1261
-1169
-1083
-947
-810
-627
-466
-351
-253
-163
-80
-16
110
226
302
382
403
534
619
626
659
699
718
683
653
610
660
640
594
538
443
435
419
379
187
62
15
-52
-100
-187
-254
-325
-402
-519
-638
-712
-816
-915
-1012
-1080
-1123
-1193
-1269
-1286
-1275
-1278
-1257
-1254
-1198
-1144
-1101
-1042
-958
-785
-672
-565
-431
-321
-210
-72
104
356
444
483
596
641
736
777
715
740
731
736
713
705
641
528
431
392
389
340
240
165
119
73
35
48
-7
-76
-141
-138
-113
-117
-142
-252
-300
-310
-295
-310
-326
-385
-493
-494
-532
-523
-526
-561
-571
-578
-541
-508
-450
-436
-423
-361
-227
-130
-130
-64
-18
76
159
241
321
366
375
396
489
546
582
579
554
549
502
457
411
407
339
262
192
145
83
-39
-93
-102
-127
-177
-211
-242
-325
-323
-309
-324
-324
-339
-359
-362
-330
-240
-186
-157
-141
-134
-99
-60
17
52
49
64
70
107
127
178
199
216
253
282
245
247
266
297
274
303
257
235
221
235
260
225
245
212
187
158
174
211
227
223
161
155
150
140
133
119
92
39
5
-24
10
114
92
41
59
51
-10
38
44
55
87
60
66
104
133
106
188
285
403
450
399
584
559
610
659
652
710
699
605
555
621
763
785
685
643
575
555
540
472
429
371
357
346
322
266
246
209
194
193
205
217
181
181
207
178
274
255
223
216
218
192
164
212
189
97
74
115
81
28
15
-23
8
38
28
19
27
19
21
95
190
211
185
209
235
305
345
336
387
377
346
349
336
319
292
269
257
202
99
41
-29
-114
-199
-313
-412
-481
-509
-510
-473
-414
-443
-453
-419
-367
-391
-382
-365
-348
-354
-402
-314
-264
-240
-208
-170
-113
-121
-54
-29
-31
-82
-14
51
35
54
2
51
80
94
2
-94
-94
-65
-43
-57
-70
-75
-99
-137
-145
-171
-251
-257
-281
-316
-334
-346
-356
-368
-404
-450
-480
-493
-496
-512
-512
-547
-599
-594
-582
-536
-536
-537
-579
-554
-501
-384
-263
-270
-232
-230
-197
-107
-117
-72
-27
34
113
150
173
187
231
268
304
343
389
365
373
383
385
414
390
393
377
330
287
260
211
152
114
48
-23
-59
-88
-131
-224
-217
-257
-322
-370
-373
-413
-441
-417
-411
-401
-436
-437
-468
-418
-317
-326
-302
-310
-296
-298
-270
-195
-154
-155
-205
-165
-107
-78
-32
-11
9
-10
12
33
71
124
193
221
239
257
287
304
342
412
446
498
493
421
440
479
495
454
413
384
328
244
228
216
194
127
68
146
72
-104
-138
-136
-127
-206
-220
-308
-387
-361
-340
-261
-227
-284
-335
-302
-195
-215
-228
-191
-179
-151
-139
-84
-74
-115
-110
-36
2
0
-29
-8
55
30
100
115
127
127
162
187
213
262
313
261
365
563
542
585
654
689
689
686
692
659
630
636
641
580
502
462
428
407
462
317
377
318
214
180
90
94
87
41
-94
-139
-3
117
130
65
21
59
74
73
141
190
231
233
235
286
289
304
295
316
324
295
244
251
247
158
194
199
177
100
65
48
42
68
34
32
50
91
94
109
156
122
147
175
220
221
226
261
284
276
277
278
224
253
233
239
204
146
140
109
99
96
53
0
-20
-48
-76
-61
-54
-84
-136
-119
-190
-237
-261
-306
-273
-252
-196
-195
-135
-126
-115
-95
-137
-164
-234
-295
-290
-361
-393
-404
-482
-495
-518
-510
-511
-554
-554
-529
-512
-501
-429
-374
-372
-418
-331
-265
-175
-187
-283
-234
-177
-112
-69
-34
-15
-8
13
37
25
-22
-14
-37
-38
-51
-64
-75
-86
-88
-114
-89
-117
-147
-171
-164
-185
-258
-224
-256
-272
-287
-288
-303
-297
-320
-303
-165
-186
-209
-234
-244
-245
-329
-312
-304
-330
-338
-336
-333
-340
-314
-338
-351
-324
-292
-318
-259
-195
