146
1.35284
0.968989
2.36742
0.88987
2.66308
0.0275083
1.20542
0.202816
0.8696
0.254264
0.62957
0.00696196
1.25965
1.25605
2.62107
1.29759
2.58545
-0.0372377
1.26281
0.529294
1.01374
0.0775409
0.563788
-0.00100643
1.28426
1.22517
2.47011
0.984658
2.38248
0.023236
1.73014
0.698194
1.15623
0.0883721
0.55923
0.0143729
1.18328
0.794974
2.43794
0.924793
2.57258
0.706486
1.97261
0.435736
1.255
0.357568
0.506526
0.00459924
1.66402
1.38903
2.74263
1.45005
2.43787
1.05804
1.79396
0.410306
1.24333
0.466362
0.453147
0.0453691
1.93565
2.71709
4.40646
2.85233
3.96517
1.69765
2.67109
0.690373
1.07644
0.137543
0.524948
0.101498
2.60139
3.41011
4.70372
2.89029
3.6436
2.10191
2.7632
0.630471
1.22707
0.280628
0.392103
0.11122
3.08239
3.55411
4.79962
3.01435
3.35213
1.78653
2.40182
0.482681
1.22254
0.227729
0.34412
0.105134
3.16304
3.42038
4.19388
2.7664
3.5426
1.37801
1.69457
0.927701
0.984073
0.13111
0.403128
0.0889053
3.12023
3.66947
4.54304
2.80907
3.25424
1.04567
1.58485
0.713207
1.26298
0.102196
0.340021
0.109841
3.19338
3.45048
4.5908
3.47455
3.73609
1.2858
1.66843
0.333807
1.49785
0.162447
0.252307
0.104119
3.05192
3.10574
4.44656
3.71768
4.23525
1.51545
1.83363
0.626353
1.44414
0.235155
0.33551
0.0998733
3.03139
3.24372
4.2152
3.23917
3.89824
1.8304
2.10187
0.519984
1.40692
0.269748
0.367156
0.11247
3.04845
3.42859
4.32409
3.32143
3.6691
1.7323
2.33432
0.521775
1.49982
0.195374
0.372144
0.117116
3.09681
3.40626
4.72186
3.81876
4.5216
1.71499
2.10263
0.0584559
1.61145
0.195074
0.385044
0.0913214
3.18892
3.39355
4.21881
3.36537
3.5384
2.07517
2.15347
0.289446
1.51643
0.447663
0.2323
0.11064
3.23917
2.81876
3.88833
3.16954
3.08782
1.9854
2.2883
0.769645
0.997803
0.493777
0.244852
0.0992392
4.44895
1.84073
3.44533
3.25006
3.15291
0.506
0.784624
-0.0913252
1.06957
0.837394
0.0402355
0.029004
5.11526
1.74076
1.80941
3.76687
3.49065
-0.304864
-0.902113
-0.273566
0.981834
0.181284
-0.0163914
0.0126806
6.14252
0.901444
0.529607
4.11471
4.06079
-0.817946
-1.21261
-0.134654
0.33174
-0.2442
-0.0863597
0.100696
6.80136
0.326559
0.440019
3.74
2.89684
-1.34426
-1.42066
-0.126223
0.191297
-0.220792
0.0956402
0.181406
6.48777
0.0923036
1.18083
2.51915
1.93727
-0.904325
-1.29416
-0.358909
0.172588
0.155955
0.405894
0.22012
5.38847
1.75214
1.61458
1.10466
1.44484
0.552195
-0.748966
-1.48402
0.505536
1.01591
0.694729
0.17017
4.86814
2.53672
1.26824
1.3132
1.07294
-0.401555
-0.0827521
-0.331146
1.29711
1.27199
0.563557
0.118798
5.22898
1.52997
0.885683
2.0784
1.33036
-1.96163
-0.361373
0.336608
1.42199
0.654016
0.189267
0.0712254
6.45017
0.697108
-0.0942661
2.82793
2.62497
-2.64176
-1.28715
0.18026
0.94018
0.306502
0.0123598
0.0919837
7.96573
0.0894516
-1.25863
3.60154
2.88359
-3.07098
-1.72086
-0.144058
1.25954
0.136911
-0.111906
0.0454858
7.40519
0.289694
-1.2246
3.39669
2.91782
-2.53945
-2.22913
-0.0596229
1.21525
0.218442
-0.224473
-0.0160989
7.68056
0.0872618
-1.37992
3.29023
3.34294
-2.37907
-2.05517
-0.0675384
1.17928
0.122899
-0.351755
-0.0521553
7.73983
0.0591639
-1.34441
3.30462
3.16723
-2.38606
-2.08818
-0.0332163
1.10804
0.0562456
-0.35921
-0.0489374
8.75089
-0.837074
-1.00213
2.71634
3.53853
-3.0121
-1.93144
0.291148
0.921312
0.0107623
-0.506443
-0.0305215
7.75108
-0.156193
-0.93614
3.03566
2.68784
-1.91265
-2.20248
0.255405
0.915491
-0.0340356
-0.404815
-0.0772834
8.42601
-1.30818
-0.0107085
3.09913
2.47922
-1.69525
-2.31351
-0.072114
0.585213
-0.206005
-0.398661
-0.0611439
7.2763
-0.13077
-0.491406
3.09317
2.46767
-1.56046
-2.73965
-0.393293
0.407602
-0.184636
-0.372588
-0.0527174
7.22007
-0.120758
0.150828
2.24885
2.72318
-1.46396
-3.54404
-0.426424
0.299484
-0.193341
-0.295088
-0.0611292
7.59464
-1.14966
1.46752
1.14266
3.18196
-1.57041
-3.8782
-0.411994
-0.0245724
-0.322934
-0.216377
-0.0823338
7.46544
-1.3613
1.90574
0.847493
2.77513
-1.56637
-3.3624
-0.346931
-0.25065
-0.395015
-0.312865
-0.082657
6.90376
-0.537739
1.62008
1.10875
2.29475
-1.04016
-3.65235
-0.566297
0.266577
-0.596804
-0.355054
-0.0592412
6.76215
-0.295069
1.79935
1.37128
2.04768
-0.563954
-4.22376
-0.408559
0.465968
-0.834451
-0.317458
-0.0571686
6.10501
0.22777
1.78614
1.32442
2.09809
-0.371389
-3.88964
-0.429625
0.305424
-0.948772
-0.367722
-0.0540777
6.69788
-0.771133
3.09722
0.227627
2.67401
-0.277236
-3.50888
-0.378833
-0.00261915
-0.989352
-0.438433
-0.0608306
6.96203
-1.07605
3.74102
-0.126054
2.69109
0.335651
-3.57822
-0.418917
-0.150107
-1.17245
-0.478938
-0.0698947
6.88534
-0.834823
3.88989
-0.421763
2.65813
0.752238
-3.50262
-0.401889
-0.0113736
-1.35296
-0.51894
-0.0379252
5.65708
0.627163
2.62737
1.02947
1.85072
0.274435
-2.92346
-0.987319
0.455811
-1.18314
-0.4623
0.0232183
6.41455
-0.237029
3.68676
0.0605852
2.65102
0.0509516
-3.29794
-0.818589
-0.0409629
-1.08183
-0.502771
0.0155881
6.26267
0.240788
3.1168
0.566555
2.65707
-0.0211371
-3.34593
-0.750574
0.0692308
-1.25353
-0.40163
0.0370773
6.59804
-0.227059
3.93645
-0.0359423
2.76897
0.242528
-3.16455
-0.637866
-0.0807555
-1.26246
-0.556398
0.0668131
5.93593
0.515558
3.40578
0.63228
2.69115
0.0991824
-3.01323
-1.00035
0.419441
-1.35809
-0.517506
0.122729
6.21877
-0.171774
4.36091
-0.149361
3.30743
0.175851
-3.63594
-0.398465
0.0626446
-1.15917
-0.423743
0.0563796
5.76199
0.63576
3.35852
0.796768
3.23255
-0.27357
-3.37027
-0.60918
0.313884
-1.11827
-0.320928
0.0495512
5.82033
0.656704
3.2499
1.00744
3.19883
-0.264163
-3.02806
-0.650273
0.291116
-1.02978
-0.346545
0.0584496
6.06849
0.534657
3.65326
0.883105
3.47982
-0.411891
-2.93379
-0.381915
0.118596
-0.84941
-0.412979
0.0154881
6.24586
0.489752
4.00399
1.16566
3.82
-0.903067
-2.91015
-0.178214
-0.0185575
-0.48614
-0.523026
-0.0679543
5.49162
1.21728
3.90173
1.85193
3.3968
-0.889937
-3.11974
-0.18589
0.528573
-0.705474
-0.454914
-0.0641074
5.2339
1.34131
3.98496
1.83223
3.55723
-1.26992
-2.99123
-0.00643945
0.427789
-0.593246
-0.451489
-0.0727257
5.19823
1.74738
3.18905
2.37948
3.73204
-1.70216
-2.8942
0.227372
0.0694853
-0.415748
-0.415924
-0.107245
5.52877
1.75139
2.68198
3.22339
3.58014
-2.12148
-2.57696
0.212222
-0.0348937
-0.15805
-0.467472
-0.0971123
6.13656
1.25618
2.43285
3.48974
4.2711
-2.35347
-2.42056
0.500592
-0.00813736
-0.0760546
-0.494431
-0.0966189
6.45309
0.964819
2.06146
3.39862
5.21919
-2.26089
-1.71321
0.44507
-0.0206001
0.0401163
-0.584148
-0.068615
5.68952
1.59488
1.12781
3.82022
4.96573
-1.40856
-1.45223
0.251393
0.0434681
-0.106468
-0.478709
-0.0432615
5.58651
1.4797
0.963402
3.75644
4.78291
-1.36964
-1.44406
0.0916088
0.0348923
-0.0723821
-0.354948
-0.0159694
6.67398
0.992657
1.04062
3.68771
5.0816
-2.34403
-1.36164
0.0619975
0.318059
0.191781
-0.373579
0.0318694
5.93694
0.860859
1.6189
3.25451
4.09046
-1.40717
-1.23513
-0.224953
0.244922
0.0661373
-0.12543
0.0491677
4.94979
1.23906
2.35043
3.19853
3.21025
-1.03253
-0.524615
-0.0916527
0.0286737
-0.05457
0.1156
0.0771044
4.07536
1.5434
2.71046
4.00528
2.94083
-0.815667
0.173341
0.0736885
0.0696303
-0.152755
0.170441
0.0389171
3.24393
2.21026
3.05778
4.45852
2.79006
-0.829874
0.682806
-0.0494189
0.242347
0.00185628
0.102614
-0.0123834
3.05413
2.29588
2.90263
4.00174
3.73384
-0.96296
0.865157
-0.0676231
0.414108
-0.368676
0.286231
0.0198127
2.93299
1.94003
2.78329
3.17172
4.62554
-0.498653
0.854191
-0.0741026
0.354994
-0.267178
0.349715
0.0291868
2.80024
1.13529
2.8238
3.41087
4.33456
0.534436
0.719476
-0.580363
0.70892
0.0283556
0.248582
-0.0124157
2.43575
0.897594
2.96717
3.62394
4.20681
0.353882
1.47866
-1.14304
0.981028
-0.0727196
0.32436
0.0108466
1.56236
1.12181
3.6221
3.57256
4.80433
-0.75362
1.47001
-0.389795
1.02125
-0.0893089
0.206111
0.00483165
1.35899
1.03037
3.06201
3.71096
5.79346
-0.960666
0.729021
0.0865191
1.20284
0.0434738
0.0584738
-0.0229069
1.61027
0.578799
2.8735
3.59788
5.14307
-0.0467012
0.401254
0.0752632
1.02548
0.25723
-0.0797345
-0.00390571
1.64899
0.493737
2.96575
3.6728
4.27605
0.264519
0.526495
0.272601
0.777489
0.0786595
-0.136264
0.0422982
1.43038
0.748216
3.03718
3.56622
4.28912
-1.05502
0.791654
0.426285
0.968227
-0.108686
-0.1359
0.0703181
1.43888
0.388781
3.18248
3.61819
4.28929
-0.122059
1.14573
0.172255
0.433071
0.275469
-0.0402529
0.0546117
1.34586
0.686011
2.91557
4.01681
4.01135
-0.00828368
0.78605
0.621698
0.501842
0.365161
0.0377285
0.00562832
1.23356
0.762141
2.72793
4.61835
3.48
-0.578653
1.54042
1.01771
0.410224
0.295591
0.115254
0.0650914
1.18371
0.62738
2.76223
4.40533
3.47748
-0.102189
2.6293
0.62328
0.135944
0.180925
0.268491
0.135743
1.39628
0.369507
3.25871
4.10113
4.17289
-0.438849
2.0146
0.650724
0.663098
-0.293924
0.444432
0.126295
1.47572
0.40712
3.39542
4.54945
4.92407
-0.655254
0.770058
1.26072
1.04417
-0.352704
0.265413
0.0694788
1.76979
-0.231264
3.96291
4.68234
4.95825
-0.833574
0.686382
1.21556
1.07473
-0.0223904
-0.192603
0.0935054
2.38032
-0.0576322
3.2033
4.18824
4.64349
-0.802343
0.880628
0.628891
1.10416
0.0663816
-0.333767
0.0889536
2.84647
0.480306
2.83597
4.17858
4.73037
-0.966077
0.417707
0.573807
1.16273
-0.313928
-0.156716
0.0724153
3.34238
0.0584169
3.27381
3.76403
4.79611
-0.14397
0.0708119
0.959536
0.833413
-0.322718
-0.238536
0.066993
4.15625
0.0272275
2.60309
3.55239
4.68028
-0.425848
0.0721728
0.354132
0.728365
-0.380787
-0.228775
0.103579
4.68514
0.0705817
2.49192
3.28042
4.31236
-0.686065
-0.371757
-0.332106
0.772855
-0.455728
-0.259176
0.138372
5.03065
0.479699
2.00995
3.10293
4.06348
-1.61585
-0.244759
-0.366314
0.596152
-0.391816
-0.324315
0.138548
5.99147
0.500526
1.0393
2.831
4.4259
-2.42328
-0.387815
-0.16846
0.0431027
-0.138003
-0.312387
0.169976
6.25393
0.763808
0.582049
2.87801
4.30449
-2.80464
-0.916836
0.138202
0.16951
-0.0208842
-0.330123
0.124892
6.77719
0.777976
-0.0890213
2.41957
4.3299
-3.04312
-0.559999
-0.400542
0.0821661
-0.0347999
-0.296126
0.20296
6.5162
0.740519
-0.30032
2.71105
3.65558
-2.64522
-1.07013
-0.417231
0.286256
-0.17299
-0.182636
0.145135
6.58281
0.990194
-0.392877
2.6399
3.68717
-2.52695
-1.32479
-0.217609
0.220309
-0.154399
-0.231377
0.120303
7.00333
0.940552
-0.400761
2.23763
4.47398
-3.18443
-0.696289
-0.554087
0.203388
-0.0211242
-0.444567
0.169218
6.66313
1.24475
-0.502048
2.22915
4.23474
-2.79719
-0.784437
-0.553038
0.0973264
-0.173073
-0.398286
0.148016
6.43637
1.44767
-0.427095
2.19871
3.49926
-2.22211
-0.971313
-0.423391
-0.079621
-0.425005
-0.292973
0.132008
6.16667
1.58377
-0.450901
2.07177
3.10667
-1.54155
-1.20349
-0.396441
-0.346185
-0.50186
-0.177806
0.123596
7.58074
0.745114
-0.218774
1.95021
3.91458
-2.59293
-0.622508
-0.553417
-0.229765
-0.311468
-0.399734
0.156165
6.8262
1.66003
-0.237259
2.36242
3.16017
-2.06933
-1.29311
-0.0150261
-0.0609379
-0.373162
-0.317833
0.08483
6.42003
1.829
0.302254
2.65715
2.56374
-2.08045
-1.54134
0.286767
0.10208
-0.352005
-0.341414
0.0377751
6.22373
1.94506
0.751782
2.90394
2.3693
-2.27356
-1.56286
0.357841
0.378538
-0.284308
-0.39574
-0.000322426
7.21493
1.34574
0.59538
2.75858
3.93639
-3.56344
-0.679898
-0.104344
0.451627
-0.0817232
-0.580191
0.0877101
6.89775
1.35266
0.63304
2.74186
4.05535
-3.34728
-0.727472
-0.14801
0.32298
-0.0784771
-0.559408
0.0817622
6.76289
1.34881
0.705856
2.82189
3.88583
-3.05984
-1.30848
0.123073
0.411656
-0.0292522
-0.515345
0.0368382
7.49326
0.71476
0.687865
3.09537
4.31094
-3.50455
-1.26797
0.377982
0.67967
0.0810223
-0.59303
0.0574079
6.95377
0.951625
0.0589227
3.22465
3.81896
-2.14647
-1.47134
0.268674
0.629184
-0.10162
-0.386035
0.0252801
6.48865
0.841017
0.0582968
2.91816
3.39759
-1.01168
-1.34655
-0.0669444
0.409644
-0.259769
-0.257586
0.0451582
6.82113
0.379331
0.374932
2.43962
3.86433
-1.11226
-1.04298
-0.294542
0.263784
-0.162098
-0.276065
0.0714388
6.77938
0.772252
0.177396
2.2741
4.59956
-1.53719
-1.0964
-0.245922
0.129826
-0.0525279
-0.374519
0.0621452
6.71617
0.82193
0.341562
3.04936
4.1838
-1.92169
-1.15429
0.133896
0.442563
-0.131573
-0.407526
0.0322684
6.31756
0.704799
0.755863
3.65636
3.47715
-1.32731
-1.39197
0.6111
0.600489
-0.204964
-0.356833
-0.0100046
6.54826
0.312218
0.692759
3.52855
4.38397
-1.6817
-1.11679
0.783942
0.647185
-0.0302908
-0.373659
0.00428122
6.44069
0.176052
0.506926
3.21595
4.37997
-1.88874
-1.03804
0.736937
0.632866
0.0178284
-0.342531
0.0411904
6.69906
-0.744792
1.27695
3.19975
4.67281
-1.55768
-0.766808
0.846262
0.296047
-0.112774
-0.436901
0.0223907
6.58249
-0.375119
1.04169
4.31772
4.2377
-1.37611
-0.516428
0.856759
0.535745
-0.353647
-0.378671
0.0285633
6.19353
0.493455
0.795798
4.85552
3.41969
-1.88277
-0.698086
1.09879
0.779124
-0.396201
-0.349022
0.0333703
5.88033
0.329367
1.37277
4.45617
2.45579
-2.40766
-1.16864
1.47182
0.940146
-0.197035
-0.185577
0.101585
5.00876
1.23015
2.67468
3.48923
1.89175
-1.32974
-1.04669
1.22258
0.69982
-0.578252
-0.168693
0.113221
5.22886
2.57422
3.06008
2.766
1.72438
-1.12384
-0.275804
0.744115
0.80049
-0.592712
-0.182327
0.0608446
4.93719
3.0427
2.23404
2.41898
1.26167
-2.02184
-0.881356
0.300039
1.23679
0.125805
0.053082
0.0968748
4.22599
2.40439
2.68822
1.97692
1.3312
-2.01014
-0.145563
0.167776
1.11213
-0.104206
0.0344773
0.124269
3.79998
1.94393
3.29396
1.95111
2.27207
-1.18466
1.27757
0.59077
0.812358
-0.192908
0.0486859
0.144319
4.77691
1.6097
2.16866
1.49484
2.82519
-1.10104
1.16266
0.176778
0.592602
-0.0191295
0.233547
0.252182
5.78125
0.836638
1.10372
2.58437
2.8537
-1.41991
0.588618
0.581838
1.01455
-0.0174994
0.178179
0.292792
5.44564
1.05403
1.26261
3.03505
2.35184
-2.00904
-0.16726
0.658497
1.2737
0.0318269
0.276896
0.293956
5.33317
1.5522
1.88228
2.7614
1.65212
-1.69949
-0.782601
0.769538
0.922172
-0.13221
0.187592
0.218399
5.53824
1.10648
2.74512
2.51228
1.59443
-1.01394
-0.290401
0.446746
0.822071
0.0337918
0.154974
0.183954
5.37709
1.71372
2.51818
1.99153
1.72233
-1.02597
0.175807
0.228757
0.759086
0.495129
0.208097
0.11428
4.95316
2.20415
2.22552
1.50266
1.57228
-0.998251
0.406076
0.341975
0.838253
0.548122
0.3204
0.140962
4.82806
2.52526
2.24413
0.837373
1.27643
-0.796916
1.35002
0.144036
0.470521
0.529233
0.3185
0.135253
4.82435
2.01277
1.67332
1.91737
1.6031
-1.1835
0.574403
-0.586965
1.17421
0.573984
0.437423
0.153323
4.73231
1.77635
1.80755
2.19256
1.65126
-1.22608
0.464884
-0.682641
1.70699
0.799005
0.448783
0.17037
4.77366
1.98067
2.78546
2.03587
1.0702
-0.442605
1.07144
-0.4288
1.41001
1.05616
0.199887
0.0800546
5.00007
2.32681
2.50065
2.40216
1.35137
-0.57632
0.740952
-0.695912
1.62099
0.860228
0.0230265
0.00499369
5.17437
2.89095
2.1818
1.70129
1.64176
-0.913773
-0.114169
-1.23335
1.95298
0.360534
-0.0231437
0.0121218
4.83652
2.91394
2.65061
1.03635
1.92186
-1.0486
-0.202917
-0.920314
1.47422
0.244468
-0.0207915
0.0766739
4.50746
2.35168
2.23816
1.3767
2.84119
-1.39083
-0.227365
0.28248
1.93215
0.362559
0.242954
0.190055
4.53268
2.2536
2.36871
2.26145
2.65658
-1.41773
-0.350617
-0.0997133
1.63877
0.407431
0.122902
0.140826
4.66577
2.83357
2.34355
1.39377
2.69096
-1.41871
-0.552052
0.044361
1.3044
-0.0501391
-0.0262096
0.0679372
4.38289
2.6083
2.0196
1.30853
2.85118
-1.5384
-0.210556
0.169271
1.06065
-0.50762
-0.0494775
0.0596629
4.15978
2.97364
2.6591
1.85204
3.77485
-0.692529
0.6364
0.581996
0.732936
-0.802214
-0.124623
0.0268974
4.1346
3.13777
3.04337
2.13534
4.05526
-0.615726
0.0529061
0.804582
1.02918
-0.558364
-0.193302
-0.0107289
4.03459
3.16632
3.14082
2.01182
3.2691
-0.850141
-0.0779292
0.845039
1.21169
-0.414571
-0.237334
-0.0108086
3.80301
3.0723
2.95508
1.33256
2.14855
-0.770251
0.214302
0.310853
0.827167
-0.332206
0.0378426
0.0262166
3.66565
3.18737
3.2179
1.81926
2.57164
-0.361443
0.620692
0.440159
0.967685
-0.375819
0.0365643
0.0317364
3.63222
2.72407
3.21879
2.68537
3.76007
-0.314264
0.416278
0.218983
1.08932
-0.496102
-0.0932111
0.0218798
