149
0.825464
0.989672
2.2254
0.115474
1.45508
0.612354
2.08874
-0.0957288
1.65813
0.370994
0.402515
-0.00537629
0.973529
1.05646
2.25985
0.0294936
1.18204
-0.148478
1.56285
-0.163138
1.00871
0.0177667
0.41013
0.0498336
1.01011
1.11467
2.19264
-0.0738121
1.10579
-0.32368
1.30153
-0.37504
1.00036
-0.025947
0.447237
0.0613321
1.10323
0.968841
2.07078
0.441446
2.06071
0.202134
1.78056
0.225422
1.24285
0.13355
0.46399
0.0160493
1.11607
1.02139
2.73129
1.0674
2.48681
0.843174
1.68779
0.0659545
1.21323
0.461601
0.549055
-0.0101099
1.01538
1.10196
2.96302
0.787435
2.21619
0.755805
1.73221
-0.0606722
1.41169
0.673693
0.550309
-0.0416143
1.20133
1.14304
2.7554
1.30712
2.89314
0.844612
2.34253
0.604431
1.42551
0.524567
0.708691
-0.00255092
1.96109
2.10244
2.93078
1.81616
2.96938
0.69681
2.18463
0.959927
1.28812
0.147768
0.679568
0.0874177
2.40597
2.74925
4.09957
2.92283
3.88529
1.62273
2.62835
0.816631
1.34973
0.0613471
0.422575
0.141278
2.66135
3.23479
4.43808
3.18162
3.8685
2.0308
2.74315
0.557045
1.33373
0.160639
0.46223
0.112135
2.80854
3.43084
4.90662
3.32846
4.01572
1.59872
2.3177
-0.115509
1.20048
0.0958849
0.485274
0.0676706
2.83893
3.04196
4.02524
3.00768
3.14812
1.50273
2.25831
0.261164
1.42093
0.229834
0.402132
0.118599
2.7018
3.06444
4.45367
3.11384
3.20538
1.52775
2.38176
0.307975
1.49171
0.261948
0.392614
0.131252
2.62697
3.1149
4.62757
3.18093
3.46157
1.95949
2.32566
0.238691
1.2699
0.425988
0.399727
0.10549
2.55087
2.99043
4.36156
3.00919
3.72695
1.93715
2.51239
0.596974
1.29491
0.312798
0.48501
0.127024
2.71028
2.95739
4.19664
2.96676
3.75495
1.71862
2.53583
0.519438
1.37932
0.130642
0.520801
0.132543
2.86247
3.02247
4.27277
2.9117
3.65928
1.8945
2.38223
0.108764
1.29074
0.287127
0.452877
0.120428
2.81107
3.22136
4.5679
2.78285
3.99773
2.20697
2.26641
0.217734
1.17487
0.423695
0.41884
0.115498
2.7457
3.24808
4.49991
2.75089
3.95261
2.34303
2.24818
0.24641
1.06146
0.4817
0.429315
0.10647
2.64448
3.07855
4.50985
3.11207
4.10473
2.01173
2.36109
0.164499
1.16694
0.341374
0.533002
0.092899
2.63247
3.28266
4.96457
3.29811
3.96751
1.7122
2.05404
0.253769
1.03363
0.33917
0.490905
0.0627695
3.4345
2.45017
4.23836
2.80935
2.5806
1.45452
2.18731
0.369357
1.06373
0.473003
0.252596
0.118161
4.75487
2.51241
3.0942
2.68057
2.52109
1.4865
1.05334
-0.932367
0.368844
0.885707
-0.0449607
-0.0666358
6.57343
1.83976
1.7656
2.23632
2.6039
-0.696843
-0.171513
-1.16835
0.710272
0.806563
-8.33111e-005
-0.065748
6.19814
1.3017
0.86436
1.79009
2.66245
-1.19814
-1.48126
-0.601156
0.920719
0.850201
0.179679
0.0225668
5.14855
1.22582
1.10906
1.32746
2.6024
-1.144
-1.79001
-0.364207
1.04242
0.755082
0.313787
0.0682129
5.07971
1.7326
1.61434
1.14014
2.01766
-0.633327
-1.07973
0.204829
1.38543
0.769578
0.371635
0.106355
6.15171
1.20402
1.30418
1.44423
2.10895
-1.30888
-1.12679
0.0916829
1.35075
0.66033
0.0847471
0.0780397
6.85589
1.07379
-0.146262
2.94403
2.74157
-2.50267
-1.59252
0.0893016
1.15541
0.372569
-0.130134
0.0274267
7.55028
0.733853
-0.780367
2.81212
3.10405
-2.31182
-2.48033
-0.0185933
1.09846
0.46057
-0.156333
-0.00265815
7.79884
0.468706
-1.00853
2.68848
3.07649
-2.636
-2.79677
-0.329043
1.06744
0.460487
-0.152162
0.00311843
8.08412
0.0659551
-0.232617
2.4443
3.50439
-3.6982
-2.99296
-0.207193
0.990553
0.531383
-0.298652
0.00826657
7.5528
0.548689
-0.229277
2.62996
3.05574
-3.19537
-3.29356
-0.0434353
0.965208
0.420402
-0.255776
-0.0210641
6.97911
0.856951
-0.612866
2.5196
2.72539
-2.53424
-3.33844
0.0840263
0.712856
0.383883
-0.246019
-0.0351932
7.51342
0.71758
-0.695778
2.39917
3.00338
-2.29411
-3.54865
-0.0990457
0.701891
0.401297
-0.224122
-0.0585461
8.36997
-0.126943
-0.0347846
1.55696
3.62783
-2.58934
-3.61214
-0.285095
0.495039
0.377945
-0.20758
-0.0718944
7.46178
0.415813
-0.61532
1.77082
2.98321
-1.91282
-3.88812
-0.30734
0.319935
0.227582
-0.169777
-0.0681292
6.94588
0.265848
-0.232986
1.52752
2.44848
-1.10259
-4.22945
-0.0674432
0.161154
-0.0617671
-0.140883
-0.0733402
6.67007
0.123967
0.337153
1.35996
2.09265
-0.584443
-4.34099
-0.14111
0.19636
-0.36645
-0.171814
-0.0779774
7.44021
-0.890172
1.8881
0.562284
2.50849
-0.758012
-4.27166
-0.221654
0.373081
-0.632675
-0.150293
-0.119231
6.58711
-0.215016
1.87
0.770598
2.7397
-0.902714
-3.48031
-0.407195
0.0142482
-0.482546
-0.328245
-0.155366
6.3111
-0.101667
1.97939
1.17419
2.45552
-0.0269078
-3.05728
-1.05066
0.188353
-0.651279
-0.500819
-0.115525
5.90582
0.194847
2.08855
1.0612
2.58212
0.204054
-2.96562
-0.811496
0.290623
-0.798133
-0.512716
-0.111912
6.19963
-0.456728
3.50054
-0.189158
3.08669
0.164478
-2.83662
-0.541271
0.0640484
-0.725232
-0.708989
-0.0951106
6.24366
-0.621292
4.33167
-0.520795
3.03844
0.45029
-3.05558
-0.517394
0.0421654
-0.761095
-0.792789
-0.0810659
6.05779
-0.121402
3.68916
0.508713
2.16313
0.337247
-2.94598
-0.963951
0.583905
-0.922598
-0.670349
-0.0106204
6.3817
-0.477626
4.13978
-0.115627
2.51606
0.406033
-3.08243
-0.809701
0.165296
-0.966708
-0.683892
-0.00966075
5.62422
0.399553
3.59223
0.32642
2.29435
-0.0984648
-2.65239
-0.961049
0.379846
-0.903827
-0.564401
0.0188939
6.43305
-0.0693464
4.34379
-0.830947
2.85781
-0.010412
-2.80504
-0.621183
-0.319181
-0.765733
-0.783155
-0.0170147
6.28482
0.461618
3.67275
-0.318775
3.32976
-0.692048
-2.56826
-0.271264
-0.695954
-0.729774
-0.532779
-0.060859
6.46758
0.231965
4.73662
-0.54344
2.89973
0.194375
-3.19681
-0.237052
-0.182048
-1.06751
-0.56153
-0.0562507
5.58857
1.75999
3.40469
1.45704
1.95018
0.0500365
-3.02144
-0.521747
0.494294
-1.32387
-0.405761
-0.00707712
5.88565
1.48068
3.59663
1.1917
2.23009
0.104305
-2.95958
-0.179495
0.315114
-1.37518
-0.304038
0.0225706
5.74912
1.09112
4.11638
0.766028
2.79609
-0.144493
-2.82141
-0.0810483
0.112068
-1.12689
-0.166912
0.0466204
6.15145
0.432064
4.58926
0.267698
3.31537
-0.395437
-2.69337
-0.116919
-0.273478
-0.623119
-0.31864
0.0261484
5.51871
1.42292
3.96468
0.84121
3.18387
-0.908694
-2.26686
-0.449691
-0.112104
-0.583655
-0.236927
0.0425412
5.58788
1.53804
3.35424
1.70073
3.12649
-1.24928
-2.4482
-0.475875
0.157444
-0.511106
-0.301733
0.00869519
5.81685
1.4938
2.90219
2.88039
3.02901
-2.15052
-2.19123
-0.533161
0.169355
-0.220646
-0.427689
-0.0226611
5.66927
1.87854
2.6466
2.57037
3.50775
-2.1597
-2.45273
-0.230793
0.0876679
-0.14892
-0.435427
-0.0545122
6.26012
1.80516
2.79365
1.61447
3.88627
-1.51335
-2.7959
0.0929797
-0.0226731
-0.297139
-0.408953
-0.0978549
6.41327
1.82292
2.25298
2.35233
3.52585
-1.45225
-2.38141
0.0207239
0.130247
-0.320408
-0.443936
-0.0720262
6.16368
1.66972
2.08725
3.24019
3.96392
-1.61628
-1.73781
0.108892
0.177257
-0.145824
-0.480759
-0.0813978
5.77141
1.77891
1.51171
3.8918
3.5156
-0.892086
-1.46562
0.0268776
0.286692
-0.144353
-0.378054
-0.0883088
6.85612
1.02281
1.18611
4.22664
3.73097
-1.62441
-1.14354
-0.201852
0.339077
-0.167868
-0.305528
-0.032718
6.88146
1.09554
0.931396
4.1815
4.40887
-1.656
-1.72775
0.29162
0.423082
-0.00712923
-0.301776
-0.0105375
7.05314
1.22829
0.578501
3.72065
3.88305
-1.94427
-1.09202
-0.104747
0.246593
-0.0102442
-0.0574768
0.100148
5.84056
1.86159
0.624373
3.29301
3.06396
-1.68034
-0.705801
-0.276036
0.0345141
-0.0326362
0.186118
0.175138
4.86399
2.50406
1.09511
2.65844
3.35608
-1.27695
-0.660711
-0.122417
0.0494251
0.105242
0.168451
0.133386
4.24526
2.54933
2.11124
2.70457
2.83311
0.694522
-0.106336
-0.649126
-0.164543
0.0344367
0.385579
0.0461341
4.01009
2.55554
2.63666
2.82266
3.18174
0.944723
0.394098
-0.807307
-0.435484
0.104841
0.395738
0.0205691
4.17929
2.09029
2.42062
3.08358
4.11706
0.65677
0.601979
-0.378917
-0.431193
-0.3217
0.429543
0.0796873
3.79692
1.73865
2.4999
3.60371
3.41936
1.04682
0.438488
-0.538283
0.253907
-0.188359
0.354498
0.0141809
3.02756
2.02474
3.21667
3.49801
3.81889
0.464775
0.42344
-0.539538
0.67977
-0.0194348
0.259025
-0.0394149
2.66317
2.0903
3.41573
3.68894
3.20221
0.579166
0.295313
-0.0918603
0.31102
0.747352
-0.0575448
-0.0728111
2.52265
1.91887
2.86054
4.26846
2.91514
0.169002
0.519051
0.802395
0.526715
-0.0975217
0.135535
0.00413713
2.48793
1.75725
2.73142
3.84961
3.08831
-0.639335
0.776616
0.929492
0.725357
-0.260079
0.184019
0.0586554
2.33599
0.647291
3.38515
3.19221
3.94523
-0.255029
1.29387
0.601621
0.670366
0.0708853
0.0936278
0.0950485
2.14686
0.679147
2.68815
3.97727
3.74803
-0.588419
1.80889
0.0774823
1.38976
-0.113632
0.306675
0.0984781
1.72776
1.03056
2.53311
3.81981
3.55052
-1.33535
1.59715
0.221344
1.24104
0.213711
0.39098
0.0306945
1.13917
1.12396
3.09004
3.20485
3.38044
-1.06976
2.00247
0.318687
1.01328
0.358323
0.391929
0.0233315
0.582854
1.09785
3.25702
2.92884
3.38354
-0.573234
2.36506
0.559528
0.897071
0.476373
0.359746
0.0365028
0.477079
0.515052
2.98229
3.26975
4.10813
-1.28974
1.8156
1.21083
1.10422
0.453902
0.218287
0.0431055
0.815409
0.242566
3.08819
3.63834
3.96486
-1.64923
1.70241
1.67571
0.688731
0.292916
0.253983
0.0842432
1.43492
-0.102935
3.20962
3.91404
3.36733
-0.937952
1.9139
1.316
0.433171
0.0863168
0.182706
0.143236
1.52798
-0.0967021
3.29028
3.64827
4.65801
0.234718
1.98291
0.20434
0.537752
-0.0296778
0.073269
0.229637
2.02526
-0.163831
3.00598
4.03351
4.58459
0.44527
1.45599
0.232446
0.771244
-0.108316
-0.0810336
0.17881
2.49962
-0.0112959
3.62471
3.82295
4.65575
-0.257441
0.529464
0.985188
0.893023
-0.275282
-0.0595425
0.110686
2.66163
-0.0307336
3.37873
3.12914
4.9601
0.291672
0.767469
0.387305
0.925187
-0.205667
-0.115592
0.1424
3.07775
-0.103749
2.61711
2.94253
4.93907
0.175332
1.11344
0.00767741
0.836349
-0.227417
-0.172073
0.17104
3.66399
0.416407
1.41618
3.3069
5.1503
-0.596135
0.82591
0.4799
0.305974
-0.0226856
-0.11253
0.105415
4.62974
-0.166761
1.46932
2.56194
5.08545
-1.18052
-0.40147
0.211148
0.556334
0.0658933
-0.162784
0.13513
4.89068
-0.204005
1.28513
2.34991
5.0557
-1.18707
-0.371401
-0.359171
0.625915
0.0135003
-0.241641
0.171739
5.40614
-0.20406
1.15034
2.75839
4.89093
-1.46475
0.0714951
-1.01773
0.394994
-0.0803878
-0.323752
0.211231
6.08857
-0.107416
0.184927
3.26993
4.53872
-1.87501
0.267103
-1.09045
0.284101
-0.22737
-0.207924
0.188431
6.82659
0.0134321
-0.798911
3.0671
4.61777
-2.17477
0.145089
-1.39076
0.351418
-0.170536
-0.158308
0.191345
6.83022
0.239141
-1.03
2.72888
4.45497
-2.22917
-0.077733
-1.42958
0.40285
-0.103654
-0.116136
0.182704
7.71508
-0.5302
-1.58096
3.09067
4.55504
-3.19114
-0.0854826
-1.31225
0.325459
-0.20085
-0.154867
0.249784
7.34583
-0.0494194
-1.19823
2.40915
4.01662
-2.55524
-0.603317
-1.0623
0.206263
-0.099978
-0.0988494
0.211235
7.34278
0.101428
-1.14148
2.24148
4.11909
-2.75219
-0.86682
-1.01959
0.276539
-0.00616184
-0.172839
0.194704
7.43484
-0.109161
-1.26504
2.86987
3.75897
-2.69928
-1.23099
-1.02644
0.542307
-0.0627956
-0.15243
0.126035
7.84913
-0.388372
-1.70417
3.33733
3.44173
-2.36551
-1.37198
-1.01228
0.461998
-0.223456
-0.0868873
0.111738
7.02857
0.335883
-1.41507
2.77696
3.13698
-1.65854
-1.62718
-0.983352
0.384145
-0.154958
-0.0420544
0.102227
7.04046
0.406132
-1.46311
2.56432
3.3339
-1.72252
-1.64044
-1.07748
0.429439
-0.0799129
-0.0546428
0.100204
7.9969
-0.249718
-1.08706
1.77336
4.57873
-3.01682
-1.17631
-0.9528
0.0963426
0.268192
-0.355422
0.180864
7.65431
0.377238
-1.21091
1.91208
3.99636
-2.20037
-1.49573
-1.07401
0.262148
0.0790511
-0.208339
0.116022
6.82019
0.813707
-1.26095
2.29244
3.42659
-1.60234
-2.02079
-0.910827
0.342302
0.0079461
-0.116801
0.0677536
6.96491
0.827349
-1.25914
2.31322
3.82975
-1.98053
-1.92942
-1.00207
0.486535
0.128793
-0.183631
0.0478326
7.20205
0.340228
-0.764218
1.93859
4.08435
-1.87674
-1.53715
-1.16425
0.19793
0.103469
-0.241228
0.0722003
7.10687
0.575912
-0.647696
2.08577
3.77691
-1.55031
-1.70337
-0.808346
0.0507422
-0.0596074
-0.149492
0.0892405
7.90638
-0.216048
-0.177271
1.68495
4.52022
-2.23073
-1.44136
-0.500444
-0.245542
0.149321
-0.314523
0.115908
7.58458
0.394348
-0.530844
1.72097
4.59081
-2.21217
-0.93525
-0.845782
0.0127098
0.146156
-0.378705
0.12783
6.8638
0.890324
-0.613522
2.12343
3.55037
-1.24065
-1.2257
-0.633738
0.230475
-0.114475
-0.162012
0.0838203
6.56776
1.00898
-0.254403
2.36967
2.67858
-1.00434
-1.64359
-0.245447
0.288855
-0.218438
-0.138667
0.0776222
6.99904
1.19215
0.479415
2.62601
2.55612
-2.14945
-1.79227
0.166252
0.641815
-0.0631796
-0.290313
0.0225188
7.56626
0.504052
-0.0152375
2.95486
3.10321
-2.31287
-1.52505
-0.145865
0.733188
-0.0208575
-0.312564
0.0301795
7.11984
0.677872
0.166605
2.96331
3.48901
-2.77503
-1.57997
-0.125134
1.00663
0.254166
-0.328729
0.024563
6.51955
1.01817
0.304858
3.41187
3.21467
-2.8114
-2.25256
0.385171
1.02583
0.274468
-0.306104
0.0143563
6.52799
0.962981
-0.0374414
3.53548
3.32743
-2.56504
-2.22365
0.294811
0.907381
0.111707
-0.358296
0.00550708
6.64221
0.54941
0.275859
3.47909
3.71865
-2.037
-1.77158
0.0192432
0.753524
-0.105735
-0.4714
-0.0332755
7.07292
-0.0264193
0.328312
3.76203
3.60495
-1.88805
-1.35878
-0.0868044
0.634892
-0.198929
-0.423885
-0.0169069
6.43032
0.59731
-0.0280891
3.84134
3.42557
-0.912879
-1.50407
0.0655681
0.522206
-0.299449
-0.366171
-0.016248
6.76864
0.429361
-0.237392
4.30756
3.95046
-0.562016
-0.852169
0.00178316
0.388685
-0.548687
-0.458145
-0.0314405
6.82844
0.497515
-0.206444
4.10291
3.81945
-1.15403
-0.858843
0.0170254
0.303815
-0.643666
-0.48063
-0.0224539
6.74066
0.577187
0.0345949
4.63236
4.26174
-1.62122
-0.701227
0.385907
0.760511
-0.4851
-0.544156
-0.0416631
5.7256
0.768008
0.821178
5.1328
3.90795
-1.41887
-0.995557
1.1109
0.709264
-0.418229
-0.586873
-0.0457312
6.20366
1.26487
1.086
4.83397
2.77029
-3.27003
-1.04952
1.30108
1.11601
-0.213721
-0.354895
0.080708
5.20699
1.30974
1.63045
3.51969
1.9851
-3.57948
-0.761184
0.748093
0.870863
-0.230091
-0.194727
0.152006
4.70851
2.18071
2.10725
2.86026
2.03886
-1.97076
-0.481732
0.911487
0.954289
-0.0979945
-0.0718853
0.11298
5.07582
1.81731
1.50007
2.39921
3.67685
-0.645105
-0.619943
0.270988
1.4728
-0.204199
-0.135413
0.0792261
4.75321
1.76939
2.2837
2.32491
1.93153
-1.59669
-0.893055
0.197937
1.82114
0.309011
-0.0482488
0.0919476
4.64907
1.30907
1.91307
1.4802
0.904611
-1.26028
0.126952
-0.204751
1.32635
0.561631
0.164588
0.0685422
4.92061
1.28015
1.93168
2.06924
0.619258
-1.70551
0.560727
-0.373932
1.259
0.522871
-0.0213048
-0.0072032
5.29283
1.65639
2.66583
2.77905
1.87451
-1.40092
0.715358
-0.689076
1.30159
0.0477461
-0.449303
-0.0227022
5.5606
2.00789
2.27955
2.53438
2.64942
-0.955044
-0.222767
-0.411499
1.30805
0.142133
-0.231957
0.0266823
5.20175
2.30402
1.46348
2.02298
2.80311
-1.02855
-0.27801
0.119847
1.37398
0.0531457
0.0504566
0.114368
4.99548
2.0891
2.28118
1.51571
2.06544
-1.70691
-0.677488
0.862733
1.02474
0.153641
0.136872
0.154664
4.43062
1.55706
2.56355
1.39363
1.66075
-1.508
-0.900281
0.866715
1.10223
0.0490737
0.312387
0.173157
4.35863
1.69995
2.68227
1.32033
2.34367
-0.55473
-1.03412
0.175095
1.05611
-0.378863
-0.0451778
0.0448367
4.49759
1.51309
2.77909
1.69537
2.75908
0.674632
0.305027
-0.0196757
1.33543
-0.37069
-0.381958
0.015366
4.55877
1.21599
3.28942
1.34337
1.95951
0.856046
1.15097
0.504627
1.29148
0.0451963
-0.301713
0.0567449
4.60945
1.81843
2.78012
1.38786
1.68862
0.276789
0.766402
0.796101
1.45939
0.237948
-0.0177753
0.0690418
4.8726
2.29968
1.58427
1.63574
2.4911
-0.108897
0.619568
0.137055
1.75595
0.405094
0.207445
0.0979577
5.16644
2.96384
2.2113
2.09382
2.18518
-0.855464
0.0862054
-0.564968
1.96997
0.175792
0.00519785
0.0497156
4.99846
2.8861
2.11913
1.96268
2.62178
-0.925763
-0.0402159
-0.623056
1.51367
-0.316918
-0.243848
-0.0210923
4.79563
2.43849
1.59142
1.97014
3.26341
-0.27443
0.0781211
-0.993737
0.582958
-0.701888
-0.20169
-0.0288828
4.59787
2.23102
1.3996
1.85918
3.77438
-0.301715
-0.270549
-0.333193
0.771771
-0.649143
-0.0993929
0.0224224
4.41146
2.96421
2.04918
1.21226
2.56555
-1.16984
-0.454259
0.34854
1.64408
0.047503
0.106737
0.0615523
4.44852
3.24375
2.45155
1.04589
1.974
-1.02185
-0.136415
-0.111059
1.3064
0.192656
0.0967702
0.0592238
4.38349
2.26646
1.61408
0.892484
2.4348
-0.650414
0.218294
-0.492093
1.02602
-0.0306483
0.121601
0.0649996
