157
1.76544
1.24666
2.17433
0.377317
2.11936
0.312047
1.86654
0.595939
1.17209
0.33352
0.672842
0.0428663
1.93509
1.54462
2.62594
0.875268
1.85848
0.350065
1.60062
0.0481741
1.29362
0.313807
0.492324
0.0803827
2.24496
1.92672
3.06852
1.39827
2.1146
-0.264953
1.03116
-0.0176907
1.06773
0.191845
0.562047
0.084479
2.55012
2.43394
3.54596
1.87588
2.85738
0.234458
1.24034
-0.183448
1.05293
0.383212
0.731843
0.0945149
3.10788
3.27247
4.11124
2.43244
3.44435
1.22954
1.7589
-0.339125
0.875151
0.104614
0.505819
0.0924035
3.51347
3.61641
4.01072
2.56539
2.88343
1.31516
1.86249
0.254019
0.935757
0.199304
0.385359
0.102098
4.06145
4.01439
4.58006
2.49378
2.53346
0.703571
2.02491
0.068491
1.1479
0.0977801
0.284353
0.131741
4.01683
3.94607
4.18043
2.76206
2.21208
1.09228
1.75473
0.0186777
0.980131
0.259857
0.273395
0.100176
4.1367
4.34201
4.4907
2.55398
2.35011
1.10121
2.29293
0.00789457
1.05553
-0.0445063
0.31698
0.0936122
3.79416
4.13805
4.1528
2.85992
2.79379
1.1651
1.6237
0.327499
0.805793
0.0705633
0.365215
0.0833442
3.7573
4.17875
4.64849
3.12782
3.04953
0.5251
1.20458
0.521687
0.813857
0.0133969
0.301574
0.0954791
3.72798
3.98386
4.14188
2.8637
2.87215
1.02712
1.28057
0.263184
0.823872
0.154564
0.338613
0.0917921
3.9357
4.24439
4.73681
2.53532
2.9353
0.755688
1.23957
0.250516
0.806942
-0.0208637
0.325209
0.105507
3.89351
4.27415
4.7458
2.71479
2.76435
0.559489
1.14399
-0.0965455
0.799221
-0.00957033
0.29949
0.11449
3.71071
3.95605
4.13279
2.85112
2.53964
1.1121
1.09871
0.0542948
0.636931
0.249227
0.367122
0.0979725
3.794
3.81317
4.0575
2.82916
2.69499
1.32946
1.40494
0.0863917
0.790768
0.241364
0.366922
0.100825
3.87943
3.8963
4.33173
2.77049
3.05315
1.3459
1.47934
0.0548282
0.74622
0.123759
0.361591
0.0998048
3.77343
3.73334
4.41426
2.78461
3.63728
1.51783
1.61934
-0.0451352
0.900211
0.0788244
0.394094
0.106978
3.37479
3.31353
3.59219
2.90953
3.06639
1.57811
1.65806
0.504746
1.04575
0.335629
0.462468
0.109601
3.38212
3.29072
3.64813
2.73651
3.24718
1.7371
1.74182
0.26117
1.01176
0.288853
0.512791
0.114058
3.46778
3.23959
3.574
2.77918
3.24261
1.84276
1.87242
0.134105
1.12368
0.349968
0.471919
0.12141
2.9925
2.43586
3.97292
2.71983
2.91087
1.35911
1.78688
0.589129
1.02077
0.540674
0.422252
0.120108
3.19193
1.65529
3.57054
2.67463
3.03839
0.782905
0.425067
0.191896
1.25047
0.852981
0.414443
0.0876231
4.49022
1.85559
3.12365
2.82828
3.14718
0.605315
-1.06759
-0.605036
1.91041
0.559013
0.174329
0.0944728
5.49908
1.95491
2.81512
3.0343
2.2867
0.587537
-1.64024
-0.767922
1.96854
0.129521
-0.135398
0.090856
5.72203
1.18838
3.05102
3.50217
2.15239
0.959622
-1.54589
-0.647663
1.18443
-0.104166
-0.384444
0.0015786
5.44745
0.92553
1.8789
3.14497
3.08348
1.63643
-1.86553
-1.32669
1.13249
-0.243497
-0.287079
-0.020181
6.26601
0.568507
1.92638
2.55543
2.34359
2.01362
-2.54021
-1.6213
0.967107
-0.308047
-0.373201
0.0544811
6.312
0.71989
2.12943
2.28918
0.976807
0.938608
-2.46682
-1.31537
0.935356
-0.11281
-0.276503
0.0883736
6.15949
0.747939
1.99123
1.8957
1.75966
-0.155307
-2.48656
-1.21514
1.09133
0.160105
-0.127644
0.0574834
5.90413
0.917701
1.70991
1.39407
1.80581
-0.0334443
-1.90717
-1.32973
0.790359
0.310576
0.17401
0.115377
6.42394
0.958089
1.0725
0.216257
3.0604
-0.703462
-1.11452
-1.49352
0.522422
0.83498
0.142015
0.129341
6.59217
1.84624
-0.184292
0.727513
3.48328
-1.87725
-1.01021
-0.888501
0.676481
1.08721
0.194794
0.109327
5.81615
1.88676
0.957146
1.28051
1.4454
-1.37705
-0.103292
-1.26998
0.92593
1.18182
0.486145
0.089552
5.20584
2.23874
1.98988
1.22705
1.27534
-1.41059
0.241804
-0.89283
0.874418
1.39821
0.433555
0.126024
4.4371
2.08995
2.52209
1.07463
2.10736
-1.32983
-1.07946
0.330836
1.19622
0.986019
0.257327
0.101908
4.77336
1.06389
2.70064
0.8724
1.89453
-1.01884
-0.837627
0.185255
1.24999
0.606
0.0999829
0.0935889
5.87785
0.635581
1.76389
1.21925
2.08204
-1.21845
-1.0398
0.47488
0.743087
0.361472
0.126517
0.0894028
7.15312
0.510491
0.686911
2.36363
3.58275
-3.45124
-0.417376
0.544556
0.476422
0.436551
-0.183359
0.154002
6.96195
0.6782
0.651494
2.28989
3.6023
-3.37497
-0.599515
0.747439
0.409058
0.183892
-0.422588
0.0653795
7.06537
0.63048
0.776994
1.98008
3.53514
-3.0679
-0.266815
0.610076
0.144503
0.0998681
-0.480005
0.0350456
6.77147
0.877325
0.541646
2.68746
3.59574
-2.37616
-0.0509594
0.196754
0.263171
-0.129123
-0.469257
-0.0124946
7.23998
0.175514
0.779619
3.27237
3.90849
-2.95303
-0.0533386
-0.0718826
0.307967
-0.237282
-0.690181
0.011037
6.5966
0.360116
1.25811
3.3454
3.7925
-2.45056
-0.66581
0.115256
0.350365
-0.283708
-0.652368
-0.0265603
6.51004
-0.169707
1.34245
3.03973
3.9574
-1.85367
-1.07216
-0.535608
-0.0411486
-0.25643
-0.568982
-0.0226597
6.53823
-0.571786
1.25766
2.57847
2.68679
-0.70101
-2.26116
-0.813936
0.205944
-0.352462
-0.350553
-0.00768728
7.195
-1.55375
2.06334
2.01539
3.02002
-0.16763
-2.69284
-0.373691
0.251139
-0.511572
-0.316439
-0.0335553
6.64257
-0.191973
1.70737
1.85086
3.33142
0.297054
-2.57875
0.109332
0.17259
-0.740068
-0.350327
-0.0779551
6.25349
-0.235686
2.71574
0.240335
3.21153
0.655309
-2.09812
-0.361247
0.15169
-0.663617
-0.475457
-0.0445688
5.78126
0.235821
2.36769
0.173633
3.24524
0.807043
-1.6128
-0.660088
0.348918
-0.693283
-0.568088
-0.0160634
6.43386
-0.0594054
3.61835
-1.0552
3.44456
1.11321
-1.92135
-0.410283
-0.0288542
-0.840957
-0.845984
0.00820247
6.04089
0.36398
4.33673
-2.02737
2.22427
0.471356
-2.03103
0.11138
-0.437557
-1.08311
-0.496036
0.0386114
5.70675
0.382813
5.29039
-2.65535
1.1148
0.475514
-1.77061
0.175595
-0.963665
-1.1333
-0.310804
0.0309088
5.30748
0.782795
5.30807
-2.95629
0.857164
0.97986
-1.77182
-0.364283
-1.07265
-1.04194
-0.138903
0.0167454
5.85199
-0.0887397
5.44985
-2.68583
1.43944
1.38772
-1.96898
-0.0149
-1.23009
-1.40904
-0.229734
0.0453494
5.77876
0.0233247
5.49738
-2.29095
1.82405
1.69405
-1.6775
-0.0450338
-1.24346
-1.46345
-0.215786
0.0690559
6.09734
0.860429
4.5003
-1.88418
2.05599
1.74704
-1.94333
-0.846564
-0.707865
-1.25159
-0.175782
0.106167
5.93005
1.02477
4.95366
-1.4065
2.39655
1.394
-3.13812
-1.12848
-0.290556
-0.823762
-0.0111787
0.0213048
5.74481
0.980804
5.30689
-1.70001
2.9241
1.75813
-3.43252
-1.01212
-0.309798
-0.741875
0.0704253
-0.0193539
5.42922
1.84267
4.82793
-1.65507
3.71539
0.832039
-2.97553
-1.11776
-0.453641
-0.398492
-0.117039
-0.0276802
5.43076
1.89416
5.65975
-1.22558
3.40713
0.95522
-3.20924
-1.19635
-0.106606
-0.277597
-0.258243
-0.0401311
4.73518
2.59167
6.42798
-0.462403
2.94028
1.86646
-3.18849
-0.873073
0.26832
-0.529743
-0.167036
-0.0564657
4.93055
2.00521
5.53515
-0.102871
4.44285
1.17236
-2.71164
-0.453563
0.0257521
-0.246998
-0.103205
-0.114969
4.85637
2.14748
3.28943
0.81674
5.4887
0.506118
-2.04076
-0.39985
-0.0119532
-0.222649
0.00023914
-0.130501
5.32535
1.51364
3.48764
0.526464
6.48818
0.0634803
-2.26525
-0.212706
-0.419568
-0.156965
-0.242011
-0.0948404
5.04203
1.65538
3.22336
1.62164
5.95387
-0.201697
-1.89629
0.0687491
-0.242061
-0.364271
-0.217239
-0.0951539
5.40768
1.17183
3.7867
1.48625
6.15463
-0.760741
-1.86724
0.15071
-0.512237
-0.254125
-0.502665
-0.0504101
5.22029
1.9067
2.8806
2.24827
5.71605
-0.997793
-1.31412
0.300063
-0.228747
-0.338692
-0.462801
-0.0495455
5.27802
1.8307
3.56117
3.09509
5.19896
-1.04007
-0.795309
0.851722
-0.00256453
-0.00154465
-0.489544
-0.0866084
4.81489
2.32951
3.75486
3.76022
4.34666
-0.491139
-0.251657
1.15763
0.146126
0.285193
-0.36392
-0.100326
5.34994
1.77692
3.15086
3.85738
5.37117
-0.0282129
0.242923
0.516204
0.318215
0.321699
-0.298124
-0.0726801
5.55774
0.875155
2.34565
4.19745
6.06685
0.388875
0.502324
-0.233197
0.86663
0.322209
-0.351683
-0.0246533
5.54862
0.885369
1.47225
4.14595
6.3337
0.887331
0.0564651
-0.077384
0.860982
0.27445
-0.227899
-0.0289054
5.43436
0.84259
0.767546
4.31265
6.30708
1.43711
-0.232966
0.495683
0.582609
0.353377
-0.0580627
-0.00831021
5.78868
0.304838
0.625256
4.23626
6.39665
1.54393
0.174882
0.897353
0.402124
0.318766
0.0536937
0.0626881
5.27018
0.718106
0.727232
3.78235
4.89618
1.34695
0.189259
0.13806
0.580057
0.0375353
0.215788
0.132608
4.56896
0.203226
1.79414
3.20886
4.43932
1.35232
0.637962
-0.210976
0.678732
0.0439929
0.324621
0.171114
3.67734
0.40648
2.12254
3.08985
4.04417
1.23557
1.37817
-0.349069
0.533581
0.101618
0.477498
0.14239
2.9616
1.22597
1.62592
2.92883
4.16715
1.447
1.50945
-0.452381
0.478708
0.49634
0.365616
0.0443917
2.55875
0.929654
2.13396
2.65391
4.52811
1.51108
1.34774
-0.435622
0.61489
0.53016
0.24677
0.050264
2.6325
0.809806
2.35095
2.78319
4.5788
0.932253
1.07783
-0.368748
0.940546
0.396493
0.218118
0.0478585
2.78957
0.232209
2.04253
2.90346
4.16422
0.647064
1.06324
0.030953
1.0601
0.0992163
0.372166
0.11104
2.21661
-0.0515464
2.1538
2.72855
4.0705
1.13474
0.95218
0.247176
0.893348
-0.0419375
0.493521
0.120183
1.46738
0.166824
2.74657
2.07423
4.31939
1.26656
1.74164
-0.135121
0.672762
-0.253338
0.706893
0.165352
1.24482
0.0779513
2.77793
2.70429
4.75804
0.91344
1.73711
-0.603525
0.928363
0.3715
0.16067
0.162769
1.34131
-0.102114
1.9934
3.43553
4.76694
0.659554
2.10799
-0.948329
1.06669
0.736975
-0.115892
0.150376
1.10154
0.0588797
2.32341
2.86501
4.66198
0.821228
2.10802
-0.746231
0.761244
0.44462
0.0961283
0.186012
0.79788
-0.317977
2.0364
3.87953
4.27762
0.726707
2.04054
0.0854659
0.369355
0.41253
0.173138
0.216559
0.923612
-0.02113
1.86767
3.57024
4.12155
0.810227
1.45013
-0.139024
0.426976
0.300825
0.145032
0.14756
0.929557
0.0608132
2.58744
2.56376
4.13445
0.695121
1.19082
0.00334419
0.323872
-0.129157
0.342834
0.123398
0.64217
0.0804756
2.27921
3.14285
4.86059
0.123325
1.60208
0.108217
0.279526
-0.0940514
0.403798
0.17295
0.287054
-0.101481
2.7418
2.75247
4.90985
0.122852
1.30331
0.642619
0.47948
0.110385
0.372245
0.129303
0.062948
-0.276753
3.13555
2.80489
4.11431
0.793439
1.00087
0.819064
1.04309
0.278428
0.141969
0.110161
0.321943
-0.219866
2.61844
4.14769
3.571
0.898365
1.20851
0.56197
1.05746
0.536718
-0.0312762
0.117632
0.724783
0.133476
2.6718
4.22261
3.67478
0.439324
1.81812
0.522805
0.611176
0.609391
-0.216349
0.177824
1.3312
-0.0757424
2.67268
4.08145
4.01011
0.638923
2.02852
0.741373
-0.0679858
0.325266
-0.224112
0.245761
2.01605
-0.304801
2.4666
4.41781
4.07347
0.257979
2.02914
0.878859
-0.155795
0.154814
-0.12237
0.179032
2.76209
-0.952653
2.41798
5.08846
4.28307
0.00101267
1.74411
0.54802
-0.0142305
0.273164
-0.0666743
0.062283
3.41555
-0.947972
2.10644
4.55905
4.9811
-0.279569
1.18399
0.588588
0.250339
-0.0279169
-0.163347
0.107817
4.23417
-0.773629
1.53081
3.93521
5.52503
-0.720305
0.812209
0.732855
0.238783
-0.118322
-0.281932
0.140479
4.9663
-0.747667
0.9651
4.48618
5.07185
-1.59243
0.920286
0.989116
0.394172
-0.309716
-0.378172
0.123314
6.04295
-0.613263
0.190898
4.66558
4.54097
-1.75913
1.44943
0.119413
0.381172
-0.634129
-0.206222
0.171868
6.14033
-0.416284
-0.0437788
4.74278
4.00156
-1.5815
1.00063
0.057645
0.533308
-0.639118
-0.156686
0.111431
6.7302
-0.691377
0.258928
4.13629
3.75233
-2.11214
0.452311
0.297121
0.399607
-0.423959
-0.294078
0.098875
6.36434
-0.220972
0.166602
3.86655
3.32623
-1.50396
-0.0930271
0.0177588
0.517014
-0.394147
-0.265026
0.0511894
6.78498
-0.21134
-0.18174
4.15434
3.52593
-1.81371
0.0422157
-0.189143
0.455312
-0.55284
-0.283458
0.0665381
6.55716
0.205626
-0.0505742
4.49302
3.40927
-2.71679
-0.286635
-0.081107
0.929177
-0.526691
-0.351464
0.0402305
6.77947
0.503063
0.377594
4.26561
2.90396
-3.3107
-0.426051
-0.04712
0.981994
-0.457096
-0.394744
0.043415
6.50762
1.20074
0.821159
2.99781
1.64092
-1.47724
-1.13879
0.114808
0.415339
-0.350128
-0.256301
0.0141846
6.35258
1.58008
0.858479
2.28823
1.32722
-1.21729
-0.550316
-0.328541
-0.184444
-0.126436
0.0287656
0.0115448
6.59158
1.11491
0.84584
2.39074
1.18979
-1.50542
-0.0206624
-0.795405
-0.302416
-0.142047
0.0779783
0.0133449
6.77719
0.955949
0.838084
2.34303
1.35024
-1.88638
0.667602
-1.26708
-0.380251
-0.134423
0.0376521
0.00906133
6.26661
1.83643
0.708392
2.0885
1.74909
-1.82471
0.373544
-1.08142
-0.161845
-0.278767
-0.0226521
0.0245635
6.06157
2.14929
1.11665
2.06487
1.49838
-1.68902
-0.123701
-0.953206
0.0285596
-0.0685768
-0.0466163
-0.0201811
6.66293
1.25836
1.12712
2.25968
1.51505
-2.33961
0.208805
-1.28974
0.285344
-0.0982553
-0.228125
-0.00451431
6.79317
1.48464
0.771794
2.34135
1.84474
-2.34156
-0.539652
-0.421435
0.14334
-0.246794
-0.15698
0.0421837
6.45051
2.11005
0.629035
2.28474
1.84282
-1.86186
-0.619136
-0.128451
-0.251742
-0.179482
-0.0196705
0.0570494
6.29243
1.73682
0.368866
2.98809
2.35723
-2.10723
-0.671336
-0.191726
0.149075
-0.335989
-0.134653
0.0557372
7.36412
0.257569
0.42674
3.57792
3.30109
-2.4431
-0.475266
-0.370184
0.246749
-0.435041
-0.410602
0.0427953
6.74371
0.459085
0.798617
3.78479
2.83999
-1.0338
-1.24127
-0.0432651
0.213619
-0.527888
-0.376602
-0.00581827
6.22754
0.876073
0.744691
4.13134
3.09391
-1.39691
-0.919202
0.0345469
0.249826
-0.550364
-0.374759
-0.0219569
6.12439
0.792
0.676706
4.5068
3.41202
-1.20934
-0.340849
0.0531021
0.211733
-0.744965
-0.372425
-0.00362013
6.52406
0.427375
0.85221
4.78328
3.95108
-1.64188
0.267295
0.22565
0.335428
-0.7887
-0.445011
0.0268348
6.39544
0.365755
1.00001
5.02294
3.84669
-1.06857
0.375254
0.758449
0.452457
-0.737686
-0.411556
0.0228182
5.66375
0.850969
1.32565
3.29098
3.55856
0.676675
0.517755
0.153983
-0.0483247
-1.08647
-0.226204
0.143378
5.16497
1.11904
1.95357
2.41113
3.56213
1.04097
0.737062
-0.150897
0.152855
-1.09502
-0.00518262
0.219201
4.90139
2.40922
2.00602
2.29289
2.98349
1.2454
0.586954
0.0346896
0.0105153
-0.526566
0.113834
0.0612207
5.26526
2.99108
2.56503
2.51819
2.79418
-0.428654
-0.142525
0.543561
1.11631
-0.474377
-0.276112
-0.0173728
4.34592
2.42653
2.44065
1.84853
3.57931
0.245961
-0.251254
-0.161194
0.426189
-0.261417
0.0134009
-0.00823235
3.77178
1.41015
1.97265
1.3618
3.17992
0.357667
0.0975568
-0.611719
0.328348
0.488616
0.56301
0.0831424
3.69451
0.870928
3.03609
1.69811
2.88139
1.33518
0.766443
-0.40842
0.17839
0.716435
0.195385
-0.00248011
3.92292
1.31415
3.68
2.10885
3.17795
1.61347
0.556162
0.491529
0.239962
0.308416
-0.153214
-0.069458
5.2521
1.93543
2.26189
1.56889
3.99197
0.6697
-0.389151
0.777643
-0.0357268
-0.0696888
0.0222269
-0.0129124
5.31922
2.1652
1.75183
1.74017
2.81272
0.313611
0.983335
-0.331693
-0.0854972
0.145926
0.163024
0.0847558
5.00925
2.04115
2.10003
3.17709
2.77985
0.940343
1.52637
-0.566808
0.356282
-0.29907
-0.0998637
-0.0309677
4.25739
1.81214
2.87049
3.20836
3.33965
1.55916
-0.241879
-0.051208
0.163007
-0.16738
-0.137846
-0.0966403
3.92676
1.74709
3.49752
1.58395
2.44759
-0.376112
-1.45589
0.34278
-0.0543303
-0.293911
-0.0777861
-0.0959761
3.77685
1.3092
3.29789
1.26967
2.19159
-0.598763
-0.302208
0.122739
-0.253325
-0.513609
0.0111476
-0.0269272
3.54293
0.904597
2.74831
2.39676
2.60551
0.232142
0.643038
-0.646197
-0.0278756
-0.440323
-0.0293492
-0.0241007
3.77094
1.03863
2.5165
1.762
2.73098
-0.186694
-0.143207
-0.803637
0.156762
0.212887
-0.14377
-0.0889606
3.98548
1.41923
2.26613
1.50589
3.19604
-0.673037
-0.440389
-0.619295
0.302825
0.165666
-0.0634127
-0.0318505
4.1979
1.9084
2.85113
1.68623
2.07192
-1.41627
0.0152374
-0.429896
0.45665
0.375562
-0.0187369
0.0534469
4.27378
2.39007
3.09336
1.33055
1.64184
-1.56172
-0.325367
-0.29795
0.729203
0.393039
-0.113579
0.0466491
4.19455
1.83999
2.61055
1.18473
1.6183
-1.6325
-0.369482
-0.48763
0.404198
0.39201
0.0106539
0.0295917
4.25971
1.79412
2.38405
1.37233
1.98429
-1.36719
0.134709
-0.545972
0.372152
0.129691
0.11569
0.0812526
4.31322
1.96803
2.13389
1.00581
3.24078
-0.148968
0.139038
-0.614794
0.558139
-0.0836555
0.234762
0.128421
4.18413
2.22833
2.21073
1.31619
3.0628
0.46853
0.849167
-0.780427
0.420349
-0.335645
-0.0851389
0.0180609
3.77773
2.07604
2.20098
1.51515
2.74668
-0.551969
0.282409
-0.955673
0.00564259
-0.294464
-0.128537
-0.0478003
3.92826
2.17883
2.29001
1.31967
3.01613
-0.723833
-0.137153
-0.785617
-0.290054
-0.362803
0.0137581
-0.0176033
3.93302
2.01273
2.64319
1.1256
2.52645
-0.870474
-0.683049
-1.30955
0.114806
0.0450631
0.246557
0.0540342
3.66673
1.94029
2.60604
0.909408
2.21425
-1.23361
-0.655562
-0.929758
0.283303
0.124458
0.335514
0.0827565
3.78544
1.9187
2.27401
1.2841
2.72497
-0.584408
-0.203213
-0.859348
0.0308216
-0.287389
0.0839687
-0.00945398
3.78871
1.89915
2.36408
1.84035
2.97541
-0.0773841
-0.101812
-1.12166
-0.183674
-0.470186
0.0720792
-0.0411864
3.95725
2.3676
2.47233
1.96897
2.30012
-0.778895
-0.192667
-0.920668
0.394113
-0.56996
0.051426
0.00564207
3.75249
2.23766
2.56008
1.84855
2.36139
-0.954071
0.00941079
-0.833702
0.848141
-0.358342
0.174232
0.0686556
3.36845
2.05228
2.33156
1.46535
2.16639
-0.69566
0.126948
-0.837516
1.1082
0.137094
0.348243
0.072204
3.09691
2.05753
2.71049
1.18438
1.58374
-1.29071
-0.381541
-0.707339
0.427914
-0.045019
0.476187
0.0419247
