139
2.37605
2.78223
4.28435
2.85133
3.90646
2.48673
2.95688
0.491962
1.19742
0.372312
0.446964
0.146194
2.50083
2.77919
4.47974
2.9997
4.35494
2.22391
2.39318
1.22928
0.983053
0.330803
0.53222
0.121228
2.39436
2.63936
4.40811
3.30352
4.093
2.12492
2.49608
1.27133
1.20166
0.164169
0.534209
0.141086
2.30258
2.75341
4.09798
2.96867
3.78767
1.95674
2.51108
1.14276
1.21201
0.163001
0.514636
0.137672
2.62993
2.99662
4.61884
3.27082
4.2447
2.06509
2.17216
0.445597
1.06343
0.445607
0.539414
0.0832714
2.78288
3.13729
4.43678
3.19273
4.05418
2.19419
2.27388
0.0674065
1.09409
0.376316
0.556503
0.0851681
3.00678
3.23604
3.89348
2.82073
3.25881
1.9418
2.69667
0.6133
1.4178
0.225011
0.405861
0.133124
3.15596
3.23125
4.07237
2.68601
3.23824
1.72104
3.10298
1.07567
1.67959
0.00784635
0.403274
0.159675
3.30416
3.09829
3.3833
2.85896
3.81639
1.4504
1.71048
0.785366
1.55734
0.21432
0.347935
0.117827
4.20349
2.3717
2.28947
2.384
4.07904
1.2966
0.417389
0.0142589
1.44247
0.711453
0.329667
0.0654599
4.89334
1.58037
1.57963
2.57413
4.01049
1.17657
0.20369
-0.315903
1.27557
0.400832
0.183561
0.0528784
5.99545
0.27854
1.22882
4.17938
3.64965
0.0158784
-0.496275
-0.612511
0.879017
0.119995
-0.0908583
0.0426907
7.00752
-0.553663
-0.00861909
5.13074
3.161
-1.17753
-0.693901
-0.548516
0.263275
-0.308737
-0.0763089
0.0601987
7.46074
-0.581416
-0.801344
4.56812
2.77178
-1.51517
-1.07449
-0.727455
0.0354423
-0.304425
0.139419
0.15333
7.22443
0.29243
-0.772426
2.89105
2.69785
-1.11987
-0.974516
-1.04544
-0.0292634
0.118902
0.3817
0.172929
6.74475
1.03775
-0.331545
1.20812
2.35673
0.0711127
-0.598212
-1.50284
0.413428
0.896554
0.619963
0.137164
5.97273
1.22467
0.212608
1.52424
2.25743
0.0398578
-0.673827
-0.78304
0.747558
1.10621
0.787284
0.185874
5.70031
1.41706
1.89214
1.92322
1.62135
-1.18808
-0.357353
-0.342422
0.909575
0.820196
0.367515
0.136041
5.7196
0.790227
1.60439
1.71111
1.76725
-1.32684
-1.95084
0.376686
1.12473
0.28551
0.090845
0.088843
6.90933
-0.310719
0.697535
1.79719
2.61592
-1.69204
-2.31004
0.413668
0.770091
0.244233
0.0480518
0.0697437
8.11772
-0.455122
-1.04537
2.29743
3.43382
-2.22659
-1.99216
-0.260375
0.718286
0.340084
-0.0443953
0.0829205
7.53686
0.0458225
-1.32934
2.56388
3.15385
-1.95376
-2.32162
-0.319724
0.748791
0.270858
-0.0560818
0.0497825
7.62578
0.00494075
-1.19226
2.8019
3.24597
-2.38142
-2.28319
-0.197054
0.937836
0.260254
-0.159156
0.0225234
7.50122
0.149397
-0.873641
2.59122
3.60737
-2.69353
-2.16781
0.0933529
0.974216
0.326208
-0.261532
0.000739245
8.06065
-0.46669
-0.390826
2.1261
4.31557
-3.4845
-1.96583
0.281521
0.695872
0.447059
-0.46685
0.0218042
7.43301
0.055808
-0.503281
2.86133
3.25802
-3.10362
-2.16984
0.287276
1.03766
0.183261
-0.35265
-0.0114555
7.91487
-0.213606
-0.0920648
2.9826
3.1933
-3.58694
-2.15024
0.312314
0.975408
0.0854986
-0.446967
-0.00124359
7.50346
0.114796
-0.0881802
3.11235
2.64481
-2.84767
-2.68543
0.261422
0.914073
0.000834591
-0.392964
-0.0419059
7.41067
-0.100853
0.150623
2.36216
2.8694
-2.2842
-3.12632
0.366806
0.703283
-0.0371114
-0.36666
-0.081731
7.67869
-0.559947
0.958898
1.42451
3.31816
-2.15486
-3.5273
0.410036
0.350569
-0.153004
-0.30252
-0.118497
7.0728
-0.245855
0.904812
1.28825
2.75574
-1.68922
-3.75721
0.140743
0.198053
-0.373522
-0.225496
-0.0859971
7.41791
-0.710042
1.57271
0.902073
2.86327
-1.8639
-3.9597
-0.152911
0.00689294
-0.39594
-0.224405
-0.0890023
6.64045
0.0402967
1.57151
1.02888
1.95926
-1.34434
-3.84823
-0.519623
0.254819
-0.593999
-0.314559
-0.0496633
6.47111
0.213596
1.71921
1.2755
1.27664
-0.666047
-3.98354
-0.483391
0.501395
-0.801821
-0.349406
-0.00743603
6.66742
0.045501
2.30183
1.07215
1.39564
-0.730025
-4.15798
-0.49008
0.578925
-0.878783
-0.324352
-0.0128454
6.74633
-0.338341
3.68927
-0.151436
2.0176
-1.12423
-3.83781
-0.342766
0.10476
-0.738368
-0.446889
-0.0740895
6.09777
0.26195
3.74509
-0.190206
2.56067
-1.59659
-3.33511
-0.052904
-0.234989
-0.72333
-0.49954
-0.0672274
5.72901
1.37773
2.70159
0.695886
2.24179
-1.5232
-2.93826
-0.104398
-0.0902055
-1.05635
-0.424549
-0.0452876
6.34662
0.969378
3.21963
0.253037
2.07907
-0.657322
-3.09434
-0.190692
0.162164
-1.40164
-0.534654
-0.00394658
6.33376
0.913698
3.26613
0.22285
2.46263
-0.424697
-3.18098
-0.0394324
0.0280772
-1.4576
-0.433906
-0.00438439
6.6355
0.169877
4.02015
-0.387102
3.05927
-0.540074
-2.92872
0.209938
-0.728184
-1.1407
-0.420059
-0.0291871
6.23155
0.960839
3.07835
0.928031
2.38079
-0.19086
-2.95365
-0.192551
-0.296638
-1.33286
-0.184012
0.0408679
6.25146
1.03771
3.41242
1.03877
2.06411
-0.0809356
-2.581
-0.183914
-0.224376
-1.39068
-0.195307
0.0854673
5.78244
1.74957
2.93236
1.5549
2.11262
-0.0342353
-2.44599
-0.154496
-0.236038
-1.33326
-0.153392
0.0603894
5.69496
1.88796
2.90547
2.13644
2.31739
-0.27331
-2.21736
-0.0115569
-0.430372
-1.10679
-0.159891
0.018539
5.94352
1.80174
3.06632
1.93938
2.66644
-0.21644
-1.69721
0.0787232
-0.493981
-0.987573
-0.198813
-0.00757747
5.98037
1.41234
3.78017
0.79724
3.80848
-0.177732
-1.61978
0.244109
-0.472805
-0.827225
-0.329989
-0.0352463
5.39577
2.13536
3.10805
1.753
3.40982
0.118519
-1.80046
0.191848
0.0770249
-1.07021
-0.260393
-0.0516827
5.21237
2.45276
2.82242
2.32042
3.32458
-0.192706
-1.79549
0.233465
0.196196
-0.886805
-0.311292
-0.0787233
5.36895
2.44212
2.91472
2.58247
3.277
-0.564069
-1.92613
0.299048
0.130647
-0.707988
-0.368192
-0.0866849
5.6339
2.30292
3.22198
2.66865
3.39781
-1.37256
-2.06527
0.370548
-0.0856126
-0.441209
-0.409171
-0.0875742
5.75879
2.25481
2.76602
2.97382
3.92584
-2.19651
-1.84496
0.398448
-0.207509
-0.133544
-0.509123
-0.0663428
5.68213
2.64369
2.52813
3.45299
3.26403
-2.3549
-1.99468
0.243291
-0.0829067
-0.168277
-0.483422
-0.0309963
5.82219
2.49663
2.2968
3.92364
2.56527
-2.17641
-1.83383
-0.0870538
0.104535
-0.292018
-0.385267
-0.010075
5.62747
2.11018
2.43956
4.14127
2.27861
-1.98389
-1.48569
-0.102323
0.13881
-0.318086
-0.312434
-0.00802146
6.18259
1.3815
2.32442
4.52133
2.8127
-1.91739
-1.01024
0.0395246
0.252307
-0.384819
-0.34223
-0.0121496
6.53538
1.21216
1.80362
4.91232
3.58737
-2.54982
-0.741231
0.29106
0.524563
-0.31501
-0.373118
0.0132876
6.58163
1.15334
1.11153
4.75425
4.16468
-2.53368
-0.788485
0.0825342
0.651059
-0.202115
-0.335592
0.0380842
5.97594
1.65228
0.938553
4.12391
3.92997
-1.71501
-1.08942
0.268574
0.268621
-0.120526
-0.219853
0.0608294
5.47462
1.98982
1.44796
3.64422
3.45334
-1.34077
-0.467297
0.320936
0.114269
-0.384877
-0.134093
0.0987917
4.36154
2.4112
1.54152
3.32148
4.59958
-1.29481
0.36137
0.0873572
-0.126569
-0.29759
-0.067374
0.114867
3.59456
1.91087
2.56589
3.43201
4.40669
-0.539661
0.651012
0.136451
0.264499
-0.278847
0.09322
0.044826
3.32073
1.59829
3.21999
3.6082
4.49597
-0.464164
0.818405
0.513086
0.41964
-0.551847
0.173548
0.0778979
3.44151
1.12284
3.6608
3.814
4.7085
-0.25807
0.340792
0.863865
0.309895
-0.507594
0.21418
0.0708894
2.75646
1.13602
3.75133
4.29526
3.95495
0.119961
0.653508
0.324354
0.911079
-0.211867
0.0142795
0.00325589
2.50715
1.48225
2.98531
3.70029
4.46638
-0.41929
0.741421
-0.0300024
1.10506
-0.0684306
-0.0700212
0.00613375
2.43611
0.891791
3.23296
3.56373
3.25071
0.0893589
1.79161
-0.559342
0.967822
-0.00267035
-0.0233954
0.0492145
2.20637
0.932579
2.81188
4.27173
2.94876
0.174752
2.00103
-0.702266
0.897291
0.217925
-0.0504512
-0.0109585
1.74485
1.38835
2.50403
4.31138
4.40872
-0.95586
1.41577
-0.519333
1.6702
0.0174555
-0.230759
0.0317752
1.56794
0.787552
2.76864
3.27835
5.03775
-0.456842
1.37792
-0.584361
1.45469
0.0593864
-0.0758692
0.0922782
1.37773
0.450639
2.74391
3.73209
4.56953
-0.404401
1.85816
-0.55928
1.29705
0.141398
-0.0203121
0.105177
1.56621
0.489427
2.64212
3.72911
3.96234
-0.284431
1.40561
-0.132815
1.26548
0.367947
-0.0655434
0.0364667
1.80222
0.292487
2.69521
3.57419
3.68739
-0.110893
1.13519
0.22468
1.19993
0.173764
0.0250098
0.0425545
1.5389
-0.0200211
3.40665
4.03096
3.92374
-0.546885
1.61832
0.292221
0.900958
0.133003
-0.0963638
0.101626
1.24231
0.935263
2.65109
4.6486
3.03021
-0.787085
2.29581
0.769073
-0.0534335
0.323371
0.0522699
0.0880068
1.0703
0.931702
2.7755
5.0392
3.18019
-0.395748
2.10199
0.81927
0.119659
0.296165
0.00424197
0.0962911
1.23272
0.617585
3.0812
4.82902
3.90545
-0.0622206
1.10625
0.766128
0.808067
0.0706961
-0.06335
0.0553196
1.81219
0.326623
3.31923
3.47571
3.95933
-0.136815
1.24096
0.605736
0.640977
-0.262205
0.10405
0.0912321
2.6928
0.109273
3.16782
2.40002
4.57655
-0.0675987
0.275066
0.741628
0.598123
-0.369181
0.158061
0.096623
3.27512
-0.0151488
3.28438
2.65316
5.24095
-0.63857
-0.133822
0.888381
0.560968
-0.257624
-0.121894
0.100187
3.84922
-0.0098728
2.33382
3.32645
5.50616
-0.262561
0.359228
0.579129
0.204718
-0.188266
-0.207311
0.0869616
4.77615
0.150305
1.50895
3.73304
4.49113
-0.338327
0.291495
-0.527253
0.522581
-0.530399
-0.139796
0.125098
5.3018
0.239539
1.74507
2.82402
3.18562
-1.25238
-0.38035
-0.305954
0.405333
-0.38185
-0.091099
0.164278
6.14244
0.37603
0.49169
2.7836
3.91872
-1.90062
-0.36866
-0.0479261
0.0814172
-0.0579851
-0.058868
0.149531
6.5272
0.0992538
-0.0836975
3.62396
3.68206
-2.34778
-0.769938
-0.0634517
0.584412
-0.134241
-0.133761
0.10393
7.13013
-0.242107
-0.674072
3.23416
4.34948
-2.74033
-0.459689
-0.532904
0.465211
-0.11406
-0.238726
0.152217
6.25694
0.699734
-0.909896
2.60707
3.89998
-2.15554
-0.894996
-0.69891
0.31836
-0.169817
-0.0930237
0.150707
6.94525
0.710869
-1.02995
2.45966
4.13731
-3.27345
-0.493753
-1.0267
0.498347
-0.106909
-0.211019
0.216654
7.29482
0.257262
-1.13527
2.79744
3.74048
-3.03611
-1.02354
-0.870228
0.562028
-0.126271
-0.154492
0.160743
7.2766
0.467717
-1.40611
2.32082
3.91252
-2.57183
-0.747459
-1.12967
0.266749
-0.227632
-0.121853
0.201373
6.77073
0.629526
-1.19687
2.22949
3.30147
-1.86879
-0.979065
-0.859757
-0.0292245
-0.38231
-0.00576036
0.196831
7.50327
0.27072
-1.2528
2.16982
3.57342
-2.23073
-0.90973
-0.87284
-0.0435029
-0.311541
-0.0632021
0.217343
7.83162
0.0872708
-1.51865
2.37262
3.76755
-2.57901
-0.902096
-1.01304
0.15349
-0.258417
-0.10977
0.209617
6.79315
0.695992
-1.25116
2.31367
3.29796
-2.01365
-1.45774
-0.734526
0.143754
-0.211574
-0.0297728
0.162318
7.55436
0.244522
-1.29767
1.97549
4.02367
-2.87825
-0.800767
-1.07475
0.106893
-0.0982043
-0.162249
0.237827
6.74818
0.746841
-1.26598
1.91638
3.38078
-1.74506
-1.54255
-0.810709
0.00501503
-0.172441
-0.0148645
0.170729
8.19226
-0.517227
-1.51008
1.79555
4.79998
-3.2303
-0.842004
-1.09094
-0.0992089
0.135016
-0.370367
0.253442
6.82656
0.645608
-1.30907
2.16887
3.47581
-1.64061
-1.62016
-1.02175
0.228083
-0.138678
-0.0943864
0.1124
7.59973
0.328567
-1.48339
2.09143
4.02386
-2.28299
-1.10042
-1.33743
0.25484
-0.0833132
-0.203953
0.144657
6.65291
0.855007
-1.12158
2.10768
3.4863
-1.47319
-1.79848
-0.967928
0.166738
-0.0540487
-0.0829127
0.0855694
7.62153
0.111872
-0.799516
2.08105
4.19376
-2.66949
-1.05114
-1.01435
0.0390023
0.061157
-0.244737
0.156985
7.12044
0.232054
-0.517101
2.33088
3.32257
-1.72952
-1.4602
-0.899132
0.0830733
-0.164208
-0.125926
0.110631
7.25313
-0.282338
0.111048
1.81835
3.71137
-1.79971
-1.24412
-0.872861
-0.223008
-0.0665341
-0.219141
0.142764
7.32793
0.220369
-0.142281
1.31149
4.37764
-1.95585
-0.955623
-0.757796
-0.281676
0.133807
-0.291892
0.156179
6.71965
1.04944
-0.695879
1.87837
3.45794
-1.15017
-1.30238
-0.220944
-0.0225873
-0.0988335
-0.0271979
0.144878
6.90045
0.832477
-0.380949
2.21372
3.25824
-1.35148
-1.47681
0.0730173
0.0730053
-0.151354
-0.0469577
0.140816
7.13135
0.899099
-0.212596
2.33394
4.06063
-2.09031
-1.29288
-0.112202
0.231019
-0.0164832
-0.271134
0.0974906
7.62461
0.622468
-0.303779
1.95492
4.32371
-1.84852
-1.20422
-0.316092
0.104699
0.0470938
-0.284808
0.098366
6.5738
0.835752
-0.0902662
2.50174
3.11009
-1.30948
-1.74943
0.171093
0.394847
-0.0554383
-0.108044
0.0849353
6.9172
0.537458
-0.0422752
2.72976
3.35702
-1.72048
-1.59751
0.10224
0.609246
-0.0205777
-0.236353
0.0485295
6.59448
0.575401
-0.0344312
3.07826
4.10275
-1.93859
-1.26261
0.178624
0.628935
-0.0534789
-0.415871
0.00736746
6.48292
0.179676
0.0789876
2.97391
4.46452
-2.07251
-0.929937
0.261314
0.483009
-0.0450923
-0.40949
0.0482139
7.08558
0.0927144
0.147641
3.32983
4.28025
-2.16648
-0.85815
-0.157559
0.331161
-0.265238
-0.43654
0.056888
7.119
0.230519
0.311882
3.90754
3.49983
-2.41018
-1.00709
0.221453
0.50345
-0.438796
-0.42309
0.0270744
6.68756
0.426407
0.595458
4.23838
2.7601
-2.60871
-1.24561
0.9284
0.862362
-0.274775
-0.270014
0.0731405
5.79778
0.643989
1.55193
3.54078
2.68693
-2.54016
-1.38237
1.70991
0.686164
-0.00369285
-0.0672762
0.123976
4.99296
0.742673
3.37837
1.64025
2.5196
-2.87547
-1.24466
1.53416
0.229038
-0.186665
-0.160676
0.118935
4.96842
1.44048
3.1495
0.487475
2.4745
-2.74608
-1.02183
1.26116
0.427665
0.0493625
0.0221702
0.195017
5.27384
1.7597
0.764311
1.19017
2.78786
-1.17211
-0.67962
0.194357
0.293119
-0.128488
0.274122
0.218093
4.85419
1.85742
1.40543
1.87076
4.05585
-0.635272
-0.397919
-0.0501915
0.511566
-0.458581
0.0507982
0.149015
4.43518
1.63752
1.68296
2.14361
3.55989
-0.39415
-1.06104
0.426123
1.19905
-0.227424
0.175744
0.114347
4.46519
1.47706
2.16593
1.72572
2.53308
0.427125
-0.975858
0.846419
0.479213
-0.0152293
0.361971
0.0862252
5.41982
1.83212
1.8373
1.29875
2.70137
-0.050886
-0.373902
0.178408
0.242436
0.109621
0.145188
0.0670463
6.04239
2.30285
1.48961
1.84728
2.46162
-1.01347
0.0211446
-0.272669
0.958598
0.23203
-0.000786519
0.0755723
5.75427
2.4676
2.55676
2.36514
1.69343
-1.31409
0.402629
-0.512074
1.68553
0.517488
-0.0558322
0.056442
4.94541
2.33183
2.92048
1.89847
1.66317
-1.02683
-0.156629
-0.125692
1.09488
0.784121
-0.0687926
0.0163725
4.52142
1.92461
2.94246
1.21133
1.51481
-1.06811
-0.694833
0.0309057
0.6284
0.664598
-0.0112836
0.00374159
4.20575
1.85772
2.58105
1.1705
2.75441
-0.861738
-0.804165
0.329086
0.738746
0.00125362
-0.0638188
0.0195634
4.26149
1.1886
2.45951
1.51464
2.69094
-0.443189
-0.825191
1.1903
0.0943925
0.0041941
0.304099
0.050709
4.28315
1.4195
2.46765
1.15616
2.1407
-0.0948637
-0.741897
0.819274
-0.177354
0.0774214
0.409212
0.0393124
4.43641
1.60827
2.24968
1.59835
2.52053
-0.305621
-0.707163
0.36234
0.667988
0.102853
-0.0268569
-0.0124897
4.38862
0.953235
1.59509
2.00876
2.61693
-0.151765
-0.0945406
-0.476129
0.685604
0.0335675
-0.235332
-0.078571
4.36323
0.739328
1.37547
1.87926
2.08438
-0.600394
-0.0544085
-0.959811
1.20061
0.345928
-0.0344961
-0.0378052
4.28627
1.33846
1.99509
1.81996
1.40203
-1.44322
0.512498
0.0611945
1.16477
0.315388
0.284228
0.147968
4.63871
1.93081
2.40842
1.90341
1.98923
-1.29264
0.186705
-0.111022
0.800076
0.0991151
-0.0591953
0.068956
4.67466
2.37309
2.37269
1.63139
2.19515
-1.09951
-0.0122855
-0.108353
1.33718
0.0753686
-0.175891
0.0299413
4.62889
2.70172
2.6656
1.44958
2.05063
-1.17512
-0.525716
0.0716379
1.86215
0.0341666
-0.0969068
0.0614823
4.44023
2.59721
2.66412
1.33329
2.05392
-0.888153
-0.381998
-0.192383
1.70445
0.312075
0.0469476
0.088022
4.38167
2.20983
2.61432
1.62837
1.69711
-1.6229
-0.39846
-0.143306
1.81872
0.316706
-0.0225221
0.111446
