116
1.7565
1.41772
3.03914
0.827052
2.31834
-0.420762
1.50366
0.492951
1.09497
-0.111096
0.584333
0.0841044
1.73651
1.37105
2.82009
0.487304
2.16111
0.814851
2.13644
0.252379
1.35893
0.390305
0.613725
0.0465834
2.0142
1.86677
2.9657
1.01993
2.47423
1.34074
2.71116
0.371168
1.55475
0.272084
0.592958
0.104881
2.6023
2.75243
4.24056
2.39259
3.40581
2.42353
3.1628
-0.284102
1.32926
0.189277
0.452094
0.148896
2.66518
2.88652
4.53454
2.6418
3.25055
2.36414
3.05654
0.116821
1.32715
0.331748
0.360111
0.14158
2.7601
3.0158
4.56096
2.56035
3.6374
2.17089
3.18889
0.819173
1.20702
0.132907
0.437513
0.147636
2.92968
3.15259
4.29896
2.79283
3.76071
1.99158
3.05889
0.997162
1.45086
0.0016838
0.409877
0.151299
2.97816
3.10427
4.83652
3.23421
3.93795
1.90145
3.37612
0.949541
1.6581
0.0309899
0.440257
0.186219
3.0084
3.16265
4.19104
3.22116
3.42623
1.99493
3.20292
1.20889
1.50587
0.162639
0.315171
0.151188
2.98082
3.14875
5.02032
2.99828
4.01844
2.27046
3.41495
0.79119
1.35724
0.209136
0.468633
0.167143
3.03639
3.23825
4.33939
3.10646
3.9369
2.37822
2.94657
0.739241
1.31973
0.228524
0.436822
0.137303
3.1206
3.35641
5.06359
3.49273
4.71094
2.15391
3.13228
0.532425
1.37079
0.0817735
0.624579
0.139432
3.05427
2.14483
4.03196
3.17456
3.5892
2.42082
2.43377
0.79818
0.657457
0.294082
0.411704
0.107622
3.64006
2.16038
3.94964
2.95286
3.05328
1.99248
1.71161
0.25552
0.266869
-0.114235
0.222895
0.0330121
5.02609
2.48606
3.2219
2.88779
3.38874
1.94289
0.69366
-0.983587
0.0590327
-0.331091
0.0181349
-0.00178768
6.25542
2.89724
2.47263
1.68927
2.60031
2.56337
-0.43026
-1.85207
0.187813
-0.0131501
-0.00693902
-0.0236564
6.09655
3.37059
3.07951
0.864938
1.32367
2.53825
-1.48532
-2.19558
0.06263
0.505224
0.201006
0.0687544
5.42548
2.58991
3.69505
0.440363
1.12878
2.49002
-1.96321
-1.60625
-0.219405
0.343881
0.275549
0.0723003
5.01452
2.69755
3.4598
0.254806
1.66524
1.29003
-1.1906
-0.413284
0.765029
0.691836
0.549165
0.16701
5.56695
2.69312
2.28527
0.14599
1.80772
0.057658
-0.644355
-0.164378
0.981475
1.32534
0.428711
0.0517633
5.93013
2.14797
2.4185
0.313755
2.36335
-1.07016
-0.751611
0.0555437
1.1434
1.04411
-0.00280926
-0.0254106
6.40243
1.411
2.3271
1.12286
3.14315
-2.20672
-1.24106
0.0241144
0.727716
0.507051
-0.449486
-0.0125307
6.46976
1.6819
1.06719
2.53512
2.48622
-2.16683
-2.31004
-0.0751181
0.704699
0.177454
-0.279006
-0.0279697
7.16874
0.225991
1.82392
2.55087
1.88305
-1.9375
-3.12769
0.0148481
0.733492
-0.0144841
-0.19209
-0.0166986
7.54886
-0.495462
2.07558
2.07377
2.29649
-2.34847
-3.33795
0.174545
0.554268
-0.0744942
-0.168123
-0.0266403
6.9532
0.136697
1.67898
1.71204
2.25989
-2.01293
-3.35188
-0.00213004
0.323043
-0.117296
-0.140854
-0.0473418
6.68976
0.061216
1.76493
1.26758
2.25143
-1.48713
-3.24677
-0.305819
0.302313
-0.221264
-0.241234
-0.0784019
6.74391
-0.0306885
1.47236
1.40625
2.10522
-1.20095
-3.23061
-0.518003
0.336948
-0.360252
-0.331877
-0.0710379
7.14206
-0.81729
2.07286
1.38736
1.73975
-0.912096
-3.35636
-0.859143
0.37579
-0.509656
-0.400464
-0.0419823
6.46102
-0.296209
1.93215
1.7156
1.26862
-0.655014
-3.22982
-1.07312
0.419359
-0.643257
-0.499734
-0.0295725
7.35869
-1.11298
2.49844
1.34313
1.48682
-0.615487
-3.31672
-0.930105
0.226694
-0.790891
-0.459315
-0.0325754
6.51234
-0.444515
2.15561
1.73515
1.05061
-0.583061
-3.39615
-1.43247
0.217244
-0.768993
-0.485688
0.00559477
6.2281
-0.792927
3.03963
1.85275
0.85631
-0.820936
-3.47262
-1.88153
0.291637
-0.672883
-0.573255
0.01785
6.14371
-0.762163
3.22405
2.44288
0.65362
-1.12401
-3.64891
-1.70386
0.397609
-0.701525
-0.629935
-0.0012241
6.62812
-1.40535
4.57082
1.0624
1.46748
-0.758354
-3.9932
-1.04447
0.147275
-0.919658
-0.569524
-0.0562559
6.0013
-0.70356
4.11696
1.52554
1.74296
-0.644673
-3.38541
-0.879159
0.347187
-1.03368
-0.670251
-0.0281748
5.93119
-0.467588
3.6499
2.11929
1.77919
-0.570032
-2.84971
-0.761915
0.368379
-1.10636
-0.71948
-0.0092324
6.10432
-1.01261
4.50828
1.3571
2.15205
-0.527298
-2.84312
-0.733519
0.110881
-0.918277
-0.774497
-0.00693809
5.68974
-0.387608
3.9914
1.39017
2.55307
-0.909534
-2.92836
-0.488022
0.0890418
-1.03574
-0.603664
0.0153113
5.96143
-0.850183
4.80856
0.619272
2.56714
-0.442728
-3.13206
-0.342588
-0.237439
-1.2588
-0.577068
0.0713146
6.10144
-0.750667
4.77762
0.447744
2.50179
-0.334822
-3.02874
-0.402252
-0.384794
-1.36011
-0.553704
0.104564
5.96804
-0.590142
4.83819
0.591673
2.20712
-0.42022
-2.98895
-0.657347
-0.250565
-1.21763
-0.5158
0.112947
5.41316
0.140625
4.12406
1.67441
1.41676
-0.406825
-2.66652
-1.27677
0.273281
-1.09046
-0.443859
0.118608
5.9026
-0.960848
5.25936
0.888913
1.7122
0.012716
-3.06893
-1.1364
0.0869864
-0.945573
-0.499239
0.118767
5.57418
-0.608536
4.95872
1.33166
1.32927
0.0286084
-2.62435
-1.44463
0.227871
-0.81752
-0.455598
0.128226
6.09499
-1.48755
5.62118
0.613543
1.4233
0.67611
-2.84415
-1.16471
-0.00811788
-0.793332
-0.40203
0.102939
5.49937
-0.984403
4.98466
1.28213
1.30239
0.261559
-2.45522
-1.36761
0.534963
-0.402226
-0.504911
0.0742759
6.05526
-1.95661
5.74891
0.859022
1.63335
0.763281
-3.40215
-1.0772
0.746111
-0.394669
-0.487554
0.0465594
5.57646
-0.572787
4.06786
1.91449
2.01184
-0.389138
-2.44221
-1.62942
1.07993
-0.0844894
-0.681661
0.115412
6.23993
-1.26726
4.64333
0.781777
3.09131
0.00518021
-3.00319
-1.24982
0.399215
0.10232
-0.710846
0.0749711
6.05134
-0.956617
4.55376
0.722912
3.22279
-0.356165
-3.09944
-1.1235
0.474445
-0.00886062
-0.748693
0.0875113
5.90795
-0.750207
3.94822
0.800649
3.59094
-0.356242
-3.30923
-1.03609
0.659977
-0.236383
-0.573041
0.121715
5.8018
-0.711613
3.37413
1.24269
3.62702
-0.427282
-3.25882
-1.15953
0.874719
-0.23124
-0.459088
0.141458
5.8356
-0.966663
3.25841
0.962093
4.17197
-0.377914
-3.14274
-1.19626
0.588833
0.0473251
-0.369101
0.164869
5.51166
-0.645456
2.55496
0.84938
4.87594
-0.6344
-2.61852
-1.14937
0.638861
0.331509
-0.197528
0.215365
5.64917
-0.700896
1.91037
0.839166
5.38891
-0.792646
-2.35662
-0.789647
0.665052
0.810245
-0.0373034
0.19233
5.98709
-0.540605
1.04988
1.70144
5.09474
-0.876057
-2.32173
-0.523056
0.784594
0.756629
0.10478
0.118809
6.24189
-0.523439
0.873518
1.99318
5.10149
-1.34016
-2.32301
-0.203562
0.714441
0.843561
0.0990938
0.0973755
5.31087
0.446047
0.326438
2.61467
4.17335
-1.05
-1.69555
-0.845049
1.10562
0.398133
0.298641
0.158654
4.85364
0.597347
1.04371
2.24912
4.08506
-0.747646
-1.2523
-0.772897
0.977058
0.203759
0.41847
0.19817
4.46943
1.03459
1.31954
2.15003
4.45979
-0.411985
-0.52993
-0.739391
0.626609
0.131237
0.479403
0.181185
4.22124
1.31568
0.429949
3.02589
5.17802
-0.247897
-0.0402888
-0.824455
1.20025
0.0900428
0.361236
0.105201
3.99804
1.26762
0.393701
2.65604
5.55167
-0.731225
0.474196
-0.678717
1.05919
0.406671
0.352144
0.159734
3.44247
1.64473
0.812107
2.13535
5.07046
-0.689178
0.565132
-0.588877
0.523602
0.35608
0.446624
0.123867
3.20505
1.93493
0.942854
2.95442
3.62351
-1.23367
0.340861
-0.335089
0.429619
0.402147
0.507525
0.0865801
3.02581
1.43248
1.1447
3.60332
3.29601
-1.89015
-0.107695
-0.0400626
0.657926
0.476629
0.477412
0.0592124
2.75501
0.618224
1.17392
3.41871
3.44177
-2.03701
0.145804
0.00844601
0.830157
0.430986
0.352868
0.0415989
2.75533
0.470767
1.13759
3.07398
3.43291
-1.84888
0.561495
-0.963175
1.06967
0.367689
0.185845
0.0407958
2.25515
0.802632
1.55449
2.99197
3.17279
-1.75842
1.16539
-1.22591
0.95623
0.430513
-0.00149269
0.0364463
1.9658
0.641285
2.18611
3.94523
3.15897
-3.06149
1.25354
0.000453804
0.516638
0.235493
0.204948
0.0834652
1.44829
1.04797
1.31489
4.71594
2.9684
-2.25252
0.665361
0.701187
0.0077615
0.490524
0.111303
0.049185
0.992574
1.38483
1.61802
3.16757
4.34007
-2.41128
1.48706
0.474441
0.42037
0.466415
-0.0255276
0.109299
1.1175
1.2544
2.35606
2.43172
4.95676
-2.97417
1.84091
0.563163
0.759398
0.630449
-0.102851
0.151602
1.46724
0.934459
2.08297
3.89047
4.57975
-2.91745
1.4765
0.706245
0.895268
0.395842
-0.191594
0.137718
1.54043
0.760802
2.24639
3.76292
3.59018
-1.98317
1.07674
1.38476
0.439467
0.406414
-0.0324712
0.0886628
1.64822
0.754304
2.12211
3.44937
2.76616
-1.13175
0.933021
1.33938
0.2891
0.267967
0.431619
0.0141007
1.62578
1.01157
1.69433
3.41497
2.84425
-1.16248
1.11581
1.35651
-0.0720387
0.645318
0.236403
0.0343466
1.96558
0.791411
2.20542
2.43356
2.84719
-0.2807
0.879467
0.439685
0.617139
0.548986
0.220356
-0.0204387
2.56571
0.935915
1.75971
1.47547
4.03169
-0.246388
0.777913
0.0334074
0.83979
0.528702
-0.0214228
0.0223484
3.22117
0.592149
1.62124
1.31087
4.8027
-1.05381
0.439377
0.209123
0.71304
0.344639
0.0879939
0.0994211
3.8806
0.545457
1.72652
2.03309
4.19514
-1.30638
-0.257057
0.0201346
0.93779
0.219827
0.130984
0.107655
4.59413
0.930254
0.659381
2.611
3.81432
-1.23806
-1.06228
-0.376586
1.41534
0.0940467
0.177013
0.100528
5.30679
0.714453
0.433105
1.88633
3.92242
-1.458
-0.930445
-1.08296
1.53707
0.22654
0.0841212
0.192022
6.00905
0.188425
0.415588
1.79697
3.62881
-1.75781
-0.525475
-1.28559
1.18573
0.456748
-0.0540529
0.231321
6.58302
-0.528526
0.656666
1.47407
3.71511
-1.82988
-0.724839
-0.782099
0.626306
0.741362
-0.0824021
0.231644
6.63744
-0.724657
0.644421
1.41168
3.51154
-1.62413
-0.920356
-0.796997
0.564681
0.662283
-0.0678145
0.216166
6.73168
-0.789211
0.555542
1.57936
2.95663
-0.867163
-1.51152
-0.860219
0.644074
0.352449
-0.00756164
0.174802
6.52275
-0.415412
0.265742
1.22263
3.59138
-1.49219
-1.12508
-1.08338
0.426303
0.359257
-0.131846
0.194794
6.84662
-0.169892
-0.259602
1.40064
4.01513
-2.11961
-0.802615
-1.12895
0.212389
0.309817
-0.239769
0.195455
7.06405
0.136478
-0.322058
1.74501
3.47882
-1.55845
-1.31487
-0.789367
0.287444
0.0407209
-0.167243
0.124864
6.90207
0.299188
0.483734
1.40885
3.14498
-1.65969
-1.22496
-0.487337
0.320165
0.0225697
-0.254233
0.111595
6.57782
0.943594
1.54535
1.43539
2.56552
-2.62744
-0.867814
-0.193471
0.703797
0.125861
-0.436034
0.0989832
6.53612
0.768467
0.956369
1.46738
3.31819
-2.36502
-1.2083
-0.208745
0.50906
0.16543
-0.33793
0.104556
6.56651
0.179349
0.605988
1.23846
3.60659
-1.58773
-1.36406
-0.528097
0.257474
0.0775153
-0.218233
0.14213
6.94067
0.215
0.165086
1.58446
3.39414
-1.53583
-1.48133
-0.476001
0.214876
-0.00103683
-0.154601
0.127919
7.20998
0.243852
0.694279
1.9858
2.78292
-1.70461
-2.04715
-0.032069
0.49
0.0147869
-0.165086
0.0613931
6.82578
0.0255851
1.33165
1.77558
2.2179
-1.64119
-1.42529
-0.500169
0.558415
0.0522534
-0.286568
0.0704281
6.75316
-0.0943465
1.13892
1.66349
2.43955
-1.61941
-1.14538
-0.705236
0.433941
0.039328
-0.300434
0.102795
6.77099
0.339753
1.43562
1.82606
2.27514
-2.21195
-1.03368
-0.386868
0.587134
0.0950286
-0.357401
0.0750203
6.78719
0.687613
1.72678
1.77175
2.38031
-2.63275
-0.756474
-0.315242
0.599464
0.231831
-0.419136
0.0690006
6.72978
0.684883
1.67969
1.65069
2.60063
-2.03587
-1.116
-0.0700891
0.557357
0.0872825
-0.352536
0.0620202
6.62591
0.927007
2.43018
1.83646
2.1403
-1.84741
-1.09468
0.0881085
0.79247
0.0148184
-0.425879
0.0343906
6.79394
1.16887
2.70093
2.68275
1.73722
-1.98015
-0.937043
0.131079
0.917933
-0.0212225
-0.461117
9.32195e-005
6.65992
1.78739
3.30996
3.17254
1.23927
-2.48845
-0.709725
-0.129627
1.20085
0.167344
-0.446059
0.00878857
6.61414
1.79238
3.14448
3.34947
1.46121
-2.22217
-0.209718
-0.422234
1.21682
0.136409
-0.523063
-0.0301615
6.29971
1.51926
2.65758
3.5319
2.94192
-1.12157
0.0461331
-0.294731
0.901038
-0.289303
-0.617305
-0.0341848
6.05887
1.49408
2.32596
3.85475
3.21769
-0.0995119
-0.00835728
-0.106793
0.837367
-0.637329
-0.541979
-0.00375341
5.66607
1.90537
2.60405
3.15382
2.96294
-1.0397
0.583421
0.469677
0.511106
-0.292534
-0.360239
0.0108791
4.98635
2.50726
3.42964
2.81647
2.07663
-2.07002
1.17073
0.639448
0.0991792
0.703268
-0.204326
-0.000862649
4.9556
2.55618
3.3829
2.73924
1.61971
-1.98454
0.95232
0.577629
0.820949
0.748989
-0.140914
0.033575
5.6426
2.19798
2.32483
2.41862
1.87205
-1.81489
0.441763
1.1033
1.26901
0.214329
-0.0190572
0.120871
5.63559
2.4186
2.08527
2.20292
1.70115
-1.24303
0.107111
0.872728
1.2351
0.360058
0.144857
0.121489
5.14605
2.38634
2.59949
1.45984
1.21836
-0.718698
0.362248
0.672171
0.703505
0.460687
0.27765
0.108237
4.53153
2.37627
3.5736
1.74015
1.14288
-0.445104
0.502735
0.561337
0.674072
0.281896
-0.0514518
0.0177815
3.88284
1.96035
3.35084
2.86172
2.6168
0.907098
1.17346
-0.424377
0.0140441
-0.401228
-0.0642419
-0.0258562
3.24542
1.28935
2.76073
1.77867
-0.456479
-0.442757
1.13032
-0.507734
0.0485159
-0.569154
0.411766
-0.0178019
