106
0.880157
0.477004
2.46458
0.283468
1.47221
-0.616263
0.8123
-0.179432
1.04819
0.201692
0.422976
0.0176194
1.1507
0.493902
2.53724
0.496052
1.94992
0.666696
1.66596
-0.135229
1.28078
0.466312
0.37558
0.0253756
1.31531
1.02212
2.79777
0.648886
2.22467
0.896682
2.08793
-0.0108481
1.28033
0.477033
0.556636
0.0277363
1.59276
1.29802
2.77189
0.97266
2.89799
1.00318
2.32737
0.629304
1.30155
0.321884
0.634051
0.063249
1.88018
1.82645
3.30442
1.96403
3.29961
1.07039
2.15862
0.876081
1.23648
0.216567
0.512842
0.113193
2.67973
3.17956
4.79949
2.73518
3.29204
0.82678
1.66849
0.11547
1.09355
0.0813055
0.418551
0.092526
3.22931
3.60063
4.64373
2.44067
3.0047
0.677083
1.25197
0.335428
0.939034
0.00320395
0.389867
0.102422
3.2387
3.23799
5.03307
2.34641
3.22024
1.078
1.60092
0.959496
0.892305
0.186029
0.342154
0.111062
2.93436
2.96594
4.75122
2.85295
3.69557
1.61085
2.10434
0.70206
1.01377
0.171957
0.450183
0.106162
2.91394
3.09005
4.39448
2.73693
3.39933
1.59307
2.38263
0.519245
1.30343
0.127507
0.414051
0.126082
2.95573
3.18345
4.21328
2.63195
3.67362
1.72022
2.48116
0.42854
1.29791
0.128044
0.446656
0.129219
2.89757
3.14623
4.16296
2.78054
4.08678
1.88972
2.34178
0.587202
1.15411
0.145081
0.518261
0.114844
2.80786
3.23568
4.89817
3.3039
4.60073
1.65972
2.45287
0.666278
1.19854
0.0210238
0.643379
0.0975773
3.0913
3.46059
4.25516
2.95751
3.78188
2.06942
2.70369
0.331207
1.42935
0.13245
0.456053
0.125289
3.72743
3.27577
3.24076
2.23759
2.57758
1.81216
2.32066
0.942631
1.0223
0.14918
0.307759
0.0946808
4.45607
3.41196
3.26896
2.79097
2.67275
1.84363
1.43442
0.364957
0.383947
0.0227325
0.0480541
0.000712147
5.28803
3.58911
3.05403
3.50173
3.16257
0.227089
-0.407049
-0.457575
0.641429
-0.12162
-0.24995
-0.0951376
5.86364
3.71417
2.82401
3.43362
2.03126
-1.29736
-1.46822
-0.484022
0.467668
-0.130113
-0.287572
-0.0500624
6.81072
3.42313
1.80393
3.53454
1.93117
-2.42659
-1.26498
-0.399369
-0.14124
-0.227166
-0.152624
0.0470669
6.48799
3.8793
2.12476
2.54149
1.5603
-2.23368
-1.10555
-0.57468
-0.43952
0.0409228
-0.0417516
0.0568946
5.69646
4.59278
2.42806
1.04415
1.27036
-0.479475
-0.744712
-1.52844
-0.173924
0.542052
0.160637
0.0668561
5.2396
4.19895
3.00428
1.62807
1.5189
-0.917388
-0.825488
-0.238126
0.645159
0.579769
0.081748
0.0384374
5.88184
3.80734
2.34555
2.15687
1.72703
-1.40461
-1.23022
-0.175406
0.801645
0.233939
-0.0987149
-0.0274559
6.83813
3.19861
0.772619
2.17643
2.27265
-1.73613
-1.49066
-0.525827
-0.0386067
0.32081
-0.0831803
-0.0188783
7.61662
2.79989
-0.11389
1.90063
3.12594
-2.10942
-2.01694
-0.591537
-0.175934
0.309805
-0.153017
0.0206543
7.14441
2.64756
0.0108331
2.17825
2.35229
-2.07148
-2.42713
-0.257238
0.095018
0.185456
-0.278102
-0.0353653
7.85328
2.12246
-0.412224
2.38174
3.07064
-2.0204
-2.71784
-0.311404
0.260561
0.19602
-0.281794
-0.0242529
7.92999
1.95974
-0.202885
2.29434
3.22964
-2.09729
-3.08286
-0.154805
0.191165
0.1968
-0.282699
-0.0243063
8.4923
1.41311
0.100754
2.02459
3.84078
-2.67085
-2.77733
-0.4441
0.293856
0.234787
-0.353371
-0.0248963
7.2704
2.12836
0.233712
2.2589
2.41769
-2.06913
-3.01817
-0.0407926
0.120048
-0.01749
-0.417936
-0.0706962
8.11908
1.5914
1.1333
1.43181
2.92138
-1.99165
-3.41794
-0.0844832
0.0672747
-0.0339894
-0.268755
-0.101353
8.19223
1.01097
1.30716
1.44035
2.98738
-2.04998
-3.88435
-0.108645
0.107008
-0.148398
-0.231473
-0.0923782
7.88879
0.917315
1.87191
1.41577
2.6659
-2.14488
-4.21633
0.0863437
0.137117
-0.317145
-0.196262
-0.0933763
6.533
2.53577
1.76944
1.6922
1.21825
-2.06077
-3.5815
-0.0896365
0.202486
-0.295663
-0.365722
-0.065924
7.92243
1.50301
2.91939
0.888848
1.3789
-1.36974
-4.01467
-0.210123
0.480777
-0.539712
-0.237721
-0.0785404
6.69097
2.6369
1.96671
1.44763
1.44325
-1.81825
-3.2153
-0.348907
0.28677
-0.41697
-0.432971
-0.0980661
6.44872
2.57359
1.60072
1.46364
1.64243
-1.63487
-2.84245
-0.419351
0.244248
-0.553573
-0.490041
-0.100939
6.4969
2.16353
1.14738
1.54316
1.76267
-1.17313
-2.92319
-0.542869
0.133501
-0.698193
-0.526057
-0.0890359
7.7957
0.416564
2.20506
0.966843
2.38531
-0.967495
-3.32174
-0.368987
-0.00425394
-0.812507
-0.463886
-0.0805769
6.6117
1.17838
1.79733
1.17249
1.9727
-0.384355
-3.47573
-0.598841
0.173058
-0.943962
-0.42862
-0.0416283
6.15498
1.45321
1.55547
1.02882
2.20753
-0.456469
-3.49466
-0.720841
0.0951448
-0.909886
-0.322752
-0.0327357
6.45135
1.23968
1.36945
1.33488
2.52876
-0.7931
-3.39208
-0.709477
-0.0890294
-0.733791
-0.338497
-0.036825
7.20116
0.40747
2.09072
1.08371
2.85369
-1.14091
-3.04938
-0.752986
-0.221523
-0.57941
-0.409323
-0.0377897
7.2489
1.07537
1.21262
2.28454
2.92227
-1.35366
-3.22148
-0.610156
-0.156562
-0.464932
-0.361275
-0.0437338
6.65083
1.66941
0.735533
2.86412
3.15513
-1.54091
-3.06118
-0.510176
-0.196316
-0.320041
-0.381926
-0.0321214
6.4658
1.59794
0.715695
2.9752
3.33046
-1.42247
-2.90085
-0.432822
-0.163652
-0.29253
-0.330472
-0.00914721
7.38922
1.27833
0.453303
2.95599
4.35883
-1.88508
-2.77038
-0.559007
-0.100179
-0.0513826
-0.313994
0.00612628
7.57505
1.39483
-0.0362077
3.38507
4.59873
-2.04159
-2.41937
-0.824513
0.121616
-0.0238242
-0.333967
0.0280525
7.6426
0.981717
0.139925
3.74483
4.73301
-1.96412
-2.71716
-0.60361
0.348874
0.0557069
-0.337746
-0.00332452
6.90644
1.05104
0.064711
4.10468
4.45333
-1.73887
-2.582
-0.250224
0.477073
0.00118944
-0.357252
-0.00197133
7.1452
0.395061
0.230019
4.00086
4.66849
-1.60048
-1.90202
-0.251848
0.619789
-0.0262326
-0.335576
0.0182996
6.95408
-0.0746081
0.450997
3.9242
3.54204
-1.01815
-1.77813
-0.223011
0.607527
-0.075199
-0.150557
0.0796868
6.71439
-0.151058
0.146818
3.91245
3.14287
-0.766233
-1.60803
-0.613289
0.67547
0.0806786
0.01517
0.118701
6.36927
0.159939
-0.206002
3.93499
3.27294
-0.881342
-1.60456
-0.787768
0.874049
0.177074
0.126729
0.126339
6.19115
0.626722
-0.596913
3.70809
3.99972
-1.29529
-1.25823
-0.947675
0.981341
0.221105
0.218337
0.149841
5.39397
0.965773
0.225668
2.71599
4.5076
-0.586631
-1.46648
-0.566411
0.573656
0.267195
0.325539
0.167436
4.84157
1.15687
0.589506
3.10288
4.49996
0.0954521
-0.944363
-0.796694
0.810406
-0.0122569
0.410226
0.141021
4.59897
0.610425
1.51855
3.1932
3.89038
0.663283
0.263563
-1.50148
0.997921
0.0774081
0.299328
0.115811
4.10026
0.651424
1.95265
2.77513
4.01817
1.03072
0.369074
-0.695447
0.23973
0.159362
0.36026
0.0781048
3.61203
1.02375
1.75277
3.04114
4.45161
1.01831
0.336164
-0.345315
0.239632
0.175175
0.381733
0.0393175
3.46786
1.19799
1.53511
2.63123
5.27218
0.268607
-0.0325108
-0.177686
0.857053
0.0744629
0.370299
0.0513308
3.29546
0.992861
1.90331
2.98874
4.43774
-0.63983
1.19527
-0.312935
0.521962
0.31314
0.383287
0.102861
3.3045
0.179354
2.18653
3.69286
3.94689
0.437154
1.45871
-0.670462
0.70903
0.346054
0.0490453
0.0142283
2.68962
0.396478
2.53086
3.98055
4.21252
0.476357
1.41871
-0.686872
0.641279
0.417669
-0.197236
-0.018057
2.24907
0.724394
2.59802
4.20857
4.53425
-0.0318793
0.863697
-0.562033
0.667033
0.471846
-0.0666617
-0.0687012
2.09524
0.378022
2.26464
4.12076
4.33383
-0.188947
0.70336
-0.365653
1.10929
0.53728
0.0978992
-0.0548829
2.01291
0.787428
2.76989
4.07157
3.63375
-0.292108
1.15452
-0.388556
1.08404
0.514379
-0.068855
-0.0375093
2.06671
1.62932
1.80392
4.3741
3.89094
-1.20366
1.55817
0.33435
0.724975
0.144694
0.109404
0.055831
1.96257
0.972376
2.17897
4.20108
4.59978
-1.41762
1.35599
0.697668
0.61565
0.193078
0.191892
0.0677119
2.16976
0.813682
2.63644
4.33192
3.79041
0.23997
1.2092
0.339008
0.448655
0.0924541
0.018377
0.0264014
2.37374
1.34016
2.89059
4.18971
2.48127
0.910433
0.89195
0.284832
0.575928
-0.247744
0.247666
-0.00867301
2.30942
1.54071
2.71254
3.13017
3.10207
0.036323
1.62882
0.626555
0.214628
0.00673587
0.233552
0.0337211
2.69408
1.00466
2.75934
3.07867
4.1849
-0.453359
1.64248
0.466798
0.158458
-0.0523602
0.0745224
0.0822172
3.26709
1.0061
3.10236
3.32096
4.33541
-1.23907
1.01139
0.0846641
0.55851
-0.00672037
-0.207114
0.0682499
3.69044
1.26068
2.45423
4.00953
4.51913
-2.07481
0.699015
0.0218172
0.460127
-0.00645353
-0.259521
0.0605332
4.16379
1.12134
1.73385
3.49531
4.8378
-1.54592
0.396924
0.178737
0.538752
0.0833604
-0.289814
0.0531614
4.68122
1.54923
1.25967
3.14678
5.43609
-0.754553
0.290031
-0.0954032
0.570125
-0.146553
-0.29603
0.057982
5.32089
0.995299
2.0314
2.92745
5.227
-0.209096
0.200969
-0.698357
0.641103
-0.21461
-0.415419
0.0707489
5.82821
0.98498
1.42177
2.92211
4.15486
-0.0133416
-0.548928
-0.556134
0.555244
-0.363351
-0.320348
0.0309914
7.07947
1.05438
-0.240276
3.16087
4.04535
-1.27518
-0.314892
-0.546451
0.357973
-0.315876
-0.226629
0.0953373
6.67268
1.18276
-0.697932
3.36712
4.09832
-0.853083
-1.23145
-0.262192
0.50789
-0.114771
-0.245061
0.0286649
6.82702
0.936926
-0.727512
3.4101
4.02531
-0.783384
-1.31634
-0.199441
0.403201
-0.161299
-0.197403
0.0574597
7.0712
0.690621
-0.87516
3.47479
3.88236
-0.793208
-1.22597
-0.280043
0.428877
-0.198858
-0.170302
0.0647867
7.29297
0.280603
-1.08793
3.68421
3.94679
-1.17517
-0.775392
-0.684263
0.583232
-0.263238
-0.177872
0.0581131
6.54573
0.406426
-0.531635
3.94745
3.7391
-0.910886
-1.39889
-0.0959648
0.751108
-0.116266
-0.256164
0.00597758
6.44389
0.271272
-0.381004
4.03926
3.55898
-0.842353
-1.52776
-0.121132
0.72103
-0.102722
-0.256096
-0.00616969
7.00746
0.464435
-1.10223
3.73841
3.86364
-1.13679
-1.22312
-0.546465
0.725662
-0.17066
-0.273278
-0.0127319
6.84565
0.728244
-1.26254
3.37603
4.1927
-0.591583
-0.983939
-0.855558
0.488248
-0.339478
-0.393935
-0.0600184
6.61587
0.947541
-0.819197
3.46022
4.2754
-0.280295
-1.22256
-0.830723
0.210359
-0.458416
-0.45095
-0.0676088
6.67167
0.864361
-0.246582
3.67948
4.16715
-0.317351
-1.16185
-0.682715
0.199047
-0.506294
-0.486327
-0.073455
6.28356
0.77813
0.218041
4.24912
4.22116
0.0290088
-0.849629
-0.533
0.40209
-0.493598
-0.510644
-0.106575
6.00479
0.863439
0.390017
3.64753
3.20219
-0.00703413
-0.724306
-0.806095
0.425875
-0.573115
-0.504901
-0.115679
6.20178
0.816264
0.626095
3.28321
2.67031
0.518358
0.2621
-1.5125
0.152438
-0.62949
-0.419864
-0.0896529
6.47744
0.841562
1.39373
3.62794
3.12772
0.974249
1.64233
-1.78462
-0.24116
-0.577347
-0.384978
-0.0651976
5.40448
2.09476
1.55693
3.14801
2.70021
0.216713
0.340563
-0.298254
0.0863965
-0.474175
-0.263199
-0.0827221
4.84095
2.21629
1.69416
3.01732
2.76427
0.225634
-0.0529006
0.0664948
0.255173
-0.356652
-0.224799
-0.0700307
5.72815
2.09436
1.62807
3.17136
2.79985
-0.347298
-0.00303676
0.0194498
0.176978
-0.471304
-0.276457
-0.0352092
5.78759
1.89978
1.90583
3.39739
3.11203
-0.695724
0.561615
-0.0842955
0.355253
-0.819284
-0.441387
-0.00837866
5.38055
1.44982
1.58641
3.98056
3.48238
-0.891342
0.225738
0.153086
0.583322
-0.76806
-0.506714
-0.0299857
5.36271
1.44831
1.56919
3.66074
3.70108
-0.350252
-0.00778295
0.351225
0.441238
-0.799649
-0.52217
-0.0329532
5.19809
2.28908
2.14763
3.18708
3.87551
0.0524841
-0.0198798
0.487605
0.752102
-0.766916
-0.471065
-0.0475671
4.86048
2.13451
2.8716
3.21261
3.69836
-0.795886
0.060813
0.418878
0.844251
-0.656014
-0.387935
0.0299618
4.42243
1.63168
2.60102
3.47113
4.11871
-0.187605
0.408053
0.24414
0.930073
-0.760353
-0.247548
0.0615661
4.09719
2.05813
3.11976
2.97268
3.49965
0.0409105
0.817609
-0.158061
0.920552
-0.664361
-0.151582
0.0463503
3.9014
2.16226
2.8404
2.27085
3.73232
0.577635
0.977837
-0.146229
0.962416
-0.541817
-0.0426135
0.0594801
3.88371
2.31965
2.79946
1.83077
3.52892
0.308639
0.642775
-0.306891
1.09348
-0.461223
-0.0233694
0.0489879
