154
1.70784
1.38479
2.45805
0.981202
1.6772
-0.242113
1.36656
-0.472444
0.933544
-0.276254
0.337909
0.100953
1.73227
1.49445
2.6276
1.14139
1.0733
-0.0995224
1.46798
-0.502289
1.05995
-0.165235
0.233035
0.104677
1.95794
1.78104
2.75265
1.20525
1.98027
0.0506046
1.35471
-0.201432
1.30584
0.0278107
0.516677
0.0819427
1.8567
1.65549
2.54629
1.29186
2.91203
0.0810554
1.27567
0.0529315
0.829466
-0.0216394
0.736764
0.0342318
2.10175
2.00274
3.00278
1.6964
2.72306
1.06714
2.31925
0.536036
1.21349
0.192844
0.602621
0.0929815
2.5468
2.90023
3.81024
2.33408
3.49435
1.85562
3.15687
1.1006
1.14098
-0.102764
0.479347
0.136167
3.24795
3.42823
3.79714
2.44382
3.36563
1.75255
2.61184
0.961931
1.14452
-0.0753598
0.470544
0.106339
3.49494
3.80388
4.39675
2.72621
3.38123
1.395
2.32083
0.445021
0.963127
-0.126384
0.450291
0.0861125
3.3341
3.68068
4.49821
3.18375
3.33547
1.07352
2.072
0.527248
1.05262
-0.10854
0.423993
0.0830044
3.17001
3.3411
5.13873
3.83874
3.64043
1.32267
1.94671
0.351767
1.28603
0.0784243
0.31413
0.0925097
3.10808
3.21859
4.26608
3.25051
3.5587
2.12603
2.32134
0.770907
1.11039
0.347406
0.372948
0.104138
2.92995
3.20886
4.83196
3.43319
4.62144
2.35087
2.57478
0.514487
0.825701
0.371537
0.654216
0.0739992
2.89294
3.05489
4.40511
3.45252
4.1299
2.0232
2.2906
0.904175
1.12613
0.260984
0.513464
0.105177
2.86271
3.11646
4.52789
3.4468
4.45867
2.00592
2.34025
0.753675
1.26269
0.17994
0.584277
0.107407
2.93028
3.37876
3.82885
2.85101
3.48057
2.2157
2.40375
0.659148
1.17513
0.270323
0.460665
0.111453
2.93464
3.39735
3.92562
2.77102
3.57316
2.2048
2.49518
0.581862
1.25729
0.313063
0.434717
0.123705
2.96268
3.28506
4.27712
3.05292
3.7954
2.22851
2.46013
0.470479
1.27834
0.383122
0.430107
0.124288
3.01057
3.39558
4.37416
3.28311
4.3357
2.23292
2.15151
0.454866
1.09402
0.305749
0.54555
0.0877074
4.20817
2.09113
3.36013
3.27932
2.53825
1.54277
1.67379
0.127064
0.602607
0.21718
0.329936
0.0914498
5.36886
1.50325
2.64825
3.72057
2.53204
1.01628
0.386786
-0.42326
-0.260453
-0.341343
0.0871688
0.034097
6.96261
1.05952
1.32126
3.49243
2.76643
-0.815135
-1.05362
-0.38723
-0.197768
-0.0952768
7.83345e-005
0.00356325
6.5571
1.28363
1.18066
2.18866
2.36751
-0.645894
-2.29759
-0.448093
0.171489
0.23671
0.0482656
-0.0221668
5.59282
1.47505
1.82941
1.60569
1.52907
-0.445947
-1.91737
-0.459979
0.247557
0.326059
0.200436
0.0177072
4.80127
2.37221
2.26871
1.78861
1.16437
-0.337938
-0.888769
0.222866
0.852621
0.880825
0.478393
0.141876
4.94335
2.95201
2.32645
1.95421
1.10129
-0.861534
-0.986858
0.287685
0.979471
0.706686
0.33963
0.126197
6.8766
0.597026
1.99171
2.29975
1.1081
-1.45075
-1.55845
0.956659
1.09284
0.147173
0.00553171
0.0773328
7.6906
-0.285973
1.16588
3.10234
1.44915
-2.06345
-1.92339
1.15117
1.12803
-0.0244938
-0.124087
0.040769
7.28296
0.833046
-0.580578
3.4865
2.07233
-2.60988
-1.68991
0.633945
0.995878
0.00499486
-0.136532
0.055425
7.4034
0.724725
-1.04736
3.27331
2.46405
-2.53366
-1.83378
0.132737
0.965051
0.0388231
-0.117721
0.0629793
7.68731
0.496217
-1.2695
3.34279
2.74158
-2.80086
-1.79599
-0.208745
1.04495
0.032132
-0.0842401
0.0868851
8.5271
-0.231386
-0.833358
2.52895
3.63517
-4.38212
-1.17233
0.193843
0.928513
0.164713
-0.420487
0.175331
7.43187
0.516271
-0.557047
3.0151
2.84309
-3.67496
-1.6447
-0.0928034
1.00349
0.06177
-0.17165
0.126155
7.68227
0.254195
-0.562809
2.8098
3.13856
-3.93633
-1.64375
-0.168557
0.982744
0.120538
-0.274223
0.125851
7.63338
0.136626
-0.799571
2.93783
3.04055
-3.74351
-1.81803
-0.208405
1.08139
0.0740512
-0.308328
0.0824492
7.74352
-0.152584
-1.0007
2.86656
3.10098
-3.61973
-1.82466
-0.306037
0.928971
-0.00641885
-0.328337
0.0815086
7.12184
0.303479
-0.898302
2.06077
3.37298
-3.35176
-2.29385
-0.493834
0.50929
0.169743
-0.250467
0.0983935
7.89156
-0.470644
-0.43656
1.28689
4.16643
-4.19441
-2.06477
-0.262513
-0.0305175
0.397841
-0.548404
0.129642
7.97489
-0.996677
0.042203
1.56737
3.64633
-4.42564
-2.21433
0.12468
-0.126166
0.158837
-0.597506
0.0881266
7.09982
-0.257107
0.38421
1.66517
2.62468
-3.23788
-3.04057
-0.0744928
0.248853
-0.09682
-0.338753
0.0217875
6.84374
-0.199566
0.802455
1.3809
2.85449
-3.06607
-3.1582
0.127366
0.0835911
-0.123065
-0.352731
-0.0204616
6.87511
-0.550358
1.4032
1.0929
2.77195
-2.00321
-3.42412
0.232233
0.0539275
-0.470698
-0.301045
-0.0617549
7.01388
-0.739644
1.6672
1.05619
2.41214
-0.976764
-3.43458
0.112103
0.177577
-0.873262
-0.295732
-0.0258656
6.55142
-0.221605
1.45505
0.984734
2.11278
-0.618858
-3.09078
-0.133487
0.0706864
-1.01966
-0.35691
0.0164733
7.22937
-1.15165
2.43931
0.18172
2.46935
-0.784372
-3.15053
0.105871
-0.345959
-1.05374
-0.310692
-0.00734481
6.77773
-0.500128
2.35803
-0.30966
2.78439
-0.878809
-3.23
0.158474
-0.516462
-1.09411
-0.26876
0.0115152
6.47276
-0.0738646
2.57989
-0.731806
3.04388
-1.00351
-3.07251
0.167787
-0.710363
-1.06833
-0.288925
0.0378817
6.18381
0.0597779
2.61887
-0.304154
2.79331
-0.901842
-2.88787
-0.0633038
-0.65473
-1.13317
-0.147509
0.106782
6.10273
-0.0629963
2.8138
0.0824407
2.2925
-0.193557
-2.83397
-0.45061
-0.195347
-1.2835
-0.124691
0.181175
6.36368
-0.417611
3.4144
0.0268486
2.64247
0.361709
-2.98211
-0.521616
-0.0852805
-1.12693
-0.175212
0.135332
6.27333
-0.280536
3.73192
-0.119313
3.43576
0.314144
-2.90861
-0.352855
-0.396786
-0.909628
-0.22366
0.0448064
5.53048
1.13298
2.36046
1.13374
3.13714
-0.102021
-2.58498
-0.586347
-0.198692
-0.902694
-0.115753
0.00224818
5.6304
1.00894
2.52246
1.43798
2.86263
0.293251
-2.65943
-0.719252
-0.0510381
-1.01714
-0.161678
0.0144392
6.21217
0.0178723
3.58788
0.420979
3.22497
0.20477
-2.75981
-0.491263
-0.364929
-1.08327
-0.247942
0.054379
6.46474
-0.247126
4.09566
-0.162304
3.51547
0.37347
-2.83231
-0.469113
-0.730352
-0.936555
-0.320434
0.014685
5.35695
1.4061
2.94877
0.865992
2.83199
0.0744452
-2.21581
-0.94968
-0.237125
-0.9329
-0.106819
0.0168541
5.38117
1.18269
3.1058
1.01167
3.13516
-0.128395
-1.83342
-0.875361
-0.264601
-0.903089
-0.21072
0.0366876
6.32724
0.140382
3.45128
0.866458
3.57767
-0.766021
-1.55682
-0.364599
-0.774455
-0.654404
-0.517595
0.0626256
6.425
0.747963
2.42062
1.70871
3.66856
-2.05211
-1.17239
0.112036
-0.578031
-0.395439
-0.447413
0.0626943
6.56911
0.766099
2.52335
1.84089
3.93243
-2.55772
-1.2518
0.414096
-0.374241
-0.149738
-0.525167
0.0646796
5.88369
1.29338
2.17481
3.07158
2.96709
-2.92116
-1.6677
0.320709
0.313939
-0.157928
-0.300807
0.0902816
6.74454
0.0574625
2.32936
2.75335
3.19064
-3.28323
-0.875434
0.046431
0.0212353
0.175637
-0.334107
0.15234
6.05306
0.834012
1.10774
3.25179
3.09517
-2.34544
-1.55144
-0.29248
0.393387
-0.0359091
-0.00269787
0.152943
6.96715
0.0794031
0.878592
3.14146
3.80566
-3.05127
-0.903371
-0.424837
0.247956
0.211845
-0.0568528
0.228286
6.01443
0.913385
0.923345
3.22693
3.27029
-2.69416
-0.907708
-0.205997
0.527302
0.0172937
0.0845127
0.236542
4.96564
1.20016
1.73874
2.87458
2.72787
-2.31622
-0.717944
-0.0506827
0.989683
-0.190158
0.187464
0.259744
4.20545
1.5841
1.84796
3.25396
2.32748
-1.43511
-0.872467
0.300064
1.51607
-0.352038
0.318026
0.184509
3.51184
1.59801
2.02717
2.74878
3.51509
-1.69575
-0.257885
0.525415
1.13099
0.0587291
0.328224
0.1307
3.09554
1.32647
2.20491
2.65228
3.85852
-1.74469
0.101848
0.82107
0.993523
0.191107
0.254943
0.111131
3.0858
0.37697
3.03949
2.87959
2.88211
-0.796548
0.720159
0.187967
1.79415
-0.21365
0.0587078
0.178768
2.60075
0.31187
3.0195
2.98097
2.38611
-1.05075
0.635278
0.658108
2.00186
-0.0280965
0.059873
0.139099
2.67103
0.306533
2.63561
3.19511
2.50634
-1.23104
0.786532
0.875479
1.3854
0.0243865
0.0787806
0.111177
2.76506
0.373247
2.2571
3.74571
2.55975
-0.394719
1.00939
0.386347
1.07614
-0.217284
0.0503493
0.0785702
2.23761
1.01625
2.34025
3.21819
2.75308
-0.628041
0.289759
0.395866
1.40857
-0.145296
0.0162237
0.0338243
1.52673
1.22339
3.57488
2.97232
2.65984
-0.486079
0.0660597
0.550022
1.49189
-0.38404
0.0269753
0.0598384
1.24378
0.764026
3.66638
3.21965
2.71093
-0.575158
0.863757
0.528788
1.54111
-0.369221
-0.1122
0.140376
1.20523
0.640059
3.42042
3.59169
2.19174
-1.66759
1.38798
1.39697
0.968456
-0.153645
0.0799582
0.161467
1.22249
0.676099
3.0606
3.85025
1.96437
-1.66023
1.02041
1.85935
0.316859
0.153121
0.140321
0.110709
0.918593
0.586847
3.27553
3.44137
2.66907
-1.57595
1.23419
1.51261
0.441629
0.428098
0.0824649
0.0505466
0.832323
0.517472
3.15982
3.23908
4.12652
-0.655286
1.15215
1.72318
0.211407
0.0879441
0.0701208
0.121196
1.10192
0.251782
3.89456
3.22965
3.8021
-0.883207
1.09768
1.58821
0.479737
-0.270709
0.0873906
0.145471
1.43193
-0.0474254
3.96246
2.96214
3.69607
-2.11696
1.77155
1.03118
0.885446
-0.228988
-0.0395634
0.238974
1.37798
0.579154
2.4557
3.39681
3.38043
-1.67191
1.97392
0.62103
0.760532
-0.106436
-0.0761742
0.159242
1.83116
0.766363
1.84683
3.13512
3.68411
-1.41304
1.33512
0.800075
0.896341
-0.167569
-0.147207
0.135559
2.75699
-0.389068
2.83089
2.77685
3.14765
-1.4874
0.611817
1.11089
1.25259
0.103567
-0.107145
0.119242
3.2348
-0.63123
3.03553
1.79921
4.24861
-1.54939
0.22602
1.23387
0.812287
0.341962
-0.189219
0.141102
3.50747
0.13501
2.46405
1.08714
5.79475
-1.82641
-0.731026
1.37862
0.365359
0.341603
-0.0791235
0.114041
4.08504
-0.32184
3.29411
0.849537
4.51269
-1.80317
-1.35996
1.27222
0.598489
0.319248
0.0613551
0.159491
4.69913
-0.535057
2.5994
1.53012
3.62598
-1.4879
-1.35874
0.633924
0.947363
0.0949018
0.0547951
0.200011
5.47442
-0.380917
0.880982
2.07815
3.28511
-1.70836
-0.444797
-0.441853
0.856711
0.171769
0.131465
0.285441
6.27749
-0.676033
-0.200101
2.59868
3.44275
-2.62267
0.380019
-0.883328
0.629877
0.215495
0.136046
0.337583
6.66665
-1.30839
-0.633874
3.39258
3.26755
-3.39851
0.888631
-0.90459
0.421558
0.0429753
0.212406
0.357679
6.60251
-1.28639
-0.733215
3.31746
2.91782
-3.12325
0.543961
-0.913133
0.445433
-0.0438934
0.197963
0.305385
6.68546
-1.26392
-0.871354
3.08228
2.83343
-2.81998
-0.00169617
-0.832557
0.385693
-0.0887654
0.123754
0.262593
6.81941
-1.34909
-0.831861
2.70286
3.29156
-3.04371
-0.214805
-0.799697
0.211676
-0.032798
-0.0431514
0.260163
6.46438
-0.916116
-0.786774
2.30432
3.24615
-2.50857
-0.608244
-0.908874
0.317866
-0.0960331
-0.0991269
0.209877
6.5509
-1.02767
-0.547066
2.05097
3.18871
-2.33039
-0.684891
-0.895205
0.107182
-0.100871
-0.131222
0.210261
6.62304
-1.17066
-0.218379
1.66734
3.35693
-2.29406
-0.845806
-0.81033
-0.104808
-0.0134931
-0.200221
0.202456
6.73771
-1.27242
-0.180467
1.66603
3.43859
-2.4818
-0.782063
-0.901513
-0.208352
0.0465416
-0.267979
0.189429
6.33404
-0.846385
-0.276391
1.79481
3.08768
-1.78632
-1.1865
-1.08583
0.139081
-0.186665
-0.255178
0.123585
6.11572
-0.587247
-0.312454
1.5327
3.08756
-1.71066
-1.3742
-1.07307
0.20965
-0.242276
-0.248197
0.120252
6.20954
-0.982616
0.187654
1.16989
3.27175
-2.06762
-1.10396
-1.22686
0.00577724
0.0146951
-0.375849
0.142085
6.49233
-1.26935
0.370112
1.32122
3.01661
-2.10518
-1.23671
-1.1664
-0.123075
0.107744
-0.338022
0.111192
6.69327
-1.18737
0.119232
1.84144
2.82313
-2.10572
-1.59331
-0.821186
0.00803881
-0.0690225
-0.244778
0.0739786
6.35716
-0.645127
-0.297555
2.44567
2.30516
-1.87193
-1.77935
-0.641803
0.204424
-0.31846
-0.162623
0.0679876
6.69856
-0.531193
-0.369699
2.20719
3.0989
-2.73644
-1.54243
-0.422133
0.0462738
-0.23249
-0.231457
0.0922571
6.98328
-0.686799
-0.297934
1.83403
3.75507
-3.38608
-1.27949
-0.354942
-0.154248
-0.0498904
-0.37452
0.140273
7.10176
-0.587247
-0.521709
1.85665
3.90744
-3.35761
-1.33132
-0.271711
0.0449816
-0.00554587
-0.426373
0.115606
7.05765
-0.74286
-0.419959
1.80598
3.74441
-3.06135
-1.48447
-0.271503
0.0328447
-0.0262161
-0.384036
0.0978387
7.18536
-1.14133
-0.383988
1.5425
3.65072
-3.14874
-1.38891
-0.362995
-0.140579
0.0829751
-0.351918
0.128063
6.61331
-0.721458
-0.691926
1.74203
2.94887
-2.43243
-1.53689
-0.810511
0.272076
-0.0519954
-0.211171
0.0921184
6.92521
-1.55987
-0.0384422
1.33449
3.00643
-2.98277
-1.1702
-0.508813
-0.276996
0.177848
-0.215672
0.148273
6.75009
-1.11149
-0.339986
1.66531
2.78503
-3.01284
-1.06081
-0.460838
0.0452126
-0.00320096
-0.127224
0.1893
6.88644
-1.41268
-0.238957
2.02453
2.99436
-3.24222
-1.04826
-0.359362
0.184127
0.181661
-0.132852
0.188238
6.31768
-0.743335
-0.198322
2.16722
2.29293
-1.95453
-1.96785
-0.57701
0.667446
0.0531122
-0.00864257
0.125719
7.13022
-1.72834
0.462121
1.72248
2.90353
-2.36425
-1.93431
-0.224471
0.136311
0.23736
-0.0714637
0.0994618
7.20522
-1.36969
-0.214088
2.23735
3.32005
-2.84556
-1.33108
-0.0877512
0.11009
0.0472237
-0.153331
0.137678
7.49047
-1.07743
-1.01608
2.37142
3.96993
-2.96291
-0.762667
-0.242887
0.184769
-0.075552
-0.284954
0.176276
6.82875
-0.377089
-1.08884
2.23701
3.41098
-1.80384
-1.00269
-0.28663
0.305907
-0.241914
-0.19211
0.113548
7.66928
-1.25108
-0.826223
1.78232
4.01776
-2.92503
-0.897641
0.0167319
0.0173221
0.119732
-0.269461
0.179178
7.26698
-0.584499
-1.07221
2.83171
2.71582
-2.1618
-1.35145
0.0687239
0.605057
-0.0771983
-0.0144589
0.129635
7.38335
-0.792198
-0.912478
2.95229
2.84497
-1.97453
-1.16247
-0.060813
0.304515
-0.336097
-0.136931
0.117495
6.84715
-0.0264783
-1.03845
2.65957
2.83628
-1.64205
-1.1344
-0.294976
0.182604
-0.396364
-0.0892147
0.130487
7.3465
-0.404547
-0.859642
2.5977
3.03989
-2.2144
-0.683934
-0.26734
0.0532106
-0.408964
-0.107249
0.170986
6.83436
-0.325221
-0.251797
3.09023
2.34595
-1.49353
-0.741561
0.124364
0.340376
-0.282366
0.0592932
0.186292
7.46766
-0.569012
0.0892516
3.25671
2.27853
-2.19644
-0.526017
0.594713
0.434392
-0.248985
0.0319916
0.193399
7.0961
0.610699
-0.176046
3.4263
2.16769
-2.8671
-0.288347
0.980804
1.09103
-0.270647
-0.0866807
0.158327
5.93705
1.17918
0.229749
3.23241
1.81352
-3.4351
-0.890676
0.804517
1.22273
-0.112011
-0.0698174
0.174967
6.43039
1.41136
0.665352
3.05552
2.33658
-3.42628
-1.38868
1.05414
1.15159
0.167639
-0.234574
0.103842
6.04771
0.464776
1.75561
1.39152
1.28012
-0.967215
-0.928298
0.504474
1.19503
-0.0512842
-0.171783
0.087224
5.51402
0.850814
1.87961
0.746183
1.10005
-0.451084
-0.53784
-0.348706
1.3448
0.0066893
-0.246699
0.0496045
5.25411
1.23261
2.26824
0.938202
1.89056
-1.22215
-0.102101
-1.2127
1.71676
0.0836937
-0.417929
0.122303
5.59489
1.05953
1.92896
1.36484
1.88103
-2.23152
0.0284652
-0.693329
1.54128
0.243064
-0.260019
0.188797
6.21572
0.805467
1.29
1.87573
1.74116
-1.38806
-1.06842
0.410316
1.14
0.0721242
-0.0488288
0.12508
5.66509
1.24617
1.47966
1.59039
1.4311
-0.958855
-2.05535
0.826028
1.11454
-0.257537
0.0217478
0.130246
5.31616
0.870547
1.53378
2.10313
0.725351
-0.840766
-1.14076
0.0704394
1.86324
0.140358
0.0830014
0.183298
5.37788
1.16977
1.46218
2.22504
0.537327
-0.640865
-0.500898
-0.372495
1.58505
-0.178695
-0.197963
0.0538876
5.23699
1.35017
1.05965
1.88877
1.83047
-0.109996
-0.914892
-0.572472
0.759392
-0.647061
-0.152223
0.0462105
4.90337
1.07952
1.05387
1.5964
1.42491
0.656082
-1.53722
0.420389
1.44857
-0.283995
0.251045
0.184204
4.60395
0.744918
1.17618
1.96932
1.7407
0.261547
-1.53739
0.557586
1.92763
0.0158531
0.382877
0.218076
5.40779
1.15511
1.10036
2.01519
2.13232
-1.18977
-0.213587
0.214049
1.52747
0.21558
0.059996
0.140846
5.5641
1.259
0.857659
2.16143
2.67787
-1.33171
0.268482
-0.101841
1.23704
0.115154
-0.115826
0.0699285
5.45645
1.45967
1.35743
2.32311
3.19712
-0.348583
0.260592
-0.416271
0.757678
-0.544448
-0.321075
0.0458902
5.31229
1.5817
1.54491
1.55649
2.08514
-1.29509
-0.361197
-0.280297
1.47573
-0.254702
-0.243136
0.075338
5.17145
1.33252
1.64042
1.33883
1.68212
-2.01207
-0.911352
0.424885
1.22373
-0.203866
-0.247346
0.0659888
4.84961
0.84779
1.82758
1.33606
1.76047
-1.25414
-0.977322
1.08059
0.771928
-0.337099
-0.323391
-0.0318385
4.85022
0.839242
1.04739
1.41077
2.10968
-1.57643
-1.29734
-0.104489
0.727155
-0.478775
-0.266977
0.0150929
5.20086
0.823985
0.602466
1.29014
2.49744
-1.56453
-1.1011
-0.781687
0.765929
-0.331507
-0.0764187
0.111284
5.10277
0.835442
0.662678
1.11998
2.76093
-1.25795
-0.87266
-0.400326
0.374971
-0.537384
-0.116703
0.0938476
5.21372
1.23269
0.255497
1.06916
2.45334
-1.74482
-0.613323
-0.358983
0.855156
-0.205334
0.0658935
0.143764
5.54369
1.67151
0.785762
1.25186
2.11592
-1.65127
-0.70579
-0.375385
1.215
0.130015
-0.0572601
0.0607186
5.3918
1.55498
1.48927
1.68364
2.66908
-1.13817
-0.942891
-0.613008
0.275781
-0.462967
-0.326228
-0.0141339
5.3287
1.05561
1.31255
1.75357
2.58548
-1.54267
-1.49341
-0.123353
-0.0842308
-0.618275
-0.327098
-0.0140574
5.24741
1.2114
1.3434
1.65897
2.26629
-1.83202
-1.52956
0.214936
0.248802
-0.454083
-0.29412
-0.00234906
5.48807
1.59054
1.26141
1.39632
2.4281
-1.6988
-1.24439
-0.165568
0.33263
-0.123813
-0.218633
0.00306209
