152
1.52184
1.56353
2.74575
0.621987
1.76584
0.0251617
1.14838
-0.239333
0.91168
0.308355
0.520478
0.0126112
1.27761
1.31988
2.68781
0.882574
2.20165
0.298078
1.34098
0.181331
1.08793
0.245607
0.459214
-0.00591096
1.35704
1.29374
2.59768
1.40216
2.39455
1.0499
2.07159
0.734955
1.29722
0.15221
0.49096
0.0390226
1.54228
1.38963
2.86093
2.04234
2.69878
1.02598
2.36064
0.957326
1.51946
0.244875
0.472958
0.10321
2.00031
2.30347
4.03377
3.03006
3.62943
1.59789
2.39313
0.476221
1.38856
0.167876
0.429612
0.125746
2.57536
3.08384
4.49009
3.16944
4.12895
2.16597
2.49678
0.507158
1.26562
0.268159
0.492802
0.105588
2.9235
3.37063
4.37335
2.72837
3.95525
1.94744
2.13871
0.369753
0.893408
0.22147
0.524261
0.0834506
2.84176
3.01641
3.9304
2.71959
3.56664
1.43881
2.01895
1.07638
1.05138
0.156968
0.472439
0.110369
2.81762
3.22334
4.05705
2.78242
3.62689
1.51741
2.40448
1.38616
1.24748
0.0642788
0.463877
0.126389
2.93701
3.41218
4.81647
3.10032
3.65572
1.64071
2.87786
1.10461
1.40068
0.0364333
0.500688
0.138682
3.03423
3.2373
4.25023
2.97841
3.26179
1.92518
2.57341
0.688
1.26174
0.282597
0.377439
0.121728
3.01604
3.11648
3.93397
2.82458
3.01519
2.18794
2.24706
0.935417
1.09323
0.444897
0.339123
0.116856
2.98157
3.22262
4.23038
2.94552
3.87561
2.43806
2.31556
0.850965
0.880729
0.47123
0.465263
0.108141
2.87064
3.23579
4.54977
3.07436
3.87857
2.27905
2.57815
0.906481
1.12685
0.377513
0.465718
0.12227
2.90048
3.29638
4.08444
3.1572
3.53255
2.20953
2.6665
1.24724
1.29981
0.289472
0.397501
0.133707
2.84818
3.28129
3.96272
3.13866
3.81086
2.06525
2.58697
1.23287
1.3153
0.256229
0.415073
0.134919
2.66725
3.43797
4.67162
3.01003
4.35404
1.94672
2.75305
1.54314
1.28179
0.120736
0.606143
0.134559
2.95242
3.30153
4.04383
2.57594
3.33431
1.98075
2.58014
1.59735
1.38515
0.165376
0.35793
0.135863
3.72669
2.79107
3.18244
2.62176
2.20006
1.27527
1.58456
1.01168
1.31985
0.374186
0.272032
0.107184
5.17635
1.7695
2.73325
3.01013
2.56631
-0.189135
0.382073
0.549204
1.58824
0.567268
0.0744966
0.100047
4.94929
1.70244
1.91415
3.84016
2.87837
-0.25639
-0.699622
0.10159
1.19773
0.335336
-0.019357
0.011055
5.77115
0.561378
0.785357
4.53349
3.21242
-0.626739
-1.06443
-0.578798
0.754578
-0.142916
-0.0697596
0.0408415
6.65574
0.0951748
0.272952
4.79631
2.74527
-1.17479
-1.18434
-0.646624
0.289629
-0.285506
-0.0298126
0.0810643
6.74079
-0.21427
1.00932
4.00482
1.64663
-0.474509
-1.3358
-0.745337
-0.0863482
-0.111633
0.119813
0.132898
5.40747
1.27196
1.85184
1.68148
1.84559
0.478873
-1.99984
-0.623017
0.277064
0.366942
0.431478
0.0829685
4.30128
3.05464
2.05962
-0.0492695
2.55302
0.883377
-2.39576
-0.169724
0.911483
0.804983
0.808079
0.0639527
4.45091
2.88543
2.07564
0.448251
1.9214
-0.00123892
-1.28864
0.973855
0.934061
0.647502
0.635145
0.11049
5.4414
1.99758
2.19581
0.795978
1.56099
-1.39522
-1.29501
1.42388
1.09082
0.396174
0.15233
0.0506451
5.79947
1.66408
1.64136
1.57043
1.85167
-2.18031
-1.61547
1.47664
0.698008
0.171842
-0.0919066
0.0218514
6.82251
1.31098
0.0459619
2.65299
3.06379
-2.53271
-2.1013
0.993029
0.607052
0.353105
-0.168363
0.0384975
7.1743
0.817379
0.24631
2.52869
3.53139
-2.5647
-2.6901
1.15567
0.806863
0.423843
-0.211456
-0.0312675
6.92071
0.774704
0.317059
2.7915
3.37756
-2.7431
-2.79208
1.31793
0.838223
0.321033
-0.323959
-0.0481472
7.67679
0.207411
0.774678
2.2473
4.23874
-3.7378
-2.15603
1.00072
0.624645
0.424584
-0.504225
-0.0113594
7.3054
0.579106
0.475872
2.68886
3.90505
-3.80547
-2.39847
0.663952
0.761847
0.312523
-0.489359
-0.00459755
7.44119
0.244651
0.530941
2.87442
3.46687
-3.91078
-2.19802
0.645478
0.807009
0.0757296
-0.536256
-0.00190009
6.93775
0.62201
0.100602
3.09721
2.51358
-3.1964
-2.02187
0.706218
0.785636
-0.218627
-0.503056
-0.0281649
7.4943
0.0772475
0.644667
2.18929
3.42628
-3.70745
-1.99374
0.715227
0.430684
-0.0693181
-0.645202
-0.0317557
7.51315
-0.225895
1.11698
2.13027
3.81735
-3.85919
-2.63894
0.592749
0.097023
-0.0508773
-0.675717
-0.0572442
7.12121
-0.17888
1.12828
2.64721
3.30183
-3.03988
-2.86758
0.383445
0.257252
-0.362429
-0.608574
-0.0866208
6.43779
-0.0610322
1.69895
2.29128
2.6898
-1.88
-3.23755
0.502166
0.167182
-0.697627
-0.489003
-0.104778
6.42885
-0.494656
2.59379
0.952598
2.71963
-1.38454
-3.2579
0.156546
-0.0493078
-0.871368
-0.444076
-0.071665
6.1629
-0.423081
2.86116
0.25986
2.35509
-0.869679
-3.3144
-0.263127
0.172147
-1.0285
-0.493924
-0.000705839
6.73812
-1.1956
3.68091
-0.392664
1.90929
-0.334686
-3.44885
-0.234449
0.0625286
-1.10362
-0.523707
0.0043764
6.41053
-0.56827
2.75017
0.566744
1.63248
-0.741712
-3.27799
-0.266359
0.378096
-1.1013
-0.465417
0.0308176
6.73712
-1.08894
3.44477
0.395171
1.83498
-1.04261
-3.19934
-0.0136465
-0.0418805
-0.962756
-0.426768
-0.0161393
6.31757
-0.27513
3.05467
0.699273
2.60711
-1.88264
-3.12733
0.178818
-0.361496
-0.783773
-0.412592
-0.0477365
5.99054
-0.135147
3.50938
0.127578
2.88393
-1.10815
-3.27616
0.00545839
-0.27365
-1.07688
-0.45692
-0.0171918
5.93315
-0.124292
3.66355
0.0389819
2.90498
-0.626692
-3.14238
-0.141334
-0.229253
-1.25561
-0.458575
0.0291558
6.34873
-0.167978
3.44321
0.0609813
2.71179
-0.405668
-2.92901
0.126452
-0.6029
-1.49234
-0.275947
0.0546854
6.69868
-0.867605
4.32579
0.0948021
2.23772
0.0950996
-3.07211
0.150759
-0.549013
-1.62714
-0.162652
0.0942257
5.66383
0.251009
3.44628
1.13551
2.14104
-0.153964
-2.83001
-0.299901
-0.0723912
-1.43614
-0.115451
0.137012
5.79651
0.421398
2.95398
1.22399
2.55401
-0.0101995
-2.52798
-0.472014
-0.117906
-1.36766
-0.162348
0.154095
5.72732
0.463893
3.24788
0.801424
3.14441
0.109575
-2.50177
-0.500018
-0.180282
-1.42679
-0.187973
0.160274
6.29025
-0.595323
4.47788
-0.0279448
3.6449
0.738999
-3.22312
-0.25833
-0.406548
-1.3401
-0.295831
0.0996655
5.93063
0.559792
3.01859
0.932109
3.54
0.342835
-2.46141
-0.543032
-0.173635
-1.38959
-0.286904
0.117038
5.71241
0.877907
2.59477
1.40855
3.30248
0.20671
-2.59077
-0.549999
0.0194775
-1.33808
-0.219173
0.0967918
5.92475
0.922915
2.41445
1.7914
3.28402
-0.191545
-2.98861
-0.326349
0.0104002
-1.07415
-0.226921
0.0375111
6.16
0.651985
3.13692
1.70096
3.40816
-1.20195
-2.9594
-0.242488
0.0877323
-0.651949
-0.381659
-0.00233968
6.3592
0.329512
3.59307
1.68017
3.7434
-2.08715
-2.87779
0.131453
-0.234421
-0.29312
-0.463225
-0.0386559
6.25712
0.899438
2.96828
2.4848
3.97205
-2.46551
-3.38557
0.56214
-0.226409
-0.31109
-0.349614
-0.0832656
5.9175
1.64071
1.926
3.18866
3.83852
-2.25847
-3.33443
0.44735
-0.245406
-0.198874
-0.417645
-0.0642474
6.25373
1.5241
1.13346
3.60837
4.35231
-2.3241
-2.77535
0.0613407
-0.131746
-0.0947826
-0.447569
-0.0230386
6.02532
1.23875
1.08084
4.21558
4.06185
-1.80366
-2.09304
-0.242567
0.0672185
-0.347332
-0.378339
-0.0106126
6.35574
1.02463
1.01073
4.31894
3.99987
-2.02926
-1.8761
-0.128736
0.205495
-0.271794
-0.328381
0.01145
6.16328
1.088
0.734614
4.27728
4.07366
-2.24999
-1.76246
-0.00630778
0.329007
-0.112625
-0.272406
0.0360742
5.94888
1.18203
1.13424
4.20589
3.56096
-2.36397
-1.4101
0.277961
0.202323
-0.176823
-0.17457
0.0793075
4.91835
1.47843
2.08226
3.63304
2.87207
-1.9749
-1.00434
0.27012
0.374664
-0.38356
-0.137749
0.0865537
4.58546
1.3356
3.02437
3.2605
3.15327
-1.01776
-1.1643
0.258304
0.510577
-0.539925
-0.158372
0.0480393
3.69924
1.34868
3.67044
4.2685
2.42945
-0.426009
0.0291675
-1.09656
0.891569
-0.486292
-0.0516335
-0.010961
3.34809
1.22876
3.58488
4.63578
2.08892
0.258984
0.361451
-1.41634
0.931824
-0.344294
0.134577
-0.0686033
2.97863
1.35513
3.33037
4.00307
2.81468
0.712911
0.497784
-0.565926
0.403151
-0.020816
0.206193
-0.0759346
2.49108
1.60349
2.83275
4.31517
3.92984
7.2354e-005
0.370991
-0.0073787
0.324042
0.166096
0.249569
-0.0999158
2.58768
1.3291
2.41324
4.16794
3.7917
-0.810329
0.551702
-0.234738
1.1258
-0.167404
0.375713
-0.022105
2.05615
1.35252
2.28385
3.01733
4.11607
-0.510853
0.0657978
-0.116949
1.41302
-0.00291542
0.547988
-0.0733519
1.83309
1.31944
2.73939
2.63924
3.48489
0.406594
0.539081
-0.688165
1.26818
0.334595
0.370806
-0.0656774
1.68414
1.41576
3.31499
2.44638
2.78061
1.15855
1.0387
-0.744543
1.03428
0.520713
0.146737
-0.0247518
1.71593
1.24221
2.82193
2.53988
3.98387
0.306427
1.21966
-0.391205
0.928753
0.304654
0.271787
-0.00348818
2.00745
1.22725
2.02059
2.43098
4.19984
-0.44675
0.934746
0.182724
1.40365
-0.0438007
0.154452
0.0498908
1.82422
1.36144
2.36445
2.5996
4.79213
-1.21764
0.644256
0.448798
1.3477
-0.00467401
0.157089
0.034635
1.698
1.1335
2.74805
2.67123
5.52797
-0.248126
0.350747
0.380483
1.30921
-0.00331477
0.162472
0.00049994
1.83035
0.540316
2.9012
3.66992
4.88463
-0.206732
1.18412
-0.375747
1.54609
-0.0314245
0.0865097
0.0567774
1.50956
0.147327
3.16085
4.08981
4.7902
0.452029
1.49135
-0.514887
1.35859
0.226345
-0.226495
0.118584
1.55933
-0.415721
3.44832
3.81259
5.29542
0.35624
1.24634
0.115955
0.740231
0.0309417
-0.0993915
0.197662
1.64488
-0.161124
3.11592
3.68287
5.61822
0.143845
0.674261
0.618068
0.45422
-0.115714
0.0584858
0.124912
1.73005
0.475275
2.94042
3.92949
5.57603
0.0643429
0.178564
1.09215
0.472303
-0.235918
0.0753808
0.0357367
1.96696
0.165704
3.52815
4.52185
4.589
0.219615
1.46034
0.294919
0.905841
-0.266761
-0.248302
0.149303
2.26485
0.322038
3.93804
3.86565
4.25516
-0.908284
1.83584
0.198805
0.730314
0.0283287
-0.548757
0.141174
2.80049
0.314592
3.6113
3.55502
4.66041
-1.77037
0.972105
0.414609
0.5841
-0.0750369
-0.38301
0.11811
3.55004
0.327773
2.72709
3.23144
4.84982
-1.7113
-0.0313161
0.479146
0.655935
-0.200093
-0.21481
0.111494
4.37353
0.170007
2.06654
3.04607
4.03988
-0.733135
-0.355841
0.119498
0.649889
-0.419364
-0.0220632
0.139371
5.35046
-0.291359
1.93392
2.83071
3.88787
-0.670979
0.243419
-0.862732
0.189497
-0.247962
-0.116819
0.224784
6.00204
-0.0440883
0.821394
3.14196
4.12592
-1.20262
-0.038714
-0.364195
-0.106605
-0.296722
-0.0568158
0.172384
6.71637
-0.218025
-0.082336
3.6063
3.83704
-2.28745
0.448316
-1.18326
0.048867
-0.364524
-0.0315209
0.217377
6.30137
0.199574
-0.194555
3.01686
4.04487
-1.88223
-0.210448
-0.950497
0.247211
-0.237855
-0.0747737
0.180472
6.70793
-0.0318013
-0.295222
2.9686
4.5743
-2.42516
-0.126023
-1.00778
0.180947
-0.134268
-0.223664
0.209565
6.55178
0.323707
-0.234471
2.83779
4.34485
-2.31454
-0.500256
-0.909243
0.176688
-0.209967
-0.241547
0.165786
6.28457
0.789016
-0.390736
2.45373
4.57472
-2.53751
-0.634098
-0.976698
0.183946
-0.141398
-0.334951
0.154595
6.44719
0.782573
-0.750069
2.26011
4.60282
-2.41853
-0.787176
-1.09857
0.123229
-0.136388
-0.318136
0.152313
6.83645
0.687041
-0.796507
2.02634
4.36258
-2.00932
-0.993745
-1.05554
-0.130424
-0.208117
-0.266798
0.145467
7.093
0.674796
-0.678842
1.6555
4.27533
-2.29734
-0.974192
-0.815935
-0.345778
-0.136287
-0.245169
0.182517
6.54976
1.27451
-0.880385
1.67765
3.8392
-2.14595
-1.31863
-0.514208
-0.387573
-0.123804
-0.154524
0.168158
6.86999
1.19036
-0.820466
1.57194
3.84862
-2.28395
-1.30994
-0.382455
-0.400937
-0.0624367
-0.125975
0.18404
7.35131
0.655985
-0.789352
1.65927
3.87549
-2.42319
-1.09256
-0.568171
-0.224489
-0.125035
-0.143129
0.204843
7.78138
0.151614
-0.88249
1.85145
3.92698
-2.65088
-0.909515
-0.696787
-0.129072
-0.136477
-0.198198
0.218931
7.11246
0.762362
-1.01587
2.35138
2.73075
-1.47048
-1.64773
-0.410556
-0.0789011
-0.331742
-0.013424
0.163881
7.03177
0.921224
-1.04374
2.38112
2.72215
-1.52633
-1.6871
-0.447226
0.00565394
-0.31754
-0.047634
0.153286
7.76511
0.151223
-0.950181
2.50336
3.17587
-1.99461
-1.30925
-0.72791
0.0646132
-0.308331
-0.121034
0.150436
7.4507
0.854065
-0.737655
2.11174
3.51457
-2.00246
-1.56755
-0.506625
0.0346264
-0.182141
-0.176614
0.122684
6.83672
1.60645
-0.353803
2.27826
3.13407
-1.9932
-2.24224
0.197204
-0.0403212
-0.00814005
-0.217027
0.069442
6.52706
1.62292
0.144255
2.70349
2.55709
-2.06962
-2.17297
0.418065
0.055516
-0.120346
-0.211977
0.0665884
6.99822
1.52305
0.0278848
3.04228
2.98153
-2.11687
-2.03085
0.414236
0.255056
-0.108452
-0.23355
0.0691677
6.76785
1.61257
0.287703
3.51978
2.84849
-2.45225
-1.87124
0.58369
0.642091
-0.0709258
-0.308829
0.0511486
6.89668
1.65281
0.373799
3.75491
3.1974
-2.84604
-1.91964
0.85896
1.08456
0.236926
-0.332548
0.0318019
6.85808
1.24939
-0.156397
3.05258
3.24469
-1.91084
-1.85923
0.487132
0.757157
0.194575
-0.176479
0.0576501
6.57872
1.19325
-0.321338
2.9674
3.05989
-1.54518
-1.93323
0.366555
0.557309
0.0982053
-0.121967
0.0842093
6.78632
1.14978
-0.425108
2.57576
3.81935
-1.68258
-1.89036
0.201116
0.399247
0.174308
-0.155358
0.0796914
7.32435
0.353095
-0.0389786
1.97267
4.9403
-2.39458
-1.17456
-0.0814033
0.203561
0.38069
-0.316636
0.134779
7.38396
-0.237744
-0.104818
2.99223
4.86845
-2.4131
-0.695709
-0.0944506
0.485188
0.155214
-0.350656
0.143229
6.42866
0.323429
-0.162774
3.78828
4.10179
-1.49834
-1.26518
0.0767302
0.729096
-0.0795596
-0.247373
0.0490479
6.82716
-0.0994118
-0.145596
4.04608
4.35247
-2.33634
-0.86197
-0.148862
0.848979
-0.0914142
-0.289103
0.085722
7.18298
-0.81114
-0.644638
4.80627
4.39138
-2.43235
-0.167985
-0.244369
0.778205
-0.359501
-0.19204
0.138913
6.38549
-0.208152
-0.0410867
4.49761
3.91651
-1.48321
-0.68433
0.501502
0.847535
-0.257068
-0.253035
0.053398
5.989
0.154531
1.00012
4.14338
3.34815
-1.77266
-1.14435
0.918225
0.467891
-0.381602
-0.245159
0.0658043
5.84644
1.41323
1.55573
3.34878
2.26316
-2.10304
-0.945691
1.0998
0.155857
-0.469373
-0.181768
0.101359
6.00831
2.19273
1.08854
2.43025
2.641
-2.28726
-0.909449
0.489881
0.289715
-0.266993
-0.33284
0.0509757
5.31349
2.19325
1.2393
2.01897
2.90342
-1.64094
-1.01934
-0.400335
0.709107
-0.562525
-0.38633
-0.0159345
4.64673
1.98715
2.57701
2.43058
3.40282
-0.31666
-0.46885
0.247651
0.881803
-0.552489
-0.269276
0.00840479
4.71502
1.73353
2.36831
1.8263
3.26141
-0.197857
-0.245832
0.311673
0.730908
-0.26932
0.0842993
0.116768
5.3031
1.95331
1.94297
2.11326
2.63018
-0.506301
0.184661
-0.157379
1.12234
0.14215
0.0426025
0.10412
5.89801
1.94574
1.76035
2.50365
2.51965
-1.60099
0.0941628
0.0292831
1.11983
-0.0410405
-0.188554
0.092611
5.88061
2.1084
1.0888
1.99466
2.62465
-1.57531
-0.275416
0.0810337
0.683497
-0.219658
-0.128862
0.111551
5.88068
2.02274
1.70799
1.72549
1.99477
-0.609928
0.0428141
-0.660705
1.22776
0.0471713
0.0361732
0.133155
5.49094
1.57589
1.93679
2.07935
1.74369
-0.141755
-0.271732
-0.373785
1.61375
0.0298819
0.0329176
0.153317
5.02021
1.31078
2.29672
2.00788
2.22921
0.0206276
-0.352456
0.393785
1.22716
-0.0484658
-0.0486249
0.0840313
4.93234
1.72155
2.5251
1.46602
1.92125
-0.91383
-1.40825
0.0573222
1.2767
-0.148242
-0.0799191
0.0706058
4.79623
2.03207
2.90802
1.43247
1.75882
-1.43429
-1.67342
0.403278
1.4064
-0.00580635
-0.0530215
0.0793515
4.59292
2.48206
2.96738
1.75099
2.35648
-0.930437
-1.38355
0.830001
1.28907
0.22733
0.0778139
0.069661
4.68159
2.53167
2.41384
1.5224
2.07306
-0.574402
-0.52311
0.984353
1.50966
0.128324
0.15535
0.0866356
5.31448
2.65476
1.70021
1.3654
1.99059
-1.00718
0.119857
0.382158
1.80841
0.0372342
-0.0879112
0.0305368
4.95848
3.09031
2.1006
1.66948
2.97044
-0.980199
-0.219843
0.504578
1.5194
-0.263692
-0.234676
-0.026888
4.86942
3.30434
3.09115
1.88631
2.2996
-1.79586
-0.97006
0.121837
1.92997
0.13486
-0.110126
0.0797755
4.65935
3.10972
2.72687
1.50217
1.76899
-1.82381
-1.02328
-0.160238
1.99804
0.468202
0.164559
0.154638
4.54476
3.06929
2.74998
1.01246
1.71295
-1.76147
-0.914026
-0.239517
1.93828
0.349332
0.0877997
0.124945
4.21955
3.02242
2.60298
1.45008
2.29456
-1.39767
-0.523819
0.356973
1.84396
0.0440637
-0.0562922
0.0566111
4.24946
2.62951
2.57126
1.4818
2.4662
-1.56789
-0.498037
0.236595
1.76472
0.0764082
0.236158
0.176037
4.19477
2.42179
2.44948
1.45197
2.48425
-1.71889
-0.655013
0.247526
1.90252
0.130868
0.332248
0.211724
4.15629
2.91162
2.61214
1.62752
2.92156
-1.03958
-0.510901
-0.25819
1.27528
-0.279015
0.115984
0.0771141
3.84539
3.04004
3.11282
1.97229
2.78792
-0.817781
0.0986104
-0.48104
0.887906
-0.523739
-0.0260643
0.0271281
3.80537
2.74009
3.10494
2.43589
2.75266
-1.08597
0.228684
-0.498999
1.04009
-0.569201
-0.157442
0.0252136
3.93553
2.70098
2.34774
1.23128
2.72115
-0.629694
0.240683
-0.478705
0.764187
-0.0545369
0.477814
0.145291
4.16822
2.89844
2.32259
0.869196
2.08526
-0.879211
0.1475
-0.237503
1.02795
0.166609
0.503375
0.174908
4.31752
2.7254
2.60652
1.43717
1.97577
-1.20671
-0.553639
-0.0797539
0.840265
-0.237881
0.126983
0.0766603
