125
2.5877
1.82129
2.41363
1.54069
1.98349
-1.97507
-0.871755
-0.256237
0.938448
-0.699746
0.0455473
0.11815
2.6503
1.413
2.32567
1.83962
2.30602
-1.70264
-1.08185
-0.404554
0.841673
-0.469896
0.0914723
0.101265
2.61374
1.08971
2.87145
2.23807
1.50834
-1.42317
-0.832672
-1.1853
1.0161
0.0633247
-0.0627877
0.0952123
2.61707
1.17491
2.92512
1.78381
1.74588
-1.83477
-0.742347
-1.12042
1.00574
-0.249475
-0.19886
0.0872334
2.13789
0.844942
2.90538
0.502396
1.6187
-1.61869
-0.697269
-1.01934
0.785514
-0.884288
-0.452369
0.0457362
2.1195
0.799352
2.8969
0.33555
1.2019
-0.677985
-1.518
-0.598342
0.529434
-0.770225
-0.259303
0.0450642
2.49426
1.02604
2.72383
0.771392
2.03102
-0.428779
-1.46895
0.342148
0.588178
-0.783349
-0.0965966
0.0519449
2.39778
0.97669
3.32378
0.70806
2.5019
-0.814003
-2.20675
0.597903
0.750073
-0.965304
-0.000695054
0.060362
2.3322
0.649911
3.21915
0.0214618
1.65411
-0.423776
-3.02177
0.530854
0.368548
-0.830064
0.0863271
0.0868489
2.52986
0.75333
2.75969
-0.0601075
1.75899
-0.39926
-2.13516
-0.0722813
-0.00403095
-1.06567
-0.0260366
0.0606835
2.89399
1.14673
3.01165
-0.00424338
2.23191
-2.43766
-2.35403
-0.652917
0.294133
-1.3055
-0.203757
0.0427479
2.7939
1.09311
3.3105
0.511773
2.73793
-2.17912
-2.15225
-0.383589
0.923818
-1.07372
-0.293973
0.0595502
2.4759
0.778459
3.40791
0.89567
2.88058
-1.55268
-1.81985
0.0399357
0.858037
-1.03789
0.00413503
0.0154376
2.63986
0.713225
3.2887
1.55426
2.59667
-1.23247
-1.67131
-0.294362
0.337234
-1.33082
0.0558503
-0.013797
3.24713
0.496978
2.98115
1.65032
2.49513
-0.558371
-0.630942
-0.520847
0.211484
-1.27018
-0.0607017
0.1065
3.23778
0.486013
3.15206
0.708274
2.68642
-0.331222
-0.219792
-0.455637
-0.166053
-1.21712
-0.0448643
0.113105
3.32463
0.747333
3.18253
0.468953
2.19881
-0.687947
-0.597419
-0.984088
-0.257822
-1.19227
-0.00197605
0.116026
3.21552
0.940059
4.38617
0.999128
2.821
-0.675954
-1.28286
-0.342763
0.246262
-0.878792
-0.127073
0.0931071
3.08032
1.76443
5.13192
1.70303
3.58023
0.202649
-0.653213
0.310191
0.920271
-0.36761
0.0550842
0.092152
3.70086
2.51905
5.14137
2.04183
3.82264
0.666703
-0.156659
0.0207449
0.479674
-0.504555
0.0420597
0.0373046
4.50756
2.50744
5.03972
1.23608
3.58598
1.24544
0.475614
-0.300163
-0.40138
-0.897102
0.10891
0.0916761
4.74616
2.16083
5.01843
1.64367
3.79182
1.20533
-0.132848
-0.417511
0.072008
-0.901565
-0.0191336
0.115736
4.66328
2.38587
5.01465
2.64031
3.3143
1.3497
-1.18521
-0.632823
1.00619
-0.790592
-0.191187
0.0516776
4.95211
2.70747
4.51848
2.58486
3.6615
1.38683
-1.55466
-0.822202
1.48991
-0.681436
-0.30895
-0.00100534
5.55776
2.34194
4.02625
1.63738
4.59044
1.62405
-1.41652
-0.664166
0.916694
-0.900725
-0.311832
-0.00801778
5.67803
2.33641
3.31989
1.33481
5.20993
1.87091
-1.24592
-0.414504
0.145601
-1.00527
-0.16276
-0.045287
5.29572
2.82354
2.76664
1.72051
5.847
1.42955
-1.38972
-0.0312804
-0.0578285
-0.422054
-0.0672308
-0.180172
5.25431
2.49075
3.72705
1.75946
6.05499
1.6553
-1.529
-0.127506
0.428076
-0.355984
-0.115549
-0.173126
5.47041
2.02975
4.42575
1.70862
5.89807
2.35073
-1.40812
-0.36321
0.51895
-0.783176
-0.165429
-0.0608468
5.18808
2.45472
3.47118
2.34278
5.37004
2.45131
-1.55482
-0.508884
0.79713
-0.984309
-0.0588768
-0.101012
5.28972
2.14868
3.03479
1.98675
5.68065
2.20192
-1.89304
-0.544917
0.79366
-0.854607
-0.110007
-0.130086
5.59593
1.7357
4.07017
1.08487
6.48293
1.92203
-1.97193
-0.34337
0.488347
-0.487684
-0.272981
-0.129652
5.67693
1.5386
4.24446
0.562206
7.31298
1.96369
-1.86988
0.0599964
-0.135985
-0.228274
-0.212102
-0.147683
4.86091
2.21797
3.88952
1.15737
5.68649
2.03596
-1.24506
-0.0706919
-0.191911
-0.537832
0.124072
-0.121715
4.93077
2.43225
4.10676
1.22493
6.37322
1.51041
-1.5549
-0.293562
-0.0827211
-0.459249
-0.0283205
-0.161128
5.13196
2.70104
3.28899
1.98444
6.94182
1.06639
-1.78417
-0.25676
-0.0220423
-0.280347
-0.163997
-0.252081
5.21333
2.84316
3.34868
2.55815
5.79233
1.87046
-2.20753
-0.442226
0.484311
-0.759984
-0.115917
-0.242198
5.1171
2.91953
3.93532
2.28928
5.50721
1.55354
-2.08668
-0.19896
0.117073
-0.736127
-0.1154
-0.235777
5.08403
2.81007
4.17727
1.55686
6.08689
1.87577
-1.94827
-0.259961
0.144102
-0.57602
0.0107237
-0.220994
5.28454
3.18426
3.93924
1.25
5.74649
2.02344
-1.74006
-0.538895
-0.131397
-0.800998
0.0354067
-0.194126
4.6326
3.32892
3.86943
2.06084
4.64943
1.71297
-1.66028
-0.423591
-0.418875
-0.626729
0.026109
-0.202105
5.27093
2.68721
3.92931
1.17172
5.78364
1.49872
-1.67537
-0.350189
-0.461792
-0.712066
-0.0327765
-0.170843
5.60227
2.54154
4.16583
0.0994533
6.20031
1.72736
-1.30753
-0.17415
-1.11495
-0.89246
-0.0599061
-0.109097
5.54021
2.51887
4.40923
0.119727
6.42478
1.40653
-1.66228
-0.220542
-1.06211
-0.616308
-0.101446
-0.154169
4.64293
3.41508
4.1771
2.33419
4.65521
1.2701
-2.20139
-0.414028
-0.5694
-0.405099
-0.120077
-0.262355
5.06042
3.28386
4.05453
2.28827
4.52528
1.22576
-1.81958
-0.353749
-0.856754
-0.564299
-0.11818
-0.226716
5.50361
3.0611
4.11895
1.25816
5.92517
0.952124
-2.3338
-0.488065
-0.694753
-0.399163
-0.15666
-0.284292
5.7301
2.80643
3.71723
1.60745
5.97097
0.882794
-2.59455
-0.649236
-0.341928
-0.462087
-0.273806
-0.291853
5.33226
3.30832
3.51806
2.2521
4.92164
1.19024
-2.78217
-0.834298
-0.153839
-0.493405
-0.193879
-0.287764
5.58695
3.52253
3.46545
2.07836
4.82287
1.14152
-2.81569
-0.942125
-0.0625226
-0.517178
-0.20697
-0.280128
5.79959
2.86132
3.04836
1.98584
5.42811
1.09953
-2.89963
-0.782548
-0.293691
-0.510899
-0.169593
-0.266342
5.87202
2.54885
2.64256
1.82747
6.19068
1.04388
-3.00407
-0.767189
-0.405879
-0.383181
-0.141202
-0.276426
5.68492
2.70612
2.36849
2.99405
5.38672
0.869754
-2.90921
-0.56447
-0.142669
-0.421471
-0.319005
-0.258064
5.69316
2.99142
2.32844
3.43991
4.52823
1.64521
-3.0369
-0.396017
0.178483
-0.681351
-0.386938
-0.23112
5.54802
3.38473
2.26731
3.45232
4.35369
1.74669
-2.74555
-0.762695
0.643986
-0.815801
-0.344301
-0.240993
5.70576
3.51174
1.77543
3.83068
3.78973
1.72253
-1.90662
-1.4222
0.96137
-0.935582
-0.339999
-0.22799
5.88141
3.24097
1.74173
3.84485
3.4183
1.78506
-1.17404
-1.96519
0.86764
-0.902769
-0.305098
-0.191929
5.88161
3.01392
1.79895
3.62513
3.2676
1.68487
-0.792413
-2.30093
0.806155
-0.914525
-0.269429
-0.156314
5.86987
3.22403
1.87288
3.17381
3.49819
1.2981
-1.03381
-1.88484
0.355942
-0.710272
-0.213563
-0.140042
5.63376
3.32987
2.4669
3.32587
3.0371
1.28296
-0.982228
-1.71079
-0.037617
-0.376221
-0.170669
-0.132965
6.34971
2.85671
2.11709
4.12094
3.0645
1.08924
-1.00669
-2.15026
0.63028
-0.328511
-0.403673
-0.212274
5.44294
3.49305
2.09159
4.09435
3.71121
0.368043
-1.58883
-1.31611
0.698147
-0.329684
-0.346471
-0.213254
5.63211
3.76087
2.27005
3.82348
3.50622
0.314538
-1.76235
-0.973975
0.824123
-0.291663
-0.374802
-0.199714
5.47407
3.58089
2.65647
3.5947
3.24706
0.542991
-1.32224
-0.730811
0.338003
-0.214191
-0.28395
-0.143468
5.86227
3.73142
2.65155
3.24467
3.2506
0.882043
-0.675172
-0.49518
-0.0846545
-0.241844
-0.202203
-0.103399
5.18293
3.93729
3.01237
3.05964
2.92721
0.858286
-0.140404
-0.502615
-0.0952094
-0.0113597
-0.102587
-0.0652437
5.67634
3.807
2.34856
3.0553
3.27641
0.296835
0.427084
-0.40266
0.0974416
-0.0600579
-0.0488969
-0.0114624
5.76668
3.27094
1.65054
3.14207
3.587
-0.336993
0.085884
-0.245371
0.0781071
-0.231048
-0.019646
0.0789431
5.64367
3.21747
1.70936
2.24832
3.77934
-0.261406
-0.527546
-0.117605
0.029677
-0.0093444
0.0950776
0.106017
5.83137
2.87874
1.83099
2.24409
3.18702
-0.393787
-0.0771454
-0.157243
-0.0590811
0.13562
0.25594
0.172985
5.46968
2.10244
1.90984
3.51092
2.72458
-0.502144
-0.147214
0.0132613
0.205105
-0.125681
0.371843
0.215244
5.14097
1.56972
1.68948
4.12105
3.29514
-0.907431
-0.69997
-0.193656
0.451275
-0.143067
0.475393
0.249129
5.4919
1.16819
1.60781
4.67997
3.27297
-1.3084
-0.503182
-0.40579
0.663005
-0.16508
0.376964
0.24482
5.47787
1.24678
1.59422
4.90354
3.37432
-1.25046
-0.762252
-0.184373
0.552872
-0.184821
0.307172
0.213249
5.22169
1.32227
1.41172
4.61843
3.95176
-1.23364
-0.96445
0.0113842
0.418977
-0.0971759
0.363668
0.229815
5.39132
1.064
1.19051
4.47659
3.82464
-0.995632
-0.805092
-0.063475
0.559869
0.0145206
0.434498
0.244077
5.62718
0.780659
1.25096
4.16
3.73735
-0.461102
-0.515135
-0.280537
0.762351
0.0509779
0.357365
0.227769
5.46044
1.03484
1.03217
4.06502
3.77093
-0.249679
-0.103195
-0.0914795
0.631618
-0.00599016
0.410723
0.225194
5.39504
1.39592
0.942672
3.94669
3.79537
-0.115967
-0.0962957
0.0631909
0.205116
0.117795
0.492038
0.214832
5.40699
1.40147
0.994008
4.23163
3.87215
0.0651255
0.323332
-0.102351
0.170126
0.0822568
0.519925
0.198778
5.22624
1.36313
0.998698
4.23053
3.79234
0.20168
0.996104
-0.162335
0.462202
-0.089418
0.504296
0.198008
4.8798
1.31134
1.03193
4.17701
4.10562
0.127862
0.867303
0.637038
0.239914
-0.0510291
0.475217
0.225013
4.92865
1.39195
1.15135
4.59334
4.20534
-0.213316
0.703964
0.754726
0.176569
-0.134702
0.470038
0.246812
4.67974
1.39146
1.53787
4.80102
4.31429
-0.302537
0.374551
0.587354
0.243912
-0.175918
0.50162
0.222138
4.62183
1.2511
1.93356
4.95792
4.58019
-0.197447
0.0238898
0.0843847
0.400326
-0.206752
0.493552
0.170303
4.56339
1.20726
2.02606
4.61017
4.27521
0.0683662
-0.207114
0.0243967
0.478784
0.00204651
0.501182
0.135081
4.99908
1.22567
1.74842
4.04254
4.18551
-0.0144408
-0.0465063
-0.237737
0.524523
0.255329
0.479369
0.157627
4.71009
1.81349
1.48022
3.61763
4.16452
-0.123462
-0.268677
0.294978
0.181873
0.198623
0.527353
0.188676
4.44234
1.66315
1.48182
3.6409
3.77193
-0.569078
-0.167438
0.249738
0.310682
-0.0121993
0.699613
0.242821
4.42792
1.52449
1.59734
3.78585
3.72475
-0.628807
0.0433602
-0.310397
0.571223
-0.0406976
0.734949
0.227766
4.32896
2.36547
2.56803
3.37274
3.89849
0.319229
0.183816
-1.06632
0.650687
0.0796333
0.48203
0.0874628
3.91317
3.23671
3.58631
3.09193
3.00949
0.869436
1.0198
-0.637928
0.725644
0.134734
0.291968
0.0591728
3.89377
3.09993
3.93402
2.88315
3.33137
0.202545
1.00118
-0.449364
0.769378
-0.159367
0.30278
0.101139
3.55097
3.35475
3.56804
2.5007
3.43692
0.986254
0.764421
-0.27036
0.627806
0.126125
0.384776
0.0565925
3.71944
3.40191
3.78597
2.29541
3.40463
0.919027
0.721222
-1.00301
0.870608
0.0992381
0.305928
0.0857822
3.5496
3.28722
3.79549
2.84312
2.85899
0.412916
0.807693
-0.577817
0.814058
0.125671
0.255676
0.0645043
3.3651
3.23197
3.8111
2.50139
3.4795
1.36204
1.01921
-1.23246
0.785381
0.281497
0.235351
0.044136
3.25929
3.00478
3.96222
1.87423
3.67362
1.20753
1.09669
-0.659973
0.631777
0.0952354
0.371752
0.0716853
3.30372
3.04963
3.93309
2.45631
3.22314
0.631992
1.50312
0.12847
0.798594
-0.261886
0.397156
0.0708965
3.23982
3.52315
4.25139
2.31392
4.31149
1.18965
1.90814
0.396702
0.616503
-0.356084
0.458117
0.0402442
2.96592
3.06162
4.24229
2.74538
4.47941
1.28768
1.59912
-0.134841
0.595273
-0.0896694
0.51768
0.0183706
2.92122
2.51514
4.35725
3.17937
3.99894
1.23354
1.50977
-0.485422
0.869101
0.088368
0.470886
0.028106
2.81723
2.52655
3.95315
2.91406
3.67781
1.07679
1.46243
0.282833
0.897604
0.0666007
0.45604
0.0561486
2.87157
2.28551
3.77411
3.09267
4.52511
0.859015
1.60169
0.208129
0.931435
-0.187587
0.595653
0.0728534
2.86091
2.3241
3.77687
2.86235
4.08568
1.2737
1.92855
-0.307796
1.00362
-0.0562408
0.556905
0.0797509
2.67544
2.35357
3.80337
2.3012
3.24588
1.02714
2.05563
-0.264975
1.09041
0.00643069
0.520741
0.0944313
2.60632
2.19822
3.85588
1.92918
2.87963
0.864136
2.0244
-0.277798
0.908928
0.0162032
0.528465
0.0856786
2.69327
2.40598
4.10564
2.05323
2.7337
-0.0187275
1.31683
-0.136176
0.696301
-0.317857
0.368792
0.0512811
2.59122
2.54943
4.2733
2.28024
2.69141
-0.474057
0.992198
-0.259655
0.785019
-0.258952
0.429921
0.0605429
2.50841
2.72765
4.28516
1.8903
3.34977
0.556342
0.953886
-1.03776
0.632749
0.141579
0.490503
0.0144344
2.78144
2.63933
3.78351
1.60136
3.34057
1.07698
1.44626
-0.199022
0.795283
-0.0563319
0.403803
0.0646358
2.65278
2.6563
4.04419
1.87715
2.76928
0.712319
2.00154
0.519802
0.995083
-0.171738
0.376695
0.0846837
2.33175
2.39561
4.39525
2.14568
2.7525
0.548418
1.84704
0.170795
1.07178
0.0293948
0.46313
0.0878506
2.23429
1.95378
4.2033
2.38853
2.957
0.470178
1.88704
0.270546
1.14294
0.011734
0.530595
0.0928254
2.35116
2.11484
3.8663
2.43906
3.0438
0.317404
1.67856
0.140757
1.24042
0.0364327
0.533987
0.0879388
2.34934
2.20644
3.51009
1.90322
3.44941
0.57943
1.7365
0.216846
1.09231
0.0670336
0.596142
0.0808741
2.45055
2.17785
3.3949
1.66941
3.53556
0.724328
2.03419
0.751462
0.979635
-0.147678
0.553314
0.104699
2.09961
1.94901
3.82962
1.95961
3.49198
1.69249
1.94882
0.054717
0.830343
0.246522
0.412728
0.0693614
2.26736
1.87773
3.82785
2.37622
2.99969
1.46562
2.20693
-0.428898
1.25185
0.161445
0.335014
0.0864587
2.26387
1.73795
3.56651
2.13392
2.6283
0.597288
2.15347
-0.021819
1.36409
0.0366126
0.456212
0.0963289
2.15921
1.58956
2.8625
1.5774
2.84555
0.167204
2.06272
0.464888
1.49291
0.00185604
0.600643
0.0837506
2.41294
1.92859
2.87773
1.92393
2.91762
0.0166974
1.87593
0.384128
1.47452
-0.233562
0.528479
0.0977198
2.1347
1.53021
3.07803
2.12955
2.66549
0.253602
1.87276
0.201949
1.40216
-0.126539
0.463325
0.0738917
1.98254
1.21502
3.40317
1.8258
2.55446
0.745898
1.92508
0.0107249
1.26707
0.0814765
0.365938
0.0742548
1.93248
1.36225
3.18853
1.12485
2.64579
0.751127
1.88812
0.18577
1.06534
0.246359
0.487774
0.0469753
