133
2.13644
1.64278
2.49468
0.440775
1.54372
-1.12616
0.123614
-1.39086
0.574828
-0.101064
0.658181
0.108869
1.98517
1.5031
2.49065
0.106575
1.01904
-1.29207
0.00886468
-1.89198
0.276928
-0.354106
0.503268
0.0930574
1.99331
1.50645
2.5448
0.620777
1.53612
-1.07707
-0.0382324
-1.61316
0.44724
-0.332376
0.456287
0.0852039
2.35282
1.69877
3.10134
1.50814
2.20121
-1.42683
-0.380725
-1.35332
0.503482
-0.132701
0.614956
0.0610646
2.51151
1.87651
3.43981
1.33299
1.9193
-1.28861
-0.166525
-1.32336
0.123243
-0.222915
0.570803
0.0932937
2.91946
1.51788
2.45266
0.681297
0.742934
-1.40537
-0.328921
-1.48949
0.505394
-0.179303
0.132446
0.162144
3.04901
0.913619
1.83437
0.637867
0.88702
-1.61219
-0.655128
-1.76056
0.664266
-0.185197
-0.0619254
0.144793
3.25754
0.90444
2.00124
1.13108
1.18765
-1.40058
-0.483216
-1.73263
0.299113
-0.556022
-0.018342
0.10155
3.31868
0.885695
2.337
0.656384
0.419427
-1.3825
-0.155072
-2.19927
0.100868
-0.62298
-0.0213083
0.110201
3.44303
0.972648
2.8154
1.16167
0.266467
-1.67767
-0.370274
-2.19262
0.650968
-0.481101
-0.241033
0.106858
3.64161
0.873973
2.76041
1.45439
0.349767
-2.00156
-0.45544
-2.19108
0.526293
-0.35488
-0.19941
0.121535
3.71951
0.486063
1.9859
0.33921
-0.242675
-1.37356
0.324313
-1.89318
0.460641
-0.656689
-0.0826145
0.262939
3.74978
0.524027
2.25166
-0.0823769
-0.792089
-0.594561
1.23543
-1.62662
0.209333
-0.957296
0.03195
0.322979
4.07602
0.977194
3.02927
0.437129
0.191981
-0.118434
1.23651
-1.22254
0.448904
-0.929786
0.0692563
0.311182
4.26638
1.66559
4.15303
2.01934
1.6057
0.357441
1.69019
-0.392699
0.579151
-0.74077
0.1403
0.220542
4.97751
2.13157
4.42184
3.29727
2.92787
0.286117
0.826557
-0.542222
0.0337112
-0.58627
-0.113518
0.0718383
5.72405
2.67667
2.68757
2.76081
2.93521
-0.15287
0.339197
-0.121965
-0.645346
-0.699585
-0.0921219
0.0598296
6.73123
2.60379
1.88926
1.81525
4.04858
-1.54094
0.781905
-0.16999
-1.35227
-0.674289
-0.444112
0.155786
6.81307
2.53686
1.37229
2.1033
4.25512
-1.25585
0.675941
-0.225405
-1.133
-0.649673
-0.415269
0.133875
7.13495
1.74691
1.22088
2.3306
4.9294
-0.917818
0.599389
-0.531301
-0.735181
-0.266209
-0.417642
0.0776072
7.14214
1.68155
0.994679
2.08507
5.2786
-0.562577
0.408312
-0.881505
-0.641745
-0.138165
-0.485209
0.0277893
6.70919
2.0725
0.261465
2.46704
4.82083
0.880031
-0.36483
-1.17488
-0.242771
-0.293868
-0.305988
-0.0866879
7.5055
1.04796
0.115011
2.95108
5.33624
0.582733
0.283439
-1.45203
-0.164304
-0.0423897
-0.336757
-0.0904744
6.47736
2.03397
0.00386623
2.39528
5.62975
1.27909
-0.582827
-1.26181
-0.127686
0.043059
-0.253451
-0.140059
5.78238
2.43486
0.266192
2.27977
5.46245
1.51984
-0.997539
-1.2127
-0.0860512
-0.0847597
-0.182197
-0.171025
5.95964
2.48103
0.181063
2.08209
5.82344
1.48273
-0.880718
-1.18057
-0.115712
-0.0655325
-0.256909
-0.179257
6.25322
2.13642
0.118555
2.39428
5.85462
1.29039
-0.763939
-1.04906
-0.0479034
0.0633227
-0.320739
-0.171951
5.9569
1.93573
0.422495
3.02705
5.18834
1.06056
-0.904048
-0.974076
0.0848453
-0.0321917
-0.288852
-0.163798
5.65741
1.92005
1.00795
3.44057
4.89876
0.258023
-0.923402
-0.740271
-0.0536566
-3.69416e-005
-0.304869
-0.151847
5.90468
1.61395
0.909091
3.22867
5.05427
0.180981
-0.424008
-0.538081
-0.267046
-0.110182
-0.288624
-0.087964
6.18297
1.74782
0.579052
2.65285
5.26453
0.776016
-0.179217
-0.596706
-0.446236
-0.291489
-0.300601
-0.0520194
5.70122
2.45454
0.508909
1.99746
5.63905
1.17561
-0.341679
-0.633561
-0.570796
-0.462563
-0.307703
-0.0688309
6.14388
2.20623
0.786322
1.56457
6.68205
0.217861
0.104597
-0.892943
-0.774833
-0.111197
-0.580545
-0.0111825
6.41157
1.89351
0.956128
1.97625
6.45983
-0.0827282
0.0967976
-1.18258
-0.575088
-0.0174673
-0.590261
-0.0148944
6.24219
2.12466
1.22574
2.28795
6.36527
-0.315348
-0.580216
-1.11809
-0.590129
0.0924585
-0.538333
-0.0850209
5.62344
2.53824
1.26182
2.37426
5.9678
0.315435
-1.34276
-0.934789
-0.434786
-0.0135341
-0.362911
-0.176851
5.75754
2.24701
1.94735
1.83636
7.11916
-0.212655
-1.68424
-0.929087
-0.686331
0.180312
-0.551133
-0.203348
5.7207
1.97168
2.7795
1.11859
7.56986
-0.273995
-1.81496
-0.777576
-1.00876
0.0656619
-0.636912
-0.170427
5.48411
2.48089
2.14982
1.37253
6.92853
0.0451127
-1.37015
-0.55867
-1.03861
-0.348179
-0.417728
-0.136806
5.61443
2.4584
2.14806
1.60409
6.66543
0.295498
-1.37515
-0.481362
-1.16018
-0.696777
-0.383884
-0.111051
5.47093
2.53122
1.84616
2.44978
5.89415
-0.0515256
-1.08799
-0.660795
-1.1532
-0.779234
-0.356393
-0.0570239
5.61951
2.09181
2.0888
3.1247
5.49669
-0.733079
-0.936032
-1.15696
-0.758442
-0.538631
-0.443264
-0.0585182
5.76026
1.70198
2.7351
3.47931
5.2857
-1.35871
-0.945093
-1.21606
-0.712217
-0.329271
-0.552842
-0.0824397
5.82957
1.58609
2.66442
3.19745
5.55014
-1.52256
-0.981435
-1.1921
-0.741478
-0.283007
-0.593352
-0.0385508
5.34603
1.55841
2.98328
2.74561
5.6831
-1.12375
-1.90187
-0.883938
-0.598558
-0.291176
-0.447434
-0.09097
5.32088
1.53909
2.94352
1.84858
6.21703
-0.896942
-2.24715
-1.02591
-0.505872
-0.202863
-0.461511
-0.0896258
5.85365
1.25422
2.7059
1.77647
6.01455
-0.851227
-1.48581
-1.70042
-0.457659
-0.109872
-0.711539
0.001402
5.85834
1.01381
2.70532
1.92974
5.5803
-0.790361
-0.950262
-1.75476
-0.477759
-0.234531
-0.693432
0.0699302
5.78486
0.787069
3.18198
1.35812
5.82247
-0.0859525
-1.45563
-1.12817
-0.676972
-0.476305
-0.523587
0.0927611
5.49757
1.41723
3.4825
0.999272
6.1599
-0.227433
-1.29857
-0.764278
-0.911472
-0.722642
-0.438136
0.115648
5.5613
1.9437
3.27875
1.29707
5.9251
-0.59349
-1.08945
-0.768974
-0.727766
-0.767673
-0.562609
0.0626661
5.93133
1.30024
2.815
1.76516
6.10631
-0.424521
-1.46614
-1.22899
-0.615995
-0.422301
-0.595086
0.0295967
6.09553
0.960437
2.4263
1.80635
5.34786
0.90912
-2.3233
-1.06233
-0.204703
-0.866043
-0.272782
0.0249456
6.26711
0.811722
2.36715
2.31595
4.4608
1.73652
-2.78431
-0.782002
0.0225194
-1.21565
-0.206141
0.0574493
5.79815
1.67822
2.0721
3.32124
4.03263
1.15712
-2.43147
-0.82123
0.0819008
-1.26911
-0.348468
0.0109834
5.3675
2.38487
1.88836
4.33897
4.12594
-0.715826
-1.8826
-0.444543
0.0926579
-0.794523
-0.476779
-0.077307
5.14561
2.94927
1.85495
3.8685
4.69142
-0.879531
-1.47159
-0.67015
0.22379
-0.770028
-0.496507
-0.110409
5.48679
3.16571
0.696756
4.60735
4.59622
-0.355377
-1.40603
-1.187
0.39983
-0.738907
-0.426996
-0.154343
5.45058
3.04878
0.535198
4.11295
5.4423
-0.341102
-1.46221
-1.25147
0.342771
-0.480098
-0.449196
-0.151477
5.3815
3.19042
0.930041
4.00707
5.48793
-0.698427
-1.43432
-1.07837
0.42127
-0.41211
-0.54438
-0.158965
5.86906
2.42102
1.54738
5.13648
4.92481
-1.48788
-1.18611
-0.409687
0.460853
-0.227575
-0.573848
-0.10206
6.09537
1.98733
1.39495
5.98225
4.5365
-2.45175
-0.228876
-0.300667
0.861157
-0.434017
-0.390688
-0.0388465
5.3559
2.05185
1.46937
5.76071
4.26761
-2.09633
-0.582472
-0.0918471
0.524468
-0.386609
-0.41164
-0.0391926
5.26751
2.11546
0.909566
5.80875
4.15723
-1.50851
-0.741859
0.0330536
0.234051
-0.504089
-0.332149
-0.0162149
5.33857
1.98156
0.492304
5.7272
3.83119
-0.921991
-0.307891
-0.191697
0.0612222
-0.85622
-0.106109
0.0276039
5.7136
1.74555
0.642155
4.95934
4.39324
-1.12413
-0.118596
-0.109029
-0.252264
-0.635007
-0.0628362
0.112937
5.82443
1.94913
0.394222
4.96854
4.53862
-1.12397
0.285904
-0.32838
-0.139719
-0.599615
0.0774974
0.160717
5.80604
1.78177
0.563107
4.88944
4.21508
-0.954613
0.34892
-0.351287
-0.12003
-0.561993
0.264757
0.207082
6.32185
2.00726
0.15315
4.97341
3.96271
-1.11497
0.0865493
-0.113456
-0.0952837
-0.459065
0.267141
0.220472
6.18606
1.958
0.502747
4.60784
3.44038
-1.13151
-0.21251
0.292612
-0.123844
-0.368318
0.229628
0.239365
5.6355
1.93479
1.07084
4.04371
2.78506
-0.742889
-0.130423
0.369501
0.127722
-0.300002
0.349421
0.255202
5.50741
2.10884
1.83401
4.53733
2.43815
-1.11858
0.244875
0.181268
0.52016
-0.415788
0.268735
0.199877
5.04733
1.72033
2.43889
4.99158
2.4611
-1.48314
-0.561754
0.878775
0.5645
-0.315364
0.190116
0.218039
5.81212
1.01727
1.53991
5.58628
3.21461
-1.76227
-0.998911
0.799187
0.642914
-0.121908
0.194932
0.222188
5.20465
1.12145
1.4373
5.21749
3.49791
-1.20977
-0.883996
0.58096
0.529214
-0.156751
0.30296
0.219845
5.34393
0.671723
1.22177
4.97635
3.36318
-0.946995
-0.415517
0.335203
0.59047
-0.096846
0.475506
0.254572
4.9563
0.639617
1.23165
4.36363
3.40117
-0.450258
-0.234563
0.722207
0.571463
-0.065557
0.528745
0.256646
5.20767
0.965929
1.25131
4.39053
3.69766
-0.209893
0.438656
1.12477
0.367021
-0.145519
0.348017
0.228922
5.03875
1.59656
1.68847
4.0976
3.47338
0.0353923
0.770774
1.20959
0.407073
-0.204264
0.239617
0.184369
4.99602
1.6533
1.92303
3.93057
3.13295
-0.281246
0.645973
1.31735
0.574873
-0.222179
0.192388
0.179439
5.10113
1.56421
1.75609
3.9769
2.75091
-0.755928
0.323386
0.883179
0.892954
-0.297423
0.246419
0.222037
5.12393
1.54907
1.77929
4.11685
3.04678
-1.20927
-0.0932889
0.776855
0.496623
-0.206944
0.332499
0.249788
5.06621
1.50623
1.83112
3.87758
2.75114
-1.10418
-0.228838
0.799088
0.261633
-0.192664
0.464023
0.272993
5.20418
1.49975
1.62298
3.75883
2.55156
-1.41392
-0.0124837
0.494378
0.292234
-0.154081
0.53976
0.302692
5.1037
1.43139
1.44341
3.95754
2.94757
-1.77859
-0.337865
0.228884
0.311962
0.189201
0.572271
0.269249
5.17122
1.11795
1.36958
3.88209
3.23039
-1.75817
-0.378285
-0.228477
0.519861
0.413625
0.632069
0.252622
4.51147
1.58914
1.61429
3.27072
3.0633
-0.834653
-0.499304
0.0482907
0.596885
0.19562
0.652656
0.211072
4.54036
1.85924
2.27687
3.28177
3.81221
0.141129
0.191528
-0.156124
0.651673
-0.0237421
0.378557
0.130047
4.31367
2.33943
2.88102
3.64804
3.61596
0.350921
0.366009
-0.100317
0.457337
-0.143726
0.348588
0.0822946
4.31451
2.74671
3.17976
3.28138
3.01103
-0.275744
0.476888
0.0006398
0.544788
-0.14109
0.305967
0.114582
3.97985
3.32527
3.67536
2.70235
2.26015
-0.373019
0.383923
-0.178087
1.05354
0.201444
0.239655
0.12419
3.76745
3.27783
3.60503
2.87366
2.81968
0.0881223
0.395407
0.0728457
0.997997
0.0435334
0.198226
0.0716261
3.73839
2.93081
3.62893
3.27687
3.89111
0.338671
0.658802
0.2982
0.910927
-0.210818
0.221608
0.050343
3.61875
2.82143
3.56532
2.95873
3.28293
0.354686
0.610944
0.306382
1.07384
-0.075797
0.232206
0.0671261
3.62441
2.75995
4.0679
2.96063
3.4604
-0.0329884
0.561722
0.139229
1.29152
-0.122353
0.102215
0.0965178
3.72177
3.09927
3.4299
2.45175
3.53183
-0.248151
0.716024
0.249768
1.15993
-0.436866
0.267598
0.0890604
3.51452
3.14624
3.42485
1.80353
2.7693
-0.897373
0.147341
-0.321547
1.13602
-0.344484
0.472873
0.13257
3.26198
2.54528
3.33636
1.61819
2.94021
-1.25509
-0.42274
-0.616166
0.752651
-0.272221
0.480664
0.0986225
3.44849
2.34992
3.29721
2.0297
3.14887
-1.27781
-0.348586
-0.736879
0.265458
-0.641128
0.183511
0.0328104
3.11243
2.14633
3.38389
2.7737
3.22124
-0.539215
0.0437488
-1.01781
0.665683
-0.50927
0.134069
-0.0152918
3.07191
2.25365
3.87353
3.12588
3.55676
-0.0991832
0.609526
-0.865069
1.07823
-0.117568
0.377744
0.0439975
3.08949
2.54724
4.12687
2.90605
3.51859
0.176776
0.947036
-0.185183
1.12426
-0.105058
0.333398
0.0832158
2.98808
2.58015
4.15908
2.73097
3.66652
1.15052
1.60065
-0.621684
1.24197
0.127188
0.278549
0.0802759
2.9214
2.40724
4.09567
2.79846
3.40998
1.3656
1.99435
-0.838038
1.19632
0.0358143
0.337007
0.0753645
2.94277
2.22386
3.74953
2.18406
2.89033
0.625675
1.86111
-0.144176
1.06696
-0.193316
0.375746
0.102196
2.81371
1.93468
3.24806
1.11232
2.41166
0.668233
2.31505
0.89363
0.753657
-0.206458
0.144226
0.0723326
3.02194
1.85578
3.34966
1.18199
2.58657
0.781102
1.98512
0.556107
0.562074
-0.225095
0.135792
0.0699527
3.01778
1.95193
3.519
1.76003
3.18547
0.511253
1.30451
0.22524
0.61129
0.0419944
0.314424
0.0755089
2.79983
2.10523
3.72685
1.97019
2.80946
0.157844
1.35298
-0.173889
0.807181
0.11353
0.469319
0.0847449
2.74074
2.3136
3.55249
2.04675
3.03816
-0.135173
1.0485
-0.0951843
0.907781
-0.0907324
0.579431
0.0800076
2.44718
2.41842
3.68044
1.54821
3.11355
0.300527
1.08606
-0.190752
0.8079
0.11131
0.607632
0.0517699
2.41488
2.14156
3.72252
1.78818
2.88527
0.793818
1.40707
-0.74997
1.10828
0.0702243
0.504924
0.0623494
2.25091
1.98629
4.02983
2.18856
3.09395
0.948288
1.6558
-0.616579
1.03754
-0.0660621
0.278083
0.0471184
2.15088
2.00699
4.07538
1.89772
3.13208
0.849303
1.46038
-0.171656
0.761818
0.123722
0.328837
0.028265
2.19048
1.88291
3.66806
2.15747
3.20526
0.419712
1.78861
0.105267
0.94964
0.00621435
0.426906
0.0595494
2.22763
1.78129
3.31534
2.2403
3.3879
0.846116
2.33672
0.0795984
0.961566
-0.187185
0.512547
0.0858111
2.17171
2.00089
3.5414
1.52785
3.31989
1.17248
1.98118
-0.220706
0.770759
0.0175598
0.621208
0.0456186
2.45565
2.42861
3.86681
1.61221
3.31855
1.58947
1.76779
-0.56409
0.648977
0.233819
0.519347
0.0510503
2.43723
2.23531
3.81316
1.78898
3.86424
1.19899
1.64043
-0.0437027
0.680056
0.171841
0.529331
0.0550692
2.48684
2.07768
3.46813
1.81444
3.18668
0.265109
1.29754
0.287908
1.10531
0.0457927
0.556597
0.0727954
2.34449
1.83145
3.61707
2.1107
3.79494
0.0312419
1.14082
0.488503
1.1495
0.054678
0.530787
0.0726894
2.10353
1.79697
3.37831
1.89288
3.80648
0.383288
1.60389
0.529239
0.916843
0.0953313
0.609342
0.0519664
2.01548
1.86139
3.70621
2.02116
3.88478
0.384298
1.77223
0.401282
0.754022
0.0718229
0.677367
0.0373426
2.04554
1.54725
3.48846
2.0751
3.77472
0.652831
1.93527
0.475085
0.8678
-0.0631826
0.656579
0.0697146
1.99333
1.69734
3.60613
1.98395
3.25058
0.886734
2.2527
0.286804
1.12098
-0.100662
0.521091
0.0898129
1.93996
1.99022
3.34771
2.14929
3.48525
1.27171
2.06383
0.261396
1.03202
-0.0588452
0.497581
0.06146
1.83915
2.04621
4.00675
2.6792
4.1561
1.30846
1.98761
0.101585
1.08142
0.0690494
0.523001
0.0485293
1.79079
1.92472
4.32181
2.77667
3.37319
1.01197
2.12113
-0.0167722
1.38567
0.0828731
0.337613
0.0860196
1.80584
1.47144
3.69973
2.05909
3.28854
0.92604
1.92104
0.304676
1.22467
0.0916961
0.425129
0.0794103
1.90515
1.51651
3.25407
1.67329
3.15325
0.924562
1.88031
0.411104
1.1261
0.0652394
0.538168
0.0549933
1.7324
1.50947
3.02903
1.52992
3.41219
1.00339
2.0132
0.21146
1.0804
0.0237978
0.637797
0.0384257
1.72553
1.44463
3.17244
1.33349
3.14095
1.05476
1.79251
-0.0827591
0.963931
0.0869097
0.540324
0.0259212
1.54295
1.56887
3.53009
1.66717
2.48228
1.02431
1.89764
-0.365115
1.03037
0.101498
0.33162
0.0164207
