140
2.83223
1.30812
1.8562
0.231471
1.28096
-1.56686
0.231278
0.0399979
0.828071
-0.423148
0.406897
0.242565
2.88893
1.14427
2.25582
1.58067
1.12192
-1.69429
-0.429391
-0.892586
1.22915
-0.142436
0.137266
0.19388
3.01595
0.916629
2.68987
2.19965
0.525771
-1.81845
-0.795462
-2.12581
1.19872
-0.209309
-0.13347
0.0802377
3.17751
0.357187
2.83856
2.35466
0.105262
-1.59611
-0.807886
-2.30873
1.69182
-0.380023
-0.642867
0.057207
3.20847
-0.111053
3.13244
1.40061
-0.343622
-1.67637
-1.43788
-1.75904
1.7145
-0.228525
-0.669076
0.107191
3.0289
-0.0569128
3.06688
1.24042
-0.303866
-2.16561
-1.87662
-2.50049
1.47642
-0.413373
-0.51153
0.143553
2.81131
-0.0719469
3.47737
1.53984
-0.0523132
-2.19248
-2.15046
-2.12863
1.33969
-0.52379
-0.399156
0.159519
2.9664
-0.0703315
3.44239
1.19045
0.0483656
-1.54955
-1.69487
-1.26408
1.50941
-0.336766
-0.222825
0.241163
3.25529
0.0123303
3.2365
0.729836
-0.182754
-1.33209
-1.68073
-1.40851
1.61542
-0.331368
-0.13968
0.280648
3.41888
0.0436433
3.39364
0.824201
-0.0486182
-1.85253
-2.01547
-1.58356
1.45078
-0.509985
-0.361677
0.258359
3.37585
-0.511756
3.20571
0.642093
0.17608
-1.89186
-2.49148
-0.883161
1.3283
-0.523627
-0.455123
0.217071
3.3194
-1.10449
2.80175
1.04434
0.100293
-1.51277
-2.00408
-0.365725
1.08952
-0.643816
-0.504948
0.10775
3.55953
-1.18401
2.27276
1.80293
0.338103
-0.761071
-0.228561
0.0921397
0.277493
-0.515885
-0.597277
-0.0260063
3.74033
-0.856907
2.35179
1.69804
-0.401998
-1.44831
-0.245791
-0.629951
-0.0201888
-0.258949
-0.374828
0.0382216
3.35621
-0.607631
2.76888
1.81214
-0.84051
-1.74837
-1.19139
-1.07804
0.137415
-0.147909
-0.133012
0.117676
3.14542
-0.608302
2.99096
1.36522
-1.21049
-0.920396
-0.488195
-0.739972
-0.458793
-0.566571
-0.0175925
0.114454
3.35803
-0.384618
2.38269
0.784142
-0.657936
-0.570297
-0.214271
-0.1702
-1.01859
-0.78833
-0.0480789
0.0672167
3.95493
0.0642289
3.08829
1.22394
-0.117521
-1.73227
-0.920608
-0.0561959
-1.01532
-0.606799
0.212065
0.0405273
3.77258
-0.0187252
3.44856
0.43459
0.406929
-1.62629
0.110449
0.165041
-1.03817
-0.407701
0.13399
0.0985929
3.18099
0.0252375
3.05312
0.17362
0.773428
-1.71155
0.336289
0.435759
-1.49504
-0.125219
0.175272
0.0950084
3.49685
0.818332
3.20258
1.2589
1.38107
-1.39675
-0.460666
0.908147
-1.28401
-0.192935
0.367408
0.0456948
4.06202
1.47943
3.28757
1.4827
2.21914
0.0469182
0.244621
1.3937
-1.15197
-0.695928
0.596064
0.0925047
4.07939
1.60322
4.25395
1.68242
3.21967
0.600833
0.892648
1.62703
-1.0927
-0.668195
0.590612
0.0540629
4.1323
2.13491
5.3023
1.74096
3.88025
0.082877
0.305962
1.30794
-1.23814
-0.635318
0.468591
-0.0135454
3.9847
2.85067
5.25079
1.71521
3.93617
0.749582
0.61691
0.962556
-1.09331
-0.413829
0.370141
-0.0657509
4.46517
2.77972
4.85463
1.71343
4.05055
0.3591
-0.507479
0.610271
-0.404041
-0.357397
0.102178
-0.0324654
4.88237
2.35151
4.69661
0.441379
5.11364
-0.175734
-1.15692
0.818155
-0.793883
-0.291166
0.0441034
-0.0227333
4.76854
2.59474
4.08381
0.148973
5.62091
-0.376157
-1.22719
0.722804
-0.866396
-0.245592
0.0491579
-0.0319246
4.78591
2.55413
3.48633
0.771474
4.91539
-0.16717
-1.25828
0.643245
-0.809407
-0.323008
0.171535
-0.0262962
4.91075
2.14581
3.85433
-0.00702689
5.22932
-0.19829
-0.538394
0.850687
-1.19003
-0.337172
0.0403927
0.0427588
5.19638
2.22899
3.49364
-0.0786576
5.66434
0.718555
0.234613
0.93376
-1.09472
-0.612168
-0.119019
0.0590232
5.39422
2.37122
3.09382
0.224202
5.78833
1.86974
0.324387
0.93461
-0.558084
-1.0859
-0.0973132
0.0431005
5.4545
2.34183
3.36936
0.0735633
5.90594
2.02494
-0.370929
0.765292
-0.328345
-1.2078
-0.0436548
0.0140118
5.41828
2.42394
3.77685
0.637176
5.90128
1.78416
-1.16922
0.440108
-0.098388
-1.01598
-0.00557828
-0.0585209
4.96231
2.67932
3.45769
1.89927
5.24908
1.52753
-1.71168
0.156174
0.0760135
-0.967201
0.0775369
-0.121842
5.34415
2.41542
3.53059
1.93865
5.53946
0.97131
-2.16155
-0.0321504
-0.0791073
-0.847416
-0.0951316
-0.139622
5.34865
2.41169
3.13645
1.88017
6.03031
-0.0454048
-2.24471
-0.106964
-0.409143
-0.682488
-0.302607
-0.163057
5.34944
2.12758
3.32882
1.68037
6.0156
-0.693056
-2.01096
-0.265144
-0.798122
-0.537786
-0.419913
-0.118794
5.24373
2.45119
3.37867
1.58691
5.13098
-0.258221
-2.04017
-0.543928
-0.771356
-0.763702
-0.244743
-0.119588
5.29777
2.32414
3.28194
1.8475
5.16497
0.219828
-2.92114
-0.658143
-0.259171
-0.864922
-0.201716
-0.175608
5.34096
2.45957
3.39229
1.13097
5.49379
0.249669
-2.60099
-0.706393
-0.18778
-1.01321
-0.214964
-0.132458
5.14947
3.01632
3.82978
1.12097
4.74271
0.217523
-2.20055
-0.945484
-0.301588
-0.868841
-0.178105
-0.127647
5.35732
3.25922
3.71709
1.94095
4.33928
-0.254284
-2.25535
-0.619533
-0.392556
-0.682208
-0.322906
-0.164831
5.64537
2.50652
4.57943
1.6142
5.1067
-1.0392
-2.29042
-0.389815
-0.460832
-0.360776
-0.626328
-0.150731
5.16236
3.09969
4.21492
1.40225
4.58298
-0.453401
-1.86832
-0.690417
-0.53158
-0.647849
-0.333868
-0.118988
4.92235
3.39126
3.45814
1.64032
4.13567
0.257834
-1.83341
-1.02237
-0.563561
-0.799745
-0.100771
-0.127616
4.93618
3.38933
3.89682
1.81952
3.66991
0.168001
-1.78261
-1.02654
-0.456006
-0.805964
-0.182416
-0.11459
5.2304
2.96374
4.72347
2.18325
3.65954
-0.141403
-2.69271
-0.6595
0.350899
-1.03602
-0.440914
-0.108353
5.17416
2.84494
4.45226
1.71486
4.47137
-0.631493
-2.18871
-0.707082
0.059494
-0.84368
-0.491972
-0.101513
5.10577
2.95868
3.58
1.90616
4.14867
-0.02592
-1.73527
-0.746371
-0.228338
-1.15164
-0.245202
-0.0883844
5.05325
3.24843
4.09292
1.06279
3.91686
0.225425
-1.2601
-0.677672
-0.573753
-1.14291
-0.152575
-0.0648475
5.19588
3.29477
4.00444
0.586512
4.24071
0.0621395
-0.866815
-0.846924
-0.577037
-1.05982
-0.239052
-0.0158264
5.21121
3.47503
3.09462
1.2084
4.86118
-0.604514
-1.01499
-0.691484
-0.445754
-0.939236
-0.313424
-0.0634906
5.24909
3.41503
2.99127
1.7511
4.47393
-0.818598
-0.953706
-0.556819
-0.356822
-1.0484
-0.361586
-0.0503447
5.06317
2.97546
3.56568
0.859524
4.62756
-0.405196
-0.504534
-0.794249
-0.667862
-1.19786
-0.264639
0.0414622
5.14455
2.58884
3.33237
1.1706
4.92726
-0.382909
-0.575828
-0.997069
-0.38013
-1.24812
-0.337701
0.0818796
5.44979
2.9531
2.23134
1.90958
4.68662
-0.457705
-0.250625
-1.06953
-0.52571
-1.25551
-0.335295
0.0522161
5.54403
3.56463
1.43254
2.38598
3.823
0.149215
-0.126566
-1.03942
-0.966571
-1.26201
-0.178627
0.026753
5.42704
3.66314
1.62915
1.78608
4.14128
0.424318
-0.0856391
-1.24635
-1.03365
-1.12969
-0.107536
0.0142779
5.32775
3.65869
1.66739
1.75606
4.41456
0.580285
0.00168985
-1.38232
-0.865462
-1.13774
-0.0889098
-0.0065498
5.29493
3.30487
2.04552
1.74604
4.41947
0.345973
-0.273248
-0.969727
-1.05669
-1.24276
-0.129753
0.00774775
5.40078
2.82812
2.53125
1.00317
5.57695
-0.204375
-0.507189
-0.914325
-0.953991
-1.15618
-0.344374
0.0458776
5.67509
2.8928
2.11812
1.64828
5.37461
-0.489482
-0.153901
-0.924199
-1.03981
-1.05615
-0.47947
0.0525569
5.35186
3.09855
2.19427
2.51304
4.85154
-1.15593
-0.237792
-0.451381
-0.977651
-0.992441
-0.466122
0.026148
5.12823
3.13359
2.39329
2.6578
4.39912
-1.3668
-0.210794
-0.305739
-0.94109
-1.07473
-0.384913
0.034342
5.22642
2.8958
2.64369
2.11081
4.70416
-1.23403
-0.516143
-0.467852
-0.643539
-1.13827
-0.420991
0.0354026
5.29712
2.85435
2.24002
2.49129
5.25095
-1.54201
-0.459229
-0.746458
-0.435822
-0.981215
-0.55987
0.0437772
5.31461
3.10862
1.98845
2.761
5.16207
-1.26668
-0.306573
-0.782337
-0.31503
-1.09329
-0.540854
0.0123214
5.21848
3.42431
2.74761
2.7818
4.6208
-0.967798
-0.550076
-0.434422
-0.0877916
-1.18912
-0.502717
-0.0620881
5.07653
3.16526
3.19316
2.94377
4.50465
-1.21673
-0.386669
-0.116346
-0.362297
-1.20183
-0.481251
-0.0251138
5.05373
3.06719
3.0046
2.41927
4.43275
-0.465003
-0.366891
-0.155033
-0.69648
-1.40392
-0.287378
-0.0198104
5.03463
3.4668
2.60517
2.191
4.21724
-0.118255
0.194587
-0.521205
-1.05785
-1.23741
-0.194248
-0.0127305
4.93193
3.75667
2.63603
1.88532
3.91224
0.338889
-0.0963861
-0.602535
-0.907568
-1.37809
-0.0831001
-0.051313
4.91467
3.93532
2.71332
1.40726
3.76147
0.631604
0.16567
-1.16871
-1.05063
-1.19668
-0.048532
-0.0332448
4.99681
3.92336
2.77007
1.40888
3.43384
0.68667
-0.0853653
-1.23131
-1.07218
-1.09406
-0.0560885
-0.0368156
4.98076
3.83693
3.0185
1.75344
3.16045
0.624679
-0.999523
-0.994016
-0.785442
-0.968116
-0.0490568
-0.0778644
5.02956
3.80206
2.81431
2.02523
3.40225
0.272821
-0.979427
-1.08899
-0.68416
-0.874402
-0.0962206
-0.0788349
4.92047
3.64936
2.86038
1.95637
4.02322
-0.367078
-1.03151
-0.966722
-0.632746
-0.829895
-0.152339
-0.0750942
4.92641
3.34105
2.72085
1.83142
4.43813
-0.309501
-0.956689
-0.987241
-0.647278
-0.980053
-0.103133
-0.0439511
5.01088
3.36913
2.52977
2.11121
3.72475
0.291691
-0.230153
-1.11753
-1.17728
-1.02158
0.00617821
0.0037784
4.90017
3.70212
3.01591
2.22298
3.31462
-0.138741
-0.190597
-0.926795
-1.07493
-0.872414
-0.101779
-0.0339141
4.82134
3.96733
3.17945
1.59272
3.46271
0.454511
-0.570429
-1.0776
-1.10368
-0.803224
-0.0421276
-0.06134
5.12153
3.99892
3.03321
1.48506
3.70307
0.671216
-0.782919
-1.09837
-1.05387
-0.760748
-0.054855
-0.0672037
5.32975
3.79939
2.35019
1.79574
3.6856
1.20071
-0.0838344
-1.2898
-1.36375
-0.968029
0.00315923
0.000495745
5.36553
3.61194
2.26635
2.23065
3.32139
1.828
0.092856
-1.16006
-1.5575
-1.08321
0.0617487
0.0267725
5.50089
3.47512
2.29055
2.25575
3.33337
1.70855
-0.174889
-1.01296
-1.40883
-1.11693
0.0150433
0.0186806
5.91225
2.98684
2.48234
2.00609
4.06035
1.42912
-0.523322
-1.04378
-0.80722
-1.16592
-0.147137
0.00758516
6.35689
2.69259
3.30493
1.45196
3.91017
1.97837
-0.702893
-1.12567
-0.882751
-0.910787
-0.122823
0.0014382
5.82729
3.68339
3.0515
2.352
3.16482
1.63148
-0.740028
-1.33769
-0.804225
-0.510583
-0.0517543
-0.0453116
5.8
3.64944
3.4977
2.88623
3.02043
1.42456
-0.896166
-1.8096
-0.0430965
-0.311543
-0.161538
-0.0750391
5.50661
3.6166
3.94784
3.40321
2.76149
1.20962
-0.808466
-2.06371
0.431766
-0.171777
-0.309102
-0.103188
5.48397
3.78096
4.38754
3.34144
2.94279
0.590702
-0.361682
-2.27996
0.444008
-0.023497
-0.415869
-0.0970702
5.10809
3.70539
4.27608
3.85239
3.10313
-0.196318
-0.798534
-1.45401
0.392001
0.168743
-0.454437
-0.110123
5.06318
3.69676
3.95871
4.41187
3.26376
-0.184404
-0.808433
-1.03469
0.754256
0.0331573
-0.456827
-0.121949
4.77958
3.29208
3.53457
4.63007
4.02658
0.633386
-0.391123
-0.260942
1.03777
-0.417744
-0.24848
-0.0932628
5.06191
2.87785
3.47595
4.40609
4.08121
0.0424703
0.0338715
-0.538194
1.07122
-0.826722
-0.207578
0.0183004
5.28165
1.97361
3.43541
4.53485
4.61562
0.325299
0.544019
-0.550463
0.774673
-0.912727
-0.152068
0.132483
5.1301
2.02711
2.89143
4.64713
4.54351
0.0470556
-0.0380415
-0.0776705
0.639924
-0.858421
-0.0570436
0.115024
5.50768
1.76153
2.24559
4.92634
4.51333
-1.19517
-0.121619
-0.123069
0.762593
-0.538901
-0.129384
0.157765
5.06162
1.89332
2.81225
5.23471
4.98416
-0.317818
-0.367176
0.457882
0.807167
-0.488293
-0.146027
0.0743512
4.8782
1.64912
2.83742
5.38201
5.68964
0.630286
-0.288486
0.471861
1.14729
-0.354412
-0.00995487
0.0629666
5.05678
1.63824
2.4298
4.95019
6.26002
0.313952
-0.355818
0.301412
0.883996
-0.249511
-0.0360342
0.0805947
4.82198
1.58061
2.68272
4.84847
5.76433
0.492693
-0.785867
0.351816
1.00333
-0.473989
0.00676227
0.0704101
4.90585
1.22339
2.99381
4.56384
5.34898
0.335152
-0.494592
-0.104893
1.23871
-0.507141
0.0394017
0.16509
4.66356
1.5094
2.58872
4.92756
5.28801
0.230871
-0.303396
0.468172
1.22116
-0.3617
0.129011
0.132864
4.8541
1.20496
2.43447
5.12282
5.06218
0.0367169
0.0286779
-0.150053
1.39207
-0.317423
0.129767
0.157348
4.48483
1.31962
2.55467
4.90108
4.18688
0.597914
-0.401454
-0.0381244
1.62882
-0.445664
0.132226
0.115854
4.83569
1.00878
3.0676
4.04273
4.90464
0.416516
-0.57571
-0.432368
1.57724
-0.396929
-0.00864338
0.183495
4.8399
1.10632
2.63233
4.07703
5.24196
0.539573
-0.405182
-0.442702
1.40813
-0.290824
0.142445
0.176325
5.04916
1.18348
2.1897
4.49091
5.26616
0.202016
-0.409924
-0.299369
1.04246
-0.166816
0.170005
0.151595
4.72817
1.41195
2.08768
4.47492
4.97991
0.0722812
-0.94014
-0.1011
1.00696
-0.205093
0.27165
0.128187
4.62049
1.35627
2.86258
4.09094
4.60472
0.207859
-0.92079
-0.665737
1.05806
-0.215172
0.369492
0.149585
4.68146
1.30712
3.50146
3.9766
4.43715
0.70909
-0.522117
-0.819554
0.876268
-0.176778
0.290446
0.131873
4.66507
1.63628
2.976
3.90859
4.54111
1.02193
-0.555417
-0.565014
0.737902
-0.223065
0.335117
0.0877647
4.63456
1.58318
2.92797
4.03725
4.71791
0.468644
-0.482202
-0.574327
0.760531
-0.282915
0.345134
0.121465
4.42877
2.01072
2.92698
3.79574
4.42064
0.457412
0.287268
-0.643634
0.737632
-0.221115
0.402114
0.119535
4.46098
1.87581
3.01456
3.97197
4.59899
0.281185
0.269669
-0.825647
0.686859
-0.183259
0.389205
0.11789
4.64855
1.79246
2.75177
4.49908
4.85417
0.133847
-0.111478
-0.572516
0.94469
-0.349763
0.215508
0.0942291
4.46441
1.88468
3.02525
3.84725
5.08194
0.114469
-0.284451
-0.268616
0.607333
-0.194079
0.26557
0.0839902
4.10697
1.79253
3.23264
3.89747
4.66227
0.480863
-0.0761383
-0.247006
0.460525
0.0286924
0.438611
0.0494546
4.17961
1.68255
2.98934
4.21913
5.05725
0.292505
0.102722
-0.412175
1.13394
-0.156702
0.358509
0.0956051
4.0401
2.08153
2.73789
3.55691
5.31693
-0.0082876
-0.230001
-0.294868
0.92741
-0.25806
0.516313
0.113845
3.92082
2.36219
3.11704
3.17536
4.79855
0.497092
0.132069
-0.663191
0.516812
0.0562685
0.565781
0.0750656
3.96568
1.79008
2.97854
3.81553
4.74621
0.583931
0.490896
-0.357566
1.0992
0.0972225
0.359519
0.0748095
3.89514
1.47745
2.83663
3.28218
4.82804
0.540024
0.47747
-0.368189
1.23215
-0.0966932
0.437044
0.145702
3.7909
1.59578
2.73961
2.57109
4.62212
0.553057
0.374085
-0.0914229
0.943829
0.0821951
0.583714
0.154177
3.72215
1.79755
2.98502
2.83243
4.31183
0.626797
0.742081
-0.786773
1.27569
0.0465664
0.513396
0.145022
3.43215
2.09532
3.21479
2.5051
3.90603
0.447938
0.696188
-0.980505
0.977848
0.123812
0.619272
0.125473
3.43937
2.53733
3.74638
2.22565
3.71966
-0.389988
0.481151
-0.233986
0.542593
-0.170219
0.687812
0.154742
3.51807
2.79861
4.10027
2.55217
3.34946
-0.482614
0.735085
-0.0883256
0.922688
-0.386638
0.421398
0.1562
3.30109
2.88514
4.35522
2.7152
2.91635
-0.295126
0.826885
-0.497877
1.19708
-0.326
0.238008
0.131315
2.90864
2.70809
4.26248
2.75668
3.107
0.488388
1.29759
-0.437673
1.19462
-0.194451
0.326282
0.0871747
2.53248
2.68257
4.11602
2.70836
3.52096
1.09557
1.60106
-0.189454
1.09149
-0.0017037
0.438574
0.060241
2.38315
2.48692
3.88515
2.39132
3.29428
0.485049
1.63247
0.33416
1.18685
0.113003
0.661913
0.0995689
2.38151
2.17748
3.85348
2.21153
2.91108
0.561797
1.91669
0.0872414
1.46382
0.278201
0.689473
0.132237
2.62477
2.50131
4.10208
2.05052
2.94751
1.24558
2.35729
-0.285762
1.25434
0.256184
0.617413
0.140775
2.6843
2.96068
4.63765
2.2906
3.36326
0.994888
1.71754
-0.351474
0.892747
0.146768
0.644847
0.0907294
2.64042
2.99033
4.43281
2.18087
3.13107
0.979076
1.6686
0.186301
0.856474
0.159827
0.619931
0.0896316
3.00027
2.04348
3.90689
2.6231
3.39896
0.639999
1.20418
-0.691305
0.909079
0.299459
0.654017
0.105143
2.9899
2.02749
3.94795
2.83075
3.49708
0.489831
1.1019
-1.03014
0.907569
0.0764184
0.658844
0.0831843
